participantNumber
6
repetitionNum
4
sdfEnabled
1
taskTime
12,23957
numHits
7
positionDifference
0,1590075
angleDifference
48,04367
finalPosX
-0,01521872
finalPosY
-0,08858911
finalPosZ
-0,7357631
finalRotX
352,5319
finalRotY
47,24396
finalRotZ
2,712184
taskType
torus
velocityMagnitude
0,5030118
0,3395397
0,3395397
0,7109977
0,4782074
0,4782074
0,8583609
0,3762694
0,3762694
0,9532317
0,4659108
0,2811683
0,2811683
0,4507485
0,4596072
0,4596072
0,5506802
0,2508809
0,2508809
0,6088193
0,2375044
0,2698484
0,2698484
0,6629645
0,2507052
0,2507052
0,3366021
0,2428225
0,2428225
0,3413776
0,1607952
0,1607952
0,5037552
6,856156E-05
6,856156E-05
0,3753539
0,3286733
0,3286733
0,1702977
0,1113605
0,1113605
0,02175657
0,01023148
0,02138467
0,02138467
0,03746532
0,03611227
0,03611227
0,091245
0,08663253
0,08663253
0,1159064
0,1092585
0,1092585
0,1415891
0,1590325
0,1515562
0,1515562
0,1565917
0,1328691
0,1328691
0,1483312
0,1702438
0,1702438
0,1843469
0,1912522
0,1694345
0,1694345
0,273083
0,2532181
0,2532181
0,2258912
0,2109042
0,2109042
0,1361314
0,1366184
0,1544766
0,1544766
0,1928318
0,1674291
0,1674291
0,1692288
0,1511189
0,1511189
0,07408506
0,08050805
0,08050805
0,201805
0,1829608
0,1555752
0,1555752
0,1923768
0,1900445
0,1900445
0,1982824
0,1966885
0,1966885
0,2007675
0,1959164
0,1313191
0,1313191
0,1500873
0,145812
0,145812
0,2482344
0,1689756
0,1689756
0,07018667
0,1081445
0,2948457
0,2948457
0,5993649
0,7317407
0,7317407
0,1770173
0,2346683
0,2346683
0,05279714
0,04663382
0,04663382
0,05633158
0,06287791
0,08148713
0,08148713
0,04220032
0,04977188
0,04977188
0,06261858
0,06669235
0,06669235
0,08987225
0,08987685
0,2102067
0,2102067
0,2597943
0,2119087
0,2119087
0,3950411
0,5190898
0,5190898
0,7365137
0,690187
0,690187
1,551292
1,27684
1,972629
1,972629
2,17145
0,860698
0,860698
0,5854387
0,07699579
0,07699579
0,1805002
0,2139036
0,1995083
0,1995083
0,3975931
0,2649147
0,2649147
0,3203463
0,3135674
0,3135674
0,7121297
0,3969788
0,2868634
0,2868634
0,6123047
0,5044833
0,5044833
0,749585
0,5013443
0,5013443
0,7770725
0,5943667
0,5943667
0,7224581
0,5957091
0,4891353
0,4891353
0,7182224
0,5339463
0,5339463
0,7994846
0,6535001
0,6535001
0,6510429
0,5706471
0,5046638
0,7305319
0,5427894
0,5427894
0,7301638
0,6240526
0,5166426
0,7900147
0,6578529
0,7789746
0,6361584
0,8444232
0,7084141
0,9250245
0,9519857
0,9519857
1,405996
1,010644
0,8201234
0,8201234
1,032404
0,8811114
0,8811114
1,261066
0,9740133
0,9740133
1,39139
0,8995033
0,8995033
1,280604
0,6842846
0,535704
0,535704
1,04583
0,5263073
0,5263073
0,9642849
0,6657902
0,6657902
1,029085
0,4714997
0,4250436
0,4250436
0,6705061
0,335785
0,335785
0,2824919
0,04883061
0,04883061
0,2975639
0,2003731
0,2007616
0,2007616
0,6244707
0,5513268
0,5513268
1,088277
0,7382318
0,7382318
0,8744168
0,6361092
0,6361092
0,9707135
0,6111436
0,4481988
0,4481988
0,5452608
0,3486724
0,3486724
0,2625395
0,1627643
0,1627643
0,1443511
0,4096764
0,5278144
0,6801718
0,8793522
0,8793522
1,248541
0,9730724
0,9730724
1,255875
0,5881333
0,5450449
0,5450449
0,8044818
0,3248091
0,3248091
0,7120602
0,3468625
0,3468625
0,5201522
0,4047261
0,4047261
0,5287555
0,2809978
0,1665314
0,1665314
0,2584653
0,1206109
0,1206109
0,224738
0,3183894
0,3183894
0,2453689
0,1194826
0,1194826
0,211508
0,2295519
0,1893624
0,1893624
0,1931277
0,2010473
0,2010473
0,3508701
0,3491534
0,3491534
0,3023696
0,2258253
0,2248844
0,2248844
0,2493981
0,2496534
0,2496534
0,2466125
0,2426239
0,2426239
0,2414388
0,229379
0,229379
0,2687875
0,2934149
0,2439521
0,2439521
0,2866389
0,2968893
0,2968893
0,4540285
0,4189417
0,4189417
0,4903705
0,4481901
0,3369397
0,3369397
0,2833849
0,2744713
0,2744713
0,168608
0,1664506
0,1664506
0,09452911
0,1013407
0,1063414
0,1063414
0,1200596
0,120094
0,120094
0,1638959
0,1680412
0,1680412
0,29558
0,3771944
0,3771944
0,4797955
0,5478309
0,4804458
0,4804458
0,8478152
0,7611375
0,7611375
1,50315
1,174968
1,174968
1,368633
0,949796
0,8130261
0,8130261
0,9984243
0,7128474
0,7128474
1,140973
0,4946489
0,4946489
1,145924
0,8137431
0,8137431
0,9055195
0,7731014
0,9208106
0,9208106
2,050233
0,8052411
0,8052411
0,9264773
0,8872508
0,8872508
1,200416
0,7768278
0,458961
0,458961
0,7759401
0,7405419
0,7405419
1,09573
0,9808592
0,9808592
1,299397
0,3863506
0,3863506
0,5434845
0,5434845
1,680736
0,9328989
0,3479295
1,081942
1,224987
0,9327919
1,347725
0,6439006
1,085241
0,8326098
0,9262673
1,314252
0,7026182
0,7026182
0,5499427
0,5499427
1,652889
1,336565
1,336565
1,623143
1,458191
1,458191
2,318832
1,651173
1,277295
1,277295
1,952799
1,260173
1,260173
1,52716
0,7862984
0,7862984
1,157353
0,7116193
0,6766369
0,6766369
1,001064
0,5316118
0,5316118
1,001111
0,6346002
0,6346002
1,271967
0,7673259
0,7673259
1,158647
0,7532757
0,5933796
0,5933796
0,9339917
0,7924358
0,7924358
0,835036
0,678475
0,678475
0,9416332
0,6631866
0,6575562
0,6575562
0,9839273
0,7003557
0,7003557
0,9235879
0,6933058
0,6933058
1,127512
0,6774006
0,6774006
1,161069
0,6603676
0,5914215
0,5914215
1,055573
0,7949237
0,7949237
1,183984
0,8140118
0,8140118
1,248314
0,8738307
0,6634811
0,6634811
1,181702
0,9104578
0,9104578
1,358892
0,9013271
0,9013271
1,373327
0,8970612
0,8970612
1,657218
0,7496142
0,6523786
0,6523786
1,301726
0,8586442
0,8586442
1,168155
0,8927544
0,8927544
1,677874
1,076101
0,9158805
0,9158805
1,356341
0,8538322
0,8538322
1,422804
1,11915
1,11915
1,520773
0,9510059
0,788453
0,788453
1,067867
0,8655658
0,8655658
1,174112
0,9215912
0,9215912
1,308904
0,9615155
0,8823879
0,7374471
1,14893
1,14893
0,2664104
0,2664104
0,2329266
0,2329266
1,55639
0,6920439
0,9230273
0,4170973
0,4281945
0,8389552
0,5624755
0,4077749
0,687354
0,5144943
0,5118109
0,6864948
0,6367046
0,7435759
0,7435759
0,43259
0,43259
0,9413806
0,6944652
0,5965588
0,5965588
0,6658193
0,5851805
0,5851805
1,078379
0,7268907
0,7268907
1,075921
0,70834
0,70834
1,204356
0,6550723
0,5952306
0,5952306
1,199332
0,6947254
0,6947254
1,142121
0,7186818
0,7186818
1,227721
0,7035673
0,6217131
0,6217131
1,191646
0,6122775
0,6122775
0,8916457
0,6015334
0,6015334
0,9373949
0,6289771
0,6289771
0,8718868
0,5726749
0,5572686
0,5572686
0,761174
0,5871856
0,5871856
0,7521287
0,5444675
0,5444675
0,5642963
0,4482573
0,3333519
0,3333519
0,4090584
0,4168119
0,4168119
0,3997415
0,3989415
0,3989415
0,3605991
0,3550364
0,3562432
0,3562432
0,4017214
0,4009213
0,4009213
0,4406928
0,4258645
0,4258645
0,5265143
0,4956228
0,4956228
0,8148486
0,6657794
0,6450009
0,6450009
0,7996926
0,5124881
0,5124881
0,7457278
0,4863217
0,4863217
0,6924711
0,4644272
0,4510549
0,4510549
0,7957674
0,5889315
0,5889315
1,03157
0,7972659
0,7972659
0,957317
0,6745518
0,5816357
0,5816357
0,9774095
0,7475305
0,7475305
0,9229168
0,7118652
0,7118652
0,9887788
0,8142735
0,8142735
1,175446
0,7637048
0,6349947
0,6349947
0,9439777
0,6065152
0,6065152
0,8837539
0,5107096
0,5107096
0,6711108
0,5209891
0,5119997
0,5119997
0,6415527
0,331191
0,331191
0,512163
0,3263707
0,3263707
0,5612721
0,2558151
0,2558151
0,2838047
0,2665006
0,2440023
0,2440023
0,4282243
0,3344586
0,3344586
0,4783671
0,3963596
0,3963596
0,5791734
0,4387115
0,4387115
0,3936164
0,3827529
0,3242378
0,3242378
0,3618173
0,337441
0,337441
0,1944085
0,2069588
0,2069588
0,293671
0,2810819
0,1197113
0,1197113
0,08625857
0,0765488
0,0765488
0,07425062
0,06737387
0,06737387
0,07088777
0,06850816
0,06850816
0,09981621
0,1014131
0,09931645
0,09931645
0,1210051
0,1080277
0,1080277
0,1172279
0,1191111
0,1191111
0,1380427
0,138341
0,1922374
0,1922374
0,1405116
0,1393441
0,1393441
0,1459254
0,1407229
0,1407229
0,1332627
0,1245517
0,2580411
0,2580411
0,1958918
0,5340235
0,5340235
1,782324
0,7751452
0,7751452
0,8218145
0,8887013
0,8887013
0,273706
0,1490462
0,08134431
0,08134431
0,1181554
0,09390573
0,09390573
0,1128746
0,137246
0,137246
0,1754906
0,1764634
0,1786782
0,1786782
0,1666411
0,3330317
0,3330317
0,5646984
0,570957
0,570957
1,45428
1,279995
1,279995
2,160594
1,601182
1,745029
1,745029
2,402913
0,6569082
0,6569082
0,5612621
0,5022811
0,5022811
0,5409481
0,4722503
0,3705207
0,3705207
0,3267644
0,3136879
0,3136879
0,4397251
0,4223657
0,4223657
0,3828619
0,3740834
0,3929071
0,3929071
0,4246204
0,4006878
0,4006878
0,5146275
0,4434025
0,4434025
0,4237839
0,3925323
0,3925323
0,2574885
0,2523904
0,1800389
0,1800389
0,1299665
0,1346645
0,1346645
0,1538434
0,1354432
0,1354432
0,1434912
0,1314826
0,1278335
0,1278335
0,04685388
0,06130094
0,06130094
0,106512
0,1194644
0,1194644
0,1356748
0,2150247
0,2150247
0,2224681
0,2518783
0,2504346
0,2504346
0,4539693
0,4346327
0,4346327
0,6574482
0,5492767
0,5492767
0,8989537
0,7284244
0,7861907
0,7861907
0,7418035
0,6682321
0,6682321
0,8060994
0,9407199
0,9407199
1,608445
1,098425
1,098425
1,599775
velocityComponents
0,0869751
0,4488587
-0,2097189
-0,02035499
0,3291488
-0,08083284
-0,02035499
0,3291488
-0,08083284
-0,1255989
0,6998152
-0,001189113
0,03962517
0,4609615
-0,1209408
0,03962517
0,4609615
-0,1209408
0,1546323
0,7402211
-0,4061341
0,07419586
0,2976507
-0,2178937
0,07419586
0,2976507
-0,2178937
0,2306223
0,774084
-0,5062193
0,08790493
0,4098386
-0,2034158
0,03274083
0,2349868
-0,1508802
0,03274083
0,2349868
-0,1508802
-0,03534085
0,4278674
-0,1373123
0,04546382
0,4429345
-0,1139333
0,04546382
0,4429345
-0,1139333
0,009104794
0,52779
-0,1568551
0,0296142
0,210143
-0,1338064
0,0296142
0,210143
-0,1338064
0,0849537
0,5475723
-0,2522072
0,04031739
0,1771536
-0,1529688
0,06404416
0,1912782
-0,1792462
0,06404416
0,1912782
-0,1792462
0,1972606
0,4581091
-0,436745
0,05816474
0,1527704
-0,190082
0,05816474
0,1527704
-0,190082
0,0371632
0,2648084
-0,2044417
0,0125017
0,2190099
-0,1041207
0,0125017
0,2190099
-0,1041207
0,0480824
0,2637484
-0,2113374
0,03125109
0,07690299
-0,1377113
0,03125109
0,07690299
-0,1377113
0,1676808
0,1204036
-0,4595165
1,958769E-05
9,3103E-06
-6,504097E-05
1,958769E-05
9,3103E-06
-6,504097E-05
0,1195897
0,1185478
-0,3354627
0,1117615
0,0945848
-0,2942604
0,1117615
0,0945848
-0,2942604
0,0505935
0,07791136
-0,1427285
0,0246349
0,06477959
-0,08716593
0,0246349
0,06477959
-0,08716593
-0,0101753
0,01702604
-0,008940106
-0,004850286
-0,00403379
-0,008055215
0,006452738
-0,008697244
-0,01843974
0,006452738
-0,008697244
-0,01843974
0,01736111
-0,01501586
-0,02961024
0,01197184
-0,03043886
-0,01530514
0,01197184
-0,03043886
-0,01530514
0,01035733
-0,09063864
0,001735778
0,01594541
-0,08489551
-0,006610021
0,01594541
-0,08489551
-0,006610021
0,03624903
-0,1045851
-0,03438393
0,03939867
-0,09265384
-0,04243141
0,03939867
-0,09265384
-0,04243141
0,06793466
-0,0773786
-0,09718499
0,07765774
-0,06769406
-0,1211534
0,06995826
-0,06815885
-0,1158857
0,06995826
-0,06815885
-0,1158857
0,07053438
-0,06209384
-0,1252606
0,05745654
-0,04975254
-0,1089845
0,05745654
-0,04975254
-0,1089845
0,06008249
-0,03605312
-0,130738
0,06869332
-0,02123032
-0,1543161
0,06869332
-0,02123032
-0,1543161
0,069397
-0,001588711
-0,1707786
0,06929735
0,006405311
-0,1781412
0,06031992
0,009444116
-0,1580518
0,06031992
0,009444116
-0,1580518
0,09597024
0,0309337
-0,2537856
0,08670988
0,03076975
-0,2359111
0,08670988
0,03076975
-0,2359111
0,07294772
0,0339023
-0,2110832
0,06660279
0,03115095
-0,1976721
0,06660279
0,03115095
-0,1976721
0,04031909
0,01914405
-0,1286065
0,03953522
0,01803117
-0,1295238
0,04342495
0,01843848
-0,1470962
0,04342495
0,01843848
-0,1470962
0,05437557
0,02283873
-0,1835914
0,03547791
0,004283387
-0,163571
0,03547791
0,004283387
-0,163571
0,0110233
-0,0188858
-0,16781
-0,006590951
-0,02726525
-0,1484927
-0,006590951
-0,02726525
-0,1484927
-0,01849007
-0,01236511
-0,07066695
-0,0147677
-0,007408659
-0,0787945
-0,0147677
-0,007408659
-0,0787945
-0,004202388
-0,04515502
-0,1966433
-0,01081485
-0,04058327
-0,178075
-0,01357603
-0,02553736
-0,1528633
-0,01357603
-0,02553736
-0,1528633
-0,01042356
-0,04548642
-0,1866311
-0,01151947
-0,04606872
-0,184016
-0,01151947
-0,04606872
-0,184016
-0,01086408
-0,04547879
-0,1926903
-0,01196061
-0,04722418
-0,1905602
-0,01196061
-0,04722418
-0,1905602
-0,04699422
-0,03088648
-0,1927308
-0,01259129
0,02340788
-0,194105
-0,02038752
-0,007339089
-0,1295191
-0,02038752
-0,007339089
-0,1295191
-0,02968921
-0,01730051
-0,1461008
-0,02513778
-0,02262395
-0,1418357
-0,02513778
-0,02262395
-0,1418357
-0,03058577
-0,02064308
-0,2454764
-0,005714446
-0,01005591
-0,1685793
-0,005714446
-0,01005591
-0,1685793
-0,01305568
0,01311043
-0,06770402
-0,01638919
0,02268108
-0,1044615
0,05805805
-0,04000436
-0,2862916
0,05805805
-0,04000436
-0,2862916
0,07827777
-0,233952
-0,5462393
0,2232534
0,151307
-0,6802268
0,2232534
0,151307
-0,6802268
-0,06872486
-0,01219435
-0,1626755
-0,06823239
0,0001515169
-0,2245295
-0,06823239
0,0001515169
-0,2245295
-0,04335
-0,02720667
0,01296584
-0,04152569
-0,02088877
0,00374034
-0,04152569
-0,02088877
0,00374034
-0,00572221
-0,01826966
-0,05297852
-0,007582322
-0,01449567
-0,06071256
9,763241E-05
-0,01211667
-0,0805812
9,763241E-05
-0,01211667
-0,0805812
-0,0277168
-0,008800677
-0,03058094
-0,01976348
-0,01068674
-0,04441214
-0,01976348
-0,01068674
-0,04441214
-0,00850226
-0,001050144
-0,06202979
-0,01015337
0,001788497
-0,06589067
-0,01015337
0,001788497
-0,06589067
-0,002242118
0,01125693
-0,08913627
-0,004972622
0,006625775
-0,08949424
-0,04165328
0,01319576
-0,2056155
-0,04165328
0,01319576
-0,2056155
0,02899641
0,04744669
-0,2537737
0,04192995
0,07576808
-0,1934073
0,04192995
0,07576808
-0,1934073
0,04458985
0,07234947
-0,3857911
0,1482457
0,1505876
-0,4741316
0,1482457
0,1505876
-0,4741316
0,2885449
0,1864324
-0,6514884
0,2638868
0,1819808
-0,6112322
0,2638868
0,1819808
-0,6112322
0,5603899
0,470964
-1,367722
0,4468336
0,4007618
-1,126965
0,6642643
0,6551275
-1,738053
0,6642643
0,6551275
-1,738053
0,6489404
0,8562123
-1,887053
0,2198984
0,4028087
-0,7281421
0,2198984
0,4028087
-0,7281421
0,05969561
0,3882319
-0,4341092
-0,02047306
0,06694869
-0,03204806
-0,02047306
0,06694869
-0,03204806
-0,03613595
0,1651409
-0,06326918
-0,0204566
0,2044213
-0,05956687
-0,00943102
0,1830226
-0,07885014
-0,00943102
0,1830226
-0,07885014
-0,02295288
0,385191
-0,09581932
-0,01198119
0,2607815
-0,04504712
-0,01198119
0,2607815
-0,04504712
-0,007808912
0,3145078
-0,06037893
0,0211508
0,2836961
-0,1318852
0,0211508
0,2836961
-0,1318852
0,08651529
0,6017182
-0,3709164
0,03858874
0,3538945
-0,1756752
0,007576583
0,2818967
-0,05260634
0,007576583
0,2818967
-0,05260634
0,03773126
0,5820539
-0,1862971
0,05871128
0,4293669
-0,2582643
0,05871128
0,4293669
-0,2582643
0,09018245
0,6118014
-0,4236081
0,04326797
0,4395912
-0,2371362
0,04326797
0,4395912
-0,2371362
0,06297981
0,6767026
-0,3767611
0,04633275
0,5144212
-0,2941018
0,04633275
0,5144212
-0,2941018
0,04901334
0,6183761
-0,3703437
0,04215785
0,4955061
-0,3279723
0,02409297
0,4131342
-0,2607548
0,02409297
0,4131342
-0,2607548
0,01053702
0,6357336
-0,3340287
0,01500885
0,4413414
-0,3001519
0,01500885
0,4413414
-0,3001519
0,02416573
0,6232607
-0,5001377
0,01961469
0,5092686
-0,4090515
0,01961469
0,5092686
-0,4090515
0,02333768
0,4278822
-0,4901316
0,01977591
0,369018
-0,434825
0,02714767
0,2540573
-0,4352051
0,03009204
0,3881858
-0,6181287
0,01911589
0,2827725
-0,4629197
0,01911589
0,2827725
-0,4629197
0,03103437
0,2843275
-0,6718138
0,02925358
0,2088167
-0,5873513
0,02963419
0,08371732
-0,5089527
0,04026557
0,1085709
-0,7814822
0,0324874
0,08718666
-0,6512399
0,03378794
0,05618762
-0,7762105
0,02325179
-0,006706955
-0,635698
0,02520267
-0,06295151
-0,8416962
0,02284691
-0,1360169
-0,6948582
0,02848474
-0,2809823
-0,8808563
0,03993748
-0,356083
-0,8819788
0,03993748
-0,356083
-0,8819788
0,06072611
-0,5283411
-1,301535
0,0392084
-0,5336934
-0,8573419
0,0235799
-0,5327519
-0,6230745
0,0235799
-0,5327519
-0,6230745
0,002173788
-0,7231177
-0,7368544
-0,00316688
-0,6020069
-0,6433778
-0,00316688
-0,6020069
-0,6433778
-0,01440607
-0,8773348
-0,9057398
-0,01771697
-0,6309711
-0,7417976
-0,01771697
-0,6309711
-0,7417976
-0,04979862
-1,007579
-0,9582649
-0,04875157
-0,7371229
-0,5132049
-0,04875157
-0,7371229
-0,5132049
-0,114556
-1,233913
-0,3229283
-0,07008418
-0,6662653
-0,1393706
-0,05507273
-0,5044305
-0,1717429
-0,05507273
-0,5044305
-0,1717429
-0,1084343
-1,019209
-0,2078813
-0,05853003
-0,4968247
-0,1635199
-0,05853003
-0,4968247
-0,1635199
-0,114283
-0,9572266
0,02240725
-0,07629852
-0,653351
0,1028959
-0,07629852
-0,653351
0,1028959
-0,1313367
-1,012645
0,1277402
-0,06651048
-0,4663239
0,02074462
-0,06286441
-0,4172987
0,05071451
-0,06286441
-0,4172987
0,05071451
-0,110853
-0,5764803
0,3239761
-0,06163765
-0,2767442
0,1799028
-0,06163765
-0,2767442
0,1799028
-0,0713267
-0,153601
0,2260993
-0,01203718
0,04660512
-0,008215713
-0,01203718
0,04660512
-0,008215713
0,02093484
0,2582856
-0,146269
-0,01612272
0,1833726
-0,0791448
-0,01619628
0,1981418
-0,02797771
-0,01619628
0,1981418
-0,02797771
-0,03253848
0,6119325
0,1201811
-0,01486091
0,5199898
0,1826225
-0,01486091
0,5199898
0,1826225
0,002971979
1,073558
0,1783576
-0,01049044
0,7176606
0,1727408
-0,01049044
0,7176606
0,1727408
-0,03864424
0,8532892
0,1871067
-0,03110158
0,6326996
0,05795523
-0,03110158
0,6326996
0,05795523
-0,06827232
0,9485552
0,1945934
-0,05687474
0,5932909
0,1351577
-0,05454927
0,4278389
0,1219034
-0,05454927
0,4278389
0,1219034
-0,0789515
0,5376759
0,04450485
-0,06885745
0,340054
0,03455934
-0,06885745
0,340054
0,03455934
-0,110508
0,1409255
0,1919766
-0,08875781
0,02695333
0,1337452
-0,08875781
0,02695333
0,1337452
-0,1086452
-0,08079278
-0,05005992
-0,08768348
-0,3789514
-0,1286165
-0,08389358
-0,5012568
-0,1424485
-0,09440453
-0,6481935
-0,183212
-0,1520528
-0,8349418
-0,2302443
-0,1520528
-0,8349418
-0,2302443
-0,2156662
-1,161324
-0,4045607
-0,1526521
-0,9027328
-0,3296068
-0,1526521
-0,9027328
-0,3296068
-0,2156364
-1,073037
-0,6158854
-0,1190977
-0,4402232
-0,3713759
-0,1101002
-0,3982495
-0,3554564
-0,1101002
-0,3982495
-0,3554564
-0,173125
-0,6404669
-0,4549955
-0,09762132
-0,2703173
-0,151326
-0,09762132
-0,2703173
-0,151326
-0,1726714
-0,6833466
0,1012502
-0,09542699
-0,331159
-0,03925564
-0,09542699
-0,331159
-0,03925564
-0,09842858
-0,3169723
-0,400498
-0,0695021
-0,3078952
-0,2533243
-0,0695021
-0,3078952
-0,2533243
-0,04451603
-0,0261971
-0,5262266
-0,02826023
-0,02699208
-0,2782671
-0,02353866
-0,04441899
-0,1587627
-0,02353866
-0,04441899
-0,1587627
0,01107697
0,2249815
-0,1267474
0,005494952
0,1128896
-0,04210373
0,005494952
0,1128896
-0,04210373
-0,005467762
0,1359779
-0,1788498
0,003974956
0,2085163
-0,2405764
0,003974956
0,2085163
-0,2405764
-0,0002231456
0,1359879
-0,204238
-0,006416684
0,02569971
-0,1165094
-0,006416684
0,02569971
-0,1165094
-0,01046173
0,04046865
-0,2073366
-0,01576503
-0,0007684837
-0,2290086
-0,02092246
-0,07121025
-0,174211
-0,02092246
-0,07121025
-0,174211
-0,02957017
-0,1237617
-0,1452823
-0,03126844
-0,14154
-0,1393152
-0,03126844
-0,14154
-0,1393152
-0,04102474
-0,1643231
-0,3072861
-0,03826317
-0,1649721
-0,305333
-0,03826317
-0,1649721
-0,305333
-0,03345205
-0,1652403
-0,251006
-0,02422835
-0,1214879
-0,188814
-0,02641265
-0,1532238
-0,1624741
-0,02641265
-0,1532238
-0,1624741
-0,02622826
-0,1658226
-0,1844298
-0,02283184
-0,1448933
-0,2020184
-0,02283184
-0,1448933
-0,2020184
-0,01771297
-0,09552132
-0,2266708
-0,02016432
-0,1073136
-0,2166646
-0,02016432
-0,1073136
-0,2166646
-0,02078803
-0,0800946
-0,2268158
-0,02105207
-0,06614034
-0,2186253
-0,02105207
-0,06614034
-0,2186253
-0,02787411
-0,064434
-0,2594571
-0,03051116
-0,05382656
-0,2868172
-0,02408522
-0,02553079
-0,241414
-0,02408522
-0,02553079
-0,241414
-0,02731188
-0,005997417
-0,2852718
-0,02936859
-0,003909346
-0,2954073
-0,02936859
-0,003909346
-0,2954073
-0,04445026
0,02800344
-0,4509787
-0,04179673
0,02906109
-0,4158373
-0,04179673
0,02906109
-0,4158373
-0,047424
0,05056197
-0,4854459
-0,04034697
0,06645402
-0,4413959
-0,03102003
0,03753034
-0,333403
-0,03102003
0,03753034
-0,333403
-0,05764309
0,02921067
-0,2759185
-0,07757498
0,02806674
-0,2617801
-0,07757498
0,02806674
-0,2617801
-0,07151818
0,01814169
-0,151607
-0,07100379
0,008696172
-0,1502952
-0,07100379
0,008696172
-0,1502952
-0,06218174
-0,001895407
-0,07117298
-0,05951363
-0,002207376
-0,08199505
-0,05879316
-0,0008464077
-0,08860672
-0,05879316
-0,0008464077
-0,08860672
-0,0606451
0,006191575
-0,1034318
-0,05567908
0,005905697
-0,1062428
-0,05567908
0,005905697
-0,1062428
-0,06917327
0,01763384
-0,1475329
-0,07035324
0,02177049
-0,1510441
-0,07035324
0,02177049
-0,1510441
-0,08172562
0,04079791
-0,2811121
-0,1165849
0,08317297
-0,3489497
-0,1165849
0,08317297
-0,3489497
-0,09802958
0,09941913
-0,4590313
0,008669328
0,08011862
-0,5418713
0,005274476
0,07911565
-0,4738576
0,005274476
0,07911565
-0,4738576
0,003517589
0,1495484
-0,8345139
0,001438469
0,1408188
-0,7479962
0,001438469
0,1408188
-0,7479962
-0,0003520905
0,335446
-1,465243
-0,01043661
0,2403819
-1,150068
-0,01043661
0,2403819
-1,150068
-0,04015137
0,1737263
-1,356969
-0,03019582
0,1191978
-0,9418029
-0,02357031
0,147403
-0,7992048
-0,02357031
0,147403
-0,7992048
-0,03065571
0,232805
-0,970419
-0,0391357
0,1740722
-0,6901584
-0,0391357
0,1740722
-0,6901584
-0,1062675
0,2708674
-1,103248
-0,03219315
0,1618579
-0,466308
-0,03219315
0,1618579
-0,466308
0,0313003
1,004864
-0,5499172
0,01856215
0,759442
-0,2916866
0,01856215
0,759442
-0,2916866
0,1030158
0,8996215
-0,005865929
0,1384349
0,6610311
0,3762439
0,1251686
0,8564265
0,3142588
0,1251686
0,8564265
0,3142588
0,2054435
1,969195
0,5324638
0,1026324
0,7257921
0,3333253
0,1026324
0,7257921
0,3333253
0,1554521
0,7245594
0,5560651
0,1064887
0,7769707
0,4149588
0,1064887
0,7769707
0,4149588
0,1274309
1,055084
0,5581726
0,1011635
0,6283916
0,4453665
0,08649073
0,2611755
0,367358
0,08649073
0,2611755
0,367358
0,109629
0,5749853
0,5093686
0,07712048
0,6182303
0,4003076
0,07712048
0,6182303
0,4003076
0,08853424
0,942929
0,5510638
0,07852098
0,8127066
0,5435321
0,07852098
0,8127066
0,5435321
0,147057
0,8308985
0,9881371
0,05498938
0,1635796
0,3456655
0,05498938
0,1635796
0,3456655
0,06197757
0,2472959
0,479978
0,06197757
0,2472959
0,479978
0,2015821
0,4575863
1,604635
0,114278
0,2074324
0,9023374
0,04579514
0,02956821
0,3436328
0,1441222
-0,07669453
1,069554
0,1505882
-0,05452977
1,214472
0,1287855
-0,2586592
0,8869106
0,1763753
-0,4541589
1,25658
0,1030948
-0,3700179
0,5167844
0,153955
-0,5603298
0,9165567
0,1142219
-0,6055354
0,5599279
0,1082635
-0,8488157
0,3546293
0,1460838
-1,190064
0,5382074
0,07102008
-0,6817433
0,1544494
0,07102008
-0,6817433
0,1544494
0,03619722
-0,5396379
0,0995874
0,03619722
-0,5396379
0,0995874
0,06847499
-1,599795
0,4098914
0,04238018
-1,314745
0,2367579
0,04238018
-1,314745
0,2367579
0,01252278
-1,617265
0,1374432
-0,01382436
-1,446418
0,1844049
-0,01382436
-1,446418
0,1844049
-0,08605307
-2,277046
0,4296912
-0,08578743
-1,627547
0,2647659
-0,08727094
-1,265628
0,1485082
-0,08727094
-1,265628
0,1485082
-0,1764669
-1,920718
0,3051642
-0,1303768
-1,22607
0,2603638
-0,1303768
-1,22607
0,2603638
-0,1809614
-1,515984
0,03552019
-0,09729839
-0,7802519
0,002268468
-0,09729839
-0,7802519
0,002268468
-0,1594698
-1,114148
0,2696475
-0,09966152
-0,6576611
0,2528865
-0,09932939
-0,6212025
0,2491558
-0,09932939
-0,6212025
0,2491558
-0,1432042
-0,9500191
0,2812227
-0,06947984
-0,5265958
0,02192065
-0,06947984
-0,5265958
0,02192065
-0,1403554
-0,9792508
0,1535975
-0,08794732
-0,5997266
0,1879116
-0,08794732
-0,5997266
0,1879116
-0,1785249
-1,084144
0,6408279
-0,1006469
-0,5654278
0,5088719
-0,1006469
-0,5654278
0,5088719
-0,1673038
-0,8368904
0,7836375
-0,0995092
-0,5221404
0,5337524
-0,07343793
-0,4017679
0,4304518
-0,07343793
-0,4017679
0,4304518
-0,1144772
-0,5978926
0,7083502
-0,1121869
-0,5199485
0,5873858
-0,1121869
-0,5199485
0,5873858
-0,07911105
-0,4533191
0,6967986
-0,06764542
-0,326559
0,5908567
-0,06764542
-0,326559
0,5908567
-0,1249249
-0,4741976
0,8038678
-0,06080864
-0,2371425
0,6163459
-0,05641874
-0,1919993
0,6263652
-0,05641874
-0,1919993
0,6263652
-0,1064822
-0,3191242
0,9246265
-0,07409038
-0,2145808
0,6625434
-0,07409038
-0,2145808
0,6625434
-0,05912912
-0,1658284
0,9066527
-0,05879099
-0,1172557
0,6807846
-0,05879099
-0,1172557
0,6807846
-0,06880514
-0,01279139
1,125338
-0,01600908
0,07551954
0,6729875
-0,01600908
0,07551954
0,6729875
-0,06416583
0,04820083
1,158292
-0,001100032
0,1423144
0,6448494
0,0355756
0,2406141
0,5390906
0,0355756
0,2406141
0,5390906
-0,001998817
0,2879308
1,015542
0,02857525
0,3324992
0,7214786
0,02857525
0,3324992
0,7214786
0,01625155
0,4606777
1,090564
0,01415242
0,3322758
0,7429721
0,01415242
0,3322758
0,7429721
0,09363011
0,7324004
1,006534
0,07012339
0,5386972
0,6844473
0,03798964
0,3875355
0,5371966
0,03798964
0,3875355
0,5371966
0,0938995
0,8075423
0,8575994
0,08405575
0,6626142
0,6187168
0,08405575
0,6626142
0,6187168
0,09124987
0,9706221
0,9466543
0,0879871
0,7080545
0,5507338
0,0879871
0,7080545
0,5507338
0,1519425
1,141386
0,7484503
0,1618717
0,8380532
0,2760129
0,1618717
0,8380532
0,2760129
0,3345599
1,591989
0,316246
0,1211964
0,7121794
0,2000837
0,1101606
0,6319692
0,1186483
0,1101606
0,6319692
0,1186483
0,2153767
1,27159
0,1765289
0,1250355
0,8369175
0,1456202
0,1250355
0,8369175
0,1456202
0,1776329
1,151524
0,08381259
0,1346678
0,88211
0,02751353
0,1346678
0,88211
0,02751353
0,2743953
1,647175
-0,1636554
0,1774772
1,050582
-0,1509046
0,1178009
0,9074067
-0,03966129
0,1178009
0,9074067
-0,03966129
0,07295273
1,338579
0,2062668
0,03937772
0,8452232
0,1143526
0,03937772
0,8452232
0,1143526
0,1195029
1,416803
-0,05251414
0,1079268
1,104524
-0,1444881
0,1079268
1,104524
-0,1444881
0,06248741
1,519469
0,007701003
-0,02457674
0,934443
0,1749988
-0,06556103
0,7414675
0,2599728
-0,06556103
0,7414675
0,2599728
-0,1013094
0,9987614
0,3640775
-0,06229111
0,8354636
0,2175423
-0,06229111
0,8354636
0,2175423
-0,1046114
1,122684
0,3273773
-0,1001815
0,8653576
0,3007495
-0,1001815
0,8653576
0,3007495
-0,2107301
1,140686
0,6063476
-0,1828453
0,7859789
0,5227971
-0,1687852
0,7302257
0,4657148
-0,146443
0,5848014
0,4247234
-0,273694
0,778336
0,7995783
-0,273694
0,778336
0,7995783
-0,07539799
0,1149585
0,2281977
-0,07539799
0,1149585
0,2281977
-0,06727242
0,04892051
0,2175684
-0,06727242
0,04892051
0,2175684
-0,4581265
0,1075592
1,483543
-0,1590873
-0,2781355
0,6133976
-0,2459518
-0,2131201
0,8637517
-0,100546
-0,0822429
0,3963543
-0,1015714
-0,1699457
0,3796739
-0,2048557
-0,3512201
0,7338422
-0,1199901
-0,2903991
0,4665292
-0,08977963
-0,1953676
0,3464845
-0,1567001
-0,3350814
0,5793281
-0,1082936
-0,2987517
0,4046286
-0,1300547
-0,2480067
0,4284027
-0,1874817
-0,3196206
0,5779
-0,183093
-0,28938
0,5367765
-0,2110339
-0,3678312
0,6107947
-0,2110339
-0,3678312
0,6107947
-0,1118238
-0,2421066
0,3406082
-0,1118238
-0,2421066
0,3406082
-0,2312771
-0,5926545
0,6938796
-0,1700497
-0,4470254
0,5035208
-0,1433615
-0,4001934
0,4185393
-0,1433615
-0,4001934
0,4185393
-0,1547737
-0,4524842
0,4632694
-0,1334468
-0,4183486
0,3867978
-0,1334468
-0,4183486
0,3867978
-0,2772049
-0,7641708
0,7085908
-0,1686166
-0,5448891
0,4505934
-0,1686166
-0,5448891
0,4505934
-0,1467298
-0,9390438
0,5042545
-0,08473592
-0,6454578
0,2791946
-0,08473592
-0,6454578
0,2791946
-0,1902906
-1,080844
0,4960226
-0,06530757
-0,6227278
0,192522
-0,01085832
-0,5884138
0,08916672
-0,01085832
-0,5884138
0,08916672
-0,02997629
-1,191743
0,1313317
-0,005474411
-0,6935492
0,04003614
-0,005474411
-0,6935492
0,04003614
0,1081908
-1,124914
-0,1652365
0,1078652
-0,6846739
-0,1899744
0,1078652
-0,6846739
-0,1899744
0,04660743
-1,217472
-0,1512886
-0,01943354
-0,7028771
-0,02435382
-0,006230757
-0,6187462
-0,06034496
-0,006230757
-0,6187462
-0,06034496
-0,04344452
-1,186835
-0,09774626
0,0341704
-0,5918387
-0,1531114
0,0341704
-0,5918387
-0,1531114
0,08999921
-0,8326311
-0,3060353
-0,02153088
-0,59382
-0,09357723
-0,02153088
-0,59382
-0,09357723
-0,07214041
-0,9293707
-0,09886839
-0,04578542
-0,6222249
-0,07969974
-0,04578542
-0,6222249
-0,07969974
-0,02037103
-0,848675
-0,1988025
0,04168232
-0,5263928
-0,2216525
0,03620005
-0,5119917
-0,2170309
0,03620005
-0,5119917
-0,2170309
0,012145
-0,7185306
-0,2509026
0,06085008
-0,5130661
-0,2790115
0,06085008
-0,5130661
-0,2790115
0,09251325
-0,6324288
-0,3964501
0,06833573
-0,4496882
-0,2992584
0,06833573
-0,4496882
-0,2992584
0,05457303
-0,4719825
-0,3044415
0,01245033
-0,398229
-0,2054099
0,001447814
-0,3003419
-0,1446243
0,001447814
-0,3003419
-0,1446243
0,05095903
-0,3196973
-0,2500511
0,05696831
-0,3187869
-0,2624152
0,05696831
-0,3187869
-0,2624152
0,03881026
-0,3205559
-0,2356501
0,04700587
-0,306958
-0,2504426
0,04700587
-0,306958
-0,2504426
0,04198892
-0,271462
-0,2336172
0,03989314
-0,2658306
-0,2319341
0,03863825
-0,2653534
-0,2345291
0,03863825
-0,2653534
-0,2345291
0,03118747
-0,3093156
-0,2544235
0,02726184
-0,3106463
-0,2519792
0,02726184
-0,3106463
-0,2519792
0,03758207
-0,3253239
-0,2948934
0,0323825
-0,3165504
-0,2830333
0,0323825
-0,3165504
-0,2830333
0,01562201
-0,4152321
-0,3233505
-0,0002783529
-0,4051841
-0,2854256
-0,0002783529
-0,4051841
-0,2854256
-0,01502031
-0,6740308
-0,4576407
-0,02046609
-0,5543357
-0,3681784
-0,01842085
-0,5278093
-0,3702758
-0,01842085
-0,5278093
-0,3702758
0,002547042
-0,6065562
-0,5211443
0,01917753
-0,3596717
-0,3645717
0,01917753
-0,3596717
-0,3645717
0,1018269
-0,3958658
-0,6237239
0,1176337
-0,1442522
-0,4492911
0,1176337
-0,1442522
-0,4492911
0,1705241
-0,1405978
-0,6562546
0,13309
-0,01107112
-0,4448113
0,1106358
-0,05401494
-0,433927
0,1106358
-0,05401494
-0,433927
0,2003738
-0,06638251
-0,767261
0,161787
0,005139048
-0,5662498
0,161787
0,005139048
-0,5662498
0,2940111
0,04709793
-0,9876623
0,2521373
0,1636948
-0,7384198
0,2521373
0,1636948
-0,7384198
0,2746086
0,2490917
-0,8826093
0,1930983
0,2491077
-0,5963879
0,1731331
0,2594926
-0,4909059
0,1731331
0,2594926
-0,4909059
0,2820798
0,3393991
-0,8721059
0,214157
0,3489553
-0,6254349
0,214157
0,3489553
-0,6254349
0,2442441
0,5678305
-0,6853384
0,1854738
0,4808711
-0,4910342
0,1854738
0,4808711
-0,4910342
0,242736
0,7368417
-0,6130473
0,20659
0,6455556
-0,4512425
0,20659
0,6455556
-0,4512425
0,2733382
1,014096
-0,5277968
0,1522908
0,6952742
-0,2768507
0,1011425
0,6042526
-0,1669352
0,1011425
0,6042526
-0,1669352
0,09477796
0,9318041
-0,1176945
0,06348932
0,5949712
-0,09919172
0,06348932
0,5949712
-0,09919172
0,08590709
0,861793
-0,1759368
0,04570887
0,4932521
-0,1242474
0,04570887
0,4932521
-0,1242474
0,0417504
0,6463969
-0,1755496
0,06931035
0,4578782
-0,2386906
0,08117843
0,4128214
-0,2917743
0,08117843
0,4128214
-0,2917743
0,06284844
0,5053833
-0,3901637
0,01700958
0,2689874
-0,192468
0,01700958
0,2689874
-0,192468
0,01534809
0,3562469
-0,367646
0,02266028
0,1522523
-0,2877909
0,02266028
0,1522523
-0,2877909
0,02333741
0,3829517
-0,4096702
-0,01169086
0,203104
-0,1550917
-0,01169086
0,203104
-0,1550917
-0,05633445
0,153537
-0,2319438
-0,01084185
0,2104261
-0,1631743
-0,0005022244
0,1890904
-0,1542131
-0,0005022244
0,1890904
-0,1542131
-0,001441029
0,2624381
-0,3383788
0,01430103
0,1697989
-0,2877957
0,01430103
0,1697989
-0,2877957
0,03492693
0,2352939
-0,4150325
0,03241967
0,1889066
-0,3469354
0,03241967
0,1889066
-0,3469354
0,0616169
0,2953592
-0,4943765
0,04013703
0,1979682
-0,3894424
0,04013703
0,1979682
-0,3894424
0,02415848
0,1259664
-0,3721327
0,02572818
0,09896085
-0,3688422
0,02209527
0,05230115
-0,319228
0,02209527
0,05230115
-0,319228
0,02567033
0,09154809
-0,3491014
0,02097196
0,09553722
-0,3229539
0,02097196
0,09553722
-0,3229539
0,006852678
0,05398347
-0,1866373
0,007685162
0,060272
-0,1978387
0,007685162
0,060272
-0,1978387
0,01430655
0,08399501
-0,2810388
0,01092623
0,06731655
-0,2726832
-0,00797079
0,05197026
-0,107547
-0,00797079
0,05197026
-0,107547
-0,01374011
0,05421825
-0,06566682
-0,01476688
0,05080968
-0,05531757
-0,01476688
0,05080968
-0,05531757
-0,0173648
0,04806541
-0,05386405
-0,01522087
0,04392195
-0,0487691
-0,01522087
0,04392195
-0,0487691
-0,01560805
0,04423991
-0,0531441
-0,01487422
0,04244524
-0,05167715
-0,01487422
0,04244524
-0,05167715
-0,01232862
0,06416953
-0,07545564
-0,009209326
0,06361168
-0,07844341
-0,009887866
0,06397408
-0,07532135
-0,009887866
0,06397408
-0,07532135
-0,008324891
0,07724932
-0,09276575
0,002713789
0,05794658
-0,09113079
0,002713789
0,05794658
-0,09113079
-0,007399558
0,07911145
-0,08619165
-0,0002259091
0,08334699
-0,08509219
-0,0002259091
0,08334699
-0,08509219
0,0008157217
0,1024623
-0,09250185
0,005183104
0,1068583
-0,08770779
-0,001393619
0,1315818
-0,140141
-0,001393619
0,1315818
-0,140141
0,003986465
0,116731
-0,07811207
0,006877227
0,110346
-0,08481303
0,006877227
0,110346
-0,08481303
0,005475864
0,1129835
-0,09218985
0,005591884
0,1104813
-0,08698022
0,005591884
0,1104813
-0,08698022
0,002074501
0,09772111
-0,09058267
0,0009786971
0,09088477
-0,08515948
-0,1066224
0,2209188
-0,08007348
-0,1066224
0,2209188
-0,08007348
-0,09416285
0,1619887
-0,05715445
-0,01766862
0,06020995
-0,5303242
-0,01766862
0,06020995
-0,5303242
-0,07490439
0,1830494
-1,771317
-0,3014411
-0,1080188
-0,7059146
-0,3014411
-0,1080188
-0,7059146
-0,1618453
0,01052712
-0,8056515
-0,1877239
0,09471778
-0,8634687
-0,1877239
0,09471778
-0,8634687
-0,142428
-0,004086889
-0,2336932
-0,09669083
-0,03114492
-0,1090672
-0,07975394
-0,008144453
-0,01377949
-0,07975394
-0,008144453
-0,01377949
-0,1112021
0,01383772
-0,03746068
-0,0885533
0,007315282
-0,03038234
-0,0885533
0,007315282
-0,03038234
-0,07783927
-0,001332531
-0,08173092
-0,06868295
0,005848784
-0,1186799
-0,06868295
0,005848784
-0,1186799
-0,06113352
0,007210236
-0,16434
-0,05810588
0,008073611
-0,1664267
-0,05557163
0,008478105
-0,1696049
-0,05557163
0,008478105
-0,1696049
-0,05805837
0,01220726
-0,1557224
0,03774572
0,0395588
-0,3285125
0,03774572
0,0395588
-0,3285125
0,05585327
0,07562253
-0,5568177
0,05292256
0,08177609
-0,5625867
0,05292256
0,08177609
-0,5625867
0,1154374
0,197377
-1,436192
0,09397855
0,1831925
-1,263327
0,09397855
0,1831925
-1,263327
0,129817
0,3336069
-2,130733
0,08239175
0,2512245
-1,579203
0,07013042
0,2728615
-1,722137
0,07013042
0,2728615
-1,722137
0,02467305
0,37379
-2,373534
-0,02711664
0,03527217
-0,6553999
-0,02711664
0,03527217
-0,6553999
-0,0548096
-0,08825089
-0,551564
-0,04668606
-0,03349821
-0,4989835
-0,04668606
-0,03349821
-0,4989835
-0,05953806
-0,04450233
-0,5358168
-0,05869927
-0,06023645
-0,4647003
-0,05259766
-0,07430808
-0,3591621
-0,05259766
-0,07430808
-0,3591621
-0,05934528
-0,1171482
-0,2992147
-0,0587265
-0,1011194
-0,2910776
-0,0587265
-0,1011194
-0,2910776
-0,07979038
-0,1508568
-0,4052579
-0,07964876
-0,1708519
-0,3779662
-0,07964876
-0,1708519
-0,3779662
-0,07624867
-0,1364435
-0,3495032
-0,07553818
-0,143537
-0,3370898
-0,08059462
-0,1570124
-0,3510379
-0,08059462
-0,1570124
-0,3510379
-0,08893913
-0,1875241
-0,3704417
-0,08439515
-0,1782556
-0,3487881
-0,08439515
-0,1782556
-0,3487881
-0,104018
-0,1433679
-0,4831846
-0,08693802
-0,08981719
-0,4254179
-0,08693802
-0,08981719
-0,4254179
-0,07977942
-0,06528648
-0,4110544
-0,0687788
-0,03402449
-0,384959
-0,0687788
-0,03402449
-0,384959
-0,04145188
-0,01366764
-0,2537622
-0,03676432
0,008835796
-0,249542
-0,023412
0,02176982
-0,1771778
-0,023412
0,02176982
-0,1771778
-0,01397679
0,02721024
-0,1263152
-0,01388987
0,02890898
-0,1307894
-0,01388987
0,02890898
-0,1307894
0,00611659
-0,004160667
-0,1536655
0,00142237
-0,01316117
-0,1347947
0,00142237
-0,01316117
-0,1347947
0,0004080795
-0,01952527
-0,1421559
-0,007148081
-0,03211455
-0,1272998
-0,001131909
-0,03220219
-0,1237059
-0,001131909
-0,03220219
-0,1237059
0,0127502
-0,01833132
-0,04119079
0,01105511
-0,02205718
-0,05611658
0,01105511
-0,02205718
-0,05611658
0,01044568
-0,02118981
-0,103859
0,01348475
-0,01647136
-0,1175525
0,01348475
-0,01647136
-0,1175525
0,01781659
-0,02186435
-0,1327109
0,07767847
-0,05766489
-0,1920324
0,07767847
-0,05766489
-0,1920324
0,05929878
-0,04397184
-0,2098623
0,03748364
-0,05361491
-0,2432346
-0,01632137
-0,02331311
-0,2488124
-0,01632137
-0,02331311
-0,2488124
-0,05836428
-0,02529977
-0,4494905
-0,05312109
-0,03197274
-0,4301877
-0,05312109
-0,03197274
-0,4301877
-0,06549905
-0,09303114
-0,6475286
-0,04573782
-0,1052263
-0,5371596
-0,04573782
-0,1052263
-0,5371596
-0,03446438
-0,265367
-0,8582018
-0,01043162
-0,2344407
-0,6895875
-0,0004590849
-0,3364772
-0,7105481
-0,0004590849
-0,3364772
-0,7105481
0,02818666
-0,4421667
-0,5949509
0,02404589
-0,3474071
-0,5703195
0,02404589
-0,3474071
-0,5703195
-0,02702271
-0,2184297
-0,7754704
-0,05948136
-0,2013066
-0,9170014
-0,05948136
-0,2013066
-0,9170014
-0,1340652
-0,5476704
-1,506379
-0,06381352
-0,4818826
-0,9850152
-0,06381352
-0,4818826
-0,9850152
0,001679482
-0,7832037
-1,394944
closestDistance
0,2401418
0,2435959
0,2441479
0,2442205
0,2378491
0,2429101
0,235109
0,2229194
0,2483531
0,2393353
0,2321196
0,2134925
0,2134925
0,2143978
0,2267244
0,2070291
0,2081957
0,2241188
0,2278688
0,2216516
0,2162975
0,2128789
0,2128789
0,2053692
0,2045667
0,2167028
0,210546
0,1979674
0,1979674
0,1934155
0,1986072
0,1986072
0,1891206
0,1602484
0,1581579
0,1510846
0,1449684
0,1465634
0,1432071
0,1395009
0,1395009
0,1392664
0,1392478
0,1390459
0,1390459
0,1386755
0,1387323
0,1387323
0,1397679
0,1416866
0,1416866
0,1420416
0,1421568
0,1421568
0,1411259
0,1396187
0,1367347
0,1367347
0,1350557
0,1280684
0,1280684
0,1260597
0,1235211
0,1235211
0,1205734
0,1174782
0,114735
0,114735
0,110219
0,1124296
0,1202184
0,1175682
0,106035
0,106035
0,1036299
0,1131431
0,1104359
0,1104359
0,1070861
0,1100906
0,1100906
0,1079339
0,1116888
0,1116888
0,1110694
0,1103388
0,1103388
0,107717
0,1038777
0,1092781
0,1155697
0,1133404
0,1112247
0,1112247
0,1090833
0,1172794
0,1172794
0,1154458
0,1140731
0,1130167
0,1130167
0,111959
0,1182412
0,1182412
0,1169023
0,1159356
0,1105061
0,1105706
0,1106608
0,1050045
0,1050045
0,1064415
0,1186014
0,09541166
0,1005983
0,1124827
0,1074823
0,1083728
0,1090995
0,1090995
0,1099265
0,1108293
0,1117999
0,1071644
0,1078415
0,1086017
0,1086017
0,109245
0,109947
0,109947
0,1106483
0,1114745
0,1137101
0,1090418
0,1103837
0,1117631
0,1117631
0,1136135
0,111702
0,1063466
0,1110409
0,1232764
0,127812
0,1401239
0,1563832
0,1958639
0,1844165
0,2142454
0,2217196
0,2087807
0,1987696
0,1979284
0,1998206
0,1979313
0,1960062
0,1938352
0,2054861
0,2021995
0,2005118
0,2005118
0,1985188
0,196422
0,2010642
0,1981095
0,1836346
0,1948899
0,1889167
0,189958
0,1845599
0,1805456
0,1777555
0,1816743
0,1816743
0,1813772
0,1764449
0,1699246
0,1700733
0,1705824
0,17185
0,173242
0,176092
0,1614597
0,1614597
0,1640369
0,1653804
0,1694956
0,1705471
0,1644745
0,1685262
0,1621583
0,1589429
0,1589429
0,1597012
0,1607612
0,1624552
0,1636936
0,1639021
0,1646163
0,1647418
0,1641441
0,1634468
0,1624563
0,1674117
0,1687018
0,1747328
0,1762026
0,1706423
0,1706423
0,1717238
0,1732131
0,1708964
0,1761436
0,1878381
0,1867797
0,1965895
0,199424
0,2021984
0,2000109
0,199286
0,2026399
0,2052103
0,2054112
0,2097002
0,2156137
0,2119012
0,2176315
0,2200507
0,2186598
0,2184008
0,2223035
0,2193608
0,2290713
0,2109427
0,2177496
0,2126333
0,2147343
0,2147343
0,2153482
0,2133871
0,2152778
0,2152778
0,2176667
0,1992352
0,1992352
0,1889191
0,1857306
0,1857306
0,1783131
0,1906492
0,1881789
0,1897804
0,1838471
0,1710443
0,1710443
0,1737921
0,1720928
0,1687224
0,1659019
0,163552
0,163552
0,1640465
0,1644167
0,1649541
0,1776332
0,1816757
0,1870802
0,199805
0,1955378
0,1955378
0,2136513
0,2248167
0,2168939
0,2137909
0,2108021
0,2106769
0,2078277
0,2161066
0,2248293
0,2214886
0,2175238
0,2117883
0,216318
0,2078167
0,2035559
0,2014951
0,1967759
0,1967239
0,1954573
0,1954573
0,1937883
0,1882386
0,1882386
0,1833779
0,1812079
0,1800802
0,1762539
0,172591
0,1707004
0,1719444
0,1712761
0,1710134
0,1710134
0,1687032
0,1599547
0,161343
0,1595532
0,1583065
0,1579887
0,1526075
0,1481393
0,1436502
0,1462931
0,1419062
0,1375671
0,1375671
0,1334676
0,1309806
0,1309806
0,1265329
0,1248376
0,1212531
0,1223743
0,1181454
0,1177285
0,1177285
0,1122246
0,1139463
0,1342407
0,1320904
0,124138
0,1140028
0,1246791
0,1234912
0,1153696
0,1087725
0,1105236
0,1122438
0,114114
0,1130193
0,1119624
0,1146547
0,1109526
0,1100283
0,1100269
0,1100269
0,1089607
0,112515
0,1109894
0,1135446
0,1180488
0,1079764
0,1067078
0,1083239
0,1209278
0,1206073
0,1245916
0,1286741
0,1320859
0,1385252
0,1535711
0,1461404
0,1630758
0,1763894
0,1928003
0,1846415
0,1981204
0,2082497
0,2082497
0,2254193
0,2325942
0,2336843
0,2369791
0,2346026
0,233804
0,2287733
0,2179894
0,2089556
0,2089556
0,1969543
0,2057816
0,2038064
0,1957828
0,1796656
0,1796656
0,1769549
0,1748983
0,1747027
0,175631
0,1727021
0,1727056
0,1666206
0,1701751
0,1811098
0,1738785
0,1736182
0,1710728
0,180852
0,1813905
0,18455
0,1899541
0,1915094
0,186028
0,1856967
0,1920085
0,1963893
0,1987041
0,1978794
0,1997281
0,2010614
0,1866716
0,1792216
0,1796794
0,1796794
0,1669677
0,1677255
0,1613531
0,1526102
0,1604186
0,154418
0,1591861
0,1678157
0,1699691
0,1907695
0,2012222
0,1905099
0,1860454
0,192578
0,1919883
0,1859438
0,1841803
0,2056132
0,2174813
0,2112307
0,2073871
0,2050243
0,2156845
0,2121453
0,2121453
0,2211558
0,2233771
0,22294
0,2429203
0,2032351
0,2032351
0,198582
0,1935057
0,1908776
0,1908776
0,1872764
0,1859847
0,1860269
0,1824968
0,1808835
0,1808835
0,1790815
0,1768946
0,1750755
0,1750755
0,1718832
0,1706983
0,1706983
0,1685351
0,1796473
0,1819156
0,1777091
0,1749069
0,1854148
0,1867678
0,1868758
0,1857502
0,1857502
0,1880027
0,179218
0,179218
0,1839584
0,1885536
0,1755671
0,1781039
0,1822723
0,1862321
0,1934291
0,1985123
0,1975181
0,1975181
0,2062317
0,2128033
0,2102006
0,2164191
0,2187032
0,2115635
0,2074843
0,2039022
0,1929417
0,191265
0,1941761
0,1950885
0,1950885
0,2036688
0,2007197
0,2080892
0,2277157
0,2343263
0,2236532
0,2107024
0,1961879
0,1976485
0,1976485
0,1904623
0,1897362
0,191076
0,1943973
0,1858442
0,1792904
0,1818256
0,1813499
0,1844568
0,1799648
0,1848526
0,193438
0,1881118
0,1906861
0,1946036
0,1976839
0,2001544
0,2037528
0,2037528
0,2010458
0,2027063
0,1940714
0,1940714
0,1866906
0,1893556
0,1845119
0,1832128
0,1805165
0,1738687
0,1691734
0,1664906
0,1643676
0,163252
0,1613999
0,1601103
0,1500516
0,157373
0,157373
0,1564479
0,1593633
0,1628407
0,1584602
0,1635659
0,1635659
0,1672016
0,1748067
0,1751283
0,1825262
0,1827334
0,1827334
0,1868102
0,1856345
0,1856345
0,19347
0,1984168
0,2016936
0,2016936
0,209357
0,2086032
0,199167
0,2023973
0,2061145
0,2061145
0,2146086
0,2197513
0,1966715
0,1978068
0,2026438
0,1975919
0,1989352
0,1996173
0,1952238
0,1923716
0,1957688
0,1914984
0,1885352
0,1904096
0,1794067
0,1761814
0,1687843
0,1693967
0,1653858
0,1577303
0,1566339
0,1477255
0,1477255
0,1445303
0,1436051
0,1397119
0,1397119
0,1375137
0,1312848
0,1231585
0,121993
0,1209131
0,1237423
0,1222398
0,1211306
0,1194833
0,1194833
0,1189502
0,1255468
0,1200496
0,1192423
0,1191669
0,1191669
0,1207636
0,1279688
0,1279688
0,1319108
0,1366767
0,1420615
0,1420615
0,1485983
0,1522052
0,1645407
0,1671648
0,1669665
0,1690029
0,1710868
0,171428
0,1715434
0,170491
0,1723734
0,1765632
0,1686945
0,1744005
0,1762973
0,1762973
0,1809808
0,1823799
0,1785697
0,1747872
0,1807519
0,182486
0,1807413
0,1836324
0,1844179
0,1844179
0,1860647
0,1877228
0,1793678
0,1807404
0,1863014
0,1851868
0,1851868
0,1822454
0,181844
0,1839638
0,1844513
0,192917
0,192917
0,1978144
0,2041189
0,2001678
0,1967356
0,2059973
0,2107287
0,2107287
0,2192946
0,214805
0,2195874
0,2105395
0,2071482
0,2108755
0,2063636
0,1836235
0,1817569
0,1817569
0,1770517
0,1728429
0,1728429
0,166926
0,1605242
0,1605242
0,1538504
0,1487394
0,1487394
0,1436299
0,1417234
0,1372125
0,1372125
0,1328504
0,1198249
0,1198249
0,1176169
0,117321
0,117321
0,1137368
0,1103027
0,1093585
0,1093585
0,1091294
0,1090524
0,1090524
0,1090214
0,109044
0,109044
0,1090523
0,1090991
0,1090991
0,1091523
0,1092108
0,1093866
0,1093866
0,1095785
0,1092604
0,1092604
0,1095148
0,1097817
0,1097817
0,1103485
0,1151413
0,1158548
0,1084883
0,1093943
0,1103477
0,1103477
0,1111927
0,1121791
0,1121791
0,1130371
0,1138558
0,109708
0,1099264
0,1126044
0,1010204
0,1149833
0,09982329
0,1198195
0,1041994
0,1124585
0,1209401
0,106768
0,1110053
0,1095857
0,1122696
0,1122696
0,1144289
0,1128183
0,1036762
0,1052614
0,106899
0,106899
0,108838
0,1108687
0,1090963
0,1090963
0,1109138
0,1062529
0,1056134
0,1073336
0,1259647
0,1259647
0,133974
0,1589909
0,14393
0,174574
0,1966156
0,2246587
0,2246587
0,2658363
0,1793269
0,1793269
0,1707978
0,1628582
0,1696792
0,161085
0,1541139
0,1492554
0,1492554
0,146089
0,1440638
0,1366366
0,1325101
0,1361743
0,1361743
0,133024
0,1305189
0,1276853
0,1276853
0,1254532
0,1302438
0,1298029
0,125918
0,1224996
0,1279977
0,1251401
0,1281898
0,1227499
0,1213986
0,1130881
0,1054611
0,1124193
0,1122097
0,1128814
0,1135938
0,1134358
0,1133734
0,1133734
0,1134454
0,1136074
0,1138901
0,1103552
0,1102165
0,1100042
0,1100042
0,1097421
0,1096391
0,1096391
0,1095513
0,1101354
0,1101354
0,1104256
0,1102437
0,1079483
0,1079483
0,1080905
0,1139153
0,1139153
0,1129195
0,1249269
0,1249269
0,1246046
0,1323319
0,1280955
0,1280955
0,1314745
0,1369576
0,1266299
0,1363127
0,1498001
0,1466298
0,1673756
0,185514
0,185514
0,2065205
timeStamps
3,30782
3,321743
3,336102
3,349555
3,364208
3,377681
3,391465
3,405153
3,419333
3,433409
3,447298
3,461201
3,475396
3,488954
3,502857
3,516905
3,531031
3,544606
3,558609
3,57297
3,586505
3,600479
3,614646
3,628537
3,642169
3,6563
3,67042
3,6844
3,698081
3,711974
3,725887
3,739806
3,753682
3,921193
3,934955
3,948927
3,962743
3,976516
3,990605
4,004749
4,018624
4,032699
4,046444
4,060395
4,074275
4,088063
4,101978
4,116467
4,130029
4,144139
4,158151
4,172029
4,185797
4,199544
4,213422
4,227499
4,241766
4,255322
4,26944
4,283394
4,297382
4,311016
4,325237
4,338933
4,353242
4,367231
4,380707
4,394699
4,408681
4,422431
4,436734
4,450437
4,464431
4,478591
4,492858
4,505952
4,52016
4,534498
4,547801
4,562192
4,577409
4,589535
4,603398
4,617523
4,631496
4,645232
4,659577
4,673296
4,687151
4,701542
4,714972
4,728931
4,743052
4,757062
4,771063
4,785324
4,798732
4,812759
4,82703
4,84063
4,854399
4,868516
4,882173
4,896182
4,910178
4,924212
4,937902
4,95198
4,966053
4,980256
4,993848
5,007813
5,021408
5,035428
5,049504
5,063276
5,077258
5,091233
5,105326
5,119224
5,133035
5,147139
5,161113
5,17503
5,189127
5,202948
5,216677
5,230662
5,244608
5,258292
5,272141
5,286476
5,300408
5,314345
5,327862
5,341875
5,355836
5,369904
5,383559
5,397722
5,411513
5,425547
5,439498
5,45328
5,467273
5,48158
5,495024
5,509165
5,52328
5,536809
5,550748
5,565064
5,578678
5,592664
5,6069
5,620801
5,634614
5,648316
5,662396
5,676388
5,690292
5,704213
5,718003
5,732398
5,74583
5,760325
5,774695
5,787625
5,801334
5,816004
5,829299
5,843107
5,857236
5,871037
5,884969
5,899256
5,912969
5,927231
5,940887
5,954489
5,968701
5,982403
5,996364
6,010383
6,025274
6,039684
6,053794
6,067927
6,093247
6,107463
6,122349
6,136349
6,150079
6,164829
6,19118
6,206637
6,232582
6,248453
6,274746
6,289439
6,31608
6,330027
6,34412
6,358186
6,372025
6,386671
6,400398
6,414883
6,428629
6,443394
6,457332
6,470857
6,484001
6,497508
6,511117
6,525186
6,539318
6,553153
6,567254
6,580947
6,595565
6,609349
6,622935
6,637047
6,651337
6,665258
6,67847
6,69283
6,706417
6,720399
6,734747
6,748262
6,762256
6,776545
6,78995
6,804007
6,818202
6,831858
6,845925
6,860198
6,874028
6,887611
6,901853
6,915471
6,929661
6,943578
6,957314
6,971066
6,984993
6,999324
7,013278
7,026925
7,040722
7,054971
7,068627
7,083062
7,096768
7,110722
7,124746
7,138522
7,152848
7,167455
7,181647
7,207709
7,221314
7,235233
7,249701
7,263144
7,27788
7,291976
7,306733
7,32076
7,33396
7,346636
7,360747
7,374928
7,388741
7,402285
7,416329
7,430333
7,444636
7,458726
7,47256
7,486512
7,500786
7,514413
7,528247
7,541862
7,555758
7,569973
7,58363
7,597577
7,612014
7,626108
7,639627
7,653726
7,667699
7,68165
7,695597
7,709663
7,722984
7,737019
7,750815
7,765002
7,779129
7,792961
7,806704
7,820718
7,834937
7,848421
7,862453
7,876056
7,890691
7,904042
7,918139
7,932368
7,945926
7,959802
7,974135
7,987809
8,00159
8,01561
8,029689
8,043406
8,057493
8,071281
8,085139
8,098809
8,112879
8,126913
8,140635
8,154579
8,168594
8,18231
8,196314
8,210186
8,224531
8,238222
8,252172
8,265882
8,280066
8,293908
8,307781
8,321763
8,335785
8,349662
8,363446
8,377452
8,391621
8,405343
8,419265
8,433204
8,447151
8,461099
8,475055
8,489026
8,503181
8,516604
8,53087
8,545225
8,558428
8,572073
8,58617
8,60018
8,614347
8,627983
8,641872
8,655903
8,670053
8,683697
8,697626
8,711559
8,725657
8,739406
8,75369
8,767203
8,781285
8,795233
8,809334
8,823195
8,837289
8,851027
8,864637
8,878779
8,892529
8,906527
8,920392
8,934393
8,948259
8,962296
8,976227
8,990187
9,004263
9,0189
9,033408
9,060188
9,075359
9,101474
9,116601
9,130571
9,156757
9,185575
9,212318
9,227337
9,254176
9,268915
9,296161
9,311079
9,325993
9,351382
9,366041
9,38075
9,395489
9,421346
9,434807
9,44896
9,463195
9,477404
9,491518
9,504704
9,51912
9,532887
9,546544
9,560863
9,574613
9,58881
9,602955
9,616652
9,630667
9,644365
9,658178
9,672137
9,686217
9,7001
9,714046
9,72794
9,741942
9,756304
9,770043
9,783946
9,797984
9,81133
9,825485
9,839125
9,853364
9,867223
9,880898
9,89503
9,909165
9,923017
9,936711
9,950717
9,965117
9,978612
9,992498
10,00654
10,02034
10,03465
10,04812
10,06232
10,0762
10,09026
10,10419
10,11777
10,13152
10,14568
10,15972
10,17344
10,18795
10,20115
10,21539
10,22952
10,24278
10,25736
10,27062
10,28482
10,29876
10,31276
10,32683
10,34058
10,35465
10,36825
10,38258
10,39663
10,41005
10,42441
10,43785
10,45188
10,46568
10,47988
10,49347
10,50784
10,52152
10,53547
10,54945
10,56306
10,57752
10,59132
10,60508
10,61898
10,63355
10,64692
10,6609
10,67505
10,68885
10,70262
10,71673
10,73043
10,74425
10,75866
10,77207
10,78598
10,80054
10,81449
10,82778
10,84231
10,8568
10,87142
10,88496
10,89852
10,91257
10,92596
10,94035
10,96582
10,98039
10,99571
11,02208
11,03763
11,06391
11,07879
11,09412
11,11944
11,13427
11,14973
11,17513
11,18968
11,20506
11,23081
11,24619
11,26122
11,2865
11,30143
11,32861
11,3441
11,35852
11,38387
11,39859
11,41302
11,42659
11,44004
11,45492
11,46858
11,48217
11,49633
11,50938
11,52332
11,53709
11,55161
11,56505
11,57895
11,59315
11,60721
11,62127
11,63498
11,64895
11,66314
11,67713
11,69079
11,70471
11,71898
11,7328
11,74664
11,76076
11,77487
11,78838
11,80279
11,81637
11,83032
11,84407
11,85791
11,87193
11,8861
11,89989
11,91397
11,92792
11,94161
11,95575
11,96937
11,98329
11,99714
12,01108
12,02501
12,03893
12,053
12,06696
12,0807
12,09489
12,10883
12,12309
12,13646
12,15035
12,16424
12,17817
12,19233
12,20614
12,22029
12,23422
12,24766
12,26229
12,27582
12,28974
12,30353
12,31772
12,3313
12,34535
12,35916
12,37335
12,38729
12,4008
12,41479
12,42884
12,44259
12,45706
12,47071
12,48453
12,49843
12,51259
12,52635
12,54039
12,55425
12,5681
12,58187
12,59604
12,60992
12,62371
12,63757
12,65141
12,66563
12,68026
12,69369
12,70717
12,72127
12,73495
12,74894
12,76277
12,77712
12,79066
12,80465
12,81865
12,8328
12,84634
12,86039
12,87419
12,88832
12,90208
12,91612
12,93036
12,94425
12,95803
12,9719
12,98592
13,00003
13,01334
13,02736
13,04122
13,0555
13,06935
13,08337
13,09762
13,11146
13,12507
13,13931
13,15336
13,16691
13,18099
13,1946
13,20857
13,22259
13,23646
13,25015
13,26421
13,27811
13,29228
13,3061
13,31994
13,33423
13,34803
13,36208
13,37571
13,39
13,40399
13,41715
13,43096
13,44519
13,45908
13,47297
13,48695
13,50119
13,51476
13,52882
13,54268
13,55708
13,57062
13,58438
13,59809
13,612
13,6265
13,63981
13,65422
13,66805
13,68218
13,69584
13,70985
13,7239
13,73752
13,75184
13,76527
13,77929
13,79281
13,80701
13,82111
13,83512
13,84909
13,86289
13,87681
13,89099
13,90489
13,91865
13,93215
13,94621
13,96042
13,97443
13,98825
14,00206
14,01605
14,03014
14,04393
14,05809
14,07196
14,08551
14,0998
14,11328
14,12703
14,14106
14,15528
14,16893
14,18339
14,19689
14,21097
14,22477
14,2386
14,25265
14,26669
14,28061
14,29449
14,30848
14,32248
14,33629
14,35037
14,36449
14,3784
14,39228
14,40556
14,41956
14,43397
14,44741
14,4615
14,47555
14,48918
14,50318
14,51739
14,5314
14,54499
14,55902
14,57275
14,58679
14,60096
14,61467
14,62869
14,64291
14,65635
14,67046
14,68429
14,69843
14,71205
14,72586
14,74036
14,75382
14,76755
14,78196
14,79574
14,80961
14,82345
14,83754
14,8515
14,86517
14,87909
14,89312
14,90703
14,92112
14,93494
14,94887
14,9629
14,97671
14,99042
15,0048
15,01842
15,03216
15,04617
15,06039
15,07405
15,08796
15,10186
15,11579
15,12993
15,14364
15,15761
15,17171
15,1855
15,19949
15,21355
15,22741
15,24154
15,25488
15,26904
15,28298
15,29679
15,31065
15,32489
15,33877
15,35252
15,36663
15,38031
15,39456
15,40834
15,42197
15,43667
15,45056
15,46377
15,47782
15,49174
15,50583
15,51939
15,53353
