ParticipantNumber;Task;SdfState;Repetition;TimeStamp;NumHits;TimeToCompleteTask;InstanteneousVelocityMag;InstanteneousVelocityX;InstanteneousVelocityY;InstanteneousVelocityZ;ClosestDistance
6;torus;1;2;3,092671;6;15,35838;0,1866337;0,1377178;-0,08732998;0,0907712;0,2984664
6;torus;1;2;3,106525;6;15,35838;0,2040197;0,090352;-0,1115066;0,1450063;0,3024495
6;torus;1;2;3,120577;6;15,35838;0,3247146;0,2307836;-0,2203881;-0,0600636;0,3043501
6;torus;1;2;3,134753;6;15,35838;0,3247146;0,2307836;-0,2203881;-0,0600636;0,3043501
6;torus;1;2;3,149144;6;15,35838;0,7108302;0,5379185;0,2911478;-0,3621548;0,297129
6;torus;1;2;3,162554;6;15,35838;0,1968853;0,02865195;0,1944944;0,01071393;0,2954302
6;torus;1;2;3,176416;6;15,35838;0,1968853;0,02865195;0,1944944;0,01071393;0,2954302
6;torus;1;2;3,190651;6;15,35838;0,3096669;0,1050115;0,2380729;-0,1678914;0,2906384
6;torus;1;2;3,204359;6;15,35838;0,2423216;0,04829764;0,2314091;-0,05326271;0,2876599
6;torus;1;2;3,218173;6;15,35838;0,2423216;0,04829764;0,2314091;-0,05326271;0,2857027
6;torus;1;2;3,232384;6;15,35838;0,4640293;-0,06220937;0,4447058;0,1170039;0,2832505
6;torus;1;2;3,246163;6;15,35838;0,2643549;-0,0451684;0,2496764;0,07419586;0,2862614
6;torus;1;2;3,259942;6;15,35838;0,2643549;-0,0451684;0,2496764;0,07419586;0,2862614
6;torus;1;2;3,274044;6;15,35838;0,6769648;-0,1756728;0,5894184;0,2828538;0,2854214
6;torus;1;2;3,287759;6;15,35838;0,4813154;-0,03269315;0,4699737;0,09859204;0,2802731
6;torus;1;2;3,301739;6;15,35838;0,4626306;0,001555681;0,4618526;0,02677441;0,2817894
6;torus;1;2;3,315617;6;15,35838;0,4626306;0,001555681;0,4618526;0,02677441;0,2817894
6;torus;1;2;3,329657;6;15,35838;0,6741681;-0,2259552;0,5630434;0,293988;0,2832136
6;torus;1;2;3,343711;6;15,35838;0,4876483;-0,2044678;0,3316239;0,2932906;0,2881026
6;torus;1;2;3,357944;6;15,35838;0,4876483;-0,2044678;0,3316239;0,2932906;0,2810686
6;torus;1;2;3,371864;6;15,35838;0,7275944;-0,2744496;0,579609;0,3436923;0,2825946
6;torus;1;2;3,385432;6;15,35838;0,2986148;-0,1229644;0,2331391;0,1403451;0,2887996
6;torus;1;2;3,399327;6;15,35838;0,2986148;-0,1229644;0,2331391;0,1403451;0,2887996
6;torus;1;2;3,413442;6;15,35838;0,5446431;-0,1571715;0,4885167;0,1824409;0,2893898
6;torus;1;2;3,427173;6;15,35838;0,3495951;-0,12393;0,2666116;0,1891464;0,2893108
6;torus;1;2;3,441123;6;15,35838;0,3439485;0,04902482;0,3381506;-0,03938675;0,2888505
6;torus;1;2;3,455252;6;15,35838;0,3439485;0,04902482;0,3381506;-0,03938675;0,2888505
6;torus;1;2;3,469011;6;15,35838;0,5847585;0,1526356;0,5274683;-0,2010524;0,2817829
6;torus;1;2;3,482565;6;15,35838;0,2308774;0,06679296;0,1917154;-0,1099467;0,281501
6;torus;1;2;3,496558;6;15,35838;0,2308774;0,06679296;0,1917154;-0,1099467;0,2802305
6;torus;1;2;3,510765;6;15,35838;0,1771404;-0,08667111;0,1488909;0,04121065;0,2806646
6;torus;1;2;3,52451;6;15,35838;0,1938499;-0,08882284;-0,17104;0,02082288;0,2821875
6;torus;1;2;3,538743;6;15,35838;0,1938499;-0,08882284;-0,17104;0,02082288;0,2803925
6;torus;1;2;3,552636;6;15,35838;0,3739294;0,0639379;-0,2694279;-0,2512842;0,276712
6;torus;1;2;3,567431;6;15,35838;0,3773224;0,1308978;0,0302881;-0,3525913;0,2694248
6;torus;1;2;3,580568;6;15,35838;0,1779197;0,06750226;0,03979653;-0,1597345;0,2676616
6;torus;1;2;3,594572;6;15,35838;0,1779197;0,06750226;0,03979653;-0,1597345;0,2676616
6;torus;1;2;3,608557;6;15,35838;0,389036;0,006568432;0,388898;-0,008016825;0,2655575
6;torus;1;2;3,622351;6;15,35838;0,3080062;0,06408095;0,2921641;-0,07349551;0,2626009
6;torus;1;2;3,636416;6;15,35838;0,3080062;0,06408095;0,2921641;-0,07349551;0,2669501
6;torus;1;2;3,650339;6;15,35838;0,3310094;0,08316636;0,297381;-0,1192272;0,2629081
6;torus;1;2;3,664288;6;15,35838;0,1830884;-0,02355576;0,1804486;0,02011955;0,2625889
6;torus;1;2;3,67801;6;15,35838;0,1830884;-0,02355576;0,1804486;0,02011955;0,2625889
6;torus;1;2;3,691895;6;15,35838;0,7365816;-0,1338184;0,6972306;0,1962513;0,2643037
6;torus;1;2;3,705835;6;15,35838;0,3784091;-0,04179478;0,3716618;0,05756915;0,2669931
6;torus;1;2;3,719962;6;15,35838;0,3784091;-0,04179478;0,3716618;0,05756915;0,2685015
6;torus;1;2;3,733957;6;15,35838;0,585343;-0,08299947;0,578779;0,02743006;0,2677597
6;torus;1;2;3,74808;6;15,35838;0,2620269;-0,1325428;0,1914904;0,1200914;0,2703272
6;torus;1;2;3,915511;6;15,35838;0;0;0;0;0,2660498
6;torus;1;2;3,928887;6;15,35838;0,9533449;-0,06226897;0,8576378;-0,4116386;0,2714785
6;torus;1;2;3,942756;6;15,35838;0,2878005;0,04059076;0,2261214;-0,1733512;0,273123
6;torus;1;2;3,956775;6;15,35838;0,2878005;0,04059076;0,2261214;-0,1733512;0,2743553
6;torus;1;2;3,970669;6;15,35838;0,6718967;0,03145933;0,6313719;-0,227651;0,2684367
6;torus;1;2;3,984637;6;15,35838;0,2578751;-0,08687377;0,2404332;0,03382862;0,2743369
6;torus;1;2;3,998389;6;15,35838;0,2578751;-0,08687377;0,2404332;0,03382862;0,2743369
6;torus;1;2;4,012288;6;15,35838;0,5412659;-0,1555502;0,5164393;0,0454247;0,2754959
6;torus;1;2;4,026287;6;15,35838;0,3438956;-0,07395148;0,3345929;0,02903342;0,277982
6;torus;1;2;4,039976;6;15,35838;0,3438956;-0,07395148;0,3345929;0,02903342;0,2811494
6;torus;1;2;4,054156;6;15,35838;0,5649661;-0,2455235;0,4687689;0,1978904;0,2851306
6;torus;1;2;4,06813;6;15,35838;0,3210074;-0,07975698;0,3078997;0,04338622;0,2890913
6;torus;1;2;4,082032;6;15,35838;0,3386766;-0,1241386;0,2949461;0,1108974;0,291922
6;torus;1;2;4,096198;6;15,35838;0,3386766;-0,1241386;0,2949461;0,1108974;0,291054
6;torus;1;2;4,110551;6;15,35838;0,4067752;-0,2135992;0,31716;0,1387477;0,2937493
6;torus;1;2;4,123709;6;15,35838;0,1409748;-0,06948113;0,1224041;0,007969141;0,2979034
6;torus;1;2;4,138412;6;15,35838;0,1409748;-0,06948113;0,1224041;0,007969141;0,2979034
6;torus;1;2;4,151733;6;15,35838;0,2338228;-0,1585305;0,1662172;0,04373789;0,2988676
6;torus;1;2;4,165774;6;15,35838;0,1579227;-0,1187384;0,06538332;0,08102953;0,3008227
6;torus;1;2;4,179385;6;15,35838;0,1579227;-0,1187384;0,06538332;0,08102953;0,3008227
6;torus;1;2;4,193703;6;15,35838;0,6258244;-0,4353106;0,0429973;0,4475623;0,3118654
6;torus;1;2;4,207271;6;15,35838;0,2287474;-0,1715124;0,006073713;0,1512349;0,3049366
6;torus;1;2;4,221248;6;15,35838;0,1009001;-0,09008646;0,02543405;0,03766119;0,3048077
6;torus;1;2;4,23501;6;15,35838;0,1009001;-0,09008646;0,02543405;0,03766119;0,3048077
6;torus;1;2;4,2493;6;15,35838;0,3072137;0,1153827;0,09794831;-0,2673447;0,3004801
6;torus;1;2;4,263609;6;15,35838;0,07158621;-0,04513264;0,0423722;-0,03594756;0,2992982
6;torus;1;2;4,277172;6;15,35838;0,07158621;-0,04513264;0,0423722;-0,03594756;0,2992982
6;torus;1;2;4,291156;6;15,35838;0,227147;-0,1527965;0,1673087;-0,01602471;0,2971125
6;torus;1;2;4,305373;6;15,35838;0,08899556;-0,07252097;0,050883;0,00847578;0,2965004
6;torus;1;2;4,319251;6;15,35838;0,08899556;-0,07252097;0,050883;0,00847578;0,2875145
6;torus;1;2;4,333101;6;15,35838;0,1922165;-0,09458065;0,1319118;-0,1029611;0,2843801
6;torus;1;2;4,34712;6;15,35838;0,113484;-0,01035333;0,04320145;-0,1044273;0,2822486
6;torus;1;2;4,360949;6;15,35838;0,1242637;-0,02762079;-0,09516627;-0,07497966;0,2810811
6;torus;1;2;4,374454;6;15,35838;0,1242637;-0,02762079;-0,09516627;-0,07497966;0,2810811
6;torus;1;2;4,388416;6;15,35838;0,5490397;0,04684329;-0,2756737;-0,4724979;0,2742771
6;torus;1;2;4,402566;6;15,35838;0,3899238;0,1410306;-0,07135645;-0,3564537;0,2672513
6;torus;1;2;4,416327;6;15,35838;0,3899238;0,1410306;-0,07135645;-0,3564537;0,2672513
6;torus;1;2;4,430618;6;15,35838;0,5722967;0,1568019;-0,1700319;-0,5234748;0,2602423
6;torus;1;2;4,444292;6;15,35838;0,2875779;0,09393692;0,02176911;-0,2709299;0,2606133
6;torus;1;2;4,458483;6;15,35838;0,2875779;0,09393692;0,02176911;-0,2709299;0,2606133
6;torus;1;2;4,472243;6;15,35838;0,4225747;0,03821254;-0,2472572;-0,3405482;0,2561604
6;torus;1;2;4,486031;6;15,35838;0,3091617;0,03826618;-0,2204113;-0,2133906;0,2514386
6;torus;1;2;4,500173;6;15,35838;0,4560438;0,1681745;-0,1105934;-0,4092216;0,2464432
6;torus;1;2;4,514208;6;15,35838;0,4560438;0,1681745;-0,1105934;-0,4092216;0,2464432
6;torus;1;2;4,527802;6;15,35838;0,8090274;0,2509415;-0,3257863;-0,6967187;0,2389052
6;torus;1;2;4,541897;6;15,35838;0,3008333;0,05495548;-0,1810856;-0,2338558;0,2183221
6;torus;1;2;4,555778;6;15,35838;0,3008333;0,05495548;-0,1810856;-0,2338558;0,2183221
6;torus;1;2;4,569561;6;15,35838;0,3791853;0,08741503;-0,05425053;-0,3649617;0,2112191
6;torus;1;2;4,58354;6;15,35838;0,2139029;0,05358575;0,008163578;-0,2069211;0,2075485
6;torus;1;2;4,597958;6;15,35838;0,2139029;0,05358575;0,008163578;-0,2069211;0,2075485
6;torus;1;2;4,611711;6;15,35838;0,2280376;0,02606007;0,01722294;-0,225888;0,2038604
6;torus;1;2;4,625903;6;15,35838;0,1121119;0,004731246;-0,004987663;-0,1119009;0,2019684
6;torus;1;2;4,639688;6;15,35838;0,1121119;0,004731246;-0,004987663;-0,1119009;0,2019684
6;torus;1;2;4,653443;6;15,35838;0,3541488;0,1070966;0,05526484;-0,3330128;0,1964682
6;torus;1;2;4,667511;6;15,35838;0,2124642;0,06553503;0,04356601;-0,197353;0,1919367
6;torus;1;2;4,681618;6;15,35838;0,1904802;0,06265539;0,06108655;-0,1691906;0,1893653
6;torus;1;2;4,695572;6;15,35838;0,1904802;0,06265539;0,06108655;-0,1691906;0,1893653
6;torus;1;2;4,709221;6;15,35838;0,2477396;0,06505662;0,1500786;-0,1860617;0,1874482
6;torus;1;2;4,722636;6;15,35838;0,1684903;0,0399318;0,1001718;-0,1294606;0,1861762
6;torus;1;2;4,73696;6;15,35838;0,1684903;0,0399318;0,1001718;-0,1294606;0,1891681
6;torus;1;2;4,750634;6;15,35838;0,248821;0,03535023;0,21523;-0,1197427;0,1890109
6;torus;1;2;4,764933;6;15,35838;0,1776262;0,03052868;0,1489716;-0,09179612;0,1887944
6;torus;1;2;4,778931;6;15,35838;0,1776262;0,03052868;0,1489716;-0,09179612;0,1887944
6;torus;1;2;4,792448;6;15,35838;0,1118517;0,004707036;0,09538715;-0,05822308;0,1888067
6;torus;1;2;4,806601;6;15,35838;0,1085145;-0,004894104;0,1047809;-0,02779223;0,1845083
6;torus;1;2;4,820779;6;15,35838;0,1317454;0,002746429;0,1274259;-0,03334607;0,1851904
6;torus;1;2;4,834844;6;15,35838;0,1317454;0,002746429;0,1274259;-0,03334607;0,1851904
6;torus;1;2;4,848499;6;15,35838;0,3438232;0,03030415;0,3304118;-0,09013376;0,1868949
6;torus;1;2;4,862814;6;15,35838;0,1546215;0,005373182;0,1511519;-0,03212554;0,1957195
6;torus;1;2;4,876317;6;15,35838;0,1546215;0,005373182;0,1511519;-0,03212554;0,1957195
6;torus;1;2;4,890074;6;15,35838;0,1204087;-0,01054176;0,1189181;-0,01567241;0,1945146
6;torus;1;2;4,904071;6;15,35838;0,1000068;-0,002954009;0,09884517;-0,01490868;0,1934434
6;torus;1;2;4,917774;6;15,35838;0,1000068;-0,002954009;0,09884517;-0,01490868;0,1984356
6;torus;1;2;4,931669;6;15,35838;0,08624613;-0,01542757;0,0848292;-0,002095369;0,1976469
6;torus;1;2;4,945977;6;15,35838;0,05177058;-0,02538365;0,03932733;0,02211842;0,1977841
6;torus;1;2;4,959846;6;15,35838;0,05177058;-0,02538365;0,03932733;0,02211842;0,1977841
6;torus;1;2;4,974314;6;15,35838;0,07598536;-0,04666213;0,03819104;0,04623705;0,198482
6;torus;1;2;4,987932;6;15,35838;0,02910965;-0,02196073;0,01637372;0,009848806;0,1986563
6;torus;1;2;5,001617;6;15,35838;0,01329877;-0,01327704;-0,0006920407;-0,0003140199;0,1987796
6;torus;1;2;5,015889;6;15,35838;0,01329877;-0,01327704;-0,0006920407;-0,0003140199;0,1987796
6;torus;1;2;5,029556;6;15,35838;0,03907395;-0,02435902;-0,02980271;-0,006723832;0,1992099
6;torus;1;2;5,043814;6;15,35838;0,02099657;-0,01427321;-0,01389117;-0,006645803;0,199387
6;torus;1;2;5,056944;6;15,35838;0,02099657;-0,01427321;-0,01389117;-0,006645803;0,199387
6;torus;1;2;5,071552;6;15,35838;0,06020093;-0,01981653;-0,04770711;-0,03091098;0,1996155
6;torus;1;2;5,084718;6;15,35838;0,09749553;0,001596439;-0,06849028;-0,06936795;0,1993218
6;torus;1;2;5,09909;6;15,35838;0,09749553;0,001596439;-0,06849028;-0,06936795;0,1993218
6;torus;1;2;5,112717;6;15,35838;0,1654362;0,03599461;-0,05403771;-0,1521626;0,1974035
6;torus;1;2;5,126905;6;15,35838;0,09457325;0,004562572;-0,05931982;-0,07351491;0,1969694
6;torus;1;2;5,140934;6;15,35838;0,09168895;-0,008403491;-0,06921539;-0,05954388;0,1884744
6;torus;1;2;5,154744;6;15,35838;0,09168895;-0,008403491;-0,06921539;-0,05954388;0,1884744
6;torus;1;2;5,168942;6;15,35838;0,1751609;0,007206657;-0,1080013;-0,137714;0,185258
6;torus;1;2;5,183259;6;15,35838;0,1679381;0,01033588;-0,1089908;-0,1273474;0,1920508
6;torus;1;2;5,196588;6;15,35838;0,1679381;0,01033588;-0,1089908;-0,1273474;0,1920508
6;torus;1;2;5,210526;6;15,35838;0,2845874;0,0358187;-0,1659662;-0,2283906;0,1900299
6;torus;1;2;5,22447;6;15,35838;0,2387246;0,04533835;-0,1167939;-0,2032069;0,1678833
6;torus;1;2;5,238432;6;15,35838;0,2387246;0,04533835;-0,1167939;-0,2032069;0,1678833
6;torus;1;2;5,252422;6;15,35838;0,2831829;0,05934049;-0,09220159;-0,2610942;0,1625838
6;torus;1;2;5,265998;6;15,35838;0,1533528;0,02543659;-0,03429025;-0,1472896;0,1598695
6;torus;1;2;5,280411;6;15,35838;0,1306953;0,02210004;0,0007039803;-0,1288113;0,1578521
6;torus;1;2;5,29408;6;15,35838;0,1306953;0,02210004;0,0007039803;-0,1288113;0,1578521
6;torus;1;2;5,308166;6;15,35838;0,1904846;0,02265699;0,05481393;-0,1810151;0,1557376
6;torus;1;2;5,321767;6;15,35838;0,1787352;0,02764806;0,067703;-0,1630894;0,1540432
6;torus;1;2;5,335712;6;15,35838;0,1787352;0,02764806;0,067703;-0,1630894;0,1540432
6;torus;1;2;5,350032;6;15,35838;0,3300807;0,06816182;0,1883806;-0,2623357;0,1522391
6;torus;1;2;5,363808;6;15,35838;0,2536173;0,04221144;0,1632055;-0,1894832;0,1515127
6;torus;1;2;5,377745;6;15,35838;0,2536173;0,04221144;0,1632055;-0,1894832;0,1559775
6;torus;1;2;5,392265;6;15,35838;0,2253865;0,009600434;0,1791278;-0,1364556;0,1565252
6;torus;1;2;5,405628;6;15,35838;0,2345497;0,02125956;0,1870956;-0,1398457;0,1571597
6;torus;1;2;5,419311;6;15,35838;0,2345497;0,02125956;0,1870956;-0,1398457;0,1557175
6;torus;1;2;5,433446;6;15,35838;0,2354359;0,03216099;0,1772295;-0,1516094;0,1558564
6;torus;1;2;5,447337;6;15,35838;0,1741595;0,02897148;0,1025545;-0,1377489;0,1490238
6;torus;1;2;5,461135;6;15,35838;0,1742257;0,03038799;0,08618466;-0,1483354;0,1448487
6;torus;1;2;5,474768;6;15,35838;0,1742257;0,03038799;0,08618466;-0,1483354;0,1538491
6;torus;1;2;5,48896;6;15,35838;0,2438295;0,05146179;0,1098137;-0,2115312;0,1521733
6;torus;1;2;5,502793;6;15,35838;0,2119673;0,04406844;0,09838662;-0,1825053;0,131064
6;torus;1;2;5,517025;6;15,35838;0,2119673;0,04406844;0,09838662;-0,1825053;0,1376884
6;torus;1;2;5,530632;6;15,35838;0,1428183;0,02224044;0,06093598;-0,1272369;0,1350865
6;torus;1;2;5,544678;6;15,35838;0,1111229;0,01076427;0,05221213;-0,09750035;0,1331058
6;torus;1;2;5,558624;6;15,35838;0,1111229;0,01076427;0,05221213;-0,09750035;0,1331058
6;torus;1;2;5,572772;6;15,35838;0,1309706;0,01269741;0,03965531;-0,1241754;0,1308909
6;torus;1;2;5,586617;6;15,35838;0,1624613;0,02920473;0,02986446;-0,1569996;0,1281915
6;torus;1;2;5,600939;6;15,35838;0,1721097;0,03739853;0,01170792;-0,1675889;0,1321346
6;torus;1;2;5,614457;6;15,35838;0,1721097;0,03739853;0,01170792;-0,1675889;0,138511
6;torus;1;2;5,628291;6;15,35838;0,1645177;0,03232561;0,004292348;-0,1612535;0,1365909
6;torus;1;2;5,642503;6;15,35838;0,1545756;0,03062133;0,002759816;-0,151487;0,1348154
6;torus;1;2;5,656249;6;15,35838;0,1545756;0,03062133;0,002759816;-0,151487;0,1271979
6;torus;1;2;5,66986;6;15,35838;0,2029347;0,03968083;-0,01286007;-0,1986014;0,124327
6;torus;1;2;5,684027;6;15,35838;0,1687013;0,02958272;-0,01466387;-0,1654387;0,134997
6;torus;1;2;5,697881;6;15,35838;0,1687013;0,02958272;-0,01466387;-0,1654387;0,134997
6;torus;1;2;5,711455;6;15,35838;0,1762259;0,02694728;-0,02059172;-0,1729318;0,132734
6;torus;1;2;5,725628;6;15,35838;0,1961887;0,03500978;-0,02051059;-0,191947;0,1287171
6;torus;1;2;5,740071;6;15,35838;0,1665368;0,02812947;-0,02122964;-0,1627653;0,1263934
6;torus;1;2;5,753858;6;15,35838;0,1665368;0,02812947;-0,02122964;-0,1627653;0,1263934
6;torus;1;2;5,767469;6;15,35838;0,1926565;0,03293376;-0,00989422;-0,1895626;0,1239323
6;torus;1;2;5,781511;6;15,35838;0,194558;0,0330157;-0,01535859;-0,1911201;0,1214566
6;torus;1;2;5,79538;6;15,35838;0,194558;0,0330157;-0,01535859;-0,1911201;0,1214566
6;torus;1;2;5,809875;6;15,35838;0,1547336;0,02649546;-0,02233035;-0,150804;0,1194169
6;torus;1;2;5,823129;6;15,35838;0,1606558;0,02788997;-0,02520018;-0,1561967;0,1173202
6;torus;1;2;5,837201;6;15,35838;0,1606558;0,02788997;-0,02520018;-0,1561967;0,1221396
6;torus;1;2;5,851387;6;15,35838;0,2032789;0,03660512;-0,02471838;-0,1984223;0,1194036
6;torus;1;2;5,864784;6;15,35838;0,2220598;0,04175527;-0,0318445;-0,2157614;0,1164281
6;torus;1;2;5,878807;6;15,35838;0,2220598;0,04175527;-0,0318445;-0,2157614;0,1214244
6;torus;1;2;5,892657;6;15,35838;0,2971531;0,05976049;-0,03504151;-0,2889649;0,117316
6;torus;1;2;5,906817;6;15,35838;0,2915277;0,06054864;-0,0300851;-0,2835792;0,1134773
6;torus;1;2;5,920487;6;15,35838;0,2721741;0,05389082;-0,04055987;-0,2636843;0,1099225
6;torus;1;2;5,934655;6;15,35838;0,2721741;0,05389082;-0,04055987;-0,2636843;0,1099225
6;torus;1;2;5,948666;6;15,35838;0,3693697;0,07831325;-0,04929005;-0,3575912;0,1053765
6;torus;1;2;5,962665;6;15,35838;0,3652643;0,08206063;-0,03279076;-0,3544133;0,112276
6;torus;1;2;5,976558;6;15,35838;0,3652643;0,08206063;-0,03279076;-0,3544133;0,1066893
6;torus;1;2;5,990547;6;15,35838;0,420781;0,09661381;-0,02406238;-0,4088318;0,107332
6;torus;1;2;6,004368;6;15,35838;0,2769787;-0,01942084;-0,02702909;-0,2749718;0,1092407
6;torus;1;2;6,033046;6;15,35838;0,1390056;0,002675205;-0,02128682;-0,13734;0,1177307
6;torus;1;2;6,046435;6;15,35838;0,1981141;-0,003222756;-0,006371208;-0,1979854;0,1190254
6;torus;1;2;6,059599;6;15,35838;0,1981141;-0,003222756;-0,006371208;-0,1979854;0,1190254
6;torus;1;2;6,073279;6;15,35838;0,2457528;-0,006665587;-0,0005130209;-0,2456619;0,1207203
6;torus;1;2;6,087478;6;15,35838;0,2621403;-0,001433104;-0,01461747;-0,2617285;0,1228597
6;torus;1;2;6,101177;6;15,35838;0,2653052;0,002054542;-0,01766438;-0,2647085;0,1083476
6;torus;1;2;6,115291;6;15,35838;0,2653052;0,002054542;-0,01766438;-0,2647085;0,1083476
6;torus;1;2;6,129457;6;15,35838;0,1677981;-0,0203646;-0,01367161;-0,1659957;0,1101044
6;torus;1;2;6,143382;6;15,35838;0,1823848;-0,006657392;-0,01804226;-0,181368;0,111947
6;torus;1;2;6,157316;6;15,35838;0,1823848;-0,006657392;-0,01804226;-0,181368;0,111947
6;torus;1;2;6,171348;6;15,35838;0,07239938;-0,03873577;-0,02274846;-0,05677779;0,1131954
6;torus;1;2;6,18517;6;15,35838;0,08160596;-0,02337508;-0,01187318;-0,07727979;0,1143127
6;torus;1;2;6,199238;6;15,35838;0,08160596;-0,02337508;-0,01187318;-0,07727979;0,1103074
6;torus;1;2;6,212907;6;15,35838;0,2222311;0,009032175;-0,01076947;-0,2217862;0,1120741
6;torus;1;2;6,227374;6;15,35838;0,2178332;-0,001421258;-0,01060625;-0,2175702;0,1140648
6;torus;1;2;6,240833;6;15,35838;0,2199293;-0,004385129;-0,00416075;-0,2198462;0,1161561
6;torus;1;2;6,254685;6;15,35838;0,2199293;-0,004385129;-0,00416075;-0,2198462;0,1065621
6;torus;1;2;6,268605;6;15,35838;0,09080753;-0,04933111;-0,006404604;-0,07596993;0,1078282
6;torus;1;2;6,282786;6;15,35838;0,1130006;-0,02194472;-0,002995163;-0,1108088;0,1090512
6;torus;1;2;6,296856;6;15,35838;0,1130006;-0,02194472;-0,002995163;-0,1108088;0,1090512
6;torus;1;2;6,311095;6;15,35838;0,1133289;-0,02959105;0,001747798;-0,1093836;0,1103409
6;torus;1;2;6,324777;6;15,35838;0,2554258;-0,06015964;0,02805522;-0,2466497;0,1132492
6;torus;1;2;6,338786;6;15,35838;0,2554258;-0,06015964;0,02805522;-0,2466497;0,1142809
6;torus;1;2;6,353242;6;15,35838;0,5204645;0,05574135;0,08265392;-0,5108273;0,1170859
6;torus;1;2;6,366608;6;15,35838;0,5972707;0,1405481;0,1031075;-0,5712682;0,110333
6;torus;1;2;6,380235;6;15,35838;0,4975109;0,1353973;0,08209873;-0,4716402;0,1129897
6;torus;1;2;6,394297;6;15,35838;0,4975109;0,1353973;0,08209873;-0,4716402;0,1074768
6;torus;1;2;6,408068;6;15,35838;0,6292585;0,1912701;0,081778;-0,5938808;0,1120788
6;torus;1;2;6,421913;6;15,35838;0,5863711;0,1730055;0,08016352;-0,5545033;0,1240222
6;torus;1;2;6,43581;6;15,35838;0,5863711;0,1730055;0,08016352;-0,5545033;0,1251944
6;torus;1;2;6,44946;6;15,35838;1,349029;0,37244;0,1957086;-1,281743;0,1374965
6;torus;1;2;6,463301;6;15,35838;1,083591;0,2870956;0,1680033;-1,031271;0,1559763
6;torus;1;2;6,477715;6;15,35838;1,083591;0,2870956;0,1680033;-1,031271;0,1773056
6;torus;1;2;6,491379;6;15,35838;2,21545;0,5370234;0,3619219;-2,118688;0,2083105
6;torus;1;2;6,505539;6;15,35838;1,205748;0,2712366;0,2253823;-1,153023;0,2239548
6;torus;1;2;6,519424;6;15,35838;1,205748;0,2712366;0,2253823;-1,153023;0,2198075
6;torus;1;2;6,533439;6;15,35838;1,282856;0,2089764;0,2894001;-1,232191;0,2397085
6;torus;1;2;6,547332;6;15,35838;0,3052327;0,0179867;0,1233881;-0,2786016;0,2134957
6;torus;1;2;6,561334;6;15,35838;0,215069;0,002006528;0,08233832;-0,1986732;0,2092748
6;torus;1;2;6,575145;6;15,35838;0,215069;0,002006528;0,08233832;-0,1986732;0,2092748
6;torus;1;2;6,589144;6;15,35838;0,3874693;0,0112081;0,1411303;-0,3606787;0,2016419
6;torus;1;2;6,603088;6;15,35838;0,1928672;-0,008383531;0,01004391;-0,1924229;0,2013211
6;torus;1;2;6,616938;6;15,35838;0,1928672;-0,008383531;0,01004391;-0,1924229;0,2013211
6;torus;1;2;6,630608;6;15,35838;0,3658066;0,009157718;0,1466737;-0,3349887;0,1941245
6;torus;1;2;6,644771;6;15,35838;0,285757;0,01607667;0,08950609;-0,2709009;0,1884787
6;torus;1;2;6,658545;6;15,35838;0,285757;0,01607667;0,08950609;-0,2709009;0,1884787
6;torus;1;2;6,672855;6;15,35838;0,374038;0,01384984;0,1034324;-0,3591857;0,1811391
6;torus;1;2;6,686886;6;15,35838;0,3581883;0,02927051;0,1698238;-0,3140095;0,1721932
6;torus;1;2;6,700762;6;15,35838;0,3323865;0,03289653;0,1855404;-0,2738127;0,1657398
6;torus;1;2;6,714169;6;15,35838;0,3323865;0,03289653;0,1855404;-0,2738127;0,1657398
6;torus;1;2;6,728447;6;15,35838;0,4837381;0,04250239;0,29254;-0,3829053;0,1565374
6;torus;1;2;6,742036;6;15,35838;0,4135428;0,03563763;0,2561724;-0,3226814;0,1521529
6;torus;1;2;6,756075;6;15,35838;0,4135428;0,03563763;0,2561724;-0,3226814;0,1521529
6;torus;1;2;6,769867;6;15,35838;0,5073721;0,03598017;0,4009879;-0,3087727;0,1435311
6;torus;1;2;6,783783;6;15,35838;0,4523465;0,02194049;0,3825843;-0,2403439;0,1351214
6;torus;1;2;6,79766;6;15,35838;0,4523465;0,02194049;0,3825843;-0,2403439;0,1477351
6;torus;1;2;6,811512;6;15,35838;0,5448619;0,002106502;0,5156344;-0,1760434;0,1411888
6;torus;1;2;6,825692;6;15,35838;0,5617082;0,009757638;0,5346788;-0,1718705;0,1376949
6;torus;1;2;6,839683;6;15,35838;0,5617082;0,009757638;0,5346788;-0,1718705;0,1376949
6;torus;1;2;6,853364;6;15,35838;0,7088727;0,02863956;0,6633782;-0,2482127;0,1296185
6;torus;1;2;6,867518;6;15,35838;0,6703755;0,03347819;0,6235912;-0,243755;0,1401761
6;torus;1;2;6,881556;6;15,35838;0,6921085;0,03817986;0,6405386;-0,2593583;0,1464786
6;torus;1;2;6,895259;6;15,35838;0,6921085;0,03817986;0,6405386;-0,2593583;0,1324222
6;torus;1;2;6,909363;6;15,35838;0,5689008;0,01949343;0,5414936;-0,1733574;0,1348072
6;torus;1;2;6,923226;6;15,35838;0,5134042;0,003365936;0,5018507;-0,1082516;0,1295877
6;torus;1;2;6,937097;6;15,35838;0,5134042;0,003365936;0,5018507;-0,1082516;0,1295877
6;torus;1;2;6,950994;6;15,35838;0,6221078;-0,02703998;0,6211199;-0,02229458;0,1365554
6;torus;1;2;6,964851;6;15,35838;0,5506553;-0,02430608;0,5495625;-0,02472875;0,144385
6;torus;1;2;6,979084;6;15,35838;0,5506553;-0,02430608;0,5495625;-0,02472875;0,138834
6;torus;1;2;6,99258;6;15,35838;0,619396;0,002603177;0,5953368;-0,170935;0,142924
6;torus;1;2;7,006488;6;15,35838;0,5255802;0,01227834;0,4871269;-0,1969548;0,1397901
6;torus;1;2;7,020411;6;15,35838;0,3893261;0,01465092;0,3451321;-0,1795662;0,1414902
6;torus;1;2;7,034181;6;15,35838;0,3893261;0,01465092;0,3451321;-0,1795662;0,1323988
6;torus;1;2;7,048693;6;15,35838;0,5255358;0,02579386;0,4401123;-0,2860485;0,1338808
6;torus;1;2;7,063615;6;15,35838;0,4866536;0,02528054;0,3966399;-0,2808369;0,135478
6;torus;1;2;7,078465;6;15,35838;0,4866536;0,02528054;0,3966399;-0,2808369;0,135478
6;torus;1;2;7,104119;6;15,35838;0,4410417;0,02415756;0,3449531;-0,2737545;0,1383621
6;torus;1;2;7,119824;6;15,35838;0,4410417;0,02415756;0,3449531;-0,2737545;0,1297994
6;torus;1;2;7,145661;6;15,35838;0,5031599;0,03136392;0,3689182;-0,3407133;0,1381363
6;torus;1;2;7,16097;6;15,35838;0,6473498;0,03835708;0,471309;-0,4421067;0,1302813
6;torus;1;2;7,187178;6;15,35838;0,5225278;0,03327571;0,3793711;-0,3577787;0,1343952
6;torus;1;2;7,201659;6;15,35838;0,7121324;0,04757227;0,4950365;-0,5097139;0,1320542
6;torus;1;2;7,216554;6;15,35838;0,7121324;0,04757227;0,4950365;-0,5097139;0,1347026
6;torus;1;2;7,231311;6;15,35838;0,7375197;0,05037156;0,482007;-0,5559382;0,1405167
6;torus;1;2;7,257044;6;15,35838;0,6360687;0,03411334;0,4310738;-0,4664708;0,1467649
6;torus;1;2;7,285452;6;15,35838;0,5281306;0,02563857;0,3375916;-0,405335;0,1606457
6;torus;1;2;7,312951;6;15,35838;0,6755482;0,0348065;0,3663172;-0,5665383;0,1584345
6;torus;1;2;7,340997;6;15,35838;0,4194098;0,01823837;0,1789253;-0,3788901;0,1678709
6;torus;1;2;7,368481;6;15,35838;0,4517176;0,02223986;0,00133526;-0,4511678;0,1771624
6;torus;1;2;7,383862;6;15,35838;0,6967492;0,05127777;-0,1843044;-0,6699716;0,1744237
6;torus;1;2;7,409867;6;15,35838;0,6127737;0,05334631;-0,3222888;-0,5184358;0,1701651
6;torus;1;2;7,425902;6;15,35838;0,712258;0,05436241;-0,4713409;-0,5312193;0,1641531
6;torus;1;2;7,451623;6;15,35838;0,6094486;0,03786553;-0,4196085;-0,4403662;0,1594069
6;torus;1;2;7,47987;6;15,35838;0,8476719;0,05034509;-0,5681025;-0,6271145;0,154503
6;torus;1;2;7,495368;6;15,35838;0,8756745;0,04732548;-0,5288198;-0,696359;0,1544362
6;torus;1;2;7,52142;6;15,35838;0,2697865;0,0112975;-0,1306382;-0,2357769;0,1575454
6;torus;1;2;7,536436;6;15,35838;0,2697865;0,0112975;-0,1306382;-0,2357769;0,1510752
6;torus;1;2;7,550496;6;15,35838;0,6882074;0,01519705;-0,3501584;-0,5922732;0,1538429
6;torus;1;2;7,564888;6;15,35838;0,6124237;0,01132146;-0,3101247;-0,5279746;0,150001
6;torus;1;2;7,590786;6;15,35838;0,5552433;0,002915822;-0,2903672;-0,4732584;0,1532217
6;torus;1;2;7,606588;6;15,35838;0,5967946;-0,006317009;-0,3051142;-0,5128638;0,1576008
6;torus;1;2;7,632807;6;15,35838;0,4442445;-0,01383829;-0,2972271;-0,3298753;0,1651863
6;torus;1;2;7,648497;6;15,35838;0,6181337;-0,02503451;-0,4610634;-0,4109538;0,1641191
6;torus;1;2;7,674294;6;15,35838;0,5477836;-0,01833434;-0,4159991;-0,3559149;0,1641461
6;torus;1;2;7,689156;6;15,35838;0,5745648;-0,02432622;-0,4591167;-0,3445936;0,1655089
6;torus;1;2;7,716677;6;15,35838;0,4841465;-0,02894603;-0,4185446;-0,2416203;0,1661026
6;torus;1;2;7,731437;6;15,35838;0,6046518;-0,04363349;-0,5274876;-0,2923299;0,171135
6;torus;1;2;7,745277;6;15,35838;0,4288187;-0,0360832;-0,3648972;-0,2223365;0,1671448
6;torus;1;2;7,759394;6;15,35838;0,4288187;-0,0360832;-0,3648972;-0,2223365;0,1671448
6;torus;1;2;7,773079;6;15,35838;0,5445995;-0,05838556;-0,4996207;-0,2087076;0,1669513
6;torus;1;2;7,787611;6;15,35838;0,438783;-0,04845661;-0,4153331;-0,1329696;0,1665629
6;torus;1;2;7,813718;6;15,35838;0,3883394;-0,05330283;-0,381803;-0,04682647;0,1681462
6;torus;1;2;7,829133;6;15,35838;0,5530546;-0,07808561;-0,5462943;0,03653235;0,1639793
6;torus;1;2;7,855315;6;15,35838;0,3403657;-0,065974;-0,3313315;0,04142077;0,1641483
6;torus;1;2;7,869446;6;15,35838;0,3899819;-0,08504819;-0,3803214;-0,01443356;0,1624496
6;torus;1;2;7,884386;6;15,35838;0,3646294;-0,07234181;-0,3573562;0,004222247;0,1728096
6;torus;1;2;7,898236;6;15,35838;0,3646294;-0,07234181;-0,3573562;0,004222247;0,1728096
6;torus;1;2;7,912063;6;15,35838;0,61537;-0,1255005;-0,56941;0,1967287;0,1666256
6;torus;1;2;7,925778;6;15,35838;0,4547511;-0,09621138;-0,4148217;0,1595772;0,1688984
6;torus;1;2;7,939235;6;15,35838;0,4547511;-0,09621138;-0,4148217;0,1595772;0,1649589
6;torus;1;2;7,952502;6;15,35838;0,5525134;-0,1211922;-0,5374327;0,04182737;0,162675
6;torus;1;2;7,966819;6;15,35838;0,4194192;-0,0915616;-0,408411;-0,02700713;0,1605172
6;torus;1;2;7,981027;6;15,35838;0,3244951;-0,07015362;-0,3116614;-0,05694494;0,1631789
6;torus;1;2;7,994709;6;15,35838;0,3244951;-0,07015362;-0,3116614;-0,05694494;0,1602554
6;torus;1;2;8,009018;6;15,35838;0,506803;-0,1096201;-0,4462855;-0,2136865;0,1663925
6;torus;1;2;8,022948;6;15,35838;0,3826882;-0,08663412;-0,3244973;-0,1834291;0,1715901
6;torus;1;2;8,036794;6;15,35838;0,3826882;-0,08663412;-0,3244973;-0,1834291;0,1715901
6;torus;1;2;8,050779;6;15,35838;0,4802582;-0,1150745;-0,3883514;-0,2580485;0,1787171
6;torus;1;2;8,064604;6;15,35838;0,342488;-0,09005062;-0,2734804;-0,1854654;0,1895765
6;torus;1;2;8,078671;6;15,35838;0,342488;-0,09005062;-0,2734804;-0,1854654;0,1895765
6;torus;1;2;8,092899;6;15,35838;0,4907233;-0,1297611;-0,3722199;-0,2922734;0,197541
6;torus;1;2;8,106893;6;15,35838;0,3009185;-0,07580402;-0,1154655;-0,2673452;0,1987793
6;torus;1;2;8,120234;6;15,35838;0,2877401;-0,0677658;-0,1037679;-0,2596813;0,2041028
6;torus;1;2;8,134212;6;15,35838;0,2877401;-0,0677658;-0,1037679;-0,2596813;0,2029075
6;torus;1;2;8,148008;6;15,35838;0,3694828;-0,1022356;-0,1883578;-0,3009763;0,209735
6;torus;1;2;8,162321;6;15,35838;0,2343498;-0,06022745;-0,1383849;-0,1792822;0,2140387
6;torus;1;2;8,175856;6;15,35838;0,2343498;-0,06022745;-0,1383849;-0,1792822;0,2140387
6;torus;1;2;8,19015;6;15,35838;0,2906926;-0,09852427;-0,2712603;-0,03482796;0,2168455
6;torus;1;2;8,204443;6;15,35838;0,1276187;-0,04616405;-0,1189317;0,003262643;0,2234706
6;torus;1;2;8,21811;6;15,35838;0,1276187;-0,04616405;-0,1189317;0,003262643;0,2234706
6;torus;1;2;8,232105;6;15,35838;0,04725129;-0,03358896;0,02925555;-0,0157664;0,2234634
6;torus;1;2;8,24599;6;15,35838;0,09434649;-0,04409137;-0,07312252;-0,04012863;0,2246809
6;torus;1;2;8,259943;6;15,35838;0,09434649;-0,04409137;-0,07312252;-0,04012863;0,2246809
6;torus;1;2;8,27386;6;15,35838;0,2156727;-0,08333135;-0,05210847;-0,1919773;0,2284519
6;torus;1;2;8,287562;6;15,35838;0,1566057;-0,04416534;-0,01610059;-0,1493839;0,2312438
6;torus;1;2;8,30146;6;15,35838;0,2256735;-0,04845714;-0,01629889;-0,2198063;0,2231524
6;torus;1;2;8,315254;6;15,35838;0,2256735;-0,04845714;-0,01629889;-0,2198063;0,2231524
6;torus;1;2;8,329631;6;15,35838;0,4842348;-0,090953;0,02911027;-0,4747247;0,2144949
6;torus;1;2;8,343098;6;15,35838;0,3082381;-0,04539276;0,1022051;-0,2872357;0,2085658
6;torus;1;2;8,357019;6;15,35838;0,3082381;-0,04539276;0,1022051;-0,2872357;0,2076231
6;torus;1;2;8,371074;6;15,35838;0,3952534;-0,06747828;0,1350144;-0,3652985;0,199983
6;torus;1;2;8,385065;6;15,35838;0,2552957;-0,04468359;0,1097519;-0,2261279;0,1950481
6;torus;1;2;8,399052;6;15,35838;0,2552957;-0,04468359;0,1097519;-0,2261279;0,1950481
6;torus;1;2;8,413137;6;15,35838;0,3910408;-0,065863;0,1816453;-0,3399706;0,187504
6;torus;1;2;8,426818;6;15,35838;0,2097109;-0,0484507;0,05932286;-0,1952229;0,1880124
6;torus;1;2;8,440688;6;15,35838;0,1490808;-0,03868979;0,06819363;-0,1267983;0,1852299
6;torus;1;2;8,454805;6;15,35838;0,1490808;-0,03868979;0,06819363;-0,1267983;0,1852299
6;torus;1;2;8,468775;6;15,35838;0,3435163;-0,06816477;0,1936561;-0,2754166;0,17875
6;torus;1;2;8,482479;6;15,35838;0,2429449;-0,05237364;0,1121498;-0,2090493;0,1741715
6;torus;1;2;8,496649;6;15,35838;0,2429449;-0,05237364;0,1121498;-0,2090493;0,1727498
6;torus;1;2;8,510257;6;15,35838;0,27444;-0,06442866;0,06365985;-0,2590631;0,1675949
6;torus;1;2;8,524235;6;15,35838;0,164095;-0,04671342;0,04860533;-0,149608;0,1645211
6;torus;1;2;8,538642;6;15,35838;0,164095;-0,04671342;0,04860533;-0,149608;0,1645211
6;torus;1;2;8,552563;6;15,35838;0,0832402;-0,04330736;0,02569153;-0,06628234;0,163137
6;torus;1;2;8,565945;6;15,35838;0,06330505;-0,04448676;-0,008642327;-0,04420145;0,1624732
6;torus;1;2;8,58025;6;15,35838;0,04968275;-0,03755398;-0,00609208;-0,03195247;0,162001
6;torus;1;2;8,59381;6;15,35838;0,04968275;-0,03755398;-0,00609208;-0,03195247;0,162001
6;torus;1;2;8,608014;6;15,35838;0,08417374;-0,05523144;0,008739023;-0,0629153;0,1608663
6;torus;1;2;8,622327;6;15,35838;0,06523824;-0,04977586;-0,008032039;-0,04139901;0,160273
6;torus;1;2;8,636132;6;15,35838;0,06523824;-0,04977586;-0,008032039;-0,04139901;0,160273
6;torus;1;2;8,649824;6;15,35838;0,07136282;-0,05900452;-0,03291664;-0,02296983;0,1602631
6;torus;1;2;8,663925;6;15,35838;0,06834912;-0,05555484;-0,03644907;-0,01602272;0,1604163
6;torus;1;2;8,677439;6;15,35838;0,06834912;-0,05555484;-0,03644907;-0,01602272;0,1604163
6;torus;1;2;8,691443;6;15,35838;0,1023353;-0,0734333;-0,06683592;-0,0247594;0,1607601
6;torus;1;2;8,704963;6;15,35838;0,1006105;-0,0640673;-0,06831782;-0,03674966;0,1603489
6;torus;1;2;8,718967;6;15,35838;0,1006105;-0,0640673;-0,06831782;-0,03674966;0,1555077
6;torus;1;2;8,733171;6;15,35838;0,1091957;-0,06964245;-0,07498902;-0,03808253;0,1555737
6;torus;1;2;8,747034;6;15,35838;0,08695906;-0,05770781;-0,06086078;-0,02297066;0,1557902
6;torus;1;2;8,760771;6;15,35838;0,07373825;-0,04988299;-0,05079507;-0,01920617;0,1559865
6;torus;1;2;8,774976;6;15,35838;0,07373825;-0,04988299;-0,05079507;-0,01920617;0,1559865
6;torus;1;2;8,788824;6;15,35838;0,1145419;-0,06391955;-0,02043258;-0,09282585;0,154634
6;torus;1;2;8,803029;6;15,35838;0,1093016;-0,05296057;-0,02301975;-0,09280147;0,1533152
6;torus;1;2;8,816715;6;15,35838;0,1093016;-0,05296057;-0,02301975;-0,09280147;0,1533152
6;torus;1;2;8,831022;6;15,35838;0,1285506;-0,05279037;-0,003870524;-0,1171472;0,1514042
6;torus;1;2;8,844765;6;15,35838;0,1178357;-0,04036889;0,00450334;-0,1106134;0,1495197
6;torus;1;2;8,858871;6;15,35838;0,1178357;-0,04036889;0,00450334;-0,1106134;0,1490543
6;torus;1;2;8,872711;6;15,35838;0,1572779;-0,03889923;-0,007990061;-0,1521819;0,1465406
6;torus;1;2;8,886459;6;15,35838;0,1810962;-0,03411029;0,001662466;-0,177847;0,143512
6;torus;1;2;8,900259;6;15,35838;0,1706285;-0,02865673;-0,0007339019;-0,1682032;0,1406964
6;torus;1;2;8,91412;6;15,35838;0,1706285;-0,02865673;-0,0007339019;-0,1682032;0,1491973
6;torus;1;2;8,927998;6;15,35838;0,1093106;-0,02475228;-0,03668889;-0,0999503;0,1478774
6;torus;1;2;8,942142;6;15,35838;0,08151278;-0,02219246;-0,03372359;-0,07081347;0,1470395
6;torus;1;2;8,956173;6;15,35838;0,08151278;-0,02219246;-0,03372359;-0,07081347;0,1470395
6;torus;1;2;8,969689;6;15,35838;0,08413532;-0,02486871;-0,05085262;-0,06224397;0,146545
6;torus;1;2;8,983947;6;15,35838;0,1292847;-0,02843183;-0,1007939;-0,07580727;0,1463919
6;torus;1;2;8,997808;6;15,35838;0,1292847;-0,02843183;-0,1007939;-0,07580727;0,1463919
6;torus;1;2;9,011692;6;15,35838;0,263131;-0,04015959;-0,1624999;-0,2030244;0,1449168
6;torus;1;2;9,02539;6;15,35838;0,2144118;-0,03403369;-0,1395935;-0,159147;0,1440341
6;torus;1;2;9,039415;6;15,35838;0,2144118;-0,03403369;-0,1395935;-0,159147;0,1440341
6;torus;1;2;9,053452;6;15,35838;0,1740767;-0,03466175;-0,1338071;-0,1058156;0,1440357
6;torus;1;2;9,067548;6;15,35838;0,1436435;-0,03078878;-0,1068964;-0,09087717;0,1440035
6;torus;1;2;9,081148;6;15,35838;0,1181422;-0,02635334;-0,08389398;-0,07889787;0,1376435
6;torus;1;2;9,095044;6;15,35838;0,1181422;-0,02635334;-0,08389398;-0,07889787;0,1376435
6;torus;1;2;9,108717;6;15,35838;0,1507578;-0,03072341;-0,1027773;-0,1059283;0,1372774
6;torus;1;2;9,122607;6;15,35838;0,1564033;-0,03032427;-0,1086318;-0,1083585;0,1370135
6;torus;1;2;9,136606;6;15,35838;0,1564033;-0,03032427;-0,1086318;-0,1083585;0,1370135
6;torus;1;2;9,150808;6;15,35838;0,1703383;-0,03652234;-0,134558;-0,09785401;0,1373283
6;torus;1;2;9,165123;6;15,35838;0,1657108;-0,03611388;-0,131457;-0,09420685;0,1447593
6;torus;1;2;9,178821;6;15,35838;0,1657108;-0,03611388;-0,131457;-0,09420685;0,1447593
6;torus;1;2;9,192665;6;15,35838;0,2293628;-0,04839589;-0,1608918;-0,1561377;0,1445079
6;torus;1;2;9,206749;6;15,35838;0,2439056;-0,04915877;-0,1546747;-0,1820689;0,1439404
6;torus;1;2;9,220557;6;15,35838;0,2871206;-0,05453334;-0,1586974;-0,2329796;0,1428849
6;torus;1;2;9,234407;6;15,35838;0,2871206;-0,05453334;-0,1586974;-0,2329796;0,1428849
6;torus;1;2;9,248573;6;15,35838;0,4358626;-0,082019;-0,182113;-0,3874067;0,1403834
6;torus;1;2;9,26222;6;15,35838;0,400936;-0,07556715;-0,1514784;-0,3634468;0,1371602
6;torus;1;2;9,276101;6;15,35838;0,400936;-0,07556715;-0,1514784;-0,3634468;0,1371602
6;torus;1;2;9,29002;6;15,35838;0,460143;-0,08683142;-0,1080394;-0,4387703;0,1330071
6;torus;1;2;9,303934;6;15,35838;0,4253621;-0,08058278;-0,07362533;-0,4111188;0,13492
6;torus;1;2;9,317916;6;15,35838;0,4253621;-0,08058278;-0,07362533;-0,4111188;0,13492
6;torus;1;2;9,331585;6;15,35838;0,5797985;-0,1153023;-0,04446238;-0,5664757;0,1286062
6;torus;1;2;9,345721;6;15,35838;0,5041844;-0,1007491;-0,01745095;-0,4937074;0,1274556
6;torus;1;2;9,359621;6;15,35838;0,5041844;-0,1007491;-0,01745095;-0,4937074;0,1259247
6;torus;1;2;9,373869;6;15,35838;0,4181744;-0,08419142;0,02034406;-0,409106;0,122948
6;torus;1;2;9,387897;6;15,35838;0,410719;-0,08294345;0,02467766;-0,4014991;0,1205181
6;torus;1;2;9,401382;6;15,35838;0,3282866;-0,06732312;0,006164937;-0,3212501;0,1184053
6;torus;1;2;9,415296;6;15,35838;0,3282866;-0,06732312;0,006164937;-0,3212501;0,1134263
6;torus;1;2;9,429601;6;15,35838;0,1274493;-0,02512013;0,004901714;-0,1248531;0,1126607
6;torus;1;2;9,443196;6;15,35838;0,1480863;-0,02914264;0,004389314;-0,145124;0,1118504
6;torus;1;2;9,457221;6;15,35838;0,1480863;-0,02914264;0,004389314;-0,145124;0,1118504
6;torus;1;2;9,471089;6;15,35838;0,1913752;-0,03828953;0,005535332;-0,1874239;0,1109022
6;torus;1;2;9,484896;6;15,35838;0,1699164;-0,0102868;-0,01137029;-0,1692232;0,1106815
6;torus;1;2;9,499176;6;15,35838;0,1699164;-0,0102868;-0,01137029;-0,1692232;0,1106815
6;torus;1;2;9,512874;6;15,35838;0,1714845;0,004538208;-0,01356213;-0,1708871;0,1108359
6;torus;1;2;9,526567;6;15,35838;0,1498698;0,007027794;-0,00334055;-0,1496677;0,1110748
6;torus;1;2;9,540569;6;15,35838;0,1305924;0,007936768;0,001653459;-0,1303405;0,1113682
6;torus;1;2;9,554626;6;15,35838;0,1305924;0,007936768;0,001653459;-0,1303405;0,1113682
6;torus;1;2;9,568727;6;15,35838;0,1302044;0,01196609;0,01534204;-0,1287425;0,1116598
6;torus;1;2;9,582506;6;15,35838;0,1220468;0,01282115;0,02451879;-0,1188692;0,1119357
6;torus;1;2;9,596283;6;15,35838;0,1220468;0,01282115;0,02451879;-0,1188692;0,1106528
6;torus;1;2;9,610566;6;15,35838;0,1391986;0,01299126;0,03143728;-0,1349785;0,1111594
6;torus;1;2;9,624393;6;15,35838;0,1325725;0,007615365;0,03147263;-0,1285572;0,1116692
6;torus;1;2;9,638322;6;15,35838;0,1325725;0,007615365;0,03147263;-0,1285572;0,1116692
6;torus;1;2;9,651785;6;15,35838;0,1482196;0,007190838;0,03738718;-0,1432464;0,1123309
6;torus;1;2;9,666029;6;15,35838;0,1445882;0,00912194;0,03836545;-0,1391066;0,113059
6;torus;1;2;9,679399;6;15,35838;0,1445882;0,00912194;0,03836545;-0,1391066;0,113059
6;torus;1;2;9,693442;6;15,35838;0,1581421;0,01275359;0,03905772;-0,1527114;0,1139171
6;torus;1;2;9,707345;6;15,35838;0,1602601;0,01970176;0,04011125;-0,1539033;0,1117197
6;torus;1;2;9,721872;6;15,35838;0,178403;0,02077745;0,04513578;-0,1713438;0,1108371
6;torus;1;2;9,735333;6;15,35838;0,178403;0,02077745;0,04513578;-0,1713438;0,1110243
6;torus;1;2;9,749515;6;15,35838;0,2442821;0,01406051;0,06675765;-0,2345623;0,1097039
6;torus;1;2;9,763517;6;15,35838;0,2131786;-0,01837055;0,06902298;-0,2008568;0,1057569
6;torus;1;2;9,7777;6;15,35838;0,2131786;-0,01837055;0,06902298;-0,2008568;0,1057569
6;torus;1;2;9,791696;6;15,35838;0,1897122;0,05869131;0,04454101;-0,1748203;0,1074969
6;torus;1;2;9,805124;6;15,35838;0,1864988;0,05899534;0,04439245;-0,1712619;0,1094558
6;torus;1;2;9,819242;6;15,35838;0,1864988;0,05899534;0,04439245;-0,1712619;0,1094558
6;torus;1;2;9,833217;6;15,35838;0,1894982;0,04544456;0,04829191;-0,1775169;0,1113185
6;torus;1;2;9,846897;6;15,35838;0,1850609;0,04442003;0,04918552;-0,1727865;0,1132214
6;torus;1;2;9,86098;6;15,35838;0,1989095;0,05040807;0,05448481;-0,1845411;0,1113146
6;torus;1;2;9,87451;6;15,35838;0,1989095;0,05040807;0,05448481;-0,1845411;0,1113146
6;torus;1;2;9,888764;6;15,35838;0,2867429;0,0244256;0,08194723;-0,2736961;0,1132231
6;torus;1;2;9,902411;6;15,35838;0,2816455;0,03662179;0,07873733;-0,2679244;0,1072761
6;torus;1;2;9,916492;6;15,35838;0,2816455;0,03662179;0,07873733;-0,2679244;0,102988
6;torus;1;2;9,930742;6;15,35838;0,4305761;0,001716763;0,1180191;-0,4140825;0,1057404
6;torus;1;2;9,944651;6;15,35838;0,6962813;0,04249701;0,1070443;-0,68669;0,1164632
6;torus;1;2;9,958728;6;15,35838;0,6962813;0,04249701;0,1070443;-0,68669;0,1196757
6;torus;1;2;9,972706;6;15,35838;1,427126;-0,5051703;0,4241478;-1,26554;0,1198454
6;torus;1;2;9,986137;6;15,35838;1,244455;-0,4369692;0,3752075;-1,103153;0,1280593
6;torus;1;2;10,0003;6;15,35838;1,614941;-0,5580414;0,5022489;-1,429815;0,130811
6;torus;1;2;10,01388;6;15,35838;1,614941;-0,5580414;0,5022489;-1,429815;0,1271519
6;torus;1;2;10,02785;6;15,35838;1,15533;-0,3813224;0,3734653;-1,024648;0,1413821
6;torus;1;2;10,04157;6;15,35838;1,028795;-0,3253047;0,3399078;-0,9149092;0,1594731
6;torus;1;2;10,056;6;15,35838;1,028795;-0,3253047;0,3399078;-0,9149092;0,1600843
6;torus;1;2;10,06959;6;15,35838;2,489197;-0,6939098;0,9828063;-2,179147;0,1949902
6;torus;1;2;10,08359;6;15,35838;1,68754;-0,4435572;0,707042;-1,466676;0,2115236
6;torus;1;2;10,09774;6;15,35838;1,68754;-0,4435572;0,707042;-1,466676;0,2132505
6;torus;1;2;10,1116;6;15,35838;2,942324;-0,6346653;1,637183;-2,360953;0,2576776
6;torus;1;2;10,12553;6;15,35838;0,5874231;-0,01721824;0,552727;-0,1981474;0,2710091
6;torus;1;2;10,13974;6;15,35838;0,5874231;-0,01721824;0,552727;-0,1981474;0,2710091
6;torus;1;2;10,1537;6;15,35838;1,261158;0,03653243;1,247004;-0,1848429;0,275361
6;torus;1;2;10,16749;6;15,35838;0,6702131;0,01156926;0,6617226;-0,1057118;0,2718245
6;torus;1;2;10,18219;6;15,35838;0,7277723;0,04059672;0,7254698;0,04120767;0,2743939
6;torus;1;2;10,19687;6;15,35838;0,7277723;0,04059672;0,7254698;0,04120767;0,2726192
6;torus;1;2;10,21114;6;15,35838;1,198239;0,1079738;1,16957;0,2371192;0,2738532
6;torus;1;2;10,23704;6;15,35838;0,8386506;0,07231236;0,8002505;0,2402186;0,2744418
6;torus;1;2;10,26494;6;15,35838;0;0;0;0;0,2765804
6;torus;1;2;10,28082;6;15,35838;1,205305;0,09999275;1,149952;0,3469467;0,284966
6;torus;1;2;10,30627;6;15,35838;0,4364681;0,1142204;0,2000675;0,370717;0,2754123
6;torus;1;2;10,32218;6;15,35838;1,082442;0,170356;0,8414209;0,6592959;0,2721261
6;torus;1;2;10,34751;6;15,35838;0,5905823;0,1439035;0,1632228;0,5490333;0,2600876
6;torus;1;2;10,37552;6;15,35838;1,047514;0,2446592;0,3469914;0,9576142;0,2476659
6;torus;1;2;10,39158;6;15,35838;1,064296;0,2289116;0,3781632;0,9681523;0,2378898
6;torus;1;2;10,41722;6;15,35838;0,4283776;0,096488;0,0737384;0,4108042;0,2324657
6;torus;1;2;10,43377;6;15,35838;0,8375235;0,1823554;0,2173235;0,7880118;0,2236941
6;torus;1;2;10,45869;6;15,35838;0,3665579;0,08934632;0,005088703;0,3554659;0,2186604
6;torus;1;2;10,47381;6;15,35838;0,6402699;0,1420162;0,1118292;0,6142241;0,2112018
6;torus;1;2;10,48869;6;15,35838;0,3159099;0,06427932;0,1076618;0,2899589;0,2099233
6;torus;1;2;10,51459;6;15,35838;0,2363587;0,04893183;0,07405446;0,2190594;0,2079737
6;torus;1;2;10,5299;6;15,35838;0,61177;0,13016;0,08488922;0,591705;0,2013784
6;torus;1;2;10,557;6;15,35838;0,4903884;0,1006391;0,06892744;0,4749753;0,1964984
6;torus;1;2;10,57312;6;15,35838;0,6641979;0,1344089;0,1094448;0,6411825;0,1907923
6;torus;1;2;10,59852;6;15,35838;0,464316;0,1017131;0,003694605;0,4530234;0,1859421
6;torus;1;2;10,62638;6;15,35838;0,2135355;0,04227194;0,04206011;0,2050401;0,1864295
6;torus;1;2;10,65459;6;15,35838;0,6413324;0,1303559;0,02732657;0,6273499;0,1766115
6;torus;1;2;10,67012;6;15,35838;0,7949454;0,1430114;0,1091472;0,7743208;0,1714707
6;torus;1;2;10,69565;6;15,35838;0,7092668;0,1223615;0,06019972;0,6960338;0,1673048
6;torus;1;2;10,71076;6;15,35838;0,9141947;0,1523524;0,07972627;0,8978778;0,1636506
6;torus;1;2;10,73825;6;15,35838;0,6467204;0,1170882;-0,07139334;0,6320131;0,1810668
6;torus;1;2;10,76613;6;15,35838;0,2858622;0,04810143;-0,04722808;0,2778003;0,1791577
6;torus;1;2;10,79389;6;15,35838;0,8995667;0,1377614;-0,154147;0,8754889;0,1669231
6;torus;1;2;10,82138;6;15,35838;0,317317;0,05136712;-0,06759056;0,3057499;0,1673524
6;torus;1;2;10,83648;6;15,35838;0,317317;0,05136712;-0,06759056;0,3057499;0,1651466
6;torus;1;2;10,85123;6;15,35838;0,8665739;0,1481371;-0,2989482;0,7997723;0,1643417
6;torus;1;2;10,87676;6;15,35838;0,651787;0,0974657;-0,1298971;0,6312318;0,1633841
6;torus;1;2;10,89207;6;15,35838;0,7914689;0,1094661;-0,182247;0,7623819;0,1662408
6;torus;1;2;10,91898;6;15,35838;0,5979577;0,08750363;-0,215017;0,5510574;0,1678764
6;torus;1;2;10,94664;6;15,35838;0,342761;0,04552516;-0,1211808;0,3173764;0,1814296
6;torus;1;2;10,96245;6;15,35838;0,6762007;0,08251715;-0,2303423;0,6303815;0,1751138
6;torus;1;2;10,98828;6;15,35838;0,5426165;0,06681;-0,3016399;0,4460745;0,1707809
6;torus;1;2;11,00347;6;15,35838;0,6730317;0,08199358;-0,4718032;0,472917;0,1712302
6;torus;1;2;11,01771;6;15,35838;0,6730317;0,08199358;-0,4718032;0,472917;0,1724823
6;torus;1;2;11,03157;6;15,35838;0,5546452;0,07400346;-0,4440797;0,3239568;0,1718419
6;torus;1;2;11,05818;6;15,35838;0,3795583;0,04737178;-0,3005784;0,2268768;0,1719466
6;torus;1;2;11,07467;6;15,35838;0,5173628;0,05846937;-0,4264153;0,2870811;0,1773347
6;torus;1;2;11,09928;6;15,35838;0,4018635;0,04104915;-0,3632438;0,1669225;0,1732973
6;torus;1;2;11,11439;6;15,35838;0,5825371;0,05206734;-0,5187897;0,2597994;0,1718154
6;torus;1;2;11,1413;6;15,35838;0,2342976;0,01981641;-0,2032916;0,1147832;0,1717703
6;torus;1;2;11,15591;6;15,35838;0,2342976;0,01981641;-0,2032916;0,1147832;0,1717703
6;torus;1;2;11,16978;6;15,35838;0,6896867;0,04580481;-0,59364;0,3480822;0,1730929
6;torus;1;2;11,1829;6;15,35838;0,5735254;0,03675265;-0,5133488;0,2530883;0,168373
6;torus;1;2;11,19709;6;15,35838;0,5735254;0,03675265;-0,5133488;0,2530883;0,1724519
6;torus;1;2;11,21093;6;15,35838;0,7739714;0,05173047;-0,7532691;0,1701216;0,1695511
6;torus;1;2;11,22568;6;15,35838;0,5798681;0,03678223;-0,5745501;0,06918278;0,1702508
6;torus;1;2;11,23975;6;15,35838;0,5798681;0,03678223;-0,5745501;0,06918278;0,1702508
6;torus;1;2;11,25331;6;15,35838;0,7342322;0,03406348;-0,7118542;0,176636;0,1700324
6;torus;1;2;11,26756;6;15,35838;0,5481311;0,02227341;-0,522238;0,1649822;0,1753312
6;torus;1;2;11,28289;6;15,35838;0,4824228;0,01725673;-0,4567544;0,1543029;0,1766918
6;torus;1;2;11,30847;6;15,35838;0,5811422;0,01288819;-0,5731683;0,09506974;0,1782562
6;torus;1;2;11,32246;6;15,35838;0,7662057;0,01153146;-0,7447401;0,1797231;0,1907681
6;torus;1;2;11,33635;6;15,35838;0,7662057;0,01153146;-0,7447401;0,1797231;0,179742
6;torus;1;2;11,3501;6;15,35838;0,9363078;-0,001093104;-0,8881593;0,2963852;0,1903383
6;torus;1;2;11,36408;6;15,35838;0,5622367;-0,006425518;-0,5309551;0,1848121;0,1911761
6;torus;1;2;11,37813;6;15,35838;0,5622367;-0,006425518;-0,5309551;0,1848121;0,191157
6;torus;1;2;11,39212;6;15,35838;0,8472561;-0,0240373;-0,7930167;0,2973037;0,2015671
6;torus;1;2;11,40608;6;15,35838;0,587195;-0,02247279;-0,5548725;0,1908127;0,2090428
6;torus;1;2;11,42024;6;15,35838;0,4498343;-0,01854916;-0,4401112;0,09115355;0,2141422
6;torus;1;2;11,43415;6;15,35838;0,4498343;-0,01854916;-0,4401112;0,09115355;0,2141422
6;torus;1;2;11,44814;6;15,35838;0,837789;-0,04415583;-0,7889556;0,2783697;0,2259525
6;torus;1;2;11,46235;6;15,35838;0,4794866;-0,02552625;-0,4725691;0,07703419;0,2276393
6;torus;1;2;11,47624;6;15,35838;0,4794866;-0,02552625;-0,4725691;0,07703419;0,2233557
6;torus;1;2;11,49065;6;15,35838;0,8386368;-0,04551084;-0,8332473;0,08330248;0,232228
6;torus;1;2;11,50468;6;15,35838;0,3806627;-0,02201384;-0,3771445;0,04670696;0,2408625
6;torus;1;2;11,5178;6;15,35838;0,3806627;-0,02201384;-0,3771445;0,04670696;0,2408625
6;torus;1;2;11,53172;6;15,35838;0,7920443;-0,05473254;-0,7758032;0,149893;0,2507636
6;torus;1;2;11,54538;6;15,35838;0,3816213;-0,02972466;-0,3605635;0,1214299;0,2466817
6;torus;1;2;11,55943;6;15,35838;0,3816213;-0,02972466;-0,3605635;0,1214299;0,2417364
6;torus;1;2;11,57344;6;15,35838;0,829329;-0,07216083;-0,8059228;0,1818456;0,2308173
6;torus;1;2;11,5872;6;15,35838;0,4823922;-0,04887829;-0,4545448;0,153955;0,2241367
6;torus;1;2;11,60151;6;15,35838;0,464267;-0,05036337;-0,4419709;0,1329252;0,2185307
6;torus;1;2;11,61525;6;15,35838;0,464267;-0,05036337;-0,4419709;0,1329252;0,2227197
6;torus;1;2;11,62932;6;15,35838;0,8973989;-0,09768558;-0,8920656;0,001111204;0,2153551
6;torus;1;2;11,64317;6;15,35838;0,576727;-0,06791457;-0,572167;0,02503301;0,2050161
6;torus;1;2;11,65692;6;15,35838;0,576727;-0,06791457;-0,572167;0,02503301;0,2050161
6;torus;1;2;11,67069;6;15,35838;1,015954;-0,1414344;-0,9211871;0,4044414;0,1908748
6;torus;1;2;11,68498;6;15,35838;0,7523586;-0,1088403;-0,6218576;0,4092558;0,1800692
6;torus;1;2;11,69902;6;15,35838;0,7523586;-0,1088403;-0,6218576;0,4092558;0,1800692
6;torus;1;2;11,71247;6;15,35838;1,034239;-0,1541927;-0,789775;0,6497157;0,1635768
6;torus;1;2;11,72638;6;15,35838;0,5872843;-0,08825172;-0,4796835;0,3271365;0,1668866
6;torus;1;2;11,74063;6;15,35838;0,3770907;-0,05585689;-0,3109296;0,2059131;0,1645876
6;torus;1;2;11,75439;6;15,35838;0,3770907;-0,05585689;-0,3109296;0,2059131;0,1645876
6;torus;1;2;11,76822;6;15,35838;0,9848346;-0,1525785;-0,7169451;0,6577299;0,1487704
6;torus;1;2;11,78255;6;15,35838;0,8080113;-0,1254831;-0,557364;0,5713857;0,1359641
6;torus;1;2;11,79688;6;15,35838;0,8080113;-0,1254831;-0,557364;0,5713857;0,1425692
6;torus;1;2;11,81055;6;15,35838;0,6815596;-0,1038159;-0,4660807;0,4863276;0,1352719
6;torus;1;2;11,82406;6;15,35838;0,6476025;-0,1054394;-0,4777559;0,4242885;0,130194
6;torus;1;2;11,83814;6;15,35838;0,6476025;-0,1054394;-0,4777559;0,4242885;0,1342549
6;torus;1;2;11,85207;6;15,35838;0,4998437;-0,08327655;-0,3607512;0,3358084;0,1315328
6;torus;1;2;11,86618;6;15,35838;0,4370433;-0,07047886;-0,3165641;0,292962;0,1244828
6;torus;1;2;11,87995;6;15,35838;0,4370433;-0,07047886;-0,3165641;0,292962;0,1244828
6;torus;1;2;11,89377;6;15,35838;0,2843929;-0,04354804;-0,2084671;0,188479;0,1233452
6;torus;1;2;11,9081;6;15,35838;0,3002153;-0,04696245;-0,2191478;0,1997447;0,1223927
6;torus;1;2;11,92108;6;15,35838;0,2939326;-0,04522175;-0,2073101;0,2034057;0,1078544
6;torus;1;2;11,93531;6;15,35838;0,2939326;-0,04522175;-0,2073101;0,2034057;0,1078544
6;torus;1;2;11,94947;6;15,35838;0,1372514;-0,01986489;-0,09212327;0,099783;0,1073838
6;torus;1;2;11,96324;6;15,35838;0,1208967;-0,01516873;-0,08861894;0,08082449;0,1071706
6;torus;1;2;11,97719;6;15,35838;0,1208967;-0,01516873;-0,08861894;0,08082449;0,1071706
6;torus;1;2;11,99126;6;15,35838;0,113627;-0,01162492;-0,09047607;0,06774984;0,1073076
6;torus;1;2;12,00525;6;15,35838;0,09936328;-0,01106967;-0,08013529;0,05769628;0,1077694
6;torus;1;2;12,0191;6;15,35838;0,09936328;-0,01106967;-0,08013529;0,05769628;0,1077694
6;torus;1;2;12,03283;6;15,35838;0,1098719;-0,008565684;-0,09090158;0,06111763;0,1083736
6;torus;1;2;12,04677;6;15,35838;0,09672713;-0,01031383;-0,07668433;0,05804547;0,1086984
6;torus;1;2;12,0607;6;15,35838;0,08659486;-0,009805689;-0,07211846;0,04691957;0,109019
6;torus;1;2;12,07448;6;15,35838;0,08659486;-0,009805689;-0,07211846;0,04691957;0,1021788
6;torus;1;2;12,08838;6;15,35838;0,1067606;-0,009373795;-0,08578736;0,06285293;0,102444
6;torus;1;2;12,10233;6;15,35838;0,1143071;-0,01050655;-0,09036165;0,06921348;0,1026923
6;torus;1;2;12,11636;6;15,35838;0,1143071;-0,01050655;-0,09036165;0,06921348;0,1026923
6;torus;1;2;12,13054;6;15,35838;0,1391188;-0,01292658;-0,1094407;0,08490972;0,103052
6;torus;1;2;12,14441;6;15,35838;0,1398748;-0,0125856;-0,1142744;0,07967392;0,1035747
6;torus;1;2;12,1587;6;15,35838;0,1398748;-0,0125856;-0,1142744;0,07967392;0,1035747
6;torus;1;2;12,17244;6;15,35838;0,1622095;-0,02366337;-0,1359677;0,08523349;0,1043758
6;torus;1;2;12,18612;6;15,35838;0,1630309;-0,02460709;-0,1390575;0,08146526;0,1053657
6;torus;1;2;12,20023;6;15,35838;0,1592795;-0,02671396;-0,1397673;0,07156424;0,1065715
6;torus;1;2;12,21402;6;15,35838;0,1592795;-0,02671396;-0,1397673;0,07156424;0,1151113
6;torus;1;2;12,228;6;15,35838;0,1899688;-0,03305645;-0,159625;0,09754631;0,1160984
6;torus;1;2;12,2416;6;15,35838;0,2012142;-0,03871075;-0,1703736;0,09980723;0,1097786
6;torus;1;2;12,25568;6;15,35838;0,2012142;-0,03871075;-0,1703736;0,09980723;0,1097786
6;torus;1;2;12,26934;6;15,35838;0,156017;-0,03595256;-0,1466985;0,03909303;0,1112772
6;torus;1;2;12,28347;6;15,35838;0,170698;-0,04364599;-0,1616575;0,0331617;0,1131027
6;torus;1;2;12,29713;6;15,35838;0,170698;-0,04364599;-0,1616575;0,0331617;0,1131027
6;torus;1;2;12,31142;6;15,35838;0,367568;-0,09124617;-0,2657399;0,2369867;0,1141838
6;torus;1;2;12,3257;6;15,35838;0,3589452;-0,07543624;-0,2586412;0,2371829;0,1122182
6;torus;1;2;12,33922;6;15,35838;0,3589452;-0,07543624;-0,2586412;0,2371829;0,1122182
6;torus;1;2;12,35309;6;15,35838;0,6709092;-0,1388572;-0,5149518;0,4070165;0,1137906
6;torus;1;2;12,36711;6;15,35838;0,604808;-0,1238017;-0,474571;0,3539043;0,1224646
6;torus;1;2;12,38106;6;15,35838;0,7963322;-0,1622435;-0,6185187;0,4746121;0,1270181
6;torus;1;2;12,39517;6;15,35838;0,7963322;-0,1622435;-0,6185187;0,4746121;0,1322518
6;torus;1;2;12,40913;6;15,35838;1,683889;-0,3526247;-1,20964;1,117098;0,142815
6;torus;1;2;12,42306;6;15,35838;1,253446;-0,2592169;-0,8493198;0,8846404;0,1739252
6;torus;1;2;12,43673;6;15,35838;1,253446;-0,2592169;-0,8493198;0,8846404;0,156068
6;torus;1;2;12,45078;6;15,35838;2,111584;-0,4210986;-1,290844;1,617153;0,1816391
6;torus;1;2;12,46432;6;15,35838;1,049907;-0,1954038;-0,5956644;0,8422036;0,2037443
6;torus;1;2;12,4783;6;15,35838;1,049907;-0,1954038;-0,5956644;0,8422036;0,2031852
6;torus;1;2;12,49219;6;15,35838;1,140886;-0,1114165;-0,4280748;1,051646;0,2136207
6;torus;1;2;12,50638;6;15,35838;0,4683579;-0,04312983;-0,09067097;0,4574688;0,2028789
6;torus;1;2;12,52016;6;15,35838;0,4006833;0,0440184;0,1403689;0,372701;0,2022915
6;torus;1;2;12,5347;6;15,35838;0,4006833;0,0440184;0,1403689;0,372701;0,2022915
6;torus;1;2;12,54812;6;15,35838;0,7305579;0,1561307;0,42933;0,5700998;0,1977431
6;torus;1;2;12,56209;6;15,35838;0,4656604;0,05699314;0,2349329;0,3979924;0,1965254
6;torus;1;2;12,57586;6;15,35838;0,4656604;0,05699314;0,2349329;0,3979924;0,1965254
6;torus;1;2;12,59002;6;15,35838;0,8992703;0,1417263;0,5651852;0,6849572;0,1925678
6;torus;1;2;12,60362;6;15,35838;0,5423783;0,07126807;0,3243355;0,4288375;0,1938374
6;torus;1;2;12,61775;6;15,35838;0,5423783;0,07126807;0,3243355;0,4288375;0,1938374
6;torus;1;2;12,63152;6;15,35838;0,8105027;0,1575069;0,594851;0,5275022;0,1899255
6;torus;1;2;12,64524;6;15,35838;0,5782628;0,09023269;0,3946613;0,4129024;0,1889534
6;torus;1;2;12,65932;6;15,35838;0,5782628;0,09023269;0,3946613;0,4129024;0,1841657
6;torus;1;2;12,6732;6;15,35838;0,8553849;0,1328364;0,6101651;0,5845823;0,1813278
6;torus;1;2;12,68705;6;15,35838;0,6521057;0,1044278;0,479569;0,4293604;0,179791
6;torus;1;2;12,70119;6;15,35838;0,5692862;0,06599946;0,389713;0,4097007;0,1802109
6;torus;1;2;12,7154;6;15,35838;0,5692862;0,06599946;0,389713;0,4097007;0,1802109
6;torus;1;2;12,72935;6;15,35838;1,003861;0,1501749;0,78417;0,6084914;0,1796342
6;torus;1;2;12,74354;6;15,35838;0,7427937;0,1297637;0,616756;0,3930852;0,1707934
6;torus;1;2;12,75711;6;15,35838;0,7427937;0,1297637;0,616756;0,3930852;0,176097
6;torus;1;2;12,77122;6;15,35838;0,9658774;0,1911015;0,8535326;0,4097336;0,1736494
6;torus;1;2;12,78493;6;15,35838;0,7706391;0,1753269;0,7097464;0,2437316;0,1732629
6;torus;1;2;12,79886;6;15,35838;0,7706391;0,1753269;0,7097464;0,2437316;0,1772978
6;torus;1;2;12,81276;6;15,35838;0,9250864;0,254173;0,8806801;0,124834;0,171797
6;torus;1;2;12,82639;6;15,35838;0,714874;0,1826482;0,6764818;0,1416222;0,165343
6;torus;1;2;12,84054;6;15,35838;0,6798454;0,1536199;0,6436356;0,1559611;0,1637935
6;torus;1;2;12,85416;6;15,35838;0,6798454;0,1536199;0,6436356;0,1559611;0,1637935
6;torus;1;2;12,86855;6;15,35838;1,19678;0,270368;1,153429;0,1696623;0,1616999
6;torus;1;2;12,88257;6;15,35838;0,8710294;0,2086122;0,842069;0,07805762;0,1637464
6;torus;1;2;12,89625;6;15,35838;0,8710294;0,2086122;0,842069;0,07805762;0,1767651
6;torus;1;2;12,91001;6;15,35838;1,124278;0,2510194;1,087566;0,1348702;0,1768086
6;torus;1;2;12,92386;6;15,35838;0,8204086;0,1702771;0,7962344;0,1004324;0,1833237
6;torus;1;2;12,938;6;15,35838;0,8204086;0,1702771;0,7962344;0,1004324;0,1866276
6;torus;1;2;12,95206;6;15,35838;1,268407;0,2037788;1,21898;0,2853385;0,1916089
6;torus;1;2;12,9657;6;15,35838;0,6673108;0,1027742;0,6392366;0,1616099;0,1867708
6;torus;1;2;12,97978;6;15,35838;0,6673108;0,1027742;0,6392366;0,1616099;0,1886811
6;torus;1;2;12,99363;6;15,35838;0,9456788;0,09276112;0,8801439;0,3332424;0,2008314
6;torus;1;2;13,00778;6;15,35838;0,6886159;0,07808281;0,6600884;0,1799397;0,2113601
6;torus;1;2;13,02145;6;15,35838;0,7122461;0,1127463;0,701014;0,05623288;0,2159917
6;torus;1;2;13,03524;6;15,35838;0,7122461;0,1127463;0,701014;0,05623288;0,2187607
6;torus;1;2;13,04887;6;15,35838;1,523962;0,301671;1,47865;-0,2122522;0,2285191
6;torus;1;2;13,06289;6;15,35838;0,7490199;0,0820111;0,7382113;0,09668981;0,2217889
6;torus;1;2;13,07707;6;15,35838;0,7490199;0,0820111;0,7382113;0,09668981;0,218024
6;torus;1;2;13,09139;6;15,35838;1,211126;0,04738377;1,157674;0,3526638;0,2170287
6;torus;1;2;13,10484;6;15,35838;0,8867881;0,04695824;0,8647414;0,1908146;0,2181804
6;torus;1;2;13,11889;6;15,35838;0,8867881;0,04695824;0,8647414;0,1908146;0,2128929
6;torus;1;2;13,13265;6;15,35838;1,052402;0,1047833;1,042217;0,1017509;0,2076929
6;torus;1;2;13,1471;6;15,35838;0,6716157;0,05962411;0,6652314;0,07056794;0,2060999
6;torus;1;2;13,16117;6;15,35838;0,6938049;0,02491101;0,6769546;0,1499237;0,2058525
6;torus;1;2;13,1749;6;15,35838;0,6938049;0,02491101;0,6769546;0,1499237;0,2058525
6;torus;1;2;13,18917;6;15,35838;1,216686;0,00522446;1,173043;0,3229071;0,2089888
6;torus;1;2;13,20259;6;15,35838;0,8635656;0,01902325;0,8527128;0,1351463;0,2099212
6;torus;1;2;13,21595;6;15,35838;0,8635656;0,01902325;0,8527128;0,1351463;0,2135763
6;torus;1;2;13,23007;6;15,35838;1,39302;0,003927678;1,367001;0,2679524;0,2114799
6;torus;1;2;13,2437;6;15,35838;0,668376;-0,05514868;0,5946849;0,3000582;0,1961456
6;torus;1;2;13,25821;6;15,35838;0,668376;-0,05514868;0,5946849;0,3000582;0,1943484
6;torus;1;2;13,27219;6;15,35838;0,6843426;-0,0862473;0,5036723;0,4551927;0,1871095
6;torus;1;2;13,28652;6;15,35838;0,5053674;-0,0299036;0,4531733;0,2216663;0,1849464
6;torus;1;2;13,30084;6;15,35838;0,4266402;-0,01873162;0,3969568;0,1552299;0,1842415
6;torus;1;2;13,31518;6;15,35838;0,4266402;-0,01873162;0,3969568;0,1552299;0,1842415
6;torus;1;2;13,32939;6;15,35838;0,7608471;-0,01993327;0,7309245;0,210334;0,1853899
6;torus;1;2;13,35507;6;15,35838;0,5596672;-0,02977426;0,5257203;0,1896285;0,1862578
6;torus;1;2;13,36932;6;15,35838;0,7457255;-0,0563796;0,6827884;0,2944959;0,1841114
6;torus;1;2;13,38359;6;15,35838;0,6067207;-0,05625156;0,5449744;0,2606697;0,1884929
6;torus;1;2;13,39698;6;15,35838;0,6067207;-0,05625156;0,5449744;0,2606697;0,1884929
6;torus;1;2;13,41086;6;15,35838;0,8023135;-0,06705426;0,7373046;0,3091807;0,1903475
6;torus;1;2;13,42633;6;15,35838;0,6098861;-0,06002893;0,5485914;0,2596247;0,1920832
6;torus;1;2;13,45279;6;15,35838;0,5786455;-0,0903887;0,4658361;0,3311453;0,1923462
6;torus;1;2;13,48076;6;15,35838;0,2720661;-0,041486;0,2187328;0,1563804;0,1876574
6;torus;1;2;13,49676;6;15,35838;0,2720661;-0,041486;0,2187328;0,1563804;0,1963877
6;torus;1;2;13,52218;6;15,35838;0,3163112;-0,0424256;0,2722644;0,1553221;0,2027503
6;torus;1;2;13,53774;6;15,35838;0,3163112;-0,0424256;0,2722644;0,1553221;0,2014876
6;torus;1;2;13,56368;6;15,35838;0,3196702;-0,08415949;0,132618;0,2784218;0,195322
6;torus;1;2;13,57886;6;15,35838;0,3196702;-0,08415949;0,132618;0,2784218;0,2017938
6;torus;1;2;13,59418;6;15,35838;1,188592;-0,3299349;0,3451717;1,088462;0,1954749
6;torus;1;2;13,61965;6;15,35838;0,5264038;-0,1371574;0,02957718;0,5073599;0,1870238
6;torus;1;2;13,63609;6;15,35838;0,8293553;-0,2364393;0,0621252;0,7925069;0,1804294
6;torus;1;2;13,66129;6;15,35838;0,1288775;-0,03828856;0,01042837;0,1226158;0,1759139
6;torus;1;2;13,68902;6;15,35838;0,749953;-0,2259405;0,1025391;0,707719;0,1830172
6;torus;1;2;13,70512;6;15,35838;0,9563435;-0,2979282;0,1191683;0,9009055;0,1801357
6;torus;1;2;13,73086;6;15,35838;0,7301873;-0,2281294;-0,05031845;0,6918082;0,1781797
6;torus;1;2;13,74619;6;15,35838;0,8824322;-0,2815692;0,01060632;0,8362374;0,1788059
6;torus;1;2;13,77272;6;15,35838;0,5251904;-0,1629546;-0,04648016;0,4971019;0,1884167
6;torus;1;2;13,78901;6;15,35838;0,9674456;-0,3028422;-0,1873547;0,8995197;0,1752414
6;torus;1;2;13,81425;6;15,35838;0,6866326;-0,2031229;-0,2364151;0,6118115;0,1831948
6;torus;1;2;13,83059;6;15,35838;0,8985012;-0,2754664;-0,2788545;0,8084942;0,1814411
6;torus;1;2;13,85601;6;15,35838;0,6201245;-0,1728695;-0,2552981;0,5380459;0,1799714
6;torus;1;2;13,87238;6;15,35838;0,8799086;-0,2410984;-0,4168005;0,73647;0,1738543
6;torus;1;2;13,8983;6;15,35838;0,6193134;-0,1381353;-0,3690038;0,4778115;0,1668622
6;torus;1;2;13,9138;6;15,35838;0,7201974;-0,1700575;-0,4063721;0,56976;0,1758732
6;torus;1;2;13,93973;6;15,35838;0,5245138;-0,1149492;-0,3373977;0,3847912;0,1705476
6;torus;1;2;13,95594;6;15,35838;0,7305353;-0,1650478;-0,4830101;0,5226302;0,1708374
6;torus;1;2;13,98144;6;15,35838;0,2733069;-0,05582369;-0,1982596;0,1796483;0,1713589
6;torus;1;2;13,99708;6;15,35838;0,2733069;-0,05582369;-0,1982596;0,1796483;0,1671428
6;torus;1;2;14,02305;6;15,35838;0,3973804;-0,05161471;-0,3383606;0,2018891;0,1634875
6;torus;1;2;14,0385;6;15,35838;0,3973804;-0,05161471;-0,3383606;0,2018891;0,1634875
6;torus;1;2;14,05303;6;15,35838;0,9647327;-0,07970539;-0,8876107;0,3694637;0,1604749
6;torus;1;2;14,07885;6;15,35838;0,7455254;-0,03460737;-0,7122704;0,2174427;0,1622324
6;torus;1;2;14,09338;6;15,35838;0,888838;-0,02310944;-0,8623835;0,2139943;0,1628587
6;torus;1;2;14,10756;6;15,35838;0,701644;-0,02598322;-0,6816006;0,1644682;0,1482033
6;torus;1;2;14,12137;6;15,35838;0,6618031;-0,04068267;-0,6404181;0,1618423;0,1476041
6;torus;1;2;14,1344;6;15,35838;0,6618031;-0,04068267;-0,6404181;0,1618423;0,158904
6;torus;1;2;14,14857;6;15,35838;1,070797;-0,04254851;-1,049788;0,2067392;0,1581379
6;torus;1;2;14,1624;6;15,35838;0,7866468;-0,03083357;-0,7738567;0,1378703;0,1561609
6;torus;1;2;14,1765;6;15,35838;0,7866468;-0,03083357;-0,7738567;0,1378703;0,1561609
6;torus;1;2;14,19083;6;15,35838;1,085239;-0,07540887;-1,060242;0,2189637;0,1647545
6;torus;1;2;14,20553;6;15,35838;0,7503917;-0,06348682;-0,7289192;0,1665351;0,1693903
6;torus;1;2;14,21964;6;15,35838;0,7503917;-0,06348682;-0,7289192;0,1665351;0,1636042
6;torus;1;2;14,23266;6;15,35838;0,9078721;-0,05004616;-0,8966359;0,1333084;0,1711513
6;torus;1;2;14,24608;6;15,35838;0,7026131;-0,01425124;-0,6997479;0,061765;0,1647538
6;torus;1;2;14,26029;6;15,35838;0,632209;-0,007729811;-0,6303928;0,0472591;0,1704497
6;torus;1;2;14,2739;6;15,35838;0,632209;-0,007729811;-0,6303928;0,0472591;0,1704497
6;torus;1;2;14,288;6;15,35838;0,9478078;-0,09836902;-0,9230181;0,1915743;0,182589
6;torus;1;2;14,30225;6;15,35838;0,6603712;-0,07192786;-0,6403192;0,1445955;0,1924426
6;torus;1;2;14,31586;6;15,35838;0,6603712;-0,07192786;-0,6403192;0,1445955;0,1748565
6;torus;1;2;14,32981;6;15,35838;1,057608;-0,140212;-1,014586;0,2636116;0,1836341
6;torus;1;2;14,3437;6;15,35838;0,7059438;-0,07926518;-0,6860003;0,1465513;0,1842296
6;torus;1;2;14,35803;6;15,35838;0,7059438;-0,07926518;-0,6860003;0,1465513;0,1820051
6;torus;1;2;14,37197;6;15,35838;1,017397;0,03433013;-1,015901;-0,04318415;0,1864547
6;torus;1;2;14,38614;6;15,35838;0,664422;0,01076763;-0,6641136;-0,01714212;0,1781833
6;torus;1;2;14,40006;6;15,35838;0,5010031;-0,008823342;-0,5005379;0,01970159;0,1784903
6;torus;1;2;14,41421;6;15,35838;0,5010031;-0,008823342;-0,5005379;0,01970159;0,1754191
6;torus;1;2;14,42785;6;15,35838;0,7830228;-0,02389438;-0,7816013;0,04066077;0,1810301
6;torus;1;2;14,44159;6;15,35838;0,5863934;-0,000699193;-0,5862223;-0,01414521;0,1779674
6;torus;1;2;14,45552;6;15,35838;0,5863934;-0,000699193;-0,5862223;-0,01414521;0,1750382
6;torus;1;2;14,46971;6;15,35838;0,8223042;-0,07357747;-0,8146756;0,08410885;0,1811719
6;torus;1;2;14,48317;6;15,35838;0,5509123;-0,05405878;-0,5452911;0,05691776;0,1822216
6;torus;1;2;14,49702;6;15,35838;0,5509123;-0,05405878;-0,5452911;0,05691776;0,17896
6;torus;1;2;14,51116;6;15,35838;0,8884612;-0,04596819;-0,8872692;-0,001875938;0,1848102
6;torus;1;2;14,52494;6;15,35838;0,5416928;-0,03206022;-0,5406876;-0,007759885;0,1915806
6;torus;1;2;14,5389;6;15,35838;0,5416928;-0,03206022;-0,5406876;-0,007759885;0,1772077
6;torus;1;2;14,55275;6;15,35838;0,96351;0,1807376;-0,8513504;-0,413386;0,1705459
6;torus;1;2;14,56667;6;15,35838;0,6566598;0,1167935;-0,5739514;-0,2968858;0,1691646
6;torus;1;2;14,5807;6;15,35838;0,4556289;-0,001522005;-0,4458342;-0,09395339;0,1692806
6;torus;1;2;14,59482;6;15,35838;0,4556289;-0,001522005;-0,4458342;-0,09395339;0,1672073
6;torus;1;2;14,60854;6;15,35838;0,4148723;-0,04064654;-0,4121456;-0,02455436;0,1686491
6;torus;1;2;14,62315;6;15,35838;0,3731758;-0,03042766;-0,3694274;-0,0431013;0,1674503
6;torus;1;2;14,63622;6;15,35838;0,3731758;-0,03042766;-0,3694274;-0,0431013;0,1674503
6;torus;1;2;14,6505;6;15,35838;0,5952649;0,02884856;-0,5567168;-0,2087449;0,1661687
6;torus;1;2;14,66411;6;15,35838;0,4305535;0,07841745;-0,3522231;-0,2348742;0,1579768
6;torus;1;2;14,6781;6;15,35838;0,4305535;0,07841745;-0,3522231;-0,2348742;0,1579768
6;torus;1;2;14,69184;6;15,35838;0,4867291;0,07602431;-0,4013174;-0,2647071;0,1558432
6;torus;1;2;14,7057;6;15,35838;0,368828;0,07484736;-0,2787131;-0,2296759;0,1537906
6;torus;1;2;14,72007;6;15,35838;0,3169381;0,06672886;-0,2307103;-0,2068086;0,1514198
6;torus;1;2;14,73383;6;15,35838;0,3169381;0,06672886;-0,2307103;-0,2068086;0,1514198
6;torus;1;2;14,74783;6;15,35838;0,4381925;0,1010534;-0,2906532;-0,3119641;0,1481015
6;torus;1;2;14,76187;6;15,35838;0,3993572;0,0938235;-0,2550278;-0,2926502;0,1485206
6;torus;1;2;14,77599;6;15,35838;0,3993572;0,0938235;-0,2550278;-0,2926502;0,1485206
6;torus;1;2;14,78972;6;15,35838;0,3914856;0,08192001;-0,2529511;-0,2873426;0,1455021
6;torus;1;2;14,80354;6;15,35838;0,4072057;0,09154256;-0,249985;-0,3081297;0,1375772
6;torus;1;2;14,81743;6;15,35838;0,4072057;0,09154256;-0,249985;-0,3081297;0,1375772
6;torus;1;2;14,83146;6;15,35838;0,4762776;0,112827;-0,2715581;-0,3746554;0,1334743
6;torus;1;2;14,84552;6;15,35838;0,4554642;0,1065143;-0,2571281;-0,3605377;0,1300324
6;torus;1;2;14,85955;6;15,35838;0,4554642;0,1065143;-0,2571281;-0,3605377;0,1342538
6;torus;1;2;14,87286;6;15,35838;0,5019364;0,1223368;-0,2649752;-0,408365;0,1306216
6;torus;1;2;14,88667;6;15,35838;0,46879;0,1120533;-0,2507207;-0,3799306;0,1283185
6;torus;1;2;14,90098;6;15,35838;0,4175061;0,09574689;-0,2288436;-0,3358191;0,1257122
6;torus;1;2;14,91473;6;15,35838;0,4175061;0,09574689;-0,2288436;-0,3358191;0,1324549
6;torus;1;2;14,92875;6;15,35838;0,3255185;0,0705411;-0,1777505;-0,2634217;0,1304648
6;torus;1;2;14,94282;6;15,35838;0,2406644;0,05055436;-0,131683;-0,1949954;0,129198
6;torus;1;2;14,95689;6;15,35838;0,2406644;0,05055436;-0,131683;-0,1949954;0,1341418
6;torus;1;2;14,97082;6;15,35838;0,09362679;-0,0007418065;-0,06926426;-0,06299118;0,1340591
6;torus;1;2;14,9846;6;15,35838;0,06683958;-0,03725483;0,004769146;0,05528889;0,1351067
6;torus;1;2;14,99862;6;15,35838;0,06683958;-0,03725483;0,004769146;0,05528889;0,1351067
6;torus;1;2;15,01257;6;15,35838;0,25989;-0,05125893;0,1700307;0,1897495;0,1363709
6;torus;1;2;15,02668;6;15,35838;0,2928234;-0,05082057;0,19505;0,2124107;0,1318313
6;torus;1;2;15,04025;6;15,35838;0,331583;-0,04248943;0,2366344;0,2283551;0,1326725
6;torus;1;2;15,05412;6;15,35838;0,331583;-0,04248943;0,2366344;0,2283551;0,12568
6;torus;1;2;15,06778;6;15,35838;0,3841677;-0,02616704;0,2925144;0,2476599;0,126073
6;torus;1;2;15,08186;6;15,35838;0,3575882;-0,007463963;0,2856499;0,2149831;0,1263421
6;torus;1;2;15,09575;6;15,35838;0,3575882;-0,007463963;0,2856499;0,2149831;0,1315554
6;torus;1;2;15,10996;6;15,35838;0,2568666;0,01628214;0,2085032;0,1491366;0,1313717
6;torus;1;2;15,12401;6;15,35838;0,2314997;0,02146677;0,1891944;0,1316691;0,1312665
6;torus;1;2;15,13787;6;15,35838;0,2314997;0,02146677;0,1891944;0,1316691;0,1312665
6;torus;1;2;15,15124;6;15,35838;0,2111336;0,02380654;0,1630673;0,1319838;0,1315514
6;torus;1;2;15,16526;6;15,35838;0,1548066;0,01485118;0,1039577;0,1137424;0,124478
6;torus;1;2;15,17943;6;15,35838;0,1548066;0,01485118;0,1039577;0,1137424;0,124478
6;torus;1;2;15,19336;6;15,35838;0,09487283;0,02481357;0,04585591;0,07926144;0,1250507
6;torus;1;2;15,20711;6;15,35838;0,06630534;0,04814816;-0,02663929;0,03699325;0,12546
6;torus;1;2;15,22096;6;15,35838;0,1208258;0,06332157;-0,1028283;-0,003946514;0,1258452
6;torus;1;2;15,23502;6;15,35838;0,1208258;0,06332157;-0,1028283;-0,003946514;0,1302827
6;torus;1;2;15,24876;6;15,35838;0,276609;0,07879464;-0,2504776;-0,08697663;0,130682
6;torus;1;2;15,26261;6;15,35838;0,3168486;0,08955679;-0,2720346;-0,1355352;0,1307582
6;torus;1;2;15,27684;6;15,35838;0,3168486;0,08955679;-0,2720346;-0,1355352;0,1331718
6;torus;1;2;15,29102;6;15,35838;0,5217484;0,1220576;-0,4389596;-0,2542397;0,1326035
6;torus;1;2;15,3046;6;15,35838;0,4826176;0,1061812;-0,4008288;-0,2469444;0,132636
6;torus;1;2;15,3187;6;15,35838;0,4826176;0,1061812;-0,4008288;-0,2469444;0,132636
6;torus;1;2;15,33254;6;15,35838;0,5940297;0,1176421;-0,473587;-0,3387432;0,1330265
6;torus;1;2;15,34638;6;15,35838;0,5515523;0,1313295;-0,3947937;-0,362078;0,1369568
6;torus;1;2;15,36072;6;15,35838;0,6735497;0,1911832;-0,4041132;-0,5037962;0,141116
6;torus;1;2;15,37436;6;15,35838;0,6735497;0,1911832;-0,4041132;-0,5037962;0,140084
6;torus;1;2;15,38828;6;15,35838;1,017156;0,3040105;-0,492887;-0,8362098;0,1350444
6;torus;1;2;15,40221;6;15,35838;0,8267646;0,2609859;-0,3228045;-0,7149988;0,135076
6;torus;1;2;15,41595;6;15,35838;0,8267646;0,2609859;-0,3228045;-0,7149988;0,135076
6;torus;1;2;15,42969;6;15,35838;1,170735;0,393773;-0,2709234;-1,06872;0,1290928
6;torus;1;2;15,44399;6;15,35838;0,8629344;0,2836605;-0,1565719;-0,7997985;0,1452078
6;torus;1;2;15,45796;6;15,35838;0,8629344;0,2836605;-0,1565719;-0,7997985;0,1461514
6;torus;1;2;15,47188;6;15,35838;1,148575;0,3865073;0,02861329;-1,081211;0,1436599
6;torus;1;2;15,48638;6;15,35838;0,8024307;0,2668881;0,08745472;-0,7516764;0,1471865
6;torus;1;2;15,4998;6;15,35838;0,8024307;0,2668881;0,08745472;-0,7516764;0,1435734
6;torus;1;2;15,51336;6;15,35838;0,8683864;0,2791656;0,2052548;-0,7962613;0,1401772
6;torus;1;2;15,52736;6;15,35838;0,7523831;0,2405849;0,2296185;-0,6748886;0,1383502
6;torus;1;2;15,54121;6;15,35838;0,495869;0,1521174;0,1659858;-0,4418088;0,1357714
6;torus;1;2;15,55529;6;15,35838;0,495869;0,1521174;0,1659858;-0,4418088;0,1313142
6;torus;1;2;15,56943;6;15,35838;0,7408654;0,2252597;0,2394768;-0,6639206;0,134712
6;torus;1;2;15,58321;6;15,35838;0,7139698;0,2129005;0,2299976;-0,641504;0,1365085
6;torus;1;2;15,59713;6;15,35838;0,7139698;0,2129005;0,2299976;-0,641504;0,1308509
6;torus;1;2;15,611;6;15,35838;0,7201774;0,207669;0,2657711;-0,6363134;0,1353065
6;torus;1;2;15,62503;6;15,35838;0,6935349;0,1959404;0,3149483;-0,5860082;0,1330826
6;torus;1;2;15,63883;6;15,35838;0,6935349;0,1959404;0,3149483;-0,5860082;0,1330826
6;torus;1;2;15,65288;6;15,35838;0,7633717;0,2011913;0,418377;-0,6059861;0,1371122
6;torus;1;2;15,66692;6;15,35838;0,7116808;0,1790671;0,4108893;-0,552806;0,1369186
6;torus;1;2;15,68077;6;15,35838;0,646993;0,1520775;0,4042017;-0,4817607;0,1402172
6;torus;1;2;15,69443;6;15,35838;0,646993;0,1520775;0,4042017;-0,4817607;0,1388024
6;torus;1;2;15,70838;6;15,35838;0,9615288;0,2082874;0,6503868;-0,6768686;0,1426793
6;torus;1;2;15,7223;6;15,35838;0,8600357;0,1809464;0,5854987;-0,6034161;0,1495584
6;torus;1;2;15,7363;6;15,35838;0,8600357;0,1809464;0,5854987;-0,6034161;0,1495584
6;torus;1;2;15,75018;6;15,35838;1,456574;0,2638011;1,058441;-0,9652563;0,1591028
6;torus;1;2;15,76407;6;15,35838;0,9363662;0,1290638;0,7460647;-0,5509189;0,1658106
6;torus;1;2;15,77826;6;15,35838;0,9363662;0,1290638;0,7460647;-0,5509189;0,1656875
6;torus;1;2;15,79171;6;15,35838;1,488481;0,1607804;1,234022;-0,8166484;0,1768602
6;torus;1;2;15,80602;6;15,35838;0,9026582;0,123753;0,7065975;-0,5479023;0,1975226
6;torus;1;2;15,81959;6;15,35838;0,9026582;0,123753;0,7065975;-0,5479023;0,1954832
6;torus;1;2;15,83344;6;15,35838;0,9834655;0,09747325;0,7458156;-0,6336105;0,2102887
6;torus;1;2;15,84746;6;15,35838;0,6178546;0,05077186;0,4807959;-0,3847101;0,2081713
6;torus;1;2;15,8616;6;15,35838;0,6376857;0,05048127;0,5172092;-0,36958;0,2155716
6;torus;1;2;15,87608;6;15,35838;0,6376857;0,05048127;0,5172092;-0,36958;0,2252641
6;torus;1;2;15,88943;6;15,35838;0,9402996;0,049736;0,7784734;-0,5250418;0,2132471
6;torus;1;2;15,90356;6;15,35838;0,398819;-0,01907472;0,3459812;-0,1974583;0,2128997
6;torus;1;2;15,91733;6;15,35838;0,398819;-0,01907472;0,3459812;-0,1974583;0,2128997
6;torus;1;2;15,93114;6;15,35838;0,8593499;0,03500756;0,74603;-0,4250835;0,2023623
6;torus;1;2;15,94529;6;15,35838;0,520191;0,02196149;0,4373828;-0,280736;0,202507
6;torus;1;2;15,95881;6;15,35838;0,520191;0,02196149;0,4373828;-0,280736;0,1845872
6;torus;1;2;15,97278;6;15,35838;0,6145387;-0,0415896;0,5834393;-0,1884854;0,1849674
6;torus;1;2;15,98653;6;15,35838;0,3910721;-0,03972543;0,3805215;-0,08101016;0,2006222
6;torus;1;2;16,00041;6;15,35838;0,366814;-0,004904006;0,3300639;-0,1599571;0,1986983
6;torus;1;2;16,0144;6;15,35838;0,366814;-0,004904006;0,3300639;-0,1599571;0,1887481
6;torus;1;2;16,02874;6;15,35838;0,5096724;0,01085912;0,376759;-0,3430754;0,1861145
6;torus;1;2;16,04256;6;15,35838;0,286186;-0,01234098;0,1965673;-0,207633;0,1916467
6;torus;1;2;16,05666;6;15,35838;0,286186;-0,01234098;0,1965673;-0,207633;0,1799168
6;torus;1;2;16,07055;6;15,35838;0,3637406;-0,017104;0,2397273;-0,2730302;0,1776316
6;torus;1;2;16,08453;6;15,35838;0,2833504;-0,004309695;0,107891;-0,2619703;0,1796478
6;torus;1;2;16,0982;6;15,35838;0,2833504;-0,004309695;0,107891;-0,2619703;0,1696394
6;torus;1;2;16,1124;6;15,35838;0,2453057;-0,0457009;0,02215634;-0,2399904;0,1661262
6;torus;1;2;16,12605;6;15,35838;0,2040746;-0,03407254;0,1025484;-0,1731165;0,1724728
6;torus;1;2;16,14005;6;15,35838;0,1833957;-0,02982667;0,1162599;-0,138665;0,1635633
6;torus;1;2;16,15434;6;15,35838;0,1833957;-0,02982667;0,1162599;-0,138665;0,1774866
6;torus;1;2;16,16749;6;15,35838;0,1051721;-0,06593576;0,06980091;-0,04291233;0,1767448
6;torus;1;2;16,18154;6;15,35838;0,07608637;-0,06457027;0,04022504;-0,001327641;0,1769269
6;torus;1;2;16,19586;6;15,35838;0,07608637;-0,06457027;0,04022504;-0,001327641;0,1769269
6;torus;1;2;16,20944;6;15,35838;0,2104245;-0,09749695;0,1804659;-0,04695611;0,175512
6;torus;1;2;16,22357;6;15,35838;0,2153872;-0,0612336;0,1676567;-0,1205542;0,1697545
6;torus;1;2;16,23782;6;15,35838;0,2153872;-0,0612336;0,1676567;-0,1205542;0,1697545
6;torus;1;2;16,25153;6;15,35838;0,2773333;-0,05923356;0,1598447;-0,2187575;0,1682432
6;torus;1;2;16,26541;6;15,35838;0,2415747;-0,05410248;0,1530288;-0,178923;0,1674069
6;torus;1;2;16,27938;6;15,35838;0,2415747;-0,05410248;0,1530288;-0,178923;0,1605354
6;torus;1;2;16,2933;6;15,35838;0,3311006;-0,05379025;0,203929;-0,2552394;0,1550338
6;torus;1;2;16,30708;6;15,35838;0,2629586;-0,04355433;0,1324093;-0,2229754;0,1646457
6;torus;1;2;16,3212;6;15,35838;0,2320287;-0,03020426;0,1021316;-0,2061411;0,1474621
6;torus;1;2;16,33508;6;15,35838;0,2320287;-0,03020426;0,1021316;-0,2061411;0,1474621
6;torus;1;2;16,34848;6;15,35838;0,3060385;-0,02664312;0,0677479;-0,297254;0,1423645
6;torus;1;2;16,36264;6;15,35838;0,2669674;-0,02662089;0,03827963;-0,2628642;0,1423753
6;torus;1;2;16,37647;6;15,35838;0,2669674;-0,02662089;0,03827963;-0,2628642;0,1511145
6;torus;1;2;16,39048;6;15,35838;0,3810264;-0,006555576;0,06056906;-0,3761244;0,1468226
6;torus;1;2;16,40487;6;15,35838;0,3486908;-0,006614074;0,02492145;-0,3477362;0,1358775
6;torus;1;2;16,41835;6;15,35838;0,3486908;-0,006614074;0,02492145;-0,3477362;0,1358775
6;torus;1;2;16,43252;6;15,35838;0,2991721;-0,0053428;-0,003815702;-0,2991;0,1316359
6;torus;1;2;16,44643;6;15,35838;0,2985798;-0,002702961;-0,006774121;-0,2984908;0,1353365
6;torus;1;2;16,46014;6;15,35838;0,3055476;0,002766113;0,005656336;-0,3054827;0,1268067
6;torus;1;2;16,4742;6;15,35838;0,3055476;0,002766113;0,005656336;-0,3054827;0,1268067
6;torus;1;2;16,48839;6;15,35838;0,2908968;0,002736666;-0,02768568;-0,2895634;0,1227776
6;torus;1;2;16,50198;6;15,35838;0,2696911;-0,0005026662;-0,0364203;-0,2672202;0,1190758
6;torus;1;2;16,51583;6;15,35838;0,2696911;-0,0005026662;-0,0364203;-0,2672202;0,1190758
6;torus;1;2;16,52929;6;15,35838;0,2211776;-0,005840808;-0,02473439;-0,2197126;0,1162531
6;torus;1;2;16,54344;6;15,35838;0,222996;-0,003138409;-0,02388586;-0,2216908;0,1192239
6;torus;1;2;16,55729;6;15,35838;0,222996;-0,003138409;-0,02388586;-0,2216908;0,1192239
6;torus;1;2;16,5714;6;15,35838;0,2238315;-0,0003677385;-0,01855446;-0,2230609;0,1163553
6;torus;1;2;16,5855;6;15,35838;0,1977988;-0,00134349;-0,006230453;-0,197696;0,1198807
6;torus;1;2;16,59936;6;15,35838;0,1977988;-0,00134349;-0,006230453;-0,197696;0,1198807
6;torus;1;2;16,61333;6;15,35838;0,1872543;-0,001831383;-0,006065662;-0,1871471;0,1175698
6;torus;1;2;16,62733;6;15,35838;0,1952899;0,0009733693;0,0006622219;-0,1952864;0,1153038
6;torus;1;2;16,64134;6;15,35838;0,2996227;0,004595651;0,005418533;-0,2995384;0,1120332
6;torus;1;2;16,65524;6;15,35838;0,2996227;0,004595651;0,005418533;-0,2995384;0,1244153
6;torus;1;2;16,66901;6;15,35838;0,3663294;0,01179221;0,01466363;-0,3658458;0,120578
6;torus;1;2;16,68323;6;15,35838;0,3469313;0,01363687;0,002659361;-0,346653;0,1170584
6;torus;1;2;16,69699;6;15,35838;0,3469313;0,01363687;0,002659361;-0,346653;0,1221047
6;torus;1;2;16,71066;6;15,35838;0,4442027;0,02156119;-0,01534063;-0,4434139;0,1171684
6;torus;1;2;16,7245;6;15,35838;0,3298899;-0,03708763;-0,07068186;-0,3200873;0,113939
6;torus;1;2;16,73848;6;15,35838;0,3298899;-0,03708763;-0,07068186;-0,3200873;0,113939
6;torus;1;2;16,75265;6;15,35838;0,3401974;-0,0500825;-0,08845055;-0,3246576;0,1165755
6;torus;1;2;16,76659;6;15,35838;0,2528484;-0,05379886;-0,01465642;-0,2466236;0,1096911
6;torus;1;2;16,78071;6;15,35838;0,2442337;-0,05466655;-0,01720257;-0,2374147;0,1044421
6;torus;1;2;16,79439;6;15,35838;0,2442337;-0,05466655;-0,01720257;-0,2374147;0,1044421
6;torus;1;2;16,80818;6;15,35838;0,1778776;-0,05038198;-0,01088946;-0,1702455;0,1059527
6;torus;1;2;16,8223;6;15,35838;0,203756;-0,03535778;-0,03082586;-0,1982829;0,1076942
6;torus;1;2;16,83602;6;15,35838;0,203756;-0,03535778;-0,03082586;-0,1982829;0,1076942
6;torus;1;2;16,84999;6;15,35838;0,1102366;-0,04765451;-0,01375861;-0,09844717;0,1089665
6;torus;1;2;16,86397;6;15,35838;0,131076;-0,04020009;-0,004936576;-0,1246615;0,1175134
6;torus;1;2;16,87752;6;15,35838;0,131076;-0,04020009;-0,004936576;-0,1246615;0,1175134
6;torus;1;2;16,89161;6;15,35838;0,2729555;-0,04126752;0,01730549;-0,2692623;0,1191427
6;torus;1;2;16,90581;6;15,35838;0,271594;-0,05379713;0,004233146;-0,266179;0,1080115
6;torus;1;2;16,91972;6;15,35838;0,271594;-0,05379713;0,004233146;-0,266179;0,1080115
6;torus;1;2;16,93353;6;15,35838;0,1419219;-0,06641601;-0,005083527;-0,1253192;0,109783
6;torus;1;2;16,9474;6;15,35838;0,1481302;-0,03186958;-0,02080803;-0,143157;0,1116346
6;torus;1;2;16,96147;6;15,35838;0,1689086;-0,05575977;0,0191039;-0,1582908;0,1095939
6;torus;1;2;16,97516;6;15,35838;0,1689086;-0,05575977;0,0191039;-0,1582908;0,1095939
6;torus;1;2;16,98933;6;15,35838;0,09701594;-0,06298377;-0,008255394;-0,07332793;0,1109864
6;torus;1;2;17,0034;6;15,35838;0,1711735;-0,0944982;0,0115408;-0,1422577;0,1129424
6;torus;1;2;17,01726;6;15,35838;0,1711735;-0,0944982;0,0115408;-0,1422577;0,1118354
6;torus;1;2;17,03125;6;15,35838;0,213198;-0,0776764;-0,03778648;-0,1949152;0,1143642
6;torus;1;2;17,04474;6;15,35838;0,2086141;-0,06904557;0,0040991;-0,196814;0,1144519
6;torus;1;2;17,05855;6;15,35838;0,2086141;-0,06904557;0,0040991;-0,196814;0,1144519
6;torus;1;2;17,07278;6;15,35838;0,3583598;-0,03862757;-0,02590754;-0,3553287;0,1180347
6;torus;1;2;17,08661;6;15,35838;0,3597859;-0,0434572;-0,01251778;-0,3569323;0,1114242
6;torus;1;2;17,10059;6;15,35838;0,2865904;-0,08642262;0,02560906;-0,2720466;0,1143028
6;torus;1;2;17,11498;6;15,35838;0,2865904;-0,08642262;0,02560906;-0,2720466;0,1138211
6;torus;1;2;17,1288;6;15,35838;0,5068619;0,06237336;0,008400805;-0,5029393;0,1158332
6;torus;1;2;17,14254;6;15,35838;0,4941818;0,05638255;0,01291478;-0,4907849;0,1144474
6;torus;1;2;17,15698;6;15,35838;0,4941818;0,05638255;0,01291478;-0,4907849;0,1228398
6;torus;1;2;17,17091;6;15,35838;1,147066;0,1110036;0,05545339;-1,140335;0,1304859
6;torus;1;2;17,18415;6;15,35838;1,031365;0,08986329;0,05714195;-1,025852;0,140443
6;torus;1;2;17,19814;6;15,35838;1,031365;0,08986329;0,05714195;-1,025852;0,1532638
6;torus;1;2;17,21189;6;15,35838;2,666504;0,1790978;0,2006195;-2,652908;0,1882516
6;torus;1;2;17,22594;6;15,35838;1,78494;0,09054197;0,1175589;-1,778761;0,2077157
6;torus;1;2;17,23935;6;15,35838;1,78494;0,09054197;0,1175589;-1,778761;0,2098748
6;torus;1;2;17,25343;6;15,35838;3,008455;0,04972973;0,2836645;-2,994639;0,2584337
6;torus;1;2;17,26731;6;15,35838;0,8841553;-0,02819848;0,09113804;-0,8789934;0,211611
6;torus;1;2;17,28128;6;15,35838;0,4585682;-0,04674887;0,05669196;-0,4526427;0,2009352
6;torus;1;2;17,29545;6;15,35838;0,4585682;-0,04674887;0,05669196;-0,4526427;0,2009352
6;torus;1;2;17,30982;6;15,35838;0,5257137;-0,0671095;0,06166594;-0,5177534;0,1915643
6;torus;1;2;17,32376;6;15,35838;0,365985;-0,05563642;0,01577654;-0,3613873;0,1854057
6;torus;1;2;17,33757;6;15,35838;0,365985;-0,05563642;0,01577654;-0,3613873;0,1854057
6;torus;1;2;17,35126;6;15,35838;0,4923116;-0,07704209;0,009463808;-0,4861539;0,1773967
6;torus;1;2;17,36535;6;15,35838;0,4036762;-0,05931588;0,01715436;-0,3989258;0,1708497
6;torus;1;2;17,37892;6;15,35838;0,4036762;-0,05931588;0,01715436;-0,3989258;0,1708497
6;torus;1;2;17,39311;6;15,35838;0,4506366;-0,0695227;0,001399941;-0,4452393;0,1639268
6;torus;1;2;17,40679;6;15,35838;0,3653201;-0,06081136;-0,007823285;-0,3601383;0,1574385
6;torus;1;2;17,42058;6;15,35838;0,3058659;-0,05331068;-0,0214587;-0,3004188;0,160898
6;torus;1;2;17,43447;6;15,35838;0,3058659;-0,05331068;-0,0214587;-0,3004188;0,160898
6;torus;1;2;17,44847;6;15,35838;0,4189348;-0,07393798;-0,08897448;-0,4026451;0,1559942
6;torus;1;2;17,46236;6;15,35838;0,422355;-0,06765619;-0,08003265;-0,4091468;0,1445378
6;torus;1;2;17,47672;6;15,35838;0,422355;-0,06765619;-0,08003265;-0,4091468;0,1445378
6;torus;1;2;17,49054;6;15,35838;0,4679922;-0,06911806;-0,05161553;-0,4599731;0,1385928
6;torus;1;2;17,50456;6;15,35838;0,4037478;-0,0665678;-0,06343865;-0,3931368;0,1341183
6;torus;1;2;17,5183;6;15,35838;0,4037478;-0,0665678;-0,06343865;-0,3931368;0,1397483
6;torus;1;2;17,53231;6;15,35838;0,4561968;-0,0718907;-0,001538091;-0,4504941;0,1333298
6;torus;1;2;17,54639;6;15,35838;0,4329537;-0,06532137;0,02897946;-0,4270155;0,1339648
6;torus;1;2;17,55997;6;15,35838;0,4329537;-0,06532137;0,02897946;-0,4270155;0,1339648
6;torus;1;2;17,57402;6;15,35838;0,5091355;-0,07542843;0,007820866;-0,5034564;0,1269745
6;torus;1;2;17,58793;6;15,35838;0,5133235;-0,07044204;0,01671012;-0,5081926;0,1202375
6;torus;1;2;17,60163;6;15,35838;0,4957103;-0,06539806;0,024812;-0,4907506;0,1298052
6;torus;1;2;17,61577;6;15,35838;0,4957103;-0,06539806;0,024812;-0,4907506;0,1298052
6;torus;1;2;17,62962;6;15,35838;0,4973919;-0,06597145;0,02454247;-0,4923862;0,1261566
6;torus;1;2;17,64334;6;15,35838;0,4647593;-0,06126384;0,02835139;-0,4598305;0,1194053
6;torus;1;2;17,65777;6;15,35838;0,4647593;-0,06126384;0,02835139;-0,4598305;0,1144716
6;torus;1;2;17,67156;6;15,35838;0,1468028;-0,02027504;0,004227094;-0,1453345;0,1137164
6;torus;1;2;17,68549;6;15,35838;0,1524248;-0,02154612;0,004253442;-0,1508344;0,1130004
6;torus;1;2;17,69956;6;15,35838;0,1524248;-0,02154612;0,004253442;-0,1508344;0,1130004
6;torus;1;2;17,71291;6;15,35838;0,178693;-0,0258359;0,006952985;-0,1766787;0,1122323
6;torus;1;2;17,72688;6;15,35838;0,1824248;-0,02705611;0,004229861;-0,1803577;0,1115757
6;torus;1;2;17,74094;6;15,35838;0,156433;-0,01181581;-0,01117649;-0,1555852;0,1118198
6;torus;1;2;17,75524;6;15,35838;0,156433;-0,01181581;-0,01117649;-0,1555852;0,1118198
6;torus;1;2;17,76928;6;15,35838;0,1906015;-0,006667774;-0,02912544;-0,188245;0,1116969
6;torus;1;2;17,78234;6;15,35838;0,1697044;-0,006593972;-0,03199967;-0,1665296;0,1117824
6;torus;1;2;17,79673;6;15,35838;0,1697044;-0,006593972;-0,03199967;-0,1665296;0,1117824
6;torus;1;2;17,81029;6;15,35838;0,1929853;-0,01353659;-0,03681584;-0,1889568;0,111943
6;torus;1;2;17,8246;6;15,35838;0,1681244;0,0005409196;-0,03025504;-0,1653789;0,1121328
6;torus;1;2;17,83835;6;15,35838;0,1681244;0,0005409196;-0,03025504;-0,1653789;0,1121328
6;torus;1;2;17,85243;6;15,35838;0,1729921;-0,02919341;-0,04072719;-0,1655757;0,1121668
6;torus;1;2;17,86615;6;15,35838;0,1432022;-0,02320563;-0,0348585;-0,1369425;0,1124061
6;torus;1;2;17,88034;6;15,35838;0,1303799;-0,03009288;-0,026526;-0,1240553;0,1077144
6;torus;1;2;17,89384;6;15,35838;0,1303799;-0,03009288;-0,026526;-0,1240553;0,1077144
6;torus;1;2;17,90835;6;15,35838;0,01959735;0,00222015;-0,01273679;-0,01472756;0,1081467
6;torus;1;2;17,92229;6;15,35838;0,02989805;-0,009222351;-0,002999114;-0,02828157;0,1082733
6;torus;1;2;17,93602;6;15,35838;0,02989805;-0,009222351;-0,002999114;-0,02828157;0,1082733
6;torus;1;2;17,94967;6;15,35838;0,05626158;-0,01863142;-0,006410584;-0,05269858;0,1082572
6;torus;1;2;17,96371;6;15,35838;0,05226134;0,004911743;0,008901099;-0,05126297;0,1084026
6;torus;1;2;17,9774;6;15,35838;0,05226134;0,004911743;0,008901099;-0,05126297;0,1084026
6;torus;1;2;17,99163;6;15,35838;0,05909127;-0,00563249;0,01255152;-0,05746749;0,1084615
6;torus;1;2;18,00538;6;15,35838;0,04561198;-0,002750367;0,01069259;-0,04425558;0,1081565
6;torus;1;2;18,01939;6;15,35838;0,04561198;-0,002750367;0,01069259;-0,04425558;0,1081565
6;torus;1;2;18,0337;6;15,35838;0,03714557;-0,01182932;0,00835366;-0,03420639;0,1085179
6;torus;1;2;18,04739;6;15,35838;0,02834271;-0,008004449;0,001757208;-0,02713209;0,108576
6;torus;1;2;18,06133;6;15,35838;0,3881071;-0,07833159;-0,06014684;-0,3753314;0,1106792
6;torus;1;2;18,07537;6;15,35838;0,3881071;-0,07833159;-0,06014684;-0,3753314;0,1063229
6;torus;1;2;18,08914;6;15,35838;0,48366;-0,06349435;-0,0300011;-0,4785347;0,1071855
6;torus;1;2;18,10307;6;15,35838;0,3711692;-0,03464047;-0,03162154;-0,3681939;0,1077881
6;torus;1;2;18,1175;6;15,35838;0,3711692;-0,03464047;-0,03162154;-0,3681939;0,1077881
6;torus;1;2;18,13102;6;15,35838;0,3051893;-0,04009777;-0,01902706;-0,3019448;0,108238
6;torus;1;2;18,14455;6;15,35838;0,2557414;-0,01779204;-0,02260328;-0,2541185;0,1074477
6;torus;1;2;18,15882;6;15,35838;0,2557414;-0,01779204;-0,02260328;-0,2541185;0,1074477
6;torus;1;2;18,17296;6;15,35838;0,595325;-0,1086883;-0,02944916;-0,584578;0,1079522
6;torus;1;2;18,18681;6;15,35838;0,5712951;-0,1018087;-0,02988863;-0,5613553;0,1239381
6;torus;1;2;18,20041;6;15,35838;1,002165;-0,1727643;-0,05802734;-0,9854543;0,1271451
6;torus;1;2;18,21447;6;15,35838;1,002165;-0,1727643;-0,05802734;-0,9854543;0,130229
6;torus;1;2;18,22841;6;15,35838;2,408848;-0,3872566;-0,1446837;-2,373109;0,1638606
6;torus;1;2;18,24265;6;15,35838;1,57367;-0,234999;-0,1032203;-1,552597;0,1749527
6;torus;1;2;18,25625;6;15,35838;1,57367;-0,234999;-0,1032203;-1,552597;0,1726949
6;torus;1;2;18,27007;6;15,35838;1,543208;-0,1774902;-0,2655014;-1,5098;0,1991117
6;torus;1;2;18,28387;6;15,35838;0,5883868;-0,03297638;-0,3094827;-0,4993316;0,2030985
6;torus;1;2;18,29782;6;15,35838;0,5883868;-0,03297638;-0,3094827;-0,4993316;0,2030985
6;torus;1;2;18,31177;6;15,35838;0,4843752;0,1128658;-0,4505399;0,1374571;0,1957968
6;torus;1;2;18,32576;6;15,35838;0,2957788;0,06449319;-0,2726496;0,09480465;0,1909112
6;torus;1;2;18,33977;6;15,35838;0,2957788;0,06449319;-0,2726496;0,09480465;0,1909112
6;torus;1;2;18,35352;6;15,35838;0,3993072;0,030575;-0,3928213;-0,06482919;0,187854
6;torus;1;2;18,36741;6;15,35838;0,3139668;0,01041752;-0,2825769;-0,1364439;0,1874013
6;torus;1;2;18,38139;6;15,35838;0,3368392;-0,008783897;-0,2709283;-0,1999534;0,1883896
6;torus;1;2;18,39503;6;15,35838;0,3368392;-0,008783897;-0,2709283;-0,1999534;0,1885103
6;torus;1;2;18,40915;6;15,35838;0,7345073;-0,06583261;-0,5423585;-0,4909321;0,192915
6;torus;1;2;18,4229;6;15,35838;0,5319841;-0,0510488;-0,3523081;-0,3953228;0,201387
6;torus;1;2;18,43718;6;15,35838;0,5319841;-0,0510488;-0,3523081;-0,3953228;0,2052173
