participantNumber
12
repetitionNum
2
sdfEnabled
0
taskTime
9,761997
numHits
6
positionDifference
0,1858985
angleDifference
39,85437
finalPosX
-0,1279492
finalPosY
-0,03624643
finalPosZ
-0,7094999
finalRotX
353,2047
finalRotY
38,55731
finalRotZ
5,699926
taskType
torus
velocityMagnitude
0,2124353
0,2124353
0,4737188
0,1634491
0,1634491
0,1216527
0,08699194
0,4010684
0,4010684
0,952449
0,1346766
0,1346766
0,1633086
0,3656034
0,3656034
1,430548
0,597268
0,597268
0,8403404
0,1518348
0,2725337
0,2725337
0,5012136
0,3401544
0,3401544
0,5545709
0,2487067
0,2487067
0,1677645
0,1487966
0,06469649
0,06469649
0,3404385
0,07100807
0,07100807
0,1608906
0,1554217
0,1554217
0,4304497
0,4174899
0,4380277
0,4380277
0,100054
0,07334418
0,07334418
0,4618279
0,1437352
0,1437352
0,3484613
0,1515221
0,1515221
0,2698023
0,1518419
0,2345249
0,2345249
0,1482691
0,04118744
0,04118744
0,3348172
0,1464993
0,1464993
0,1590283
0,1053552
0,1449165
0,1449165
0,2975443
0,1765387
0,1765387
0,4390974
0,2396853
0,2396853
0,3214552
0,1094216
0,158716
0,158716
0,240744
0,1528849
0,1528849
0,8874854
0,1170636
0,1170636
0,1202873
0,1111552
0,1111552
0,4658433
0,5642504
0,4937382
0,4937382
0,5609533
0,6259072
0,6259072
0,9296451
0,6520945
0,6520945
0,9755809
1,722573
0,2081819
0,2081819
0,441351
0,5396956
0,5396956
0,5969938
0,3735277
0,3735277
0,9706587
2,027178
0,4504182
0,4504182
1,313236
0,8569336
0,8569336
0,907818
0,5998766
0,5998766
1,383933
0,67363
0,67363
1,247292
0,4347335
0,2378042
0,2378042
0,7457591
0,08630074
0,08630074
0,8800023
0,3114048
0,3114048
0,4755584
0,01934922
0,1014791
0,1014791
0,5679213
0,6336161
0,6336161
1,019396
0,4986196
0,4986196
1,12392
0,6628343
0,6628343
0,9447345
0,4995582
0,1021795
0,1021795
0,6586599
0,363896
0,363896
1,046193
0,3438305
0,3438305
0,4029782
0,3887041
0,4599603
0,4599603
0,6385195
0,5904449
0,5904449
1,477647
0,4469013
0,4469013
1,278774
0,5370852
0,5370852
0,6579164
0,3860822
0,5243992
0,5243992
0,832763
0,4858428
0,4858428
0,8735515
0,4258892
0,4258892
0,5916041
0,3341986
0,4808895
0,4808895
1,427781
0,4735357
0,4735357
0,7845423
0,5372085
0,5372085
1,371823
0,7844328
0,7988536
0,7988536
1,004519
0,5469791
0,5469791
1,118422
0,6650428
0,6650428
1,088549
0,4038644
0,5119544
0,5119544
1,013211
0,6508805
0,6508805
1,478717
0,3081037
0,3081037
0,9477502
0,3781842
0,3781842
0,9065915
0,456072
0,3686564
0,3686564
1,09216
0,4722005
0,4722005
0,6851155
0,1695835
0,1695835
0,3154502
0,5505583
0,8213765
0,8213765
1,148918
0,6087888
0,6087888
0,3617617
0,3043399
0,3043399
0,2490266
0,1875925
0,1875925
0,4768659
0,1367483
0,2373245
0,2373245
1,103689
0,09754503
0,09754503
1,070201
0,1931116
0,1931116
0,576336
0,2828359
0,1326207
0,1326207
0,3014081
0,2431938
0,2431938
0,2392118
0,04675962
0,04675962
0,6951672
0,4083404
0,4083404
1,065789
0,2678403
0,2637731
0,2637731
0,7916965
0,1329989
0,1329989
0,2077021
0,0314257
0,0314257
0,4728884
0,1119434
0,09787617
0,09787617
0,2562685
0,1723842
0,1723842
0,2388014
0,1382294
0,1382294
0,4287846
0,04076435
0,04076435
0,3353047
0,01305631
0,05275037
0,05275037
0,5928256
0,1489833
0,1489833
0,2610163
0,05273084
0,05273084
0,7669474
0,1648202
0,05310022
0,05310022
0,2973503
0,1918479
0,1918479
0,3541035
0,1050777
0,1050777
0,2717992
0,09538554
0,2572796
0,2572796
0,3941807
0,09643035
0,09643035
0,4076856
0,2182769
0,2182769
0,5687985
0,3137197
0,3137197
0,6070265
0,3821607
0,3112009
0,3112009
0,4286861
0,3471018
0,3471018
1,059538
0,9383203
0,9383203
0,9427626
1,767822
0,8852953
0,8852953
1,897843
2,939335
2,939335
1,458388
0,773483
0,773483
1,724573
0,8075867
0,8075867
1,11909
0,1282723
0,5153957
0,5153957
1,126556
0,3701049
0,3701049
0,6151239
1,387003
1,387003
1,433413
0,8188707
1,290905
1,290905
2,38065
0,527831
0,527831
1,475975
1,043574
1,043574
1,998212
0,7928845
0,7928845
1,090293
0,8273481
0,6286454
0,6286454
1,057255
0,1702344
0,1702344
1,028208
0,9569907
0,9569907
1,642009
0,1011834
0,4378228
0,4378228
1,254634
0,73821
0,73821
2,469537
0,7624773
0,7624773
1,087294
0,6149121
0,6611899
0,6611899
1,218141
0,5700504
0,5700504
1,705015
0,9778451
0,9778451
1,73989
0,2520768
0,2520768
1,712792
0,9874623
0,9741773
0,9741773
1,723276
0,8105497
0,8105497
2,093984
1,186647
1,186647
1,912817
0,9497284
0,9497284
1,746572
0,9434397
1,137049
1,137049
1,897743
0,4438976
0,4438976
0,7886611
0,8454038
0,8454038
1,528234
0,8915381
0,6362373
0,6362373
0,7866035
0,6449213
0,6449213
1,934119
1,012161
1,012161
2,551585
0,790248
0,5681791
0,5681791
1,536802
0,4605507
0,4605507
1,184072
0,8968638
0,8968638
1,391107
0,4575794
0,4575794
0,5743632
0,6830721
0,800745
0,800745
2,346846
0,6712506
0,6712506
0,8121225
0,6121193
0,6121193
2,027072
0,8065264
0,5821797
0,5821797
0,2446774
0,4843431
0,4843431
1,914659
0,7712861
0,7712861
0,5421516
0,9008334
0,9008334
1,572053
1,390383
0,709316
0,709316
0,4794811
0,6237563
0,6237563
2,719632
1,817831
1,817831
1,456597
0,8621238
1,291473
1,291473
2,367271
1,481747
1,481747
2,573968
0,8157371
0,8157371
2,460187
0,8001291
0,5292785
0,5292785
1,110591
1,074616
1,074616
2,399026
0,9382855
0,9382855
1,279911
0,9642969
0,9642969
1,9987
1,393193
1,101681
1,101681
1,239537
0,2739632
0,2739632
1,528666
1,048074
1,048074
1,563798
0,4817623
0,4932998
0,4932998
0,9217073
0,8427218
0,8427218
1,353294
0,1784583
0,1784583
0,398397
0,5252259
0,5252259
1,13144
0,9715883
0,5875396
0,5875396
1,496071
0,8881893
0,8881893
2,707497
0,9906457
0,9906457
0,2510853
0,2552806
0,6911616
0,6911616
1,492247
0,7852989
0,7852989
1,046425
0,1607054
0,1607054
0,6429408
0,6767436
0,6767436
2,566993
1,443848
1,5342
1,5342
1,128153
0,9300445
0,9300445
2,776283
1,331187
1,331187
1,727904
0,8749481
0,9421424
0,9421424
2,789341
1,527597
1,527597
2,640684
0,8970296
0,8970296
1,167659
1,006407
1,468589
1,468589
2,523056
0,1275905
0,1275905
1,242377
1,203853
1,203853
2,298029
0,5301224
0,5301224
0,9761784
0,8033584
0,5152469
0,5152469
1,311467
0,4043695
0,4043695
1,002581
0,8798805
0,8798805
1,198204
0,531085
0,2184696
0,2184696
1,674263
1,342309
1,342309
0,8105149
0,7651213
0,7651213
1,154821
0,3703245
0,3703245
1,640613
0,2415437
0,2955318
0,2955318
1,314692
0,4355873
0,4355873
1,30763
0,4220468
0,4220468
0,9283763
0,3443595
0,1970213
0,1970213
1,0583
0,5731868
0,5731868
1,189551
0,8655872
0,8655872
1,560636
0,564985
0,564985
0,6869305
0,5170174
0,6411317
0,6411317
0,9906489
0,2470275
0,2470275
0,7883173
1,011462
1,011462
1,160575
0,2517357
0,4167943
0,4167943
1,592295
0,3846388
0,3846388
0,8030348
0,4427624
0,4427624
0,864972
0,3732238
0,3732238
0,3390698
0,597811
0,7127436
0,7127436
0,9465504
0,5127183
0,5127183
1,909912
0,6619692
0,6619692
1,69829
1,595979
0,8595902
0,8595902
1,614439
1,88682
1,88682
3,819163
1,358299
1,358299
1,143085
1,392682
1,392682
1,606694
0,6421006
0,6865872
0,6865872
1,362718
0,5856007
0,5856007
1,113002
0,5825953
0,5825953
1,543422
0,5504922
0,4938548
0,4938548
1,078318
0,6649858
0,6649858
1,317152
0,3726716
0,3726716
1,214803
0,4472703
0,5719765
0,5719765
1,006828
2,316488
2,316488
0,8665506
0,922052
0,922052
1,94253
2,25298
2,25298
2,618599
0,5148025
0,4532382
0,4532382
0,4634666
0,8770962
0,8770962
0,6155941
velocityComponents
-0,004601479
0,1932979
0,08799732
-0,004601479
0,1932979
0,08799732
0,05882978
0,4641965
-0,07396042
0,03029704
0,1363657
-0,08486509
0,03029704
0,1363657
-0,08486509
-0,02561808
0,05994663
0,1027107
-0,01242757
0,06197765
0,05976558
0,01508594
0,3974482
0,0516057
0,01508594
0,3974482
0,0516057
0,03997684
0,9470202
0,09334683
0,01651049
0,1281299
-0,03805161
0,01651049
0,1281299
-0,03805161
0,02509356
0,1342893
-0,08947849
0,04897714
0,3408656
-0,1227915
0,04897714
0,3408656
-0,1227915
0,1750767
1,360524
-0,4059434
0,05036592
0,5867072
-0,0998348
0,05036592
0,5867072
-0,0998348
0,04896522
0,8338597
-0,09193718
0,02703667
0,01765117
-0,1483619
0,05354285
0,07277206
-0,2571225
0,05354285
0,07277206
-0,2571225
0,09760857
0,1205873
-0,4765987
0,01947284
0,3348354
-0,05666614
0,01947284
0,3348354
-0,05666614
0,01304746
0,5529374
-0,04048347
0,01744628
0,2344009
-0,08128285
0,01744628
0,2344009
-0,08128285
-0,02455115
-0,1613412
0,03887415
0,008422136
-0,131261
-0,06957054
0,003772974
-0,02353154
-0,06014705
0,003772974
-0,02353154
-0,06014705
0,04195571
-0,04487336
-0,33485
0,001817942
0,0649441
-0,02865493
0,001817942
0,0649441
-0,02865493
0,01635551
-0,0123553
-0,1595795
0,01958609
0,03766119
-0,1495123
0,01958609
0,03766119
-0,1495123
0,05387664
0,2479561
-0,3477097
0,06623864
0,1901284
-0,3657341
0,07237196
0,1325857
-0,4111588
0,07237196
0,1325857
-0,4111588
1,788139E-05
0,06433502
-0,07662773
0,00244379
0,04766732
-0,05568862
0,00244379
0,04766732
-0,05568862
0,0628531
0,2124541
-0,4052132
0,01943111
0,04818924
-0,1340151
0,01943111
0,04818924
-0,1340151
0,04733205
0,07415041
-0,3371745
0,01367331
0,09330437
-0,1186013
0,01367331
0,09330437
-0,1186013
0,03182292
0,07664077
-0,2567232
0,01739264
0,05573928
-0,1401663
0,02968311
0,0748843
-0,220257
0,02968311
0,0748843
-0,220257
0,01090169
-0,01431964
-0,1471728
0,001394749
0,004376471
-0,04093051
0,001394749
0,004376471
-0,04093051
0,03679991
0,1115691
-0,3135294
0,0166297
0,03810413
-0,1404762
0,0166297
0,03810413
-0,1404762
0,01412034
0,01434125
-0,1577497
0,01028776
0,006996095
-0,1046181
0,01578331
0,02678074
-0,1415431
0,01578331
0,02678074
-0,1415431
0,02956986
0,1687448
-0,2432764
0,02222061
0,05986243
-0,1645863
0,02222061
0,05986243
-0,1645863
0,04730821
0,2820654
-0,333178
0,03015399
0,1277356
-0,2005577
0,03015399
0,1277356
-0,2005577
0,0410676
0,1070829
-0,3003001
0,01146197
0,05343761
-0,09479523
0,01592636
0,08430332
-0,1335293
0,01592636
0,08430332
-0,1335293
0,02582669
0,02070591
-0,2384573
-0,0014541
0,06902033
-0,1364107
-0,0014541
0,06902033
-0,1364107
0,01318388
0,6918902
-0,5556479
-0,07331708
-0,006235868
-0,09104723
-0,07331708
-0,006235868
-0,09104723
-0,04312575
-0,03393328
-0,1070408
-0,0757657
-0,01866126
-0,07916307
-0,0757657
-0,01866126
-0,07916307
-0,3202172
-0,03453124
-0,3365687
-0,1367453
-0,2715247
-0,4753457
-0,1168492
0,3919412
-0,2765968
-0,1168492
0,3919412
-0,2765968
-0,2690935
0,120261
-0,4772782
-0,2953025
-0,003227353
-0,5518568
-0,2953025
-0,003227353
-0,5518568
-0,3060718
-0,03316814
-0,8771887
-0,08472228
0,03397375
-0,6456742
-0,08472228
0,03397375
-0,6456742
-0,07926726
0,161094
-0,9589179
0,8573315
-0,304873
-1,462632
-0,0272789
0,07856131
-0,1908499
-0,0272789
0,07856131
-0,1908499
0,05336118
0,3136653
-0,3058716
0,1763829
0,1140363
-0,4971479
0,1763829
0,1140363
-0,4971479
0,2505331
0,1386243
-0,5238493
0,1606612
0,2119185
-0,2623003
0,1606612
0,2119185
-0,2623003
0,5716386
0,1882311
-0,761562
1,133003
0,7113165
-1,523083
-0,0002264977
0,1831307
-0,411509
-0,0002264977
0,1831307
-0,411509
0,01224875
0,306798
-1,276837
0,01494288
-0,1645686
-0,8408502
0,01494288
-0,1645686
-0,8408502
-0,01533628
-0,3599747
-0,8332565
-0,01052022
0,1513598
-0,5803719
-0,01052022
0,1513598
-0,5803719
-0,03560185
0,8107046
-1,121053
-0,01478195
0,3178971
-0,5937174
-0,01478195
0,3178971
-0,5937174
-0,02625585
0,192672
-1,232041
-0,009727478
0,06822664
-0,4292361
-0,01458526
0,1933498
-0,1376733
-0,01458526
0,1933498
-0,1376733
-0,021559
0,02660602
-0,7449724
-0,003552437
-0,07957593
-0,03320947
-0,003552437
-0,07957593
-0,03320947
-0,0006556511
-0,7750722
-0,4167333
-0,003945827
-0,3111156
-0,01282617
-0,003945827
-0,3111156
-0,01282617
-0,006967783
0,2790701
0,3850028
-0,005328655
0,01794212
-0,004906952
-0,009959936
-0,06919
0,07356331
-0,009959936
-0,06919
0,07356331
-0,03064871
0,3038298
0,4788347
-0,01785159
0,449314
0,4463941
-0,01785159
0,449314
0,4463941
-0,02920032
0,9569476
0,3500953
-0,01744628
0,4744932
-0,152228
-0,01744628
0,4744932
-0,152228
-0,04038811
1,089504
0,2730332
-0,03178716
0,6552112
0,09506419
-0,03178716
0,6552112
0,09506419
-0,03495216
0,6182153
-0,7135205
-0,01114011
0,1400605
-0,4793927
-0,005972385
0,0781171
-0,06559491
-0,005972385
0,0781171
-0,06559491
-0,02315044
0,3676228
-0,5460315
-0,01578927
0,2903536
-0,2187826
-0,01578927
0,2903536
-0,2187826
-0,05999804
0,961864
-0,4071087
-0,01934171
0,2662934
-0,2166405
-0,01934171
0,2662934
-0,2166405
-0,02170801
0,3893033
-0,1017995
-0,02337694
0,2775244
-0,2711542
-0,03098249
0,3512509
-0,295341
-0,03098249
0,3512509
-0,295341
-0,0428915
0,613039
-0,1733512
-0,04282594
0,5796805
0,1037382
-0,04282594
0,5796805
0,1037382
-0,1180649
1,401696
0,4524916
-0,03938675
0,4248478
-0,1329429
-0,03938675
0,4248478
-0,1329429
-0,1095235
0,9082854
-0,8934677
-0,05185604
0,4149631
-0,3370121
-0,05185604
0,4149631
-0,3370121
-0,05440116
0,4526719
-0,4743233
-0,03996491
0,3506914
-0,156454
-0,06107092
0,5014122
-0,1408927
-0,06107092
0,5014122
-0,1408927
-0,07509589
0,5226299
-0,643982
-0,03303289
0,1521945
-0,4602052
-0,03303289
0,1521945
-0,4602052
-0,07029772
0,3162757
-0,811246
-0,003200769
-0,04902333
-0,4230462
-0,003200769
-0,04902333
-0,4230462
0,006139278
-0,05813837
-0,5887084
-0,03333092
0,1916125
-0,2717763
-0,04599094
0,1782462
-0,444261
-0,04599094
0,1782462
-0,444261
-0,162524
0,538601
-1,312271
-0,03139377
0,004407763
-0,4724734
-0,03139377
0,004407763
-0,4724734
0,04869103
-0,514926
-0,5899042
0,004816055
-0,2541021
-0,4732884
0,004816055
-0,2541021
-0,4732884
-0,1330197
0,05568862
-1,364222
-0,09330511
0,08026958
-0,7747166
-0,107491
0,1314774
-0,7805936
-0,107491
0,1314774
-0,7805936
-0,1234293
0,1135677
-0,9904176
-0,03970861
-0,1200929
-0,5321532
-0,03970861
-0,1200929
-0,5321532
-0,04130602
-0,5305588
-0,9837016
-0,03655553
-0,3189906
-0,5824007
-0,03655553
-0,3189906
-0,5824007
-0,05186796
-0,6499261
-0,8716904
0,007361174
-0,3514737
-0,1987927
-0,09700656
0,03675073
-0,5013347
-0,09700656
0,03675073
-0,5013347
-0,1508713
-0,2518341
-0,969749
0,03449321
-0,6186545
-0,1993045
0,03449321
-0,6186545
-0,1993045
0,1796246
-1,454321
0,1982167
0,004732609
-0,2999529
-0,07024035
0,004732609
-0,2999529
-0,07024035
-0,2056539
0,04465431
-0,9240903
-0,08389354
-0,02570078
-0,367865
-0,08389354
-0,02570078
-0,367865
-0,0240624
-0,8153126
-0,3957205
0,01277924
-0,4509836
-0,06672442
-0,004661083
-0,3552221
-0,09850413
-0,004661083
-0,3552221
-0,09850413
-0,04606247
-0,981456
-0,476902
-0,04917383
-0,3640875
-0,2966404
-0,04917383
-0,3640875
-0,2966404
-0,009649992
-0,6800383
-0,08269176
-0,04302859
-0,1065671
-0,1247019
-0,04302859
-0,1065671
-0,1247019
-0,0851512
-0,2112165
-0,2182789
-0,06652474
-0,4501686
-0,3098987
-0,04731417
-0,7625245
-0,3016241
-0,04731417
-0,7625245
-0,3016241
-0,03211498
-1,139718
-0,1415066
-0,01393557
-0,6085191
-0,01158193
-0,01393557
-0,6085191
-0,01158193
-0,145334
-0,1463708
-0,2971955
-0,06597638
-0,265763
-0,1328155
-0,06597638
-0,265763
-0,1328155
-0,127244
-0,1401607
-0,1617968
-0,05844235
-0,1705915
-0,05171075
-0,05844235
-0,1705915
-0,05171075
-0,122571
-0,4511222
-0,09416044
-0,0462532
-0,1213003
0,04297644
-0,03823042
-0,2199244
0,08058921
-0,03823042
-0,2199244
0,08058921
-0,03922582
-1,065535
0,2849996
-0,07462502
-0,01449827
-0,06112233
-0,07462502
-0,01449827
-0,06112233
-0,3233314
0,4776376
-0,9014711
-0,08528829
-0,1104061
-0,1335233
-0,08528829
-0,1104061
-0,1335233
0,0233531
-0,3874483
0,4260302
-0,02282858
-0,2039265
0,1946509
-0,06982684
-0,1094278
-0,02716631
-0,06982684
-0,1094278
-0,02716631
-0,1515448
-0,02385341
-0,2594456
-0,08528829
0,08793883
-0,2100855
-0,08528829
0,08793883
-0,2100855
0,03432631
-0,1260029
0,2004176
0,01255274
0,009745546
0,04397631
0,01255274
0,009745546
0,04397631
-0,2075732
0,2051599
-0,630936
-0,08099675
-0,232566
-0,3257215
-0,08099675
-0,232566
-0,3257215
-0,02464652
-1,045637
-0,2047986
0,005578995
-0,2663435
-0,02772063
-0,01323819
-0,2334341
-0,1221046
-0,01323819
-0,2334341
-0,1221046
-0,136745
-0,3222719
-0,710088
0,03591776
0,08981265
0,09128153
0,03591776
0,08981265
0,09128153
0,01568198
0,2055941
0,02500564
0,003534555
-0,02359152
-0,0204578
0,003534555
-0,02359152
-0,0204578
-0,08622408
-0,03204849
-0,4638553
-0,01472235
-0,08205622
-0,07470846
0,02405643
0,03678929
0,08745044
0,02405643
0,03678929
0,08745044
0,02291203
0,2525143
0,03721714
-0,01543164
0,1468506
-0,08895546
-0,01543164
0,1468506
-0,08895546
-0,04581809
0,02612807
-0,2329037
-0,0115335
0,1159362
-0,07438511
-0,0115335
0,1159362
-0,07438511
-0,08226633
0,1522303
-0,3923193
-0,006014109
0,006925315
-0,03971905
-0,006014109
0,006925315
-0,03971905
-0,06806254
0,03863238
-0,3260434
0,001078844
0,009478722
-0,008913875
-0,008100271
0,02418812
-0,04617274
-0,008100271
0,02418812
-0,04617274
-0,1291335
0,168446
-0,5535275
-0,03258586
-0,05008262
-0,1364768
-0,03258586
-0,05008262
-0,1364768
-0,01685619
-0,2497204
-0,07406175
-0,008273125
0,03159149
-0,04140139
-0,008273125
0,03159149
-0,04140139
-0,1037717
0,6280543
-0,4277706
-0,0161171
0,149646
-0,06717145
-0,002473593
-0,04896726
-0,02038926
-0,002473593
-0,04896726
-0,02038926
-0,02781153
-0,2596622
-0,1421943
-0,03048778
-0,1249222
-0,1423746
-0,03048778
-0,1249222
-0,1423746
-0,06923079
-0,1058459
-0,3307462
-0,01440644
0,07378347
-0,07341504
-0,01440644
0,07378347
-0,07341504
-0,04096627
0,1667064
-0,2107263
-0,01548529
0,03999062
-0,08520186
-0,05171299
-0,1096854
-0,2269089
-0,05171299
-0,1096854
-0,2269089
-0,06787777
-0,2196094
-0,320223
-0,01869798
0,003445521
-0,09453744
-0,01869798
0,003445521
-0,09453744
-0,09085536
0,02280995
-0,3967777
-0,03694892
-0,1156104
-0,1814216
-0,03694892
-0,1156104
-0,1814216
-0,06866455
-0,4429624
-0,3501445
-0,04671216
-0,2013557
-0,2359957
-0,04671216
-0,2013557
-0,2359957
0,07915625
-0,1391362
-0,5855395
-0,05068967
-0,2427505
-0,2907741
-0,05608553
-0,2151472
-0,2177432
-0,05608553
-0,2151472
-0,2177432
0,2255703
-0,009417117
-0,3644189
0,1257336
0,005732119
-0,3234777
0,1257336
0,005732119
-0,3234777
-0,07952261
-0,4494646
-0,9561796
0,02409327
0,4367489
-0,8301295
0,02409327
0,4367489
-0,8301295
0,127903
-0,07738829
-0,9308347
-0,8554647
-0,3354256
-1,510253
-0,2380571
0,2772125
-0,8063682
-0,2380571
0,2772125
-0,8063682
-0,9504802
-0,1295801
-1,63756
-2,166802
0,3866448
-1,948118
-2,166802
0,3866448
-1,948118
-0,4213154
0,6554735
-1,232779
-0,216043
0,4247554
-0,6092489
-0,216043
0,4247554
-0,6092489
-0,6071329
0,00641048
-1,614156
-0,2688587
-0,2896577
-0,7042795
-0,2688587
-0,2896577
-0,7042795
-0,2582312
-0,7968383
-0,7421106
0,07815957
-0,02007112
0,09970963
0,154531
0,4040256
0,2802074
0,154531
0,4040256
0,2802074
-0,1794815
0,992951
-0,5009621
-0,03890991
0,3496721
-0,1148611
-0,03890991
0,3496721
-0,1148611
0,11006
0,5630955
0,2217829
0,401336
0,9307858
0,9467542
0,401336
0,9307858
0,9467542
-0,1459539
1,413853
-0,185445
0,1130402
0,7373862
0,3376871
0,2391577
1,052768
0,7077575
0,2391577
1,052768
0,7077575
0,589788
1,543185
1,714125
-0,1245022
0,486438
-0,1627356
-0,1245022
0,486438
-0,1627356
-0,3122687
1,379927
-0,4204661
0,04973412
0,9731606
0,3735393
0,04973412
0,9731606
0,3735393
-0,1212656
1,974731
0,2803266
-0,1470506
0,7728159
-0,09898245
-0,1470506
0,7728159
-0,09898245
-0,2310634
1,051745
-0,1708239
0,2506554
0,2960145
0,7307887
0,169909
0,270611
0,541383
0,169909
0,270611
0,541383
0,196743
0,6682664
0,7952988
0,04433393
0,04792064
0,1572192
0,04433393
0,04792064
0,1572192
0,1932859
0,6074965
0,806722
0,1751244
0,5772308
0,7429451
0,1751244
0,5772308
0,7429451
0,4369617
0,5093053
1,498622
-0,04621148
0,03940463
-0,08093119
0,1510322
-0,1400054
0,3863633
0,1510322
-0,1400054
0,3863633
0,4052341
-0,8404911
0,8387297
0,2481759
-0,3190801
0,6176978
0,2481759
-0,3190801
0,6176978
0,697428
0,2651155
2,354129
0,1638412
0,2375975
0,7057443
0,1638412
0,2375975
0,7057443
0,2644718
0,1281485
1,046824
0,1532495
0,03155917
0,5946726
0,1887262
-0,2129927
0,5968153
0,1887262
-0,2129927
0,5968153
0,3062963
-0,9753048
0,662443
0,1298428
-0,4916325
0,2576739
0,1298428
-0,4916325
0,2576739
0,4171789
-0,03801435
1,652753
0,192529
0,206314
0,9362414
0,192529
0,206314
0,9362414
0,3714561
0,0137195
1,69972
-0,02829432
-0,181593
-0,1725286
-0,02829432
-0,181593
-0,1725286
0,3840506
-1,347035
0,9857267
0,1592517
-0,9458825
0,2345785
0,2138972
-0,6600618
0,6838039
0,2138972
-0,6600618
0,6838039
0,3521085
-1,231043
1,153357
0,1140356
-0,7810459
0,1842663
0,1140356
-0,7810459
0,1842663
0,2730429
-2,010581
0,5174771
0,1194179
-1,16392
0,1978897
0,1194179
-1,16392
0,1978897
0,2066076
-1,827422
0,5260341
-0,0803113
-0,7067755
-0,6292872
-0,0803113
-0,7067755
-0,6292872
-0,1731813
-1,278765
-1,176981
-0,02927184
-0,896544
-0,2922848
-0,02030134
-1,117095
-0,2111122
-0,02030134
-1,117095
-0,2111122
-0,2334356
-1,481924
-1,162255
-0,04612207
-0,3764994
-0,2305776
-0,04612207
-0,3764994
-0,2305776
0,03080964
-0,779081
0,1186162
0,1542985
-0,3564153
0,7509112
0,1542985
-0,3564153
0,7509112
0,1123011
-1,352631
0,7023364
0,08998513
-0,685237
0,5631991
-0,05323291
-0,6180942
-0,1411512
-0,05323291
-0,6180942
-0,1411512
0,04895329
-0,6641582
0,4186198
0,008147955
-0,6083581
0,2139099
0,008147955
-0,6083581
0,2139099
0,2019703
-1,204421
1,499798
-0,006252527
-0,9494938
0,3505595
-0,006252527
-0,9494938
0,3505595
-0,07732511
-2,403168
0,8540459
-0,07377267
-0,780157
0,1020022
-0,0449121
-0,5478278
0,143858
-0,0449121
-0,5478278
0,143858
-0,2900541
-1,345349
-0,6838605
-0,07109046
-0,449428
-0,07118732
-0,07109046
-0,449428
-0,07118732
-0,0797689
-1,099089
0,4332066
-0,08805394
-0,8591264
0,2418943
-0,08805394
-0,8591264
0,2418943
-0,04068017
-1,122847
0,8202069
0,08077025
0,0623852
0,4460528
0,08077025
0,0623852
0,4460528
0,1149893
0,2195269
0,5181491
0,1105964
0,0783667
0,6694883
0,05384088
-0,297223
0,7415876
0,05384088
-0,297223
0,7415876
0,1454473
-0,740914
2,222066
-0,1027644
-0,6506965
0,1288839
-0,1027644
-0,6506965
0,1288839
0,0528574
-0,1863465
0,788685
0,03650784
-0,1480252
0,5928286
0,03650784
-0,1480252
0,5928286
0,2370775
0,3036931
1,990122
0,07783175
0,1214549
0,7935211
-0,1040399
-0,4017204
-0,4083253
-0,1040399
-0,4017204
-0,4083253
-0,01682043
-0,03453493
-0,2416432
0,003105402
-0,2037302
0,4394002
0,003105402
-0,2037302
0,4394002
-0,03393888
-0,8746237
1,70288
-0,03167987
-0,3959998
0,6611072
-0,03167987
-0,3959998
0,6611072
0,02065301
-0,09116828
0,5340319
0,1794219
0,8270547
0,3086895
0,1794219
0,8270547
0,3086895
0,1822472
0,6438524
1,42253
0,0513494
0,08157939
1,387037
-0,1015723
-0,568217
0,4122399
-0,1015723
-0,568217
0,4122399
0,0156641
0,03737509
0,4777655
0,06859899
0,3529742
0,5096816
0,06859899
0,3529742
0,5096816
0,3352106
2,006756
1,804706
0,1382709
1,113068
1,43055
0,1382709
1,113068
1,43055
-0,01832247
-0,1778781
-1,445579
0,1154661
0,7454589
-0,417392
0,1331806
1,053455
0,7351175
0,1331806
1,053455
0,7351175
0,2158999
1,992381
1,260071
0,1546562
1,446379
-0,2822101
0,1546562
1,446379
-0,2822101
0,09892583
0,8311138
-2,434086
0,06639957
0,7644191
0,2769142
0,06639957
0,7644191
0,2769142
0,09028316
1,529279
1,925013
0,03368855
0,6782219
0,4231863
0,02723932
0,4828118
-0,215143
0,02723932
0,4828118
-0,215143
0,05831718
1,086986
-0,2201639
0,03544688
1,035117
0,286489
0,03544688
1,035117
0,286489
0,03297925
2,249535
0,8329638
-0,01534224
0,7000668
0,6245404
-0,01534224
0,7000668
0,6245404
0,03236532
0,513858
-1,171783
0,006657839
0,919364
-0,2908505
0,006657839
0,919364
-0,2908505
-0,03547072
1,975032
0,3046177
-0,05170703
1,327242
0,4204065
-0,05741715
0,8368783
0,7141709
-0,05741715
0,8368783
0,7141709
-0,06436706
0,2328016
1,215777
0,0003457069
0,1753762
-0,2104729
0,0003457069
0,1753762
-0,2104729
-0,06570816
1,4842
-0,3600731
-0,07587671
1,033185
0,1588374
-0,07587671
1,033185
0,1588374
-0,1375496
1,542702
0,2158999
-0,0374198
0,4629739
-0,1278669
-0,05156994
0,485421
0,07107556
-0,05156994
0,485421
0,07107556
-0,1014888
0,749927
0,5261689
-0,09944439
0,7500291
0,3711432
-0,09944439
0,7500291
0,3711432
-0,1486123
0,7754758
1,099071
-0,02484918
0,1646504
0,06418824
-0,02484918
0,1646504
0,06418824
-0,05643964
0,3763318
0,1179367
0,01038313
-0,3165811
0,418964
0,01038313
-0,3165811
0,418964
-0,06496906
-0,1646429
1,11751
-0,1394629
0,6349772
0,7220373
-0,09034276
0,3969431
0,4236475
-0,09034276
0,3969431
0,4236475
-0,2413571
1,038352
1,049668
-0,1419425
0,4360542
0,7606506
-0,1419425
0,4360542
0,7606506
-0,4852653
1,4613
2,227029
-0,166297
0,2328411
0,9484246
-0,166297
0,2328411
0,9484246
-0,06079674
0,1227602
0,2104223
-0,04902482
0,2475709
0,03838539
-0,1365125
0,2524868
0,6287441
-0,1365125
0,2524868
0,6287441
-0,1372576
-0,5237758
1,390547
-0,07852316
-0,2788246
0,7299215
-0,07852316
-0,2788246
0,7299215
-0,03339052
-0,713788
0,7644594
-0,007295609
-0,1165345
0,1104206
-0,007295609
-0,1165345
0,1104206
-0,1176834
-0,04517585
0,6304622
0,008368492
-0,5585179
0,3820598
0,008368492
-0,5585179
0,3820598
-0,219959
-1,433031
2,11837
-0,2540588
-0,3223553
1,384282
-0,3686726
0,2557814
1,467115
-0,3686726
0,2557814
1,467115
-0,2726555
-0,0304848
1,094285
0,1678944
-0,8814067
-0,2447784
0,1678944
-0,8814067
-0,2447784
-0,2011657
-2,158565
1,734322
-0,0225842
-1,224554
0,5215526
-0,0225842
-1,224554
0,5215526
0,09680986
-1,720408
0,1283526
0,1365125
-0,7987723
-0,3299415
0,1098871
-0,9106725
-0,2150178
0,1098871
-0,9106725
-0,2150178
-0,08232594
-2,685079
0,7509947
-0,01137853
-1,517686
0,1733571
-0,01137853
-1,517686
0,1733571
-0,01363754
-2,639244
0,08614361
-0,02759695
-0,895329
0,04781783
-0,02759695
-0,895329
0,04781783
-0,3002882
0,3418016
1,075372
0,05853772
-0,9597847
-0,2970546
0,1069605
-1,351601
-0,5643487
0,1069605
-1,351601
-0,5643487
0,2884507
-2,012811
-1,493719
-0,004869699
0,1250856
0,02468228
-0,004869699
0,1250856
0,02468228
-0,1588702
-1,202417
0,2691746
-0,1049042
-1,198333
0,04749596
-0,1049042
-1,198333
0,04749596
0,1123726
-1,983692
-1,154676
0,12573
0,371439
-0,3567278
0,12573
0,371439
-0,3567278
0,2439201
0,2509557
-0,9112895
0,101769
-0,485041
-0,6322682
0,006055832
-0,4607826
-0,2304822
0,006055832
-0,4607826
-0,2304822
-0,01798868
-1,206618
-0,5135119
0,07443428
-0,08220077
-0,3888667
0,07443428
-0,08220077
-0,3888667
0,1319289
-0,4655339
-0,8780897
0,001674891
-0,7479995
-0,4633397
0,001674891
-0,7479995
-0,4633397
0,20383
-0,2367452
-1,156762
0,120753
0,2793416
-0,435245
-0,01177577
-0,1667652
-0,1406402
-0,01177577
-0,1667652
-0,1406402
-0,02405084
-1,414111
-0,8960283
-0,06576153
-1,191026
-0,6155699
-0,06576153
-1,191026
-0,6155699
0,1714408
0,2649516
-0,7465541
0,1020133
-0,1348048
-0,7462114
0,1020133
-0,1348048
-0,7462114
0,09833574
-0,4527539
-1,057807
0,02657771
-0,1519129
-0,3366843
0,02657771
-0,1519129
-0,3366843
0,06763339
-0,8246914
-1,416658
0,04999638
0,1123592
-0,2078921
0,05210638
0,2894282
-0,02924502
0,05210638
0,2894282
-0,02924502
0,1854181
0,1501277
-1,292863
0,07075071
0,14676
-0,4039705
0,07075071
0,14676
-0,4039705
0,1327217
-0,06008446
-1,299489
0,07784367
0,4034996
-0,096187
0,07784367
0,4034996
-0,096187
0,1461208
0,4104957
-0,819771
0,03560781
0,01511574
-0,3421798
0,03188848
0,1039729
-0,1642868
0,03188848
0,1039729
-0,1642868
0,1331806
1,033312
0,1858145
0,08740425
0,385277
-0,4152894
0,08740425
0,385277
-0,4152894
0,1713097
0,7717609
-0,8888587
0,1265109
0,6496608
-0,5578324
0,1265109
0,6496608
-0,5578324
0,2001643
1,480605
-0,4509181
0,03277063
0,5020112
0,2571359
0,03277063
0,5020112
0,2571359
0,06758571
0,2740785
-0,6262481
0,05849004
0,3199458
-0,4018962
0,07298589
0,5365178
-0,3433242
0,07298589
0,5365178
-0,3433242
0,1015484
0,8937165
-0,4151434
0,01668334
0,07892475
-0,2334848
0,01668334
0,07892475
-0,2334848
0,07622838
0,5764991
-0,5322427
0,08116364
0,6123878
-0,8009046
0,08116364
0,6123878
-0,8009046
0,08760095
1,029258
-0,5290434
-0,0156641
-0,2332561
-0,09336546
0,02370477
0,2702661
-0,3164046
0,02370477
0,2702661
-0,3164046
0,07254481
0,9200283
-1,29757
0,01368523
0,2184771
-0,3162712
0,01368523
0,2184771
-0,3162712
0,02869964
0,7856324
0,1637772
0,01413226
0,3259905
-0,2992809
0,01413226
0,3259905
-0,2992809
0,003957748
0,04276186
-0,8639053
-0,00706315
-0,1045633
-0,3582075
-0,00706315
-0,1045633
-0,3582075
0,004833937
0,3350448
-0,05186498
0,01029968
0,4433643
-0,400874
0,01527667
0,6315194
-0,3300808
0,01527667
0,6315194
-0,3300808
-0,004917383
0,3417414
-0,8826926
-0,005656481
0,1773577
-0,4810326
-0,005656481
0,1773577
-0,4810326
-0,04048347
0,568023
-1,82304
-0,01931787
0,3024865
-0,5884998
-0,01931787
0,3024865
-0,5884998
-0,05723834
0,8215256
-1,485263
-0,08532405
0,4203392
-1,537265
-0,3085473
-0,1358649
-0,7907178
-0,3085473
-0,1358649
-0,7907178
-0,1760391
-0,1097624
-1,601055
0,3405247
0,5408375
-1,775283
0,3405247
0,5408375
-1,775283
-0,5798407
-0,7362183
-3,702401
0,1064925
-0,294164
-1,321781
0,1064925
-0,294164
-1,321781
-0,04014373
0,9959843
-0,5595051
-0,1930296
0,3907681
-1,322725
-0,1930296
0,3907681
-1,322725
-0,2317488
0,4987413
-1,50964
-0,09555817
-0,2089774
-0,599575
-0,1137912
-0,01648609
-0,6768912
-0,1137912
-0,01648609
-0,6768912
-0,2317429
0,2937818
-1,310339
-0,1014233
0,1461839
-0,5579174
-0,1014233
0,1461839
-0,5579174
-0,2076447
0,2814558
-1,056617
-0,1106441
0,1679337
-0,5467847
-0,1106441
0,1679337
-0,5467847
-0,3055751
-0,4785331
-1,435193
-0,08388162
-0,3642192
-0,4041657
-0,05922318
-0,3918625
-0,2946675
-0,05922318
-0,3918625
-0,2946675
-0,2209783
-0,3550207
-0,9939313
-0,1504064
-0,03280267
-0,646922
-0,1504064
-0,03280267
-0,646922
-0,3075838
-0,2888612
-1,247734
-0,08502603
0,08955635
-0,3516167
-0,08502603
0,08955635
-0,3516167
-0,2829254
-0,5200289
-1,060787
0,2271261
-0,1115099
-0,3688225
0,1689974
-0,07046479
-0,5418779
0,1689974
-0,07046479
-0,5418779
0,1816512
0,07561423
-0,9874152
-1,147606
1,068302
-1,705241
-1,147606
1,068302
-1,705241
-0,5583382
-0,290861
-0,5954564
0,02947497
0,2949151
-0,8731186
0,02947497
0,2949151
-0,8731186
-0,6877365
0,09180817
-1,81439
-0,9013461
-0,06955671
-2,063651
-0,9013461
-0,06955671
-2,063651
-1,870921
-0,4344266
-1,779884
-0,1211762
-0,3428798
-0,3643781
-0,1305401
-0,1932733
-0,3886253
-0,1305401
-0,1932733
-0,3886253
-0,1231909
-0,05521886
-0,4433692
-0,3005087
-0,3013253
-0,7669389
-0,3005087
-0,3013253
-0,7669389
-0,1557767
-0,3468171
-0,4841566
closestDistance
0,7880086
0,7880086
0,7841744
0,781857
0,781857
0,7835153
0,7843472
0,7833914
0,7833914
0,7808668
0,7795805
0,7795805
0,7772781
0,7734927
0,7734927
0,7605335
0,756669
0,756669
0,7524342
0,7494786
0,7442497
0,7442497
0,7346026
0,7326292
0,7326292
0,7305284
0,7284279
0,7284279
0,7295171
0,7284392
0,7273041
0,7273041
0,7208176
0,7201015
0,7201015
0,7169857
0,7139587
0,7139587
0,7065751
0,6989987
0,6906639
0,6906639
0,6890125
0,6878151
0,6878151
0,6794482
0,6767251
0,6767251
0,6699635
0,6674595
0,6674595
0,6622742
0,6594203
0,6549645
0,6549645
0,6520838
0,6512657
0,6512657
0,6449112
0,6420861
0,6420861
0,6389536
0,6368821
0,6340547
0,6340547
0,6290065
0,6256855
0,6256855
0,6187486
0,6146519
0,6146519
0,6086291
0,6067033
0,6039829
0,6039829
0,5992721
0,5964595
0,5964595
0,5847374
0,5837142
0,5837142
0,5816556
0,5801473
0,5801473
0,5740058
0,5644609
0,561326
0,561326
0,5530642
0,5422513
0,5422513
0,5244599
0,5114548
0,5114548
0,4923086
0,4641687
0,4581778
0,4581778
0,4517004
0,4411048
0,4411048
0,4310114
0,4258576
0,4258576
0,4110686
0,3853901
0,377629
0,377629
0,3533815
0,3367789
0,3367789
0,319881
0,3088823
0,3088823
0,2892707
0,279028
0,279028
0,2565175
0,2487859
0,24709
0,24709
0,2334223
0,2323719
0,2323719
0,2210769
0,219619
0,219619
0,2277706
0,2277168
0,2287526
0,2287526
0,2387023
0,2489114
0,2489114
0,2603504
0,2605014
0,2605014
0,2731949
0,2801832
0,2801832
0,2736101
0,2670324
0,2667393
0,2667393
0,2618297
0,2616449
0,2616449
0,2670214
0,2672859
0,2672859
0,2709813
0,2710055
0,2719691
0,2719691
0,2786275
0,2885127
0,2885127
0,3152499
0,3203479
0,3203479
0,3254155
0,3290382
0,3290382
0,3323959
0,3371194
0,3447254
0,3447254
0,3489962
0,3484429
0,3484429
0,3489999
0,3456536
0,3456536
0,3415195
0,3438425
0,3452847
0,3452847
0,3512237
0,3502221
0,3502221
0,33924
0,3337625
0,3337625
0,3346981
0,3371465
0,3412945
0,3412945
0,346531
0,3463264
0,3463264
0,3410272
0,3384327
0,3384327
0,3323261
0,3274402
0,3320335
0,3320335
0,3359954
0,3272327
0,3272327
0,3007342
0,2964731
0,2964731
0,3072273
0,3110303
0,3110303
0,3031982
0,2972783
0,2933254
0,2933254
0,2860152
0,2854166
0,2854166
0,2779028
0,2784439
0,2784439
0,2791758
0,2787995
0,2754281
0,2754281
0,2667017
0,261591
0,261591
0,2656413
0,2659507
0,2659507
0,2677978
0,2674936
0,2674936
0,2661503
0,2645437
0,2616431
0,2616431
0,2504799
0,2515838
0,2515838
0,2713726
0,2734625
0,2734625
0,2634072
0,2587574
0,2588879
0,2588879
0,2639837
0,2685093
0,2685093
0,264071
0,2632338
0,2632338
0,2765847
0,2822182
0,2822182
0,2834612
0,2835321
0,2856477
0,2856477
0,2996521
0,2978592
0,2978592
0,2975519
0,297928
0,297928
0,3072484
0,3086749
0,3069355
0,3069355
0,306458
0,3084575
0,3084575
0,3131923
0,3148719
0,3148719
0,3230479
0,3238581
0,3238581
0,3305037
0,3306965
0,33167
0,33167
0,3431784
0,3458403
0,3458403
0,346896
0,3477837
0,3477837
0,3576871
0,3594011
0,3596891
0,3596891
0,3619652
0,3645862
0,3645862
0,3710691
0,3726872
0,3726872
0,3772645
0,3790627
0,3834352
0,3834352
0,3895177
0,3914346
0,3914346
0,3995194
0,4030074
0,4030074
0,4095225
0,4141126
0,4141126
0,4257458
0,4317641
0,4358822
0,4358822
0,4424938
0,4486334
0,4486334
0,4677608
0,4823052
0,4823052
0,5017618
0,5319597
0,550527
0,550527
0,5852329
0,6299073
0,6299073
0,6561077
0,6692893
0,6692893
0,7031856
0,7177109
0,7177109
0,7326924
0,7304277
0,7245793
0,7245793
0,7360387
0,7388974
0,7388974
0,7350225
0,7168945
0,7168945
0,7248086
0,720249
0,70972
0,70972
0,6820452
0,688135
0,688135
0,7050695
0,7041209
0,7041209
0,7135206
0,7218733
0,7218733
0,7343915
0,723098
0,7153778
0,7153778
0,7070134
0,704602
0,704602
0,6960548
0,6888272
0,6888272
0,66808
0,6699834
0,6616461
0,6616461
0,6374004
0,6230199
0,6230199
0,5861678
0,5775287
0,5775287
0,5623245
0,5533422
0,5411788
0,5411788
0,5179073
0,507427
0,507427
0,4813562
0,4702727
0,4702727
0,4462742
0,4460106
0,4460106
0,4125014
0,395598
0,3764221
0,3764221
0,3425065
0,3289982
0,3289982
0,2948038
0,2776255
0,2776255
0,2490742
0,2535597
0,2535597
0,265688
0,2661838
0,2656424
0,2656424
0,2855683
0,2899038
0,2899038
0,2875547
0,2728238
0,2728238
0,261817
0,253409
0,2591502
0,2591502
0,2550459
0,2552305
0,2552305
0,2386648
0,2427988
0,2427988
0,2605384
0,2704593
0,2768207
0,2768207
0,3062944
0,3142413
0,3142413
0,3268974
0,3386527
0,3386527
0,3499373
0,3447084
0,3447084
0,336178
0,3291944
0,3291395
0,3291395
0,3306854
0,3428736
0,3428736
0,3437361
0,3450447
0,3450447
0,3365456
0,3344547
0,3421951
0,3421951
0,3428267
0,3470485
0,3470485
0,3670572
0,3767025
0,3767025
0,380277
0,3652814
0,3652814
0,3598554
0,3672462
0,3807489
0,3807489
0,3836536
0,3813205
0,3813205
0,3635189
0,3620251
0,3620251
0,3478655
0,33103
0,3230221
0,3230221
0,31122
0,2882935
0,2882935
0,2416017
0,2356782
0,2356782
0,2499791
0,2513509
0,2435954
0,2435954
0,2318614
0,2315577
0,2315577
0,2416725
0,2537598
0,2537598
0,2312172
0,2274568
0,2274568
0,2419862
0,2586562
0,2780811
0,2780811
0,3017648
0,2993807
0,2993807
0,3064669
0,3197772
0,3197772
0,3407007
0,3442876
0,3514036
0,3514036
0,3688841
0,3841359
0,3841359
0,4106357
0,4137364
0,4137364
0,4204238
0,4225699
0,4225699
0,4376761
0,4567338
0,4682269
0,4682269
0,4974338
0,5146942
0,5146942
0,5676763
0,5855483
0,5855483
0,5903931
0,5940182
0,607108
0,607108
0,6234733
0,6324176
0,6324176
0,6375465
0,6382008
0,6382008
0,6485593
0,6495019
0,6495019
0,6737285
0,6962172
0,7253693
0,7253693
0,7454476
0,7340227
0,7340227
0,7521031
0,754984
0,754984
0,748704
0,7386193
0,7306666
0,7306666
0,7374403
0,7380599
0,7380599
0,7378301
0,7390035
0,7390035
0,7606621
0,7551668
0,7453449
0,7453449
0,7196046
0,7197665
0,7197665
0,7287547
0,7340543
0,7340543
0,7203003
0,7114317
0,7114317
0,6923392
0,6824946
0,6805366
0,6805366
0,6778613
0,6709523
0,6709523
0,6573542
0,6539506
0,6539506
0,6341469
0,6239082
0,6234617
0,6234617
0,6188573
0,6187699
0,6187699
0,6030334
0,5912457
0,5912457
0,5775339
0,5733801
0,5733801
0,5587667
0,5540575
0,5502705
0,5502705
0,5273619
0,5190918
0,5190918
0,4990479
0,4926079
0,4926079
0,474632
0,4690598
0,4652021
0,4652021
0,4557603
0,4445623
0,4445623
0,421243
0,4047559
0,4047559
0,3811481
0,3804008
0,3804008
0,3669342
0,3568656
0,3457109
0,3457109
0,3301376
0,3253132
0,3253132
0,310804
0,2913071
0,2913071
0,2735315
0,2736213
0,2657818
0,2657818
0,2352649
0,2279105
0,2279105
0,2259549
0,2185077
0,2185077
0,2019704
0,1958612
0,1958612
0,1929374
0,1830742
0,1741104
0,1741104
0,1559707
0,1461813
0,1461813
0,1099083
0,09832679
0,09832679
0,07179827
0,04955506
0,03222959
0,03222959
0,02808649
0,06213404
0,06213404
0,1213378
0,1475946
0,1475946
0,1601691
0,1871303
0,1871303
0,2183592
0,2294213
0,2427215
0,2427215
0,2695144
0,2810162
0,2810162
0,3028671
0,3142745
0,3142745
0,3414769
0,3487369
0,3539374
0,3539374
0,3735118
0,386568
0,386568
0,4116334
0,4188454
0,4188454
0,4401885
0,4453758
0,4559058
0,4559058
0,4756622
0,5118227
0,5118227
0,5281432
0,5432279
0,5432279
0,58461
0,6271507
0,6271507
0,6677948
0,675535
0,6837482
0,6837482
0,6929371
0,7093
0,7093
0,7196887
timeStamps
2,202673
2,216667
2,230867
2,244689
2,258798
2,272518
2,286679
2,300606
2,314322
2,328175
2,342269
2,356461
2,370217
2,384192
2,397886
2,412083
2,425947
2,439829
2,453483
2,467721
2,481764
2,495387
2,509402
2,52356
2,537803
2,551349
2,565271
2,578941
2,593119
2,607192
2,620898
2,634698
2,649374
2,662952
2,676693
2,690704
2,704553
2,718215
2,732459
2,746104
2,760536
2,774134
2,788373
2,802335
2,815928
2,830167
2,84432
2,858038
2,872229
2,885773
2,899648
2,913764
2,927707
2,94149
2,955509
2,969467
2,983533
2,997325
3,01107
3,025035
3,039277
3,052896
3,066982
3,08076
3,094417
3,108932
3,122489
3,136524
3,150698
3,164579
3,178261
3,192238
3,206148
3,220042
3,233851
3,248018
3,261941
3,276222
3,289862
3,304045
3,318011
3,331623
3,345542
3,35944
3,373658
3,387353
3,401295
3,415818
3,429634
3,443661
3,456994
3,470816
3,484595
3,498697
3,512468
3,52722
3,540973
3,554993
3,568604
3,582505
3,596723
3,610349
3,62454
3,638169
3,652467
3,666403
3,680597
3,694229
3,708023
3,721712
3,735581
3,749626
3,763728
3,777626
3,791437
3,805372
3,819473
3,833668
3,847286
3,861186
3,875365
3,888872
3,902692
3,916748
3,931018
3,945215
3,959143
3,972717
3,986867
4,000954
4,014396
4,028133
4,042033
4,056429
4,070186
4,08405
4,098381
4,112116
4,126159
4,139985
4,153884
4,167802
4,18151
4,195482
4,209558
4,223485
4,237351
4,251746
4,265201
4,27917
4,293053
4,307104
4,321158
4,334954
4,34873
4,362625
4,377318
4,390473
4,404767
4,418596
4,432185
4,446313
4,459925
4,473894
4,48784
4,502237
4,516133
4,52982
4,543822
4,557751
4,571619
4,585712
4,599708
4,613178
4,627603
4,641601
4,655546
4,669571
4,683081
4,697429
4,710711
4,725293
4,739262
4,752544
4,766736
4,780514
4,794581
4,808263
4,822271
4,836414
4,850303
4,864162
4,878069
4,892065
4,906137
4,920146
4,933684
4,947672
4,961712
4,975817
4,989479
5,003599
5,017157
5,03146
5,04524
5,059261
5,073143
5,08686
5,100882
5,114704
5,128676
5,14251
5,156453
5,170301
5,184249
5,198203
5,21246
5,226243
5,240082
5,254066
5,267975
5,28202
5,296203
5,30973
5,323594
5,338049
5,351297
5,365371
5,379948
5,393214
5,407319
5,421099
5,4354
5,44911
5,462762
5,476858
5,490725
5,504821
5,518838
5,533121
5,546448
5,560321
5,574303
5,588282
5,601909
5,616015
5,629719
5,643633
5,657861
5,671843
5,685624
5,699713
5,713425
5,727376
5,741439
5,755056
5,769161
5,782941
5,797216
5,811157
5,825387
5,839215
5,852737
5,866748
5,880778
5,894635
5,908565
5,922327
5,936303
5,950436
5,964199
5,978206
5,992056
6,006134
6,019803
6,033653
6,047586
6,061509
6,075415
6,089685
6,103555
6,117348
6,131291
6,145167
6,15909
6,173175
6,186712
6,200856
6,214694
6,228648
6,242494
6,256811
6,270569
6,284634
6,298384
6,312263
6,326344
6,340232
6,35376
6,367725
6,381752
6,395842
6,409762
6,423762
6,437649
6,451571
6,465676
6,479281
6,492997
6,506942
6,520895
6,535055
6,549033
6,562901
6,577068
6,590798
6,604714
6,618533
6,632497
6,646117
6,660464
6,674614
6,688329
6,702128
6,716109
6,730041
6,744021
6,758254
6,771513
6,785634
6,799689
6,813564
6,827539
6,841787
6,85539
6,869239
6,882955
6,89712
6,910828
6,924943
6,938777
6,952816
6,966733
6,980558
6,994824
7,008592
7,022563
7,036095
7,050139
7,064094
7,078124
7,091934
7,106126
7,11994
7,133811
7,147796
7,161994
7,175652
7,189284
7,203277
7,217625
7,231156
7,245226
7,259086
7,27296
7,287033
7,300878
7,314679
7,328537
7,342813
7,356621
7,370716
7,384331
7,398432
7,412221
7,426445
7,440102
7,45376
7,467731
7,481646
7,495672
7,509797
7,523633
7,537779
7,551512
7,565432
7,579409
7,59319
7,606903
7,621058
7,634904
7,649176
7,663141
7,677037
7,690735
7,704603
7,718938
7,73225
7,746056
7,759978
7,774232
7,7882
7,802301
7,816085
7,830086
7,844011
7,857884
7,871856
7,885506
7,899401
7,913476
7,927736
7,941398
7,955398
7,969322
7,983374
7,997155
8,010804
8,024506
8,0386
8,052603
8,066724
8,080721
8,094504
8,10857
8,122656
8,136613
8,150302
8,163898
8,177874
8,191883
8,205874
8,219769
8,23385
8,247602
8,261477
8,275519
8,289212
8,303063
8,316996
8,331179
8,345014
8,359281
8,372995
8,386982
8,401208
8,414634
8,428815
8,442493
8,456174
8,470382
8,48447
8,498341
8,512465
8,526307
8,53996
8,554017
8,567727
8,581537
8,595565
8,609608
8,623245
8,637624
8,65153
8,665125
8,679114
8,693067
8,706926
8,720865
8,735416
8,749007
8,762886
8,77681
8,790491
8,80459
8,818444
8,832186
8,846248
8,860051
8,874489
8,888408
8,90253
8,916056
8,93007
8,943543
8,957362
8,971467
8,985068
8,999212
9,013236
9,027143
9,0414
9,055607
9,069247
9,082858
9,096559
9,110629
9,124821
9,138796
9,15259
9,166647
9,180436
9,194466
9,20825
9,22232
9,236181
9,249983
9,263783
9,277603
9,291988
9,305727
9,319569
9,33361
9,347901
9,361474
9,375371
9,388922
9,403241
9,417234
9,430958
9,444979
9,459213
9,472901
9,486887
9,500378
9,514458
9,52824
9,542676
9,556504
9,570486
9,584126
9,598075
9,612218
9,626088
9,63976
9,653687
9,668108
9,681638
9,695612
9,709519
9,72368
9,737303
9,751266
9,765234
9,779053
9,79304
9,807256
9,821219
9,834804
9,848671
9,862728
9,876688
9,890423
9,904428
9,917976
9,932016
9,946149
9,960223
9,97416
9,987805
10,00168
10,01573
10,02977
10,04374
10,05743
10,07147
10,08537
10,09952
10,11356
10,12735
10,14114
10,15493
10,16896
10,18252
10,19623
10,2103
10,22436
10,23909
10,25257
10,26699
10,28067
10,29398
10,30786
10,32184
10,33569
10,34987
10,36361
10,37753
10,3916
10,40582
10,41976
10,43322
10,44726
10,46123
10,47491
10,48909
10,50275
10,51679
10,53095
10,54472
10,5588
10,57285
10,58663
10,60069
10,61419
10,62808
10,64207
10,65588
10,67014
10,68413
10,6979
10,71188
10,72596
10,73979
10,75348
10,76758
10,78161
10,79554
10,80943
10,8234
10,83728
10,85131
10,86511
10,87908
10,89358
10,90637
10,92067
10,93435
10,94834
10,96238
10,9761
10,99023
11,00405
11,0183
11,03187
11,04585
11,05979
11,07371
11,08769
11,10176
11,11588
11,12975
11,14344
11,15743
11,17105
11,1854
11,19927
11,2128
11,22687
11,24094
11,2547
11,26889
11,28263
11,29645
11,31011
11,32438
11,33839
11,35266
11,36624
11,37999
11,39396
11,40785
11,42175
11,43575
11,44967
11,46343
11,4776
11,49182
11,50571
11,51931
11,53328
11,54702
11,56113
11,57488
11,58847
11,60295
11,61671
11,63082
11,64476
11,65852
11,67247
11,6863
11,70014
11,71431
11,72809
11,742
11,75596
11,76996
11,78385
11,79799
11,81157
11,82559
11,83975
11,85342
11,86743
11,8818
11,89527
11,90946
11,92291
11,93718
11,95099
