ParticipantNumber;Task;SdfState;Repetition;TimeStamp;NumHits;TimeToCompleteTask;InstanteneousVelocityMag;InstanteneousVelocityX;InstanteneousVelocityY;InstanteneousVelocityZ;ClosestDistance
9;torus;1;5;4,505196;6;15,90035;0,2390852;-0,03600717;0,2309918;-0,05007982;0,2528349
9;torus;1;5;4,519416;6;15,90035;0,2390852;-0,03600717;0,2309918;-0,05007982;0,2384139
9;torus;1;5;4,53351;6;15,90035;0,506457;-0,294733;0,3100529;0,2711058;0,2453409
9;torus;1;5;4,547214;6;15,90035;0,1809387;-0,1395464;0,05788207;0,09957552;0,2607072
9;torus;1;5;4,560998;6;15,90035;0,09060914;-0,08788109;0,0164479;-0,01471043;0,2613
9;torus;1;5;4,575118;6;15,90035;0,09060914;-0,08788109;0,0164479;-0,01471043;0,2613
9;torus;1;5;4,589097;6;15,90035;0,5158837;0,04910231;0,2875239;-0,4255056;0,2523451
9;torus;1;5;4,602726;6;15,90035;0,2954622;0,01878142;0,2362132;-0,1764894;0,2277486
9;torus;1;5;4,617085;6;15,90035;0,2954622;0,01878142;0,2362132;-0,1764894;0,2491296
9;torus;1;5;4,630629;6;15,90035;0,4702086;-0,04721284;0,4298508;-0,1846492;0,2449571
9;torus;1;5;4,644776;6;15,90035;0,2327346;-0,1674831;0,06088838;0,1496911;0,2558746
9;torus;1;5;4,658664;6;15,90035;0,2327346;-0,1674831;0,06088838;0,1496911;0,2558746
9;torus;1;5;4,672584;6;15,90035;0,393717;-0,3157616;-0,1262695;0,198403;0,2570083
9;torus;1;5;4,686367;6;15,90035;0,1054811;-0,09300113;0,04053712;0,02887547;0,2333477
9;torus;1;5;4,700537;6;15,90035;0,2012447;-0,001454353;0,1677088;-0,1112252;0,2318656
9;torus;1;5;4,714339;6;15,90035;0,2012447;-0,001454353;0,1677088;-0,1112252;0,2585754
9;torus;1;5;4,728063;6;15,90035;0,724978;0,07271171;0,6626718;-0,2849072;0,25323
9;torus;1;5;4,741939;6;15,90035;0,233766;0,005114079;0,1929775;-0,1318336;0,2302381
9;torus;1;5;4,756222;6;15,90035;0,233766;0,005114079;0,1929775;-0,1318336;0,2302381
9;torus;1;5;4,769843;6;15,90035;0,2990924;-0,04410148;0,2490439;-0,159651;0,2289667
9;torus;1;5;4,783762;6;15,90035;0,2030608;0,03127456;0,1317717;-0,1513004;0,2268307
9;torus;1;5;4,79808;6;15,90035;0,2030608;0,03127456;0,1317717;-0,1513004;0,2268307
9;torus;1;5;4,811576;6;15,90035;0,2386754;0,0035882;-0,03369376;-0,2362579;0,222317
9;torus;1;5;4,825828;6;15,90035;0,1916129;-0,08300543;0,1431063;0,09667575;0,2254508
9;torus;1;5;4,839511;6;15,90035;0,1916129;-0,08300543;0,1431063;0,09667575;0,2254508
9;torus;1;5;4,85349;6;15,90035;0,4405096;-0,05834103;0,4361004;-0,02148151;0,2283548
9;torus;1;5;4,867507;6;15,90035;0,3466159;0,02375245;0,3297657;-0,1040816;0,2283231
9;torus;1;5;4,881454;6;15,90035;0,302177;0,05410314;0,2370588;-0,179407;0,2264921
9;torus;1;5;4,895177;6;15,90035;0,302177;0,05410314;0,2370588;-0,179407;0,2264921
9;torus;1;5;4,90916;6;15,90035;0,7150815;0,2463341;0,0696376;-0,6676912;0,2138386
9;torus;1;5;4,923187;6;15,90035;0,229495;0,07296801;0,05393699;-0,2107948;0,2108618
9;torus;1;5;4,937151;6;15,90035;0,229495;0,07296801;0,05393699;-0,2107948;0,2136668
9;torus;1;5;4,951212;6;15,90035;0,1480822;0,02691028;0,02789772;-0,1429192;0,2112955
9;torus;1;5;4,964876;6;15,90035;0,1151471;-0,05486609;0,04426854;0,09104323;0,2135831
9;torus;1;5;4,978839;6;15,90035;0,1151471;-0,05486609;0,04426854;0,09104323;0,2135831
9;torus;1;5;4,992695;6;15,90035;0,4516008;-0,1273778;0,3447242;0,2624564;0,2217382
9;torus;1;5;5,006905;6;15,90035;0,04079727;0,0113572;-0,03024721;-0,0249106;0,2162886
9;torus;1;5;5,020561;6;15,90035;0,1294022;0,03751192;-0,08416504;-0,09085166;0,2142714
9;torus;1;5;5,034641;6;15,90035;0,1294022;0,03751192;-0,08416504;-0,09085166;0,2185085
9;torus;1;5;5,048357;6;15,90035;0,4019135;0,142268;0,02337756;-0,3751636;0,2112953
9;torus;1;5;5,062536;6;15,90035;0,1180411;0,03416836;-0,04257073;-0,1046611;0,2085989
9;torus;1;5;5,076397;6;15,90035;0,1180411;0,03416836;-0,04257073;-0,1046611;0,2089597
9;torus;1;5;5,09017;6;15,90035;0,06370343;-0,01539949;-0,05846893;-0,0200591;0,2083113
9;torus;1;5;5,104012;6;15,90035;0,02714349;-0,02351927;0,007897996;0,01101066;0,2087513
9;torus;1;5;5,118279;6;15,90035;0,02714349;-0,02351927;0,007897996;0,01101066;0,2087513
9;torus;1;5;5,132081;6;15,90035;0,1182434;-0,08874106;-0,0662097;0,04150649;0,2096919
9;torus;1;5;5,146053;6;15,90035;0,05501202;-0,03122772;-0,03807535;-0,02452386;0,2092756
9;torus;1;5;5,15968;6;15,90035;0,05501202;-0,03122772;-0,03807535;-0,02452386;0,2092756
9;torus;1;5;5,173986;6;15,90035;0,1575142;0,003632777;0,05347338;-0,1481152;0,2072192
9;torus;1;5;5,187768;6;15,90035;0,1223086;0,002042946;-0,004717631;-0,1222005;0,2051768
9;torus;1;5;5,201533;6;15,90035;0,07774752;-0,01677135;0,002601265;-0,07587247;0,2041162
9;torus;1;5;5,215665;6;15,90035;0,07774752;-0,01677135;0,002601265;-0,07587247;0,2041162
9;torus;1;5;5,229414;6;15,90035;0,1352089;-0,1039065;0,08572461;0,0116699;0,2059001
9;torus;1;5;5,24334;6;15,90035;0,1254202;-0,06823178;0,1038399;0,01708604;0,2155676
9;torus;1;5;5,257141;6;15,90035;0,1254202;-0,06823178;0,1038399;0,01708604;0,2155676
9;torus;1;5;5,271428;6;15,90035;0,2060957;-0,09978979;0,1678514;0,06590396;0,2188732
9;torus;1;5;5,285475;6;15,90035;0,04986729;-0,01905633;0,03625048;-0,02845182;0,2188826
9;torus;1;5;5,299216;6;15,90035;0,04986729;-0,01905633;0,03625048;-0,02845182;0,2188826
9;torus;1;5;5,312878;6;15,90035;0,4178651;0,08172292;0,1757612;-0,3701899;0,2139192
9;torus;1;5;5,326738;6;15,90035;0,3884684;0,08662784;0,2315201;-0,2996695;0,2093824
9;torus;1;5;5,341056;6;15,90035;0,2750592;0,0434066;0,2369116;-0,1328394;0,1972728
9;torus;1;5;5,354601;6;15,90035;0,2750592;0,0434066;0,2369116;-0,1328394;0,2011657
9;torus;1;5;5,368665;6;15,90035;0,3110236;-0,04455568;0,3078147;0,0007427647;0,2043439
9;torus;1;5;5,382861;6;15,90035;0,1078879;-0,03615366;-0,1015097;0,005337757;0,2038278
9;torus;1;5;5,396743;6;15,90035;0,1078879;-0,03615366;-0,1015097;0,005337757;0,2037862
9;torus;1;5;5,410551;6;15,90035;0,1490235;-0,01696368;-0,09832009;-0,110695;0,2012896
9;torus;1;5;5,424569;6;15,90035;0,1976202;0,04552098;0,08038922;-0,1746973;0,2018417
9;torus;1;5;5,438251;6;15,90035;0,1976202;0,04552098;0,08038922;-0,1746973;0,2018417
9;torus;1;5;5,452196;6;15,90035;0,38489;0,1247468;0,1243883;-0,3422077;0,1974299
9;torus;1;5;5,466103;6;15,90035;0,08987372;0,01933748;0,01973696;-0,08552075;0,1962774
9;torus;1;5;5,480387;6;15,90035;0,02953614;-0,01904101;-0,02207343;-0,004752623;0,1960978
9;torus;1;5;5,494226;6;15,90035;0,02953614;-0,01904101;-0,02207343;-0,004752623;0,1960978
9;torus;1;5;5,508162;6;15,90035;0,09137169;-0,02485729;-0,08084983;-0,03455728;0,19574
9;torus;1;5;5,522136;6;15,90035;0,1824208;0,02790792;-0,07186181;-0,1653311;0,1940614
9;torus;1;5;5,536001;6;15,90035;0,1824208;0,02790792;-0,07186181;-0,1653311;0,1877557
9;torus;1;5;5,549656;6;15,90035;0,5137161;0,162423;-0,008448466;-0,4872901;0,1787998
9;torus;1;5;5,563684;6;15,90035;0,3380706;0,1109206;0,009379501;-0,3192184;0,1731093
9;torus;1;5;5,577417;6;15,90035;0,3380706;0,1109206;0,009379501;-0,3192184;0,1731093
9;torus;1;5;5,591811;6;15,90035;0,05231992;-0,003521514;-0,02860159;-0,04366832;0,1722375
9;torus;1;5;5,605695;6;15,90035;0,03497395;-0,01816664;-0,029493;-0,004828353;0,1720692
9;torus;1;5;5,619242;6;15,90035;0,03497395;-0,01816664;-0,029493;-0,004828353;0,1720692
9;torus;1;5;5,633243;6;15,90035;0,1197053;0,003784515;-0,04897556;-0,1091624;0,1699876
9;torus;1;5;5,647314;6;15,90035;0,1985596;0,04692607;0,01770837;-0,1921205;0,1669236
9;torus;1;5;5,661077;6;15,90035;0,2888101;0,08522374;0,01692947;-0,2754298;0,1623308
9;torus;1;5;5,675106;6;15,90035;0,2888101;0,08522374;0,01692947;-0,2754298;0,1623308
9;torus;1;5;5,689146;6;15,90035;0,1580626;0,03723247;0,03060555;-0,1505352;0,1601664
9;torus;1;5;5,703187;6;15,90035;0,03640294;-0,002946341;0,0129692;-0,03388648;0,159863
9;torus;1;5;5,71717;6;15,90035;0,03640294;-0,002946341;0,0129692;-0,03388648;0,159863
9;torus;1;5;5,730866;6;15,90035;0,06159598;-0,05036765;-0,002457464;0,03537126;0,1608457
9;torus;1;5;5,744751;6;15,90035;0,03907691;-0,03444704;-0,01473306;0,011106;0,1612081
9;torus;1;5;5,758699;6;15,90035;0,03907691;-0,03444704;-0,01473306;0,011106;0,1612081
9;torus;1;5;5,7728;6;15,90035;0,1108103;-8,617753E-05;0,04130324;-0,1028249;0,1602267
9;torus;1;5;5,786835;6;15,90035;0,1524086;0,02162603;0,05559158;-0,1402507;0,1586902
9;torus;1;5;5,80036;6;15,90035;0,1275084;0,01710096;0,05126775;-0,1154884;0,1575243
9;torus;1;5;5,814476;6;15,90035;0,1275084;0,01710096;0,05126775;-0,1154884;0,1575243
9;torus;1;5;5,828315;6;15,90035;0,05346544;-0,01361052;0,04773992;-0,01985464;0,1579224
9;torus;1;5;5,842185;6;15,90035;0,03780859;-0,01671372;0,03281809;-0,008550636;0,1583442
9;torus;1;5;5,856133;6;15,90035;0,03780859;-0,01671372;0,03281809;-0,008550636;0,1583442
9;torus;1;5;5,870147;6;15,90035;0,03518222;-0,02502501;0,004553142;-0,02430652;0,1583451
9;torus;1;5;5,884096;6;15,90035;0,0483043;-0,01447975;0,009137676;-0,04516797;0,1580174
9;torus;1;5;5,897991;6;15,90035;0,0483043;-0,01447975;0,009137676;-0,04516797;0,1580174
9;torus;1;5;5,912147;6;15,90035;0,1910208;0,02771985;0,05419575;-0,1810618;0,1560178
9;torus;1;5;5,925951;6;15,90035;0,1391945;0,01952542;0,02829401;-0,1348826;0,1489802
9;torus;1;5;5,939844;6;15,90035;0,1391945;0,01952542;0,02829401;-0,1348826;0,1489802
9;torus;1;5;5,953917;6;15,90035;0,05655117;-0,02176158;0,04760577;-0,02140466;0,1494536
9;torus;1;5;5,967466;6;15,90035;0,08402911;-0,04832591;0,05805767;0,03680766;0,15108
9;torus;1;5;5,981588;6;15,90035;0,09017305;-0,05409177;0,0463475;0,05529167;0,1528818
9;torus;1;5;5,995225;6;15,90035;0,09017305;-0,05409177;0,0463475;0,05529167;0,1528818
9;torus;1;5;6,009458;6;15,90035;0,08176333;-0,01690997;0,060377;-0,05247774;0,1530579
9;torus;1;5;6,023442;6;15,90035;0,159098;0,0259992;0,05955942;-0,1452202;0,151615
9;torus;1;5;6,037144;6;15,90035;0,159098;0,0259992;0,05955942;-0,1452202;0,151615
9;torus;1;5;6,050985;6;15,90035;0,1166869;0,01759299;0,04068441;-0,1079402;0,1505568
9;torus;1;5;6,064969;6;15,90035;0,06248674;0,004083738;0,02024766;-0,05897413;0,1500317
9;torus;1;5;6,079225;6;15,90035;0,06248674;0,004083738;0,02024766;-0,05897413;0,1500317
9;torus;1;5;6,092962;6;15,90035;0,03560903;-0,01902632;0,001442366;-0,03006528;0,1499092
9;torus;1;5;6,1067;6;15,90035;0,0316443;-0,03107588;-0,004960225;-0,003323705;0,1501725
9;torus;1;5;6,120616;6;15,90035;0,03144198;-0,0309964;-0,001033901;0,005172317;0,1505812
9;torus;1;5;6,134608;6;15,90035;0,03144198;-0,0309964;-0,001033901;0,005172317;0,1505812
9;torus;1;5;6,148686;6;15,90035;0,02991618;-0,02149095;-0,0001880218;-0,02081061;0,1505845
9;torus;1;5;6,162625;6;15,90035;0,03644115;-0,01859018;0,005474501;-0,03086086;0,1505025
9;torus;1;5;6,176367;6;15,90035;0,03644115;-0,01859018;0,005474501;-0,03086086;0,1584535
9;torus;1;5;6,190514;6;15,90035;0,03595554;-0,02582718;0,004920962;-0,02452636;0,1577523
9;torus;1;5;6,204192;6;15,90035;0,02933514;-0,02483135;-0,0001994969;-0,01561776;0,1572112
9;torus;1;5;6,218324;6;15,90035;0,02933514;-0,02483135;-0,0001994969;-0,01561776;0,1572112
9;torus;1;5;6,232352;6;15,90035;0,04585164;-0,03393237;-0,02210527;-0,02150174;0,1566251
9;torus;1;5;6,245864;6;15,90035;0,03615766;-0,02737086;-0,005203147;-0,02304647;0,1559938
9;torus;1;5;6,259834;6;15,90035;0,03615766;-0,02737086;-0,005203147;-0,02304647;0,1559938
9;torus;1;5;6,273777;6;15,90035;0,04605416;-0,02845214;0,01976391;-0,03034549;0,1550793
9;torus;1;5;6,288046;6;15,90035;0,06134536;-0,02428863;0,04826355;-0,02905072;0,1540367
9;torus;1;5;6,30157;6;15,90035;0,07216609;-0,01144562;0,05484898;-0,04548112;0,1517274
9;torus;1;5;6,315747;6;15,90035;0,07216609;-0,01144562;0,05484898;-0,04548112;0,1517274
9;torus;1;5;6,32965;6;15,90035;0,1219788;0,01578549;0,04309894;-0,1130138;0,1506656
9;torus;1;5;6,343695;6;15,90035;0,09350698;0,01361629;0,029216;-0,08777571;0,1504141
9;torus;1;5;6,357343;6;15,90035;0,09350698;0,01361629;0,029216;-0,08777571;0,1558187
9;torus;1;5;6,371519;6;15,90035;0,07008766;0,008303101;0,02195214;-0,06604121;0,1555355
9;torus;1;5;6,385447;6;15,90035;0,07047378;0,01005782;0,02851056;-0,06365958;0,1553982
9;torus;1;5;6,399438;6;15,90035;0,07047378;0,01005782;0,02851056;-0,06365958;0,1416241
9;torus;1;5;6,413166;6;15,90035;0,2712769;0,0859194;0,05061;-0,2522849;0,1394384
9;torus;1;5;6,427166;6;15,90035;0,3044982;0,1026673;0,0699707;-0,2779976;0,1418093
9;torus;1;5;6,440943;6;15,90035;0,2342838;0,08170485;0,03489849;-0,2167841;0,1389085
9;torus;1;5;6,455147;6;15,90035;0,2342838;0,08170485;0,03489849;-0,2167841;0,1389085
9;torus;1;5;6,468754;6;15,90035;0,1075322;0,03719496;0,006567743;-0,1006806;0,1374885
9;torus;1;5;6,482647;6;15,90035;0,06787372;0,02308;0,00977469;-0,06307623;0,1366796
9;torus;1;5;6,496615;6;15,90035;0,06787372;0,02308;0,00977469;-0,06307623;0,1366796
9;torus;1;5;6,510636;6;15,90035;0,06097944;0,01987148;0,01231831;-0,0563194;0,1360176
9;torus;1;5;6,524475;6;15,90035;0,07461821;0,02414441;0,01884918;-0,06804141;0,1352751
9;torus;1;5;6,538875;6;15,90035;0,07461821;0,02414441;0,01884918;-0,06804141;0,1352751
9;torus;1;5;6,552296;6;15,90035;0,1217205;0,03820173;0,04456763;-0,1066313;0,13432
9;torus;1;5;6,566188;6;15,90035;0,1031244;0,03081494;0,03847618;-0,09057966;0,1385423
9;torus;1;5;6,580451;6;15,90035;0,07006121;0,01902393;0,02914915;-0,06080288;0,1380421
9;torus;1;5;6,594172;6;15,90035;0,07006121;0,01902393;0,02914915;-0,06080288;0,1380421
9;torus;1;5;6,608162;6;15,90035;0,06990018;0,01411789;0,03388753;-0,05948408;0,1376849
9;torus;1;5;6,622104;6;15,90035;0,07155957;0,01211818;0,04305973;-0,05585501;0,1375171
9;torus;1;5;6,635746;6;15,90035;0,07155957;0,01211818;0,04305973;-0,05585501;0,1375171
9;torus;1;5;6,650177;6;15,90035;0,1341041;0,01960601;0,09781719;-0,08961762;0,1376469
9;torus;1;5;6,663685;6;15,90035;0,1373343;0,02212826;0,0931743;-0,09843574;0,1203834
9;torus;1;5;6,677859;6;15,90035;0,1373343;0,02212826;0,0931743;-0,09843574;0,1203834
9;torus;1;5;6,69158;6;15,90035;0,2088096;0,03334014;0,145757;-0,1457559;0,116365
9;torus;1;5;6,705501;6;15,90035;0,1935408;0,03090237;0,133825;-0,1363597;0,134026
9;torus;1;5;6,719376;6;15,90035;0,1935408;0,03090237;0,133825;-0,1363597;0,125536
9;torus;1;5;6,73355;6;15,90035;0,1389322;0,01956127;0,09099256;-0,1031497;0,1228619
9;torus;1;5;6,747313;6;15,90035;0,121976;0,01578933;0,07715321;-0,09314625;0,1205329
9;torus;1;5;6,76132;6;15,90035;0,1142062;0,01366287;0,06850753;-0,09034994;0,118376
9;torus;1;5;6,775264;6;15,90035;0,1142062;0,01366287;0,06850753;-0,09034994;0,1231834
9;torus;1;5;6,789077;6;15,90035;0,1890082;0,03633692;0,07370247;-0,1702107;0,1197028
9;torus;1;5;6,802971;6;15,90035;0,1861896;0,03565786;0,07451849;-0,1668594;0,1162829
9;torus;1;5;6,817115;6;15,90035;0,1861896;0,03565786;0,07451849;-0,1668594;0,1231079
9;torus;1;5;6,830935;6;15,90035;0,1365018;0,02185327;0,05890713;-0,1211822;0,1217993
9;torus;1;5;6,844996;6;15,90035;0,138011;0,02254654;0,05535623;-0,1243961;0,1129237
9;torus;1;5;6,858877;6;15,90035;0,138011;0,02254654;0,05535623;-0,1243961;0,1173214
9;torus;1;5;6,873197;6;15,90035;0,2443817;0,05600625;0,04895755;-0,2327851;0,1133368
9;torus;1;5;6,886792;6;15,90035;0,2650219;0,06361105;0,03613865;-0,2547238;0,1092675
9;torus;1;5;6,900439;6;15,90035;0,2429595;0,04599887;-0,02028;-0,2377018;0,1124563
9;torus;1;5;6,914553;6;15,90035;0,2429595;0,04599887;-0,02028;-0,2377018;0,1124563
9;torus;1;5;6,928532;6;15,90035;0,2814635;0,01396243;-0,1020071;-0,2619567;0,1108687
9;torus;1;5;6,942421;6;15,90035;0,2567424;0,01830995;-0,0850829;-0,2415415;0,1279631
9;torus;1;5;6,956335;6;15,90035;0,2567424;0,01830995;-0,0850829;-0,2415415;0,1279631
9;torus;1;5;6,970214;6;15,90035;0,3074678;0,01256311;-0,09605816;-0,2918073;0,1272248
9;torus;1;5;6,984155;6;15,90035;0,2932462;0,01318336;-0,1047024;-0,2735999;0,1142144
9;torus;1;5;6,997974;6;15,90035;0,2932462;0,01318336;-0,1047024;-0,2735999;0,1164934
9;torus;1;5;7,011897;6;15,90035;0,3597161;0,0129325;-0,1272625;-0,3362034;0,1194183
9;torus;1;5;7,025847;6;15,90035;0,3429226;0,02977605;-0,0775687;-0,3327047;0,1140357
9;torus;1;5;7,040002;6;15,90035;0,4411672;0,02234755;-0,06140622;-0,4363008;0,1170149
9;torus;1;5;7,054174;6;15,90035;0,4411672;0,02234755;-0,06140622;-0,4363008;0,1170149
9;torus;1;5;7,067482;6;15,90035;0,2370298;-0,01898012;-0,07462795;-0,224173;0,119906
9;torus;1;5;7,081843;6;15,90035;0,2182518;-0,02167927;-0,07614259;-0,2033868;0,1226927
9;torus;1;5;7,095416;6;15,90035;0,2182518;-0,02167927;-0,07614259;-0,2033868;0,1060701
9;torus;1;5;7,109354;6;15,90035;0,1506876;-0,02092414;-0,0297502;-0,1462322;0,1077442
9;torus;1;5;7,123231;6;15,90035;0,1681867;-0,01035995;-0,02438972;-0,166086;0,1094167
9;torus;1;5;7,137196;6;15,90035;0,1681867;-0,01035995;-0,02438972;-0,166086;0,1094167
9;torus;1;5;7,15137;6;15,90035;0,09010851;-0,03421125;-0,0209565;-0,08068431;0,1107179
9;torus;1;5;7,16538;6;15,90035;0,1020947;-0,02509771;-0,02424426;-0,09594607;0,1120987
9;torus;1;5;7,179176;6;15,90035;0,1020947;-0,02509771;-0,02424426;-0,09594607;0,1120987
9;torus;1;5;7,19302;6;15,90035;0,1211825;-0,01524311;-0,02075044;-0,1184157;0,1135228
9;torus;1;5;7,206959;6;15,90035;0,1272517;-0,01067578;-0,01915988;-0,1253472;0,1149678
9;torus;1;5;7,220661;6;15,90035;0,1344635;-0,01022971;-0,0229431;-0,1320961;0,1071398
9;torus;1;5;7,234986;6;15,90035;0,1344635;-0,01022971;-0,0229431;-0,1320961;0,1071398
9;torus;1;5;7,248796;6;15,90035;0,1884857;-0,0006771758;-0,02826938;-0,1863524;0,1090878
9;torus;1;5;7,262641;6;15,90035;0,1865712;-0,005007073;-0,02852119;-0,1843103;0,1111568
9;torus;1;5;7,276428;6;15,90035;0,1865712;-0,005007073;-0,02852119;-0,1843103;0,1071063
9;torus;1;5;7,290553;6;15,90035;0,1732697;-0,0127111;-0,03342775;-0,1695388;0,1090427
9;torus;1;5;7,304498;6;15,90035;0,1680053;-0,01243301;-0,03487351;-0,1638751;0,1110265
9;torus;1;5;7,31838;6;15,90035;0,1680053;-0,01243301;-0,03487351;-0,1638751;0,1110265
9;torus;1;5;7,3325;6;15,90035;0,1661839;-0,01358543;-0,04097247;-0,1604799;0,1131493
9;torus;1;5;7,346696;6;15,90035;0,2566732;0,0799994;-0,04642135;-0,239429;0,1078983
9;torus;1;5;7,360553;6;15,90035;0,4380395;0,1320463;-0,07686871;-0,4105284;0,1076342
9;torus;1;5;7,374124;6;15,90035;0,4380395;0,1320463;-0,07686871;-0,4105284;0,1121175
9;torus;1;5;7,387993;6;15,90035;0,4442835;0,1268089;-0,06141855;-0,4213491;0,1138698
9;torus;1;5;7,401917;6;15,90035;0,3933124;0,1107873;-0,05581688;-0,3732362;0,110426
9;torus;1;5;7,416268;6;15,90035;0,3933124;0,1107873;-0,05581688;-0,3732362;0,1055261
9;torus;1;5;7,429725;6;15,90035;0,3445999;0,09231778;-0,05729206;-0,3270232;0,1067924
9;torus;1;5;7,444023;6;15,90035;0,3351073;0,08088671;-0,06795984;-0,3180184;0,1122437
9;torus;1;5;7,457794;6;15,90035;0,3351073;0,08088671;-0,06795984;-0,3180184;0,119751
9;torus;1;5;7,471857;6;15,90035;0,4781068;0,1018598;-0,08607257;-0,459132;0,1225283
9;torus;1;5;7,485364;6;15,90035;0,4594704;0,09391762;-0,06982368;-0,4443165;0,1260087
9;torus;1;5;7,499602;6;15,90035;0,4594704;0,09391762;-0,06982368;-0,4443165;0,1275303
9;torus;1;5;7,513268;6;15,90035;0,7410113;0,138107;-0,08641897;-0,7228803;0,1333526
9;torus;1;5;7,527425;6;15,90035;0,5364014;0,09964363;-0,039521;-0,5255813;0,138578
9;torus;1;5;7,541064;6;15,90035;0,5472485;0,09546824;-0,03466008;-0,537741;0,1477583
9;torus;1;5;7,555602;6;15,90035;0,5472485;0,09546824;-0,03466008;-0,537741;0,1477583
9;torus;1;5;7,569168;6;15,90035;0,7187818;0,09538371;-0,01468593;-0,7122735;0,1569738
9;torus;1;5;7,582736;6;15,90035;0,4682979;0,05728334;0,03667416;-0,463332;0,1861167
9;torus;1;5;7,597053;6;15,90035;0,4682979;0,05728334;0,03667416;-0,463332;0,1782614
9;torus;1;5;7,610646;6;15,90035;0,6209876;0,06108403;0,1872552;-0,5889226;0,1899109
9;torus;1;5;7,624702;6;15,90035;0,4145685;0,04418048;0,1105055;-0,3971193;0,1976403
9;torus;1;5;7,638595;6;15,90035;0,4145685;0,04418048;0,1105055;-0,3971193;0,2036989
9;torus;1;5;7,652467;6;15,90035;0,2080831;0,01006447;0,08040013;-0,1916588;0,2076949
9;torus;1;5;7,666425;6;15,90035;0,04496517;-0,01404315;-0,004979158;-0,04242481;0,1867377
9;torus;1;5;7,680307;6;15,90035;0,04351008;-0,02227617;-0,001029385;-0,03736094;0,1875729
9;torus;1;5;7,694433;6;15,90035;0,04351008;-0,02227617;-0,001029385;-0,03736094;0,1875729
9;torus;1;5;7,708488;6;15,90035;0,1248287;-0,01272363;0,05020294;-0,1135781;0,1898208
9;torus;1;5;7,722326;6;15,90035;0,2873872;0,01812182;-0,03564322;-0,2845919;0,2152535
9;torus;1;5;7,736448;6;15,90035;0,2873872;0,01812182;-0,03564322;-0,2845919;0,2152535
9;torus;1;5;7,749841;6;15,90035;0,5227339;0,06652845;-0,06947632;-0,5138071;0,2228623
9;torus;1;5;7,764052;6;15,90035;0,02955897;-0,004722336;-0,01224779;-0,0264844;0,2231444
9;torus;1;5;7,778023;6;15,90035;0,02955897;-0,004722336;-0,01224779;-0,0264844;0,2231444
9;torus;1;5;7,791664;6;15,90035;0,07186977;-0,03111259;-0,02915368;0,05785614;0,2218016
9;torus;1;5;7,805812;6;15,90035;0,0306579;-0,01241347;-0,004141208;-0,02772478;0,2221805
9;torus;1;5;7,819667;6;15,90035;0,0306579;-0,01241347;-0,004141208;-0,02772478;0,2221805
9;torus;1;5;7,833512;6;15,90035;0,4545561;0,04513604;0,03713432;-0,4507827;0,2301046
9;torus;1;5;7,847476;6;15,90035;0,3082438;0,04543267;0,09770701;-0,2887965;0,236064
9;torus;1;5;7,861443;6;15,90035;0,1427783;0,01614906;0,07034688;-0,1231915;0,2389142
9;torus;1;5;7,875921;6;15,90035;0,1427783;0,01614906;0,07034688;-0,1231915;0,2389142
9;torus;1;5;7,889566;6;15,90035;0,1377831;-0,006537673;0,114421;-0,07648047;0,2414216
9;torus;1;5;7,903373;6;15,90035;0,1549116;-0,001867759;0,101482;-0,1170279;0,2444728
9;torus;1;5;7,917269;6;15,90035;0,1549116;-0,001867759;0,101482;-0,1170279;0,2471516
9;torus;1;5;7,930922;6;15,90035;0,04191184;-0,02485011;0,0007339753;-0,03374219;0,2475665
9;torus;1;5;7,945176;6;15,90035;0,1439756;-0,01430511;0,1285106;-0,0633195;0,2472444
9;torus;1;5;7,959432;6;15,90035;0,1439756;-0,01430511;0,1285106;-0,0633195;0,2472444
9;torus;1;5;7,973222;6;15,90035;0,2665417;0,0002741814;0,2341837;-0,1272887;0,24708
9;torus;1;5;7,987001;6;15,90035;0,07703704;-0,004982948;0,04344955;-0,06341934;0,2346606
9;torus;1;5;8,000652;6;15,90035;0,2782476;0,01594424;0,009253621;-0,2776362;0,2295111
9;torus;1;5;8,014768;6;15,90035;0,2782476;0,01594424;0,009253621;-0,2776362;0,2385332
9;torus;1;5;8,028338;6;15,90035;0,3867218;0,03052105;0,2222561;-0,3149991;0,2312335
9;torus;1;5;8,042245;6;15,90035;0,043976;-0,009408744;0,004597037;-0,04271102;0,2222709
9;torus;1;5;8,056283;6;15,90035;0,043976;-0,009408744;0,004597037;-0,04271102;0,2291128
9;torus;1;5;8,070267;6;15,90035;0,1725665;-0,0217673;0,1697671;0,02201183;0,2283989
9;torus;1;5;8,084227;6;15,90035;0,1315763;-0,01526268;0,1301098;0,01228059;0,2277955
9;torus;1;5;8,098213;6;15,90035;0,1315763;-0,01526268;0,1301098;0,01228059;0,2277955
9;torus;1;5;8,111797;6;15,90035;0,5324494;0,04183455;0,1113472;-0,5189933;0,2173345
9;torus;1;5;8,126066;6;15,90035;0,5000399;0,06138247;0,2139817;-0,4477543;0,2074095
9;torus;1;5;8,139855;6;15,90035;0,5000399;0,06138247;0,2139817;-0,4477543;0,211002
9;torus;1;5;8,15359;6;15,90035;0,4660447;0,04834442;0,1836887;-0,4255807;0,2017326
9;torus;1;5;8,167619;6;15,90035;0,2559253;0,01470984;0,1623868;-0,197261;0,1903891
9;torus;1;5;8,181479;6;15,90035;0,2223739;0,0002738179;0,2114142;-0,06895007;0,1890121
9;torus;1;5;8,195388;6;15,90035;0,2223739;0,0002738179;0,2114142;-0,06895007;0,1870456
9;torus;1;5;8,209522;6;15,90035;0,5552567;0,01871556;0,5422086;-0,1181932;0,1805124
9;torus;1;5;8,223557;6;15,90035;0,4519267;0,008820987;0,4479842;-0,05890767;0,1798087
9;torus;1;5;8,23716;6;15,90035;0,4519267;0,008820987;0,4479842;-0,05890767;0,1798087
9;torus;1;5;8,251354;6;15,90035;0,427711;0,02745223;0,3161712;-0,2867382;0,1721209
9;torus;1;5;8,265249;6;15,90035;0,4074889;0,02921981;0,3067802;-0,2666071;0,1634069
9;torus;1;5;8,278929;6;15,90035;0,4074889;0,02921981;0,3067802;-0,2666071;0,1634069
9;torus;1;5;8,292974;6;15,90035;0,4196765;0,02338525;0,328659;-0,2599322;0,1562948
9;torus;1;5;8,307018;6;15,90035;0,3513364;0,009929569;0,3087389;-0,1673885;0,1512211
9;torus;1;5;8,321239;6;15,90035;0,3485554;0,008819697;0,3123653;-0,1544055;0,1465416
9;torus;1;5;8,334934;6;15,90035;0,3485554;0,008819697;0,3123653;-0,1544055;0,1484603
9;torus;1;5;8,348923;6;15,90035;0,4944497;0,01251055;0,4497076;-0,2051513;0,1418579
9;torus;1;5;8,362538;6;15,90035;0,4312649;0,015961;0,3626783;-0,232807;0,1477228
9;torus;1;5;8,376502;6;15,90035;0,4312649;0,015961;0,3626783;-0,232807;0,1508379
9;torus;1;5;8,39062;6;15,90035;0,6302717;0,0136276;0,5717707;-0,2648303;0,1422299
9;torus;1;5;8,404589;6;15,90035;0,5888503;0,008861011;0,5391819;-0,2365355;0,1349527
9;torus;1;5;8,418344;6;15,90035;0,5888503;0,008861011;0,5391819;-0,2365355;0,1349527
9;torus;1;5;8,432377;6;15,90035;0,6975348;-0,0002949759;0,6514451;-0,2493472;0,1277993
9;torus;1;5;8,446018;6;15,90035;0,6202667;-0,01401858;0,6057109;-0,1328483;0,1520436
9;torus;1;5;8,459994;6;15,90035;0,6202667;-0,01401858;0,6057109;-0,1328483;0,1360383
9;torus;1;5;8,473901;6;15,90035;0,6316832;-0,02588;0,6226661;-0,1031548;0,1392816
9;torus;1;5;8,487975;6;15,90035;0,5103374;-0,01723974;0,4896029;-0,1429548;0,1376799
9;torus;1;5;8,50181;6;15,90035;0,4507863;-0,008482376;0,4093487;-0,1886;0,1338717
9;torus;1;5;8,515842;6;15,90035;0,4507863;-0,008482376;0,4093487;-0,1886;0,1304863
9;torus;1;5;8,529755;6;15,90035;0,5478936;-0,01860796;0,5208955;-0,1688461;0,1335948
9;torus;1;5;8,543403;6;15,90035;0,5012984;-0,02454393;0,4865091;-0,1183495;0,1394901
9;torus;1;5;8,5573;6;15,90035;0,5012984;-0,02454393;0,4865091;-0,1183495;0,1342709
9;torus;1;5;8,57152;6;15,90035;0,5591707;-0,0343402;0,5427995;-0,1298513;0,1381446
9;torus;1;5;8,585394;6;15,90035;0,4649715;-0,02297355;0,4364686;-0,1586375;0,1409973
9;torus;1;5;8,599293;6;15,90035;0,4649715;-0,02297355;0,4364686;-0,1586375;0,1323804
9;torus;1;5;8,613191;6;15,90035;0,5394011;-0,01163094;0,4589853;-0,2831092;0,1337092
9;torus;1;5;8,627246;6;15,90035;0,4793209;-0,01430415;0,4239937;-0,2230992;0,1389417
9;torus;1;5;8,640849;6;15,90035;0,493585;-0,0281061;0,4721038;-0,1412592;0,1436713
9;torus;1;5;8,655094;6;15,90035;0,493585;-0,0281061;0,4721038;-0,1412592;0,1436713
9;torus;1;5;8,669009;6;15,90035;0,5175564;-0,05156901;0,5144;-0,02445148;0,1505147
9;torus;1;5;8,682808;6;15,90035;0,3560079;-0,03193731;0,3454528;-0,07990006;0,1519214
9;torus;1;5;8,696497;6;15,90035;0,3560079;-0,03193731;0,3454528;-0,07990006;0,1519214
9;torus;1;5;8,710625;6;15,90035;0,6080001;-0,01742739;0,4666766;-0,3893242;0,1541956
9;torus;1;5;8,724656;6;15,90035;0,5042498;-0,004566318;0,3286954;-0,3823694;0,1479555
9;torus;1;5;8,738559;6;15,90035;0,5042498;-0,004566318;0,3286954;-0,3823694;0,1479555
9;torus;1;5;8,752398;6;15,90035;0,540948;-0,0122401;0,378218;-0,3865567;0,1503608
9;torus;1;5;8,766868;6;15,90035;0,3492438;-0,02207376;0,284737;-0,2010195;0,1532735
9;torus;1;5;8,780806;6;15,90035;0,1766768;-0,0146286;0,1338507;-0,1143883;0,1545504
9;torus;1;5;8,794192;6;15,90035;0,1766768;-0,0146286;0,1338507;-0,1143883;0,1545504
9;torus;1;5;8,808153;6;15,90035;0,5127122;-0,00700282;0,2875794;-0,4244088;0,1565017
9;torus;1;5;8,822186;6;15,90035;0,5531081;0,005320773;0,2444901;-0,4961097;0,1520812
9;torus;1;5;8,836099;6;15,90035;0,5531081;0,005320773;0,2444901;-0,4961097;0,1520812
9;torus;1;5;8,849818;6;15,90035;0,6422738;0,003881727;0,2629488;-0,585968;0,1533321
9;torus;1;5;8,863535;6;15,90035;0,5195152;-0,002562647;0,2211911;-0,470068;0,1552477
9;torus;1;5;8,877694;6;15,90035;0,5195152;-0,002562647;0,2211911;-0,470068;0,1552477
9;torus;1;5;8,892212;6;15,90035;0,4944102;-0,01656909;0,2124053;-0,4461513;0,1576282
9;torus;1;5;8,907259;6;15,90035;0,4004416;-0,006685636;0,08149488;-0,3920043;0,1501325
9;torus;1;5;8,921073;6;15,90035;0,4596938;-0,004570798;0,0931752;-0,4501287;0,1519726
9;torus;1;5;8,946785;6;15,90035;0,4609838;0,006380925;0,0309033;-0,4599025;0,1514255
9;torus;1;5;8,960838;6;15,90035;0,585454;0,002562448;0,06776434;-0,5815133;0,1520335
9;torus;1;5;8,975449;6;15,90035;0,585454;0,002562448;0,06776434;-0,5815133;0,1525576
9;torus;1;5;8,988728;6;15,90035;0,6832242;0,0008311958;0,07413824;-0,6791893;0,1533994
9;torus;1;5;9,002674;6;15,90035;0,51137;0,001852555;0,02917092;-0,5105339;0,1637235
9;torus;1;5;9,016863;6;15,90035;0,51137;0,001852555;0,02917092;-0,5105339;0,163368
9;torus;1;5;9,030622;6;15,90035;0,6832192;0,02313941;-0,1517153;-0,6657593;0,1612793
9;torus;1;5;9,044763;6;15,90035;0,5664605;0,02763383;-0,1825919;-0,5355129;0,1593654
9;torus;1;5;9,058942;6;15,90035;0,5664605;0,02763383;-0,1825919;-0,5355129;0,1593654
9;torus;1;5;9,072497;6;15,90035;0,8370609;0,0590971;-0,3484925;-0,7587697;0,1565363
9;torus;1;5;9,086863;6;15,90035;0,6486304;0,05467311;-0,3345104;-0,5530236;0,1512494
9;torus;1;5;9,101018;6;15,90035;0,612816;0,05819969;-0,366996;-0,4873092;0,1569259
9;torus;1;5;9,11479;6;15,90035;0,612816;0,05819969;-0,366996;-0,4873092;0,1430235
9;torus;1;5;9,128248;6;15,90035;0,6745346;0,06834275;-0,4720013;-0,4770125;0,1415218
9;torus;1;5;9,142665;6;15,90035;0,5984637;0,05655946;-0,4377427;-0,4041548;0,1468147
9;torus;1;5;9,157631;6;15,90035;0,5984637;0,05655946;-0,4377427;-0,4041548;0,1468147
9;torus;1;5;9,183327;6;15,90035;0,4040328;0,03336116;-0,2556122;-0,311114;0,1495195
9;torus;1;5;9,19727;6;15,90035;0,4040328;0,03336116;-0,2556122;-0,311114;0,1419809
9;torus;1;5;9,211344;6;15,90035;0,612947;0,05343153;-0,3966047;-0,4642777;0,1441449
9;torus;1;5;9,22667;6;15,90035;0,4593284;0,04542496;-0,3209677;-0,325421;0,1376331
9;torus;1;5;9,240005;6;15,90035;0,3219013;0,03244186;-0,2302249;-0,2226307;0,1380045
9;torus;1;5;9,253553;6;15,90035;0,3219013;0,03244186;-0,2302249;-0,2226307;0,1380045
9;torus;1;5;9,267468;6;15,90035;0,338753;0,03110449;-0,230769;-0,2460321;0,1397478
9;torus;1;5;9,281333;6;15,90035;0,3220529;0,03020192;-0,2507942;-0,1997703;0,1381779
9;torus;1;5;9,295114;6;15,90035;0,3220529;0,03020192;-0,2507942;-0,1997703;0,1381779
9;torus;1;5;9,309298;6;15,90035;0,4125251;0,03513415;-0,3655656;-0,1878945;0,1375697
9;torus;1;5;9,323178;6;15,90035;0,3526466;0,02872588;-0,3125934;-0,1606856;0,1422814
9;torus;1;5;9,337415;6;15,90035;0,3526466;0,02872588;-0,3125934;-0,1606856;0,141211
9;torus;1;5;9,351591;6;15,90035;0,3678141;0,02893618;-0,3407271;-0,1354803;0,1402007
9;torus;1;5;9,364921;6;15,90035;0,3416256;0,02709558;-0,3287297;-0,08894201;0,1388315
9;torus;1;5;9,37869;6;15,90035;0,3416256;0,02709558;-0,3287297;-0,08894201;0,1433919
9;torus;1;5;9,392984;6;15,90035;0,3321125;0,02264951;-0,3219891;-0,0781583;0,1417861
9;torus;1;5;9,406695;6;15,90035;0,2530734;0,01553556;-0,2406989;-0,07660806;0,1367558
9;torus;1;5;9,420572;6;15,90035;0,2526913;0,01457711;-0,244062;-0,06382901;0,1355188
9;torus;1;5;9,434466;6;15,90035;0,2526913;0,01457711;-0,244062;-0,06382901;0,1355188
9;torus;1;5;9,44838;6;15,90035;0,3342743;0,01577044;-0,329706;-0,05276844;0,1335259
9;torus;1;5;9,462356;6;15,90035;0,3274216;0,01469281;-0,3231409;-0,05068548;0,1318536
9;torus;1;5;9,47651;6;15,90035;0,3274216;0,01469281;-0,3231409;-0,05068548;0,1318536
9;torus;1;5;9,490142;6;15,90035;0,3647264;0,01207204;-0,3547935;-0,08367284;0,1309007
9;torus;1;5;9,504423;6;15,90035;0,3186126;0,008853658;-0,314229;-0,05192026;0,1331423
9;torus;1;5;9,517938;6;15,90035;0,3186126;0,008853658;-0,314229;-0,05192026;0,1331423
9;torus;1;5;9,532199;6;15,90035;0,3720852;0,00538466;-0,3699743;0,0392093;0,1299793
9;torus;1;5;9,54603;6;15,90035;0,324618;0,002462262;-0,3161766;0,07350571;0,1392253
9;torus;1;5;9,559847;6;15,90035;0,324618;0,002462262;-0,3161766;0,07350571;0,1429192
9;torus;1;5;9,573687;6;15,90035;0,3679103;-0,004087311;-0,3668062;0,02818637;0,1398348
9;torus;1;5;9,588094;6;15,90035;0,3088235;-0,005041886;-0,3083792;-0,01577371;0,1382496
9;torus;1;5;9,601516;6;15,90035;0,2480827;-0,004310925;-0,2464909;-0,02772546;0,1374617
9;torus;1;5;9,615602;6;15,90035;0,2480827;-0,004310925;-0,2464909;-0,02772546;0,1374617
9;torus;1;5;9,629496;6;15,90035;0,3969578;-0,006556144;-0,3946096;-0,04261168;0,1365316
9;torus;1;5;9,64337;6;15,90035;0,3640616;-0,006969232;-0,3639905;-0,001778768;0,1364135
9;torus;1;5;9,657576;6;15,90035;0,3640616;-0,006969232;-0,3639905;-0,001778768;0,1453386
9;torus;1;5;9,671117;6;15,90035;0,488033;-0,01472858;-0,4859366;0,04271825;0,1474946
9;torus;1;5;9,685457;6;15,90035;0,4292865;-0,01577833;-0,4289908;0,002199171;0,1505122
9;torus;1;5;9,698995;6;15,90035;0,4292865;-0,01577833;-0,4289908;0,002199171;0,1379245
9;torus;1;5;9,713095;6;15,90035;0,4655975;-0,01743084;-0,4645947;-0,02507997;0,1418202
9;torus;1;5;9,727035;6;15,90035;0,4016993;-0,01390182;-0,3998455;-0,03595383;0,1415623
9;torus;1;5;9,740963;6;15,90035;0,4061894;-0,01255309;-0,4043274;-0,03676398;0,1455209
9;torus;1;5;9,75478;6;15,90035;0,4061894;-0,01255309;-0,4043274;-0,03676398;0,1455209
9;torus;1;5;9,769007;6;15,90035;0,4988246;-0,01784611;-0,496117;-0,04873791;0,1508825
9;torus;1;5;9,782728;6;15,90035;0,47681;-0,02361388;-0,4701406;-0,07588157;0,1568301
9;torus;1;5;9,797086;6;15,90035;0,47681;-0,02361388;-0,4701406;-0,07588157;0,151739
9;torus;1;5;9,810966;6;15,90035;0,6727164;-0,05128708;-0,6177331;-0,2613864;0,1620933
9;torus;1;5;9,824512;6;15,90035;0,5539732;-0,04816139;-0,4918408;-0,2503186;0,1742804
9;torus;1;5;9,838359;6;15,90035;0,5539732;-0,04816139;-0,4918408;-0,2503186;0,1742804
9;torus;1;5;9,852348;6;15,90035;0,8975859;-0,08819845;-0,7501181;-0,4849786;0,1897368
9;torus;1;5;9,866255;6;15,90035;0,7120215;-0,07346069;-0,6175303;-0,3467483;0,2005283
9;torus;1;5;9,879897;6;15,90035;0,7120215;-0,07346069;-0,6175303;-0,3467483;0,2005283
9;torus;1;5;9,893846;6;15,90035;0,9383124;-0,1280173;-0,8293648;-0,4197569;0,2166845
9;torus;1;5;9,907858;6;15,90035;0,5305644;-0,0910812;-0,4567105;-0,2542014;0,2054355
9;torus;1;5;9,922091;6;15,90035;0,358832;-0,08065458;-0,2713166;-0,2205506;0,2108199
9;torus;1;5;9,93576;6;15,90035;0,358832;-0,08065458;-0,2713166;-0,2205506;0,2108199
9;torus;1;5;9,9497;6;15,90035;0,4761684;-0,1212473;-0,1870976;-0,4207492;0,216493
9;torus;1;5;9,963762;6;15,90035;0,2882686;-0,0732678;-0,03212582;-0,276945;0,2211904
9;torus;1;5;9,977402;6;15,90035;0,2882686;-0,0732678;-0,03212582;-0,276945;0,2211904
9;torus;1;5;9,991911;6;15,90035;0,4829374;-0,1138426;0,07397832;-0,4634605;0,2302754
9;torus;1;5;10,00525;6;15,90035;0,2075834;-0,05475996;0,0953774;-0,176055;0,234357
9;torus;1;5;10,01951;6;15,90035;0,2075834;-0,05475996;0,0953774;-0,176055;0,2336994
9;torus;1;5;10,03336;6;15,90035;0,4093325;-0,0767435;0,3225506;-0,2400513;0,2409759
9;torus;1;5;10,04722;6;15,90035;0,3683505;-0,05253631;0,2331391;-0,2803001;0,2288656
9;torus;1;5;10,06095;6;15,90035;0,2620303;-0,04738571;0,1600943;-0,2019511;0,2269318
9;torus;1;5;10,07514;6;15,90035;0,2620303;-0,04738571;0,1600943;-0,2019511;0,2316348
9;torus;1;5;10,0888;6;15,90035;0,2297466;-0,05647863;0,1968754;-0,1040853;0,231598
9;torus;1;5;10,10278;6;15,90035;0,1180201;9,308532E-05;-0,01999597;0,1163137;0,235951
9;torus;1;5;10,11679;6;15,90035;0,1180201;9,308532E-05;-0,01999597;0,1163137;0,2334986
9;torus;1;5;10,13107;6;15,90035;0,1188666;-0,02555116;0,08636601;0,07757133;0,2356825
9;torus;1;5;10,14458;6;15,90035;0,1828116;-0,02763908;0,1406863;-0,1134175;0,2334468
9;torus;1;5;10,15884;6;15,90035;0,1828116;-0,02763908;0,1406863;-0,1134175;0,2349577
9;torus;1;5;10,17261;6;15,90035;0,4690277;-0,06266449;0,2373038;-0,3996837;0,230338
9;torus;1;5;10,18661;6;15,90035;0,1864272;-0,02820451;0,00291749;-0,1842583;0,2244627
9;torus;1;5;10,20004;6;15,90035;0,1441247;-0,02339962;-0,04144741;-0,1360386;0,2225697
9;torus;1;5;10,21407;6;15,90035;0,1441247;-0,02339962;-0,04144741;-0,1360386;0,2215159
9;torus;1;5;10,22837;6;15,90035;0,2327285;-0,04018189;-0,06767672;-0,2190156;0,2184785
9;torus;1;5;10,24221;6;15,90035;0,1667425;-0,02883498;-0,09347685;-0,1350321;0,2163485
9;torus;1;5;10,25611;6;15,90035;0,1667425;-0,02883498;-0,09347685;-0,1350321;0,2171742
9;torus;1;5;10,27013;6;15,90035;0,2998493;-0,04789255;-0,1379942;-0,2618655;0,2142892
9;torus;1;5;10,28374;6;15,90035;0,2302229;-0,03717402;-0,1182113;-0,1940278;0,2081075
9;torus;1;5;10,29793;6;15,90035;0,2302229;-0,03717402;-0,1182113;-0,1940278;0,2081075
9;torus;1;5;10,31157;6;15,90035;0,2793545;-0,04623049;-0,2189366;-0,1672376;0,2036291
9;torus;1;5;10,32579;6;15,90035;0,1154624;-0,02002735;-0,09446225;-0,06330375;0,2061499
9;torus;1;5;10,33947;6;15,90035;0,1154624;-0,02002735;-0,09446225;-0,06330375;0,2061499
9;torus;1;5;10,35336;6;15,90035;0,09504115;-0,0132909;0,01509545;-0,09288864;0,2048225
9;torus;1;5;10,36727;6;15,90035;0,1164834;-0,01684507;0,0001140679;-0,1152589;0,2029935
9;torus;1;5;10,38139;6;15,90035;0,1153297;-0,01274985;0,04612214;-0,1049339;0,2018159
9;torus;1;5;10,39516;6;15,90035;0,1153297;-0,01274985;0,04612214;-0,1049339;0,2018159
9;torus;1;5;10,40916;6;15,90035;0,1752274;-0,03768105;-0,01072562;-0,1707915;0,1990842
9;torus;1;5;10,4233;6;15,90035;0,1189661;-0,03822798;-0,05887036;-0,09605116;0,1970639
9;torus;1;5;10,43717;6;15,90035;0,1189661;-0,03822798;-0,05887036;-0,09605116;0,1970639
9;torus;1;5;10,45116;6;15,90035;0,05911215;-0,03814763;-0,03807146;0,02428104;0,1972248
9;torus;1;5;10,46516;6;15,90035;0,02608521;-0,01273463;0,01763761;0,01439382;0,1977068
9;torus;1;5;10,47867;6;15,90035;0,02608521;-0,01273463;0,01763761;0,01439382;0,1977068
9;torus;1;5;10,49299;6;15,90035;0,0503248;-0,04141882;0,02288955;0,0171212;0,1984248
9;torus;1;5;10,50689;6;15,90035;0,04578412;-0,01505451;0,01806941;0,0392816;0,1993264
9;torus;1;5;10,52052;6;15,90035;0,08376178;-0,01530526;0,03533773;0,07438434;0,2009834
9;torus;1;5;10,53457;6;15,90035;0,08376178;-0,01530526;0,03533773;0,07438434;0,2009834
9;torus;1;5;10,54877;6;15,90035;0,1288602;-0,0136946;0,1280555;-0,004381746;0,2023585
9;torus;1;5;10,56251;6;15,90035;0,104185;-0,0161544;0,06716064;-0,07799352;0,1992704
9;torus;1;5;10,57691;6;15,90035;0,104185;-0,0161544;0,06716064;-0,07799352;0,1992704
9;torus;1;5;10,59023;6;15,90035;0,190302;-0,03805429;0,01326664;-0,1859858;0,1966344
9;torus;1;5;10,604;6;15,90035;0,1709608;-0,03579643;-0,06535392;-0,1538671;0,1937144
9;torus;1;5;10,61788;6;15,90035;0,1709608;-0,03579643;-0,06535392;-0,1538671;0,1937144
9;torus;1;5;10,63198;6;15,90035;0,2700659;-0,05000116;-0,1375994;-0,2269403;0,1889933
9;torus;1;5;10,64577;6;15,90035;0,1351503;-0,02537618;-0,07263856;-0,1111093;0,1924409
9;torus;1;5;10,65983;6;15,90035;0,1351503;-0,02537618;-0,07263856;-0,1111093;0,1924409
9;torus;1;5;10,67388;6;15,90035;0,04577618;-0,005553516;0,03085327;-0,03335706;0,1923268
9;torus;1;5;10,6876;6;15,90035;0,05632965;-0,006570245;0,03190888;-0,04595306;0,1920423
9;torus;1;5;10,70171;6;15,90035;0,04424234;-0,005577086;0,02182053;-0,03808077;0,191755
9;torus;1;5;10,71539;6;15,90035;0,04424234;-0,005577086;0,02182053;-0,03808077;0,1882684
9;torus;1;5;10,72959;6;15,90035;0,04140432;-0,01194918;-0,02589614;-0,03001541;0,187574
9;torus;1;5;10,74326;6;15,90035;0,08980124;-0,01777479;-0,0859201;-0,0191326;0,1897704
9;torus;1;5;10,75714;6;15,90035;0,08980124;-0,01777479;-0,0859201;-0,0191326;0,1897704
9;torus;1;5;10,77116;6;15,90035;0,09281245;-0,01856445;-0,09085332;0,003896916;0,1888121
9;torus;1;5;10,78503;6;15,90035;0,04951398;-0,01234965;-0,0472831;-0,007964252;0,1881775
9;torus;1;5;10,79939;6;15,90035;0,04951398;-0,01234965;-0,0472831;-0,007964252;0,1881775
9;torus;1;5;10,81291;6;15,90035;0,09838434;-0,02415456;-0,03528767;-0,08860484;0,1865073
9;torus;1;5;10,82713;6;15,90035;0,04941341;-0,01230109;-0,01518623;-0,04538443;0,1856884
9;torus;1;5;10,84057;6;15,90035;0,03924238;-0,009419848;-0,0360432;-0,01233362;0,185111
9;torus;1;5;10,85449;6;15,90035;0,03924238;-0,009419848;-0,0360432;-0,01233362;0,185111
9;torus;1;5;10,86839;6;15,90035;0,06242187;-0,007518583;-0,06102203;0,01078296;0,1845824
9;torus;1;5;10,88253;6;15,90035;0,06213082;-0,00999423;-0,0570853;-0,02239693;0,183608
9;torus;1;5;10,89628;6;15,90035;0,06213082;-0,00999423;-0,0570853;-0,02239693;0,183608
9;torus;1;5;10,91033;6;15,90035;0,1994003;-0,03273031;-0,09716576;-0,1710205;0,1799908
9;torus;1;5;10,92428;6;15,90035;0,1095268;-0,01734434;-0,02045849;-0,106192;0,1782125
9;torus;1;5;10,93817;6;15,90035;0,1095268;-0,01734434;-0,02045849;-0,106192;0,1782125
9;torus;1;5;10,95213;6;15,90035;0,09668092;-0,01981896;-0,04295209;-0,08431801;0,1765183
9;torus;1;5;10,96601;6;15,90035;0,09276611;-0,02056077;-0,03958894;-0,08133585;0,1749183
9;torus;1;5;10,98001;6;15,90035;0,1111779;-0,02494931;-0,02885218;-0,10443;0,1731279
9;torus;1;5;10,99401;6;15,90035;0,1111779;-0,02494931;-0,02885218;-0,10443;0,1731279
9;torus;1;5;11,00793;6;15,90035;0,2427942;-0,05518624;-0,03437576;-0,2339269;0,1695193
9;torus;1;5;11,02186;6;15,90035;0,1605703;-0,03941009;-0,02425405;-0,1537577;0,1612124
9;torus;1;5;11,03586;6;15,90035;0,1605703;-0,03941009;-0,02425405;-0,1537577;0,1612124
9;torus;1;5;11,04976;6;15,90035;0,191899;-0,04131474;0,04159258;-0,1827249;0,1591946
9;torus;1;5;11,06337;6;15,90035;0,1946115;-0,04068658;0,04331693;-0,1853156;0,1597724
9;torus;1;5;11,07749;6;15,90035;0,1946115;-0,04068658;0,04331693;-0,1853156;0,1597724
9;torus;1;5;11,09149;6;15,90035;0,3843232;-0,06184116;0,1669319;-0,3406079;0,156802
9;torus;1;5;11,10526;6;15,90035;0,3316104;-0,05403809;0,1423817;-0,2945723;0,1568623
9;torus;1;5;11,11936;6;15,90035;0,3316104;-0,05403809;0,1423817;-0,2945723;0,1568623
9;torus;1;5;11,13322;6;15,90035;0,2762761;-0,06153959;0,04093552;-0,266206;0,1539729
9;torus;1;5;11,14688;6;15,90035;0,2965054;-0,06426658;0,04194634;-0,2864014;0,1509884
9;torus;1;5;11,1611;6;15,90035;0,2780079;-0,05430811;0,07004951;-0,2634997;0,1488079
9;torus;1;5;11,17467;6;15,90035;0,2780079;-0,05430811;0,07004951;-0,2634997;0,1488079
9;torus;1;5;11,18874;6;15,90035;0,3232045;-0,06827964;0,01602752;-0,315503;0,1454778
9;torus;1;5;11,20264;6;15,90035;0,3047246;-0,06034893;0,02364911;-0,2977513;0,1434776
9;torus;1;5;11,21662;6;15,90035;0,3047246;-0,06034893;0,02364911;-0,2977513;0,1434776
9;torus;1;5;11,23052;6;15,90035;0,3943074;-0,06924685;0,06755102;-0,3822565;0,1399069
9;torus;1;5;11,2444;6;15,90035;0,3350298;-0,06124361;0,03534478;-0,3274828;0,1428492
9;torus;1;5;11,25853;6;15,90035;0,3350298;-0,06124361;0,03534478;-0,3274828;0,1428492
9;torus;1;5;11,27238;6;15,90035;0,399978;-0,08053751;-0,03039935;-0,3906046;0,13798
9;torus;1;5;11,28617;6;15,90035;0,3725811;-0,07625212;-0,04140882;-0,3623363;0,133532
9;torus;1;5;11,30024;6;15,90035;0,3349262;-0,06900543;-0,05672629;-0,322794;0,1252439
9;torus;1;5;11,31422;6;15,90035;0,3349262;-0,06900543;-0,05672629;-0,322794;0,1252439
9;torus;1;5;11,32822;6;15,90035;0,2998312;-0,05647892;-0,03883075;-0,2918922;0,1222887
9;torus;1;5;11,34236;6;15,90035;0,2774082;-0,05115041;-0,03477252;-0,2704253;0,1289403
9;torus;1;5;11,35593;6;15,90035;0,2774082;-0,05115041;-0,03477252;-0,2704253;0,1268991
9;torus;1;5;11,36981;6;15,90035;0,2460216;-0,0469743;-0,03381274;-0,2391166;0,1248593
9;torus;1;5;11,38355;6;15,90035;0,2473454;-0,04522077;-0,008534412;-0,2430268;0,1233705
9;torus;1;5;11,39756;6;15,90035;0,2473454;-0,04522077;-0,008534412;-0,2430268;0,1233705
9;torus;1;5;11,41148;6;15,90035;0,2105995;-0,03727021;0,008595525;-0,2070971;0,1225005
9;torus;1;5;11,42579;6;15,90035;0,2174812;-0,03817951;0,01289424;-0,213715;0,1218136
9;torus;1;5;11,4396;6;15,90035;0,2174812;-0,03817951;0,01289424;-0,213715;0,1102326
9;torus;1;5;11,45321;6;15,90035;0,1983896;-0,03248992;0,02982393;-0,1934254;0,1091456
9;torus;1;5;11,46761;6;15,90035;0,2081687;-0,03210581;0,04609746;-0,2004456;0,1142996
9;torus;1;5;11,48132;6;15,90035;0,1270928;-0,01821644;0,03767159;-0,1200066;0,1074437
9;torus;1;5;11,49515;6;15,90035;0,1270928;-0,01821644;0,03767159;-0,1200066;0,1077484
9;torus;1;5;11,50881;6;15,90035;0,124292;-0,01915918;0,02379105;-0,1204799;0,1070465
9;torus;1;5;11,52298;6;15,90035;0,105358;-0,002314914;0,01319183;-0,1045033;0,1067763
9;torus;1;5;11,53686;6;15,90035;0,105358;-0,002314914;0,01319183;-0,1045033;0,1067763
9;torus;1;5;11,55068;6;15,90035;0,1092999;0,006560382;0,0203357;-0,1071909;0,1066241
9;torus;1;5;11,5646;6;15,90035;0,097436;0,006982524;0,02098042;-0,09489384;0,1065711
9;torus;1;5;11,57861;6;15,90035;0,097436;0,006982524;0,02098042;-0,09489384;0,1084985
9;torus;1;5;11,5928;6;15,90035;0,1733197;0,002778165;0,02423936;-0,1715939;0,1089983
9;torus;1;5;11,60642;6;15,90035;0,1458165;0,001720581;0,02480112;-0,1436816;0,1064907
9;torus;1;5;11,62057;6;15,90035;0,05800069;0,004350692;0,01378778;-0,05616982;0,1066273
9;torus;1;5;11,63426;6;15,90035;0,05800069;0,004350692;0,01378778;-0,05616982;0,1066273
9;torus;1;5;11,64819;6;15,90035;0,07595889;0,005147263;0,02595744;-0,07120021;0,1066605
9;torus;1;5;11,66213;6;15,90035;0,0712737;0,00688196;0,02733041;-0,06546471;0,1067622
9;torus;1;5;11,67603;6;15,90035;0,0712737;0,00688196;0,02733041;-0,06546471;0,1067622
9;torus;1;5;11,69;6;15,90035;0,1473372;0,04523782;0,05565564;-0,1287021;0,1072211
9;torus;1;5;11,70402;6;15,90035;0,1816728;0,03470428;0,03942353;-0,1739149;0,1085831
9;torus;1;5;11,71805;6;15,90035;0,1816728;0,03470428;0,03942353;-0,1739149;0,1085831
9;torus;1;5;11,73171;6;15,90035;0,1887077;0,04708564;0,0409435;-0,1780931;0,1095454
9;torus;1;5;11,74574;6;15,90035;0,1936359;0,03932751;0,04479971;-0,1842313;0,110787
9;torus;1;5;11,75958;6;15,90035;0,1936359;0,03932751;0,04479971;-0,1842313;0,1091613
9;torus;1;5;11,77349;6;15,90035;0,2684012;0,03322678;0,06701828;-0,2577668;0,1101518
9;torus;1;5;11,7874;6;15,90035;0,2349677;0,04815885;0,03275699;-0,2276347;0,1114611
9;torus;1;5;11,80155;6;15,90035;0,2140033;0,04010463;0,02018698;-0,2092404;0,1132033
9;torus;1;5;11,81532;6;15,90035;0,2140033;0,04010463;0,02018698;-0,2092404;0,1123379
9;torus;1;5;11,82944;6;15,90035;0,2192601;0,03378461;0,02922687;-0,214661;0,113599
9;torus;1;5;11,8432;6;15,90035;0,2273351;0,0422245;0,0200365;-0,222479;0,1051018
9;torus;1;5;11,85736;6;15,90035;0,2273351;0,0422245;0,0200365;-0,222479;0,1051018
9;torus;1;5;11,87101;6;15,90035;0,5791059;-0,1725928;0,1494949;-0,5321904;0,1042263
9;torus;1;5;11,88505;6;15,90035;0,5248242;-0,1548619;0,1334904;-0,4833617;0,1098031
9;torus;1;5;11,89908;6;15,90035;0,5248242;-0,1548619;0,1334904;-0,4833617;0,1171103
9;torus;1;5;11,91302;6;15,90035;0,8635557;-0,2442811;0,2072112;-0,8019468;0,1146397
9;torus;1;5;11,9268;6;15,90035;0,7590983;-0,2061198;0,1811856;-0,7077546;0,1265093
9;torus;1;5;11,94084;6;15,90035;1,12539;-0,2960896;0,2254891;-1,062068;0,1315437
9;torus;1;5;11,95488;6;15,90035;1,12539;-0,2960896;0,2254891;-1,062068;0,1266836
9;torus;1;5;11,96834;6;15,90035;0,9179686;-0,2178913;0,2277108;-0,8621702;0,1372668
9;torus;1;5;11,98242;6;15,90035;0,7792204;-0,174894;0,2068161;-0,7306324;0,1356094
9;torus;1;5;11,99652;6;15,90035;0,7792204;-0,174894;0,2068161;-0,7306324;0,1356094
9;torus;1;5;12,01024;6;15,90035;0,8467237;-0,1628302;0,2483649;-0,7929326;0,1458304
9;torus;1;5;12,02424;6;15,90035;0,6667897;-0,1135097;0,1794927;-0,6320652;0,1522463
9;torus;1;5;12,03805;6;15,90035;0,6667897;-0,1135097;0,1794927;-0,6320652;0,1522463
9;torus;1;5;12,05207;6;15,90035;0,8336986;-0,114457;0,1950862;-0,8024302;0,1638563
9;torus;1;5;12,06582;6;15,90035;0,6564469;-0,07337974;0,2499441;-0,6025495;0,172283
9;torus;1;5;12,07977;6;15,90035;0,6564469;-0,07337974;0,2499441;-0,6025495;0,1766286
9;torus;1;5;12,09413;6;15,90035;1,088468;-0,08560264;0,6548101;-0,8652506;0,1868154
9;torus;1;5;12,10804;6;15,90035;0,6934628;-0,02535436;0,4993151;-0,4805541;0,1864183
9;torus;1;5;12,12147;6;15,90035;0,5186033;0,01045794;0,4245472;-0,2976569;0,188612
9;torus;1;5;12,13581;6;15,90035;0,5186033;0,01045794;0,4245472;-0,2976569;0,188612
9;torus;1;5;12,1496;6;15,90035;0,7532722;-0,008395913;0,609118;-0,4430843;0,1937236
9;torus;1;5;12,16326;6;15,90035;0,5988864;-0,01593694;0,5299826;-0,2784408;0,1968855
9;torus;1;5;12,1776;6;15,90035;0,5988864;-0,01593694;0,5299826;-0,2784408;0,1969071
9;torus;1;5;12,19133;6;15,90035;1,049837;0,003041251;1,024498;-0,2292466;0,1987267
9;torus;1;5;12,20509;6;15,90035;0,5469598;0,0205753;0,5437097;-0,05586951;0,2097314
9;torus;1;5;12,21942;6;15,90035;0,5469598;0,0205753;0,5437097;-0,05586951;0,2106872
9;torus;1;5;12,23317;6;15,90035;1,02944;0,02821685;1,028628;-0,02955509;0,2098147
9;torus;1;5;12,2471;6;15,90035;0,5657187;-0,02052972;0,5581229;-0,09008289;0,2151816
9;torus;1;5;12,26118;6;15,90035;0,5071729;-0,0173062;0,5020546;-0,06975706;0,2165841
9;torus;1;5;12,27501;6;15,90035;0,5071729;-0,0173062;0,5020546;-0,06975706;0,2052235
9;torus;1;5;12,28852;6;15,90035;0,6078317;0,06565983;0,5901281;0,1299888;0,2044492
9;torus;1;5;12,30249;6;15,90035;0,379577;0,08917961;0,2855626;0,2336229;0,201783
9;torus;1;5;12,31655;6;15,90035;0,379577;0,08917961;0,2855626;0,2336229;0,2031191
9;torus;1;5;12,33052;6;15,90035;0,7039236;0,08051197;0,6385437;0,2851109;0,2006241
9;torus;1;5;12,34441;6;15,90035;0,3989416;0,007725203;0,3904271;0,08161733;0,2014295
9;torus;1;5;12,35829;6;15,90035;0,3989416;0,007725203;0,3904271;0,08161733;0,2014295
9;torus;1;5;12,37218;6;15,90035;0,5604164;0,05592624;0,4989859;0,2489012;0,2001245
9;torus;1;5;12,38606;6;15,90035;0,4034365;0,08815445;0,2484785;0,3053658;0,1962544
9;torus;1;5;12,4001;6;15,90035;0,4609876;0,1178871;0,209326;0,3934397;0,1906568
9;torus;1;5;12,41404;6;15,90035;0,4609876;0,1178871;0,209326;0,3934397;0,1906568
9;torus;1;5;12,42808;6;15,90035;0,6873379;0,1654151;0,3108876;0,5902712;0,1828063
9;torus;1;5;12,44215;6;15,90035;0,4825261;0,1005849;0,2519348;0,3990525;0,1833024
9;torus;1;5;12,45557;6;15,90035;0,4825261;0,1005849;0,2519348;0,3990525;0,1788753
9;torus;1;5;12,46984;6;15,90035;0,5328096;0,09586776;0,297287;0,4316432;0,1735936
9;torus;1;5;12,48338;6;15,90035;0,4987138;0,08707285;0,2916509;0,3950614;0,1694063
9;torus;1;5;12,49734;6;15,90035;0,4987138;0,08707285;0,2916509;0,3950614;0,1694063
9;torus;1;5;12,51144;6;15,90035;0,7491564;0,1586724;0,3236364;0,6567479;0,1616342
9;torus;1;5;12,52525;6;15,90035;0,6250083;0,1279843;0,2706841;0,5486215;0,1559664
9;torus;1;5;12,5394;6;15,90035;0,6250083;0,1279843;0,2706841;0,5486215;0,1637195
9;torus;1;5;12,55324;6;15,90035;0,604481;0,1018587;0,3066124;0,5108923;0,1595143
9;torus;1;5;12,56722;6;15,90035;0,5358447;0,08498954;0,2777338;0,4503002;0,1511517
9;torus;1;5;12,5814;6;15,90035;0,5053648;0,07604532;0,2641093;0,4240955;0,1485565
9;torus;1;5;12,59515;6;15,90035;0,5053648;0,07604532;0,2641093;0,4240955;0,1485565
9;torus;1;5;12,60886;6;15,90035;0,7012835;0,09414601;0,3926341;0,5733877;0,1466677
9;torus;1;5;12,62297;6;15,90035;0,662376;0,0825869;0,3950233;0,5252409;0,1523334
9;torus;1;5;12,63695;6;15,90035;0,662376;0,0825869;0,3950233;0,5252409;0,1508619
9;torus;1;5;12,65088;6;15,90035;0,7100897;0,1083505;0,3068182;0,6311499;0,1474147
9;torus;1;5;12,66478;6;15,90035;0,5283049;0,09296995;0,1463147;0,4990538;0,14398
9;torus;1;5;12,67846;6;15,90035;0,5283049;0,09296995;0,1463147;0,4990538;0,14398
9;torus;1;5;12,6925;6;15,90035;0,7708383;0,156364;0,08192842;0,750353;0,1376707
9;torus;1;5;12,70656;6;15,90035;0,5472172;0,1045629;0,06847028;0,5327525;0,1485673
9;torus;1;5;12,72138;6;15,90035;0,419827;0,07354826;0,04639669;0,4107222;0,1450577
9;torus;1;5;12,73576;6;15,90035;0,419827;0,07354826;0,04639669;0,4107222;0,1450577
9;torus;1;5;12,74867;6;15,90035;0,4732326;0,07684387;0,07197006;0,4613723;0,1457725
9;torus;1;5;12,76259;6;15,90035;0,3981417;0,06875387;-0,001069443;0,3921588;0,1457198
9;torus;1;5;12,77715;6;15,90035;0,3981417;0,06875387;-0,001069443;0,3921588;0,1457198
9;torus;1;5;12,79063;6;15,90035;0,5492325;0,0971429;-0,075226;0,5353137;0,145004
9;torus;1;5;12,80473;6;15,90035;0,5275207;0,0938504;-0,07392578;0,5138143;0,1407898
9;torus;1;5;12,81816;6;15,90035;0,5275207;0,0938504;-0,07392578;0,5138143;0,1407696
9;torus;1;5;12,83156;6;15,90035;0,5739537;0,1013195;-0,08182802;0,5589824;0,1399756
9;torus;1;5;12,84493;6;15,90035;0,5784374;0,1024946;-0,1096505;0,5586247;0,1396132
9;torus;1;5;12,85859;6;15,90035;0,5784374;0,1024946;-0,1096505;0,5586247;0,1396132
9;torus;1;5;12,87314;6;15,90035;0,7092471;0,1195871;-0,1452796;0,6838305;0,1402283
9;torus;1;5;12,88746;6;15,90035;0,5996659;0,09577706;-0,1215228;0,5793601;0,1391489
9;torus;1;5;12,90123;6;15,90035;0,5554752;0,08237559;-0,07772664;0,5438066;0,1386358
9;torus;1;5;12,91498;6;15,90035;0,5554752;0,08237559;-0,07772664;0,5438066;0,1349115
9;torus;1;5;12,92883;6;15,90035;0,6405264;0,09295657;-0,08589036;0,6278981;0,1377109
9;torus;1;5;12,94272;6;15,90035;0,6474603;0,09763934;-0,112115;0,63016;0,1412301
9;torus;1;5;12,95649;6;15,90035;0,6474603;0,09763934;-0,112115;0,63016;0,1460595
9;torus;1;5;12,97063;6;15,90035;1,188474;0,1861668;-0,3746041;1,112423;0,1500793
9;torus;1;5;12,98479;6;15,90035;0,8471485;0,1320529;-0,3232689;0,7718289;0,1583057
9;torus;1;5;12,99911;6;15,90035;0,8471485;0,1320529;-0,3232689;0,7718289;0,1442075
9;torus;1;5;13,01246;6;15,90035;0,7409399;0,1151763;-0,3594275;0,6376036;0,1478829
9;torus;1;5;13,02801;6;15,90035;0,5951247;0,09455047;-0,3349417;0,4827501;0,1507967
9;torus;1;5;13,04199;6;15,90035;0,4983597;0,07942139;-0,321772;0,3721792;0,1529185
9;torus;1;5;13,05473;6;15,90035;0,4983597;0,07942139;-0,321772;0,3721792;0,1600835
9;torus;1;5;13,06749;6;15,90035;0,6968962;0,1100763;-0,5134875;0,4581245;0,161504
9;torus;1;5;13,08146;6;15,90035;0,5476321;0,08364622;-0,4443963;0,3088951;0,1586348
9;torus;1;5;13,09604;6;15,90035;0,5476321;0,08364622;-0,4443963;0,3088951;0,1586348
9;torus;1;5;13,10959;6;15,90035;0,555832;0,07305741;-0,5232606;0,1726564;0,1560504
9;torus;1;5;13,12357;6;15,90035;0,5056326;0,0640263;-0,4784033;0,1506497;0,1542301
9;torus;1;5;13,13791;6;15,90035;0,5056326;0,0640263;-0,4784033;0,1506497;0,1542301
9;torus;1;5;13,15254;6;15,90035;0,7155464;0,08669593;-0,655331;0,2739193;0,1540542
9;torus;1;5;13,16582;6;15,90035;0,6670262;0,07737361;-0,6051429;0,2697025;0,1488547
9;torus;1;5;13,17905;6;15,90035;0,6670262;0,07737361;-0,6051429;0,2697025;0,158136
9;torus;1;5;13,1932;6;15,90035;0,7209478;0,08087876;-0,6659603;0,2640479;0,157285
9;torus;1;5;13,20727;6;15,90035;0,5721707;0,05958;-0,542157;0,1729026;0,1587193
9;torus;1;5;13,22094;6;15,90035;0,5909012;0,055266;-0,568711;0,1505913;0,1609088
9;torus;1;5;13,23488;6;15,90035;0,5909012;0,055266;-0,568711;0,1505913;0,1633323
9;torus;1;5;13,24912;6;15,90035;0,765422;0,0749919;-0,6820599;0,3391774;0,1662026
9;torus;1;5;13,26279;6;15,90035;0,686702;0,06030411;-0,5982786;0,3316408;0,1738137
9;torus;1;5;13,27691;6;15,90035;0,686702;0,06030411;-0,5982786;0,3316408;0,1789207
9;torus;1;5;13,29095;6;15,90035;1,046256;0,08646643;-0,9190083;0,4925428;0,1836493
9;torus;1;5;13,30462;6;15,90035;0,619669;0,04484975;-0,5736043;0,2301223;0,1863332
9;torus;1;5;13,31867;6;15,90035;0,619669;0,04484975;-0,5736043;0,2301223;0,183828
9;torus;1;5;13,33321;6;15,90035;0,8291696;0,03404875;-0,8190203;0,1247741;0,1906049
9;torus;1;5;13,34653;6;15,90035;0,4882567;0,02701834;-0,467353;0,1387291;0,1930849
9;torus;1;5;13,36046;6;15,90035;0,4191811;0,03021761;-0,3665118;0,2011687;0,1988153
9;torus;1;5;13,37469;6;15,90035;0,4191811;0,03021761;-0,3665118;0,2011687;0,1988153
9;torus;1;5;13,38819;6;15,90035;0,8681812;0,05186866;-0,760864;0,4148907;0,2119357
9;torus;1;5;13,40226;6;15,90035;0,6086203;0,03815059;-0,5367838;0,2842999;0,2179901
9;torus;1;5;13,41659;6;15,90035;0,6086203;0,03815059;-0,5367838;0,2842999;0,2179901
9;torus;1;5;13,43006;6;15,90035;1,032471;0,04804622;-1,012395;0,1968358;0,2297006
9;torus;1;5;13,44442;6;15,90035;0,6339837;0,01516296;-0,6337874;0,004354462;0,2317685
9;torus;1;5;13,4579;6;15,90035;0,6339837;0,01516296;-0,6337874;0,004354462;0,2274876
9;torus;1;5;13,47197;6;15,90035;1,253331;0,01878253;-1,241697;0,1693319;0,2416417
9;torus;1;5;13,48599;6;15,90035;0,6216348;0,02971642;-0,5299627;0,3235526;0,2335048
9;torus;1;5;13,49976;6;15,90035;0,6216348;0,02971642;-0,5299627;0,3235526;0,223931
9;torus;1;5;13,51357;6;15,90035;1,125901;0,01305069;-1,069112;0,3528198;0,2094335
9;torus;1;5;13,52789;6;15,90035;0,5667106;-0,005918389;-0,5635846;-0,05914664;0,2132368
9;torus;1;5;13,54138;6;15,90035;0,4264007;-0,003672736;-0,4106257;-0,1148503;0,2067863
9;torus;1;5;13,55571;6;15,90035;0,4264007;-0,003672736;-0,4106257;-0,1148503;0,2067863
9;torus;1;5;13,5694;6;15,90035;0,9613925;-0,03057506;-0,9399472;-0,1995994;0,2040392
9;torus;1;5;13,5833;6;15,90035;0,6207455;-0,0101075;-0,6184153;0,05277703;0,1996908
9;torus;1;5;13,59737;6;15,90035;0,6207455;-0,0101075;-0,6184153;0,05277703;0,2002488
9;torus;1;5;13,61135;6;15,90035;0,9099249;0,04007898;-0,7459033;0,5196011;0,186996
9;torus;1;5;13,62523;6;15,90035;0,491757;0,0167957;-0,4393393;0,2202812;0,1812728
9;torus;1;5;13,63986;6;15,90035;0,491757;0,0167957;-0,4393393;0,2202812;0,1948167
9;torus;1;5;13,65323;6;15,90035;0,9134389;-0,03882509;-0,9096748;-0,07317745;0,1927589
9;torus;1;5;13,66713;6;15,90035;0,7566315;-0,04249844;-0,7539591;-0,04723075;0,1920721
9;torus;1;5;13,6809;6;15,90035;0,7234735;-0,04460893;-0,7220969;-0,0003411806;0,1962058
9;torus;1;5;13,69496;6;15,90035;0,7234735;-0,04460893;-0,7220969;-0,0003411806;0,1943013
9;torus;1;5;13,70864;6;15,90035;0,9116182;-0,04834804;-0,9014484;0,1268901;0,1955703
9;torus;1;5;13,72276;6;15,90035;0,5478449;0,004520094;-0,4517701;0,3098667;0,1807982
9;torus;1;5;13,73638;6;15,90035;0,5478449;0,004520094;-0,4517701;0,3098667;0,1783339
9;torus;1;5;13,7512;6;15,90035;0,9427342;-0,009850052;-0,7210792;0,607203;0,1705758
9;torus;1;5;13,76451;6;15,90035;0,8456452;-0,06865212;-0,7884533;0,2978995;0,1705909
9;torus;1;5;13,7787;6;15,90035;0,8456452;-0,06865212;-0,7884533;0,2978995;0,1705909
9;torus;1;5;13,79241;6;15,90035;0,8577963;-0,08753777;-0,8408315;0,1454443;0,1753733
9;torus;1;5;13,8061;6;15,90035;0,5696409;-0,05237203;-0,5594609;0,09354895;0,1794622
9;torus;1;5;13,82011;6;15,90035;0,3376675;-0,01274294;-0,3216394;0,1020052;0,1793848
9;torus;1;5;13,83392;6;15,90035;0,3376675;-0,01274294;-0,3216394;0,1020052;0,1793848
9;torus;1;5;13,84782;6;15,90035;0,5167012;0,06311502;-0,1291613;0,4963003;0,1721721
9;torus;1;5;13,86197;6;15,90035;0,6306903;0,02905674;-0,2177963;0,5911774;0,1645977
9;torus;1;5;13,87585;6;15,90035;0,6306903;0,02905674;-0,2177963;0,5911774;0,1661771
9;torus;1;5;13,88962;6;15,90035;0,9435083;-0,115022;-0,8028464;0,4820949;0,167716
9;torus;1;5;13,90337;6;15,90035;0,7318935;-0,08445603;-0,6150466;0,3876248;0,1700628
9;torus;1;5;13,91755;6;15,90035;0,7318935;-0,08445603;-0,6150466;0,3876248;0,1705951
9;torus;1;5;13,93156;6;15,90035;0,7262473;-0,06875478;-0,5979862;0,40635;0,1725284
9;torus;1;5;13,94557;6;15,90035;0,5241894;-0,05141943;-0,437814;0,2836361;0,174876
9;torus;1;5;13,9591;6;15,90035;0,5241894;-0,05141943;-0,437814;0,2836361;0,174876
9;torus;1;5;13,9733;6;15,90035;0,864841;-0,06005916;-0,5557129;0,6599439;0,1751789
9;torus;1;5;13,98721;6;15,90035;0,7381549;-0,05666855;-0,4365845;0,5924992;0,1773783
9;torus;1;5;14,00093;6;15,90035;0,6735309;-0,06624792;-0,4339491;0,5108261;0,1844311
9;torus;1;5;14,01511;6;15,90035;0,6735309;-0,06624792;-0,4339491;0,5108261;0,1811906
9;torus;1;5;14,02866;6;15,90035;0,8729158;-0,1049951;-0,6200673;0,6053715;0,1851592
9;torus;1;5;14,04265;6;15,90035;0,4796196;-0,05116213;-0,3368109;0,337603;0,189648
9;torus;1;5;14,05697;6;15,90035;0,4796196;-0,05116213;-0,3368109;0,337603;0,189648
9;torus;1;5;14,07101;6;15,90035;0,5815153;-0,04097502;-0,3758793;0,4418097;0,1927154
9;torus;1;5;14,08454;6;15,90035;0,3836397;-0,00383394;-0,1560013;0,3504687;0,1930874
9;torus;1;5;14,09894;6;15,90035;0,3836397;-0,00383394;-0,1560013;0,3504687;0,1930874
9;torus;1;5;14,1125;6;15,90035;0,8881226;-0,0630192;-0,4031014;0,7888597;0,1958152
9;torus;1;5;14,12618;6;15,90035;0,5454174;-0,04001889;-0,213119;0,5004587;0,1975304
9;torus;1;5;14,14033;6;15,90035;0,3925748;-0,002713887;-0,06453001;0,3872253;0,1974047
9;torus;1;5;14,15421;6;15,90035;0,3925748;-0,002713887;-0,06453001;0,3872253;0,2088628
9;torus;1;5;14,16787;6;15,90035;0,4687459;0,0541551;0,09499639;0,4558132;0,2056061
9;torus;1;5;14,18187;6;15,90035;0,3380243;0,03793836;0,104408;0,3192493;0,204308
9;torus;1;5;14,19617;6;15,90035;0,3380243;0,03793836;0,104408;0,3192493;0,2058577
9;torus;1;5;14,20986;6;15,90035;1,089045;-0,09495235;-0,273921;1,049747;0,2121202
9;torus;1;5;14,22392;6;15,90035;0,4941472;-0,02872604;-0,05296549;0,4904599;0,2023858
9;torus;1;5;14,23752;6;15,90035;0,4941472;-0,02872604;-0,05296549;0,4904599;0,2023858
9;torus;1;5;14,2516;6;15,90035;1,087192;0,05009659;0,3167629;1,038816;0,199292
9;torus;1;5;14,2654;6;15,90035;0,3453605;0,003826618;0,0703007;0,3381081;0,1993326
9;torus;1;5;14,27984;6;15,90035;0,3453605;0,003826618;0,0703007;0,3381081;0,202339
9;torus;1;5;14,29341;6;15,90035;0,5807875;0,03999278;0,2266119;0,5332558;0,2010076
9;torus;1;5;14,30751;6;15,90035;0,4985199;0,04443815;0,2474965;0,4304566;0,1993509
9;torus;1;5;14,32128;6;15,90035;0,6313565;0,0332856;0,2690215;0,5702022;0,1955679
9;torus;1;5;14,33527;6;15,90035;0,6313565;0,0332856;0,2690215;0,5702022;0,1964664
9;torus;1;5;14,34918;6;15,90035;1,473031;0,03236373;0,5706757;1,357609;0,1982367
9;torus;1;5;14,36325;6;15,90035;1,039153;0,05404366;0,5457881;0,8826292;0,1988519
9;torus;1;5;14,37705;6;15,90035;1,039153;0,05404366;0,5457881;0,8826292;0,1988519
9;torus;1;5;14,39063;6;15,90035;0,8594638;0,01548352;0,4056879;0,7575325;0,2020671
9;torus;1;5;14,40479;6;15,90035;0,2980004;0,01433297;0,1674021;0,2461206;0,1897997
9;torus;1;5;14,41845;6;15,90035;0,2980004;0,01433297;0,1674021;0,2461206;0,1897997
9;torus;1;5;14,43268;6;15,90035;0,7573073;0,08602432;0,5556287;0,5073371;0,1879748
9;torus;1;5;14,4466;6;15,90035;0,7070512;0,04670947;0,4514965;0,5421166;0,1961957
9;torus;1;5;14,46019;6;15,90035;0,7728583;0,03744105;0,4814305;0,6034341;0,1985763
9;torus;1;5;14,47426;6;15,90035;0,7728583;0,03744105;0,4814305;0,6034341;0,1991564
9;torus;1;5;14,48818;6;15,90035;1,177575;0,09583365;0,8729776;0,7844794;0,2010785
9;torus;1;5;14,5024;6;15,90035;0,5364085;0,07567668;0,4667882;0,2532111;0,1972611
9;torus;1;5;14,51627;6;15,90035;0,5364085;0,07567668;0,4667882;0,2532111;0,1972611
9;torus;1;5;14,53019;6;15,90035;0,7856809;0,1571818;0,7550532;0,1499432;0,1915339
9;torus;1;5;14,54415;6;15,90035;0,653956;0,1295195;0,6325862;0,1035272;0,187223
9;torus;1;5;14,55808;6;15,90035;0,653956;0,1295195;0,6325862;0,1035272;0,1937015
9;torus;1;5;14,57173;6;15,90035;0,9940695;0,1766292;0,9604607;0,1857189;0,1880627
9;torus;1;5;14,58572;6;15,90035;0,7468184;0,1264853;0,7238321;0,1334401;0,1884863
9;torus;1;5;14,59993;6;15,90035;0,7468184;0,1264853;0,7238321;0,1334401;0,1834444
9;torus;1;5;14,61382;6;15,90035;0,969918;0,08634989;0,8554186;0,448936;0,1848205
9;torus;1;5;14,62747;6;15,90035;0,5481645;0,02895289;0,4504531;0,3110274;0,1921696
9;torus;1;5;14,64175;6;15,90035;0,3211266;0,01746548;0,269448;0,1738245;0,1936649
9;torus;1;5;14,65544;6;15,90035;0,3211266;0,01746548;0,269448;0,1738245;0,1936649
9;torus;1;5;14,66922;6;15,90035;0,8629556;0,08003104;0,804956;0,3005548;0,1949948
9;torus;1;5;14,6831;6;15,90035;0,6646513;0,06812817;0,6380236;0,173337;0,2011738
9;torus;1;5;14,69724;6;15,90035;0,6646513;0,06812817;0,6380236;0,173337;0,2033784
9;torus;1;5;14,711;6;15,90035;1,191052;0,1026205;1,145673;0,3090412;0,2045528
9;torus;1;5;14,72505;6;15,90035;0,7175553;0,04215145;0,6730603;0,2451504;0,2109938
9;torus;1;5;14,73909;6;15,90035;0,7175553;0,04215145;0,6730603;0,2451504;0,2120365
9;torus;1;5;14,75268;6;15,90035;1,049709;-0,04738235;0,780646;0,7001678;0,201739
9;torus;1;5;14,76658;6;15,90035;0,5572965;-0,02342218;0,4351587;0,3473726;0,1991074
9;torus;1;5;14,78073;6;15,90035;0,5300305;0,03251829;0,5213962;0,0895599;0,2010231
9;torus;1;5;14,79507;6;15,90035;0,5300305;0,03251829;0,5213962;0,0895599;0,2010231
9;torus;1;5;14,80852;6;15,90035;1,120263;0,1114613;1,112835;-0,06451138;0,2115045
9;torus;1;5;14,82247;6;15,90035;0,7739284;0,07122926;0,7698073;-0,03589363;0,2120164
9;torus;1;5;14,83657;6;15,90035;0,7739284;0,07122926;0,7698073;-0,03589363;0,2075268
9;torus;1;5;14,85036;6;15,90035;1,357064;0,09962492;1,353391;-0,005635523;0,2208027
9;torus;1;5;14,86438;6;15,90035;0,8663071;0,02252939;0,8528677;0,1503239;0,2297177
9;torus;1;5;14,87826;6;15,90035;0,8663071;0,02252939;0,8528677;0,1503239;0,2241728
9;torus;1;5;14,89198;6;15,90035;1,394817;0,005675741;1,372304;0,2495275;0,2352047
9;torus;1;5;14,90584;6;15,90035;0,701699;-0,02192876;0,6746123;0,1918303;0,2078667
9;torus;1;5;14,92011;6;15,90035;0,6346629;-0,04634231;0,5710343;0,2730736;0,1982836
9;torus;1;5;14,93385;6;15,90035;0,6346629;-0,04634231;0,5710343;0,2730736;0,1934441
9;torus;1;5;14,94785;6;15,90035;1,141423;-0,0378677;1,116687;0,2332852;0,1803716
9;torus;1;5;14,96187;6;15,90035;0,7520039;-0,00443165;0,7514327;0,02896695;0,1837272
9;torus;1;5;14,97556;6;15,90035;0,7520039;-0,00443165;0,7514327;0,02896695;0,1837272
9;torus;1;5;14,98957;6;15,90035;1,072079;-0,02155166;1,070345;0,05700842;0,1770602
9;torus;1;5;15,00395;6;15,90035;0,7767063;-0,04232269;0,7627946;0,1400926;0,1717348
9;torus;1;5;15,01781;6;15,90035;0,7767063;-0,04232269;0,7627946;0,1400926;0,1732024
9;torus;1;5;15,03113;6;15,90035;1,113429;-0,1630329;0,9212827;0,6036403;0,1585255
9;torus;1;5;15,04531;6;15,90035;0,7176839;-0,09845948;0,6319611;0,325578;0,1567944
9;torus;1;5;15,05917;6;15,90035;0,7176839;-0,09845948;0,6319611;0,325578;0,1573628
9;torus;1;5;15,07273;6;15,90035;0,7424217;-0,0511652;0,7386407;0,05460782;0,1607125
9;torus;1;5;15,08719;6;15,90035;0,6769261;-0,04195879;0,6754633;0,01475573;0,1523864
9;torus;1;5;15,10084;6;15,90035;0,6256155;-0,05634736;0,6184848;0,0754738;0,1529039
9;torus;1;5;15,11457;6;15,90035;0,6256155;-0,05634736;0,6184848;0,0754738;0,1529039
9;torus;1;5;15,12879;6;15,90035;0,6845748;-0,1057383;0,632414;0,239822;0,1539598
9;torus;1;5;15,14249;6;15,90035;0,6203388;-0,1145609;0,5384542;0,2859425;0,1543939
9;torus;1;5;15,1567;6;15,90035;0,6203388;-0,1145609;0,5384542;0,2859425;0,1505712
9;torus;1;5;15,17073;6;15,90035;0,7291932;-0,1368831;0,6496298;0,301607;0,1521178
9;torus;1;5;15,18434;6;15,90035;0,6489958;-0,1273383;0,5773845;0,267596;0,1508873
9;torus;1;5;15,19831;6;15,90035;0,6489958;-0,1273383;0,5773845;0,267596;0,1508873
9;torus;1;5;15,21261;6;15,90035;0,8397813;-0,1826278;0,7296135;0,3735557;0,1527054
9;torus;1;5;15,2264;6;15,90035;0,7695919;-0,1773209;0,6496756;0,3724924;0,1564586
9;torus;1;5;15,24005;6;15,90035;0,7247413;-0,1789863;0,5807822;0,3948492;0,1515495
9;torus;1;5;15,25426;6;15,90035;0,7247413;-0,1789863;0,5807822;0,3948492;0,1585625
9;torus;1;5;15,2682;6;15,90035;1,20497;-0,3376428;0,814761;0,8210447;0,1588996
9;torus;1;5;15,28222;6;15,90035;0,8509605;-0,2445489;0,5700896;0,5825182;0,1675532
9;torus;1;5;15,29614;6;15,90035;0,8509605;-0,2445489;0,5700896;0,5825182;0,167149
9;torus;1;5;15,30992;6;15,90035;0,9407064;-0,255356;0,7664502;0,4819501;0,1727198
9;torus;1;5;15,32482;6;15,90035;0,790458;-0,2197745;0,6429298;0,4039361;0,1787827
9;torus;1;5;15,35152;6;15,90035;1,067947;-0,3428385;0,6659111;0,7612715;0,1832763
9;torus;1;5;15,3659;6;15,90035;1,283227;-0,4415833;0,6729962;0,9993753;0,1887794
9;torus;1;5;15,38063;6;15,90035;0,8023834;-0,2901524;0,290488;0,689382;0,1987473
9;torus;1;5;15,39451;6;15,90035;0,8023834;-0,2901524;0,290488;0,689382;0,1987473
9;torus;1;5;15,40856;6;15,90035;1,266329;-0,4548568;0,1481473;1,172495;0,2002405
9;torus;1;5;15,43444;6;15,90035;0,4005595;-0,1608028;0,1602212;0,3300296;0,2040976
9;torus;1;5;15,44838;6;15,90035;0,7162592;-0,2858091;0,2831053;0,5926144;0,2110543
9;torus;1;5;15,46384;6;15,90035;0,4013422;-0,1575414;0,07422191;0,3615901;0,2119715
9;torus;1;5;15,4902;6;15,90035;0,5106476;-0,1619078;-0,110986;0,4714117;0,2094825
9;torus;1;5;15,50469;6;15,90035;0,7431013;-0,2452281;-0,150796;0,6850717;0,208625
9;torus;1;5;15,51875;6;15,90035;0,7431013;-0,2452281;-0,150796;0,6850717;0,208625
9;torus;1;5;15,53288;6;15,90035;0,5752018;-0,03094727;-0,5000784;0,282526;0,1997683
9;torus;1;5;15,54753;6;15,90035;0,1999651;-0,03751128;-0,1287381;0,1483424;0,1977953
9;torus;1;5;15,56167;6;15,90035;0,1475458;-0,04564758;-0,04168048;0,1339731;0,1974946
9;torus;1;5;15,57523;6;15,90035;0,1475458;-0,04564758;-0,04168048;0,1339731;0,1974946
9;torus;1;5;15,58877;6;15,90035;0,7723064;-0,1884192;-0,4007403;0,6327422;0,1928121
9;torus;1;5;15,61506;6;15,90035;0,7261764;-0,1611066;-0,4279787;0,5641019;0,188294
9;torus;1;5;15,62924;6;15,90035;0,7768117;-0,1532855;-0,5083535;0,5670244;0,179263
9;torus;1;5;15,64332;6;15,90035;0,3717782;-0,02762683;-0,3181918;0,1902887;0,1803169
9;torus;1;5;15,65727;6;15,90035;0,3717782;-0,02762683;-0,3181918;0,1902887;0,1809048
9;torus;1;5;15,6717;6;15,90035;0,5352305;0,09247504;-0,5268663;-0,01821794;0,1711704
9;torus;1;5;15,68573;6;15,90035;0,4055357;-0,008491375;-0,3712412;0,1629941;0,1656046
9;torus;1;5;15,69934;6;15,90035;0,4055357;-0,008491375;-0,3712412;0,1629941;0,1656046
9;torus;1;5;15,71334;6;15,90035;0,6672038;-0,1758631;-0,3503239;0,5399132;0,163733
9;torus;1;5;15,72739;6;15,90035;0,6138961;-0,1766853;-0,2866377;0,5133123;0,1646479
9;torus;1;5;15,74135;6;15,90035;0,5026628;-0,1495275;-0,2184646;0,4272992;0,1654752
9;torus;1;5;15,75548;6;15,90035;0,5026628;-0,1495275;-0,2184646;0,4272992;0,1736451
9;torus;1;5;15,76954;6;15,90035;0,7092274;-0,06763149;-0,6053635;0,3632694;0,1680164
9;torus;1;5;15,78423;6;15,90035;0,5875169;-0,01036409;-0,5504615;0,2050873;0,1648845
9;torus;1;5;15,79841;6;15,90035;0,5875169;-0,01036409;-0,5504615;0,2050873;0,1648845
9;torus;1;5;15,81129;6;15,90035;0,6563814;-0,05601047;-0,5775587;0,3067985;0,1596439
9;torus;1;5;15,82465;6;15,90035;0,5559185;-0,0851559;-0,4455932;0,3213106;0,1572907
9;torus;1;5;15,83819;6;15,90035;0,5559185;-0,0851559;-0,4455932;0,3213106;0,1617641
9;torus;1;5;15,85216;6;15,90035;0,7579291;-0,140742;-0,5774993;0,4702582;0,1637844
9;torus;1;5;15,86611;6;15,90035;0,6254737;-0,1021127;-0,499923;0,3617559;0,1657416
9;torus;1;5;15,87996;6;15,90035;0,6254737;-0,1021127;-0,499923;0,3617559;0,1610298
9;torus;1;5;15,894;6;15,90035;0,9476465;-0,07082451;-0,8704282;0,36793;0,1611766
9;torus;1;5;15,90831;6;15,90035;0,6461402;-0,009893921;-0,6229779;0,1711662;0,166622
9;torus;1;5;15,92238;6;15,90035;0,551922;0,02586013;-0,5470018;0,06883483;0,1556538
9;torus;1;5;15,93635;6;15,90035;0,551922;0,02586013;-0,5470018;0,06883483;0,1556538
9;torus;1;5;15,95032;6;15,90035;0,853043;-0,07513484;-0,794495;0,3013547;0,1574181
9;torus;1;5;15,96394;6;15,90035;0,6831222;-0,09152196;-0,6115876;0,2902417;0,1613424
9;torus;1;5;15,97778;6;15,90035;0,6831222;-0,09152196;-0,6115876;0,2902417;0,1715692
9;torus;1;5;15,99187;6;15,90035;1,031849;-0,06647676;-0,9921176;0,2756733;0,1748082
9;torus;1;5;16,00561;6;15,90035;0,6975173;0,02246146;-0,6956081;0,04642368;0,1677031
9;torus;1;5;16,01986;6;15,90035;0,6975173;0,02246146;-0,6956081;0,04642368;0,1677031
9;torus;1;5;16,03381;6;15,90035;1,001435;0,08982431;-0,9941719;-0,08015853;0,1709235
9;torus;1;5;16,04733;6;15,90035;0,7643411;0,002094341;-0,7624719;0,05338182;0,1736107
9;torus;1;5;16,06205;6;15,90035;0,7122633;-0,07594077;-0,6845352;0,1815585;0,1785615
9;torus;1;5;16,07528;6;15,90035;0,7122633;-0,07594077;-0,6845352;0,1815585;0,1696416
9;torus;1;5;16,08934;6;15,90035;1,210254;-0,3651011;-0,8733868;0,7540633;0,1918025
9;torus;1;5;16,10332;6;15,90035;0,8809429;-0,2635049;-0,6508625;0,5319808;0,2054182
9;torus;1;5;16,11758;6;15,90035;0,8809429;-0,2635049;-0,6508625;0,5319808;0,203238
9;torus;1;5;16,13115;6;15,90035;1,37613;-0,05455583;-1,37211;0,08984261;0,2189036
9;torus;1;5;16,14504;6;15,90035;0,6771438;0,08009364;-0,6514628;-0,166448;0,1900092
9;torus;1;5;16,15913;6;15,90035;0,6771438;0,08009364;-0,6514628;-0,166448;0,1900092
9;torus;1;5;16,17313;6;15,90035;0,6511291;0,1429429;-0,5713389;-0,2776838;0,1889196
9;torus;1;5;16,1868;6;15,90035;0,4329844;-0,04004007;-0,4266089;0,06226635;0,1893425
9;torus;1;5;16,20064;6;15,90035;0,4561485;-0,1125059;-0,3942646;0,1999231;0,1916374
9;torus;1;5;16,2146;6;15,90035;0,4561485;-0,1125059;-0,3942646;0,1999231;0,1926193
9;torus;1;5;16,22892;6;15,90035;0,9591774;-0,1541252;-0,9138193;0,2473886;0,200722
9;torus;1;5;16,24266;6;15,90035;0,7330925;-0,01577947;-0,7317314;-0,0417713;0,1983206
9;torus;1;5;16,25651;6;15,90035;0,7330925;-0,01577947;-0,7317314;-0,0417713;0,1957925
9;torus;1;5;16,27026;6;15,90035;1,163893;0,1117904;-1,098236;-0,3688176;0,1962561
9;torus;1;5;16,28439;6;15,90035;0,4974751;0,1679962;-0,2995334;-0,3599146;0,1868471
9;torus;1;5;16,2982;6;15,90035;0,4974751;0,1679962;-0,2995334;-0,3599146;0,1842725
9;torus;1;5;16,31211;6;15,90035;0,6566354;0,148143;-0,5204083;-0,3720201;0,1817015
9;torus;1;5;16,326;6;15,90035;0,4624621;-0,04799056;-0,4597656;0,01355117;0,1774006
9;torus;1;5;16,33999;6;15,90035;0,4624621;-0,04799056;-0,4597656;0,01355117;0,1774006
9;torus;1;5;16,35424;6;15,90035;0,7711124;-0,04275048;-0,7672105;-0,06461206;0,1811092
9;torus;1;5;16,36786;6;15,90035;0,6212962;0,06722146;-0,5631194;-0,2537456;0,1741195
9;torus;1;5;16,38174;6;15,90035;0,5610487;0,09307808;-0,4695953;-0,2925618;0,173314
9;torus;1;5;16,39583;6;15,90035;0,5610487;0,09307808;-0,4695953;-0,2925618;0,1659028
9;torus;1;5;16,40961;6;15,90035;0,7572008;0,1573632;-0,5755876;-0,4661425;0,1636059
9;torus;1;5;16,4236;6;15,90035;0,565622;0,07789446;-0,4766984;-0,2943116;0,1591796
9;torus;1;5;16,43738;6;15,90035;0,565622;0,07789446;-0,4766984;-0,2943116;0,1599733
9;torus;1;5;16,45138;6;15,90035;0,6980747;0,02894129;-0,643687;-0,2685848;0,1608788
9;torus;1;5;16,46557;6;15,90035;0,5316737;0,02645059;-0,485981;-0,2140089;0,1475122
9;torus;1;5;16,47931;6;15,90035;0,5316737;0,02645059;-0,485981;-0,2140089;0,1475122
9;torus;1;5;16,49323;6;15,90035;0,7093129;0,01807712;-0,6600325;-0,259143;0,1472659
9;torus;1;5;16,50699;6;15,90035;0,5973887;0,04817885;-0,5272373;-0,276718;0,1466627
9;torus;1;5;16,52102;6;15,90035;0,4362996;0,09405669;-0,3044918;-0,2979856;0,139376
9;torus;1;5;16,5351;6;15,90035;0,4362996;0,09405669;-0,3044918;-0,2979856;0,1270154
9;torus;1;5;16,5487;6;15,90035;0,5251322;0,09669977;-0,3783002;-0,3511439;0,1240022
9;torus;1;5;16,56293;6;15,90035;0,4973481;0,05070885;-0,4126073;-0,2730182;0,1237149
9;torus;1;5;16,5769;6;15,90035;0,4973481;0,05070885;-0,4126073;-0,2730182;0,1311925
9;torus;1;5;16,59072;6;15,90035;0,4392486;0,003496655;-0,4035982;-0,1733078;0,1329611
9;torus;1;5;16,60468;6;15,90035;0,4517497;0,004824677;-0,4118313;-0,1856058;0,1352008
9;torus;1;5;16,61852;6;15,90035;0,4517497;0,004824677;-0,4118313;-0,1856058;0,1292273
9;torus;1;5;16,63274;6;15,90035;0,6070339;0,04502758;-0,5001338;-0,3410702;0,1302517
9;torus;1;5;16,6462;6;15,90035;0,642494;0,06628523;-0,5004075;-0,3974886;0,1246114
9;torus;1;5;16,66043;6;15,90035;0,708206;0,08620743;-0,5294203;-0,4624265;0,1356659
9;torus;1;5;16,67407;6;15,90035;0,708206;0,08620743;-0,5294203;-0,4624265;0,1288941
9;torus;1;5;16,68818;6;15,90035;0,6763738;0,07731532;-0,5080457;-0,4397653;0,1301879
9;torus;1;5;16,70241;6;15,90035;0,5662096;0,05082344;-0,444025;-0,3476378;0,1379757
9;torus;1;5;16,71607;6;15,90035;0,5662096;0,05082344;-0,444025;-0,3476378;0,1364995
9;torus;1;5;16,72985;6;15,90035;0,8129905;0,03195243;-0,6795734;-0,4450984;0,1410253
9;torus;1;5;16,74357;6;15,90035;0,718456;0,06643037;-0,5422128;-0,4666597;0,1445272
9;torus;1;5;16,7577;6;15,90035;0,718456;0,06643037;-0,5422128;-0,4666597;0,1445272
9;torus;1;5;16,7715;6;15,90035;1,505366;0,2594824;-0,8735695;-1,198196;0,1491915
9;torus;1;5;16,78538;6;15,90035;1,114829;0,1945708;-0,6090446;-0,9132637;0,1603309
9;torus;1;5;16,79968;6;15,90035;1,114829;0,1945708;-0,6090446;-0,9132637;0,1689923
9;torus;1;5;16,81339;6;15,90035;1,166287;0,1950067;-0,6068748;-0,976678;0,1758402
9;torus;1;5;16,82726;6;15,90035;0,3385529;0,009273149;-0,2443592;-0,2341381;0,1856179
9;torus;1;5;16,84131;6;15,90035;0,1678247;0,02529976;-0,06159225;-0,1540501;0,1869961
9;torus;1;5;16,85511;6;15,90035;0,1678247;0,02529976;-0,06159225;-0,1540501;0,1869961
9;torus;1;5;16,86923;6;15,90035;0,8884251;0,2427093;-0,1195705;-0,8462235;0,1907459
9;torus;1;5;16,88282;6;15,90035;0,7016683;0,2005657;-0,05933946;-0,669769;0,1800062
9;torus;1;5;16,89721;6;15,90035;0,7016683;0,2005657;-0,05933946;-0,669769;0,1800062
9;torus;1;5;16,911;6;15,90035;0,9466168;0,2744398;-0,02390993;-0,9056459;0,1834041
9;torus;1;5;16,92484;6;15,90035;0,3612189;0,1267216;0,1251881;-0,314243;0,1849562
9;torus;1;5;16,93869;6;15,90035;0,3612189;0,1267216;0,1251881;-0,314243;0,1940595
9;torus;1;5;16,95238;6;15,90035;0,133672;0,02732321;0,1173132;-0,05795917;0,1921302
9;torus;1;5;16,96652;6;15,90035;0,2426861;0,07721151;0,1158499;-0,1987806;0,190913
9;torus;1;5;16,98019;6;15,90035;0,4471444;0,1529299;0,1809981;-0,3791969;0,1896014
9;torus;1;5;16,99445;6;15,90035;0,4471444;0,1529299;0,1809981;-0,3791969;0,1922906
9;torus;1;5;17,00806;6;15,90035;0,8740947;0,2925858;0,3431419;-0,7487915;0,1909207
9;torus;1;5;17,02208;6;15,90035;0,4536182;0,1528382;0,2929926;-0,3107496;0,1849587
9;torus;1;5;17,03618;6;15,90035;0,4536182;0,1528382;0,2929926;-0,3107496;0,1849587
9;torus;1;5;17,04975;6;15,90035;0,5318207;0,1563946;0,4546433;-0,2273181;0,1803502
9;torus;1;5;17,06439;6;15,90035;0,3545356;0,09289061;0,3203082;-0,1202891;0,1750398
9;torus;1;5;17,07815;6;15,90035;0,3545356;0,09289061;0,3203082;-0,1202891;0,1695267
9;torus;1;5;17,09168;6;15,90035;0,5802162;0,1608742;0,5005787;-0,2453393;0,1646535
9;torus;1;5;17,10587;6;15,90035;0,562794;0,1741927;0,3842899;-0,372445;0,1662428
9;torus;1;5;17,11991;6;15,90035;0,562794;0,1741927;0,3842899;-0,372445;0,1602807
9;torus;1;5;17,13357;6;15,90035;0,6913113;0,2115605;0,4768066;-0,4536617;0,1599352
9;torus;1;5;17,14757;6;15,90035;0,6117031;0,1823782;0,440528;-0,3832153;0,1571296
9;torus;1;5;17,16155;6;15,90035;0,4530176;0,1234925;0,379497;-0,2143748;0,1559546
9;torus;1;5;17,17556;6;15,90035;0,4530176;0,1234925;0,379497;-0,2143748;0,1533948
9;torus;1;5;17,1892;6;15,90035;0,5438746;0,1068126;0,5264136;-0,08531941;0,1487702
9;torus;1;5;17,20309;6;15,90035;0,4886447;0,08643802;0,4782082;-0,05117643;0,1367754
9;torus;1;5;17,21714;6;15,90035;0,4886447;0,08643802;0,4782082;-0,05117643;0,1426646
9;torus;1;5;17,23103;6;15,90035;0,5416649;0,113501;0,5063313;-0,1553931;0,1397742
9;torus;1;5;17,24507;6;15,90035;0,5011057;0,1130429;0,4388179;-0,2139323;0,1426933
9;torus;1;5;17,25876;6;15,90035;0,5011057;0,1130429;0,4388179;-0,2139323;0,1426933
9;torus;1;5;17,27282;6;15,90035;0,6095636;0,138544;0,5109386;-0,3021838;0,144145
9;torus;1;5;17,28659;6;15,90035;0,5499914;0,12331;0,4509894;-0,2896441;0,13828
9;torus;1;5;17,30111;6;15,90035;0,5912539;0,1190599;0,5293077;-0,2350304;0,1428072
9;torus;1;5;17,31435;6;15,90035;0,5912539;0,1190599;0,5293077;-0,2350304;0,1428072
9;torus;1;5;17,32829;6;15,90035;0,7552038;0,09591454;0,7464765;-0,06249884;0,1391683
9;torus;1;5;17,34278;6;15,90035;0,6238073;0,07736954;0,615371;-0,06684334;0,140224
9;torus;1;5;17,35649;6;15,90035;0,6238073;0,07736954;0,615371;-0,06684334;0,1434892
9;torus;1;5;17,37036;6;15,90035;0,7852427;0,1206839;0,732873;-0,2548307;0,1443681
9;torus;1;5;17,38407;6;15,90035;0,6832775;0,1204499;0,5964108;-0,3108925;0,1539965
9;torus;1;5;17,39803;6;15,90035;0,6832775;0,1204499;0,5964108;-0,3108925;0,149861
9;torus;1;5;17,41231;6;15,90035;1,013329;0,186184;0,8061922;-0,5850009;0,1643738
9;torus;1;5;17,42587;6;15,90035;0,5495216;0,07810553;0,4853401;-0,2455982;0,1691958
9;torus;1;5;17,43988;6;15,90035;0,5495216;0,07810553;0,4853401;-0,2455982;0,1691958
9;torus;1;5;17,45394;6;15,90035;0,7913802;0,04601604;0,7897347;-0,02200566;0,1742992
9;torus;1;5;17,46783;6;15,90035;0,584366;0,05138611;0,5691857;-0,1219456;0,1680348
9;torus;1;5;17,4817;6;15,90035;0,4842148;0,06090317;0,4267155;-0,2206098;0,1718422
9;torus;1;5;17,49542;6;15,90035;0,4842148;0,06090317;0,4267155;-0,2206098;0,1718422
9;torus;1;5;17,50943;6;15,90035;0,7603918;0,1092129;0,6048627;-0,447671;0,1847288
9;torus;1;5;17,52349;6;15,90035;0,5368649;0,07301879;0,4249123;-0,3199089;0,1922002
9;torus;1;5;17,53714;6;15,90035;0,5368649;0,07301879;0,4249123;-0,3199089;0,1922002
9;torus;1;5;17,55128;6;15,90035;0,7214056;0,08408255;0,5396967;-0,4712574;0,2053989
9;torus;1;5;17,56526;6;15,90035;0,4770688;0,04893485;0,3615511;-0,3073774;0,2141595
9;torus;1;5;17,57906;6;15,90035;0,4770688;0,04893485;0,3615511;-0,3073774;0,2128174
9;torus;1;5;17,59297;6;15,90035;0,8827246;0,08044371;0,6631668;-0,5770107;0,2292745
9;torus;1;5;17,60679;6;15,90035;0,4387741;0,0265239;0,3573358;-0,2532397;0,2271642
9;torus;1;5;17,6209;6;15,90035;0,3699215;0,02356395;0,2274943;-0,2907456;0,234379
9;torus;1;5;17,63466;6;15,90035;0,3699215;0,02356395;0,2274943;-0,2907456;0,2203461
9;torus;1;5;17,64851;6;15,90035;0,6174533;0,03617478;0,05774887;-0,6136815;0,20951
9;torus;1;5;17,66288;6;15,90035;0,3714328;0,02473718;0,0998086;-0,3569155;0,2037386
9;torus;1;5;17,67694;6;15,90035;0,3714328;0,02473718;0,0998086;-0,3569155;0,2037386
9;torus;1;5;17,69035;6;15,90035;0,4602033;0,01253548;0,3117942;-0,3382519;0,2001309
9;torus;1;5;17,70441;6;15,90035;0,3050276;-0,0009078857;0,2359527;-0,1933063;0,2003414
9;torus;1;5;17,71822;6;15,90035;0,3050276;-0,0009078857;0,2359527;-0,1933063;0,1946167
9;torus;1;5;17,73209;6;15,90035;0,2878118;-0,02637802;0,136054;-0,2522482;0,1913974
9;torus;1;5;17,74617;6;15,90035;0,300767;-0,009377314;-0,02787223;-0,2993259;0,1861746
9;torus;1;5;17,75985;6;15,90035;0,300767;-0,009377314;-0,02787223;-0,2993259;0,1861746
9;torus;1;5;17,77398;6;15,90035;0,5724989;0,02458798;0,09730019;-0,5636339;0,1772652
9;torus;1;5;17,78782;6;15,90035;0,3710414;0,006844596;0,06329855;-0,3655382;0,1717265
9;torus;1;5;17,80174;6;15,90035;0,2172194;-0,006546933;0,08320633;-0,2005446;0,1652086
9;torus;1;5;17,81591;6;15,90035;0,2172194;-0,006546933;0,08320633;-0,2005446;0,1652086
9;torus;1;5;17,82976;6;15,90035;0,1458495;-0,0440494;0,08103348;-0,1129837;0,1644187
9;torus;1;5;17,84368;6;15,90035;0,1373237;-0,03607115;0,0965943;-0,09069853;0,1641128
9;torus;1;5;17,85757;6;15,90035;0,1373237;-0,03607115;0,0965943;-0,09069853;0,173333
9;torus;1;5;17,87158;6;15,90035;0,3956922;-0,01762284;0,01144211;-0,3951339;0,1669617
9;torus;1;5;17,88556;6;15,90035;0,4023684;0,00452213;0,0721354;-0,3958237;0,1599312
9;torus;1;5;17,89927;6;15,90035;0,4023684;0,00452213;0,0721354;-0,3958237;0,1599312
9;torus;1;5;17,91363;6;15,90035;0,4170873;0,01104595;0,09529918;-0,4059038;0,1525526
9;torus;1;5;17,92734;6;15,90035;0,3180429;0,0002867684;0,09031726;-0,3049492;0,1422359
9;torus;1;5;17,94095;6;15,90035;0,2051773;-0,009329288;0,0554677;-0,197317;0,1398139
9;torus;1;5;17,95524;6;15,90035;0,2051773;-0,009329288;0,0554677;-0,197317;0,1398139
9;torus;1;5;17,96873;6;15,90035;0,2826079;-0,006121125;0,07908499;-0,2712477;0,1365924
9;torus;1;5;17,98294;6;15,90035;0,3329763;-1,520175E-05;0,0583488;-0,3278241;0,1324358
9;torus;1;5;17,99688;6;15,90035;0,3329763;-1,520175E-05;0,0583488;-0,3278241;0,1324358
9;torus;1;5;18,01044;6;15,90035;0,3976787;0,003532466;-0,03995793;-0,3956504;0,1263745
9;torus;1;5;18,02444;6;15,90035;0,4053197;0,004466342;-0,02778416;-0,4043416;0,1205579
9;torus;1;5;18,03855;6;15,90035;0,4053197;0,004466342;-0,02778416;-0,4043416;0,1218903
9;torus;1;5;18,05253;6;15,90035;0,2329367;0,00141493;0,02731704;-0,231325;0,1188276
9;torus;1;5;18,06643;6;15,90035;0,2255645;-0,0004282503;0,04583219;-0,2208587;0,1162377
9;torus;1;5;18,08053;6;15,90035;0,2220841;-0,002709651;0,03933632;-0,2185558;0,1036682
9;torus;1;5;18,0945;6;15,90035;0,2220841;-0,002709651;0,03933632;-0,2185558;0,1036682
9;torus;1;5;18,10823;6;15,90035;0,2374672;-0,004210739;-0,01824909;-0,2367276;0,1000992
9;torus;1;5;18,12201;6;15,90035;0,2880523;-0,005259625;-0,0613879;-0,2813858;0,1026441
9;torus;1;5;18,13601;6;15,90035;0,2880523;-0,005259625;-0,0613879;-0,2813858;0,1082056
9;torus;1;5;18,15001;6;15,90035;0,2357204;-0,02213042;-0,02553553;-0,2332858;0,104857
9;torus;1;5;18,16363;6;15,90035;0,2108404;-0,05740651;0,009197434;-0,2026662;0,1095423
9;torus;1;5;18,17763;6;15,90035;0,2108404;-0,05740651;0,009197434;-0,2026662;0,1057245
9;torus;1;5;18,19185;6;15,90035;0,2521049;-0,08095001;0,0006577596;-0,2387542;0,102905
9;torus;1;5;18,2055;6;15,90035;0,2213162;-0,08666443;0,003043886;-0,2036194;0,1118906
9;torus;1;5;18,21958;6;15,90035;0,2213162;-0,08666443;0,003043886;-0,2036194;0,1118906
9;torus;1;5;18,23342;6;15,90035;0,3360972;-0,1015717;-0,03833149;-0,3180805;0,1081117
9;torus;1;5;18,24749;6;15,90035;0,3303472;-0,124242;-0,01794723;-0,3055668;0,1118152
9;torus;1;5;18,2613;6;15,90035;0,3982592;-0,1425019;-0,002063602;-0,3718862;0,1083999
9;torus;1;5;18,27536;6;15,90035;0,3982592;-0,1425019;-0,002063602;-0,3718862;0,1097873
9;torus;1;5;18,28944;6;15,90035;0,5104727;-0,277291;0,05074012;-0,425579;0,1075512
9;torus;1;5;18,30313;6;15,90035;0,7956656;-0,1404465;0,03284146;-0,7824832;0,1073766
9;torus;1;5;18,31673;6;15,90035;0,7956656;-0,1404465;0,03284146;-0,7824832;0,1011527
9;torus;1;5;18,33073;6;15,90035;0,4499343;-0,1440039;-0,03330568;-0,4249641;0,1052395
9;torus;1;5;18,34499;6;15,90035;0,5141327;-0,1109899;-0,07630345;-0,4961768;0,1096808
9;torus;1;5;18,35897;6;15,90035;0,5141327;-0,1109899;-0,07630345;-0,4961768;0,1096808
9;torus;1;5;18,37278;6;15,90035;0,2519646;-0,0967242;0,01284275;-0,2323051;0,1127596
9;torus;1;5;18,38664;6;15,90035;0,3075656;-0,066573;0,003439516;-0,3002546;0,1226435
9;torus;1;5;18,40037;6;15,90035;0,6544306;-0,1002061;-0,01921214;-0,6464279;0,1154531
9;torus;1;5;18,41446;6;15,90035;0,6544306;-0,1002061;-0,01921214;-0,6464279;0,1086959
9;torus;1;5;18,42816;6;15,90035;0,2561136;-0,03487954;0,04757192;-0,2492278;0,1123135
9;torus;1;5;18,44207;6;15,90035;0,2863676;-0,05823497;0,04786442;-0,2762681;0,1144089
9;torus;1;5;18,45622;6;15,90035;0,2863676;-0,05823497;0,04786442;-0,2762681;0,1132641
9;torus;1;5;18,47038;6;15,90035;0,1833707;-0,09102429;-0,002100877;-0,1591696;0,1159833
9;torus;1;5;18,4841;6;15,90035;0,213163;-0,06508419;-0,01533148;-0,2024042;0,1143093
9;torus;1;5;18,49775;6;15,90035;0,213163;-0,06508419;-0,01533148;-0,2024042;0,1090698
9;torus;1;5;18,51179;6;15,90035;0,2442539;-0,06219313;-0,001490129;-0,2361986;0,1116368
9;torus;1;5;18,52572;6;15,90035;0,3813233;-0,1123663;-0,05083121;-0,3608289;0,1166004
9;torus;1;5;18,53983;6;15,90035;0,3813233;-0,1123663;-0,05083121;-0,3608289;0,1094842
9;torus;1;5;18,55385;6;15,90035;0,4947117;-0,01060847;-0,02092085;-0,4941553;0,1142596
9;torus;1;5;18,56763;6;15,90035;0,5014991;0,07084564;-0,02003122;-0,4960655;0,1128025
9;torus;1;5;18,5817;6;15,90035;0,8047676;0,1091038;-0,02753272;-0,7968621;0,1251657
9;torus;1;5;18,59563;6;15,90035;0,8047676;0,1091038;-0,02753272;-0,7968621;0,1307021
9;torus;1;5;18,60922;6;15,90035;2,48584;0,2943191;-0,05066111;-2,467835;0,1546887
9;torus;1;5;18,62336;6;15,90035;1,914144;0,2011539;-0,05405673;-1,902778;0,1820064
9;torus;1;5;18,63712;6;15,90035;1,914144;0,2011539;-0,05405673;-1,902778;0,1804767
9;torus;1;5;18,65136;6;15,90035;3,255329;0,2600599;-0,07877068;-3,243968;0,2333988
9;torus;1;5;18,66505;6;15,90035;1,44951;0,1115317;0,0182631;-1,445098;0,2596893
9;torus;1;5;18,67903;6;15,90035;1,44951;0,1115317;0,0182631;-1,445098;0,2239387
9;torus;1;5;18,69315;6;15,90035;0,6910382;0,07949683;-0,1036574;-0,6785788;0,2108384
9;torus;1;5;18,70675;6;15,90035;0,276622;-0,01206456;-0,2211068;-0,165789;0,2061698
9;torus;1;5;18,72086;6;15,90035;0,2675271;-0,0354348;-0,1431512;-0,2232104;0,2013065
9;torus;1;5;18,73483;6;15,90035;0,2675271;-0,0354348;-0,1431512;-0,2232104;0,2013065
9;torus;1;5;18,74884;6;15,90035;0,6613926;-0,06275255;0,1624856;-0,6380444;0,1921294
9;torus;1;5;18,76257;6;15,90035;0,332348;-0,04096762;0,03508311;-0,3279421;0,1872063
9;torus;1;5;18,77638;6;15,90035;0,332348;-0,04096762;0,03508311;-0,3279421;0,1872063
9;torus;1;5;18,7904;6;15,90035;0,03668592;-0,01082728;-0,03150782;-0,01535854;0,1867288
9;torus;1;5;18,80434;6;15,90035;0,1026781;-0,01499078;-0,101566;0,001557295;0,1859259
9;torus;1;5;18,81823;6;15,90035;0,1026781;-0,01499078;-0,101566;0,001557295;0,1859259
9;torus;1;5;18,83215;6;15,90035;0,09954455;-0,02113785;-0,05667198;-0,07906071;0,1842323
9;torus;1;5;18,8463;6;15,90035;0,2892125;-0,04073656;0,02168307;-0,285507;0,1799675
9;torus;1;5;18,85986;6;15,90035;0,2892125;-0,04073656;0,02168307;-0,285507;0,1799675
9;torus;1;5;18,87392;6;15,90035;0,4044094;-0,05175092;0,05525417;-0,3972604;0,1743859
9;torus;1;5;18,88762;6;15,90035;0,185816;-0,01906285;0,0650514;-0,1730101;0,1716617
9;torus;1;5;18,90188;6;15,90035;0,04857798;-0,00568167;0,01846933;-0,04456931;0,1711875
9;torus;1;5;18,91576;6;15,90035;0,04857798;-0,00568167;0,01846933;-0,04456931;0,1711875
9;torus;1;5;19,06926;6;15,90035;0,005320911;-0,000703285;0,000944352;-0,005188997;0,1568426
9;torus;1;5;19,08304;6;15,90035;0,260096;-0,04226495;0,01468209;-0,2562188;0,1547459
9;torus;1;5;19,09669;6;15,90035;0,260096;-0,04226495;0,01468209;-0,2562188;0,1547459
9;torus;1;5;19,11049;6;15,90035;0,1333408;-0,01804195;0,0425321;-0,1250811;0,1534741
9;torus;1;5;19,12441;6;15,90035;0,09378032;-0,01300663;0,02981862;-0,08795696;0,1526022
9;torus;1;5;19,13835;6;15,90035;0,09378032;-0,01300663;0,02981862;-0,08795696;0,1502587
9;torus;1;5;19,15234;6;15,90035;0,1571015;-0,03217085;-0,0437338;-0,1474221;0,1478234
9;torus;1;5;19,16611;6;15,90035;0,2054819;-0,04078494;-0,02761551;-0,1994913;0,1471311
9;torus;1;5;19,18025;6;15,90035;0,2061577;-0,0341468;0,04499355;-0,1982689;0,1420717
9;torus;1;5;19,19419;6;15,90035;0,2061577;-0,0341468;0,04499355;-0,1982689;0,1420717
9;torus;1;5;19,20804;6;15,90035;0,207431;-0,02879838;0,09034858;-0,1844869;0,1407962
9;torus;1;5;19,22182;6;15,90035;0,08317591;-0,009877715;0,04802146;-0,06719079;0,1405579
9;torus;1;5;19,23574;6;15,90035;0,08317591;-0,009877715;0,04802146;-0,06719079;0,1405579
9;torus;1;5;19,24986;6;15,90035;0,08060418;-0,004084358;0,0661338;-0,0458985;0,1408416
9;torus;1;5;19,26345;6;15,90035;0,0895535;-0,009174256;0,05218489;-0,07219695;0,1406267
9;torus;1;5;19,27755;6;15,90035;0,0895535;-0,009174256;0,05218489;-0,07219695;0,1412039
9;torus;1;5;19,29173;6;15,90035;0,2283106;-0,03271119;0,07564887;-0,2129154;0,1392205
9;torus;1;5;19,30527;6;15,90035;0,1746101;-0,02815346;0,04103488;-0,1673685;0,137524
9;torus;1;5;19,31918;6;15,90035;0,1746101;-0,02815346;0,04103488;-0,1673685;0,1479527
9;torus;1;5;19,33306;6;15,90035;0,09017812;-0,01346907;0,03482749;-0,08208364;0,1463756
9;torus;1;5;19,34731;6;15,90035;0,05788691;-0,009993514;0,01499922;-0,05500953;0,1454495
9;torus;1;5;19,36101;6;15,90035;0,07682141;-0,01449529;-0,005169145;-0,07526417;0,1424164
9;torus;1;5;19,37523;6;15,90035;0,07682141;-0,01449529;-0,005169145;-0,07526417;0,1424164
9;torus;1;5;19,38882;6;15,90035;0,2380457;-0,03418938;0,06308955;-0,2269726;0,1401995
9;torus;1;5;19,40307;6;15,90035;0,2009996;-0,03146798;0,03912725;-0,194627;0,1441572
9;torus;1;5;19,41673;6;15,90035;0,2009996;-0,03146798;0,03912725;-0,194627;0,1441572
9;torus;1;5;19,43071;6;15,90035;0,1184118;-0,0203868;0,02123876;-0,1146937;0,1423832
9;torus;1;5;19,44517;6;15,90035;0,08794259;-0,01667524;0,01049192;-0,08570738;0,1405511
9;torus;1;5;19,45848;6;15,90035;0,08794259;-0,01667524;0,01049192;-0,08570738;0,1405511
9;torus;1;5;19,47258;6;15,90035;0,1321518;-0,03038653;-0,03837443;-0,1227524;0,1396003
9;torus;1;5;19,48627;6;15,90035;0,1618807;-0,03720747;-0,05799511;-0,1464839;0,1387165
9;torus;1;5;19,50044;6;15,90035;0,1988979;-0,04376947;-0,04250823;-0,1893083;0,137152
9;torus;1;5;19,51435;6;15,90035;0,1988979;-0,04376947;-0,04250823;-0,1893083;0,137152
9;torus;1;5;19,52826;6;15,90035;0,4188169;-0,09782685;-0,1725079;-0,3688882;0,1359039
9;torus;1;5;19,54218;6;15,90035;0,3809649;-0,0921858;-0,2015633;-0,3098521;0,134382
9;torus;1;5;19,5559;6;15,90035;0,3809649;-0,0921858;-0,2015633;-0,3098521;0,1413088
9;torus;1;5;19,57003;6;15,90035;0,2700488;-0,0733695;-0,1516954;-0,2110256;0,1372146
9;torus;1;5;19,58402;6;15,90035;0,2354141;-0,06432319;-0,1495873;-0,1700176;0,1264204
9;torus;1;5;19,59781;6;15,90035;0,2354141;-0,06432319;-0,1495873;-0,1700176;0,1264204
9;torus;1;5;19,61174;6;15,90035;0,1599931;-0,0447728;-0,07430172;-0,1344338;0,1241739
9;torus;1;5;19,62549;6;15,90035;0,2207385;-0,05889161;-0,08314869;-0,1958151;0,1214097
9;torus;1;5;19,63971;6;15,90035;0,2207385;-0,05889161;-0,08314869;-0,1958151;0,1214097
9;torus;1;5;19,65325;6;15,90035;0,2919207;-0,07083988;-0,02053269;-0,2824497;0,1191683
9;torus;1;5;19,66732;6;15,90035;0,3167679;-0,0764076;-0,01075743;-0,3072264;0,117184
9;torus;1;5;19,68147;6;15,90035;0,3352704;-0,07971926;0,005718906;-0,3256046;0,1025316
9;torus;1;5;19,69543;6;15,90035;0,3352704;-0,07971926;0,005718906;-0,3256046;0,1097045
9;torus;1;5;19,70952;6;15,90035;0,1370352;-0,01560012;0,03201956;-0,1323255;0,1095284
9;torus;1;5;19,72303;6;15,90035;0,113554;-0,01258672;0,03078669;-0,1085738;0,1095516
9;torus;1;5;19,73698;6;15,90035;0,113554;-0,01258672;0,03078669;-0,1085738;0,1095516
9;torus;1;5;19,751;6;15,90035;0,1318092;-0,0149432;0,03231939;-0,1269088;0,1095874
9;torus;1;5;19,76496;6;15,90035;0,1328512;-0,02248722;0,03550894;-0,1260273;0,1096621
9;torus;1;5;19,77865;6;15,90035;0,1328512;-0,02248722;0,03550894;-0,1260273;0,1096621
9;torus;1;5;19,7926;6;15,90035;0,1636847;-0,0268074;0,05814681;-0,1506419;0,1099755
9;torus;1;5;19,80663;6;15,90035;0,1481562;-0,01772191;0,05633549;-0,1358768;0,1104848
9;torus;1;5;19,82071;6;15,90035;0,1362767;-0,009896427;0,05651188;-0,1236115;0,112467
9;torus;1;5;19,83443;6;15,90035;0,1362767;-0,009896427;0,05651188;-0,1236115;0,1085363
9;torus;1;5;19,84835;6;15,90035;0,1250278;-0,003164046;0,05288794;-0,1132467;0,1088813
9;torus;1;5;19,86221;6;15,90035;0,2248932;0,02545232;0,1067932;-0,1962762;0,1088849
9;torus;1;5;19,87662;6;15,90035;0,2248932;0,02545232;0,1067932;-0,1962762;0,1073955
9;torus;1;5;19,89004;6;15,90035;0,2094379;0,00413312;0,07623264;-0,1950276;0,1089085
9;torus;1;5;19,90404;6;15,90035;0,227444;-0,01299627;0,07602684;-0,2139668;0,1100518
9;torus;1;5;19,91817;6;15,90035;0,227444;-0,01299627;0,07602684;-0,2139668;0,1096125
9;torus;1;5;19,93183;6;15,90035;0,1924801;-0,04426247;0,03703457;-0,1836243;0,1094945
9;torus;1;5;19,94573;6;15,90035;0,2232583;-0,01121883;0,09149225;-0,2033411;0,1109299
9;torus;1;5;19,96003;6;15,90035;0,2738554;-0,06936752;0,04783892;-0,2605694;0,1109526
9;torus;1;5;19,97377;6;15,90035;0,2738554;-0,06936752;0,04783892;-0,2605694;0,1105462
9;torus;1;5;19,98768;6;15,90035;0,3698547;-0,09587413;0,03651362;-0,3553412;0,1099375
9;torus;1;5;20,00178;6;15,90035;0,3693681;-0,09500018;0,03774503;-0,354941;0,1068618
9;torus;1;5;20,01536;6;15,90035;0,3693681;-0,09500018;0,03774503;-0,354941;0,1060439
9;torus;1;5;20,02957;6;15,90035;0,5379939;-0,1387041;0,04843011;-0,5175453;0,1040296
9;torus;1;5;20,04339;6;15,90035;0,484904;-0,1242701;0,04214926;-0,4668107;0,1118592
9;torus;1;5;20,05723;6;15,90035;0,484904;-0,1242701;0,04214926;-0,4668107;0,1192146
9;torus;1;5;20,07153;6;15,90035;0,6428001;-0,1613506;0,06180203;-0,6191433;0,1178618
9;torus;1;5;20,085;6;15,90035;0,5413375;-0,1348986;0,04887324;-0,5219771;0,1178489
9;torus;1;5;20,09942;6;15,90035;0,5413375;-0,1348986;0,04887324;-0,5219771;0,1266387
9;torus;1;5;20,11282;6;15,90035;0,843795;-0,2024578;0,04287568;-0,8180236;0,1285236
9;torus;1;5;20,1269;6;15,90035;0,7557307;-0,1775685;0,05955878;-0,7321551;0,1371995
9;torus;1;5;20,14119;6;15,90035;1,045813;-0,2496021;0,1166891;-1,008865;0,1499988
9;torus;1;5;20,15493;6;15,90035;1,045813;-0,2496021;0,1166891;-1,008865;0,1440446
9;torus;1;5;20,16881;6;15,90035;0,8228254;-0,1887363;0,1044874;-0,7940419;0,1543504
9;torus;1;5;20,18261;6;15,90035;0,4162321;-0,08926301;-0,002799147;-0,4065384;0,1525999
9;torus;1;5;20,19627;6;15,90035;0,4162321;-0,08926301;-0,002799147;-0,4065384;0,1525999
9;torus;1;5;20,21043;6;15,90035;0,2922777;-0,04981254;-0,140033;-0,2516659;0,1580958
9;torus;1;5;20,22434;6;15,90035;0,2875009;-0,05688918;-0,0650479;-0,2742064;0,1647538
9;torus;1;5;20,23833;6;15,90035;0,2875009;-0,05688918;-0,0650479;-0,2742064;0,1616202
9;torus;1;5;20,25193;6;15,90035;0,6768374;-0,1630659;-0,0273733;-0,65633;0,1720001
9;torus;1;5;20,26593;6;15,90035;0,5019476;-0,1182975;-0,01182544;-0,4876651;0,1799163
9;torus;1;5;20,28013;6;15,90035;0,3613492;-0,07703985;-0,04388971;-0,3503025;0,1824535
9;torus;1;5;20,29382;6;15,90035;0,3613492;-0,07703985;-0,04388971;-0,3503025;0,1824535
9;torus;1;5;20,30799;6;15,90035;0,1891766;-0,01622796;-0,1384902;-0,1278471;0,1859657
9;torus;1;5;20,32163;6;15,90035;0,1619946;-0,03159666;-0,06783883;-0,1436725;0,1889505
9;torus;1;5;20,33571;6;15,90035;0,1619946;-0,03159666;-0,06783883;-0,1436725;0,1889505
9;torus;1;5;20,34954;6;15,90035;0,4862117;-0,1304809;-0,06628686;-0,4636622;0,1969726
9;torus;1;5;20,36338;6;15,90035;0,3500385;-0,09393498;-0,04869696;-0,3336642;0,2045437
9;torus;1;5;20,37736;6;15,90035;0,3500385;-0,09393498;-0,04869696;-0,3336642;0,2045437
9;torus;1;5;20,39155;6;15,90035;0,5231104;-0,135259;-0,02420517;-0,5047412;0,2129047
