ParticipantNumber;Task;SdfState;Repetition;TimeStamp;NumHits;TimeToCompleteTask;InstanteneousVelocityMag;InstanteneousVelocityX;InstanteneousVelocityY;InstanteneousVelocityZ;ClosestDistance
12;torus;1;5;2,041354;8;9,803945;0,5060745;0,03001094;0,4872769;-0,1333117;0,2378402
12;torus;1;5;2,05523;8;9,803945;0,5060745;0,03001094;0,4872769;-0,1333117;0,2429946
12;torus;1;5;2,069067;8;9,803945;0,8215866;-0,1896739;0,5698301;0,5606443;0,2525469
12;torus;1;5;2,083544;8;9,803945;0,08838623;-0,01298785;-0,02806485;-0,08279979;0,2511932
12;torus;1;5;2,096986;8;9,803945;0,08838623;-0,01298785;-0,02806485;-0,08279979;0,2511932
12;torus;1;5;2,110807;8;9,803945;0,7224135;-0,007236004;-0,6670662;-0,2772212;0,2486467
12;torus;1;5;2,125017;8;9,803945;0,3430207;-0,01423955;0,3416918;-0,02659261;0,2418059
12;torus;1;5;2,138996;8;9,803945;0,3430207;-0,01423955;0,3416918;-0,02659261;0,2468838
12;torus;1;5;2,152919;8;9,803945;1,037163;0,1897991;0,6926283;-0,7482976;0,2294789
12;torus;1;5;2,166639;8;9,803945;0,3827453;-0,01253486;-0,371439;-0,09148717;0,2382437
12;torus;1;5;2,18076;8;9,803945;0,1658477;-0,0254631;-0,1637913;0,005429983;0,2390962
12;torus;1;5;2,194816;8;9,803945;0,1658477;-0,0254631;-0,1637913;0,005429983;0,2299537
12;torus;1;5;2,208755;8;9,803945;0,4904164;-0,03482699;0,4497103;-0,1924992;0,2251663
12;torus;1;5;2,222703;8;9,803945;0,3819348;0,001728535;0,3783561;-0,0521332;0,2323655
12;torus;1;5;2,236285;8;9,803945;0,3819348;0,001728535;0,3783561;-0,0521332;0,235513
12;torus;1;5;2,250417;8;9,803945;0,6854181;-0,02194047;0,6828822;-0,0546664;0,2323384
12;torus;1;5;2,26416;8;9,803945;0,5654173;0,05560517;0,4997797;-0,2585053;0,2146445
12;torus;1;5;2,278107;8;9,803945;0,5654173;0,05560517;0,4997797;-0,2585053;0,2049563
12;torus;1;5;2,292559;8;9,803945;1,379143;0,2178133;0,9559672;-0,9699076;0,1889833
12;torus;1;5;2,306168;8;9,803945;0,5285069;0,0679791;0,3636874;-0,3773987;0,1862059
12;torus;1;5;2,320441;8;9,803945;0,4291057;0,01341392;0,4019769;-0,1495539;0,1967654
12;torus;1;5;2,333982;8;9,803945;0,4291057;0,01341392;0,4019769;-0,1495539;0,185432
12;torus;1;5;2,34777;8;9,803945;0,6192153;-0,005689817;0,5841382;-0,2053725;0,1853831
12;torus;1;5;2,362008;8;9,803945;0,4094557;-0,01232107;0,3943102;-0,1096431;0,1862697
12;torus;1;5;2,37569;8;9,803945;0,4094557;-0,01232107;0,3943102;-0,1096431;0,1862697
12;torus;1;5;2,389699;8;9,803945;0,6508929;0,06429581;0,3409414;-0,5507146;0,1787437
12;torus;1;5;2,403606;8;9,803945;0,4835966;0,0610542;0,1580919;-0,4529294;0,1760604
12;torus;1;5;2,417899;8;9,803945;0,4835966;0,0610542;0,1580919;-0,4529294;0,1760604
12;torus;1;5;2,431495;8;9,803945;0,2843407;-0,01173858;-0,2030794;-0,1986721;0,1713539
12;torus;1;5;2,445499;8;9,803945;0,3982253;-0,1013434;-0,3549203;0,1494808;0,1720853
12;torus;1;5;2,459358;8;9,803945;0,3982253;-0,1013434;-0,3549203;0,1494808;0,1677518
12;torus;1;5;2,473788;8;9,803945;0,7065327;-0,2262049;-0,4575097;0,4885742;0,1749984
12;torus;1;5;2,487287;8;9,803945;0,1915696;-0,04172035;0,1803732;0,04923248;0,1767058
12;torus;1;5;2,5013;8;9,803945;0,2490413;-0,002230478;0,2368446;-0,07694945;0,1810432
12;torus;1;5;2,515086;8;9,803945;0,2490413;-0,002230478;0,2368446;-0,07694945;0,1810432
12;torus;1;5;2,529243;8;9,803945;0,0807085;-0,02778899;-0,05472825;-0,0524066;0,1799889
12;torus;1;5;2,543184;8;9,803945;0,3145582;-0,1409992;-0,1642793;0,228207;0,1837725
12;torus;1;5;2,557076;8;9,803945;0,3145582;-0,1409992;-0,1642793;0,228207;0,1837725
12;torus;1;5;2,570996;8;9,803945;0,2779225;-0,08960753;0,216815;0,1490057;0,1885628
12;torus;1;5;2,584758;8;9,803945;0,2986305;-0,06945071;0,260182;0,1290818;0,1932272
12;torus;1;5;2,599078;8;9,803945;0,2986305;-0,06945071;0,260182;0,1290818;0,1896219
12;torus;1;5;2,612596;8;9,803945;0,07256672;-0,0380754;0,01968089;0,05855642;0,1910621
12;torus;1;5;2,626721;8;9,803945;0,06771736;-0,03331365;-0,009617016;0,05816661;0,1918523
12;torus;1;5;2,640705;8;9,803945;0,1406723;-0,06068678;-0,05408008;0,1148092;0,193834
12;torus;1;5;2,654388;8;9,803945;0,1406723;-0,06068678;-0,05408008;0,1148092;0,193834
12;torus;1;5;2,668372;8;9,803945;0,07161964;-0,03425415;-0,06230675;0,008596251;0,1937733
12;torus;1;5;2,682441;8;9,803945;0,1053803;-0,04945254;-0,06197741;0,06941366;0,1948745
12;torus;1;5;2,696416;8;9,803945;0,1053803;-0,04945254;-0,06197741;0,06941366;0,1948745
12;torus;1;5;2,710245;8;9,803945;0,220771;-0,05520396;-0,2064146;-0,05554605;0,1928991
12;torus;1;5;2,724272;8;9,803945;0,3193794;-0,006286864;-0,2328113;-0,2185465;0,1876537
12;torus;1;5;2,738598;8;9,803945;0,3193794;-0,006286864;-0,2328113;-0,2185465;0,1838236
12;torus;1;5;2,752126;8;9,803945;0,3307226;0,003202874;-0,08861151;-0,3186145;0,177675
12;torus;1;5;2,766001;8;9,803945;0,268283;0,0004930031;0,1341333;-0,2323442;0,1746162
12;torus;1;5;2,780046;8;9,803945;0,1368912;-0,01153328;0,08144847;-0,1094182;0,177613
12;torus;1;5;2,793717;8;9,803945;0,1368912;-0,01153328;0,08144847;-0,1094182;0,177503
12;torus;1;5;2,807736;8;9,803945;0,2041698;-0,01054116;-0,04205493;-0,1995134;0,1740017
12;torus;1;5;2,821833;8;9,803945;0,256543;0,004996132;0,03224093;-0,2544599;0,1700483
12;torus;1;5;2,836137;8;9,803945;0,256543;0,004996132;0,03224093;-0,2544599;0,1700483
12;torus;1;5;2,849539;8;9,803945;0,5836173;0,01970795;0,4166214;-0,4082246;0,166776
12;torus;1;5;2,863503;8;9,803945;0,4977632;0,002433728;0,4430647;-0,226839;0,1705518
12;torus;1;5;2,877439;8;9,803945;0,4977632;0,002433728;0,4430647;-0,226839;0,1705518
12;torus;1;5;2,89149;8;9,803945;0,06445736;-0,02289922;0,01716204;-0,05775674;0,1699892
12;torus;1;5;2,90553;8;9,803945;0,05045986;-0,01922532;0,004583024;-0,04642823;0,1654813
12;torus;1;5;2,919056;8;9,803945;0,05045986;-0,01922532;0,004583024;-0,04642823;0,1654813
12;torus;1;5;2,933533;8;9,803945;0,2407429;-0,0112445;0,164047;-0,1758388;0,1640512
12;torus;1;5;2,947321;8;9,803945;0,2325613;0,01497761;0,04539448;-0,2275956;0,160713
12;torus;1;5;2,961222;8;9,803945;0,1152548;0,005702352;0,009596264;-0,1147129;0,1589625
12;torus;1;5;2,974891;8;9,803945;0,1152548;0,005702352;0,009596264;-0,1147129;0,1589625
12;torus;1;5;2,988973;8;9,803945;0,03486778;-0,02421217;0,007215654;0,02403054;0,1596266
12;torus;1;5;3,003118;8;9,803945;0,02882911;-0,02352607;0,01386819;0,009236597;0,1601118
12;torus;1;5;3,016567;8;9,803945;0,02882911;-0,02352607;0,01386819;0,009236597;0,1601118
12;torus;1;5;3,030694;8;9,803945;0,1667767;-0,0008347705;0,09847567;-0,1345968;0,1588984
12;torus;1;5;3,044636;8;9,803945;0,1755201;0,01113657;0,102782;-0,1418419;0,1575589
12;torus;1;5;3,058476;8;9,803945;0,1755201;0,01113657;0,102782;-0,1418419;0,1575589
12;torus;1;5;3,072624;8;9,803945;0,2181555;0,02879257;0,09522811;-0,1941505;0,1552742
12;torus;1;5;3,086271;8;9,803945;0,1305876;0,01766684;0,04835459;-0,1200118;0,1492853
12;torus;1;5;3,100553;8;9,803945;0,07391927;0,009329119;0,01558782;-0,07165226;0,148257
12;torus;1;5;3,114472;8;9,803945;0,07391927;0,009329119;0,01558782;-0,07165226;0,148257
12;torus;1;5;3,128105;8;9,803945;0,07811159;0,01044041;0,03589575;-0,06858508;0,1474475
12;torus;1;5;3,142277;8;9,803945;0,08099245;0,01018626;0,05519354;-0,05839256;0,1469739
12;torus;1;5;3,156103;8;9,803945;0,08099245;0,01018626;0,05519354;-0,05839256;0,1469739
12;torus;1;5;3,170254;8;9,803945;0,1191394;0,01500759;0,09649152;-0,06825214;0,1467027
12;torus;1;5;3,184091;8;9,803945;0,08788428;0,01038259;0,07503636;-0,04455775;0,1466536
12;torus;1;5;3,197977;8;9,803945;0,08788428;0,01038259;0,07503636;-0,04455775;0,1466536
12;torus;1;5;3,212019;8;9,803945;0,1271601;0,007664504;0,1249046;-0,02257863;0,147448
12;torus;1;5;3,225675;8;9,803945;0,07047221;0,006320342;0,06689678;-0,02124161;0,1530605
12;torus;1;5;3,239831;8;9,803945;0,07047221;0,006320342;0,06689678;-0,02124161;0,1530605
12;torus;1;5;3,253433;8;9,803945;0,04093144;0,009976557;0,01088657;-0,03817504;0,1525345
12;torus;1;5;3,267914;8;9,803945;0,06412987;0,01496527;0,02273665;-0,05806655;0,1518016
12;torus;1;5;3,281301;8;9,803945;0,06355695;0,01481608;0,0209374;-0,05815148;0,1510589
12;torus;1;5;3,295557;8;9,803945;0,06355695;0,01481608;0,0209374;-0,05815148;0,1510589
12;torus;1;5;3,309212;8;9,803945;0,1042879;0,02512396;-0,01705375;-0,09976935;0,1492787
12;torus;1;5;3,323236;8;9,803945;0,1084424;0,02620096;-0,007012483;-0,1049956;0,1475255
12;torus;1;5;3,337334;8;9,803945;0,1084424;0,02620096;-0,007012483;-0,1049956;0,1475255
12;torus;1;5;3,351153;8;9,803945;0,1856551;0,04375075;0,03418082;-0,1771591;0,1450668
12;torus;1;5;3,365023;8;9,803945;0,198006;0,04556384;0,04631073;-0,1870444;0,1426447
12;torus;1;5;3,378856;8;9,803945;0,198006;0,04556384;0,04631073;-0,1870444;0,1376388
12;torus;1;5;3,392999;8;9,803945;0,480133;0,1029238;0,04148512;-0,4671331;0,1308865
12;torus;1;5;3,406623;8;9,803945;0,5355376;0,1109933;0,01869508;-0,5235757;0,1237509
12;torus;1;5;3,420703;8;9,803945;0,4743;0,09488308;0,05584529;-0,4613448;0,1233962
12;torus;1;5;3,434962;8;9,803945;0,4743;0,09488308;0,05584529;-0,4613448;0,112124
12;torus;1;5;3,448645;8;9,803945;0,3537701;0,06449229;0,02293102;-0,3470853;0,1073482
12;torus;1;5;3,462491;8;9,803945;0,4526564;0,07894394;0,03480448;-0,4443583;0,1074642
12;torus;1;5;3,476521;8;9,803945;0,4526564;0,07894394;0,03480448;-0,4443583;0,1137868
12;torus;1;5;3,490274;8;9,803945;0,4461671;0,06968968;0,08939215;-0,4315293;0,1084856
12;torus;1;5;3,504177;8;9,803945;0,4867508;0,07187732;0,1310177;-0,4632432;0,104195
12;torus;1;5;3,518172;8;9,803945;0,4867508;0,07187732;0,1310177;-0,4632432;0,1165715
12;torus;1;5;3,532286;8;9,803945;1,275215;0,1684792;0,241501;-1,240752;0,1022691
12;torus;1;5;3,546325;8;9,803945;0,968344;-0,05567554;0,288406;-0,9227201;0,1087002
12;torus;1;5;3,559891;8;9,803945;0,968344;-0,05567554;0,288406;-0,9227201;0,1151376
12;torus;1;5;3,573982;8;9,803945;1,429121;-0,2541053;-0,108887;-1,402127;0,1100703
12;torus;1;5;3,588319;8;9,803945;1,912552;0,1376355;0,2385357;-1,89262;0,1256284
12;torus;1;5;3,602028;8;9,803945;1,435287;0,2796856;0,194399;-1,394287;0,1090446
12;torus;1;5;3,615918;8;9,803945;1,435287;0,2796856;0,194399;-1,394287;0,1090446
12;torus;1;5;3,629709;8;9,803945;0,3544972;-0,06088486;-0,06138089;-0,343793;0,1155206
12;torus;1;5;3,643595;8;9,803945;0,4172055;0,09261823;0,08941147;-0,3968475;0,1122288
12;torus;1;5;3,657626;8;9,803945;0,4172055;0,09261823;0,08941147;-0,3968475;0,1121414
12;torus;1;5;3,671715;8;9,803945;1,268642;0,2627724;0,2236691;-1,220809;0,120611
12;torus;1;5;3,685569;8;9,803945;1,068033;0,2214753;0,2171827;-1,021995;0,1458072
12;torus;1;5;3,699256;8;9,803945;1,068033;0,2214753;0,2171827;-1,021995;0,1506778
12;torus;1;5;3,713645;8;9,803945;2,539609;0,5525715;0,5909546;-2,407292;0,1766566
12;torus;1;5;3,727127;8;9,803945;1,308103;0,2921102;0,3196685;-1,234349;0,2138828
12;torus;1;5;3,74109;8;9,803945;0,9967901;0,2247294;0,2622758;-0,9350393;0,2265526
12;torus;1;5;3,755476;8;9,803945;0,9967901;0,2247294;0,2622758;-0,9350393;0,2265526
12;torus;1;5;3,769031;8;9,803945;0,3790087;0,09625922;0,06852941;-0,3601187;0,2329034
12;torus;1;5;3,782969;8;9,803945;0,04327894;0,008392219;0,04015599;0,0137889;0,2234896
12;torus;1;5;3,797308;8;9,803945;0,04327894;0,008392219;0,04015599;0,0137889;0,2234896
12;torus;1;5;3,810929;8;9,803945;0,04752348;0,0006098869;0,003935398;0,04735633;0,2226233
12;torus;1;5;3,825023;8;9,803945;0,03073202;-0,0005563512;-0,004565754;0,03038587;0,2221185
12;torus;1;5;3,838953;8;9,803945;0,03073202;-0,0005563512;-0,004565754;0,03038587;0,2221185
12;torus;1;5;3,85292;8;9,803945;0,06012032;0,0031796;-0,008658609;-0,05940851;0,2232537
12;torus;1;5;3,866685;8;9,803945;0,2376563;0,006553047;0,1090781;-0,211044;0,2262019
12;torus;1;5;3,88048;8;9,803945;0,6581243;0,01885611;0,09938689;-0,6503032;0,2077404
12;torus;1;5;3,894665;8;9,803945;0,6581243;0,01885611;0,09938689;-0,6503032;0,2109913
12;torus;1;5;3,908553;8;9,803945;0,8268519;0,02538041;-0,2067131;-0,8001935;0,1977757
12;torus;1;5;3,922503;8;9,803945;0,383299;0,01119259;-0,319601;-0,2113008;0,1925108
12;torus;1;5;3,936144;8;9,803945;0,383299;0,01119259;-0,319601;-0,2113008;0,1925108
12;torus;1;5;3,950028;8;9,803945;0,2248662;0,00561322;-0,1903601;-0,1195673;0,1918258
12;torus;1;5;3,964129;8;9,803945;0,9104629;0,01272567;-0,0203511;-0,9101465;0,1778638
12;torus;1;5;3,978473;8;9,803945;0,9104629;0,01272567;-0,0203511;-0,9101465;0,1778638
12;torus;1;5;3,992368;8;9,803945;0,5366393;-0,009310174;0,518163;-0,1392918;0,1711549
12;torus;1;5;4,005681;8;9,803945;0,2560434;-0,007211217;0,2499006;0,05528058;0,1680646
12;torus;1;5;4,019782;8;9,803945;0,2560434;-0,007211217;0,2499006;0,05528058;0,1784658
12;torus;1;5;4,033832;8;9,803945;0,8971587;-0,03014202;0,8744375;0,1983541;0,1883707
12;torus;1;5;4,047663;8;9,803945;1,04253;-0,04013191;1,034903;0,1193032;0,164369
12;torus;1;5;4,061707;8;9,803945;1,03508;-0,04721948;1,022803;0,1517759;0,1940197
12;torus;1;5;4,075903;8;9,803945;1,03508;-0,04721948;1,022803;0,1517759;0,1843139
12;torus;1;5;4,089612;8;9,803945;1,237021;-0,07395335;1,182121;0,3568507;0,1982476
12;torus;1;5;4,103642;8;9,803945;0,7893117;-0,05092663;0,7714786;0,1588716;0,1929684
12;torus;1;5;4,11767;8;9,803945;0,7893117;-0,05092663;0,7714786;0,1588716;0,1871521
12;torus;1;5;4,131644;8;9,803945;1,273297;-0,08303075;1,222166;-0,3474235;0,1888987
12;torus;1;5;4,145449;8;9,803945;0,9075493;-0,04364503;0,6629766;-0,6182256;0,1766891
12;torus;1;5;4,159285;8;9,803945;0,9075493;-0,04364503;0,6629766;-0,6182256;0,1766891
12;torus;1;5;4,173214;8;9,803945;0,8521613;-0,06421589;0,7735545;-0,3516654;0,178165
12;torus;1;5;4,186891;8;9,803945;0,6791481;-0,05417682;0,6125047;-0,2883487;0,175656
12;torus;1;5;4,201321;8;9,803945;0,6787816;-0,0592432;0,627872;-0,2510206;0,1728941
12;torus;1;5;4,215026;8;9,803945;0,6787816;-0,0592432;0,627872;-0,2510206;0,1706637
12;torus;1;5;4,228599;8;9,803945;1,556079;-0,1597122;1,439188;-0,569749;0,1783001
12;torus;1;5;4,242946;8;9,803945;1,233188;-0,1260183;1,03493;-0,6586282;0,1749822
12;torus;1;5;4,256623;8;9,803945;1,233188;-0,1260183;1,03493;-0,6586282;0,1697821
12;torus;1;5;4,270581;8;9,803945;1,450388;-0,114607;0,7952845;-1,207482;0,1637965
12;torus;1;5;4,284343;8;9,803945;1,177118;-0,07979748;0,437186;-1,090003;0,1583163
12;torus;1;5;4,298311;8;9,803945;1,177118;-0,07979748;0,437186;-1,090003;0,155596
12;torus;1;5;4,312259;8;9,803945;0,9149998;-0,09486397;0,524087;-0,7440149;0,1557845
12;torus;1;5;4,326285;8;9,803945;0,9404374;-0,1079302;0,5557161;-0,7509682;0,1585235
12;torus;1;5;4,340411;8;9,803945;0,8861453;-0,1151813;0,5726112;-0,6664107;0,1640801
12;torus;1;5;4,354504;8;9,803945;0,8861453;-0,1151813;0,5726112;-0,6664107;0,1648834
12;torus;1;5;4,368531;8;9,803945;1,583602;-0,1956366;0,7816429;-1,363289;0,169569
12;torus;1;5;4,382891;8;9,803945;1,108504;-0,1018078;0,2497834;-1,075186;0,1705944
12;torus;1;5;4,396969;8;9,803945;1,108504;-0,1018078;0,2497834;-1,075186;0,1676513
12;torus;1;5;4,410577;8;9,803945;2,23107;-0,2429381;0,4567941;-2,170252;0,1774938
12;torus;1;5;4,42416;8;9,803945;1,393146;-0,18995;0,472953;-1,296568;0,1985938
12;torus;1;5;4,438416;8;9,803945;1,393146;-0,18995;0,472953;-1,296568;0,1890639
12;torus;1;5;4,453121;8;9,803945;1,846632;-0,1534474;-0,08950809;-1,838068;0,2013247
12;torus;1;5;4,479642;8;9,803945;1,50507;0,1624827;-1,356589;-0,6312696;0,1861594
12;torus;1;5;4,493564;8;9,803945;1,6112;-0,04753996;-0,7881637;-1,404458;0,190896
12;torus;1;5;4,507032;8;9,803945;0,9508989;-0,1560258;0,1586492;-0,9244972;0,1992033
12;torus;1;5;4,521071;8;9,803945;1,012133;-0,1751521;0,1574448;-0,9843502;0,2154876
12;torus;1;5;4,534961;8;9,803945;1,012133;-0,1751521;0,1574448;-0,9843502;0,2154876
12;torus;1;5;4,549106;8;9,803945;1,384014;-0,07022855;-0,7856258;-1,137258;0,2220858
12;torus;1;5;4,56339;8;9,803945;1,209721;0,09472711;-1,150205;-0,3626002;0,2123199
12;torus;1;5;4,576777;8;9,803945;1,209721;0,09472711;-1,150205;-0,3626002;0,2116494
12;torus;1;5;4,590753;8;9,803945;1,625183;-0,02059034;-1,292913;-0,9844643;0,2151506
12;torus;1;5;4,60498;8;9,803945;0,8328858;-0,1007978;-0,3665728;-0,7410553;0,2253984
12;torus;1;5;4,618979;8;9,803945;0,8328858;-0,1007978;-0,3665728;-0,7410553;0,2295478
12;torus;1;5;4,633121;8;9,803945;0,9049806;-0,029182;-0,7578655;-0,4937389;0,2325581
12;torus;1;5;4,646588;8;9,803945;0,8639281;0,08837618;-0,857761;0,05298598;0,2197353
12;torus;1;5;4,660731;8;9,803945;0,6747175;0,04079548;-0,6674245;-0,09013329;0,217169
12;torus;1;5;4,674785;8;9,803945;0,6747175;0,04079548;-0,6674245;-0,09013329;0,2178249
12;torus;1;5;4,688581;8;9,803945;0,6078811;0,09885645;-0,4608644;0,3838631;0,2218635
12;torus;1;5;4,702527;8;9,803945;0,7232798;0,1087664;-0,6191111;0,357778;0,1975674
12;torus;1;5;4,716784;8;9,803945;0,7232798;0,1087664;-0,6191111;0,357778;0,1975674
12;torus;1;5;4,730265;8;9,803945;1,422081;0,1662278;-1,320082;0,5020611;0,1839448
12;torus;1;5;4,744497;8;9,803945;0,3901635;-0,0766407;-0,08355194;-0,3733267;0,2034273
12;torus;1;5;4,758839;8;9,803945;0,3901635;-0,0766407;-0,08355194;-0,3733267;0,2034273
12;torus;1;5;4,772166;8;9,803945;1,279937;-0,2793311;0,4886929;-1,149518;0,2274553
12;torus;1;5;4,786191;8;9,803945;0,1827032;-0,02874424;-0,129462;-0,1256734;0,2053507
12;torus;1;5;4,800186;8;9,803945;0,9135004;0,1272267;-0,7316974;0,5318978;0,2125364
12;torus;1;5;4,813841;8;9,803945;0,9135004;0,1272267;-0,7316974;0,5318978;0,2150569
12;torus;1;5;4,827775;8;9,803945;1,294344;0,1683844;-0,9568633;0,8552112;0,2291757
12;torus;1;5;4,841926;8;9,803945;0,3365849;-0,001263248;-0,3340715;0,04103721;0,2056831
12;torus;1;5;4,855935;8;9,803945;0,3365849;-0,001263248;-0,3340715;0,04103721;0,2040129
12;torus;1;5;4,86949;8;9,803945;0,6639749;-0,04021769;-0,6445595;-0,1542344;0,209032
12;torus;1;5;4,883559;8;9,803945;0,4188353;-0,008686341;-0,4184358;0,01609523;0,1988001
12;torus;1;5;4,897743;8;9,803945;0,4188353;-0,008686341;-0,4184358;0,01609523;0,1988001
12;torus;1;5;4,911395;8;9,803945;0,3202958;-0,01287315;-0,2970922;0,1189952;0,1977829
12;torus;1;5;4,925464;8;9,803945;0,1171481;-0,02139435;0,1147102;-0,01036973;0,1973608
12;torus;1;5;4,939453;8;9,803945;0,1171481;-0,02139435;0,1147102;-0,01036973;0,1973608
12;torus;1;5;4,953341;8;9,803945;0,7007262;-0,06586839;-0,6776204;-0,1658589;0,2036544
12;torus;1;5;4,967389;8;9,803945;0,4515152;-0,02615758;-0,4475915;-0,05332585;0,2072509
12;torus;1;5;4,981085;8;9,803945;0,5076944;0,007480418;-0,496666;0,1049785;0,2087726
12;torus;1;5;4,995142;8;9,803945;0,5076944;0,007480418;-0,496666;0,1049785;0,2087726
12;torus;1;5;5,008956;8;9,803945;1,113566;-0,05082035;-1,100568;-0,1618549;0,220449
12;torus;1;5;5,023026;8;9,803945;0,3252983;-0,07001367;-0,1763581;-0,2642251;0,2240434
12;torus;1;5;5,036916;8;9,803945;0,3252983;-0,07001367;-0,1763581;-0,2642251;0,2240434
12;torus;1;5;5,051309;8;9,803945;0,6259092;-0,1464896;-0,2880631;-0,536025;0,2353315
12;torus;1;5;5,064878;8;9,803945;0,3598221;-0,04604219;-0,3355258;-0,1215504;0,225763
12;torus;1;5;5,07867;8;9,803945;0,3598221;-0,04604219;-0,3355258;-0,1215504;0,2213087
12;torus;1;5;5,092753;8;9,803945;0,6916957;-0,002525497;-0,6520527;0,2307896;0,2312368
12;torus;1;5;5,106674;8;9,803945;0,4311809;-0,04174578;-0,4245285;-0,0628477;0,2383669
12;torus;1;5;5,120285;8;9,803945;0,5158659;-0,08272898;-0,4325054;-0,2687241;0,237844
12;torus;1;5;5,134398;8;9,803945;0,5158659;-0,08272898;-0,4325054;-0,2687241;0,2392152
12;torus;1;5;5,14835;8;9,803945;0,719197;-0,1771431;-0,05766704;-0,6946504;0,2285288
12;torus;1;5;5,16234;8;9,803945;0,4522901;-0,0895872;0,2669675;-0,3539333;0,2202063
12;torus;1;5;5,176044;8;9,803945;0,4522901;-0,0895872;0,2669675;-0,3539333;0,223699
12;torus;1;5;5,190287;8;9,803945;0,6042131;-0,146866;0,01979863;-0,5857575;0,2143348
12;torus;1;5;5,20385;8;9,803945;0,4204195;-0,09952336;-0,04443417;-0,4060458;0,2070864
12;torus;1;5;5,217815;8;9,803945;0,4204195;-0,09952336;-0,04443417;-0,4060458;0,2070864
12;torus;1;5;5,231815;8;9,803945;0,2420695;-0,04841771;-0,1790356;-0,1555623;0,2068778
12;torus;1;5;5,246021;8;9,803945;0,1918199;-0,04509328;-0,03638433;-0,1828597;0,2062874
12;torus;1;5;5,259708;8;9,803945;0,1918199;-0,04509328;-0,03638433;-0,1828597;0,2062874
12;torus;1;5;5,273565;8;9,803945;0,3384338;-0,0708712;-0,03001986;-0,3295656;0,2019133
12;torus;1;5;5,287782;8;9,803945;0,2555598;-0,04666921;0,07013665;-0,241275;0,1943223
12;torus;1;5;5,301566;8;9,803945;0,4035142;-0,0365491;0,3394205;-0,2151317;0,186811
12;torus;1;5;5,315386;8;9,803945;0,4035142;-0,0365491;0,3394205;-0,2151317;0,1858492
12;torus;1;5;5,329391;8;9,803945;0,5645927;-0,08868511;0,2850658;-0,479205;0,1750021
12;torus;1;5;5,343392;8;9,803945;0,2174339;-0,03373341;-0,05918942;-0,2064853;0,1727031
12;torus;1;5;5,35781;8;9,803945;0,2174339;-0,03373341;-0,05918942;-0,2064853;0,1727031
12;torus;1;5;5,371346;8;9,803945;0,4328918;0,01859795;-0,43092;0,03684238;0,1789773
12;torus;1;5;5,385087;8;9,803945;0,1388417;0,01371509;-0,1379546;-0,007578234;0,1807358
12;torus;1;5;5,399132;8;9,803945;0,1388417;0,01371509;-0,1379546;-0,007578234;0,1807358
12;torus;1;5;5,412644;8;9,803945;0,2141562;-0,01683627;0,01782565;-0,2127479;0,1774769
12;torus;1;5;5,426775;8;9,803945;0,2817666;-0,01956966;0,1902438;-0,206922;0,1719145
12;torus;1;5;5,440613;8;9,803945;0,5162155;-0,05540347;0,3692372;-0,3564727;0,1549824
12;torus;1;5;5,454732;8;9,803945;0,5162155;-0,05540347;0,3692372;-0,3564727;0,1549824
12;torus;1;5;5,468601;8;9,803945;0,3695101;-0,03963163;0,2413995;-0,2769356;0,1477709
12;torus;1;5;5,482419;8;9,803945;0,2187082;-0,02934027;0,01293761;-0,2163448;0,1445049
12;torus;1;5;5,496494;8;9,803945;0,2187082;-0,02934027;0,01293761;-0,2163448;0,1519047
12;torus;1;5;5,510564;8;9,803945;0,1694877;-0,01811442;-0,08145926;-0,1475207;0,1508052
12;torus;1;5;5,524409;8;9,803945;0,2178886;-0,02977216;-0,06567955;-0,2056095;0,1487479
12;torus;1;5;5,538174;8;9,803945;0,2178886;-0,02977216;-0,06567955;-0,2056095;0,1487479
12;torus;1;5;5,551989;8;9,803945;0,3925851;-0,06687906;0,009865654;-0,3867207;0,1432961
12;torus;1;5;5,565958;8;9,803945;0,3915352;-0,0653872;0,1278168;-0,3642625;0,1354508
12;torus;1;5;5,579747;8;9,803945;0,3915352;-0,0653872;0,1278168;-0,3642625;0,1354508
12;torus;1;5;5,593962;8;9,803945;0,4378184;-0,08159702;0,1428756;-0,4057259;0,1280528
12;torus;1;5;5,607634;8;9,803945;0,3603215;-0,07139342;0,03027648;-0,3518777;0,123218
12;torus;1;5;5,621585;8;9,803945;0,2361953;-0,04696605;-0,02102938;-0,2305215;0,1208225
12;torus;1;5;5,635625;8;9,803945;0,2361953;-0,04696605;-0,02102938;-0,2305215;0,1197981
12;torus;1;5;5,649756;8;9,803945;0,2443126;-0,04770513;-0,07687261;-0,2269437;0,1179622
12;torus;1;5;5,66363;8;9,803945;0,240758;-0,04898801;-0,02528428;-0,2343615;0,1154314
12;torus;1;5;5,67734;8;9,803945;0,240758;-0,04898801;-0,02528428;-0,2343615;0,1210241
12;torus;1;5;5,691305;8;9,803945;0,3271155;-0,07004602;-0,04617245;-0,3161743;0,1175345
12;torus;1;5;5,705281;8;9,803945;0,3434792;-0,07243256;-0,09258546;-0,3227374;0,114961
12;torus;1;5;5,719169;8;9,803945;0,3434792;-0,07243256;-0,09258546;-0,3227374;0,1269373
12;torus;1;5;5,73322;8;9,803945;0,599117;-0,133025;-0,09479821;-0,576419;0,1205606
12;torus;1;5;5,747017;8;9,803945;0,6346114;-0,1429374;0,08530385;-0,6123918;0,1126568
12;torus;1;5;5,761268;8;9,803945;0,3444984;0,09686008;-0,06447078;-0,3242542;0,1093391
12;torus;1;5;5,774969;8;9,803945;0,3444984;0,09686008;-0,06447078;-0,3242542;0,1125034
12;torus;1;5;5,788975;8;9,803945;0,2101296;0,04691625;-0,04969423;-0,1987053;0,1122251
12;torus;1;5;5,802688;8;9,803945;0,1805484;0,03193884;-0,01026908;-0,177404;0,1044724
12;torus;1;5;5,816662;8;9,803945;0,1805484;0,03193884;-0,01026908;-0,177404;0,1063113
12;torus;1;5;5,830513;8;9,803945;0,2516737;0,05918647;0,01235253;-0,2443031;0,1063346
12;torus;1;5;5,844749;8;9,803945;0,2638545;0,05184667;0,02630632;-0,2573696;0,1066726
12;torus;1;5;5,858369;8;9,803945;0,2638545;0,05184667;0,02630632;-0,2573696;0,1066726
12;torus;1;5;5,872257;8;9,803945;0,2645007;0,04465702;0,001644909;-0,2606985;0,1068782
12;torus;1;5;5,886336;8;9,803945;0,1846578;0,02795917;-0,008620955;-0,1823251;0,1070113
12;torus;1;5;5,900268;8;9,803945;0,1136794;0,01064408;0,0004461408;-0,1131791;0,1071305
12;torus;1;5;5,914128;8;9,803945;0,1136794;0,01064408;0,0004461408;-0,1131791;0,1071305
12;torus;1;5;5,928284;8;9,803945;0,1023466;0,0129565;-0,008231357;-0,101189;0,1074397
12;torus;1;5;5,941968;8;9,803945;0,1431582;0,07845014;0,004471004;-0,1196656;0,1094858
12;torus;1;5;5,955886;8;9,803945;0,1431582;0,07845014;0,004471004;-0,1196656;0,1098179
12;torus;1;5;5,969942;8;9,803945;0,1666809;0,0008449852;0,009070829;-0,1664317;0,1098207
12;torus;1;5;5,983751;8;9,803945;0,1250641;-0,0002164543;0,005085886;-0,1249605;0,1099166
12;torus;1;5;5,997753;8;9,803945;0,1250641;-0,0002164543;0,005085886;-0,1249605;0,1106175
12;torus;1;5;6,011611;8;9,803945;0,28515;-0,05131418;-0,0460753;-0,2766848;0,108745
12;torus;1;5;6,025622;8;9,803945;0,2427758;-0,0404281;-0,03499371;-0,2368145;0,1081606
12;torus;1;5;6,039534;8;9,803945;0,2427758;-0,0404281;-0,03499371;-0,2368145;0,1141813
12;torus;1;5;6,053854;8;9,803945;0,456674;-0,09605643;-0,00480476;-0,4464317;0,1173135
12;torus;1;5;6,067363;8;9,803945;1,316903;-0,4972132;0,3302164;-1,173869;0,1195915
12;torus;1;5;6,081441;8;9,803945;0,9591237;-0,2601003;0,1922226;-0,9029488;0,1154127
12;torus;1;5;6,095259;8;9,803945;0,9591237;-0,2601003;0,1922226;-0,9029488;0,1047956
12;torus;1;5;6,109488;8;9,803945;0,9759833;-0,2096259;0,2258444;-0,9260641;0,1065918
12;torus;1;5;6,123191;8;9,803945;1,123827;-0,455858;0,3696511;-0,9584036;0,1124797
12;torus;1;5;6,13707;8;9,803945;1,123827;-0,455858;0,3696511;-0,9584036;0,1122718
12;torus;1;5;6,150778;8;9,803945;1,28452;-0,5267554;0,3735591;-1,110394;0,1267183
12;torus;1;5;6,164804;8;9,803945;1,103433;-0,4526075;0,3168646;-0,9551485;0,1227351
12;torus;1;5;6,178682;8;9,803945;1,103433;-0,4526075;0,3168646;-0,9551485;0,1184223
12;torus;1;5;6,192633;8;9,803945;0,9735577;-0,3876249;0,329009;-0,8302498;0,1302505
12;torus;1;5;6,206672;8;9,803945;0,9214527;-0,3543582;0,3925139;-0,7546113;0,1454203
12;torus;1;5;6,220592;8;9,803945;1,703914;-0,623289;0,8976025;-1,307342;0,1584892
12;torus;1;5;6,234298;8;9,803945;1,703914;-0,623289;0,8976025;-1,307342;0,1580957
12;torus;1;5;6,248398;8;9,803945;2,57705;-0,8223655;1,795142;-1,65601;0,1872657
12;torus;1;5;6,262261;8;9,803945;1,608224;-0,5015162;1,154381;-1,001135;0,2174863
12;torus;1;5;6,276386;8;9,803945;1,608224;-0,5015162;1,154381;-1,001135;0,2171993
12;torus;1;5;6,290284;8;9,803945;3,601158;-0,709981;3,365;-1,068194;0,2494391
12;torus;1;5;6,304102;8;9,803945;0,9914098;-0,05242187;0,9847302;0,1022332;0,2568567
12;torus;1;5;6,317889;8;9,803945;0,9914098;-0,05242187;0,9847302;0,1022332;0,2627551
12;torus;1;5;6,331944;8;9,803945;1,632247;0,03603026;1,553325;0,5001128;0,2684245
12;torus;1;5;6,345715;8;9,803945;1,017504;-0,00679493;0,9787157;0,2781779;0,2635538
12;torus;1;5;6,359803;8;9,803945;1,017504;-0,00679493;0,9787157;0,2781779;0,2601565
12;torus;1;5;6,373545;8;9,803945;1,599999;0,03720522;1,48446;0,595811;0,2665153
12;torus;1;5;6,387488;8;9,803945;0,9391165;0,07322431;0,8087456;0,4717082;0,2691368
12;torus;1;5;6,401744;8;9,803945;0,9210971;-0,04131794;0,8861959;0,2477288;0,2795441
12;torus;1;5;6,415781;8;9,803945;0,9210971;-0,04131794;0,8861959;0,2477288;0,2727558
12;torus;1;5;6,429264;8;9,803945;1,593228;-0,4987359;1,394364;-0,5876958;0,3021894
12;torus;1;5;6,443442;8;9,803945;0,7800151;-0,08533597;0,7627338;0,1392066;0,3181643
12;torus;1;5;6,457227;8;9,803945;0,7800151;-0,08533597;0,7627338;0,1392066;0,3111534
12;torus;1;5;6,471365;8;9,803945;1,656699;0,5473197;0,3663287;1,520163;0,2942446
12;torus;1;5;6,485616;8;9,803945;0,9218587;0,3388107;0,01265407;0,8572459;0,2827819
12;torus;1;5;6,499295;8;9,803945;0,9218587;0,3388107;0,01265407;0,8572459;0,2848076
12;torus;1;5;6,51288;8;9,803945;1,362;0,5237997;-0,3857478;1,196611;0,2630237
12;torus;1;5;6,526324;8;9,803945;0,1744364;-0,052315;-0,07552356;-0,1482815;0,2658055
12;torus;1;5;6,540308;8;9,803945;0,2554306;0,06533265;0,08277893;0,2326459;0,2643427
12;torus;1;5;6,554382;8;9,803945;0,2554306;0,06533265;0,08277893;0,2326459;0,2643427
12;torus;1;5;6,568347;8;9,803945;1,490958;0,5511343;-0,5990267;1,249149;0,2392652
12;torus;1;5;6,582609;8;9,803945;1,173738;0,4234791;-0,5925953;0,9204119;0,2101092
12;torus;1;5;6,596191;8;9,803945;1,173738;0,4234791;-0,5925953;0,9204119;0,2148866
12;torus;1;5;6,610424;8;9,803945;1,601761;0,5013329;-1,187127;0,9513333;0,1834934
12;torus;1;5;6,624124;8;9,803945;0,2403303;0,0574104;-0,2094769;0,1028694;0,1836937
12;torus;1;5;6,63808;8;9,803945;0,2403303;0,0574104;-0,2094769;0,1028694;0,1836937
12;torus;1;5;6,652021;8;9,803945;0,6108496;0,1513951;0,1747115;0,5654137;0,1806132
12;torus;1;5;6,666073;8;9,803945;0,4807434;0,09422151;0,2285184;0,4123298;0,1807168
12;torus;1;5;6,680226;8;9,803945;0,6567273;0,1287295;0,3172716;0,560409;0,181797
12;torus;1;5;6,694353;8;9,803945;0,6567273;0,1287295;0,3172716;0,560409;0,181797
12;torus;1;5;6,707752;8;9,803945;0,8832859;0,273335;-0,03794372;0,8390722;0,1751521
12;torus;1;5;6,721744;8;9,803945;0,1070397;0,03853017;-0,05223264;0,08511571;0,1778001
12;torus;1;5;6,735935;8;9,803945;0,1070397;0,03853017;-0,05223264;0,08511571;0,1778001
12;torus;1;5;6,750533;8;9,803945;0,6843719;-0,1413889;0,653289;-0,1469273;0,1914025
12;torus;1;5;6,765018;8;9,803945;0,6502733;-0,1207867;0,6335317;-0,08308708;0,2000695
12;torus;1;5;6,779388;8;9,803945;0,6502733;-0,1207867;0,6335317;-0,08308708;0,2000695
12;torus;1;5;6,79285;8;9,803945;0,488169;-0,00702056;0,4642733;0,1506982;0,2083087
12;torus;1;5;6,818277;8;9,803945;0,4293078;0,03302804;0,3481459;0,2490156;0,21393
12;torus;1;5;6,832229;8;9,803945;0,1591183;-0,04675251;0,05387823;-0,1422321;0,2169575
12;torus;1;5;6,846381;8;9,803945;0,05068525;-0,001887056;-0,03685864;-0,03474009;0,2163991
12;torus;1;5;6,860385;8;9,803945;0,04977702;0,01310578;0,01985376;0,04372435;0,2165572
12;torus;1;5;6,874547;8;9,803945;0,04977702;0,01310578;0,01985376;0,04372435;0,2165572
12;torus;1;5;6,888405;8;9,803945;0,5280945;-0,04516907;0,5169701;0,09790521;0,226308
12;torus;1;5;6,902958;8;9,803945;0,6363269;-0,03504802;0,5957099;0,2209374;0,2372147
12;torus;1;5;6,916828;8;9,803945;0,6363269;-0,03504802;0,5957099;0,2209374;0,2372147
12;torus;1;5;6,930772;8;9,803945;0,7028368;0,2352264;-0,4319653;0,5020499;0,2266298
12;torus;1;5;6,944476;8;9,803945;0,811273;0,2730429;-0,5006239;0,5770504;0,2172625
12;torus;1;5;6,958184;8;9,803945;0,811273;0,2730429;-0,5006239;0,5770504;0,2187533
12;torus;1;5;6,971875;8;9,803945;1,541487;0,4973948;-0,6212562;1,320159;0,202125
12;torus;1;5;6,985911;8;9,803945;0,6061249;0,1362801;0,1248345;0,577262;0,2039933
12;torus;1;5;6,999954;8;9,803945;0,6061249;0,1362801;0,1248345;0,577262;0,2146237
12;torus;1;5;7,014192;8;9,803945;1,756894;0,4815474;-0,2486986;1,671209;0,2165703
12;torus;1;5;7,027786;8;9,803945;1,6297;0,4438538;-0,3842853;1,520276;0,2203273
12;torus;1;5;7,042071;8;9,803945;1,233975;0,3288759;-0,840264;0,8417192;0,2033058
12;torus;1;5;7,056304;8;9,803945;1,233975;0,3288759;-0,840264;0,8417192;0,2033058
12;torus;1;5;7,069468;8;9,803945;1,442878;0,2995148;-1,325275;0,4856279;0,1855312
12;torus;1;5;7,083429;8;9,803945;0,9504604;0,1960741;-0,862664;0,3474777;0,1759036
12;torus;1;5;7,097443;8;9,803945;0,9504604;0,1960741;-0,862664;0,3474777;0,1759036
12;torus;1;5;7,111813;8;9,803945;1,129057;0,2500623;-0,9051627;0,6268323;0,1711216
12;torus;1;5;7,125723;8;9,803945;0,6687382;0,1438394;-0,5188531;0,3966264;0,1582242
12;torus;1;5;7,139321;8;9,803945;0,6687382;0,1438394;-0,5188531;0,3966264;0,1582242
12;torus;1;5;7,153143;8;9,803945;0,8149834;0,1719329;-0,5958856;0,5287319;0,1587236
12;torus;1;5;7,167275;8;9,803945;0,7340807;0,1319057;-0,6473312;0,3200587;0,1568894
12;torus;1;5;7,181083;8;9,803945;0,5800954;0,08698124;-0,5498016;0,1632886;0,1456232
12;torus;1;5;7,195396;8;9,803945;0,5800954;0,08698124;-0,5498016;0,1632886;0,1520829
12;torus;1;5;7,209029;8;9,803945;0,7796726;0,08972078;-0,7685845;0,09548458;0,1464165
12;torus;1;5;7,22282;8;9,803945;0,7282232;0,09669805;-0,7000163;0,1758855;0,1476329
12;torus;1;5;7,236766;8;9,803945;0,7282232;0,09669805;-0,7000163;0,1758855;0,1409256
12;torus;1;5;7,250706;8;9,803945;0,6151512;0,09771983;-0,5364879;0,2846798;0,1416946
12;torus;1;5;7,264629;8;9,803945;0,6479012;0,09878879;-0,567189;0,2971757;0,1462824
12;torus;1;5;7,279071;8;9,803945;0,6479012;0,09878879;-0,567189;0,2971757;0,1495839
12;torus;1;5;7,292432;8;9,803945;1,199227;0,09329945;-1,190361;0,1117199;0,1444605
12;torus;1;5;7,306388;8;9,803945;1,281882;0,0789817;-1,277714;0,06655607;0,142334
12;torus;1;5;7,320578;8;9,803945;1,408184;0,0825006;-1,399822;0,1291239;0,156452
12;torus;1;5;7,334289;8;9,803945;1,408184;0,0825006;-1,399822;0,1291239;0,1625775
12;torus;1;5;7,348223;8;9,803945;3,183643;0,218024;-3,059412;0,8532555;0,1853727
12;torus;1;5;7,362525;8;9,803945;2,478292;0,1541476;-2,330883;0,8277417;0,2200213
12;torus;1;5;7,376299;8;9,803945;2,478292;0,1541476;-2,330883;0,8277417;0,2207123
12;torus;1;5;7,39013;8;9,803945;2,585629;0,126143;-2,410191;0,9276561;0,2220549
12;torus;1;5;7,404022;8;9,803945;1,205558;-0,06088036;-1,198361;-0,1166021;0,2058496
12;torus;1;5;7,418409;8;9,803945;1,205558;-0,06088036;-1,198361;-0,1166021;0,2065421
12;torus;1;5;7,431859;8;9,803945;2,970261;-0,1491425;-2,957766;0,2276549;0,200747
12;torus;1;5;7,44594;8;9,803945;2,144386;-0,08750352;-2,082087;0,5056168;0,2090237
12;torus;1;5;7,459601;8;9,803945;2,144386;-0,08750352;-2,082087;0,5056168;0,2103089
12;torus;1;5;7,474009;8;9,803945;1,79069;0,05036065;-1,335175;1,192201;0,1928306
12;torus;1;5;7,487451;8;9,803945;0,4288352;0,03039556;-0,213957;0,3704027;0,1822873
12;torus;1;5;7,501463;8;9,803945;0,2102228;-0,03528764;-0,1943215;-0,07202458;0,1845058
12;torus;1;5;7,51545;8;9,803945;0,2102228;-0,03528764;-0,1943215;-0,07202458;0,1845058
12;torus;1;5;7,529471;8;9,803945;0,7238187;0,02179077;-0,4777016;0,5433597;0,1773188
12;torus;1;5;7,542991;8;9,803945;0,6928072;0,01009333;-0,4851029;0,4945251;0,1719351
12;torus;1;5;7,557092;8;9,803945;0,6928072;0,01009333;-0,4851029;0,4945251;0,1719351
12;torus;1;5;7,571124;8;9,803945;0,6301327;-0,007729602;-0,476921;0,4117692;0,1687908
12;torus;1;5;7,584831;8;9,803945;0,3467194;-0,01860612;-0,3016393;0,1699468;0,172678
12;torus;1;5;7,599127;8;9,803945;0,3467194;-0,01860612;-0,3016393;0,1699468;0,172678
12;torus;1;5;7,61271;8;9,803945;0,3758662;0,006524213;-0,2201314;0,3045898;0,1693765
12;torus;1;5;7,626606;8;9,803945;0,4082484;-0,0006680011;-0,264453;0,311016;0,1618628
12;torus;1;5;7,640812;8;9,803945;0,4787592;-0,02988221;-0,406292;0,2514839;0,1613795
12;torus;1;5;7,654584;8;9,803945;0,4787592;-0,02988221;-0,406292;0,2514839;0,1613795
12;torus;1;5;7,668772;8;9,803945;0,8885584;-0,07748722;-0,7956937;0,3878186;0,1636071
12;torus;1;5;7,682362;8;9,803945;0,703321;-0,05740546;-0,6134949;0,3391005;0,166034
12;torus;1;5;7,696281;8;9,803945;0,703321;-0,05740546;-0,6134949;0,3391005;0,1672176
12;torus;1;5;7,710216;8;9,803945;0,6157584;-0,01150145;-0,3824371;0,4824603;0,1646943
12;torus;1;5;7,724072;8;9,803945;0,4248091;-0,001818966;-0,2309002;0,3565734;0,1627134
12;torus;1;5;7,737935;8;9,803945;0,4248091;-0,001818966;-0,2309002;0,3565734;0,1627134
12;torus;1;5;7,751996;8;9,803945;0,7094232;-0,002560236;-0,3750256;0,6021881;0,1601163
12;torus;1;5;7,765841;8;9,803945;0,6450105;-0,01569832;-0,3832817;0,5185434;0,1656395
12;torus;1;5;7,779876;8;9,803945;0,6450105;-0,01569832;-0,3832817;0,5185434;0,1646157
12;torus;1;5;7,793902;8;9,803945;0,7038158;-0,005461866;-0,3417536;0,615249;0,1617857
12;torus;1;5;7,807695;8;9,803945;0,4329773;-0,01635265;-0,2618384;0,3444454;0,1617908
12;torus;1;5;7,821958;8;9,803945;0,3107157;0,03251936;0,04301918;0,3060001;0,1560457
12;torus;1;5;7,835644;8;9,803945;0,3107157;0,03251936;0,04301918;0,3060001;0,1578505
12;torus;1;5;7,849573;8;9,803945;0,6600021;0,09055146;0,2654335;0,5974514;0,1476814
12;torus;1;5;7,863488;8;9,803945;0,7176109;0,0827073;0,1926547;0,686301;0,1384582
12;torus;1;5;7,877461;8;9,803945;0,7176109;0,0827073;0,1926547;0,686301;0,1514948
12;torus;1;5;7,891388;8;9,803945;0,8985297;0,04081602;-0,1023905;0,8917432;0,1462323
12;torus;1;5;7,905221;8;9,803945;0,6846048;0,03866635;-0,01036254;0,6834334;0,1430517
12;torus;1;5;7,919253;8;9,803945;0,6846048;0,03866635;-0,01036254;0,6834334;0,1486346
12;torus;1;5;7,933205;8;9,803945;1,10648;0,08916127;0,2133893;1,082042;0,1461306
12;torus;1;5;7,94708;8;9,803945;0,8610481;0,06490465;0,1632724;0,8429314;0,1464908
12;torus;1;5;7,961109;8;9,803945;0,7474388;0,09383695;0,4309868;0,6034151;0,1387229
12;torus;1;5;7,975068;8;9,803945;0,7474388;0,09383695;0,4309868;0,6034151;0,1387229
12;torus;1;5;7,988758;8;9,803945;1,062442;0,1350307;0,7427729;0,7475552;0,131651
12;torus;1;5;8,002623;8;9,803945;0,6843306;0,06773125;0,3437713;0,5878283;0,1255949
12;torus;1;5;8,016572;8;9,803945;0,6843306;0,06773125;0,3437713;0,5878283;0,1255949
12;torus;1;5;8,03043;8;9,803945;0,4064565;-0,008518047;-0,1133265;0,3902453;0,1304277
12;torus;1;5;8,044311;8;9,803945;0,4578233;0,001687692;-0,04623928;0,4554792;0,130743
12;torus;1;5;8,058433;8;9,803945;0,4578233;0,001687692;-0,04623928;0,4554792;0,1267692
12;torus;1;5;8,072418;8;9,803945;0,7270291;0,01065355;0,001888384;0,7269486;0,1328367
12;torus;1;5;8,086134;8;9,803945;0,6776577;0,01070742;0,02201897;0,6772152;0,1387452
12;torus;1;5;8,099998;8;9,803945;0,6776577;0,01070742;0,02201897;0,6772152;0,1396294
12;torus;1;5;8,114076;8;9,803945;0,8540777;0,02148719;0,1179265;0,8456242;0,1486858
12;torus;1;5;8,128274;8;9,803945;0,7162292;0,02780158;0,1774588;0,6933395;0,1488038
12;torus;1;5;8,141888;8;9,803945;0,6388773;0,02784359;0,1846841;0,610967;0,1552229
12;torus;1;5;8,155725;8;9,803945;0,6388773;0,02784359;0,1846841;0,610967;0,1552229
12;torus;1;5;8,169688;8;9,803945;0,5907101;-0,0007532054;-0,002391673;0,5907048;0,1643602
12;torus;1;5;8,183693;8;9,803945;0,483198;0,002578587;0,03184044;0,4821409;0,169774
12;torus;1;5;8,197985;8;9,803945;0,483198;0,002578587;0,03184044;0,4821409;0,169774
12;torus;1;5;8,211576;8;9,803945;0,6545593;-0,01678094;-0,07277741;0,6502843;0,1807557
12;torus;1;5;8,225554;8;9,803945;0,5876157;-0,02772622;-0,1164958;0,5752844;0,1913337
12;torus;1;5;8,239338;8;9,803945;0,5876157;-0,02772622;-0,1164958;0,5752844;0,189937
12;torus;1;5;8,25331;8;9,803945;0,6830998;-0,0623162;-0,3648463;0,5741334;0,203575
12;torus;1;5;8,267652;8;9,803945;0,3336968;0,04338695;0,2857739;0,1667466;0,2029867
12;torus;1;5;8,281336;8;9,803945;0,6839957;0,09930965;0,6625963;0,1376727;0,1981598
12;torus;1;5;8,294849;8;9,803945;0,6839957;0,09930965;0,6625963;0,1376727;0,1994184
12;torus;1;5;8,308893;8;9,803945;0,8382913;0,07718161;0,6642473;0,5055204;0,2019726
12;torus;1;5;8,322865;8;9,803945;0,4561667;0,02403692;0,2847277;0,3555846;0,2100987
12;torus;1;5;8,33679;8;9,803945;0,4561667;0,02403692;0,2847277;0,3555846;0,2160819
12;torus;1;5;8,350714;8;9,803945;1,26362;0,125869;1,163024;0,4777734;0,2147159
12;torus;1;5;8,364632;8;9,803945;1,08079;0,1160795;1,055983;0,1988285;0,2050072
12;torus;1;5;8,37859;8;9,803945;1,08079;0,1160795;1,055983;0,1988285;0,20686
12;torus;1;5;8,392715;8;9,803945;2,670911;0,2015967;2,521917;0,8561883;0,2128078
12;torus;1;5;8,406509;8;9,803945;0,7894575;0,07182749;0,7849916;-0,04326743;0,2164917
12;torus;1;5;8,420295;8;9,803945;0,7591624;0,06170403;0,7549807;-0,0502415;0,2128746
12;torus;1;5;8,434106;8;9,803945;0,7591624;0,06170403;0,7549807;-0,0502415;0,2109343
12;torus;1;5;8,448101;8;9,803945;2,057803;0,1195712;2,0478;0,1636166;0,2191434
12;torus;1;5;8,461935;8;9,803945;1,2352;0,03513826;1,188037;0,3362345;0,2209966
12;torus;1;5;8,476078;8;9,803945;1,2352;0,03513826;1,188037;0,3362345;0,2209966
12;torus;1;5;8,489957;8;9,803945;2,440328;-0,01265287;2,174077;1,108346;0,2267292
12;torus;1;5;8,50391;8;9,803945;1,252169;0,001313666;1,227025;0,2496692;0,2062729
12;torus;1;5;8,518265;8;9,803945;1,252169;0,001313666;1,227025;0,2496692;0,2185338
12;torus;1;5;8,531623;8;9,803945;1,654904;0,01174934;1,649767;-0,1297528;0,2060653
12;torus;1;5;8,545623;8;9,803945;0,8962394;-0,01642486;0,8871238;0,1264385;0,1945183
12;torus;1;5;8,559734;8;9,803945;0,8962394;-0,01642486;0,8871238;0,1264385;0,1890059
12;torus;1;5;8,57368;8;9,803945;2,640603;-0,1426896;2,536023;0,7218109;0,1620266
12;torus;1;5;8,587615;8;9,803945;1,854284;-0,1156308;1,819093;0,3404369;0,157391
12;torus;1;5;8,601357;8;9,803945;1,022741;-0,02424462;0,9566525;-0,3608693;0,1712107
12;torus;1;5;8,615309;8;9,803945;1,022741;-0,02424462;0,9566525;-0,3608693;0,1712107
12;torus;1;5;8,629262;8;9,803945;2,030051;-0,0680591;1,821447;-0,8937604;0,2000293
12;torus;1;5;8,643094;8;9,803945;1,67659;-0,1202647;1,634482;-0,3534962;0,2026799
12;torus;1;5;8,657042;8;9,803945;1,67659;-0,1202647;1,634482;-0,3534962;0,2026799
12;torus;1;5;8,671103;8;9,803945;2,298479;-0,268017;2,268934;0,2512156;0,2230294
12;torus;1;5;8,684882;8;9,803945;1,148439;-0,1558532;1,094772;0,3099938;0,2279109
12;torus;1;5;8,698815;8;9,803945;1,148439;-0,1558532;1,094772;0,3099938;0,2279109
12;torus;1;5;8,713054;8;9,803945;1,763168;-0,2790748;1,30513;1,152178;0,2284551
12;torus;1;5;8,727159;8;9,803945;1,512516;-0,2663832;1,124361;0,9759892;0,2313407
12;torus;1;5;8,741922;8;9,803945;1,262953;-0,2321263;0,8152765;0,936212;0,2335081
12;torus;1;5;8,768416;8;9,803945;0,07457611;-0,01533269;0,009707809;0,07233439;0,2328876
12;torus;1;5;8,782228;8;9,803945;1,232754;-0,241517;0,7764983;0,9265003;0,2372561
12;torus;1;5;8,797263;8;9,803945;1,232754;-0,241517;0,7764983;0,9265003;0,2423552
12;torus;1;5;8,811384;8;9,803945;1,716417;-0,2975303;0,4733428;1,62281;0,2372719
12;torus;1;5;8,825329;8;9,803945;0,7761132;-0,09948015;-0,07424206;0,7661223;0,2252355
12;torus;1;5;8,839997;8;9,803945;0,7761132;-0,09948015;-0,07424206;0,7661223;0,2252355
12;torus;1;5;8,853284;8;9,803945;1,802117;0,2474546;-1,756686;0,3169298;0,1908897
12;torus;1;5;8,87907;8;9,803945;1,73881;0,246197;-1,716799;0,1242951;0,1596149
12;torus;1;5;8,893483;8;9,803945;1,379103;0,02786979;-1,109821;0,8181967;0,1333122
12;torus;1;5;8,907205;8;9,803945;0,8363592;-0,1196419;-0,1160138;0,8195873;0,1374914
12;torus;1;5;8,92105;8;9,803945;0,7066772;-0,1306042;0,07321615;0,6906335;0,1371455
12;torus;1;5;8,934926;8;9,803945;0,7066772;-0,1306042;0,07321615;0,6906335;0,1371455
12;torus;1;5;8,948997;8;9,803945;1,232205;-0,1749447;-0,3421077;1,170763;0,1246857
12;torus;1;5;8,962728;8;9,803945;1,147717;-0,09047089;-0,6852759;0,9162244;0,1217923
12;torus;1;5;8,97677;8;9,803945;1,147717;-0,09047089;-0,6852759;0,9162244;0,1217923
12;torus;1;5;8,991268;8;9,803945;0,9038224;-0,09000983;-0,5091101;0,7413502;0,1184025
12;torus;1;5;9,005456;8;9,803945;0,9246776;-0,1447536;-0,3074269;0,859979;0,1195649
12;torus;1;5;9,018842;8;9,803945;0,9246776;-0,1447536;-0,3074269;0,859979;0,1146642
12;torus;1;5;9,032891;8;9,803945;0,5201604;-0,1055933;-0,07283111;0,5040958;0,1177083
12;torus;1;5;9,046769;8;9,803945;0,5434571;-0,107021;-0,1138311;0,5205138;0,1154222
12;torus;1;5;9,060572;8;9,803945;0,6643028;-0,1303951;-0,1610257;0,6311625;0,1211906
12;torus;1;5;9,074635;8;9,803945;0,6643028;-0,1303951;-0,1610257;0,6311625;0,1211906
12;torus;1;5;9,088314;8;9,803945;1,140647;-0,236029;-0,2561394;1,086167;0,1293202
12;torus;1;5;9,102321;8;9,803945;0,9867002;-0,2138647;-0,1749734;0,9472188;0,1389194
12;torus;1;5;9,116433;8;9,803945;0,9867002;-0,2138647;-0,1749734;0,9472188;0,1413712
12;torus;1;5;9,130288;8;9,803945;1,743809;-0,3999225;-0,2343732;1,681071;0,1616824
12;torus;1;5;9,144126;8;9,803945;1,263183;-0,2820185;-0,2667797;1,202051;0,1830582
12;torus;1;5;9,15806;8;9,803945;1,263183;-0,2820185;-0,2667797;1,202051;0,1847289
12;torus;1;5;9,172176;8;9,803945;1,884498;-0,3086505;-1,013643;1,558396;0,2020118
12;torus;1;5;9,186273;8;9,803945;0,6090739;-0,1086299;-0,2975152;0,5202454;0,216684
12;torus;1;5;9,200007;8;9,803945;0,3429415;-0,04875473;-0,2278555;0,2516222;0,2142817
12;torus;1;5;9,214167;8;9,803945;0,3429415;-0,04875473;-0,2278555;0,2516222;0,2117229
12;torus;1;5;9,228354;8;9,803945;1,527528;0,1028678;-1,521961;0,07995524;0,2033261
12;torus;1;5;9,241671;8;9,803945;1,221126;-0,08860306;-1,090729;0,5418566;0,2161
12;torus;1;5;9,255741;8;9,803945;1,221126;-0,08860306;-1,090729;0,5418566;0,2171654
12;torus;1;5;9,269979;8;9,803945;2,394366;-0,4035121;-1,754277;1,578823;0,2400985
12;torus;1;5;9,283635;8;9,803945;1,237212;0,05254745;-1,235995;-0,01570582;0,2495154
12;torus;1;5;9,297456;8;9,803945;1,237212;0,05254745;-1,235995;-0,01570582;0,2440638
12;torus;1;5;9,311585;8;9,803945;3,599796;0,4832923;-3,304943;-1,342502;0,2396235
12;torus;1;5;9,325361;8;9,803945;2,174943;0,06875396;-2,155289;-0,2835125;0,2676174
12;torus;1;5;9,339537;8;9,803945;2,174943;0,06875396;-2,155289;-0,2835125;0,2349026
12;torus;1;5;9,353374;8;9,803945;3,436714;0,03536344;-3,394892;-0,5333483;0,254435
12;torus;1;5;9,367194;8;9,803945;0,3480934;0,05825162;-0,2315566;-0,2532929;0,2101838
12;torus;1;5;9,381114;8;9,803945;0,8105819;-0,04027958;-0,8088174;-0,03514359;0,2048957
12;torus;1;5;9,395007;8;9,803945;0,8105819;-0,04027958;-0,8088174;-0,03514359;0,2048957
12;torus;1;5;9,408997;8;9,803945;3,100933;-0,08159976;-3,046246;-0,5740318;0,1873189
12;torus;1;5;9,422769;8;9,803945;2,112514;-0,09488988;-2,067866;-0,42148;0,2035275
12;torus;1;5;9,436738;8;9,803945;2,112514;-0,09488988;-2,067866;-0,42148;0,1826443
12;torus;1;5;9,450836;8;9,803945;1,347003;-0,2674848;-1,267398;0,3695585;0,198952
12;torus;1;5;9,464659;8;9,803945;0,2721433;0,01417531;-0,2179235;-0,1623897;0,1945454
12;torus;1;5;9,478889;8;9,803945;0,2721433;0,01417531;-0,2179235;-0,1623897;0,1945454
12;torus;1;5;9,492748;8;9,803945;1,809325;0,3113928;-0,8843872;-1,547434;0,1751681
12;torus;1;5;9,506685;8;9,803945;0,8193046;0,1792641;-0,2212927;-0,7682148;0,1699814
12;torus;1;5;9,520314;8;9,803945;0,4608577;0,129368;0,1199467;-0,4257541;0,161213
12;torus;1;5;9,5341;8;9,803945;0,4608577;0,129368;0,1199467;-0,4257541;0,161213
12;torus;1;5;9,548392;8;9,803945;0,1719429;0,02857381;-0,07117376;-0,1538902;0,1594332
12;torus;1;5;9,562261;8;9,803945;0,4054797;0,004386142;-0,3421652;-0,2175258;0,1600722
12;torus;1;5;9,575942;8;9,803945;0,4054797;0,004386142;-0,3421652;-0,2175258;0,154354
12;torus;1;5;9,589835;8;9,803945;0,6613655;0,1135583;-0,233917;-0,608105;0,1473104
12;torus;1;5;9,603819;8;9,803945;0,687501;0,1750747;0,1336752;-0,6512583;0,1391916
12;torus;1;5;9,617937;8;9,803945;0,687501;0,1750747;0,1336752;-0,6512583;0,1391916
12;torus;1;5;9,631686;8;9,803945;0,8956429;0,1977199;-0,006754322;-0,8735201;0,1266739
12;torus;1;5;9,646144;8;9,803945;0,8083556;0,156588;-0,1181171;-0,7841985;0,123773
12;torus;1;5;9,659673;8;9,803945;0,8083556;0,156588;-0,1181171;-0,7841985;0,1167553
12;torus;1;5;9,67343;8;9,803945;0,2730896;0,05009414;-0,04404397;-0,2648181;0,113888
12;torus;1;5;9,687378;8;9,803945;0,3443255;0,06273341;-0,04456799;-0,3356162;0,1103766
12;torus;1;5;9,70123;8;9,803945;0,4384269;0,07598413;-0,06412544;-0,427004;0,116008
12;torus;1;5;9,715201;8;9,803945;0,4384269;0,07598413;-0,06412544;-0,427004;0,1213397
12;torus;1;5;9,729062;8;9,803945;0,4048294;0,07261399;-0,03117203;-0,3970421;0,1167966
12;torus;1;5;9,742966;8;9,803945;0,432576;0,08123539;0,0006486606;-0,4248793;0,1118386
12;torus;1;5;9,756907;8;9,803945;0,432576;0,08123539;0,0006486606;-0,4248793;0,11681
12;torus;1;5;9,771087;8;9,803945;0,6117705;0,1210933;0,09586836;-0,5919533;0,1083965
12;torus;1;5;9,784795;8;9,803945;0,5995535;0,1182594;0,1087858;-0,57762;0,1049285
12;torus;1;5;9,798737;8;9,803945;0,5995535;0,1182594;0,1087858;-0,57762;0,1126473
12;torus;1;5;9,812825;8;9,803945;1,161601;0,2190893;0,18629;-1,125439;0,09976783
12;torus;1;5;9,826445;8;9,803945;1,033682;0,191893;0,1728892;-1,000892;0,1071412
12;torus;1;5;9,840727;8;9,803945;1,266908;0,2286386;0,2187882;-1,226749;0,1123273
12;torus;1;5;9,85434;8;9,803945;1,266908;0,2286386;0,2187882;-1,226749;0,107448
12;torus;1;5;9,868319;8;9,803945;0,8971922;0,1619899;0,1009259;-0,8766567;0,1135808
12;torus;1;5;9,882248;8;9,803945;1,044811;0,1775467;0,3354838;-0,9734256;0,1205156
12;torus;1;5;9,896317;8;9,803945;1,044811;0,1775467;0,3354838;-0,9734256;0,1081517
12;torus;1;5;9,91051;8;9,803945;0,3299975;0,0443976;0,05867623;-0,3216898;0,1123956
12;torus;1;5;9,924291;8;9,803945;0,3307286;0,02979136;0,02046996;-0,3287474;0,1172382
12;torus;1;5;9,938264;8;9,803945;0,3307286;0,02979136;0,02046996;-0,3287474;0,109974
12;torus;1;5;9,95216;8;9,803945;0,7603967;0,08202345;0,02480729;-0,7555527;0,1215715
12;torus;1;5;9,96596;8;9,803945;0,7216861;0,09057232;0,09247395;-0,7099831;0,1247404
12;torus;1;5;9,979795;8;9,803945;0,7216861;0,09057232;0,09247395;-0,7099831;0,1180953
12;torus;1;5;9,993745;8;9,803945;0,96092;0,1278562;0,2591062;-0,9164519;0,1305498
12;torus;1;5;10,00761;8;9,803945;0,9050034;0,1148214;0,2335716;-0,8667707;0,1437549
12;torus;1;5;10,02153;8;9,803945;1,410084;0,1686128;0,3019443;-1,367017;0,1613197
12;torus;1;5;10,03546;8;9,803945;1,410084;0,1686128;0,3019443;-1,367017;0,165317
12;torus;1;5;10,04937;8;9,803945;2,476298;0,2969264;0,7518465;-2,340644;0,2034537
12;torus;1;5;10,06319;8;9,803945;1,42681;0,195611;0,8585824;-1,122657;0,2190729
12;torus;1;5;10,07719;8;9,803945;1,42681;0,195611;0,8585824;-1,122657;0,2190729
12;torus;1;5;10,09104;8;9,803945;1,905758;0,2382032;1,874684;-0,2464399;0,2217154
12;torus;1;5;10,10542;8;9,803945;0,3580018;0,01747125;0,0006620847;-0,3575746;0,2013444
12;torus;1;5;10,11918;8;9,803945;0,3580018;0,01747125;0,0006620847;-0,3575746;0,2050043
12;torus;1;5;10,13279;8;9,803945;0,9091821;0,06450806;0,2844613;-0,8611228;0,1873999
12;torus;1;5;10,14681;8;9,803945;0,1383711;-0,01104478;-0,1302585;-0,04535747;0,1832987
12;torus;1;5;10,16089;8;9,803945;0,2980812;0,02485528;0,2096314;-0,2104503;0,1822519
12;torus;1;5;10,17463;8;9,803945;0,2980812;0,02485528;0,2096314;-0,2104503;0,1791743
12;torus;1;5;10,18872;8;9,803945;0,7542594;0,06114631;0,7318082;-0,1721193;0,176744
12;torus;1;5;10,20251;8;9,803945;0,2731822;0,0174991;0,1757837;-0,2083804;0,1750101
12;torus;1;5;10,21639;8;9,803945;0,2731822;0,0174991;0,1757837;-0,2083804;0,1750101
12;torus;1;5;10,23045;8;9,803945;0,4629363;0,007442768;0,005563761;-0,462843;0,1660778
12;torus;1;5;10,24434;8;9,803945;0,3844986;0,02309127;0,2832715;-0,2589656;0,1619722
12;torus;1;5;10,25825;8;9,803945;0,3844986;0,02309127;0,2832715;-0,2589656;0,1619722
12;torus;1;5;10,27213;8;9,803945;0,5627604;0,03223647;0,5086078;-0,238701;0,1595661
12;torus;1;5;10,28618;8;9,803945;0,359888;0,0162128;0,3052296;-0,1899775;0,1549568
12;torus;1;5;10,30002;8;9,803945;0,3358693;0,01025412;0,2107693;-0,2613031;0,1510899
12;torus;1;5;10,31385;8;9,803945;0,3358693;0,01025412;0,2107693;-0,2613031;0,1510899
12;torus;1;5;10,32775;8;9,803945;0,4911637;-0,001024095;0,06350149;-0,4870403;0,1424459
12;torus;1;5;10,342;8;9,803945;0,4616646;0,009831838;0,3105817;-0,3414331;0,138205
12;torus;1;5;10,35568;8;9,803945;0,4616646;0,009831838;0,3105817;-0,3414331;0,138205
12;torus;1;5;10,3695;8;9,803945;0,5591722;0,01458201;0,4719685;-0,2995106;0,1365124
12;torus;1;5;10,38362;8;9,803945;0,4656371;0,003503605;0,2627125;-0,3844317;0,1193221
12;torus;1;5;10,39753;8;9,803945;0,4656371;0,003503605;0,2627125;-0,3844317;0,1187351
12;torus;1;5;10,41146;8;9,803945;0,3645686;-0,007174904;0,08133015;-0,3553086;0,113484
12;torus;1;5;10,42541;8;9,803945;0,3189511;-0,008276138;0,1052455;-0,3009729;0,1141996
12;torus;1;5;10,43905;8;9,803945;0,3189511;-0,008276138;0,1052455;-0,3009729;0,1141996
12;torus;1;5;10,45307;8;9,803945;0,3239944;-0,002318932;0,2692708;-0,1801672;0,1143385
12;torus;1;5;10,46707;8;9,803945;0,3634729;-0,004748879;0,2637334;-0,2500694;0,1081794
12;torus;1;5;10,48097;8;9,803945;0,1633723;-0,004866716;0,1103596;-0,1203644;0,107687
12;torus;1;5;10,495;8;9,803945;0,1633723;-0,004866716;0,1103596;-0,1203644;0,107687
12;torus;1;5;10,50871;8;9,803945;0,1708566;-0,02393491;0,1270374;-0,1117167;0,1078451
12;torus;1;5;10,5226;8;9,803945;0,1604874;-0,02086031;0,1196916;-0,1048569;0,1081567
12;torus;1;5;10,53648;8;9,803945;0,1604874;-0,02086031;0,1196916;-0,1048569;0,1081567
12;torus;1;5;10,55058;8;9,803945;0,2151754;-0,02901475;0,1569497;-0,1443102;0,1086663
12;torus;1;5;10,56452;8;9,803945;0,214774;-0,02181189;0,1482815;-0,1538334;0,109152
12;torus;1;5;10,57837;8;9,803945;0,214774;-0,02181189;0,1482815;-0,1538334;0,109152
12;torus;1;5;10,59227;8;9,803945;0,1979863;-0,03688496;0,1233682;-0,150394;0,1096961
12;torus;1;5;10,6065;8;9,803945;0,177471;-0,02557013;0,1064289;-0,1396961;0,1035615
12;torus;1;5;10,62004;8;9,803945;0,2519027;-0,03668162;0,1538306;-0,1960754;0,1042507
12;torus;1;5;10,63397;8;9,803945;0,2519027;-0,03668162;0,1538306;-0,1960754;0,1042507
12;torus;1;5;10,64791;8;9,803945;0,298908;-0,03797255;0,1981281;-0,220566;0,1050164
12;torus;1;5;10,66228;8;9,803945;0,2636094;-0,04825871;0,1889639;-0,1773518;0,106463
12;torus;1;5;10,67581;8;9,803945;0,2636094;-0,04825871;0,1889639;-0,1773518;0,106463
12;torus;1;5;10,68964;8;9,803945;0,2509235;-0,03985524;0,1950604;-0,1527272;0,1084702
12;torus;1;5;10,70352;8;9,803945;0,2160892;-0,02975135;0,1745397;-0,1238761;0,1104349
12;torus;1;5;10,71772;8;9,803945;0,2160892;-0,02975135;0,1745397;-0,1238761;0,1076668
12;torus;1;5;10,73151;8;9,803945;0,2621723;-0,03056814;0,2010706;-0,1654404;0,1092643
12;torus;1;5;10,74534;8;9,803945;0,2201086;-0,02843034;0,1632045;-0,1449269;0,1107492
12;torus;1;5;10,75925;8;9,803945;0,2201086;-0,02843034;0,1632045;-0,1449269;0,1107492
12;torus;1;5;10,77329;8;9,803945;0,117257;-0,01031776;0,1156531;-0,01634353;0,1124678
12;torus;1;5;10,78731;8;9,803945;0,1827648;-0,0065293;0,1654146;-0,0774489;0,1070112
12;torus;1;5;10,80107;8;9,803945;0,3290343;-0,1203845;0,3050589;-0,02665013;0,1124735
12;torus;1;5;10,81497;8;9,803945;0,3290343;-0,1203845;0,3050589;-0,02665013;0,1100096
12;torus;1;5;10,82898;8;9,803945;0,241305;0,01118497;0,1607978;-0,1795747;0,1103609
12;torus;1;5;10,84286;8;9,803945;0,4241243;-0,1173439;0,3619096;-0,1874388;0,1154924
12;torus;1;5;10,85674;8;9,803945;0,4241243;-0,1173439;0,3619096;-0,1874388;0,1201457
12;torus;1;5;10,87077;8;9,803945;1,575692;-0,07749496;0,7107301;-1,404159;0,1210385
12;torus;1;5;10,88462;8;9,803945;0,9493662;-0,3850158;0,03823268;-0,8669471;0,1229655
12;torus;1;5;10,89875;8;9,803945;0,9493662;-0,3850158;0,03823268;-0,8669471;0,1267141
12;torus;1;5;10,91246;8;9,803945;1,702924;-0,06507006;0,6584303;-1,569135;0,1138989
12;torus;1;5;10,9265;8;9,803945;1,150236;-0,3187809;0,1150774;-1,099172;0,1241336
12;torus;1;5;10,94027;8;9,803945;1,013968;-0,1716519;0,1413359;-0,9892876;0,1252579
12;torus;1;5;10,95436;8;9,803945;1,013968;-0,1716519;0,1413359;-0,9892876;0,09593534
12;torus;1;5;10,96841;8;9,803945;1,723406;-0,2836289;0,4703085;-1,633552;0,1164253
12;torus;1;5;10,98256;8;9,803945;1,83817;-0,1394486;0,4755962;-1,770094;0,1260205
12;torus;1;5;10,99614;8;9,803945;1,83817;-0,1394486;0,4755962;-1,770094;0,1195789
12;torus;1;5;11,01009;8;9,803945;2,527471;-0,2128325;0,4681525;-2,4746;0,1573935
12;torus;1;5;11,02413;8;9,803945;2,118665;-0,1729836;0,3523701;-2,081983;0,187231
12;torus;1;5;11,03804;8;9,803945;2,118665;-0,1729836;0,3523701;-2,081983;0,1869896
12;torus;1;5;11,05169;8;9,803945;7,596236;-0,6173417;0,186522;-7,568811;0,326918
12;torus;1;5;11,06569;8;9,803945;2,664396;-0,2010379;0,206868;-2,648735;0,07223073
12;torus;1;5;11,08014;8;9,803945;0,2636589;-0,2239195;0,009578139;0,1388681;0,1157404
12;torus;1;5;11,0935;8;9,803945;0,2636589;-0,2239195;0,009578139;0,1388681;0,09817826
12;torus;1;5;11,10745;8;9,803945;0,1774797;-0,1387533;-0,02867776;0,1068838;0,1060786
12;torus;1;5;11,12167;8;9,803945;0,05578319;-0,05131395;0,005291343;0,02122837;0,1009395
12;torus;1;5;11,1353;8;9,803945;0,05578319;-0,05131395;0,005291343;0,02122837;0,10858
12;torus;1;5;11,14923;8;9,803945;0,06402144;-0,0375016;-0,05104116;-0,00933674;0,111781
12;torus;1;5;11,16321;8;9,803945;0,1038719;-0,03918257;-0,07453614;-0,06081498;0,1049275
12;torus;1;5;11,17758;8;9,803945;0,1038719;-0,03918257;-0,07453614;-0,06081498;0,1049275
12;torus;1;5;11,1911;8;9,803945;0,07748209;-0,00114912;-0,05839446;-0,05091405;0,1051523
12;torus;1;5;11,20494;8;9,803945;0,1023121;-0,00704385;-0,07501398;-0,06921741;0,1064484
12;torus;1;5;11,21866;8;9,803945;0,1023121;-0,00704385;-0,07501398;-0,06921741;0,1064484
12;torus;1;5;11,23301;8;9,803945;0,1855058;-0,03967815;-0,127852;-0,1284208;0,1066458
12;torus;1;5;11,24669;8;9,803945;0,1991769;-0,04192801;-0,1324615;-0,1427144;0,1068692
12;torus;1;5;11,26048;8;9,803945;0,1871442;-0,03550202;-0,119942;-0,1391994;0,1071122
12;torus;1;5;11,27452;8;9,803945;0,1871442;-0,03550202;-0,119942;-0,1391994;0,1071122
12;torus;1;5;11,28846;8;9,803945;0,1455904;-0,02835254;-0,08822003;-0,1122939;0,1073204
12;torus;1;5;11,30232;8;9,803945;0,139075;-0,0339406;-0,07810999;-0,1099487;0,1075256
12;torus;1;5;11,31624;8;9,803945;0,139075;-0,0339406;-0,07810999;-0,1099487;0,1060184
12;torus;1;5;11,33033;8;9,803945;0,09425594;-0,01829991;-0,05302784;-0,07574525;0,106255
12;torus;1;5;11,34411;8;9,803945;0,09895775;-0,02109272;-0,0490319;-0,08332831;0,1064112
12;torus;1;5;11,35798;8;9,803945;0,09895775;-0,02109272;-0,0490319;-0,08332831;0,1064112
12;torus;1;5;11,37249;8;9,803945;0,162863;-0,04503967;-0,07769838;-0,1358629;0,1066244
12;torus;1;5;11,38573;8;9,803945;0,1769863;-0,05015111;-0,08390267;-0,1475444;0,107027
12;torus;1;5;11,3997;8;9,803945;0,1769863;-0,05015111;-0,08390267;-0,1475444;0,107027
12;torus;1;5;11,41379;8;9,803945;0,2738954;-0,07819891;-0,1203027;-0,2333043;0,1075777
12;torus;1;5;11,42752;8;9,803945;0,1274761;0,09471057;-0,03016912;-0,07981157;0,1134375
12;torus;1;5;11,44164;8;9,803945;0,1996014;0,1298259;-0,08049755;-0,128476;0,1137654
12;torus;1;5;11,45555;8;9,803945;0,1996014;0,1298259;-0,08049755;-0,128476;0,1137654
12;torus;1;5;11,46965;8;9,803945;0,1664124;0,1001288;-0,06692313;-0,1148417;0,1138178
12;torus;1;5;11,48331;8;9,803945;0,1146293;0,06401488;-0,03665961;-0,08773851;0,1057509
12;torus;1;5;11,49729;8;9,803945;0,1146293;0,06401488;-0,03665961;-0,08773851;0,1057509
12;torus;1;5;11,5111;8;9,803945;0,04923514;-0,0227854;-0,04238407;-0,01041704;0,1051078
12;torus;1;5;11,52508;8;9,803945;0,0406886;0,001062661;-0,01728737;-0,03681821;0,1134872
12;torus;1;5;11,53903;8;9,803945;0,0406886;0,001062661;-0,01728737;-0,03681821;0,1045797
12;torus;1;5;11,55292;8;9,803945;0,09390507;-0,003542736;-0,0839687;-0,04189116;0,1034033
12;torus;1;5;11,5672;8;9,803945;0,7809913;-0,03730027;0,01023909;-0,7800328;0,1059215
12;torus;1;5;11,58079;8;9,803945;0,771952;0,04144049;-0,3699629;-0,6762544;0,102479
12;torus;1;5;11,59471;8;9,803945;0,771952;0,04144049;-0,3699629;-0,6762544;0,1108194
12;torus;1;5;11,60861;8;9,803945;0,5163724;0,1738625;-0,006896332;-0,4861736;0,1171206
12;torus;1;5;11,62256;8;9,803945;0,4065737;0,04896411;-0,006397054;-0,4035639;0,1094697
12;torus;1;5;11,63648;8;9,803945;0,4065737;0,04896411;-0,006397054;-0,4035639;0,1094697
12;torus;1;5;11,65033;8;9,803945;0,4931023;-0,1095661;0,1719157;-0,4489878;0,1105261
12;torus;1;5;11,66475;8;9,803945;0,4272868;0,1471445;-0,08319513;-0,3924298;0,1252765
12;torus;1;5;11,67856;8;9,803945;0,4272868;0,1471445;-0,08319513;-0,3924298;0,107644
12;torus;1;5;11,69247;8;9,803945;0,5473505;0,007890671;-0,01423009;-0,5471085;0,1109888
12;torus;1;5;11,70646;8;9,803945;0,4484708;0,02966508;-0,1210355;-0,430809;0,1030333
12;torus;1;5;11,72057;8;9,803945;1,377994;-0,3969376;-0,3270231;-1,278423;0,09954196
12;torus;1;5;11,73426;8;9,803945;1,377994;-0,3969376;-0,3270231;-1,278423;0,1129311
12;torus;1;5;11,74819;8;9,803945;1,822805;-0,5023197;-0,5615097;-1,659819;0,1170089
12;torus;1;5;11,76162;8;9,803945;1,619576;-0,4233625;-0,5479576;-1,464081;0,1324071
12;torus;1;5;11,77555;8;9,803945;1,619576;-0,4233625;-0,5479576;-1,464081;0,1189156
12;torus;1;5;11,78998;8;9,803945;2,063227;-0,5092736;-0,3352294;-1,971083;0,1431566
12;torus;1;5;11,80355;8;9,803945;2,169602;-0,5990546;-0,2192875;-2,073697;0,1725449
12;torus;1;5;11,8172;8;9,803945;2,169602;-0,5990546;-0,2192875;-2,073697;0,1726347
12;torus;1;5;11,83157;8;9,803945;7,443413;-2,279773;-0,6164552;-7,058825;0,3013557
