participantNumber
13
repetitionNum
2
sdfEnabled
0
taskTime
17,87777
numHits
10
positionDifference
0,1313772
angleDifference
41,51512
finalPosX
0,06006157
finalPosY
-0,009377107
finalPosZ
-0,7127839
finalRotX
1,107933
finalRotY
40,55591
finalRotZ
9,416454
taskType
torus
velocityMagnitude
0,5032272
0,2970178
0,2970178
0,3702928
0,2033322
0,2033322
0,3391294
0,2753161
0,2753161
0,8156193
0,4389775
0,231228
0,231228
0,4606695
0,1323843
0,1323843
0,1710335
0,2286101
0,2286101
0,6241091
0,09133848
0,09133848
0,2616451
0,1110495
0,05025894
0,05025894
0,1349965
0,116463
0,116463
0,08312085
0,1091846
0,1091846
0,1862547
0,04040832
0,03147791
0,03147791
0,1745358
0,01356913
0,01356913
0,1834929
0,1019897
0,1019897
0,04008504
0,01981423
0,04818087
0,04818087
0,206544
0,2426953
0,2426953
0,3733633
0,05981609
0,05981609
0,1514309
0,1800208
0,1800208
0,3998837
0,3526991
0,5057536
0,5057536
0,8221291
0,3393017
0,3393017
0,6316476
0,232889
0,232889
0,3172812
0,1734193
0,1103472
0,1103472
0,3102074
0,3180523
0,3180523
0,7792347
0,445448
0,445448
0,9325219
0,3040444
0,2114951
0,2114951
0,228032
0,1449192
0,1449192
0,143945
0,04171817
0,04171817
0,1383294
0,04064922
0,04064922
0,1189406
0,2037367
0,2450745
0,2450745
0,3174525
0,06892642
0,06892642
0,08460128
0,04856083
0,04856083
0,09583738
0,07066215
0,08070451
0,08070451
0,0921663
0,07846965
0,07846965
0,2392052
0,1473178
0,1473178
0,3352828
0,5045336
0,5045336
0,5467958
0,2647352
0,2106221
0,2106221
0,2968434
0,2764124
0,2764124
0,5674096
0,540327
0,540327
0,7708018
1,988871
0,3416488
0,3416488
0,6119606
0,7532994
0,7532994
1,343029
0,6747279
0,6747279
0,7823717
1,223477
0,5364795
0,5364795
1,117338
0,4911628
0,4911628
0,412807
0,1436981
0,1436981
0,2103539
0,2120478
0,2120478
0,4631658
0,2467957
0,1314481
0,1314481
0,8545413
0,3939703
0,3939703
0,3124566
0,07863674
0,07863674
0,4910342
0,6135126
0,35094
0,35094
0,181292
0,0850816
0,0850816
0,09886955
0,1303021
0,1303021
0,3683448
0,1750077
0,1750077
0,7280047
0,2959846
0,4474772
0,4474772
0,8383393
0,5849822
0,5849822
1,573739
0,8534181
0,8534181
0,4680345
0,2019846
0,175977
0,175977
0,7385163
0,4436937
0,4436937
0,5653161
0,2366086
0,2366086
1,130936
0,6535455
0,5977889
0,5977889
0,9945273
0,5493292
0,5493292
1,45577
0,6352897
0,6352897
0,9859006
0,6218647
0,6218647
1,639884
0,9699121
0,884061
0,884061
1,152174
0,4952137
0,4952137
0,7856221
0,2752564
0,2752564
0,9332761
0,2546699
0,2695683
0,2695683
0,467805
0,2728506
0,2728506
0,299219
0,312804
0,312804
0,1941865
0,2287022
0,2287022
0,8713423
0,4688072
0,4207332
0,4207332
1,004679
0,6894318
0,6894318
1,571473
0,8668229
0,8668229
1,752386
0,8865913
0,9197761
0,9197761
1,573232
0,6533912
0,6533912
1,153897
0,5374619
0,5374619
0,8668216
0,317179
0,317179
0,5823475
0,3468154
0,3179833
0,3179833
0,02938212
0,1889677
0,1889677
0,4811654
0,1161276
0,1161276
0,08635437
0,06796401
0,1593537
0,1593537
0,7461468
0,3177245
0,3177245
0,5321456
0,048777
0,048777
0,1112475
0,2263021
0,3603334
0,3603334
1,144412
0,5182828
0,5182828
1,210205
0,9199498
0,9199498
1,068868
0,2750385
0,2750385
0,7331083
0,305647
0,3059129
0,3059129
0,3676374
0,1273127
0,1273127
0,6734118
0,7344128
0,7344128
1,124137
0,4746273
0,4230837
0,4230837
1,025837
0,8360137
0,8360137
1,965516
0,8837683
0,8837683
1,330709
0,6265521
0,6265521
1,174328
0,5213978
0,4847463
0,4847463
1,443263
0,6090236
0,6090236
0,8327432
0,1294151
0,1294151
0,7288207
0,4285913
0,2611536
0,2611536
0,4939188
0,3363467
0,3363467
0,5007285
0,173895
0,173895
0,4164015
0,07922781
0,08985473
0,08985473
0,3366696
0,3477054
0,3477054
0,4164498
0,2855763
0,2855763
0,3917161
0,1120854
0,1120854
0,2011534
0,2106034
0,2950686
0,2950686
0,2490669
0,1269903
0,1269903
0,06081857
0,07377817
0,07377817
0,2864075
0,276559
0,3259769
0,3259769
0,5140576
0,9867734
0,9867734
1,253432
0,1725614
0,1725614
1,534887
1,044366
1,044366
0,413974
0,4831684
0,6132392
0,6132392
0,7685481
1,067357
1,067357
2,512234
0,9258843
0,9258843
1,566764
1,006724
0,8710315
0,8710315
1,629813
0,9745014
0,9745014
1,521664
1,119163
1,119163
1,959985
0,7090066
0,7090066
1,094699
0,498714
0,4604337
0,4604337
0,6650553
0,6301689
0,6301689
0,3525431
0,1901023
0,1901023
0,6379842
0,3154416
0,4188869
0,4188869
1,584304
0,5685246
0,5685246
1,126232
0,5842843
0,5842843
1,198164
0,6181378
0,6181378
0,9432475
0,2320166
0,1284322
0,1284322
0,2770678
0,4400921
0,4400921
0,9044484
0,3667161
0,3667161
0,6934924
0,427737
0,281884
0,281884
0,8211278
0,5853533
0,5853533
0,5487705
0,2224824
0,2224824
0,2498277
0,186167
0,186167
1,000734
0,3908018
0,3708368
0,3708368
0,1534001
0,07061041
0,07061041
0,2461352
0,1247348
0,1247348
0,5176833
0,1824376
0,1330396
0,1330396
0,1539097
0,04601791
0,04601791
0,07854599
0,114338
0,114338
0,3104278
0,133678
0,133678
0,1932008
0,1308657
0,178733
0,178733
0,5952946
0,6711365
0,6711365
1,152202
5,310368
5,310368
0,2592015
0,2529933
0,4802628
0,4802628
3,910306
0,7615388
0,7615388
1,472958
0,659212
0,659212
0,9263282
0,1960419
0,176787
0,176787
0,7679527
0,5189101
0,5189101
0,5808331
0,3425978
0,3425978
0,4908171
0,145954
0,145954
0,1207409
0,2333614
0,1783778
0,1783778
0,1442935
0,1196133
0,1196133
0,4057615
0,6134118
0,6134118
1,374978
0,6302773
0,7260928
0,7260928
1,847327
1,154402
1,154402
1,774204
0,5573106
0,5573106
0,9358881
0,6264505
0,6264505
1,311023
0,5786182
0,4294131
0,4294131
0,9367852
0,5523834
0,5523834
1,52972
0,5505483
0,5505483
0,7717909
0,3433175
0,2312123
0,2312123
0,3374284
0,5062903
0,5062903
0,8816152
0,2937119
0,2937119
0,592389
0,4400184
0,4400184
1,187992
0,8527464
1,057711
1,057711
1,956148
0,7713855
0,7713855
0,9860696
0,6508905
0,6508905
1,534253
0,6755839
0,4794624
0,4794624
0,5038469
0,12777
0,12777
0,260891
0,4130763
0,4130763
1,213833
0,3831543
0,1546559
0,1546559
0,4040003
0,1266813
0,1266813
0,3652925
0,5917242
0,5917242
0,9293635
0,2233852
0,2233852
0,669403
0,327515
0,3638216
0,3638216
0,8459056
0,8223941
0,8223941
1,408722
0,947363
0,947363
2,198557
0,9387242
0,8114655
0,8114655
0,9725177
0,4379224
0,4379224
1,194801
0,7225338
0,7225338
1,589932
0,5651397
0,5651397
0,4667731
0,3565911
0,4197337
0,4197337
0,5474073
0,2101167
0,2101167
0,400518
0,06627487
0,06627487
0,8676291
0,4810776
0,4883513
0,4883513
0,9597464
0,383378
0,383378
0,3542543
0,2893896
0,2893896
0,4316099
0,2287636
0,2287636
0,7532074
0,4199921
0,4736681
0,4736681
0,8910799
0,4961981
0,4961981
1,082328
0,4410132
0,4410132
0,7322487
0,2964189
0,2863636
0,2863636
0,6129458
0,3209172
0,3209172
0,9899174
0,5029289
0,5029289
0,5468096
0,310639
0,310639
0,4053841
0,3620691
0,5395217
0,5395217
1,038918
0,3896222
0,3896222
1,175222
0,7985726
0,7985726
1,955491
0,9531215
0,6617922
0,6617922
0,926082
0,5049769
0,5049769
1,903682
1,044415
1,044415
1,060729
0,2646295
0,3747724
0,3747724
0,481457
0,5685457
0,5685457
1,383708
0,5932791
0,5932791
0,8336974
0,4076775
0,4076775
0,930333
0,7716662
1,104759
1,104759
2,245269
0,8867028
0,8867028
1,554903
0,6323206
0,6323206
0,6625146
0,1676585
0,1370419
0,1370419
0,1562245
0,01343051
0,01343051
0,8223051
0,4954963
0,4954963
0,8038719
0,4973492
0,4973492
0,6594477
0,3162334
0,5739695
0,5739695
1,279695
0,7394692
0,7394692
1,461952
0,7188811
0,7188811
1,123627
0,6263465
0,7266675
0,7266675
0,9155114
0,4200148
0,4200148
0,2527595
0,02967318
0,02967318
0,863322
0,5848184
0,5848184
1,081711
0,4827057
0,6997129
0,6997129
1,265892
0,8218766
0,8218766
2,113575
0,9525608
0,9525608
1,467969
0,3179285
0,1595749
0,1595749
0,3873362
0,242556
0,242556
0,7742561
0,3343075
0,3343075
0,6742383
0,113817
0,113817
0,3674674
0,7846179
0,9654948
0,9654948
1,264266
0,423707
0,423707
0,9136021
0,7904837
0,7904837
1,338309
0,5941355
0,4685649
0,4685649
0,4854577
0,2152842
0,2152842
0,8694934
0,5349371
0,5349371
0,6660238
0,3150853
0,4718071
0,4718071
0,9610038
0,3247981
0,3247981
0,9868562
0,770681
0,770681
1,056223
0,6356148
0,6356148
1,055226
0,5149383
0,7253472
0,7253472
2,13691
1,212854
1,212854
2,090133
0,6709282
0,6709282
0,7012492
0,5120249
0,4222198
0,4222198
0,9538211
0,5113638
0,5113638
0,719262
0,2622496
0,2622496
0,8393058
0,2615755
0,2615755
0,1897006
0,3592434
0,5768049
0,5768049
0,4559899
0,4367781
0,4367781
0,4187021
0,192486
0,192486
0,6602533
0,1549592
0,05361249
0,05361249
0,1031211
0,07110228
0,07110228
0,3489571
0,2578936
0,2578936
0,3960251
0,3226441
0,3226441
0,1891992
0,2752018
0,3375538
0,3375538
0,130352
0,1595413
0,1595413
0,4758614
0,3561439
0,3561439
1,432457
0,5701114
0,3275206
0,3275206
0,1323428
0,3236197
0,3236197
0,9895111
0,8040947
0,8040947
0,9719194
0,5483889
0,5067337
0,5067337
0,3103478
0,2743716
0,2743716
0,6057294
0,2452325
0,2452325
0,3028183
0,2100647
0,2100647
0,1796755
0,2213134
0,3604822
0,3604822
0,2472949
0,1153424
0,1153424
0,7721251
0,5490561
0,5490561
1,280678
0,4835034
0,4283734
0,4283734
0,5960863
0,3042629
0,3042629
1,020767
0,2806776
0,2806776
0,3559159
0,3696893
0,3696893
1,243788
0,483003
0,2351063
0,2351063
0,5282788
0,3105499
0,3105499
0,5547594
0,3010867
0,3010867
1,218531
0,6307643
0,3826281
0,3826281
0,3352342
0,3315264
0,3315264
0,4638623
0,2011383
0,2011383
0,9718703
0,5337305
0,5337305
0,8683659
0,2194779
0,1220053
0,1220053
0,3652078
0,7292496
0,7292496
1,144254
0,5920796
0,5920796
0,8508847
0,2202832
0,1792241
0,1792241
0,5526567
0,1234493
0,1234493
0,6502157
0,250581
0,250581
0,1646478
0,2554443
0,2554443
0,4775997
0,09930147
0,3979992
0,3979992
0,4306367
0,3397224
0,3397224
1,227634
0,6092493
0,6092493
1,741056
0,6590719
0,9875091
0,9875091
1,183613
0,3050531
0,3050531
0,4217034
0,2189379
0,2189379
1,211165
0,9772154
0,9772154
0,82991
0,511206
0,6065087
0,6065087
0,4849542
0,5116908
0,5116908
0,9551381
0,3985105
0,3985105
0,8147871
0,4077193
0,4337878
0,4337878
0,6394053
0,1975169
0,1975169
0,6919845
0,7343556
0,7343556
1,036363
0,4759439
0,306167
0,306167
0,6425029
0,5491061
0,5491061
1,578874
0,6057339
0,6057339
0,8768418
0,4920174
0,4920174
0,52474
0,4350379
0,4988088
0,4988088
0,7013482
0,4709871
0,4709871
1,176774
0,5388042
0,5388042
0,5151958
0,3725065
0,4595934
0,4595934
0,4518157
0,179139
0,179139
1,275911
0,6589518
0,6589518
1,247448
0,6460696
0,6460696
0,6663034
0,2210668
0,549674
0,549674
1,074986
0,5038617
0,5038617
1,062935
0,393207
0,393207
0,4080012
0,3113026
0,3112578
0,3112578
0,7355561
0,2699902
0,2699902
0,2368931
0,06956516
0,06956516
0,2778254
0,1100506
0,1100506
0,1569932
0,09844921
0,0547091
0,0547091
0,1171623
0,1956356
0,1956356
0,13355
0,1807221
0,1807221
0,5786557
0,07470447
0,0853916
0,0853916
0,3641209
0,3594314
0,3594314
0,694939
0,2185545
0,2185545
0,3491011
0,1487973
0,2112947
0,2112947
0,7078609
0,4126069
0,4126069
0,5069103
0,1660817
0,1660817
0,6266224
0,3012083
0,3012083
0,3416589
0,03502892
0,1253425
0,1253425
0,2456317
0,09654364
0,09654364
0,1256099
0,008567033
0,008567033
0,0892461
0,08588956
0,09756602
0,09756602
0,1140934
0,02898362
0,02898362
0,2213422
0,02078939
0,02078939
0,3461574
0,4133445
0,4133445
0,1385046
0,1675471
0,3580794
0,3580794
0,6146275
0,506905
0,506905
1,219883
0,5759646
0,5759646
0,5702679
0,6177159
0,450372
0,450372
0,9874111
0,1914613
0,1914613
0,09332369
0,2499141
0,2499141
0,5080324
0,1791721
0,1829662
0,1829662
0,8108042
0,3689311
0,3689311
0,2314208
0,2528153
0,2528153
0,4156117
0,2963699
0,2963699
0,9397109
0,2647443
0,3456448
0,3456448
0,3876856
0,2510595
0,2510595
0,3699122
0,1725714
0,1725714
0,9187703
0,4515349
0,4135553
0,4135553
0,2273398
0,1522277
0,1522277
0,191251
0,2264834
0,2264834
0,456011
0,3511759
0,3511759
0,1360472
0,0849655
0,09465422
0,09465422
0,4179843
0,05440555
0,05440555
0,2901932
0,4418513
0,4418513
0,9120936
0,5710006
3,585839
3,585839
0,2453449
0,7735478
0,7735478
7,01811
1,941187
1,941187
0,9354904
0,3708915
0,3708915
0,967021
0,6492582
0,5466862
0,5466862
0,560958
0,2069544
0,2069544
0,1135835
0,2155352
0,2155352
0,5121018
0,05754748
0,2034276
0,2034276
0,3166763
0,08809699
0,08809699
0,3799708
0,2320315
0,2320315
0,01956596
0,02208168
0,02208168
0,1325479
0,174381
0,2987261
0,2987261
0,3872472
0,1977034
0,1977034
0,6087079
0,4096895
0,4096895
0,7135901
0,3187772
0,4377663
0,4377663
0,7553443
0,4024113
0,4024113
0,5423399
0,1772986
0,1772986
0,5871047
0,3532576
0,3532576
0,6822857
0,140471
0,1662111
0,1662111
0,6058421
0,3042139
0,3042139
0,4508307
0,3852034
0,3852034
0,5855997
0,1076562
0,2144529
0,2144529
0,9453148
0,09382288
0,09382288
0,1145908
0,1047441
0,1047441
0,06497216
0,08548544
0,08548544
0,01520232
0,03030844
0,04817929
0,04817929
0,07000618
0,0321114
0,0321114
0,01774341
0,07689831
0,07689831
0,1592276
0,1045832
0,1839001
0,1839001
0,3052521
0,1036324
0,1036324
0,2019578
0,1601234
0,1601234
0,2326217
0,1168945
0,3807868
0,3807868
0,6622546
0,3552035
0,3552035
0,3395417
0,4568256
0,4568256
0,6936464
0,2278411
0,2278411
0,7664816
0,380783
0,1082884
0,1082884
0,1740116
0,2868916
0,2868916
0,4855433
0,6386085
0,6386085
1,224049
1,577374
4,367002
4,367002
0,0351004
0,06244134
0,06244134
0,05235345
0,06747591
0,06747591
1,18226
2,580377
2,580377
4,205103
3,203135
1,186273
1,186273
1,984627
0,998998
0,998998
1,133886
velocityComponents
0,14413
0,2688624
-0,4002213
0,03149509
0,2069622
-0,2106994
0,03149509
0,2069622
-0,2106994
-0,1931369
0,3134049
0,03990233
-0,07101297
0,1899995
-0,01418889
-0,07101297
0,1899995
-0,01418889
-0,1450539
0,3052741
-0,02785325
0,04963279
0,1286261
-0,2383083
0,04963279
0,1286261
-0,2383083
0,230068
0,3554061
-0,69713
0,1365602
0,07640719
-0,4101396
0,03346801
0,1286365
-0,189206
0,03346801
0,1286365
-0,189206
-0,2077758
0,3661141
0,187099
-0,1132667
0,007067621
0,06816387
-0,1132667
0,007067621
0,06816387
-0,03684163
0,1118906
-0,1239985
0,04936457
0,1113579
-0,1934558
0,04936457
0,1113579
-0,1934558
0,04833341
0,534679
-0,3182679
-0,04601479
0,06233603
0,04836917
-0,04601479
0,06233603
0,04836917
-0,1444817
0,08611605
0,2004176
-0,0392735
0,1018792
0,02025366
0,004827976
0,04172996
-0,02759099
0,004827976
0,04172996
-0,02759099
0,03072023
0,06899983
-0,1118898
0,03148317
0,05806908
-0,09591877
0,03148317
0,05806908
-0,09591877
0,01023412
0,0576213
-0,05902648
-0,04369617
0,07477924
0,06648302
-0,04369617
0,07477924
0,06648302
-0,08864999
-0,08507147
0,1399815
0,003421307
0,04017279
-0,00269711
0,01306534
0,01361519
-0,02519488
0,01306534
0,01361519
-0,02519488
0,05877614
-0,08507445
-0,1406074
-0,003230572
0,01139268
0,006625056
-0,003230572
0,01139268
0,006625056
-0,03328919
0,1569025
0,08912385
-0,01805425
0,08084998
0,0594914
-0,01805425
0,08084998
0,0594914
0,008398294
-0,0391826
0,001001358
-0,003200769
-0,01710057
0,009483099
-0,0023067
-0,04777163
0,005826354
-0,0023067
-0,04777163
0,005826354
-0,05351901
-0,1725905
0,1000434
-0,08474588
-0,1828589
0,1352102
-0,08474588
-0,1828589
0,1352102
-0,1412868
-0,2660535
0,2205759
0,01356602
0,05415231
-0,02148151
0,01356602
0,05415231
-0,02148151
0,009030104
-0,1374364
-0,06293654
0,02925396
-0,1439787
-0,104028
0,02925396
-0,1439787
-0,104028
0,1404107
-0,123091
-0,3536105
0,1422167
0,04804805
-0,319159
0,2008379
0,1575023
-0,4366279
0,2008379
0,1575023
-0,4366279
0,3100455
0,2261952
-0,7270515
0,09813309
0,194972
-0,2597719
0,09813309
0,194972
-0,2597719
0,1749277
0,3385104
-0,5037755
0,03687143
0,1585208
-0,1665801
0,03687143
0,1585208
-0,1665801
-0,007820129
0,2423421
-0,2046376
0,0171721
-0,09237602
-0,1457602
-0,006401539
0,03454089
-0,1046062
-0,006401539
0,03454089
-0,1046062
-0,01429319
0,2596788
-0,1690894
0,06970763
0,04969612
-0,3063142
0,06970763
0,04969612
-0,3063142
0,2157152
-0,04912838
-0,7471681
0,1060188
-0,2087198
-0,3789723
0,1060188
-0,2087198
-0,3789723
0,2270341
-0,4339397
-0,7935673
0,06867051
-0,1146615
-0,2730936
0,04460216
-0,06666854
-0,195694
0,04460216
-0,06666854
-0,195694
-0,1180884
0,08462599
-0,1757617
-0,02534986
0,09298488
-0,1082256
-0,02534986
0,09298488
-0,1082256
-0,0350945
0,07929596
-0,1148942
-0,01605451
0,01490146
-0,035505
-0,01605451
0,01490146
-0,035505
-0,08690464
0,003557861
-0,1075637
0,001904428
0,02573568
-0,03140712
0,001904428
0,02573568
-0,03140712
0,01645923
0,08981416
-0,07621926
0,01127023
0,1390768
-0,1484562
0,04460335
0,1704289
-0,1703703
0,04460335
0,1704289
-0,1703703
0,05770576
0,2054677
-0,2350088
0,003699064
-0,06868893
0,004358888
0,003699064
-0,06868893
0,004358888
-0,03272372
-0,07559299
-0,01929337
-0,02322549
-0,03744566
-0,02040964
-0,02322549
-0,03744566
-0,02040964
-0,05763006
-0,07654214
-0,002209127
-0,03885072
-0,05621171
-0,01800013
-0,02917641
-0,07311583
-0,01777726
-0,02917641
-0,07311583
-0,01777726
-0,04396272
-0,03464848
-0,0732215
-0,03827506
-0,0539465
-0,04221708
-0,03827506
-0,0539465
-0,04221708
-0,1254816
-0,2034734
0,008489311
-0,0612939
-0,1337615
-0,007310987
-0,0612939
-0,1337615
-0,007310987
-0,0651325
0,1554868
-0,2898209
0,01242983
0,2178514
-0,4549071
0,01242983
0,2178514
-0,4549071
0,07922184
0,2813123
-0,4621395
-0,003397346
-0,01423085
-0,2643306
-0,05720389
-0,1056362
-0,1730039
-0,05720389
-0,1056362
-0,1730039
0,0130018
0,01661235
-0,2960929
-0,1039305
-0,1496109
-0,2078915
-0,1039305
-0,1496109
-0,2078915
-0,1269091
-0,004106164
-0,5530198
0,007723093
0,1628208
-0,5151534
0,007723093
0,1628208
-0,5151534
-0,1587744
0,040156
-0,7532022
1,299681
-0,6886111
-1,33875
0,04562855
0,2044511
-0,2698921
0,04562855
0,2044511
-0,2698921
0,1849625
0,1084492
-0,5731697
0,3838463
0,3675623
-0,5338727
0,3838463
0,3675623
-0,5338727
0,446295
0,5869544
-1,122512
0,329057
0,1378399
-0,5726949
0,329057
0,1378399
-0,5726949
0,2723454
0,166352
-0,7143252
0,8336891
0,6841426
-0,5777597
0,1339138
-0,06591529
-0,5152985
0,1339138
-0,06591529
-0,5152985
0,293988
0,06906763
-1,075754
0,1200557
-0,03006533
-0,4753143
0,1200557
-0,03006533
-0,4753143
0,08599758
0,1001619
-0,3911287
0,02561212
0,0693053
-0,1232475
0,02561212
0,0693053
-0,1232475
0,04429817
0,004316866
-0,2055913
0,04021525
-0,08843988
-0,1884818
0,04021525
-0,08843988
-0,1884818
0,0785768
-0,2113625
-0,4045665
0,01115203
-0,206244
-0,135082
-0,004470348
-0,1203999
-0,05255938
-0,004470348
-0,1203999
-0,05255938
-0,01538992
-0,775636
-0,3583193
-0,04062057
-0,3862925
-0,06588399
-0,04062057
-0,3862925
-0,06588399
-0,06127357
-0,2960287
-0,07900447
0,005823374
0,02681538
-0,07369369
0,005823374
0,02681538
-0,07369369
0,08739829
-0,04760772
-0,4808426
0,1012385
-0,1759097
-0,5789682
0,05303025
-0,1231253
-0,3243253
0,05303025
-0,1231253
-0,3243253
-0,0213325
-0,1691356
-0,06168336
-0,01108646
0,04157126
0,07340163
-0,01108646
0,04157126
0,07340163
0,008136034
-0,05966723
-0,07841438
0,02462864
-0,02574101
-0,1253374
0,02462864
-0,02574101
-0,1253374
0,07576942
-0,0257127
-0,3595494
-0,009787083
-0,1591593
-0,07211268
-0,009787083
-0,1591593
-0,07211268
-0,1391768
-0,7135548
0,03821254
-0,1034439
-0,1334399
0,243105
-0,1427472
-0,008948147
0,4240036
-0,1427472
-0,008948147
0,4240036
-0,2942264
-0,281509
0,7328004
-0,1775861
-0,4784204
0,2859741
-0,1775861
-0,4784204
0,2859741
-0,4471838
-1,402254
0,5571052
-0,2753139
-0,7167652
0,3725216
-0,2753139
-0,7167652
0,3725216
-0,269711
-0,02870262
0,3814295
-0,08774996
0,1522928
0,09952188
-0,08797646
-0,1417711
-0,05593747
-0,08797646
-0,1417711
-0,05593747
0,04624724
-0,02075881
-0,7367745
0,05253553
0,3273934
-0,294818
0,05253553
0,3273934
-0,294818
0,03328323
0,3382459
-0,4517347
-0,05671382
0,2149001
0,08114874
-0,05671382
0,2149001
0,08114874
-0,1885235
0,85558
0,7151634
-0,03764629
0,5892106
0,2802417
-0,01128316
0,5691387
0,1824975
-0,01128316
0,5691387
0,1824975
0,1744807
0,9188406
-0,3381908
0,1406908
0,3479481
-0,4011244
0,1406908
0,3479481
-0,4011244
0,3062069
1,266943
-0,648351
0,117743
0,5792596
-0,232783
0,117743
0,5792596
-0,232783
0,190258
0,8678191
-0,4274249
0,1351714
0,4419215
-0,4161127
0,1351714
0,4419215
-0,4161127
0,2787709
1,426699
-0,7589698
0,09387732
0,9486206
-0,1789846
0,06437898
0,8744676
-0,1128078
0,06437898
0,8744676
-0,1128078
0,07497072
1,134475
-0,1866795
-0,00218749
0,4936524
0,03923178
-0,00218749
0,4936524
0,03923178
0,002706051
0,785552
-0,01014322
0,0154078
0,2621718
-0,0824295
0,0154078
0,2621718
-0,0824295
-0,04938841
0,9215884
0,1387075
-0,04543066
0,2129845
0,1320243
-0,03895164
0,2442993
0,1070872
-0,03895164
0,2442993
0,1070872
0,001358986
0,4546188
-0,110279
0,03303289
0,2050631
-0,1769334
0,03303289
0,2050631
-0,1769334
-0,003498793
0,2926402
-0,06230175
-0,01952648
-0,2978809
0,09344518
-0,01952648
-0,2978809
0,09344518
-0,07946491
-0,0545904
0,1685634
-0,08750558
0,01040995
0,2110429
-0,08750558
0,01040995
0,2110429
-0,2004385
0,7243603
0,4408672
-0,008481741
0,4539594
-0,1167439
0,04255176
0,310234
-0,2809994
0,04255176
0,310234
-0,2809994
0,1530409
0,4804254
-0,8689933
0,1170814
0,2704933
-0,6232508
0,1170814
0,2704933
-0,6232508
0,2227664
0,8385241
-1,31026
0,07123351
0,6536722
-0,5648189
0,07123351
0,6536722
-0,5648189
0,1642942
1,135193
-1,324841
0,08898377
0,4901677
-0,7333905
0,06363392
0,6145626
-0,6813601
0,06363392
0,6145626
-0,6813601
0,1267016
0,8811831
-1,297121
0,03509521
0,4168183
-0,5019471
0,03509521
0,4168183
-0,5019471
0,1266003
0,2895534
-1,109779
0,05148649
0,1723588
-0,5064651
0,05148649
0,1723588
-0,5064651
0,04764199
0,4647478
-0,7301502
0,04208684
-0,01897216
-0,3138013
0,04208684
-0,01897216
-0,3138013
0,06935
-0,0538215
-0,575693
0,04429817
-0,1512989
-0,308913
0,0408709
-0,2387121
-0,206057
0,0408709
-0,2387121
-0,206057
-0,00770092
-0,01860708
-0,02139583
0,01434088
0,009863079
-0,1881644
0,01434088
0,009863079
-0,1881644
0,02912879
0,1073539
-0,4681312
0,008302927
-0,02578795
-0,1129232
0,008302927
-0,02578795
-0,1129232
-0,01780987
-0,08322746
0,01459718
-0,01084208
-0,0591442
0,03167838
-0,01329184
-0,1555055
0,03217086
-0,01329184
-0,1555055
0,03217086
-0,03668666
-0,7115364
0,2215967
-0,01659393
-0,2970517
0,1115069
-0,01659393
-0,2970517
0,1115069
-0,1113653
-0,1503944
0,4981548
-0,02549291
-0,005599856
0,04120618
-0,02549291
-0,005599856
0,04120618
-0,06085038
0,05033314
0,07835701
-0,05483031
-0,1567662
0,1537226
-0,05975962
-0,3020823
0,1871236
-0,05975962
-0,3020823
0,1871236
-0,114584
-1,026589
0,4926093
-0,07193089
-0,4325867
0,2762459
-0,07193089
-0,4325867
0,2762459
-0,2984285
0,5482569
1,036799
-0,2020955
0,6004974
0,6669842
-0,2020955
0,6004974
0,6669842
-0,2680302
0,8535072
0,5849473
-0,05552173
0,2428338
-0,1165986
-0,05552173
0,2428338
-0,1165986
-0,09543896
0,5954355
-0,4168883
-0,08345842
0,2940297
-0,001132488
-0,1359344
0,1969218
0,1905948
-0,1359344
0,1969218
0,1905948
-0,2540708
0,07604957
0,2546012
-0,06055236
0,1118571
-0,005471706
-0,06055236
0,1118571
-0,005471706
0,02806187
-0,06053895
-0,6700978
0,09647608
-0,365065
-0,6299064
0,09647608
-0,365065
-0,6299064
0,1181304
-0,427039
-1,033135
0,01520514
0,1788855
-0,439363
0,002318621
0,2313986
-0,3541879
0,002318621
0,2313986
-0,3541879
0,1067579
-0,1600325
-1,007638
0,1113892
-0,2577394
-0,7874527
0,1113892
-0,2577394
-0,7874527
0,2373219
-0,4803419
-1,891086
0,09607673
-0,1851916
-0,8587897
0,09607673
-0,1851916
-0,8587897
0,1652896
-0,2650067
-1,293537
0,07405281
-0,1998261
-0,5891972
0,07405281
-0,1998261
-0,5891972
0,1216829
-0,5468413
-1,032087
0,07514954
-0,2954647
-0,4229762
0,07507801
-0,428623
-0,2135992
0,07507801
-0,428623
-0,2135992
0,07393956
-1,307784
-0,6060042
0,004798174
-0,6026596
-0,08768216
0,004798174
-0,6026596
-0,08768216
0,05745292
-0,8282676
-0,06428957
0,01813173
-0,1271665
0,01575351
0,01813173
-0,1271665
0,01575351
0,05066991
-0,7261977
0,03534406
0,03328919
-0,4064038
-0,1319781
0,02775192
-0,2578773
-0,03050193
0,02775192
-0,2578773
-0,03050193
0,08972883
-0,2771661
0,3988527
0,03533959
-0,2384491
0,2345681
0,03533959
-0,2384491
0,2345681
0,03665686
-0,3029913
0,3969654
0,02083182
-0,1609139
0,06254762
0,02083182
-0,1609139
0,06254762
0,05033016
-0,4133284
-0,004091859
0,02003312
-0,05224645
-0,05608946
0,02002716
-0,0763379
-0,04295707
0,02002716
-0,0763379
-0,04295707
0,02577901
-0,3140323
0,1185983
0,01528263
-0,3228299
0,1282431
0,01528263
-0,3228299
0,1282431
0,01223087
-0,4112691
0,06433204
0,003629923
-0,1484245
-0,2439484
0,003629923
-0,1484245
-0,2439484
-0,02615452
-0,09548366
-0,3789991
-0,02036691
0,1098707
0,008761138
-0,02036691
0,1098707
0,008761138
-0,03442764
-0,02680868
-0,1963638
-0,01450777
-0,0600934
-0,2013259
-0,01088977
-0,1153827
-0,2713554
-0,01088977
-0,1153827
-0,2713554
-0,04472733
-0,2374709
-0,06034374
-0,02016425
0,01521185
0,124453
-0,02016425
0,01521185
0,124453
-0,0474453
0,01996234
0,03239363
-0,04154444
0,02237335
-0,05671605
-0,04154444
0,02237335
-0,05671605
-0,09898543
0,02941191
-0,2671443
-0,08147359
-0,2250485
-0,1385644
-0,09747148
-0,2001241
-0,2381399
-0,09747148
-0,2001241
-0,2381399
-0,2082586
-0,07466823
0,4640132
-0,154984
0,1726449
0,9591118
-0,154984
0,1726449
0,9591118
-0,2769411
0,3090709
1,182739
-0,08218288
0,02646148
-0,1494095
-0,08218288
0,02646148
-0,1494095
-0,05818009
-0,0964731
-1,530747
-0,01729131
-0,1095325
-1,038463
-0,01729131
-0,1095325
-1,038463
-0,1407325
-0,2231687
-0,3190055
-0,07549524
-0,1693577
0,4461728
-0,1287103
-0,3649205
0,4757404
-0,1287103
-0,3649205
0,4757404
-0,02012849
-0,5069435
-0,5772948
-0,001311302
-0,4177205
-0,9822212
-0,001311302
-0,4177205
-0,9822212
-0,04899502
-1,624735
-1,915504
-0,0405848
-0,84356
-0,3795013
-0,0405848
-0,84356
-0,3795013
-0,1016259
-1,461742
0,5547345
-0,0710845
-0,7530399
0,6643571
-0,04585981
-0,7662408
0,4116647
-0,04585981
-0,7662408
0,4116647
-0,03204942
-1,480749
-0,6801807
0,005847216
-0,6316558
-0,7420443
0,005847216
-0,6316558
-0,7420443
-0,06369352
-1,37417
-0,6504312
-0,08044839
-0,6928906
0,8751892
-0,08044839
-0,6928906
0,8751892
-0,1532257
-1,087928
1,623107
-0,0629425
-0,5243838
0,4730225
-0,0629425
-0,5243838
0,4730225
-0,09015203
-1,080802
0,1486763
-0,004577637
-0,4350588
-0,2437592
0,0307858
-0,241749
-0,3906518
0,0307858
-0,241749
-0,3906518
0,004887581
-0,3874332
0,5405277
0,02710819
0,0973478
0,622014
0,02710819
0,0973478
0,622014
0,05857944
0,01980066
0,3470778
0,05011559
0,02342314
-0,1818754
0,05011559
0,02342314
-0,1818754
0,101018
0,3706649
-0,5093396
0,06104112
0,1323342
-0,2797589
0,0828743
0,3803298
-0,1547493
0,0828743
0,3803298
-0,1547493
0,1532435
1,310583
0,8768745
0,04891753
0,5042478
0,257995
0,04891753
0,5042478
0,257995
0,1356542
1,117682
-0,02796128
0,07602572
0,4971728
-0,2973676
0,07602572
0,4971728
-0,2973676
0,1145661
0,5765915
-1,044037
0,02380013
0,02241954
-0,6172724
0,02380013
0,02241954
-0,6172724
0,07375479
0,4168794
-0,8429043
0,02323985
0,2281651
-0,03510416
0,004452467
0,1191735
0,04767254
0,004452467
0,1191735
0,04767254
-0,01193285
-0,03303438
-0,2748325
-0,009083748
-0,1175404
-0,4240081
-0,009083748
-0,1175404
-0,4240081
-0,01329184
-0,160823
-0,8899361
0,003451109
0,001103431
-0,3666982
0,003451109
0,001103431
-0,3666982
0,06701946
0,4965782
-0,479427
0,05021095
0,3774434
-0,1948699
0,02759695
0,194899
-0,2017707
0,02759695
0,194899
-0,2017707
-0,02968311
-0,2983615
-0,7644281
-0,02174973
-0,1412436
-0,5676404
-0,02174973
-0,1412436
-0,5676404
-0,02459288
-0,1122579
-0,5366027
0,01843572
0,1548618
0,1586705
0,01843572
0,1548618
0,1586705
0,02298355
0,2386309
0,07029176
-0,003194809
0,0191696
-0,1851499
-0,003194809
0,0191696
-0,1851499
0,0008583069
0,2296261
-0,9740323
-0,02495646
-0,1099862
-0,3741741
-0,03074408
-0,1422428
-0,3410891
-0,03074408
-0,1422428
-0,3410891
-0,1274586
0,01275551
-0,08439907
0,04057145
0,05773049
0,002641469
0,04057145
0,05773049
0,002641469
-0,009322248
0,2235581
-0,1025543
-0,08871044
0,04154623
-0,07722133
-0,08871044
0,04154623
-0,07722133
-0,2586207
0,3000186
-0,3333169
-0,1114526
0,07445329
-0,1237679
0,04108489
-0,09686995
0,08141112
0,04108489
-0,09686995
0,08141112
0,04148731
-0,1154364
0,09295934
0,03858194
0,02395293
0,007439017
0,03858194
0,02395293
0,007439017
0,01455483
0,07004264
-0,03242928
-0,02002057
0,09121075
-0,06597698
-0,02002057
0,09121075
-0,06597698
-0,150757
0,1922689
-0,1914953
-0,1008871
-0,06484127
-0,05905259
-0,1008871
-0,06484127
-0,05905259
-0,1677214
-0,03643072
-0,08870673
-0,1115231
-0,02570254
-0,06346512
-0,1446378
-0,009377345
-0,1045823
-0,1446378
-0,009377345
-0,1045823
-0,4885002
-0,1087966
-0,3223453
-0,4738352
-0,1321701
-0,4565473
-0,4738352
-0,1321701
-0,4565473
-0,7316531
-0,2305979
-0,8596964
2,096738
1,385726
-4,677977
2,096738
1,385726
-4,677977
-0,02460654
-0,04460943
-0,2541455
0,07748479
0,07227841
-0,2297336
0,2172924
0,3223624
0,2819908
0,2172924
0,3223624
0,2819908
-1,014958
-0,2643317
-3,767025
-0,104928
0,2127759
-0,7236421
-0,104928
0,2127759
-0,7236421
-0,2128065
0,4274353
-1,39342
-0,07629991
0,3419377
-0,5584061
-0,07629991
0,3419377
-0,5584061
-0,1202404
0,4676104
-0,7905483
-0,02490878
0,127843
-0,1465201
-0,02949834
0,07937625
-0,1551867
-0,02949834
0,07937625
-0,1551867
-0,1628518
-0,2043776
-0,7221222
-0,1106143
-0,1962021
-0,4674792
-0,1106143
-0,1962021
-0,4674792
-0,1253128
-0,1257852
-0,5530298
0,06583333
-0,05590245
0,331533
0,06583333
-0,05590245
0,331533
0,1044631
0,06045029
0,4757464
0,03067255
0,04830062
0,1342714
0,03067255
0,04830062
0,1342714
-0,01873374
0,01519993
-0,1183063
-0,04083514
0,02411827
-0,2284914
-0,03217459
-0,001756847
-0,1754433
-0,03217459
-0,001756847
-0,1754433
-0,01033545
0,07515624
-0,1227409
0,01449585
0,1182519
-0,01066327
0,01449585
0,1182519
-0,01066327
0,07379055
0,3722966
0,1435012
0,0707984
0,6033033
0,08536279
0,0707984
0,6033033
0,08536279
0,04571676
1,361062
-0,1896977
0,01762509
0,6291438
-0,03342032
0,007295609
0,7246335
-0,04543066
0,007295609
0,7246335
-0,04543066
0,09295344
1,812552
0,3444314
0,09132028
1,032308
0,5085707
0,09132028
1,032308
0,5085707
0,1560926
1,381225
1,102567
0,04203916
0,3754176
0,4097432
0,04203916
0,3754176
0,4097432
0,023669
0,7854976
0,5082518
0,05989075
0,4407965
0,4410803
0,05989075
0,4407965
0,4410803
0,1085281
0,9923123
0,8498937
0,007224083
0,5357906
0,2183467
0,01341105
0,3594175
0,2345949
0,01341105
0,3594175
0,2345949
0,01017451
0,8330241
0,4284084
-0,01288056
0,5305767
0,1531333
-0,01288056
0,5305767
0,1531333
-0,1052856
1,525766
-0,03156364
-0,02098083
0,535138
0,1276344
-0,02098083
0,535138
0,1276344
-0,1358211
0,7248193
-0,2277076
-0,102222
0,2557546
-0,2049565
-0,08487701
0,1898885
-0,1009822
-0,08487701
0,1898885
-0,1009822
-0,04674196
-0,2309561
0,241521
0,07042885
-0,2833813
0,4135996
0,07042885
-0,2833813
0,4135996
0,1211226
-0,4679203
0,7373095
0,03868937
-0,1943156
0,2168208
0,03868937
-0,1943156
0,2168208
0,08505583
-0,1913399
0,5541474
0,06159544
-0,248237
0,3580511
0,06159544
-0,248237
0,3580511
0,1586199
-0,4626527
1,082644
0,09175539
-0,2632812
0,8058786
0,09343028
-0,4255563
0,9638071
0,09343028
-0,4255563
0,9638071
0,2058387
-0,793691
1,776007
0,106281
-0,5286321
0,5516231
0,106281
-0,5286321
0,5516231
0,1274288
-0,7420078
0,6368041
0,06727576
-0,2766445
0,5853206
0,06727576
-0,2766445
0,5853206
0,1217365
-0,4401073
1,464725
0,02912879
-0,007376075
0,6749153
0,008457899
0,1734793
0,4468977
0,008457899
0,1734793
0,4468977
0,0132978
-0,2574995
0,4328728
-0,001138449
-0,127171
0,01230538
-0,001138449
-0,127171
0,01230538
0,003713369
-0,105688
0,2384961
0,01048446
-0,009043515
0,4128441
0,01048446
-0,009043515
0,4128441
0,01993179
0,3753334
1,154174
0,01227856
0,01582205
0,3826305
0,01279116
-0,09083748
0,1245126
0,01279116
-0,09083748
0,1245126
0,02775788
-0,329563
-0,2320215
0,01239777
-0,0483647
-0,1164272
0,01239777
-0,0483647
-0,1164272
0,0304997
-0,2521306
0,2625614
0,023067
-0,1654781
0,5676463
0,023067
-0,1654781
0,5676463
0,02241135
0,2406538
0,8973852
0,0131309
-0,04428104
0,2185583
0,0131309
-0,04428104
0,2185583
0,03497601
-0,6510444
0,1517177
0,01981258
-0,3174722
-0,07800609
0,0199914
-0,3566623
0,06898195
0,0199914
-0,3566623
0,06898195
0,02247095
-0,6030038
0,5928218
-0,001460314
-0,3185406
0,7581964
-0,001460314
-0,3185406
0,7581964
0,001555681
-0,9455487
1,044238
0,001734495
-0,8992665
0,2980158
0,001734495
-0,8992665
0,2980158
-0,001275539
-2,198501
-0,01559779
0,009536743
-0,8673396
-0,3589347
0,01199245
-0,7088524
-0,3947921
0,01199245
-0,7088524
-0,3947921
0,01770854
-0,9575256
-0,1691803
0,00680685
-0,4265077
-0,09910017
0,00680685
-0,4265077
-0,09910017
-0,01212358
-1,106031
-0,4517704
-0,01542568
-0,5938612
-0,4112735
-0,01542568
-0,5938612
-0,4112735
-0,04823208
-1,194028
-1,048739
-0,006347895
-0,2757088
-0,4932821
-0,006347895
-0,2757088
-0,4932821
-0,01900792
-0,4509553
-0,1189753
-0,02062321
-0,2385803
0,2642184
-0,01006126
-0,07008463
0,4137188
-0,01006126
-0,07008463
0,4137188
-0,03378987
-0,2510503
0,4852697
-0,02315044
-0,2042778
0,04340112
-0,02315044
-0,2042778
0,04340112
-0,02629757
-0,3601938
-0,1731575
0,004464388
-0,0006712973
0,06612092
0,004464388
-0,0006712973
0,06612092
-0,03858209
-0,2750613
0,8219689
-0,04400015
-0,3108248
0,3645375
-0,06114841
-0,453224
0,1712769
-0,06114841
-0,453224
0,1712769
-0,1230955
-0,9517938
0,007022917
-0,04761219
-0,3735259
-0,07204264
-0,04761219
-0,3735259
-0,07204264
-0,03569126
-0,2460137
0,2523877
-0,03374815
-0,1795992
0,2243914
-0,03374815
-0,1795992
0,2243914
-0,06501079
-0,3543064
0,2377555
-0,02964735
-0,2083212
-0,08975565
-0,02964735
-0,2083212
-0,08975565
-0,09751916
-0,6784141
-0,3123552
-0,05997419
-0,4066303
-0,08630306
-0,0652194
-0,4505754
-0,1307279
-0,0652194
-0,4505754
-0,1307279
-0,1317263
-0,8629099
-0,1790479
-0,07761717
-0,44429
0,2068684
-0,07761717
-0,44429
0,2068684
-0,1360595
-0,7054299
0,8094996
-0,01802444
-0,09902418
0,429374
-0,01802444
-0,09902418
0,429374
-0,07519126
-0,4960746
0,5333334
-0,03578067
-0,2889439
0,05563572
-0,03445745
-0,2841696
0,00802651
-0,03445745
-0,2841696
0,00802651
-0,08351803
-0,6063372
-0,03290176
-0,04887581
-0,2736822
0,160303
-0,04887581
-0,2736822
0,160303
-0,1377165
-0,5393699
0,8185663
-0,08921027
-0,3436387
0,3562182
-0,08921027
-0,3436387
0,3562182
-0,1010299
-0,5346954
-0,05380064
-0,04962087
-0,2811059
-0,1225308
-0,04962087
-0,2811059
-0,1225308
-0,06597638
-0,3044337
0,2594292
-0,05449653
-0,2054647
0,2931014
-0,06982088
-0,2321795
0,4819766
-0,06982088
-0,2321795
0,4819766
-0,2087891
-0,885652
0,5013764
-0,07843375
-0,3522873
0,1467898
-0,07843375
-0,3522873
0,1467898
-0,1843929
-0,6267309
0,9769105
-0,1051486
-0,2865985
0,7379182
-0,1051486
-0,2865985
0,7379182
-0,2285302
-0,4936457
1,878306
-0,15558
-0,405018
0,8486435
-0,1398981
-0,5325228
0,3671743
-0,1398981
-0,5325228
0,3671743
-0,1771331
-0,9034202
0,1004174
-0,0993669
-0,3131419
0,383497
-0,0993669
-0,3131419
0,383497
-0,2007782
-0,03485084
1,892743
-0,07353425
0,1818299
1,025833
-0,07353425
0,1818299
1,025833
-0,2128184
-0,3850311
0,9651974
-0,0603497
-0,223276
0,1285866
-0,0913918
-0,3616869
0,03583878
-0,0913918
-0,3616869
0,03583878
-0,1057267
-0,2228349
0,4134819
0,03311038
0,3361911
0,4573002
0,03311038
0,3361911
0,4573002
-0,08087158
0,4731268
1,29779
-0,0410378
0,1857966
0,5619392
-0,0410378
0,1857966
0,5619392
-0,02611279
0,2989143
0,7778302
-0,0406146
0,06514788
0,4003838
-0,0406146
0,06514788
0,4003838
-0,05521774
0,2919465
0,8816108
-0,004422665
0,3968358
0,6617934
-0,01549125
0,6016612
0,9264216
-0,01549125
0,6016612
0,9264216
-0,2964914
0,6867141
2,117014
-0,04603267
0,474225
0,7478192
-0,04603267
0,474225
0,7478192
0,06626844
1,122293
1,074146
0,009196997
0,4264221
0,4668072
0,009196997
0,4264221
0,4668072
0,0933826
0,5402818
0,3718883
0,05313158
0,1518756
0,04711896
0,07335544
0,08322448
-0,08045584
0,07335544
0,08322448
-0,08045584
0,07888675
0,06903708
-0,1158312
0,00397563
0,01062751
-0,00718534
0,00397563
0,01062751
-0,00718534
0,03499389
0,6643251
0,4833564
0,06374717
0,4680529
0,1495972
0,06374717
0,4680529
0,1495972
0,2696812
0,584738
-0,4812106
0,1603901
0,1847565
-0,4330084
0,1603901
0,1847565
-0,4330084
0,2128541
0,389117
-0,4880086
0,08821487
0,2850503
-0,1047283
0,1439691
0,5475193
-0,09453297
0,1439691
0,5475193
-0,09453297
0,3131092
1,220855
-0,2215758
0,1840174
0,6969437
-0,1649901
0,1840174
0,6969437
-0,1649901
0,2804756
1,434116
-0,04415214
0,1367569
0,7044822
-0,04233718
0,1367569
0,7044822
-0,04233718
0,1681507
1,11002
0,04601926
0,05168915
0,6088391
0,1376703
0,01805425
0,6734371
0,2724007
0,01805425
0,6734371
0,2724007
-0,02354383
0,7918112
0,4589573
0,02588034
0,4080534
0,09609908
0,02588034
0,4080534
0,09609908
0,06594658
0,2280399
-0,08681118
0,006335974
-0,02721921
-0,009973347
0,006335974
-0,02721921
-0,009973347
0,0447154
0,8178555
0,2728328
-0,009334087
0,5198784
0,2676785
-0,009334087
0,5198784
0,2676785
0,008189678
1,013882
0,3769293
0,07801652
0,468772
-0,08468181
0,1745582
0,5603127
-0,3810212
0,1745582
0,5603127
-0,3810212
0,2864182
1,0912
-0,5742207
0,1512229
0,7566586
-0,282985
0,1512229
0,7566586
-0,282985
0,0900805
2,10593
0,1553833
-0,07190704
0,8708283
0,3792882
-0,07190704
0,8708283
0,3792882
-0,1823783
1,261566
0,7280961
-0,03587604
0,2898209
0,1256794
0,03508329
0,06976873
-0,1391605
0,03508329
0,06976873
-0,1391605
0,06287098
0,2881676
-0,2510697
-0,03848076
0,2018526
0,1288727
-0,03848076
0,2018526
0,1288727
-0,1616359
0,5121626
0,5577058
-0,09689331
0,02915412
0,3186271
-0,09689331
0,02915412
0,3186271
-0,0338316
-0,6662228
0,09797961
0,03115535
0,04958957
-0,09759367
0,03115535
0,04958957
-0,09759367
-0,0515759
0,3035337
0,2005979
-0,06840825
0,7344976
0,2673179
-0,09090304
0,9087175
0,313288
-0,09090304
0,9087175
0,313288
-0,1480281
1,158996
0,4828915
-0,05012155
0,3874995
0,1638889
-0,05012155
0,3874995
0,1638889
-0,04960299
0,8995049
0,1519844
-0,1134217
0,7217228
0,3018543
-0,1134217
0,7217228
0,3018543
-0,2606511
1,117055
0,6894335
-0,1059234
0,5247548
0,2577007
-0,1069665
0,3560036
0,2852589
-0,1069665
0,3560036
0,2852589
-0,1298428
-0,1132384
0,4538581
-0,06234646
0,09693801
0,1818329
-0,06234646
0,09693801
0,1818329
-0,2554238
0,4836634
0,6759048
-0,1928329
0,261867
0,4247338
-0,1928329
0,261867
0,4247338
-0,2374113
0,1636907
0,6003574
-0,08422136
-0,06819069
0,295864
-0,07196069
-0,3385842
0,3206
-0,07196069
-0,3385842
0,3206
-0,1185775
-0,7643253
0,5703285
-0,06538033
-0,1734778
0,266692
-0,06538033
-0,1734778
0,266692
-0,210619
0,7854
0,5591705
-0,1706839
0,6392628
0,3951699
-0,1706839
0,6392628
0,3951699
-0,3498971
0,1358181
0,9872854
-0,1131177
-0,4490852
0,4353538
-0,1131177
-0,4490852
0,4353538
-0,1736581
-0,7425278
0,729382
-0,148344
0,2452523
0,427793
-0,1982629
0,4921868
0,4945427
-0,1982629
0,4921868
0,4945427
-0,6346405
1,522611
1,358408
-0,4889965
0,1619428
1,098031
-0,4889965
0,1619428
1,098031
-0,6325841
-1,094644
1,664406
-0,1649797
-0,4422456
0,4768074
-0,1649797
-0,4422456
0,4768074
-0,2513289
-0,1396164
0,6396025
-0,1122355
0,4454404
0,2261758
-0,156188
0,1503974
0,3622919
-0,156188
0,1503974
0,3622919
-0,2730489
-0,4775926
0,7791817
-0,1224935
-0,3310725
0,369972
-0,1224935
-0,3310725
0,369972
-0,1157463
-0,5446523
0,455296
0,02378225
-0,2534539
0,06301105
0,02378225
-0,2534539
0,06301105
0,2772391
-0,7350862
-0,2953321
0,1176178
-0,1803622
-0,1485169
0,1176178
-0,1803622
-0,1485169
-0,05143881
0,1527354
0,1000613
-0,1034081
-0,1755387
0,2958864
-0,1802206
-0,3376499
0,4315287
-0,1802206
-0,3376499
0,4315287
0,110805
-0,4372105
-0,06705225
0,1728177
0,2271712
-0,3306091
0,1728177
0,2271712
-0,3306091
0,200206
0,253433
-0,2664596
-0,06478429
-0,01111925
0,180915
-0,06478429
-0,01111925
0,180915
-0,2423286
-0,3222764
0,5228281
-0,06231666
0,05655587
0,1301169
0,03092885
-0,03152788
-0,03039241
0,03092885
-0,03152788
-0,03039241
-0,002163649
-0,02667606
0,09958744
-0,007069111
-0,0555709
0,04378855
-0,007069111
-0,0555709
0,04378855
-0,1305521
0,007408857
0,323531
-0,1015127
0,06077141
0,229153
-0,1015127
0,06077141
0,229153
-0,1213968
0,2204716
0,3057629
-0,07538199
0,2390891
0,2031088
-0,07538199
0,2390891
0,2031088
-0,01182556
0,1366332
0,1303375
-0,009846687
-0,2527401
0,1084507
-0,02447963
-0,2993196
0,1541138
-0,02447963
-0,2993196
0,1541138
0,0297904
-0,09883642
0,07959604
-0,01423955
0,108473
0,1161218
-0,01423955
0,108473
0,1161218
-0,113374
0,1513779
0,4366636
-0,0875473
-0,2077684
0,2756923
-0,0875473
-0,2077684
0,2756923
0,1498461
-1,423733
0,04962385
0,07126331
-0,5655929
0,007289648
0,07919669
-0,3168285
-0,0248462
0,07919669
-0,3168285
-0,0248462
0,1213074
-0,03491491
-0,03975034
-0,08698702
0,2924502
0,1078695
-0,08698702
0,2924502
0,1078695
-0,248313
-0,6395229
0,7130802
0,1364529
-0,7819399
-0,1285255
0,1364529
-0,7819399
-0,1285255
0,396508
-0,6983131
-0,5475104
0,2881885
0,05713776
-0,4630476
0,265342
0,02945215
-0,4307032
0,265342
0,02945215
-0,4307032
0,1655519
0,116507
-0,2352327
-0,1265705
-0,03826842
0,2404064
-0,1265705
-0,03826842
0,2404064
-0,2152085
-0,3730521
0,4259408
-0,04077554
-0,2298795
0,07504523
-0,04077554
-0,2298795
0,07504523
0,1132786
-0,2187818
-0,1760721
0,06214976
-0,1785435
-0,09157956
0,06214976
-0,1785435
-0,09157956
-0,04971027
-0,1399711
0,1010954
-0,06377101
-0,1686893
0,1282841
-0,05916357
-0,3328077
0,1252443
-0,05916357
-0,3328077
0,1252443
0,07673502
-0,2094179
-0,1068205
0,03785491
-0,1012862
-0,04014969
0,03785491
-0,1012862
-0,04014969
-0,01605153
-0,7642522
0,1088023
-0,1122057
-0,4856728
0,2302051
-0,1122057
-0,4856728
0,2302051
-0,3506124
-1,041722
0,6572843
-0,1262963
-0,3966991
0,2458751
-0,1158893
-0,3434081
0,2283514
-0,1158893
-0,3434081
0,2283514
-0,1907527
-0,3925879
0,4059643
-0,119555
0,07404201
0,2698153
-0,119555
0,07404201
0,2698153
-0,4001379
-0,5073849
0,7901996
-0,09313822
-0,0625208
0,2572864
-0,09313822
-0,0625208
0,2572864
0,2520502
0,2069592
-0,1425296
0,1695275
-0,2810616
-0,1701027
0,1695275
-0,2810616
-0,1701027
0,3619194
-1,097963
-0,4588008
0,1292527
-0,4362397
-0,1621127
0,03396869
-0,2325408
0,006771088
0,03396869
-0,2325408
0,006771088
-0,1401722
-0,3630705
0,3572255
-0,1242816
0,0143718
0,2842337
-0,1242816
0,0143718
0,2842337
-0,07377267
0,4357953
0,3352582
0,1908302
-0,03823563
-0,2297282
0,1908302
-0,03823563
-0,2297282
0,4117429
-0,9591013
-0,6288171
0,1426876
-0,560797
-0,251019
0,09176731
-0,341171
-0,1469195
0,09176731
-0,341171
-0,1469195
-0,02524853
-0,3262177
0,07298291
-0,1408219
-0,1917332
0,2309054
-0,1408219
-0,1917332
0,2309054
-0,2090633
0,1360409
0,3910929
-0,007212162
-0,2009585
-0,004500151
-0,007212162
-0,2009585
-0,004500151
0,2331793
-0,8196175
-0,4673183
0,2310872
-0,2368562
-0,4187673
0,2310872
-0,2368562
-0,4187673
0,3743351
-0,3400169
-0,7059187
0,08369088
-0,1057491
-0,1731575
-0,06338954
-0,05994141
0,08528829
-0,06338954
-0,05994141
0,08528829
-0,1730919
-0,2148844
0,2392501
-0,1439273
-0,7088274
0,09302497
-0,1439273
-0,7088274
0,09302497
-0,1093566
-1,136585
-0,07437468
-0,003504753
-0,5775355
-0,1303792
-0,003504753
-0,5775355
-0,1303792
0,02359748
-0,8187704
-0,2303541
-0,05109906
-0,20824
0,05049407
-0,06863475
-0,1310289
0,1012027
-0,06863475
-0,1310289
0,1012027
-0,1775324
-0,4804567
0,2075404
-0,008839369
-0,1231268
0,001174212
-0,008839369
-0,1231268
0,001174212
0,03250837
-0,626184
-0,1720965
0,09325743
0,2145842
-0,08970797
0,09325743
0,2145842
-0,08970797
0,1033783
-0,004026294
-0,1280844
0,004649162
-0,252004
-0,04152358
0,004649162
-0,252004
-0,04152358
-0,1130462
-0,4551604
0,09028316
-0,02020001
-0,09656549
0,011307
-0,117743
-0,3669947
0,09927154
-0,117743
-0,3669947
0,09927154
-0,2132058
-0,2739877
0,2547979
-0,09096861
-0,3241524
0,04540086
-0,09096861
-0,3241524
0,04540086
-0,04088283
-1,184469
-0,320071
0,04897118
-0,5458429
-0,2661616
0,04897118
-0,5458429
-0,2661616
-0,07386208
-1,669344
-0,4889876
-0,02115965
-0,6230786
-0,213778
-0,05404353
-0,9380028
-0,3039807
-0,05404353
-0,9380028
-0,3039807
0,04903674
-1,037599
-0,5673826
0,07622838
-0,1798034
-0,2343446
0,07622838
-0,1798034
-0,2343446
0,1180649
-0,2226338
-0,3381252
-0,03465414
-0,2110377
-0,04686117
-0,03465414
-0,2110377
-0,04686117
-0,03367066
-1,099472
-0,5069017
-0,06520152
-0,903666
-0,3661782
-0,06520152
-0,903666
-0,3661782
0,1764474
-0,02517918
-0,8105448
0,236817
-0,0218249
-0,4525185
0,2018547
-0,1766809
-0,543959
0,2018547
-0,1766809
-0,543959
0,3374218
0,2155126
-0,2736448
0,2728842
0,3081575
-0,3039747
0,2728842
0,3081575
-0,3039747
0,4485548
0,3578231
-0,7635772
0,145328
-0,06593317
-0,3651619
0,145328
-0,06593317
-0,3651619
0,2771258
-0,2063259
-0,7379085
0,1824677
0,06120205
-0,3594369
0,2054393
0,2062663
-0,3215909
0,2054393
0,2062663
-0,3215909
0,2952814
0,3552631
-0,4420817
0,08909106
0,06728172
-0,1629382
0,08909106
0,06728172
-0,1629382
0,202316
-0,2644494
-0,6066114
0,2368808
-0,2269953
-0,6569922
0,2368808
-0,2269953
-0,6569922
0,4595578
0,2517894
-0,8941233
0,1884341
0,3799558
-0,2159834
0,1251161
0,218302
-0,1744375
0,1251161
0,218302
-0,1744375
0,2726972
0,3773481
-0,4427806
0,1897216
-0,09241551
-0,5069345
0,1897216
-0,09241551
-0,5069345
0,5677462
-0,156939
-1,464881
0,2380729
0,06677508
-0,5529702
0,2380729
0,06677508
-0,5529702
0,2623737
-0,1993865
-0,8125618
0,1089275
-0,201188
-0,4355907
0,1089275
-0,201188
-0,4355907
0,1936078
0,1665175
-0,4584104
0,1680732
0,2658144
-0,3005862
0,1837373
0,376749
-0,2703905
0,1837373
0,376749
-0,2703905
0,2711654
0,3703341
-0,5302936
0,1672626
0,05081147
-0,4373446
0,1672626
0,05081147
-0,4373446
0,382024
-0,04651099
-1,112066
0,1804709
0,0274688
-0,5069375
0,1804709
0,0274688
-0,5069375
0,1788795
0,398016
-0,2738833
0,008326769
0,3268212
0,1785487
-0,05635619
0,3016531
0,3421336
-0,05635619
0,3016531
0,3421336
-0,06095767
0,2950326
0,3367156
0,06964207
0,08369088
-0,1422554
0,06964207
0,08369088
-0,1422554
0,450474
0,9455875
-0,7286191
0,2237439
0,5080104
-0,3550798
0,2237439
0,5080104
-0,3550798
0,3122211
1,180483
-0,2551556
0,1213193
0,6340742
-0,02524853
0,1213193
0,6340742
-0,02524853
0,03598928
0,6373122
0,1910448
0,06740093
0,1568049
-0,1404986
0,1764357
0,3865272
-0,3487244
0,1764357
0,3865272
-0,3487244
0,352186
0,6440103
-0,7853732
0,1522183
0,356783
-0,3215775
0,1522183
0,356783
-0,3215775
0,1901507
1,029387
-0,1844883
-0,02641082
0,3383726
0,1985401
-0,02641082
0,3383726
0,1985401
-0,06912351
0,2960429
0,2721131
0,0855267
0,2206564
-0,2022505
0,0893116
0,01780242
-0,2976373
0,0893116
0,01780242
-0,2976373
0,2072394
0,1492329
-0,6898001
-0,07463098
-0,2195589
0,1382709
-0,07463098
-0,2195589
0,1382709
-0,07656813
-0,1820058
0,1308799
-0,01311898
0,06250739
0,02756864
-0,01311898
0,06250739
0,02756864
-0,04528761
0,2428904
0,1270443
-0,0005066395
0,1099765
-0,004005432
-0,0005066395
0,1099765
-0,004005432
0,01937151
0,1009427
-0,1186684
0,01010299
0,06100088
-0,07660985
-0,001239777
0,04593879
-0,0296846
-0,001239777
0,04593879
-0,0296846
-0,06178617
-0,03143996
0,09445101
-0,09148717
-0,09574369
0,1440018
-0,09148717
-0,09574369
0,1440018
-0,0913918
-0,03871173
0,0893563
0,005233288
0,1283064
-0,1271635
0,005233288
0,1283064
-0,1271635
0,05333424
0,5275205
-0,2317756
-0,04512668
0,04704297
0,03648698
-0,044626
-0,03194362
0,06542057
-0,044626
-0,03194362
0,06542057
0,02477765
0,304509
-0,198102
0,05080104
0,2224185
-0,2777413
0,05080104
0,2224185
-0,2777413
0,1092672
0,3227323
-0,6056771
0,02263784
0,1304291
-0,1739018
0,02263784
0,1304291
-0,1739018
0,009131432
0,2793863
-0,2091207
0,00333786
-0,06409287
-0,1342446
-0,001883507
-0,1443394
-0,1542985
-0,001883507
-0,1443394
-0,1542985
0,1078486
0,02428666
-0,6991752
0,08322001
0,2711095
-0,2996974
0,08322001
0,2711095
-0,2996974
0,07840991
0,3136694
-0,3904119
0,01776218
0,1057863
-0,1267947
0,01776218
0,1057863
-0,1267947
0,09827614
0,4601024
-0,4138879
0,04707575
0,2316438
-0,1866855
0,04707575
0,2316438
-0,1866855
0,0354588
0,2982736
-0,1628079
-0,001418591
-0,01758859
-0,03025979
0,009727478
0,1158707
-0,04679859
0,009727478
0,1158707
-0,04679859
0,03578067
0,1883507
-0,1535535
0,01346469
-0,02000332
-0,09348392
0,01346469
-0,02000332
-0,09348392
0,0100553
0,08935183
-0,08770972
-0,007283688
-0,001340359
0,004306436
-0,007283688
-0,001340359
0,004306436
-0,03404021
0,02653673
0,07811487
-0,02511144
0,04134625
0,07097125
-0,02757907
0,02761856
0,08941889
-0,02757907
0,02761856
0,08941889
-0,03685355
0,01200736
0,1073077
-0,005042553
-0,02646223
-0,01069456
-0,005042553
-0,02646223
-0,01069456
-0,0351727
-0,2055883
-0,07408559
-0,01581311
-0,005083531
0,01250207
-0,01581311
-0,005083531
0,01250207
-0,135088
-0,1719378
0,2683535
-0,1558065
-0,1533397
0,3508061
-0,1558065
-0,1533397
0,3508061
-0,08322001
-0,1042351
0,03732294
-0,05583167
-0,1391247
-0,07482767
1,788139E-05
-0,1784876
-0,310424
1,788139E-05
-0,1784876
-0,310424
-0,1104534
-0,5539023
-0,2424031
-0,1774132
-0,4086211
0,2418801
-0,1774132
-0,4086211
0,2418801
-0,4115105
0,2418607
1,122621
-0,08396506
0,4970595
0,2785981
-0,08396506
0,4970595
0,2785981
-0,00423789
0,5322799
-0,2046108
0,123632
0,3073595
-0,5213618
0,07546544
0,1057297
-0,4312322
0,07546544
0,1057297
-0,4312322
0,1760662
0,1880474
-0,9532154
0,005948544
0,09322613
-0,1671255
0,005948544
0,09322613
-0,1671255
-0,06116033
0,0702247
0,006100535
-0,00487566
0,2496436
-0,01055151
-0,00487566
0,2496436
-0,01055151
0,01137853
0,497894
-0,1003444
-0,01926422
-0,1760684
0,02704561
0,00936389
-0,1107134
-0,1453668
0,00936389
-0,1107134
-0,1453668
0,06842017
-0,3779665
-0,7140473
0,05590916
-0,1341291
-0,3391072
0,05590916
-0,1341291
-0,3391072
-0,05457401
-0,007078052
0,2247825
-0,0294745
0,1987062
0,1535013
-0,0294745
0,1987062
0,1535013
0,06511211
0,3879972
-0,1339838
0,06862879
0,06753206
-0,2802938
0,06862879
0,06753206
-0,2802938
0,1088917
-0,5097829
-0,7818699
-0,0685513
-0,227394
0,1169711
-0,1053393
-0,2459794
0,2187878
-0,1053393
-0,2459794
0,2187878
-0,1184583
0,1108579
0,3521055
-0,06346107
0,1626179
0,1804411
-0,06346107
0,1626179
0,1804411
-0,01797676
0,3684476
-0,02753586
0,0213027
0,09311438
-0,1437247
0,0213027
0,09311438
-0,1437247
0,1373827
0,1137644
-0,9012893
0,07647872
-0,001934916
-0,4450068
0,07100701
0,06689504
-0,4018843
0,07100701
0,06689504
-0,4018843
-0,01093347
0,2152425
-0,07235003
0,006281659
0,1471207
-0,03859165
0,006281659
0,1471207
-0,03859165
-0,1112985
0,1223031
-0,0960809
-0,1881331
-0,07286225
-0,1029164
-0,1881331
-0,07286225
-0,1029164
-0,370469
-0,06628457
-0,2574978
-0,2532349
-0,1250798
-0,2086904
-0,2532349
-0,1250798
-0,2086904
-0,08469641
0,02439415
-0,1036353
-0,0412128
-0,01458019
-0,07285643
-0,05551314
-0,01899081
-0,07427692
-0,05551314
-0,01899081
-0,07427692
-0,3066598
-0,04623294
-0,2802377
0,04525566
-0,018729
-0,02368784
0,04525566
-0,018729
-0,02368784
-0,2210267
0,01065785
-0,1877384
-0,279129
0,05638951
-0,3378458
-0,279129
0,05638951
-0,3378458
-0,6479542
0,1184789
-0,6308985
-0,2978163
0,1872012
-0,4497809
0,3399446
-1,677424
-3,151021
0,3399446
-1,677424
-3,151021
-0,07014155
0,0286653
-0,2333508
-0,1251335
0,05987811
-0,7610075
-0,1251335
0,05987811
-0,7610075
4,490217
3,60654
-4,010573
1,301996
-0,2342573
-1,420612
1,301996
-0,2342573
-1,420612
0,06707311
0,3202133
-0,876417
0,0272572
0,121364
-0,3494114
0,0272572
0,121364
-0,3494114
0,04401803
-0,07306784
-0,9632513
0,03402233
0,0326246
-0,6475449
0,03188252
0,1795463
-0,515376
0,03188252
0,1795463
-0,515376
0,02629757
0,4650258
-0,3126234
0,001001358
0,2051294
0,02740547
0,001001358
0,2051294
0,02740547
-0,004327297
0,1041844
-0,04503429
-0,0005185604
-0,1534469
-0,1513578
-0,0005185604
-0,1534469
-0,1513578
0,007486343
-0,1894601
-0,4757069
0,0003397465
0,04226863
0,03905073
-0,008296967
0,006143749
0,2031654
-0,008296967
0,006143749
0,2031654
-0,02702475
0,05074218
0,3114142
-0,009638071
-0,05737916
0,06614998
-0,009638071
-0,05737916
0,06614998
-0,02233386
-0,3623307
-0,1122296
0,0008583069
-0,1430981
-0,1826495
0,0008583069
-0,1430981
-0,1826495
0,004470348
0,01319572
-0,01373738
0,001519918
0,01922473
0,0107564
0,001519918
0,01922473
0,0107564
0,005561113
0,02486482
-0,130076
0,008606911
-0,0007010996
-0,174167
0,01352429
-0,006707758
-0,2983443
0,01352429
-0,006707758
-0,2983443
0,005799532
-0,06172657
-0,382252
-0,01117587
-0,149215
-0,1292154
-0,01117587
-0,149215
-0,1292154
-0,03458858
-0,4319206
-0,4275203
-0,01806617
-0,2193324
-0,3455609
-0,01806617
-0,2193324
-0,3455609
-0,03402233
-0,3590718
-0,6157279
-0,01353621
-0,09882078
-0,3027707
-0,0107944
-0,07602647
-0,4309788
-0,0107944
-0,07602647
-0,4309788
-0,03780127
-0,2206489
-0,7214084
0,00128746
0,1504317
-0,3732339
0,00128746
0,1504317
-0,3732339
-0,001108646
0,3638662
-0,40216
-0,009089708
0,06099418
-0,1662284
-0,009089708
0,06099418
-0,1662284
-0,03047585
-0,1112126
-0,5756691
-0,02086163
-0,1370788
-0,3249079
-0,02086163
-0,1370788
-0,3249079
-0,04757643
-0,335788
-0,5920276
0,0110507
0,1398616
0,006981194
0,005728006
0,03958866
0,1613259
0,005728006
0,03958866
0,1613259
-0,06394982
-0,5419381
-0,2631694
-0,02683997
-0,2359115
-0,190188
-0,02683997
-0,2359115
-0,190188
-0,02766252
-0,2273053
-0,3883496
-0,03914237
-0,3820337
-0,02999604
-0,03914237
-0,3820337
-0,02999604
-0,05901456
-0,5789489
0,06528795
-0,007003546
-0,07031411
-0,08122027
-0,0154376
-0,1360327
-0,1650661
-0,0154376
-0,1360327
-0,1650661
-0,08196831
-0,6131545
-0,7148027
-0,08779558
-0,03256429
0,005851179
-0,08779558
-0,03256429
0,005851179
-0,1021869
-0,04284756
-0,02920592
-0,03359903
-0,09755999
-0,0180136
-0,03359903
-0,09755999
-0,0180136
-0,02264465
0,05603649
-0,02384353
0,03176221
0,0787788
0,009634495
0,03176221
0,0787788
0,009634495
0,002142996
-0,0009614676
-0,01501977
-0,02149129
-0,008749813
-0,01949787
-0,04054524
-0,004466303
-0,02563941
-0,04054524
-0,004466303
-0,02563941
-0,05311209
-0,03381877
-0,0305984
-0,02655134
-0,0132922
-0,01222646
-0,02655134
-0,0132922
-0,01222646
-0,01097547
-0,01174692
-0,007508516
-0,02989376
-0,0588337
-0,03947544
-0,02989376
-0,0588337
-0,03947544
-0,09333766
-0,1236412
-0,0368017
-0,0875901
-0,03207224
-0,04729676
-0,1563536
-0,05075431
-0,08244276
-0,1563536
-0,05075431
-0,08244276
-0,2638436
-0,01152216
-0,1530771
-0,07391274
0,05651852
-0,04563165
-0,07391274
0,05651852
-0,04563165
-0,1621844
0,07157998
-0,09674454
-0,1284609
0,0493902
-0,08184075
-0,1284609
0,0493902
-0,08184075
-0,1403109
0,1636262
-0,08747673
-0,04192936
0,08733439
-0,06541371
0,09543216
0,3082123
0,2022288
0,09543216
0,3082123
0,2022288
0,3055923
0,4264324
0,4041657
0,2577918
0,1615363
0,1833547
0,2577918
0,1615363
0,1833547
0,2097718
0,2409769
0,1149543
-0,04021451
0,4011841
-0,2147645
-0,04021451
0,4011841
-0,2147645
-0,2596911
-0,5855637
0,2661222
-0,1501601
-0,1686768
0,03019339
-0,1501601
-0,1686768
0,03019339
-0,1443632
0,6724923
-0,3382417
0,09689935
0,3097127
-0,199209
0,08629159
0,04896903
0,04338396
0,08629159
0,04896903
0,04338396
-0,09819259
0,1296316
-0,06191838
-0,08806592
-0,1982608
-0,1877334
-0,08806592
-0,1982608
-0,1877334
-0,429825
0,09481251
-0,2049716
-0,5779004
-0,09234262
-0,2555871
-0,5779004
-0,09234262
-0,2555871
-0,963106
0,3058287
-0,6907911
-0,9290466
-0,4402115
-1,196326
1,221974
3,220122
-2,684828
1,221974
3,220122
-2,684828
-0,0101074
0,0003782511
0,03361154
0,001257062
-0,003070354
0,06235313
0,001257062
-0,003070354
0,06235313
-0,004335761
-0,0110364
-0,05099297
-0,02719223
-0,03348088
-0,05189037
-0,02719223
-0,03348088
-0,05189037
-0,4665767
-0,6628416
-0,8606315
-1,150256
-1,529078
-1,731235
-1,150256
-1,529078
-1,731235
2,191206
-1,376205
-3,31475
0,9277221
1,107775
-2,858714
0,4470114
0,8800485
-0,6579816
0,4470114
0,8800485
-0,6579816
-0,3532052
-0,6573029
-1,839006
-0,1770675
-0,1219757
-0,975585
-0,1770675
-0,1219757
-0,975585
-0,2381206
-0,1541287
-1,097834
closestDistance
0,7413246
0,7367325
0,7367325
0,7368358
0,7361889
0,7361889
0,7350838
0,7301558
0,7301558
0,7158566
0,7076504
0,7037351
0,7037351
0,7069488
0,7082506
0,7082506
0,7056504
0,7017062
0,7017062
0,6949789
0,6958895
0,6958895
0,699793
0,7001373
0,6995697
0,6995697
0,6973166
0,6953899
0,6953899
0,6941952
0,695487
0,695487
0,6982807
0,6982158
0,6977123
0,6977123
0,6949463
0,695074
0,695074
0,6968013
0,6979682
0,6979682
0,6979986
0,6981909
0,6983176
0,6983176
0,7003523
0,7031052
0,7031052
0,7076248
0,7071663
0,7071663
0,7059923
0,7040166
0,7040166
0,6970763
0,6907054
0,6819479
0,6819479
0,6674544
0,6622315
0,6622315
0,6521815
0,648851
0,648851
0,6447325
0,64184
0,639742
0,639742
0,6363574
0,6303081
0,6303081
0,6156007
0,6081471
0,6081471
0,5926753
0,5873657
0,5835565
0,5835565
0,580448
0,5782877
0,5782877
0,5759149
0,5751477
0,5751477
0,5728512
0,5722162
0,5722162
0,5706974
0,5677101
0,5643377
0,5643377
0,559705
0,5598449
0,5598449
0,5593749
0,5590584
0,5590584
0,5590319
0,5587366
0,5585631
0,5585631
0,557137
0,5563695
0,5563695
0,5565813
0,5567791
0,5567791
0,5507601
0,5415843
0,5415843
0,5323963
0,5270932
0,5235959
0,5235959
0,5176945
0,5135527
0,5135527
0,5020498
0,4916471
0,4916471
0,4757506
0,4509946
0,4445896
0,4445896
0,4333715
0,4240184
0,4240184
0,4040284
0,393994
0,393994
0,3811832
0,3746719
0,3652744
0,3652744
0,3464092
0,3380161
0,3380161
0,3313714
0,3293746
0,3293746
0,3258005
0,322309
0,322309
0,3147773
0,3119061
0,3106697
0,3106697
0,3028556
0,3011243
0,3011243
0,2991855
0,297844
0,297844
0,2895052
0,2795971
0,2741145
0,2741145
0,2729323
0,2741559
0,2741559
0,2728321
0,2707606
0,2707606
0,2648659
0,2636487
0,2636487
0,2644267
0,2683238
0,2750028
0,2750028
0,2871798
0,2927706
0,2927706
0,3062909
0,3155806
0,3155806
0,3215235
0,3221348
0,3214875
0,3214875
0,3081078
0,3009931
0,3009931
0,2908993
0,29101
0,29101
0,2998665
0,3030939
0,3051079
0,3051079
0,2978705
0,2905161
0,2905161
0,2800932
0,2772966
0,2772966
0,2727736
0,2675819
0,2675819
0,2632901
0,2675195
0,2732873
0,2732873
0,2815535
0,2872769
0,2872769
0,2957877
0,2976804
0,2976804
0,3104648
0,3147246
0,319085
0,319085
0,3233558
0,3237917
0,3237917
0,3268299
0,3240131
0,3240131
0,3251597
0,3277461
0,3277461
0,3423777
0,346841
0,3475564
0,3475564
0,3440548
0,3411671
0,3411671
0,341057
0,3465948
0,3465948
0,3555236
0,3593546
0,3664288
0,3664288
0,3766414
0,382558
0,382558
0,38515
0,3875114
0,3875114
0,3953785
0,3948922
0,3948922
0,3938541
0,3911466
0,3868456
0,3868456
0,3864461
0,3867604
0,3867604
0,3892344
0,3888901
0,3888901
0,3871857
0,3859674
0,3829044
0,3829044
0,3690217
0,3632323
0,3632323
0,3595494
0,3592819
0,3592819
0,3598574
0,3565768
0,3505566
0,3505566
0,330851
0,3226193
0,3226193
0,3332722
0,3454706
0,3454706
0,36231
0,3661851
0,3661851
0,3756218
0,3808629
0,3846488
0,3846488
0,3858996
0,3877823
0,3877823
0,3845592
0,3762576
0,3762576
0,3666663
0,3697802
0,374101
0,374101
0,3716586
0,3680965
0,3680965
0,3650351
0,3655931
0,3655931
0,3684032
0,368873
0,368873
0,3672106
0,3658691
0,3607336
0,3607336
0,3448538
0,3359841
0,3359841
0,3238903
0,3218613
0,3218613
0,3106521
0,3062336
0,3029627
0,3029627
0,2950545
0,2892127
0,2892127
0,2807036
0,2778348
0,2778348
0,2723155
0,2723632
0,2719313
0,2719313
0,2664009
0,2606019
0,2606019
0,2543676
0,255274
0,255274
0,2583716
0,2595036
0,2595036
0,2612749
0,2629099
0,2648504
0,2648504
0,2623256
0,2606964
0,2606964
0,2601038
0,2607649
0,2607649
0,2638336
0,262303
0,2624369
0,2624369
0,2533971
0,2414444
0,2414444
0,2288358
0,2302821
0,2302821
0,2478132
0,2607139
0,2607139
0,2617275
0,2526777
0,2405405
0,2405405
0,2432405
0,2543893
0,2543893
0,2734375
0,2749331
0,2749331
0,2574506
0,2422708
0,2327618
0,2327618
0,2453588
0,2605146
0,2605146
0,2766301
0,2630128
0,2630128
0,2397124
0,2353574
0,2353574
0,2424403
0,2508453
0,2598638
0,2598638
0,2554748
0,244881
0,244881
0,2397139
0,2424852
0,2424852
0,2468105
0,2502066
0,2493389
0,2493389
0,2237522
0,2155937
0,2155937
0,2091521
0,2121413
0,2121413
0,2291563
0,240498
0,240498
0,2552737
0,255518
0,2543965
0,2543965
0,2595073
0,2676347
0,2676347
0,2846523
0,2915986
0,2915986
0,3001416
0,3036588
0,3074922
0,3074922
0,3222207
0,3331573
0,3331573
0,3434927
0,34034
0,34034
0,338862
0,3423938
0,3423938
0,3610432
0,3682339
0,3748057
0,3748057
0,3751388
0,3745782
0,3745782
0,3756576
0,3769303
0,3769303
0,3826227
0,3848934
0,383437
0,383437
0,3818231
0,381734
0,381734
0,3823736
0,3836669
0,3836669
0,3868617
0,3876225
0,3876225
0,388711
0,3891596
0,3907402
0,3907402
0,3954954
0,4035231
0,4035231
0,4191245
0,5170597
0,5170597
0,5234782
0,5288836
0,5259042
0,5259042
0,5975642
0,6119068
0,6119068
0,6396406
0,6510286
0,6510286
0,6672184
0,670295
0,6734636
0,6734636
0,6872498
0,6961128
0,6961128
0,7067927
0,7002019
0,7002019
0,6909481
0,6883832
0,6883832
0,6907325
0,6952576
0,6987045
0,6987045
0,7012383
0,7016395
0,7016395
0,6994721
0,6989971
0,6989971
0,7060977
0,7086419
0,7119552
0,7119552
0,712665
0,7079621
0,7079621
0,6948411
0,6894649
0,6894649
0,6850901
0,6800281
0,6800281
0,6719226
0,6722082
0,6709334
0,6709334
0,6704106
0,6724321
0,6724321
0,687254
0,6903406
0,6903406
0,7014098
0,7073871
0,7109522
0,7109522
0,7043669
0,6944903
0,6944903
0,6772813
0,6716416
0,6716416
0,6603832
0,6518317
0,6518317
0,6289621
0,6127842
0,5922787
0,5922787
0,554604
0,54001
0,54001
0,521843
0,5093343
0,5093343
0,4807096
0,4696703
0,4644127
0,4644127
0,4545741
0,4529291
0,4529291
0,4479088
0,4412366
0,4412366
0,4276943
0,4220881
0,4191189
0,4191189
0,4187433
0,4200092
0,4200092
0,4130378
0,402383
0,402383
0,3919165
0,388175
0,388175
0,3778664
0,3752266
0,369959
0,369959
0,3537913
0,3384159
0,3384159
0,3113371
0,2964207
0,2964207
0,2744669
0,273466
0,2754343
0,2754343
0,272934
0,2726897
0,2726897
0,2768235
0,2829953
0,2829953
0,3012972
0,3106879
0,3106879
0,313015
0,3080076
0,3000866
0,3000866
0,2909226
0,2902803
0,2902803
0,294131
0,292898
0,292898
0,2777443
0,2715279
0,269568
0,269568
0,2730895
0,2761998
0,2761998
0,2728581
0,2697414
0,2697414
0,2675184
0,2704568
0,2704568
0,2806781
0,285241
0,2911084
0,2911084
0,3016198
0,3022756
0,3022756
0,296257
0,2905989
0,2905989
0,2882189
0,2909334
0,2943763
0,2943763
0,3026248
0,3039481
0,3039481
0,3001601
0,3004585
0,3004585
0,3089974
0,3147001
0,3147001
0,3161793
0,3159083
0,3141291
0,3141291
0,3232828
0,3277363
0,3277363
0,3296092
0,3287451
0,3287451
0,3255759
0,3291394
0,3379112
0,3379112
0,3550962
0,3599746
0,3599746
0,3570112
0,3531069
0,3531069
0,3615463
0,3661658
0,3734041
0,3734041
0,3785521
0,3728966
0,3728966
0,3677202
0,3664766
0,3664766
0,3645814
0,3655961
0,3655961
0,365661
0,3630382
0,3596163
0,3596163
0,3684233
0,3689673
0,3689673
0,3643945
0,3641344
0,3641344
0,3613291
0,3598086
0,357479
0,357479
0,3548594
0,3546069
0,3546069
0,352311
0,348269
0,348269
0,3333862
0,3245101
0,3245101
0,3122049
0,3069618
0,2986146
0,2986146
0,2806124
0,2702622
0,2702622
0,2551973
0,2483542
0,2483542
0,240842
0,2394847
0,2408907
0,2408907
0,2461795
0,2467743
0,2467743
0,2446631
0,2445634
0,2445634
0,2484171
0,2531773
0,2531773
0,2609386
0,2602161
0,2546779
0,2546779
0,2487711
0,2480407
0,2480407
0,266427
0,2805004
0,2805004
0,3045664
0,3095507
0,3080947
0,3080947
0,3073097
0,311505
0,311505
0,3257553
0,3309713
0,3309713
0,3252815
0,3242677
0,3242677
0,3306942
0,3429803
0,3582543
0,3582543
0,3794958
0,3867426
0,3867426
0,4004217
0,4141863
0,4141863
0,4388824
0,4496242
0,4584998
0,4584998
0,4634507
0,4673714
0,4673714
0,4836295
0,4933034
0,4933034
0,504335
0,5078802
0,5083991
0,5083991
0,5077794
0,5099297
0,5099297
0,5283046
0,5423849
0,5423849
0,5598009
0,561548
0,561548
0,565204
0,5751325
0,5889553
0,5889553
0,6291175
0,6496704
0,6496704
0,6670882
0,6711744
0,6711744
0,6814055
0,6898718
0,6979395
0,6979395
0,7075763
0,7113193
0,7113193
0,7148154
0,7136894
0,7136894
0,7015328
0,6970986
0,6970986
0,7002853
0,7044094
0,7099285
0,7099285
0,7050284
0,7003897
0,7003897
0,6971524
0,700484
0,700484
0,707979
0,7109357
0,7100665
0,7100665
0,7116865
0,7120742
0,7120742
0,7183508
0,7232481
0,7232481
0,7308206
0,736558
0,736558
0,7400294
0,7400877
0,7407123
0,7407123
0,7413719
0,7443503
0,7443503
0,7537844
0,7575486
0,7575486
0,7482151
0,7445196
0,7418815
0,7418815
0,7406406
0,7446989
0,7446989
0,754854
0,7476261
0,7476261
0,7325014
0,7233288
0,7147183
0,7147183
0,7105485
0,7151713
0,7151713
0,7217554
0,722093
0,722093
0,7173761
0,7146045
0,7146045
0,7159683
0,7177646
0,7187636
0,7187636
0,7156003
0,7142996
0,7142996
0,7132523
0,7161123
0,7161123
0,7262207
0,7301663
0,733988
0,733988
0,741449
0,7472306
0,7472306
0,7626678
0,7678543
0,7678543
0,7648366
0,7604761
0,7604761
0,7486342
0,7445399
0,7443252
0,7443252
0,7513566
0,7572926
0,7572926
0,7645608
0,7595294
0,7595294
0,7453206
0,7397717
0,7365869
0,7365869
0,7380695
0,7429584
0,7429584
0,7511541
0,7511024
0,7511024
0,7416472
0,7330273
0,7330273
0,7185905
0,7151054
0,7169724
0,7169724
0,7222726
0,7253424
0,7253424
0,7261848
0,7249588
0,7249588
0,7225979
0,7243164
0,7268461
0,7268461
0,732836
0,7332947
0,7332947
0,7321123
0,7293715
0,7293715
0,7266759
0,7268004
0,7268004
0,7305771
0,7312314
0,7349401
0,7349401
0,7415249
0,7440518
0,7440518
0,7437395
0,7414505
0,7414505
0,7422662
0,7423896
0,7433974
0,7433974
0,7406464
0,737614
0,737614
0,7329897
0,7339386
0,7339386
0,7342667
0,7361047
0,7361047
0,7219847
0,7134604
0,705314
0,705314
0,6978409
0,6890863
0,6890863
0,6716024
0,665679
0,665679
0,6545992
0,6475767
0,6397274
0,6397274
0,6282341
0,624671
0,624671
0,6168439
0,6079594
0,6079594
0,5900134
0,5822295
0,5769299
0,5769299
0,5654248
0,5579244
0,5579244
0,5356737
0,5260758
0,5260758
0,5156119
0,5112773
0,5112773
0,5022828
0,4945432
0,4859759
0,4859759
0,473626
0,4665231
0,4665231
0,4509825
0,4435139
0,4435139
0,4347796
0,4333043
0,4345872
0,4345872
0,4360414
0,4330092
0,4330092
0,4117777
0,4010813
0,4010813
0,3850598
0,3784789
0,3784789
0,37542
0,3718534
0,3631543
0,3631543
0,3458437
0,3381007
0,3381007
0,3273941
0,3279912
0,3279912
0,3300963
0,3255303
0,3207965
0,3207965
0,309247
0,3126859
0,3126859
0,315755
0,3156682
0,3156682
0,3157741
0,3149197
0,3149197
0,3122813
0,3105949
0,309752
0,309752
0,3111834
0,3137369
0,3137369
0,314961
0,3118748
0,3118748
0,3046595
0,304696
0,3057525
0,3057525
0,3005256
0,2946293
0,2946293
0,2828646
0,2792462
0,2792462
0,2741328
0,2721349
0,2702073
0,2702073
0,2588557
0,2529133
0,2529133
0,245298
0,2427726
0,2427726
0,2345412
0,230883
0,230883
0,2273577
0,2269013
0,2258026
0,2258026
0,2229827
0,2216366
0,2216366
0,2200052
0,2200023
0,2200023
0,220852
0,2216435
0,222769
0,222769
0,2241563
0,2240006
0,2240006
0,2230315
0,2230955
0,2230955
0,2268656
0,2319358
0,2319358
0,232205
0,2309623
0,22642
0,22642
0,2241144
0,2290056
0,2290056
0,2436502
0,2454995
0,2454995
0,2395275
0,2299674
0,2225216
0,2225216
0,2067398
0,2036112
0,2036112
0,2029143
0,2019938
0,2019938
0,1993398
0,1999291
0,1977222
0,1977222
0,1872369
0,1826463
0,1826463
0,1858012
0,1874267
0,1874267
0,1848719
0,1808141
0,1808141
0,170862
0,1727081
0,1759774
0,1759774
0,1799069
0,1815929
0,1815929
0,179757
0,1773293
0,1773293
0,1639494
0,1579763
0,1526802
0,1526802
0,1515028
0,1509056
0,1509056
0,147803
0,1439595
0,1439595
0,1353261
0,1293451
0,1293451
0,1265897
0,1250995
0,1234264
0,1234264
0,1154348
0,1156512
0,1156512
0,1098541
0,1008464
0,1008464
0,08250532
0,07148502
0,06472261
0,06472261
0,05433384
0,05238617
0,05238617
0,1553337
0,1920706
0,1920706
0,2067849
0,212808
0,212808
0,2278868
0,238695
0,2480327
0,2480327
0,2552404
0,2557015
0,2557015
0,2568673
0,258637
0,258637
0,2657828
0,2653066
0,2618751
0,2618751
0,2566755
0,2552442
0,2552442
0,2554249
0,257962
0,257962
0,258283
0,2581857
0,2581857
0,2604998
0,2635033
0,2686445
0,2686445
0,2749958
0,2766406
0,2766406
0,2825693
0,2879792
0,2879792
0,2979602
0,3031132
0,3106675
0,3106675
0,3232073
0,3301546
0,3301546
0,3379238
0,3409861
0,3409861
0,3512092
0,3569108
0,3569108
0,3672915
0,367345
0,3644116
0,3644116
0,3685573
0,3718955
0,3718955
0,3790188
0,3794779
0,3794779
0,3783896
0,379959
0,3831481
0,3831481
0,3971499
0,3900295
0,3900295
0,3900133
0,3898365
0,3898365
0,39002
0,3896642
0,3896642
0,3897575
0,3897851
0,3898025
0,3898025
0,3899299
0,3898355
0,3898355
0,3898639
0,3905745
0,3905745
0,3910013
0,3913595
0,3920226
0,3920226
0,3935469
0,3938372
0,3938372
0,394596
0,3953771
0,3953771
0,3957041
0,3965395
0,3916413
0,3916413
0,3845216
0,382363
0,382363
0,3809362
0,384618
0,384618
0,3749584
0,3723497
0,3723497
0,3772357
0,3820469
0,3813544
0,3813544
0,3808497
0,3843576
0,3843576
0,3853323
0,3878236
0,3878236
0,399314
0,4202609
0,4814756
0,4814756
0,4665755
0,4591373
0,4591373
0,4629679
0,4514998
0,4514998
0,4584793
0,4912498
0,4912498
0,5633993
0,6201499
0,6343247
0,6343247
0,6699753
0,6890444
0,6890444
0,7104986
timeStamps
3,086955
3,100903
3,115028
3,128981
3,142653
3,156936
3,170868
3,184535
3,198476
3,212505
3,226665
3,240498
3,254525
3,268159
3,282127
3,296075
3,310197
3,324121
3,338203
3,351593
3,365718
3,379538
3,393778
3,407681
3,421987
3,435567
3,449471
3,463418
3,477139
3,491399
3,505034
3,519629
3,533179
3,547023
3,561117
3,57491
3,588909
3,602805
3,616979
3,63068
3,644622
3,658376
3,672717
3,686087
3,700299
3,713928
3,728039
3,741949
3,756089
3,769846
3,783903
3,797993
3,812079
3,825874
3,839678
3,853435
3,867695
3,882027
3,895159
3,909389
3,923282
3,937193
3,951061
3,965277
3,979173
3,992589
4,00648
4,020601
4,034454
4,048499
4,062495
4,076674
4,090427
4,10444
4,11817
4,132101
4,146301
4,160107
4,17396
4,188016
4,201974
4,215745
4,229846
4,2439
4,257787
4,271668
4,285676
4,299737
4,313418
4,327356
4,341434
4,35484
4,369021
4,383024
4,397006
4,410942
4,424665
4,43908
4,45265
4,466388
4,480524
4,494268
4,508442
4,522205
4,536723
4,550441
4,563879
4,578063
4,592012
4,60625
4,619601
4,633528
4,647882
4,661519
4,67576
4,689295
4,703531
4,717643
4,73123
4,745539
4,759172
4,773259
4,78704
4,801405
4,815001
4,828773
4,84269
4,85687
4,870805
4,884955
4,899128
4,912726
4,926137
4,940165
4,954037
4,96842
4,981872
4,996231
5,009684
5,023691
5,03755
5,051845
5,065712
5,079747
5,093602
5,107502
5,121108
5,135247
5,149348
5,163137
5,177088
5,190986
5,204978
5,218562
5,232771
5,246715
5,26103
5,27494
5,288171
5,302877
5,316207
5,330081
5,343795
5,358135
5,371749
5,385911
5,399661
5,413728
5,427577
5,441922
5,45565
5,469657
5,483311
5,497517
5,511618
5,525582
5,539281
5,552783
5,566856
5,580669
5,594489
5,608947
5,622509
5,636328
5,650272
5,664349
5,678245
5,692103
5,70631
5,720161
5,734187
5,747912
5,761954
5,775912
5,789832
5,803664
5,817662
5,831328
5,845433
5,859229
5,873555
5,887093
5,901729
5,914853
5,928862
5,943038
5,956747
5,971004
5,985109
5,998661
6,012599
6,026375
6,040539
6,054446
6,068134
6,082648
6,096049
6,110144
6,124044
6,137732
6,151649
6,165885
6,179532
6,193703
6,207264
6,221602
6,235124
6,249032
6,26331
6,277573
6,291064
6,305077
6,318885
6,333177
6,347137
6,361044
6,375009
6,388615
6,402767
6,416786
6,430611
6,444222
6,458392
6,47212
6,485905
6,499951
6,51385
6,527429
6,541522
6,555344
6,569122
6,583815
6,597305
6,611214
6,625076
6,639078
6,652717
6,666717
6,680919
6,694658
6,708759
6,722759
6,736509
6,750565
6,764458
6,778603
6,792222
6,806144
6,820265
6,834189
6,84782
6,861916
6,875757
6,889986
6,904193
6,917614
6,931459
6,945422
6,959104
6,973264
6,987041
7,001443
7,015026
7,029066
7,042974
7,056607
7,070586
7,084529
7,09871
7,112675
7,126491
7,140434
7,154431
7,168068
7,182011
7,196266
7,210094
7,223722
7,237877
7,251776
7,265458
7,279612
7,293391
7,307594
7,321208
7,335446
7,34914
7,363103
7,377012
7,390992
7,40528
7,419069
7,432932
7,446654
7,460499
7,474432
7,488411
7,502492
7,51628
7,530195
7,544412
7,557829
7,572081
7,585822
7,600037
7,613798
7,627954
7,641693
7,655467
7,669238
7,683421
7,697162
7,711325
7,725068
7,739152
7,752959
7,767035
7,780891
7,794754
7,809236
7,822999
7,836413
7,850586
7,864626
7,878595
7,892324
7,90594
7,920198
7,934035
7,947711
7,96192
7,97581
7,989746
8,003502
8,017485
8,031394
8,045429
8,059192
8,073216
8,087428
8,101079
8,115007
8,128782
8,14291
8,15676
8,170535
8,18476
8,198615
8,212569
8,226195
8,240053
8,254133
8,268169
8,282528
8,295941
8,310133
8,323783
8,337797
8,351471
8,365421
8,379642
8,393313
8,40724
8,421409
8,435177
8,449022
8,462998
8,477358
8,490655
8,504869
8,518573
8,532478
8,546306
8,560297
8,574362
8,588554
8,602101
8,616343
8,630253
8,644173
8,657707
8,671697
8,685641
8,699764
8,713799
8,727465
8,741427
8,755249
8,769153
8,783147
8,797193
8,81106
8,824683
8,838697
8,852932
8,866474
8,880623
8,89458
8,908754
8,922289
8,936714
8,950294
8,9642
8,978073
8,991776
9,005828
9,019736
9,033911
9,047483
9,061821
9,075693
9,089632
9,103519
9,117412
9,13133
9,145266
9,15908
9,173064
9,187329
9,20108
9,214683
9,228457
9,242416
9,256284
9,270345
9,284475
9,298514
9,312619
9,325902
9,339985
9,353981
9,367828
9,38189
9,395736
9,409772
9,423672
9,437352
9,451459
9,465349
9,479017
9,493281
9,50777
9,520947
9,534982
9,5488
9,562698
9,576632
9,590495
9,604753
9,61837
9,632506
9,64657
9,660564
9,674078
9,688321
9,701903
9,715937
9,729773
9,74364
9,757819
9,771536
9,785646
9,799516
9,813233
9,827655
9,841045
9,855252
9,869118
9,883185
9,897053
9,910687
9,924669
9,938866
9,952803
9,96655
9,980879
9,99426
10,0082
10,02223
10,03627
10,05032
10,06399
10,07827
10,09183
10,10592
10,11988
10,1336
10,14732
10,16165
10,17527
10,18936
10,20339
10,21742
10,23127
10,24497
10,25911
10,27306
10,28699
10,30059
10,31464
10,3285
10,34257
10,35624
10,37021
10,38446
10,39818
10,41211
10,42613
10,43994
10,45381
10,46793
10,48174
10,49534
10,50935
10,52335
10,53718
10,55127
10,5653
10,57945
10,59301
10,60679
10,6209
10,63498
10,64911
10,66274
10,67681
10,69064
10,70456
10,71854
10,73249
10,74599
10,76012
10,77416
10,78776
10,80159
10,8155
10,82953
10,84346
10,85751
10,87175
10,88533
10,89927
10,9132
10,9273
10,9411
10,95539
10,96897
10,983
10,99689
11,01058
11,02459
11,03845
11,05263
11,0663
11,08041
11,09414
11,10826
11,12193
11,13636
11,14972
11,16388
11,17761
11,19141
11,20583
11,21946
11,23329
11,2474
11,26121
11,27529
11,28919
11,30353
11,31736
11,33147
11,34503
11,35865
11,37263
11,38689
11,40036
11,41435
11,42902
11,44251
11,45619
11,47028
11,48412
11,49785
11,51233
11,52565
11,53969
11,55362
11,56768
11,58145
11,5952
11,60919
11,62333
11,63798
11,65132
11,66512
11,67903
11,69275
11,70682
11,72091
11,73452
11,7484
11,7624
11,77622
11,79067
11,80405
11,81854
11,83183
11,84584
11,85992
11,87374
11,88785
11,90167
11,91584
11,92944
11,94361
11,95753
11,97139
11,9854
11,99913
12,01322
12,02701
12,041
12,05471
12,06902
12,08268
12,09705
12,1109
12,12456
12,13812
12,15218
12,16616
12,18015
12,19413
12,20798
12,22225
12,2359
12,24988
12,26356
12,27763
12,29141
12,30566
12,31966
12,33346
12,34713
12,36107
12,37488
12,3889
12,40279
12,41698
12,43065
12,4448
12,45872
12,47236
12,48646
12,5004
12,51462
12,52838
12,54211
12,55627
12,57012
12,58388
12,59784
12,61174
12,62568
12,63939
12,65353
12,66745
12,68139
12,6952
12,7092
12,72324
12,73701
12,75134
12,76486
12,77854
12,79252
12,80658
12,82071
12,83454
12,84871
12,86259
12,87655
12,89021
12,90397
12,918
12,93221
12,94571
12,95975
12,97415
12,98759
13,00158
13,01562
13,02959
13,04317
13,05726
13,07112
13,08496
13,09898
13,11285
13,12732
13,1408
13,15475
13,16891
13,18276
13,19648
13,21062
13,22416
13,23818
13,25216
13,26594
13,27986
13,29393
13,30836
13,32199
13,33562
13,34987
13,36338
13,37737
13,39128
13,40571
13,41946
13,43296
13,44705
13,46084
13,47517
13,48889
13,50325
13,51677
13,53052
13,54481
13,55834
13,57228
13,58635
13,60017
13,61405
13,62814
13,64216
13,65588
13,66976
13,68386
13,69763
13,71182
13,72525
13,73947
13,75315
13,76742
13,78142
13,79494
13,80898
13,82309
13,83675
13,85083
13,8646
13,879
13,8926
13,90695
13,92042
13,9349
13,9484
13,9624
13,97609
13,99049
14,0038
14,01779
14,03166
14,0459
14,05947
14,07353
14,08776
14,10131
14,11553
14,12907
14,14325
14,15702
14,17111
14,18487
14,19881
14,21315
14,22657
14,24083
14,25443
14,26838
14,28249
14,29627
14,31073
14,32435
14,33792
14,35226
14,36605
14,37962
14,39357
14,40789
14,42163
14,43532
14,44946
14,46321
14,47718
14,49155
14,50505
14,51916
14,5328
14,54714
14,56077
14,57488
14,58893
14,6025
14,61661
14,63074
14,6444
14,65849
14,67238
14,68652
14,70068
14,71433
14,72799
14,74155
14,7558
14,76989
14,78322
14,79741
14,8113
14,82541
14,83907
14,85325
14,86721
14,88111
14,895
14,90881
14,92288
14,93647
14,9507
14,96459
14,97857
14,99296
15,00612
15,0201
15,03415
15,048
15,06166
15,07593
15,08982
15,10362
15,11777
15,13148
15,14578
15,1597
15,17343
15,18712
15,20118
15,21523
15,22918
15,24314
15,25698
15,27119
15,28461
15,29869
15,31271
15,32646
15,34043
15,35438
15,36841
15,38202
15,39596
15,41
15,42376
15,4378
15,45204
15,46572
15,47956
15,49381
15,5074
15,52161
15,5354
15,54956
15,56318
15,57697
15,59094
15,60491
15,61909
15,63324
15,64704
15,66074
15,67458
15,68857
15,70231
15,71662
15,72997
15,74436
15,75785
15,77214
15,78606
15,79982
15,81368
15,82787
15,84148
15,85552
15,86965
15,88353
15,89748
15,9115
15,92543
15,93894
15,9531
15,96683
15,98077
15,99472
16,00893
16,02299
16,03637
16,05067
16,06447
16,07816
16,09208
16,1067
16,11996
16,13401
16,14802
16,16188
16,17581
16,18975
16,20371
16,21766
16,23191
16,24575
16,25946
16,27317
16,28741
16,30115
16,31539
16,32879
16,34269
16,35678
16,37075
16,38448
16,39861
16,41233
16,42661
16,44068
16,45477
16,46879
16,48246
16,49614
16,51014
16,52409
16,53786
16,55206
16,56608
16,57999
16,59362
16,60752
16,62146
16,63552
16,6491
16,66276
16,67677
16,6909
16,70534
16,7191
16,73242
16,74657
16,76027
16,7744
16,78839
16,80219
16,8163
16,83005
16,84417
16,8582
16,87179
16,88588
16,89974
16,91407
16,92766
16,94157
16,95523
16,96946
16,9832
16,99767
17,01163
17,02509
17,03912
17,05258
17,06669
17,08077
17,09463
17,10888
17,12242
17,13633
17,15057
17,16417
17,1782
17,19202
17,20621
17,21997
17,23411
17,24777
17,26165
17,27577
17,2895
17,3041
17,31728
17,33159
17,34494
17,35933
17,37284
17,38706
17,40115
17,41471
17,42889
17,44285
17,45656
17,47039
17,48453
17,49843
17,51218
17,52651
17,54029
17,55421
17,56808
17,58182
17,5962
17,60969
17,62387
17,63756
17,65212
17,6655
17,67936
17,69316
17,70727
17,72136
17,73537
17,74915
17,76299
17,77725
17,79111
17,80474
17,81858
17,83254
17,84649
17,86054
17,87428
17,88852
17,90216
17,9162
17,93006
17,94389
17,95792
17,97194
17,98598
17,99985
18,0137
18,02766
18,04167
18,05521
18,06936
18,08308
18,0971
18,11112
18,12494
18,13877
18,15277
18,16743
18,1808
18,1945
18,2086
18,22267
18,2363
18,25026
18,26432
18,27795
18,29226
18,30582
18,32011
18,334
18,3475
18,36185
18,37565
18,38957
18,40357
18,41745
18,43148
18,44546
18,45892
18,47312
18,48694
18,50072
18,51464
18,52893
18,54297
18,55646
18,57052
18,58454
18,59824
18,6125
18,62609
18,64017
18,65348
18,66785
18,68143
18,69538
18,70945
18,72322
18,73785
18,75142
18,76517
18,77925
18,79272
18,80674
18,82093
18,83483
18,84855
18,86249
18,87661
18,89033
18,90457
18,91814
18,93245
18,94623
18,96017
18,97397
18,98776
19,00191
19,01579
19,03023
19,04354
19,05758
19,07144
19,08535
19,09926
19,11336
19,12722
19,14141
19,1552
19,16898
19,18276
19,19709
19,21068
19,22469
19,23838
19,25249
19,26618
19,28015
19,29455
19,30801
19,32209
19,33599
19,34965
19,36364
19,37758
19,39193
19,40592
19,41944
19,43338
19,44736
19,46123
19,47504
19,48931
19,50287
19,51719
19,53128
19,54467
19,55862
19,57268
19,58684
19,60039
19,6141
19,62857
19,64198
19,65627
19,66984
19,68416
19,69785
19,71189
19,72571
19,73967
19,75345
19,76729
19,78148
19,79563
19,80935
19,82338
19,83734
19,85094
19,86479
19,87885
19,89262
19,90673
19,92055
19,93456
19,94834
19,96267
19,97633
19,99005
20,00405
20,01801
20,03206
20,04595
20,05988
20,07374
20,08766
20,10149
20,11564
20,1295
20,14326
20,15767
20,17112
20,18526
20,19904
20,21302
20,22692
20,2408
20,25499
20,26869
20,28248
20,29673
20,31042
20,3243
20,33848
20,35212
20,36658
20,38022
20,39385
20,40801
20,4218
20,4356
20,45004
20,46355
20,47756
20,49143
20,50547
20,51943
20,53324
20,54734
20,56107
20,57484
20,58902
20,60262
20,61697
20,63076
20,64473
20,65832
20,67246
20,68632
20,70025
20,71397
20,72794
20,74183
20,75591
20,76988
20,78394
20,7979
20,81183
20,8259
20,83938
20,85335
20,86736
20,88129
20,89557
20,90936
20,92345
20,93731
20,95109
