participantNumber
3
repetitionNum
1
sdfEnabled
0
taskTime
10,1225
numHits
7
positionDifference
0,1049876
angleDifference
43,79801
finalPosX
-0,01765096
finalPosY
-0,01943143
finalPosZ
-0,7363599
finalRotX
3,563681
finalRotY
42,82698
finalRotZ
10,20356
taskType
torus
velocityMagnitude
0,3128847
0,2216303
0,2216303
0,7326215
0,5389916
0,5389916
0,5851911
0,2569508
0,2569508
0,688791
0,3692385
0,3692385
0,7702628
0,4243487
0,4173215
0,4173215
0,4499375
0,2511459
0,2511459
0,6359811
0,192543
0,192543
0,276181
0,4737282
0,2663225
0,2663225
0,1311561
0,1464329
0,1464329
0,6737089
0,3219006
0,3219006
0,5790849
0,1874579
0,1262271
0,1262271
0,1426736
0,1485724
0,1485724
0,3689165
0,1870103
0,1870103
0,3904642
0,1656631
0,1656631
0,1288902
0,1085252
0,1982901
0,1982901
0,6473303
0,3236231
0,3236231
0,4729857
0,1711415
0,1711415
1,078531
0,6639799
0,4123652
0,4123652
0,6375782
0,480071
0,480071
1,046795
0,6004294
0,6004294
1,358114
0,5400373
0,5400373
0,6823889
0,4774122
0,5516668
0,5516668
1,029745
0,4645444
0,4645444
0,8418689
0,3074514
0,3074514
0,9246698
1,108214
0,422311
0,422311
0,8215484
0,8832796
0,8832796
0,7072603
0,5841589
0,5841589
0,7330406
0,5764234
0,3248394
0,3248394
0,6102196
0,3027945
0,3027945
0,6349631
0,2184447
0,2184447
0,4706179
0,2770515
0,2770515
0,6494086
0,4003495
0,2663935
0,2663935
0,3511097
0,160031
0,160031
0,5506402
0,2581666
0,2581666
0,6959675
0,1704605
0,1156615
0,1156615
0,6145732
0,3365283
0,3365283
1,200794
0,2875665
0,2875665
0,6024052
0,4116666
0,3754169
0,3754169
0,8886461
0,3727466
0,3727466
0,8170255
0,2278727
0,2278727
0,6015455
0,5617077
0,5617077
0,8664816
0,2855383
0,4622256
0,4622256
1,188173
0,5913893
0,5913893
1,572377
0,6272948
0,6272948
1,100629
0,7249863
0,4863781
0,4863781
1,034815
0,3886881
0,3886881
1,125965
0,623918
0,623918
1,386679
0,5326642
0,5326642
0,9630229
0,3458142
0,4580175
0,4580175
0,9875414
0,3917635
0,3917635
0,5375587
0,2246493
0,2246493
0,7331502
0,3364441
0,3706323
0,3706323
0,9053413
0,5098246
0,5098246
0,9353535
0,3459769
0,3459769
0,8358158
0,4244733
0,4244733
0,7327777
0,3426352
0,3443311
0,3443311
0,5233752
0,2733789
0,2733789
0,6834791
0,4601845
0,4601845
0,5185958
0,1813551
0,2403311
0,2403311
0,40551
0,291033
0,291033
0,3965737
0,2345248
0,2345248
0,5352637
0,2334546
0,2334546
0,6091231
0,3178925
0,4069591
0,4069591
0,7736915
0,2996389
0,2996389
0,5968845
0,2423744
0,2423744
0,6761549
0,229671
0,0644526
0,0644526
0,2996353
0,3136462
0,3136462
0,6416802
0,1747304
0,1747304
0,6224995
0,1396926
0,2353941
0,2353941
1,040105
0,3027883
0,3027883
0,3789961
0,1343002
0,1343002
0,2850146
0,1189662
0,1189662
0,6870742
0,3814041
0,4690029
0,4690029
1,06884
0,6562812
0,6562812
0,7048265
0,4436065
0,4436065
1,094187
0,5542066
0,512358
0,512358
0,5200874
0,3991029
0,3991029
0,7946175
0,405762
0,405762
0,2261873
0,3015908
0,3015908
0,8856837
0,4624904
0,4571145
0,4571145
0,8512985
0,4829915
0,4829915
1,05724
0,6532103
0,6532103
0,9118083
0,4289388
0,5486386
0,5486386
1,130725
0,5633298
0,5633298
1,002849
0,4637975
0,4637975
1,113057
0,4975387
0,526122
0,526122
0,9875958
0,5105973
0,5105973
1,241209
0,5510985
0,5510985
1,242474
0,577804
0,577804
0,7362979
0,9652228
0,4372392
0,4372392
0,9387541
0,5682384
0,5682384
1,493568
0,5934953
0,5934953
1,154467
0,5466542
0,7438483
0,7438483
1,492549
0,6939581
0,6939581
1,505422
0,8148876
0,8148876
1,822297
0,8045129
0,8045129
2,22305
0,9938575
0,932256
0,932256
1,715295
0,9965685
0,9965685
1,957985
0,9390532
0,9390532
1,182681
0,4881048
0,3900612
0,3900612
1,146196
0,6516173
0,6516173
1,299162
0,6609877
0,6609877
1,50674
0,6824591
0,6824591
1,169648
0,6226202
0,9440202
0,9440202
2,151525
0,5882342
0,5882342
0,8778335
0,8402206
0,8402206
2,109645
1,022541
1,051177
1,051177
2,141071
1,368431
1,368431
3,529569
1,705238
1,705238
2,853527
1,481562
1,481562
2,704371
1,561369
1,6277
1,6277
2,595368
0,5107746
0,5107746
1,82929
1,988511
1,988511
2,525147
0,6495539
0,6342189
0,6342189
1,714529
0,9786533
0,9786533
1,622517
1,142896
1,142896
2,412623
1,484549
1,484549
2,185882
0,6977844
0,6090732
0,6090732
0,8601293
0,441499
0,441499
1,121076
0,9799607
0,9799607
1,843927
0,7707895
0,6259635
0,6259635
1,513853
1,060387
1,060387
1,377237
0,4763815
0,4763815
1,472651
0,9409078
0,9381384
0,9381384
1,930468
0,9568701
0,9568701
1,841481
1,083654
1,083654
2,148304
0,8655918
0,8655918
1,891358
1,072873
1,101346
1,101346
2,360325
1,009731
1,009731
1,941782
1,312756
1,312756
1,485795
0,7989722
0,7593023
0,7593023
1,426816
0,7715889
0,7715889
1,239002
0,4692797
0,4692797
1,090986
0,5371771
0,5371771
0,9183283
0,4476614
0,3915745
0,3915745
1,168373
0,6644478
0,6644478
1,413213
0,7309712
0,7309712
1,249159
0,2219407
0,5533347
0,5533347
1,57534
0,5802366
0,5802366
1,638864
0,87953
0,87953
1,559923
0,5847886
0,5847886
1,777002
0,761318
0,1850334
0,1850334
0,5569389
0,7527561
0,7527561
1,800725
0,4282069
0,4282069
0,885012
0,5419751
0,7305068
0,7305068
2,069654
0,6141483
0,6141483
1,274843
0,752595
0,752595
1,468873
0,3064837
0,3064837
0,4172362
0,392878
0,3180458
0,3180458
0,653991
0,1840043
0,1840043
0,9998733
0,4462093
0,4462093
0,4945086
0,3352537
0,3915704
0,3915704
0,5369998
0,1940084
0,1940084
0,09695522
0,2118366
0,2118366
0,9266792
0,3163658
0,2362436
0,2362436
0,4961261
0,5210245
0,5210245
1,199128
0,6899405
0,6899405
1,195361
0,4650538
0,4650538
1,144959
0,5939466
0,4913844
0,4913844
0,9331385
0,3876709
0,3876709
1,033102
0,5351936
0,5351936
1,20131
0,2972874
0,2390809
0,2390809
0,7460696
0,5377632
0,5377632
1,324095
0,7950189
0,7950189
1,408078
0,5076761
0,5076761
1,394183
0,7349857
0,5697373
0,5697373
0,5166979
0,4865124
0,4865124
1,056326
0,4960523
0,4960523
0,6864867
0,6332536
0,7111439
0,7111439
1,592743
0,9947665
0,9947665
2,137396
0,89273
0,89273
1,183527
0,6281044
0,6281044
1,284089
0,694092
0,8204321
0,8204321
1,355454
0,5330993
0,5330993
0,9502077
0,4343238
0,4343238
1,126901
0,515708
0,5829231
0,5829231
1,660007
1,190482
1,190482
1,53096
0,4954143
0,4954143
1,621897
0,7092273
0,6992546
0,6992546
1,07556
0,636783
0,636783
1,231946
0,796759
0,796759
1,41827
0,4537664
0,4537664
1,73273
0,7436915
0,5304418
0,5304418
0,9515589
0,5220183
0,5220183
0,934577
0,356472
0,356472
0,6090891
0,3632638
0,3081225
0,3081225
0,378875
0,1944349
0,1944349
0,3752741
0,2170486
0,2170486
0,4956961
0,1800866
0,1800866
0,4482038
0,05448521
0,05739684
0,05739684
0,2672071
0,2836016
0,2836016
0,6386139
0,1412996
0,1412996
0,2208335
0,1069595
0,1199474
0,1199474
0,3847097
0,1105887
0,1105887
0,2805121
0,2418818
0,2418818
0,1111445
0,2989098
0,2989098
0,6696865
0,4459373
0,4082572
0,4082572
0,7345844
0,2858129
0,2858129
0,5087451
0,3820191
0,3820191
0,3487506
0,1664177
0,2447639
0,2447639
0,680079
0,6537247
0,6537247
1,421967
3,79075
3,79075
0,9217598
0,7883381
0,7883381
0,9145002
0,8334229
0,6336569
0,6336569
0,9902647
1,576858
1,576858
1,128829
0,5554979
0,5554979
0,8684606
0,4329275
0,4557227
0,4557227
0,8753342
0,2884794
0,2884794
0,6883947
0,4388168
0,4388168
0,8447167
0,4511532
0,4511532
0,9913802
0,53637
0,482609
0,482609
0,7243772
0,6090634
0,6090634
1,322821
0,5035728
0,5035728
0,9243699
0,5958458
0,5748208
0,5748208
0,8356108
0,405753
0,405753
0,683767
0,4196263
0,4196263
1,536723
0,8455548
0,5758253
0,5758253
1,685767
0,8439779
0,8439779
1,792278
0,719034
0,719034
1,255846
0,9743367
0,9743367
1,674795
0,7673373
0,7134765
0,7134765
velocityComponents
0,03269315
0,21751
-0,222525
-0,04048347
0,2005763
-0,08514822
-0,04048347
0,2005763
-0,08514822
-0,335449
0,5601339
0,3323525
-0,1726091
0,466641
0,2072781
-0,1726091
0,466641
0,2072781
-0,2196252
0,5385571
0,06457269
-0,1592994
0,1718238
0,1054704
-0,1592994
0,1718238
0,1054704
-0,4185319
0,3769018
0,3964961
-0,2097309
0,2257779
0,2034068
-0,2097309
0,2257779
0,2034068
-0,2399802
0,7215038
0,1230717
-0,09353161
0,4132397
0,02359152
-0,0657618
0,4110888
-0,02895892
-0,0657618
0,4110888
-0,02895892
-0,1388073
0,4146338
-0,1060903
-0,1359344
0,1978152
0,07392764
-0,1359344
0,1978152
0,07392764
-0,4563153
-0,1236819
0,4253834
-0,1620471
-0,05080923
0,09073019
-0,1620471
-0,05080923
0,09073019
-0,09974241
0,2277836
-0,1201749
0,05337596
0,3887929
-0,265348
-0,01692772
0,241667
-0,1106262
-0,01692772
0,241667
-0,1106262
-0,0705421
-0,07492974
-0,08130968
-0,003951788
0,05503595
-0,1356393
-0,003951788
0,05503595
-0,1356393
0,1149952
0,150726
-0,6464839
0,05683899
0,1993224
-0,2462924
0,05683899
0,1993224
-0,2462924
0,1045585
0,2917536
-0,4891694
0,007295609
0,08595884
-0,1664281
-0,04518628
0,1038298
-0,05577505
-0,04518628
0,1038298
-0,05577505
-0,1204133
0,07573068
-0,01101196
-0,03085136
0,1203313
-0,08150041
-0,03085136
0,1203313
-0,08150041
-0,02035499
0,1201443
-0,3482103
0,001090765
0,079301
-0,1693606
0,001090765
0,079301
-0,1693606
0,02464652
0,219506
-0,3219813
-0,006604195
0,09015203
-0,1388282
-0,006604195
0,09015203
-0,1388282
-0,08417368
0,09618998
-0,01658201
-0,01430511
0,00230372
-0,1075536
-0,008386374
-0,0813216
-0,1806527
-0,008386374
-0,0813216
-0,1806527
0,1179874
-0,06918758
-0,6327152
0,07324815
-0,09864867
-0,2993912
0,07324815
-0,09864867
-0,2993912
0,008285046
-0,3351703
-0,3336281
0,002968311
-0,07390827
-0,1543313
0,002968311
-0,07390827
-0,1543313
0,2241433
0,8626625
-0,6072909
0,1488328
0,5261484
-0,3766775
0,1056433
0,2279975
-0,3269583
0,1056433
0,2279975
-0,3269583
0,06229281
-0,46499
-0,4317522
0,08620024
-0,3225412
-0,3449708
0,08620024
-0,3225412
-0,3449708
0,3444076
-0,08082986
-0,9852052
0,1993239
0,211519
-0,5254
0,1993239
0,211519
-0,5254
0,4464626
0,5707324
-1,148656
0,1740217
0,1043934
-0,5004585
0,1740217
0,1043934
-0,5004585
0,1509547
-0,2727069
-0,6070405
0,1328826
-0,1067638
-0,4459441
0,1687884
0,001385435
-0,5252093
0,1687884
0,001385435
-0,5252093
0,2538085
-0,3827371
-0,9216666
0,09135008
-0,2420247
-0,3858507
0,09135008
-0,2420247
-0,3858507
0,1786649
-0,3417298
-0,7483602
-0,02310332
-0,07935582
-0,2961338
-0,02310332
-0,07935582
-0,2961338
0,04388502
0,1000991
-0,9181876
0,5665845
-0,3428004
-0,8885995
0,01369914
0,06061844
-0,4177132
0,01369914
0,06061844
-0,4177132
0,3034866
0,1089696
-0,7556211
0,5263191
0,02012905
-0,7090598
0,5263191
0,02012905
-0,7090598
0,02579504
0,2206145
-0,6714767
0,1475352
0,2778673
-0,492204
0,1475352
0,2778673
-0,492204
0,1355762
0,2129436
-0,6882024
0,3563527
-0,1038332
-0,4410163
0,06468296
0,04690289
-0,31486
0,06468296
0,04690289
-0,31486
0,1160562
0,2131395
-0,5598843
0,05694628
0,1324032
-0,2662912
0,05694628
0,1324032
-0,2662912
0,128442
0,2088077
-0,5857304
0,03336072
-0,03976636
-0,2121881
0,03336072
-0,03976636
-0,2121881
0,08475184
0,1203142
-0,4470155
0,05175471
0,1151029
-0,2466381
0,05175471
0,1151029
-0,2466381
0,1297772
0,2617557
-0,579977
0,08511543
0,05291589
-0,3876016
0,04885197
0,03601499
-0,2593875
0,04885197
0,03601499
-0,2593875
0,04605651
-0,03100894
-0,3466919
0,02422929
0,06455779
-0,1444131
0,02422929
0,06455779
-0,1444131
0,08431673
-0,0670813
-0,5399957
0,04303455
0,04461817
-0,2506137
0,04303455
0,04461817
-0,2506137
0,1114786
-0,02138168
-0,6866485
0,01131296
-0,06750822
-0,1561135
-0,01959801
-0,1139872
-0,0006511807
-0,01959801
-0,1139872
-0,0006511807
0,06404519
-0,2391782
-0,5624875
0,04084706
-0,09339675
-0,3207177
0,04084706
-0,09339675
-0,3207177
0,1609802
-0,5164575
-1,072037
0,04432797
0,07393137
-0,2743423
0,04432797
0,07393137
-0,2743423
0,0852704
0,3908571
-0,4503906
0,06123185
0,3115743
-0,2619952
0,06549954
0,2155788
-0,3002889
0,06549954
0,2155788
-0,3002889
0,1644969
0,4890014
-0,7235401
0,04310608
0,3431343
-0,139071
0,04310608
0,3431343
-0,139071
0,09583235
0,7374644
-0,3383681
0,0277102
0,1963776
-0,1122229
0,0277102
0,1963776
-0,1122229
0,04909039
0,5758878
-0,1667343
0,01160502
0,5614996
0,009954721
0,01160502
0,5614996
0,009954721
-0,03259182
0,8325458
0,2378985
0,01429319
0,2788074
-0,05995184
0,04600883
0,4063416
-0,2154581
0,04600883
0,4063416
-0,2154581
0,07814765
1,113677
-0,4066572
0,01730323
0,5817547
-0,1048967
0,01730323
0,5817547
-0,1048967
0,009083748
1,561823
-0,1816504
-0,006175041
0,6259047
-0,04127994
-0,006175041
0,6259047
-0,04127994
0,08891225
0,8843072
-0,6492153
0,04295707
0,6076664
-0,3930666
-0,00256896
0,4706584
-0,1226284
-0,00256896
0,4706584
-0,1226284
-0,02471209
1,013769
-0,2061643
0,02355576
0,2902046
-0,2574973
0,02355576
0,2902046
-0,2574973
0,0608623
0,8391693
-0,7482558
0,009971857
0,5278409
-0,332503
0,009971857
0,5278409
-0,332503
0,02011061
1,110676
-0,8299835
0,008767843
0,3947228
-0,3575586
0,008767843
0,3947228
-0,3575586
-0,04694462
0,875172
-0,399103
-0,0331521
0,3372192
-0,06907657
-0,009745359
0,3609926
-0,2817258
-0,009745359
0,3609926
-0,2817258
-0,02028942
0,7437617
-0,6493419
0,002843142
0,2334759
-0,3145784
0,002843142
0,2334759
-0,3145784
0,03784895
0,05512685
-0,5333834
0,0236392
-0,07905066
-0,2089486
0,0236392
-0,07905066
-0,2089486
0,07479787
-0,1812235
-0,7064506
0,02217293
-0,01814812
-0,3352217
0,04255176
-0,2714813
-0,2487078
0,04255176
-0,2714813
-0,2487078
0,09363294
-0,4263848
-0,7931404
0,05460382
-0,3478304
-0,3687188
0,05460382
-0,3478304
-0,3687188
0,0860095
-0,8356139
-0,4113853
0,02468824
-0,2442613
-0,2437763
0,02468824
-0,2442613
-0,2437763
0,04249811
-0,2344012
-0,8011479
0,02446175
-0,2322659
-0,3544457
0,02446175
-0,2322659
-0,3544457
0,03066659
-0,3811985
-0,6250683
-0,005477667
0,01776814
-0,3421303
0,001579523
-0,07595122
-0,3358465
0,001579523
-0,07595122
-0,3358465
-0,01155734
-0,1637369
-0,496969
-0,009977818
-0,05211532
-0,2681799
-0,009977818
-0,05211532
-0,2681799
-0,002622604
-0,3449395
-0,5900454
-0,007176399
-0,06491095
-0,455527
-0,007176399
-0,06491095
-0,455527
-0,03345013
-0,1813009
-0,4847191
-0,02393723
-0,1107261
-0,1416206
-0,02869964
-0,01284927
-0,2382651
-0,02869964
-0,01284927
-0,2382651
-0,05126595
-0,1697466
-0,3646865
-0,0230968
-0,2682954
-0,1103826
-0,0230968
-0,2682954
-0,1103826
-0,06750822
-0,2135485
-0,3272772
-0,04567504
-0,05301237
-0,2238423
-0,04567504
-0,05301237
-0,2238423
-0,08363128
-0,2257586
-0,478065
-0,04207492
-0,1417324
-0,1806729
-0,04207492
-0,1417324
-0,1806729
-0,0826478
-0,3540069
-0,4887529
-0,04372001
-0,1325324
-0,285621
-0,04111528
-0,1809955
-0,3621683
-0,04111528
-0,1809955
-0,3621683
-0,07047653
-0,6465539
-0,419046
-0,04111528
-0,2738059
-0,1145571
-0,04111528
-0,2738059
-0,1145571
-0,1100957
-0,1246616
-0,5732447
-0,048244
-0,2129562
-0,1052022
-0,048244
-0,2129562
-0,1052022
-0,08881688
-0,6395839
0,2005726
-0,05661845
-0,140889
0,1723178
-0,06227493
-0,01656413
0,001265109
-0,06227493
-0,01656413
0,001265109
-0,12483
-0,1195118
-0,2447769
-0,05212426
-0,3074318
-0,03380328
-0,05212426
-0,3074318
-0,03380328
-0,1077831
-0,601171
0,1967989
-0,0610888
-0,141789
0,08182153
-0,0610888
-0,141789
0,08182153
-0,1254022
-0,01996458
0,6094106
-0,04482269
-0,1252726
-0,04256442
-0,03600121
-0,1550488
-0,173419
-0,03600121
-0,1550488
-0,173419
-0,1513064
-0,2212331
-1,004978
-0,05473495
-0,1722559
-0,2429254
-0,05473495
-0,1722559
-0,2429254
-0,1000941
-0,3642678
-0,03046617
-0,03737211
-0,1249544
0,03203526
-0,03737211
-0,1249544
0,03203526
-0,09572506
-0,2539262
-0,08712932
-0,05291104
-0,09291321
0,05215853
-0,05291104
-0,09291321
0,05215853
-0,1321673
-0,6700143
0,07538944
-0,05512834
-0,3646247
0,09735897
-0,058043
-0,452473
0,1089171
-0,058043
-0,452473
0,1089171
-0,1282692
-0,9889238
0,3847018
-0,07311106
-0,5527281
0,3461957
-0,07311106
-0,5527281
0,3461957
-0,1491368
-0,5676079
0,3903329
-0,0762403
-0,3413171
0,2729043
-0,0762403
-0,3413171
0,2729043
-0,1626551
-1,010416
0,3871016
-0,0860393
-0,5191632
0,1738153
-0,08416772
-0,4798323
0,1587056
-0,08416772
-0,4798323
0,1587056
-0,1413882
-0,4997287
0,02777651
-0,07159114
-0,35934
-0,1582168
-0,07159114
-0,35934
-0,1582168
-0,1469314
-0,7779941
0,06747767
-0,07469654
-0,3845587
0,1057252
-0,07469654
-0,3845587
0,1057252
-0,09001493
-0,1598492
-0,1323111
-0,04630089
-0,1349173
-0,2657264
-0,04630089
-0,1349173
-0,2657264
-0,1147926
-0,6651625
-0,5734258
-0,04171133
-0,1197331
-0,4447713
-0,02814531
-0,004562736
-0,4562244
-0,02814531
-0,004562736
-0,4562244
-0,05475283
0,0436455
-0,848414
-0,03233552
-0,05232394
-0,4790589
-0,03233552
-0,05232394
-0,4790589
-0,05058646
0,08603409
-1,052518
-0,02843738
0,07887259
-0,6478071
-0,02843738
0,07887259
-0,6478071
-0,04508495
0,1729697
-0,8941159
-0,02212524
0,09259135
-0,4182413
-0,02906919
0,09088293
-0,5402774
-0,02906919
0,09088293
-0,5402774
-0,06103516
0,2229027
-1,106855
-0,02868176
0,1433462
-0,544031
-0,02868176
0,1433462
-0,544031
-0,06170869
0,1309015
-0,9923518
-0,0348866
0,01805052
-0,4621312
-0,0348866
0,01805052
-0,4621312
-0,07964373
0,2050467
-1,091105
-0,04694462
-0,008055568
-0,4952535
-0,04603863
0,07328168
-0,5189553
-0,04603863
0,07328168
-0,5189553
-0,0993073
0,0189878
-0,9824067
-0,0602603
-0,06146356
-0,5032897
-0,0602603
-0,06146356
-0,5032897
-0,1622021
-0,2449647
-1,205936
-0,1727202
-0,1380366
-0,5048002
-0,1727202
-0,1380366
-0,5048002
-0,2263501
-0,4134453
-1,149595
-0,1044764
-0,2352896
-0,5172822
-0,1044764
-0,2352896
-0,5172822
-0,1182534
-0,1086417
-0,7185734
0,126201
-0,2580264
-0,9214938
-0,05230308
0,1313567
-0,4137486
-0,05230308
0,1313567
-0,4137486
-0,102514
0,3762253
-0,8539349
-0,06225705
0,244996
-0,5089164
-0,06225705
0,244996
-0,5089164
-0,1843035
0,6766923
-1,31866
-0,07351041
0,2899081
-0,5126268
-0,07351041
0,2899081
-0,5126268
-0,02333522
1,022117
-0,5362153
0,0359714
0,5440619
-0,03916025
0,01182556
0,7243459
-0,1688004
0,01182556
0,7243459
-0,1688004
0,06614327
1,488506
-0,08762181
0,07010698
0,6704297
0,1648843
0,07010698
0,6704297
0,1648843
0,09362102
1,493267
0,1663893
0,03508925
0,810723
0,07442236
0,03508925
0,810723
0,07442236
0,008398294
1,822087
-0,02632737
0,04079938
0,7783659
0,199306
0,04079938
0,7783659
0,199306
-0,07100701
2,221268
-0,05362332
-0,04043579
0,9930171
0,005885959
-0,04440546
0,9311475
0,009682775
-0,04440546
0,9311475
0,009682775
-0,02702475
1,674873
0,3692001
0,01403689
0,8986831
0,4304886
0,01403689
0,8986831
0,4304886
-0,08683205
1,884884
0,5228579
-0,02294779
0,8459002
0,4071206
-0,02294779
0,8459002
0,4071206
0,1451194
0,458017
1,080692
0,1049817
-0,2736196
0,39033
0,06831884
-0,01234859
0,3838331
0,06831884
-0,01234859
0,3838331
0,2234221
-0,3591895
1,065284
0,1291633
-0,3434777
0,5384654
0,1291633
-0,3434777
0,5384654
0,2434492
-0,7175982
1,055276
0,1199186
-0,388445
0,521186
0,1199186
-0,388445
0,521186
0,2625644
-0,9372935
1,150133
0,1003921
-0,1127437
0,6655529
0,1003921
-0,1127437
0,6655529
0,1855552
-0,6434023
0,9589985
0,09390116
-0,4246369
0,4455581
0,1340866
-0,6018206
0,7148474
0,1340866
-0,6018206
0,7148474
0,2714992
-1,455015
1,561499
0,06648898
-0,2470717
0,5296737
0,06648898
-0,2470717
0,5296737
0,09906888
-0,3928259
0,7787585
0,08288026
-0,5189613
0,6555766
0,08288026
-0,5189613
0,6555766
0,1708806
-1,349056
1,612902
0,06123185
-0,539276
0,8666158
0,04318953
-0,6092586
0,8555189
0,04318953
-0,6092586
0,8555189
0,07277727
-1,575562
1,447928
0,03383756
-1,167244
0,7134423
0,03383756
-1,167244
0,7134423
-0,002938509
-3,099294
1,688853
-0,04140735
-1,578187
0,6445535
-0,04140735
-1,578187
0,6445535
-0,1136243
-2,682931
0,9651877
-0,08554459
-1,362182
0,5763389
-0,08554459
-1,362182
0,5763389
-0,200665
-2,530615
0,9323873
-0,1529038
-1,454661
0,5463094
-0,1867414
-1,50117
0,6008521
-0,1867414
-1,50117
0,6008521
-0,2864464
-2,558909
0,3253694
-0,06657645
-0,4443868
0,242855
-0,06657645
-0,4443868
0,242855
-0,316359
-1,685794
0,6358596
-0,325496
-1,533993
1,222741
-0,325496
-1,533993
1,222741
-0,4954696
-2,055913
1,379892
-0,1175642
-0,4880205
0,4122317
-0,1148224
-0,4681557
0,4121646
-0,1148224
-0,4681557
0,4121646
-0,338769
-1,147591
1,227959
-0,1963317
-0,5651504
0,7744812
-0,1963317
-0,5651504
0,7744812
-0,1070082
0,1062497
1,615494
0,04472733
0,5861074
0,9801477
0,04472733
0,5861074
0,9801477
-0,1827717
0,5082101
2,351397
-0,1543939
0,3087386
1,443859
-0,1543939
0,3087386
1,443859
-0,2128899
0,5696788
2,099577
0,0004410744
0,3623635
0,5963184
-0,02360344
0,2325282
0,5624443
-0,02360344
0,2325282
0,5624443
0,07959604
0,5537391
0,6533452
0,07043481
0,3515169
0,2576746
0,07043481
0,3515169
0,2576746
0,324744
1,072642
0,0281401
0,2851188
0,9137958
-0,2097793
0,2851188
0,9137958
-0,2097793
0,4387438
1,790769
-0,02671406
0,05049109
0,6303906
0,4406527
-0,020504
0,3573269
0,513544
-0,020504
0,3573269
0,513544
0,2030015
1,420657
0,4819468
0,176084
1,039647
0,1120299
0,176084
1,039647
0,1120299
0,2140582
1,331069
0,2814539
0,002759695
0,3182359
0,3544822
0,002759695
0,3182359
0,3544822
-0,02804995
1,091313
0,9884074
0,1191378
0,9241834
0,1303792
0,09858608
0,9160206
0,1768917
0,09858608
0,9160206
0,1768917
0,1781702
1,890563
0,3474653
0,0756979
0,9398766
0,1627952
0,0756979
0,9398766
0,1627952
-0,001043081
1,692836
0,7248163
-0,01543164
1,010042
0,3922805
-0,01543164
1,010042
0,3922805
0,01062751
2,085429
0,515829
-0,04619956
0,7821932
0,3678158
-0,04619956
0,7821932
0,3678158
-0,1336694
1,726542
0,7605389
-0,09601712
0,9909257
0,3998786
-0,1355469
0,9832203
0,4773557
-0,1355469
0,9832203
0,4773557
-0,2715468
2,217258
0,7623404
-0,09420301
0,9928967
0,1576035
-0,09420301
0,9928967
0,1576035
-0,3078946
1,83041
0,5703655
-0,1804162
1,189581
0,5250484
-0,1804162
1,189581
0,5250484
-0,1992524
1,441103
0,3018409
-0,02837181
0,7909149
-0,1095682
-0,0838995
0,7538557
0,03467649
-0,0838995
0,7538557
0,03467649
-0,472945
0,620082
1,194833
-0,2688766
0,1845196
0,6992906
-0,2688766
0,1845196
0,6992906
-0,4215956
0,04172772
1,16432
-0,07810593
-0,302422
0,3502339
-0,07810593
-0,302422
0,3502339
-0,1835167
-0,7228598
0,7962704
-0,003892183
-0,4975423
0,202474
-0,003892183
-0,4975423
0,202474
0,03606677
-0,8874178
0,2334863
-0,06940961
-0,3382117
0,2849489
-0,1208544
-0,1409829
0,3447443
-0,1208544
-0,1409829
0,3447443
-0,317657
-0,6188154
0,9387523
-0,2265215
-0,2066523
0,5894691
-0,2265215
-0,2066523
0,5894691
-0,4884779
-0,4571497
1,244819
-0,1908064
-0,4514515
0,5423129
-0,1908064
-0,4514515
0,5423129
-0,2348721
-0,9742722
0,745672
-0,04793406
-0,1549646
0,1514792
-0,08837581
-0,4593551
0,2955705
-0,08837581
-0,4593551
0,2955705
-0,1520157
-1,447707
0,6022722
-0,1626253
-0,37117
0,4152834
-0,1626253
-0,37117
0,4152834
-0,5806684
-0,7561319
1,333028
-0,3074944
-0,4480176
0,6915927
-0,3074944
-0,4480176
0,6915927
-0,4614294
-1,037297
1,069793
-0,08214712
-0,5227007
0,2490252
-0,08214712
-0,5227007
0,2490252
-0,2011955
-1,669031
0,5758405
-0,08306503
-0,7222429
0,225988
0,0182569
-0,1794726
0,04115403
0,0182569
-0,1794726
0,04115403
0,1203299
-0,5410265
-0,05469918
-0,09800792
-0,7017453
0,2541453
-0,09800792
-0,7017453
0,2541453
-0,276041
-1,676951
0,5951852
0,01654029
-0,4270207
0,02721846
0,01654029
-0,4270207
0,02721846
0,2122223
-0,8188635
-0,2601355
0,03766418
-0,5401459
-0,02368391
0,04370809
-0,7258818
-0,06946623
0,04370809
-0,7258818
-0,06946623
0,00616312
-2,065081
-0,1373708
0,196898
-0,4530296
-0,3649294
0,196898
-0,4530296
-0,3649294
0,5584598
-0,5468078
-1,007149
-0,01118779
-0,7502019
-0,05891621
-0,01118779
-0,7502019
-0,05891621
-0,3120303
-1,372152
0,4212171
-0,09034276
-0,2329834
0,177452
-0,09034276
-0,2329834
0,177452
-0,02530813
-0,408347
0,08184314
0,1384795
-0,2680875
-0,2516061
0,1271725
-0,2088204
-0,2034068
0,1271725
-0,2088204
-0,2034068
0,2697647
0,575158
-0,1553208
-0,01936555
0,07436201
0,167191
-0,01936555
0,07436201
0,167191
-0,3019989
-0,7257625
0,6179094
-0,07865429
-0,4115865
0,1533389
-0,07865429
-0,4115865
0,1533389
0,2711475
0,3312543
-0,2475649
0,1221716
0,3014512
-0,08121729
0,1054168
0,3708042
0,06869435
0,1054168
0,3708042
0,06869435
-0,1460552
0,008327514
0,5166888
-0,04877448
-0,1078442
0,1537204
-0,04877448
-0,1078442
0,1537204
0,04826188
0,07715821
-0,03343225
-0,01387596
0,1379035
0,1602024
-0,01387596
0,1379035
0,1602024
-0,2875805
0,364957
0,8017719
-0,1268744
0,04764795
0,2858669
-0,07487535
0,09873137
0,2011389
-0,07487535
0,09873137
0,2011389
-0,1636326
0,2095044
0,4188955
-0,1486659
0,3356189
0,3697634
-0,1486659
0,3356189
0,3697634
-0,2595484
0,9361312
0,7029951
-0,228548
0,4150264
0,5015343
-0,228548
0,4150264
0,5015343
-0,3685474
0,775446
0,8317113
-0,06483793
0,4027888
0,2232313
-0,06483793
0,4027888
0,2232313
0,04073977
1,122296
0,2229869
0,05260706
0,5868428
0,07497072
0,06107092
0,4842736
0,05663931
0,06107092
0,4842736
0,05663931
0,250107
0,8964114
-0,06812215
0,1866341
0,3208194
-0,1119435
0,1866341
0,3208194
-0,1119435
0,5469263
0,7417943
-0,4668117
0,201112
0,4857419
-0,1002043
0,201112
0,4857419
-0,1002043
0,535804
0,9994513
-0,3964305
0,1863122
0,2242681
-0,05806386
0,2102792
-0,03721267
-0,1075059
0,2102792
-0,03721267
-0,1075059
0,5586326
-0,2031848
-0,4508495
0,3521621
-0,1852892
-0,3617167
0,3521621
-0,1852892
-0,3617167
0,6362617
-0,9579422
-0,6563127
0,2209485
-0,7388288
-0,1933098
0,2209485
-0,7388288
-0,1933098
0,5331993
-1,154977
-0,6036639
0,1765549
-0,4532229
-0,1454383
0,1765549
-0,4532229
-0,1454383
0,2150953
-1,367247
-0,1676738
0,05201697
-0,7322837
-0,03547966
0,04796386
-0,5658388
-0,04611313
0,04796386
-0,5658388
-0,04611313
0,2762139
-0,2683595
-0,3444791
0,07318854
-0,4607268
-0,1380891
0,07318854
-0,4607268
-0,1380891
0,178647
-0,9413525
-0,4447073
0,1178503
-0,3758721
-0,3014952
0,1178503
-0,3758721
-0,3014952
0,1461446
-0,5055361
-0,4408389
0,08665919
-0,5279526
-0,3387719
0,09036064
-0,5943053
-0,3799498
0,09036064
-0,5943053
-0,3799498
0,2262592
-1,272705
-0,9305149
0,1820326
-0,7281564
-0,6528497
0,1820326
-0,7281564
-0,6528497
0,2081335
-1,779371
-1,165754
0,05177855
-0,7636085
-0,4595518
0,05177855
-0,7636085
-0,4595518
-0,04075766
-1,080673
-0,4808545
-0,05859137
-0,5969077
-0,1865029
-0,05859137
-0,5969077
-0,1865029
0,08063912
-1,026526
-0,7672191
0,0587523
-0,5284175
-0,4461914
0,06650686
-0,631386
-0,5196512
0,06650686
-0,631386
-0,5196512
0,03652573
-1,107138
-0,7811308
0,02858639
-0,4007116
-0,3504395
0,02858639
-0,4007116
-0,3504395
0,2446175
-0,2618045
-0,8800656
0,1115561
-0,1001984
-0,4076183
0,1115561
-0,1001984
-0,4076183
0,3722012
0,0941515
-1,059484
0,1549661
0,00962466
-0,49178
0,1731277
-0,005550683
-0,5565926
0,1731277
-0,005550683
-0,5565926
0,5689859
0,4505023
-1,492959
0,4162848
0,5577788
-0,9658352
0,4162848
0,5577788
-0,9658352
0,4739761
0,8251697
-1,199283
0,1231849
0,3499538
-0,3283188
0,1231849
0,3499538
-0,3283188
0,433135
1,203811
-0,9968862
0,1821876
0,4600808
-0,5080715
0,1711011
0,4301742
-0,524053
0,1711011
0,4301742
-0,524053
0,2220809
0,6648272
-0,8157909
0,1322389
0,4335314
-0,4472762
0,1322389
0,4335314
-0,4472762
0,2366841
0,6708279
-1,005813
0,1574636
0,5102932
-0,591296
0,1574636
0,5102932
-0,591296
0,2189517
1,084255
-0,8876607
0,03441572
0,3422648
-0,2959296
0,03441572
0,3422648
-0,2959296
0,2464235
1,409884
-0,9766549
0,07170439
0,6488063
-0,3563508
-0,02390146
0,5284809
-0,03879666
-0,02390146
0,5284809
-0,03879666
-0,09487867
0,9460323
0,03854036
-0,003999472
0,4982278
-0,155744
-0,003999472
0,4982278
-0,155744
-0,02877712
0,8952223
-0,2668016
-0,02208948
0,3195517
-0,1564324
-0,02208948
0,3195517
-0,1564324
-0,07379651
0,5662739
-0,2118431
-0,02353191
0,3225937
-0,1653485
-0,08687377
0,2797097
0,0956811
-0,08687377
0,2797097
0,0956811
-0,1269639
0,3464185
-0,08614361
-0,0467658
0,1385078
-0,1281932
-0,0467658
0,1385078
-0,1281932
-0,09297132
0,2330914
-0,2790257
-0,06276369
0,2046265
-0,0360392
-0,06276369
0,2046265
-0,0360392
-0,07435083
0,4036829
-0,277897
-0,04497766
0,127475
-0,1189888
-0,04497766
0,127475
-0,1189888
-0,1028359
-0,2784058
-0,3358595
-0,0538528
0,006150454
-0,005539507
-0,05505085
-0,01613721
-0,001841784
-0,05505085
-0,01613721
-0,001841784
-0,1045167
0,1316205
-0,2077304
-0,04250407
-0,1054741
-0,2598047
-0,04250407
-0,1054741
-0,2598047
-0,02250075
0,1312263
-0,6245807
-0,05858541
-0,08288547
-0,09830222
-0,05858541
-0,08288547
-0,09830222
-0,07988811
0,1126014
-0,172355
-0,06304383
-0,08258596
0,02540424
-0,06094575
-0,04352331
-0,09369478
-0,06094575
-0,04352331
-0,09369478
-0,1186311
-0,1866199
-0,3148034
-0,05497932
-0,04491583
-0,08479208
-0,05497932
-0,04491583
-0,08479208
-0,179553
-0,1860611
0,1087613
-0,09965301
-0,2150051
-0,04846528
-0,09965301
-0,2150051
-0,04846528
-0,09777546
-0,03350005
-0,04087538
-0,07212758
-0,09068549
-0,2755374
-0,07212758
-0,09068549
-0,2755374
-0,01435876
-0,09480938
-0,6627858
0,02304912
0,04844368
-0,4426986
0,008457899
-0,02844483
-0,4071772
0,008457899
-0,02844483
-0,4071772
-0,0107348
-0,1540393
-0,7181719
-0,005114079
0,1516372
-0,2422169
-0,005114079
0,1516372
-0,2422169
-0,01425147
0,2658546
-0,4335202
0,01962185
0,1958393
-0,327415
0,01962185
0,1958393
-0,327415
-0,1538895
0,2249218
-0,2176124
-0,1143264
0,05110916
-0,1096001
-0,1001149
0,1443723
-0,1704201
-0,1001149
0,1443723
-0,1704201
-0,2398587
0,4021163
-0,4932319
-0,2164069
0,2851891
-0,5469837
-0,2164069
0,2851891
-0,5469837
-0,3628689
0,5433303
-1,262976
1,554164
-1,7997
-2,952192
1,554164
-1,7997
-2,952192
-0,1929173
-0,002840213
-0,9013413
0,0331583
0,2283926
-0,7537999
0,0331583
0,2283926
-0,7537999
0,1756449
0,2018089
-0,8744899
0,1723232
-0,1296391
-0,8050417
0,2114875
-0,2826892
-0,5261947
0,2114875
-0,2826892
-0,5261947
0,05743462
0,1859524
-0,9709516
0,7971684
-0,1243834
-1,354818
0,7971684
-0,1243834
-1,354818
0,02917647
0,1874723
-1,11277
0,002813339
-0,01882091
-0,5551718
0,002813339
-0,01882091
-0,5551718
-0,00295639
-0,01544356
-0,8683183
-0,0002563
0,004704297
-0,4329018
-0,008994341
-0,102488
-0,4439577
-0,008994341
-0,102488
-0,4439577
0,003254414
0,1273505
-0,8660145
-0,01016855
-0,06546825
-0,2807684
-0,01016855
-0,06546825
-0,2807684
-0,0289917
-0,2383336
-0,6451696
0,001591444
0,08856058
-0,4297845
0,001591444
0,08856058
-0,4297845
-0,03072619
-0,1700275
-0,8268573
-0,01989007
-0,08335337
-0,44294
-0,01989007
-0,08335337
-0,44294
-0,0453949
-0,09388402
-0,9858802
-0,02363324
0,03761873
-0,534527
-0,02549291
0,02905354
-0,4810587
-0,02549291
0,02905354
-0,4810587
-0,04619956
0,08977652
-0,7173061
-0,03838539
0,05680174
-0,6051928
-0,03838539
0,05680174
-0,6051928
-0,1035035
0,02914816
-1,318443
-0,0500083
0,005114824
-0,5010575
-0,0500083
0,005114824
-0,5010575
-0,08468628
0,2274491
-0,8919388
-0,06310344
0,06526411
-0,5888894
-0,06891489
0,04084781
-0,5692109
-0,06891489
0,04084781
-0,5692109
-0,3021802
0,4385476
-0,643901
-0,1084573
0,1358061
-0,3666458
-0,1084573
0,1358061
-0,3666458
-0,2289748
0,1865699
-0,6166844
-0,1229282
0,05637175
-0,3972368
-0,1229282
0,05637175
-0,3972368
-0,3109086
-0,3210702
-1,470295
0,06376503
0,2452525
-0,8066897
-0,2281411
0,1562016
-0,5051015
-0,2281411
0,1562016
-0,5051015
0,02160281
-0,275986
-1,662882
-0,1368809
-0,1975628
-0,8090311
-0,1368809
-0,1975628
-0,8090311
-0,1030615
-0,1067033
-1,786128
-0,1665592
-0,1382425
-0,6856799
-0,1665592
-0,1382425
-0,6856799
-0,3120482
-0,3624871
-1,161197
-0,2329469
-0,2767503
-0,9046972
-0,2329469
-0,2767503
-0,9046972
-0,3887177
0,1367658
-1,623309
-0,1895368
-0,01991913
-0,7432938
-0,1721919
0,0575617
-0,6899893
-0,1721919
0,0575617
-0,6899893
closestDistance
0,76136
0,7588907
0,7588907
0,7632337
0,7656907
0,7656907
0,7652492
0,7668241
0,7668241
0,7736746
0,7771757
0,7771757
0,7780089
0,7776673
0,7763603
0,7763603
0,7736414
0,7749071
0,7749071
0,7839288
0,7859658
0,7859658
0,7833411
0,7774898
0,7750232
0,7750232
0,7735592
0,7707972
0,7707972
0,7576206
0,7524505
0,7524505
0,7423295
0,7389331
0,737788
0,737788
0,7376403
0,7359704
0,7359704
0,728973
0,7255498
0,7255498
0,7189976
0,7162009
0,7162009
0,7159359
0,7138047
0,7102327
0,7102327
0,6974891
0,6914696
0,6914696
0,6849784
0,6819433
0,6819433
0,669212
0,6615353
0,654957
0,654957
0,6462117
0,639281
0,639281
0,6193696
0,6087177
0,6087177
0,5856345
0,5756347
0,5756347
0,5634263
0,5545068
0,544036
0,544036
0,5257226
0,518129
0,518129
0,5034703
0,4975346
0,4975346
0,4790598
0,4622609
0,4528878
0,4528878
0,4380603
0,4247609
0,4247609
0,409834
0,4000086
0,4000086
0,3867878
0,378934
0,3728721
0,3728721
0,3621452
0,3570912
0,3570912
0,3460481
0,3419617
0,3419617
0,3335438
0,3289802
0,3289802
0,3183933
0,3112463
0,3064523
0,3064523
0,2998749
0,2972718
0,2972718
0,2871181
0,2825554
0,2825554
0,2698967
0,2668657
0,2665912
0,2665912
0,2559195
0,2499611
0,2499611
0,2304859
0,225652
0,225652
0,2180664
0,2140466
0,2094193
0,2094193
0,1989602
0,1980265
0,1980265
0,1963197
0,1957404
0,1957404
0,196994
0,2013316
0,2013316
0,2117604
0,2134986
0,2145655
0,2145655
0,2215721
0,2273621
0,2273621
0,2459624
0,2544161
0,2544161
0,261394
0,2674997
0,274019
0,274019
0,289021
0,2920793
0,2920793
0,3018055
0,3092376
0,3092376
0,3252665
0,3310854
0,3310854
0,3457143
0,3516659
0,3575737
0,3575737
0,3700102
0,3738846
0,3738846
0,3743296
0,3726939
0,3726939
0,3691459
0,3688887
0,3639581
0,3639581
0,3569626
0,3511949
0,3511949
0,3367012
0,3328524
0,3328524
0,3312129
0,3284153
0,3284153
0,3243999
0,3264152
0,3268821
0,3268821
0,3268307
0,3275597
0,3275597
0,325588
0,3278753
0,3278753
0,3285026
0,327682
0,3293624
0,3293624
0,3295202
0,3259951
0,3259951
0,3252801
0,3263954
0,3263954
0,327301
0,326791
0,326791
0,3263743
0,3274779
0,328942
0,328942
0,324542
0,3219855
0,3219855
0,3273801
0,3257203
0,3257203
0,3140287
0,3094449
0,3088629
0,3088629
0,3101457
0,3064768
0,3064768
0,2955749
0,2923016
0,2923016
0,282343
0,2811708
0,2816619
0,2816619
0,2937519
0,295417
0,295417
0,2914809
0,2894563
0,2894563
0,2877941
0,2857359
0,2857359
0,2772395
0,2719036
0,2656919
0,2656919
0,250167
0,239498
0,239498
0,227819
0,22029
0,22029
0,2068911
0,2010555
0,1960811
0,1960811
0,1937775
0,1960578
0,1960578
0,1939754
0,1919952
0,1919952
0,194504
0,1997998
0,1997998
0,212336
0,2212834
0,2301519
0,2301519
0,2465448
0,2560418
0,2560418
0,2764708
0,2890429
0,2890429
0,3063312
0,3144333
0,3249784
0,3249784
0,3466188
0,3572675
0,3572675
0,3768672
0,3860352
0,3860352
0,4076073
0,4174593
0,4277525
0,4277525
0,4472989
0,4573422
0,4573422
0,4814837
0,4915721
0,4915721
0,5154866
0,5259761
0,5259761
0,5408903
0,5595878
0,5676883
0,5676883
0,5843678
0,594353
0,594353
0,6204428
0,6306747
0,6306747
0,6416768
0,6428566
0,6470505
0,6470505
0,65148
0,6498506
0,6498506
0,6512384
0,6528866
0,6528866
0,6618009
0,662132
0,662132
0,6769349
0,6838294
0,6906762
0,6906762
0,6977057
0,6979992
0,6979992
0,7070322
0,7088141
0,7088141
0,6955319
0,6859848
0,6794472
0,6794472
0,6577638
0,6450061
0,6450061
0,6195322
0,6065832
0,6065832
0,5771526
0,5649534
0,5649534
0,5420092
0,5299456
0,5115031
0,5115031
0,4697602
0,4583222
0,4583222
0,4412094
0,424736
0,424736
0,3834732
0,3633214
0,3425866
0,3425866
0,3019034
0,2783436
0,2783436
0,2235448
0,203448
0,203448
0,1816086
0,1749003
0,1749003
0,1776156
0,1861191
0,1991493
0,1991493
0,2369769
0,2423119
0,2423119
0,2672152
0,2883982
0,2883982
0,3230549
0,3316793
0,3401846
0,3401846
0,362015
0,3735554
0,3735554
0,3738015
0,3649376
0,3649376
0,3662755
0,3703404
0,3703404
0,3781958
0,3777706
0,3797157
0,3797157
0,377642
0,3748373
0,3748373
0,3577439
0,3406539
0,3406539
0,3133361
0,3107014
0,3135056
0,3135056
0,3033171
0,2935244
0,2935244
0,2852646
0,2887983
0,2887983
0,2985954
0,2953508
0,2942066
0,2942066
0,2952445
0,2974162
0,2974162
0,3127713
0,3227773
0,3227773
0,3411791
0,3524818
0,3524818
0,3780613
0,3929526
0,409743
0,409743
0,4438149
0,4558566
0,4558566
0,4854682
0,5078991
0,5078991
0,5302793
0,5385859
0,5489449
0,5489449
0,5754632
0,588774
0,588774
0,6078131
0,6096982
0,6096982
0,6140941
0,6116875
0,6116875
0,6056448
0,6068975
0,6114295
0,6114295
0,6217466
0,6303737
0,6303737
0,6489425
0,6549891
0,6549891
0,6608034
0,6624339
0,6644741
0,6644741
0,6655924
0,6713211
0,6713211
0,6933528
0,7048249
0,7048249
0,7213383
0,7239656
0,7239656
0,7290835
0,7313573
0,7315508
0,7315508
0,7285419
0,7320591
0,7320591
0,7415361
0,7414697
0,7414697
0,7348679
0,7339635
0,732278
0,732278
0,7306305
0,723364
0,723364
0,7026514
0,702961
0,702961
0,7155815
0,7200063
0,7200063
0,7229384
0,7184866
0,7148576
0,7148576
0,7091234
0,7122107
0,7122107
0,7275383
0,7322235
0,7322235
0,7254256
0,7224584
0,7222973
0,7222973
0,7327796
0,7362597
0,7362597
0,7352294
0,737978
0,737978
0,7534305
0,7592677
0,7631622
0,7631622
0,7713158
0,7782025
0,7782025
0,7908704
0,8007502
0,8007502
0,8172449
0,8214205
0,8214205
0,8248886
0,8260252
0,8269302
0,8269302
0,8250648
0,8224726
0,8224726
0,8122917
0,8103265
0,8103265
0,802651
0,8014698
0,7987832
0,7987832
0,7882747
0,7800856
0,7800856
0,7644913
0,7594937
0,7594937
0,7460361
0,7428432
0,7428432
0,7396845
0,7395648
0,7392923
0,7392923
0,7325753
0,7305349
0,7305349
0,7235058
0,7183665
0,7183665
0,7109215
0,7057805
0,7002531
0,7002531
0,6869632
0,677564
0,677564
0,6647658
0,6608192
0,6608192
0,6591945
0,6601295
0,6601295
0,654119
0,6504717
0,6467184
0,6467184
0,6433633
0,6412563
0,6412563
0,6288511
0,6229944
0,6229944
0,604248
0,5959994
0,5869245
0,5869245
0,557798
0,536204
0,536204
0,5080531
0,4989648
0,4989648
0,4701572
0,4572286
0,4444046
0,4444046
0,4244845
0,4129304
0,4129304
0,3901559
0,3757386
0,3757386
0,3510325
0,342908
0,342908
0,3147057
0,3034962
0,298398
0,298398
0,2915919
0,2855932
0,2855932
0,275572
0,2710213
0,2710213
0,2641975
0,2597904
0,2600376
0,2600376
0,2565941
0,2535415
0,2535415
0,2471762
0,2456865
0,2456865
0,2393831
0,2367114
0,2367114
0,2300357
0,2295614
0,2291851
0,2291851
0,2244057
0,2193763
0,2193763
0,2073211
0,205192
0,205192
0,2012575
0,2014173
0,1993137
0,1993137
0,1929446
0,1910812
0,1910812
0,1924002
0,19146
0,19146
0,1902072
0,184877
0,184877
0,1727152
0,1644692
0,1571531
0,1571531
0,144768
0,1396846
0,1396846
0,1306975
0,1243153
0,1243153
0,1184806
0,115336
0,1110111
0,1110111
0,09921911
0,08715934
0,08715934
0,0620244
0,0680975
0,0680975
0,06141189
0,05782871
0,05782871
0,07082472
0,08402041
0,09542146
0,09542146
0,1119132
0,1433703
0,1433703
0,1631231
0,1733146
0,1733146
0,189388
0,1974734
0,2059174
0,2059174
0,2221599
0,227533
0,227533
0,2400585
0,2481743
0,2481743
0,264208
0,2728103
0,2728103
0,2918793
0,3021149
0,3113451
0,3113451
0,3250579
0,3367034
0,3367034
0,3622314
0,3719398
0,3719398
0,3890799
0,4004993
0,4115575
0,4115575
0,4231336
0,4301378
0,4301378
0,4419181
0,4500426
0,4500426
0,477428
0,4927604
0,5019124
0,5019124
0,5349534
0,5511619
0,5511619
0,586813
0,6004682
0,6004682
0,6237359
0,6419578
0,6419578
0,6742747
0,6891661
0,7029561
0,7029561
timeStamps
3,426645
3,440238
3,454241
3,468004
3,481755
3,495778
3,509735
3,523597
3,53764
3,551873
3,565377
3,579383
3,593628
3,607292
3,62127
3,635475
3,649354
3,663042
3,677409
3,69102
3,705111
3,718843
3,733434
3,74719
3,760772
3,774534
3,788743
3,802544
3,816552
3,830354
3,844605
3,858057
3,872136
3,886058
3,900295
3,913874
3,928176
3,941691
3,956142
3,970069
3,984121
3,997875
4,011431
4,02545
4,039623
4,053451
4,067379
4,08145
4,09558
4,108967
4,122845
4,136991
4,151175
4,164628
4,179177
4,192569
4,206449
4,220487
4,234744
4,248269
4,262186
4,276199
4,290318
4,303936
4,318253
4,332224
4,346042
4,35998
4,373599
4,38781
4,401682
4,41547
4,429859
4,44334
4,457864
4,471757
4,485345
4,499186
4,513216
4,526667
4,540823
4,554597
4,568626
4,583009
4,597303
4,610906
4,624491
4,638507
4,652371
4,666243
4,680563
4,694119
4,708091
4,721925
4,736213
4,749881
4,763693
4,777836
4,791656
4,80575
4,819357
4,833709
4,847365
4,861236
4,875208
4,889078
4,90321
4,91721
4,930848
4,945194
4,959208
4,972465
4,986769
5,000817
5,014699
5,028298
5,042452
5,056485
5,070775
5,084411
5,09817
5,111876
5,125706
5,140155
5,1538
5,167502
5,181486
5,195667
5,209341
5,223691
5,237322
5,251028
5,265246
5,279263
5,292877
5,306924
5,321163
5,335016
5,34895
5,362766
5,377087
5,390489
5,404852
5,418496
5,432477
5,446299
5,46095
5,474034
5,488082
5,502365
5,51614
5,529806
5,543702
5,557682
5,571719
5,585652
5,599483
5,613441
5,627175
5,640974
5,655282
5,669006
5,683058
5,697095
5,711283
5,724757
5,738306
5,752521
5,76658
5,78017
5,79413
5,807968
5,821904
5,836055
5,850194
5,863831
5,878039
5,89184
5,90554
5,919484
5,933558
5,947352
5,961494
5,975456
5,989159
6,003302
6,017017
6,03125
6,044851
6,058923
6,072693
6,086733
6,100571
6,114631
6,128407
6,142571
6,156351
6,169997
6,184068
6,198081
6,212008
6,225747
6,239962
6,25386
6,267661
6,281821
6,295451
6,309446
6,32335
6,337437
6,351427
6,36531
6,379077
6,392956
6,407095
6,420715
6,43515
6,448463
6,462914
6,476353
6,490161
6,504535
6,518498
6,532761
6,546412
6,560044
6,5742
6,588227
6,602315
6,615784
6,629751
6,643773
6,657629
6,671405
6,685573
6,699277
6,713052
6,726939
6,741106
6,755679
6,769037
6,783066
6,796932
6,810848
6,824569
6,838588
6,852486
6,866419
6,880393
6,894598
6,908462
6,922305
6,935966
6,950163
6,964401
6,977684
6,991704
7,005876
7,019525
7,033481
7,047689
7,061096
7,075106
7,08934
7,103263
7,117125
7,130959
7,144788
7,158621
7,172653
7,186576
7,200532
7,214808
7,228655
7,24276
7,256168
7,270304
7,284442
7,298145
7,312002
7,326067
7,340041
7,353846
7,368096
7,381399
7,395689
7,409579
7,423474
7,437485
7,451416
7,465136
7,478922
7,493007
7,506999
7,521262
7,534907
7,548667
7,562674
7,576433
7,590251
7,604261
7,618236
7,632206
7,64625
7,660192
7,674235
7,687701
7,701841
7,715895
7,729485
7,743758
7,757689
7,771517
7,785445
7,799231
7,813303
7,827441
7,840989
7,85497
7,86901
7,883048
7,896788
7,91062
7,924565
7,938745
7,952934
7,966718
7,980522
7,994533
8,007851
8,022014
8,035649
8,049978
8,063937
8,077903
8,091864
8,105509
8,119748
8,133204
8,147294
8,161058
8,175303
8,188975
8,203174
8,216977
8,230793
8,245344
8,259062
8,272802
8,286892
8,300247
8,314466
8,328175
8,341981
8,356228
8,369858
8,383732
8,397739
8,412222
8,425796
8,43997
8,453735
8,467592
8,481332
8,495637
8,50948
8,523724
8,537308
8,551312
8,564919
8,579338
8,593482
8,607229
8,621235
8,635025
8,648635
8,66259
8,676382
8,690249
8,703803
8,718191
8,732578
8,746295
8,75996
8,773916
8,787712
8,801641
8,815588
8,829722
8,843177
8,857245
8,871283
8,885274
8,89934
8,913521
8,927007
8,941058
8,955205
8,969014
8,982845
8,996491
9,010427
9,024469
9,038596
9,053068
9,066154
9,080194
9,09434
9,108426
9,122166
9,136023
9,149718
9,163444
9,177561
9,191843
9,206037
9,219804
9,233682
9,247639
9,26124
9,275215
9,289095
9,303105
9,316721
9,330929
9,3451
9,358909
9,373001
9,38679
9,400326
9,414107
9,42827
9,442051
9,45585
9,469954
9,483794
9,497756
9,511339
9,525255
9,539557
9,553546
9,567241
9,58153
9,595323
9,609191
9,623146
9,636964
9,650944
9,665187
9,678707
9,692831
9,706333
9,720654
9,734216
9,748198
9,762332
9,776259
9,790036
9,804485
9,818336
9,832155
9,845639
9,85981
9,873715
9,887487
9,901418
9,915417
9,929534
9,943279
9,957045
9,971016
9,984868
9,999126
10,01291
10,0266
10,04055
10,05476
10,06863
10,08238
10,09624
10,11028
10,12435
10,13818
10,15199
10,16595
10,1799
10,19409
10,20773
10,22204
10,23563
10,24953
10,26343
10,2776
10,29121
10,30508
10,31929
10,33285
10,34678
10,36073
10,3749
10,38859
10,40242
10,41656
10,43049
10,44448
10,45821
10,47218
10,4862
10,50021
10,51409
10,52805
10,54186
10,55582
10,56982
10,58382
10,59787
10,61135
10,6253
10,63921
10,65328
10,66696
10,68087
10,69497
10,70913
10,72283
10,73673
10,75071
10,76462
10,77873
10,79257
10,8064
10,8204
10,83443
10,84817
10,86243
10,87623
10,89023
10,90386
10,91809
10,93167
10,94546
10,95964
10,9733
10,98739
11,00151
11,01547
11,02906
11,04311
11,05693
11,07092
11,08504
11,09878
11,11273
11,12678
11,14081
11,15469
11,16868
11,18268
11,19644
11,21048
11,2242
11,23794
11,25189
11,26589
11,2798
11,29381
11,30769
11,32182
11,33582
11,34956
11,36315
11,37705
11,39109
11,4049
11,41896
11,43295
11,44697
11,46072
11,47492
11,48871
11,50269
11,51657
11,53028
11,5442
11,55859
11,57227
11,58623
11,6004
11,61391
11,62778
11,64192
11,65604
11,66954
11,68347
11,69737
11,71137
11,72524
11,73937
11,75331
11,76716
11,78107
11,79519
11,80924
11,82262
11,83663
11,85074
11,86461
11,87844
11,89243
11,90632
11,92026
11,934
11,9483
11,96176
11,9758
11,98976
12,00377
12,0178
12,03155
12,04549
12,05943
12,07361
12,08738
12,10115
12,1151
12,1293
12,14306
12,15682
12,17088
12,18479
12,19864
12,21264
12,22677
12,24044
12,25439
12,26818
12,28234
12,29633
12,31002
12,32382
12,33797
12,3517
12,36562
12,37954
12,39364
12,40739
12,42145
12,43543
12,44947
12,4632
12,47729
12,49122
12,50498
12,51928
12,53311
12,54669
12,56094
12,57474
12,5886
12,60229
12,61637
12,63015
12,64404
12,6582
12,67189
12,68573
12,69978
12,71371
12,72804
12,74169
12,75545
12,76938
12,78341
12,79736
12,81116
12,8254
12,83899
12,85306
12,86722
12,88092
12,89461
12,90874
12,92244
12,93635
12,95033
12,96409
12,97824
12,99206
13,00637
13,01996
13,03401
13,04782
13,06184
13,07581
13,08966
13,10375
13,11764
13,13149
13,14551
13,1593
13,17336
13,18721
13,20097
13,21488
13,22879
13,2426
13,25691
13,2704
13,28457
13,29833
13,31247
13,32645
13,34033
13,35409
13,36814
13,38189
13,39595
13,40989
13,42385
13,4377
13,45224
13,46555
13,47961
13,49366
13,50727
13,52105
13,53514
