ParticipantNumber;Task;SdfState;Repetition;TimeStamp;NumHits;TimeToCompleteTask;InstanteneousVelocityMag;InstanteneousVelocityX;InstanteneousVelocityY;InstanteneousVelocityZ;ClosestDistance
8;torus;0;5;3,905969;5;15,03696;0,373705;-0,09596348;0,3597979;0,03149509;0,7697759
8;torus;0;5;3,919866;5;15,03696;0,373705;-0,09596348;0,3597979;0,03149509;0,7697759
8;torus;0;5;3,933915;5;15,03696;0,6071279;-0,3442645;0,4366152;0,2438307;0,7753099
8;torus;0;5;3,947893;5;15,03696;0,1890901;-0,09822845;-0,1615722;0,0008285046;0,7753518
8;torus;0;5;3,961383;5;15,03696;0,2518661;-0,2110302;-0,02956316;0,1342714;0,7783068
8;torus;0;5;3,975269;5;15,03696;0,2518661;-0,2110302;-0,02956316;0,1342714;0,7783068
8;torus;0;5;3,989331;5;15,03696;0,3310826;-0,02061129;-0,1700927;-0,2833009;0,7725956
8;torus;0;5;4,003348;5;15,03696;0,1595021;0,0007450581;-0,01918189;-0,1583427;0,7694277
8;torus;0;5;4,017618;5;15,03696;0,1595021;0,0007450581;-0,01918189;-0,1583427;0,7694277
8;torus;0;5;4,03134;5;15,03696;0,5450475;-0,2608418;0,4722204;0,07775724;0,7716705
8;torus;0;5;4,045038;5;15,03696;0,3870522;-0,2068818;0,2941981;0,1430273;0,7751006
8;torus;0;5;4,059006;5;15,03696;0,3870522;-0,2068818;0,2941981;0,1430273;0,7751006
8;torus;0;5;4,073211;5;15,03696;0,4615912;-0,363791;-0,2239417;0,1748502;0,7790488
8;torus;0;5;4,086876;5;15,03696;0,4083086;-0,2113819;-0,3273375;0,1219988;0,7816619
8;torus;0;5;4,100859;5;15,03696;0,3742808;-0,2383411;-0,2367541;0,1650065;0,7853039
8;torus;0;5;4,11452;5;15,03696;0,3742808;-0,2383411;-0,2367541;0,1650065;0,7853039
8;torus;0;5;4,12882;5;15,03696;0,5746089;-0,4378974;-0,2091721;0,3076822;0,7922949
8;torus;0;5;4,142631;5;15,03696;0,3091421;-0,2310574;0,07839836;0,1898289;0,7966381
8;torus;0;5;4,156745;5;15,03696;0,3091421;-0,2310574;0,07839836;0,1898289;0,7966381
8;torus;0;5;4,17025;5;15,03696;0,5423939;-0,2014875;0,4992526;0,06588399;0,7987019
8;torus;0;5;4,184131;5;15,03696;0,1703156;0,04653335;-0,03309175;-0,1604587;0,7953821
8;torus;0;5;4,19842;5;15,03696;0,1703156;0,04653335;-0,03309175;-0,1604587;0,7953821
8;torus;0;5;4,212611;5;15,03696;0,7342852;0,3103018;-0,2597954;-0,612694;0,7823211
8;torus;0;5;4,226198;5;15,03696;0,2920316;0,1051009;-0,1448762;-0,2307534;0,777423
8;torus;0;5;4,240191;5;15,03696;0,3559203;0,09076595;-0,2655644;-0,2188981;0,7727656
8;torus;0;5;4,254431;5;15,03696;0,3559203;0,09076595;-0,2655644;-0,2188981;0,7727656
8;torus;0;5;4,268178;5;15,03696;0,6471391;0,311178;0,01981705;-0,5670667;0,7608077
8;torus;0;5;4,281753;5;15,03696;0,6230637;0,3249049;0,2132315;-0,4870087;0,7505227
8;torus;0;5;4,296029;5;15,03696;0,6230637;0,3249049;0,2132315;-0,4870087;0,7505227
8;torus;0;5;4,309633;5;15,03696;1,429527;0,7853866;0,08208901;-1,191628;0,7253868
8;torus;0;5;4,323413;5;15,03696;0,7795721;0,4268587;0,02696216;-0,6517649;0,7117434
8;torus;0;5;4,337535;5;15,03696;0,7795721;0,4268587;0,02696216;-0,6517649;0,7117434
8;torus;0;5;4,351568;5;15,03696;1,209233;0,6261349;-0,231931;-1,008171;0,6907069
8;torus;0;5;4,365392;5;15,03696;0,362463;0,137502;-0,2117824;-0,2600402;0,6852896
8;torus;0;5;4,379348;5;15,03696;0,362463;0,137502;-0,2117824;-0,2600402;0,6852896
8;torus;0;5;4,393322;5;15,03696;0,3915306;0,1320243;-0,2311133;-0,2871454;0,6793674
8;torus;0;5;4,407361;5;15,03696;0,1075653;0,04333854;-0,002392754;-0,09841919;0,6773583
8;torus;0;5;4,421405;5;15,03696;0,2941234;-0,1309991;0,1538124;0,2137512;0,6817905
8;torus;0;5;4,435162;5;15,03696;0,2941234;-0,1309991;0,1538124;0,2137512;0,6817905
8;torus;0;5;4,449358;5;15,03696;0,6520853;-0,2309084;0,511821;0,3315657;0,6888658
8;torus;0;5;4,463066;5;15,03696;0,1927125;-0,1024842;0,0950072;0,1326978;0,69169
8;torus;0;5;4,476995;5;15,03696;0,1927125;-0,1024842;0,0950072;0,1326978;0,69169
8;torus;0;5;4,490832;5;15,03696;0,4535133;-0,2617121;0,1127534;0,3527999;0,6991358
8;torus;0;5;4,504963;5;15,03696;0,1937463;-0,09254813;0,09993054;0,137791;0,7020791
8;torus;0;5;4,518814;5;15,03696;0,1937463;-0,09254813;0,09993054;0,137791;0,7020791
8;torus;0;5;4,532764;5;15,03696;0,07143478;0,03567338;-0,04824623;-0,03876388;0,701223
8;torus;0;5;4,546644;5;15,03696;0,1102517;0,03342032;-0,09274036;-0,04937351;0,700132
8;torus;0;5;4,560658;5;15,03696;0,02624283;0,01606941;-0,001150742;-0,02071559;0,6996962
8;torus;0;5;4,57448;5;15,03696;0,02624283;0,01606941;-0,001150742;-0,02071559;0,6996962
8;torus;0;5;4,588583;5;15,03696;0,2214334;0,06050467;0,2001472;-0,07289052;0,6982974
8;torus;0;5;4,602619;5;15,03696;0,0567661;0,02718568;0,0328254;-0,0374943;0,6975383
8;torus;0;5;4,615983;5;15,03696;0,0567661;0,02718568;0,0328254;-0,0374943;0,6975383
8;torus;0;5;4,630119;5;15,03696;0,1797798;0,07051229;0,1297843;-0,1024932;0,6955063
8;torus;0;5;4,644105;5;15,03696;0,1721102;0,04315376;0,1542438;-0,06299615;0,6943312
8;torus;0;5;4,658381;5;15,03696;0,1721102;0,04315376;0,1542438;-0,06299615;0,6943312
8;torus;0;5;4,672112;5;15,03696;0,1498533;0,03879666;0,1187038;-0,08282661;0,6927456
8;torus;0;5;4,686136;5;15,03696;0,05796351;0,01556873;0,02438128;-0,05022883;0,6917495
8;torus;0;5;4,700043;5;15,03696;0,07823716;-0,001394749;0,07560179;-0,02008677;0,6914289
8;torus;0;5;4,7139;5;15,03696;0,07823716;-0,001394749;0,07560179;-0,02008677;0,6914289
8;torus;0;5;4,727611;5;15,03696;0,247631;-0,001466274;0,243593;-0,04451275;0,6908183
8;torus;0;5;4,741863;5;15,03696;0,0808704;-0,02034307;0,07650293;0,01653731;0,6912663
8;torus;0;5;4,755525;5;15,03696;0,0808704;-0,02034307;0,07650293;0,01653731;0,6912663
8;torus;0;5;4,769892;5;15,03696;0,116829;0,036937;-0,07088594;-0,08520484;0,6894363
8;torus;0;5;4,783856;5;15,03696;0,2706384;0,1044571;-0,1756024;-0,1774758;0,6855707
8;torus;0;5;4,797405;5;15,03696;0,2706384;0,1044571;-0,1756024;-0,1774758;0,6855707
8;torus;0;5;4,811521;5;15,03696;0,5509256;0,202173;-0,373397;-0,3510267;0,6779683
8;torus;0;5;4,825335;5;15,03696;0,2499592;0,09855032;-0,15852;-0,1662493;0,6744127
8;torus;0;5;4,839403;5;15,03696;0,2499592;0,09855032;-0,15852;-0,1662493;0,6744127
8;torus;0;5;4,853126;5;15,03696;0,21644;0,02269745;-0,2029553;-0,07169545;0,6728061
8;torus;0;5;4,867233;5;15,03696;0,08472675;-0,007116795;0,08438714;0,002604723;0,6729258
8;torus;0;5;4,881109;5;15,03696;0,1575602;-0,037992;0,1423012;0,05596578;0,674193
8;torus;0;5;4,89492;5;15,03696;0,1575602;-0,037992;0,1423012;0,05596578;0,674193
8;torus;0;5;4,909188;5;15,03696;0,1453778;-0,07013083;0,08191019;0,09750426;0,6762816
8;torus;0;5;4,922939;5;15,03696;0,1059542;-0,06941557;-0,01135953;0,07923841;0,677928
8;torus;0;5;4,936544;5;15,03696;0,1059542;-0,06941557;-0,01135953;0,07923841;0,677928
8;torus;0;5;4,950709;5;15,03696;0,07302458;0,01726747;0,04908442;-0,05123615;0,67693
8;torus;0;5;4,964725;5;15,03696;0,2516296;0,1235366;0,0535816;-0,212568;0,6726066
8;torus;0;5;4,978378;5;15,03696;0,2516296;0,1235366;0,0535816;-0,212568;0,6726066
8;torus;0;5;4,992333;5;15,03696;0,6110976;0,3050804;-0,1115218;-0,5176187;0,6618869
8;torus;0;5;5,006423;5;15,03696;0,1992287;0,1006186;0,007157028;-0,1718044;0,6583796
8;torus;0;5;5,020284;5;15,03696;0,1229222;0,060606;0,02395846;-0,1042247;0,6562725
8;torus;0;5;5,03436;5;15,03696;0,1229222;0,060606;0,02395846;-0,1042247;0,6562725
8;torus;0;5;5,048171;5;15,03696;0,6331096;0,3131926;-0,08782335;-0,5431622;0,6451352
8;torus;0;5;5,061956;5;15,03696;0,2090655;0,08940101;-0,08390993;-0,1693368;0,6416317
8;torus;0;5;5,076047;5;15,03696;0,2090655;0,08940101;-0,08390993;-0,1693368;0,6416317
8;torus;0;5;5,089962;5;15,03696;0,1596275;0,05145073;0,1052462;-0,1084298;0,6395287
8;torus;0;5;5,10382;5;15,03696;0,05508777;-0,0225842;0,04564449;0,02100468;0,6400009
8;torus;0;5;5,117671;5;15,03696;0,05508777;-0,0225842;0,04564449;0,02100468;0,6400009
8;torus;0;5;5,132152;5;15,03696;0,1615237;0,06024241;-0,01572967;-0,1490414;0,6369795
8;torus;0;5;5,145607;5;15,03696;0,2828803;0,1154423;-0,08971691;-0,2421677;0,6320107
8;torus;0;5;5,159519;5;15,03696;0,2828803;0,1154423;-0,08971691;-0,2421677;0,6320107
8;torus;0;5;5,173301;5;15,03696;0,3522721;0,1042068;-0,1643069;-0,2936661;0,6259699
8;torus;0;5;5,187314;5;15,03696;0,07942912;0,004172325;-0,03635511;-0,07049739;0,6245323
8;torus;0;5;5,201345;5;15,03696;0,03732827;-0,01761913;0,03225654;-0,006517768;0,6244326
8;torus;0;5;5,215065;5;15,03696;0,03732827;-0,01761913;0,03225654;-0,006517768;0,6244326
8;torus;0;5;5,229511;5;15,03696;0,06781317;-0,014323;0,0382252;-0,05415082;0,6233855
8;torus;0;5;5,242836;5;15,03696;0,1838433;0,06103516;0,02159029;-0,1720667;0,619943
8;torus;0;5;5,257037;5;15,03696;0,1838433;0,06103516;0,02159029;-0,1720667;0,619943
8;torus;0;5;5,270696;5;15,03696;0,3021565;0,09593368;0,1276601;-0,2565116;0,6148973
8;torus;0;5;5,284774;5;15,03696;0,2174081;0,07223487;0,07222109;-0,191918;0,6111117
8;torus;0;5;5,298625;5;15,03696;0,2174081;0,07223487;0,07222109;-0,191918;0,6111117
8;torus;0;5;5,312612;5;15,03696;0,2525351;0,08097291;0,04548915;-0,2348363;0,6064481
8;torus;0;5;5,326657;5;15,03696;0,2291529;0,08320212;0,03605038;-0,2104491;0,602268
8;torus;0;5;5,340664;5;15,03696;0,2071683;0,07647276;0,06044134;-0,1828045;0,5986722
8;torus;0;5;5,354496;5;15,03696;0,2071683;0,07647276;0,06044134;-0,1828045;0,5986722
8;torus;0;5;5,368636;5;15,03696;0,1718412;0,0308156;0,09876266;-0,1372069;0,5960387
8;torus;0;5;5,382422;5;15,03696;0,08667663;-0,02326965;0,08345358;0,002619624;0,5961894
8;torus;0;5;5,39626;5;15,03696;0,08667663;-0,02326965;0,08345358;0,002619624;0,5961894
8;torus;0;5;5,410278;5;15,03696;0,2101835;-0,0682354;0,1987919;-0,001674891;0,5964121
8;torus;0;5;5,42425;5;15,03696;0,09692328;-0,03267527;0,08643195;-0,02925694;0,5959494
8;torus;0;5;5,438416;5;15,03696;0,09692328;-0,03267527;0,08643195;-0,02925694;0,5959494
8;torus;0;5;5,452145;5;15,03696;0,1846128;0,03274083;0,07235445;-0,1666576;0,5927224
8;torus;0;5;5,465864;5;15,03696;0,1586513;0,03716946;-0,01805797;-0,153175;0,5896371
8;torus;0;5;5,479821;5;15,03696;0,1586513;0,03716946;-0,01805797;-0,153175;0,5896371
8;torus;0;5;5,493699;5;15,03696;0,405793;0,108856;0,003720447;-0,3909022;0,5818389
8;torus;0;5;5,507912;5;15,03696;0,1977093;0,0445962;0,01717769;-0,1918465;0,5780373
8;torus;0;5;5,521574;5;15,03696;0,1183754;0,007069111;0,002268702;-0,1181424;0,5756844
8;torus;0;5;5,536087;5;15,03696;0,1183754;0,007069111;0,002268702;-0,1181424;0,5756844
8;torus;0;5;5,549556;5;15,03696;0,1364527;-0,04346967;-0,01021139;-0,1289397;0,5730975
8;torus;0;5;5,563472;5;15,03696;0,2459608;0,02744198;-0,1094345;-0,2185583;0,568579
8;torus;0;5;5,577544;5;15,03696;0,2459608;0,02744198;-0,1094345;-0,2185583;0,568579
8;torus;0;5;5,591434;5;15,03696;0,4959072;0,05423469;-0,2384316;-0,4314312;0,5596648
8;torus;0;5;5,605246;5;15,03696;0,08894385;-0,03268423;-0,0119019;-0,08186021;0,5580345
8;torus;0;5;5,619445;5;15,03696;0,08894385;-0,03268423;-0,0119019;-0,08186021;0,5580345
8;torus;0;5;5,632982;5;15,03696;0,07749911;-0,02136937;-0,02844094;-0,06885183;0,55661
8;torus;0;5;5,647069;5;15,03696;0,0922148;0,01336488;-0,035945;-0,08386242;0,5548814
8;torus;0;5;5,660924;5;15,03696;0,1096722;0,0223007;-0,0439477;-0,09797591;0,5528888
8;torus;0;5;5,674863;5;15,03696;0,1096722;0,0223007;-0,0439477;-0,09797591;0,5528888
8;torus;0;5;5,68873;5;15,03696;0,4099238;0,0758637;-0,1682102;-0,366043;0,5454641
8;torus;0;5;5,702727;5;15,03696;0,3741908;0,0577147;-0,111133;-0,3526148;0,5383538
8;torus;0;5;5,716872;5;15,03696;0,3741908;0,0577147;-0,111133;-0,3526148;0,5383538
8;torus;0;5;5,730412;5;15,03696;0,9999232;0,1985605;-0,2643674;-0,9436789;0,5195842
8;torus;0;5;5,744589;5;15,03696;0,7663767;0,07336184;-0,5324417;-0,5463123;0,5083966
8;torus;0;5;5,758434;5;15,03696;0,7663767;0,07336184;-0,5324417;-0,5463123;0,5083966
8;torus;0;5;5,772374;5;15,03696;0,5657798;-0,01125813;-0,04202074;-0,5641049;0,49718
8;torus;0;5;5,786382;5;15,03696;0,1718824;-0,02089684;0,04169929;-0,1654329;0,493878
8;torus;0;5;5,8003;5;15,03696;0,07864521;-0,04283676;0,01739985;-0,0636186;0,4925998
8;torus;0;5;5,814398;5;15,03696;0,07864521;-0,04283676;0,01739985;-0,0636186;0,4925998
8;torus;0;5;5,828126;5;15,03696;0,2902979;-0,04408804;0,06324214;-0,2798742;0,4870584
8;torus;0;5;5,841954;5;15,03696;0,2244046;-0,01898834;0,04649544;-0,2187123;0,4826981
8;torus;0;5;5,856134;5;15,03696;0,2244046;-0,01898834;0,04649544;-0,2187123;0,4826981
8;torus;0;5;5,870252;5;15,03696;0,583067;0,09994105;0,07237792;-0,5698599;0,4713164
8;torus;0;5;5,883881;5;15,03696;0,3039038;0,01991165;0,07910049;-0,2927527;0,4653215
8;torus;0;5;5,897995;5;15,03696;0,3039038;0,01991165;0,07910049;-0,2927527;0,4653215
8;torus;0;5;5,911936;5;15,03696;1,608253;0,2650816;0,7127118;-1,417127;0,4378442
8;torus;0;5;5,926008;5;15,03696;0,3008364;0,00731349;-0,08606762;-0,2881691;0,4319889
8;torus;0;5;5,93955;5;15,03696;0,3008364;0,00731349;-0,08606762;-0,2881691;0,4319889
8;torus;0;5;5,953613;5;15,03696;0,7747728;0,1024842;-0,08398928;-0,7633582;0,4167272
8;torus;0;5;5,967559;5;15,03696;0,4713916;0,08972883;-0,01450889;-0,4625455;0,4075562
8;torus;0;5;5,981871;5;15,03696;0,562476;0,1300395;0,0850834;-0,5405828;0,397012
8;torus;0;5;5,995246;5;15,03696;0,562476;0,1300395;0,0850834;-0,5405828;0,397012
8;torus;0;5;6,008887;5;15,03696;0,942084;0,1787961;0,005059689;-0,9249479;0,3787976
8;torus;0;5;6,022953;5;15,03696;0,3726255;0,0418365;-0,07252805;-0,3630966;0,3715205
8;torus;0;5;6,036888;5;15,03696;0,3726255;0,0418365;-0,07252805;-0,3630966;0,3715205
8;torus;0;5;6,051004;5;15,03696;0,8307809;0,1436591;-0,01198649;-0,8181781;0,3554285
8;torus;0;5;6,064925;5;15,03696;0,4775861;0,1035213;0,0388056;-0,4646137;0,3464173
8;torus;0;5;6,078743;5;15,03696;0,4775861;0,1035213;0,0388056;-0,4646137;0,3464173
8;torus;0;5;6,092791;5;15,03696;0,8640414;0,1718044;-0,005312264;-0,8467719;0,3299147
8;torus;0;5;6,106678;5;15,03696;0,3756644;0,06351471;0,1262531;-0,3480658;0,3233571
8;torus;0;5;6,120691;5;15,03696;0,2731537;0,01568794;0,1751747;-0,2089992;0,3195846
8;torus;0;5;6,134645;5;15,03696;0,2731537;0,01568794;0,1751747;-0,2089992;0,3195846
8;torus;0;5;6,148489;5;15,03696;0,3287548;-0,01475215;0,03534928;-0,3265157;0,3131682
8;torus;0;5;6,162317;5;15,03696;0,2329809;0,01655817;-0,04632883;-0,227727;0,3086067
8;torus;0;5;6,176214;5;15,03696;0,2329809;0,01655817;-0,04632883;-0,227727;0,3086067
8;torus;0;5;6,190424;5;15,03696;0,7811844;0,1603186;-0,01881234;-0,7643253;0,2938623
8;torus;0;5;6,204374;5;15,03696;0,3804579;0,07488728;0,03723167;-0,3711522;0,2868309
8;torus;0;5;6,217881;5;15,03696;0,3804579;0,07488728;0,03723167;-0,3711522;0,2868309
8;torus;0;5;6,232155;5;15,03696;0,6721824;0,08717775;0,397785;-0,5347863;0,2776051
8;torus;0;5;6,246101;5;15,03696;0,2562762;0,004291534;0,1953162;-0,1658633;0,2749733
8;torus;0;5;6,259748;5;15,03696;0,2562762;0,004291534;0,1953162;-0,1658633;0,2749733
8;torus;0;5;6,27388;5;15,03696;0,6916129;0,09865761;0,3591668;-0,5827472;0,2652252
8;torus;0;5;6,287834;5;15,03696;0,3842956;0,07256866;0,1412086;-0,3499672;0,2592798
8;torus;0;5;6,301565;5;15,03696;0,2920253;0,04119277;0,0907369;-0,2744973;0,2545371
8;torus;0;5;6,31567;5;15,03696;0,2920253;0,04119277;0,0907369;-0,2744973;0,2545371
8;torus;0;5;6,32937;5;15,03696;0,395026;-0,01008511;0,2610043;-0,2963454;0,2500472
8;torus;0;5;6,343418;5;15,03696;0,2362703;-0,01977086;0,2145898;-0,09687096;0,2492235
8;torus;0;5;6,357319;5;15,03696;0,2362703;-0,01977086;0,2145898;-0,09687096;0,2492235
8;torus;0;5;6,371169;5;15,03696;0,493173;-0,02719164;0,4326675;-0,235115;0,2471276
8;torus;0;5;6,385247;5;15,03696;0,3822737;0,03437996;0,2860684;-0,2512291;0,2443613
8;torus;0;5;6,399391;5;15,03696;0,3822737;0,03437996;0,2860684;-0,2512291;0,2443613
8;torus;0;5;6,413293;5;15,03696;0,6801557;0,05085468;0,5086675;-0,4486457;0,2398915
8;torus;0;5;6,427395;5;15,03696;0,4405103;0,02738833;0,3834441;-0,2151042;0,2391329
8;torus;0;5;6,44098;5;15,03696;0,6200961;0,02755523;0,5846761;-0,2047285;0,2406818
8;torus;0;5;6,454581;5;15,03696;0,6200961;0,02755523;0,5846761;-0,2047285;0,2406818
8;torus;0;5;6,468585;5;15,03696;1,449943;0,0317812;1,401655;-0,3697157;0,2487321
8;torus;0;5;6,482708;5;15,03696;0,8473484;-0,02986789;0,8319274;-0,1581267;0,2557234
8;torus;0;5;6,496573;5;15,03696;0,8473484;-0,02986789;0,8319274;-0,1581267;0,2557234
8;torus;0;5;6,510619;5;15,03696;1,951953;-0,08463264;1,934134;-0,2491713;0,2769442
8;torus;0;5;6,524565;5;15,03696;1,019532;-0,04735589;1,012847;-0,1065105;0,2898473
8;torus;0;5;6,538489;5;15,03696;1,019532;-0,04735589;1,012847;-0,1065105;0,2898473
8;torus;0;5;6,552056;5;15,03696;1,511121;-0,1528502;1,503357;-0,006367266;0,3121102
8;torus;0;5;6,566283;5;15,03696;0,4408675;-0,04794002;0,435032;-0,05303919;0,3181741
8;torus;0;5;6,58006;5;15,03696;0,3070796;-0,05121827;0,3027126;-0,00629425;0,3227851
8;torus;0;5;6,593911;5;15,03696;0,3070796;-0,05121827;0,3027126;-0,00629425;0,3227851
8;torus;0;5;6,607889;5;15,03696;0,5163466;0,02334118;0,3740385;-0,355196;0,3247904
8;torus;0;5;6,621986;5;15,03696;0,2838664;-0,01791716;0,2699405;-0,08597225;0,3282186
8;torus;0;5;6,635996;5;15,03696;0,2838664;-0,01791716;0,2699405;-0,08597225;0,3282186
8;torus;0;5;6,64959;5;15,03696;0,7238856;-0,01394153;0,6588265;-0,2996057;0,335969
8;torus;0;5;6,663492;5;15,03696;0,3394039;0,02985597;0,2320856;-0,2458453;0,3374593
8;torus;0;5;6,677511;5;15,03696;0,3394039;0,02985597;0,2320856;-0,2458453;0,3374593
8;torus;0;5;6,691398;5;15,03696;0,6024307;0,07610917;0,3248066;-0,5016282;0,338339
8;torus;0;5;6,705438;5;15,03696;0,3945767;0,02436638;0,3009662;-0,2540007;0,3413172
8;torus;0;5;6,719372;5;15,03696;0,3945767;0,02436638;0,3009662;-0,2540007;0,3413172
8;torus;0;5;6,733239;5;15,03696;0,7636473;0,06389022;0,5199015;-0,5556777;0,3458973
8;torus;0;5;6,7472;5;15,03696;0,4295861;0,03974438;0,2812773;-0,322254;0,3484709
8;torus;0;5;6,761306;5;15,03696;0,4687966;0,03617406;0,3266469;-0,3343105;0,3519708
8;torus;0;5;6,775071;5;15,03696;0,4687966;0,03617406;0,3266469;-0,3343105;0,3519708
8;torus;0;5;6,789363;5;15,03696;1,375681;0,04658103;1,118168;-0,800018;0,3674251
8;torus;0;5;6,803036;5;15,03696;0,5331382;0,0356555;0,3683284;-0,3837958;0,372169
8;torus;0;5;6,816808;5;15,03696;0,5331382;0,0356555;0,3683284;-0,3837958;0,372169
8;torus;0;5;6,83075;5;15,03696;0,9081476;0,09521246;0,5065858;-0,7476881;0,3781038
8;torus;0;5;6,844793;5;15,03696;0,4244801;0,08780956;0,008553267;-0,4152104;0,3765531
8;torus;0;5;6,858594;5;15,03696;0,4244801;0,08780956;0,008553267;-0,4152104;0,3765531
8;torus;0;5;6,872565;5;15,03696;1,018234;0,241828;-0,5741447;-0,8054048;0,362805
8;torus;0;5;6,886533;5;15,03696;0,4029713;0,09094477;-0,1609594;-0,35806;0,3586777
8;torus;0;5;6,900929;5;15,03696;0,4824141;0,1100183;-0,2331048;-0,4077762;0,3531927
8;torus;0;5;6,914227;5;15,03696;0,4824141;0,1100183;-0,2331048;-0,4077762;0,3531927
8;torus;0;5;6,928159;5;15,03696;1,023411;0,2245128;-0,4652232;-0,8834764;0,3426687
8;torus;0;5;6,94262;5;15,03696;0,455725;0,08825064;-0,05948842;-0,4431233;0,3410418
8;torus;0;5;6,956019;5;15,03696;0,455725;0,08825064;-0,05948842;-0,4431233;0,3410418
8;torus;0;5;6,970085;5;15,03696;0,5770158;0,08038282;0,0870198;-0,5647242;0,3423763
8;torus;0;5;6,983818;5;15,03696;0,2708825;0,03942251;0,007776916;-0,2678856;0,3424916
8;torus;0;5;6,997867;5;15,03696;0,2708825;0,03942251;0,007776916;-0,2678856;0,3424916
8;torus;0;5;7,011631;5;15,03696;0,500876;0,06372333;0,04708618;-0,4945695;0,3435344
8;torus;0;5;7,026091;5;15,03696;0,2457398;0,03795624;-0,07755458;-0,2300709;0,3422034
8;torus;0;5;7,039581;5;15,03696;0,2457398;0,03795624;-0,07755458;-0,2300709;0,3422034
8;torus;0;5;7,053815;5;15,03696;0,4611847;0,06561279;-0,1530647;-0,4300669;0,3397118
8;torus;0;5;7,067385;5;15,03696;0,1735095;0,01872778;-0,1383364;-0,103043;0,3371765
8;torus;0;5;7,081227;5;15,03696;0,2509448;0,03250837;-0,1044631;-0,2258405;0,3355159
8;torus;0;5;7,095202;5;15,03696;0,2509448;0,03250837;-0,1044631;-0,2258405;0,3355159
8;torus;0;5;7,109168;5;15,03696;0,8002339;0,08209348;0,1286745;-0,785543;0,3396743
8;torus;0;5;7,12348;5;15,03696;0,4484084;0,06566644;-0,1359254;-0,4222348;0,3383259
8;torus;0;5;7,136814;5;15,03696;0,4484084;0,06566644;-0,1359254;-0,4222348;0,3383259
8;torus;0;5;7,150864;5;15,03696;1,112288;0,1697242;-0,7768348;-0,7777565;0,3266245
8;torus;0;5;7,164801;5;15,03696;0,4678953;0,06400943;-0,3386453;-0,3164619;0,3217292
8;torus;0;5;7,178659;5;15,03696;0,4678953;0,06400943;-0,3386453;-0,3164619;0,3217292
8;torus;0;5;7,192815;5;15,03696;0,6526972;0,07553101;-0,2579316;-0,594794;0,3199228
8;torus;0;5;7,206542;5;15,03696;0,4305722;0,05569458;-0,2221137;-0,3646314;0,3179346
8;torus;0;5;7,220776;5;15,03696;0,55653;0,07450581;-0,3458768;-0,4295856;0,3143803
8;torus;0;5;7,234374;5;15,03696;0,55653;0,07450581;-0,3458768;-0,4295856;0,3143803
8;torus;0;5;7,248422;5;15,03696;1,359962;0,1715958;-0,9973809;-0,9084501;0,303423
8;torus;0;5;7,262159;5;15,03696;0,5972411;0,07139444;-0,296168;-0,5136967;0,3026263
8;torus;0;5;7,276284;5;15,03696;0,5972411;0,07139444;-0,296168;-0,5136967;0,3026263
8;torus;0;5;7,290492;5;15,03696;0,7431268;0,05982518;-0,131245;-0,7289946;0,3069312
8;torus;0;5;7,304197;5;15,03696;0,1843349;0,001245737;-0,1330256;-0,1276009;0,3058467
8;torus;0;5;7,318001;5;15,03696;0,1843349;0,001245737;-0,1330256;-0,1276009;0,3058467
8;torus;0;5;7,332147;5;15,03696;0,5387536;0,003558397;-0,514596;-0,1594797;0,2987825
8;torus;0;5;7,345941;5;15,03696;0,2582469;-0,005066395;-0,2571322;-0,02342686;0,2947469
8;torus;0;5;7,35985;5;15,03696;0,2582469;-0,005066395;-0,2571322;-0,02342686;0,2947469
8;torus;0;5;7,373698;5;15,03696;0,4616323;0,006055832;-0,37781;-0,265193;0,2912916
8;torus;0;5;7,388021;5;15,03696;0,3587238;0,001895428;-0,3558159;-0,04554391;0,2860926
8;torus;0;5;7,401672;5;15,03696;0,2771839;-0,00885129;-0,2769858;0,005611032;0,2816036
8;torus;0;5;7,415895;5;15,03696;0,2771839;-0,00885129;-0,2769858;0,005611032;0,2816036
8;torus;0;5;7,429623;5;15,03696;0,09611312;-0,01448393;-0,0343889;-0,08857399;0,2819162
8;torus;0;5;7,443556;5;15,03696;0,1766006;-0,006866455;-0,1609944;-0,07225946;0,2801433
8;torus;0;5;7,457379;5;15,03696;0,1766006;-0,006866455;-0,1609944;-0,07225946;0,2801433
8;torus;0;5;7,47141;5;15,03696;0,5453597;-0,01409054;-0,5254336;-0,1453899;0,273616
8;torus;0;5;7,485127;5;15,03696;0,2238394;-0,01365542;-0,2234071;-0,002619624;0,270193
8;torus;0;5;7,499391;5;15,03696;0,2238394;-0,01365542;-0,2234071;-0,002619624;0,270193
8;torus;0;5;7,513537;5;15,03696;0,5120805;-0,04560351;-0,5084112;0,04080161;0,2618709
8;torus;0;5;7,526748;5;15,03696;0,06104233;-0,0202477;0,0160642;-0,05530044;0,2626261
8;torus;0;5;7,540938;5;15,03696;0,03570551;-0,02323389;-0,01785755;-0,02040043;0,2624526
8;torus;0;5;7,55477;5;15,03696;0,03570551;-0,02323389;-0,01785755;-0,02040043;0,2624526
8;torus;0;5;7,568455;5;15,03696;0,5393476;-0,06893277;-0,5141445;-0,1476467;0,2563719
8;torus;0;5;7,582435;5;15,03696;0,3323288;-0,04172325;-0,2874449;-0,1614839;0,2540934
8;torus;0;5;7,596886;5;15,03696;0,3323288;-0,04172325;-0,2874449;-0,1614839;0,2540934
8;torus;0;5;7,610375;5;15,03696;0,5900743;-0,08224249;-0,5116001;-0,2822928;0,2503019
8;torus;0;5;7,624437;5;15,03696;0,3095147;-0,04473329;-0,2512485;-0,1751356;0,2490972
8;torus;0;5;7,638417;5;15,03696;0,3095147;-0,04473329;-0,2512485;-0,1751356;0,2490972
8;torus;0;5;7,652547;5;15,03696;0,4148112;-0,1330018;-0,3750093;-0,1172468;0,2450944
8;torus;0;5;7,666126;5;15,03696;0,2468916;-0,09454489;-0,1852639;0,1330189;0,2402774
8;torus;0;5;7,679867;5;15,03696;0,2468916;-0,09454489;-0,1852639;0,1330189;0,2402774
8;torus;0;5;7,693801;5;15,03696;0,3388751;-0,1678765;-0,2809145;-0,08798242;0,2370195
8;torus;0;5;7,708291;5;15,03696;0,1556277;-0,0838697;-0,1160897;-0,06090179;0,2359896
8;torus;0;5;7,721934;5;15,03696;0,2630382;-0,08621216;-0,2467483;-0,02952665;0,2329693
8;torus;0;5;7,736016;5;15,03696;0,2630382;-0,08621216;-0,2467483;-0,02952665;0,2329693
8;torus;0;5;7,749976;5;15,03696;0,8373566;-0,1724064;-0,8068163;-0,1431413;0,2250552
8;torus;0;5;7,763455;5;15,03696;0,3183734;-0,09637475;-0,3034174;-0,003369153;0,2213353
8;torus;0;5;7,777368;5;15,03696;0,3183734;-0,09637475;-0,3034174;-0,003369153;0,2213353
8;torus;0;5;7,791345;5;15,03696;0,6672738;-0,2063453;-0,6313894;0,06343052;0,2127924
8;torus;0;5;7,805248;5;15,03696;0,228007;-0,1084864;-0,1779974;0,09238422;0,208943
8;torus;0;5;7,819604;5;15,03696;0,228007;-0,1084864;-0,1779974;0,09238422;0,208943
8;torus;0;5;7,832954;5;15,03696;0,4421402;-0,228554;-0,03776513;0,3765963;0,2010405
8;torus;0;5;7,847609;5;15,03696;0,2176217;-0,1046777;-0,1555614;0,1104645;0,1971342
8;torus;0;5;7,861518;5;15,03696;0,2804259;-0,1033664;-0,2278518;0,1266398;0,1923001
8;torus;0;5;7,875195;5;15,03696;0,2804259;-0,1033664;-0,2278518;0,1266398;0,1923001
8;torus;0;5;7,889114;5;15,03696;0,3900613;-0,1725018;-0,3492024;0,02118126;0,1878755
8;torus;0;5;7,903083;5;15,03696;0,2930773;-0,06298423;-0,2569519;-0,126107;0,1875521
8;torus;0;5;7,916629;5;15,03696;0,2930773;-0,06298423;-0,2569519;-0,126107;0,1875521
8;torus;0;5;7,930522;5;15,03696;0,8318878;-0,1043916;-0,694285;-0,4462153;0,1898182
8;torus;0;5;7,94463;5;15,03696;0,4612374;-0,03241301;-0,3118247;-0,3383115;0,1939215
8;torus;0;5;7,958903;5;15,03696;0,4612374;-0,03241301;-0,3118247;-0,3383115;0,1939215
8;torus;0;5;7,973131;5;15,03696;0,8977311;-0,02904534;-0,1939476;-0,876049;0,2091389
8;torus;0;5;7,986422;5;15,03696;0,4612208;-0,01882315;-0,2079725;-0,4112393;0,2158555
8;torus;0;5;8,000433;5;15,03696;0,487821;-0,01607537;-0,1856223;-0,4508384;0,2236146
8;torus;0;5;8,014026;5;15,03696;0,487821;-0,01607537;-0,1856223;-0,4508384;0,2236146
8;torus;0;5;8,028133;5;15,03696;1,28943;-0,02902746;-0,4205421;-1,218578;0,2455935
8;torus;0;5;8,042272;5;15,03696;0,6176202;-0,02818704;-0,2306148;-0,572256;0,2560278
8;torus;0;5;8,056557;5;15,03696;0,6176202;-0,02818704;-0,2306148;-0,572256;0,2560278
8;torus;0;5;8,070093;5;15,03696;0,6729307;-0,06234646;0,1865111;-0,6435543;0,2689407
8;torus;0;5;8,083844;5;15,03696;0,3251791;-0,03201962;0,3174063;-0,0630036;0,2710209
8;torus;0;5;8,097774;5;15,03696;0,3251791;-0,03201962;0,3174063;-0,0630036;0,2710209
8;torus;0;5;8,112121;5;15,03696;0,4195558;-0,06939769;0,3742162;-0,1765594;0,2755563
8;torus;0;5;8,125652;5;15,03696;0,2243549;-0,02866387;0,1358856;-0,1762062;0,279419
8;torus;0;5;8,139322;5;15,03696;0,2243549;-0,02866387;0,1358856;-0,1762062;0,279419
8;torus;0;5;8,153394;5;15,03696;0,4474838;-0,05210638;0,1123235;-0,4300117;0,2880867
8;torus;0;5;8,167338;5;15,03696;0,2338095;-0,02530217;0,02654344;-0,2309158;0,2926244
8;torus;0;5;8,180876;5;15,03696;0,08374345;-0,0323832;-0,01914874;-0,07481724;0,2939328
8;torus;0;5;8,194933;5;15,03696;0,08374345;-0,0323832;-0,01914874;-0,07481724;0,2939328
8;torus;0;5;8,208942;5;15,03696;0,1199544;-0,06193519;-0,1017492;0,01414865;0,2931347
8;torus;0;5;8,222864;5;15,03696;0,1959289;-0,004738569;-0,01385361;0,195381;0,2892578
8;torus;0;5;8,236749;5;15,03696;0,1959289;-0,004738569;-0,01385361;0,195381;0,2892578
8;torus;0;5;8,250847;5;15,03696;0,4486907;-0,1229763;0,1198716;0,414525;0,2813581
8;torus;0;5;8,264967;5;15,03696;0,3144251;-0,08388758;-0,1143534;0,2806231;0,275259
8;torus;0;5;8,278776;5;15,03696;0,3144251;-0,08388758;-0,1143534;0,2806231;0,275259
8;torus;0;5;8,292495;5;15,03696;0,2488763;-0,117743;-0,1181956;0,1846775;0,2709609
8;torus;0;5;8,306481;5;15,03696;0,08728757;-0,07960796;-0,009949505;0,03439039;0,2700993
8;torus;0;5;8,320415;5;15,03696;0,1075115;-0,07402301;-0,07796548;0,0008329749;0,2696599
8;torus;0;5;8,334315;5;15,03696;0,1075115;-0,07402301;-0,07796548;0,0008329749;0,2696599
8;torus;0;5;8,348291;5;15,03696;0,1680324;-0,09288788;-0,1194954;-0,07299036;0,270509
8;torus;0;5;8,362844;5;15,03696;0,07668706;-0,05704165;-0,05114786;-0,003324449;0,2703094
8;torus;0;5;8,376251;5;15,03696;0,07668706;-0,05704165;-0,05114786;-0,003324449;0,2703094
8;torus;0;5;8,390114;5;15,03696;0,2534721;-0,1558959;-0,02379082;-0,1984403;0,2739145
8;torus;0;5;8,403912;5;15,03696;0,1803424;-0,07150173;0,04251078;-0,1600116;0,2771191
8;torus;0;5;8,417988;5;15,03696;0,1803424;-0,07150173;0,04251078;-0,1600116;0,2771191
8;torus;0;5;8,432235;5;15,03696;0,4086519;-0,1664639;-0,009689853;-0,3730848;0,284267
8;torus;0;5;8,44576;5;15,03696;0,1942544;-0,08054376;-0,1058158;-0,1415998;0,2866596
8;torus;0;5;8,459726;5;15,03696;0,1942544;-0,08054376;-0,1058158;-0,1415998;0,2866596
8;torus;0;5;8,473846;5;15,03696;0,361897;-0,1575351;0,003468618;-0,3257915;0,2930037
8;torus;0;5;8,48742;5;15,03696;0,2775856;-0,06204247;0,1808189;-0,2012685;0,2975109
8;torus;0;5;8,501928;5;15,03696;0,2939931;-0,06107092;0,1308795;-0,256072;0,3029656
8;torus;0;5;8,515765;5;15,03696;0,2939931;-0,06107092;0,1308795;-0,256072;0,3029656
8;torus;0;5;8,529267;5;15,03696;0,7754386;-0,1261771;0,004453957;-0,7650912;0,3180434
8;torus;0;5;8,543365;5;15,03696;0,5547715;-0,05798936;0,03164075;-0,5508244;0,3290141
8;torus;0;5;8,557464;5;15,03696;0,5547715;-0,05798936;0,03164075;-0,5508244;0,3290141
8;torus;0;5;8,571146;5;15,03696;0,8507722;-0,1179695;-0,2012357;-0,8181691;0,3446116
8;torus;0;5;8,58513;5;15,03696;0,2705136;-0,05627275;-0,1588367;-0,2116174;0,3483942
8;torus;0;5;8,599164;5;15,03696;0,2705136;-0,05627275;-0,1588367;-0,2116174;0,3483942
8;torus;0;5;8,612863;5;15,03696;0,1487918;-0,0808537;-0,01431704;-0,1240835;0,3508323
8;torus;0;5;8,626664;5;15,03696;0,04911954;-0,03228188;0,03615059;-0,007984042;0,3510881
8;torus;0;5;8,640853;5;15,03696;0,09208348;-0,03126264;-0,04869252;-0,07163137;0,3523957
8;torus;0;5;8,654664;5;15,03696;0,09208348;-0,03126264;-0,04869252;-0,07163137;0,3523957
8;torus;0;5;8,66852;5;15,03696;0,3540311;-0,05836487;-0,2764523;-0,2133206;0,3560171
8;torus;0;5;8,682613;5;15,03696;0,1458584;-0,01929998;-0,1393739;-0,03843307;0,3565032
8;torus;0;5;8,696352;5;15,03696;0,1458584;-0,01929998;-0,1393739;-0,03843307;0,3565032
8;torus;0;5;8,7106;5;15,03696;0,1720465;-0,02486706;-0,1587339;-0,06152391;0,3574395
8;torus;0;5;8,724687;5;15,03696;0,1691622;-0,02295971;-0,1300357;-0,1057327;0,3593332
8;torus;0;5;8,738534;5;15,03696;0,1691622;-0,02295971;-0,1300357;-0,1057327;0,3593332
8;torus;0;5;8,752353;5;15,03696;0,468203;-0,05490184;-0,3767483;-0,272508;0,3642608
8;torus;0;5;8,766417;5;15,03696;0,1394331;-0,01565218;-0,05440973;-0,1274213;0,3667484
8;torus;0;5;8,780296;5;15,03696;0,1758205;-0,01841784;-0,00499934;-0,1747817;0,3702407
8;torus;0;5;8,794085;5;15,03696;0,1758205;-0,01841784;-0,00499934;-0,1747817;0,3702407
8;torus;0;5;8,807913;5;15,03696;0,2967856;-0,03957748;-0,07832162;-0,2835155;0,3758381
8;torus;0;5;8,821669;5;15,03696;0,05714831;-0,01446605;-0,01418814;-0,05343556;0,3768985
8;torus;0;5;8,835534;5;15,03696;0,05714831;-0,01446605;-0,01418814;-0,05343556;0,3768985
8;torus;0;5;8,850117;5;15,03696;0,1304066;-0,08954406;-0,09143427;0,02505034;0,3763638
8;torus;0;5;8,863381;5;15,03696;0,06617618;-0,0484705;-0,04188605;0,01659691;0,3760274
8;torus;0;5;8,877316;5;15,03696;0,06617618;-0,0484705;-0,04188605;0,01659691;0,3760274
8;torus;0;5;8,891239;5;15,03696;0,181331;-0,05894899;-0,156635;-0,06979555;0,3773431
8;torus;0;5;8,905149;5;15,03696;0,2692555;-0,04418492;-0,2635937;-0,03262758;0,3778855
8;torus;0;5;8,919212;5;15,03696;0,2692555;-0,04418492;-0,2635937;-0,03262758;0,3778855
8;torus;0;5;8,933271;5;15,03696;0,5578753;-0,07585287;-0,5512342;0,04015118;0,3770846
8;torus;0;5;8,947229;5;15,03696;0,100592;-0,01216531;-0,01123697;-0,09921938;0,3790797
8;torus;0;5;8,960791;5;15,03696;0,1455797;-0,02157092;-0,1310714;-0,05956888;0,380323
8;torus;0;5;8,974952;5;15,03696;0,1455797;-0,02157092;-0,1310714;-0,05956888;0,380323
8;torus;0;5;8,988788;5;15,03696;0,8602297;-0,09835958;-0,8439317;-0,1345351;0,3837502
8;torus;0;5;9,002906;5;15,03696;0,3609664;-0,03570318;-0,3496915;-0,08208454;0,3859057
8;torus;0;5;9,016285;5;15,03696;0,3609664;-0,03570318;-0,3496915;-0,08208454;0,3859057
8;torus;0;5;9,030574;5;15,03696;0,5871004;-0,04863143;-0,2729058;-0,5175367;0,3967144
8;torus;0;5;9,044371;5;15,03696;0,3837345;-0,02336502;-0,05586818;-0,3789261;0,4043769
8;torus;0;5;9,0584;5;15,03696;0,3837345;-0,02336502;-0,05586818;-0,3789261;0,4043769
8;torus;0;5;9,072528;5;15,03696;0,8980802;-0,06586909;-0,191056;-0,8750468;0,4222032
8;torus;0;5;9,086564;5;15,03696;0,3043552;0,2352057;0,1354833;-0,137676;0,4219256
8;torus;0;5;9,100193;5;15,03696;0,3406278;0,08557528;0,137244;-0,2997804;0,4270096
8;torus;0;5;9,113978;5;15,03696;0,3406278;0,08557528;0,137244;-0,2997804;0,4270096
8;torus;0;5;9,128143;5;15,03696;1,272065;0,2131879;0,5364968;-1,133522;0,4490812
8;torus;0;5;9,142039;5;15,03696;2,45261;-1,207382;-0,6105578;-2,045664;0,4913932
8;torus;0;5;9,155849;5;15,03696;2,45261;-1,207382;-0,6105578;-2,045664;0,4913932
8;torus;0;5;9,16953;5;15,03696;0,8322788;0,13297;0,204485;-0,7957342;0,5048311
8;torus;0;5;9,183656;5;15,03696;0,5945386;-0,1382889;-0,1182715;-0,5660073;0,5164629
8;torus;0;5;9,197543;5;15,03696;0,5945386;-0,1382889;-0,1182715;-0,5660073;0,5164629
8;torus;0;5;9,211456;5;15,03696;0,3661442;-0,1181713;-0,009514108;-0,3464196;0,5240678
8;torus;0;5;9,225407;5;15,03696;0,5629822;-0,1356321;-0,0116379;-0,546276;0,5352745
8;torus;0;5;9,239486;5;15,03696;0,5629822;-0,1356321;-0,0116379;-0,546276;0,5352745
8;torus;0;5;9,253785;5;15,03696;1,700142;-0,354622;-0,1876614;-1,652123;0,5673054
8;torus;0;5;9,267363;5;15,03696;1,06338;-0,4430223;-0,2675043;-0,9289503;0,5866706
8;torus;0;5;9,281513;5;15,03696;1,02878;-0,1621366;-0,1794383;-0,9999514;0,6070214
8;torus;0;5;9,295402;5;15,03696;1,02878;-0,1621366;-0,1794383;-0,9999514;0,6070214
8;torus;0;5;9,309378;5;15,03696;1,674008;-0,3062904;-0,9416148;-1,349759;0,6356734
8;torus;0;5;9,323284;5;15,03696;0,6973953;-0,134939;-0,2278246;-0,6451726;0,649102
8;torus;0;5;9,33724;5;15,03696;0,6973953;-0,134939;-0,2278246;-0,6451726;0,649102
8;torus;0;5;9,351213;5;15,03696;1,254585;-0,1292527;0,6516747;-1,064235;0,6694505
8;torus;0;5;9,364641;5;15,03696;0,780826;-0,04028678;0,5898856;-0,5100012;0,6789852
8;torus;0;5;9,378521;5;15,03696;0,780826;-0,04028678;0,5898856;-0,5100012;0,6789852
8;torus;0;5;9,39278;5;15,03696;1,805742;-0,09218454;1,427099;-1,10254;0,7003278
8;torus;0;5;9,406399;5;15,03696;1,124932;-0,002688169;1,058849;-0,3798753;0,7080875
8;torus;0;5;9,420421;5;15,03696;0,966345;0,03548265;0,9603336;-0,1016021;0,7107655
8;torus;0;5;9,434364;5;15,03696;0,966345;0,03548265;0,9603336;-0,1016021;0,7107655
8;torus;0;5;9,448231;5;15,03696;2,033094;0,1613319;1,994103;0,3619373;0,7064615
8;torus;0;5;9,462307;5;15,03696;0,8307812;0,0652194;0,8053981;0,1930743;0,7044536
8;torus;0;5;9,476386;5;15,03696;0,8307812;0,0652194;0,8053981;0,1930743;0,7044536
8;torus;0;5;9,490371;5;15,03696;2,438246;0,118345;2,392182;0,4566222;0,703177
8;torus;0;5;9,504415;5;15,03696;0,9560764;0,0285387;0,9421587;0,1600146;0,7040137
8;torus;0;5;9,517745;5;15,03696;0,9560764;0,0285387;0,9421587;0,1600146;0,7040137
8;torus;0;5;9,531953;5;15,03696;1,349579;-0,0104785;1,34935;0,02251267;0,7101648
8;torus;0;5;9,54566;5;15,03696;0,7604432;-0,06709099;0,7100984;-0,2636909;0,7191579
8;torus;0;5;9,559343;5;15,03696;0,7604432;-0,06709099;0,7100984;-0,2636909;0,7191579
8;torus;0;5;9,573627;5;15,03696;1,72037;-0,1875818;1,57836;-0,658229;0,7413003
8;torus;0;5;9,587444;5;15,03696;0,9697592;-0,09452105;0,9394981;-0,2210021;0,7516788
8;torus;0;5;9,601248;5;15,03696;1,220094;-0,06626248;1,215784;0,07814467;0,7587714
8;torus;0;5;9,615335;5;15,03696;1,220094;-0,06626248;1,215784;0,07814467;0,7587714
8;torus;0;5;9,629571;5;15,03696;1,461233;0,02760887;1,318233;0,6298423;0,7571272
8;torus;0;5;9,64329;5;15,03696;0,4208541;0,09132624;-0,008310378;0,4107416;0,749414
8;torus;0;5;9,657262;5;15,03696;0,4208541;0,09132624;-0,008310378;0,4107416;0,749414
8;torus;0;5;9,6711;5;15,03696;1,526802;0,3363013;-0,469248;1,413447;0,7193452
8;torus;0;5;9,685114;5;15,03696;0,7069977;0,128752;0,06019473;0,6925642;0,7070572
8;torus;0;5;9,698974;5;15,03696;0,7069977;0,128752;0,06019473;0,6925642;0,7070572
8;torus;0;5;9,713007;5;15,03696;0,8206974;0,1575828;-0,007686019;0,8053899;0,6921881
8;torus;0;5;9,72697;5;15,03696;0,4196146;0,06978512;0,07364005;0,4071653;0,685374
8;torus;0;5;9,740704;5;15,03696;0,4809628;0,03849268;0,314869;0,361526;0,681566
8;torus;0;5;9,754877;5;15,03696;0,4809628;0,03849268;0,314869;0,361526;0,681566
8;torus;0;5;9,768682;5;15,03696;0,805248;0,0610888;0,550431;0,5845666;0,6760343
8;torus;0;5;9,782403;5;15,03696;0,3633332;0,06614923;0,03637075;0,3554046;0,670004
8;torus;0;5;9,796628;5;15,03696;0,3633332;0,06614923;0,03637075;0,3554046;0,670004
8;torus;0;5;9,810663;5;15,03696;0,8100942;0,1299739;0,1613632;0,7831484;0,6575994
8;torus;0;5;9,823906;5;15,03696;0,4962607;0,0572145;0,1969352;0,4519045;0,6515521
8;torus;0;5;9,837709;5;15,03696;0,4962607;0,0572145;0,1969352;0,4519045;0,6515521
8;torus;0;5;9,851862;5;15,03696;1,022094;0,1436353;0,1938671;0,9932071;0,6361432
8;torus;0;5;9,86577;5;15,03696;0,5744489;0,0630796;0,1948446;0,5367011;0,628886
8;torus;0;5;9,879716;5;15,03696;0,5744489;0,0630796;0,1948446;0,5367011;0,628886
8;torus;0;5;9,893601;5;15,03696;1,138301;0,09328127;0,5467474;0,9940296;0,6178336
8;torus;0;5;9,90766;5;15,03696;0,5713981;0,03176332;0,3308415;0,4647911;0,6137418
8;torus;0;5;9,921466;5;15,03696;0,5883699;0,02894402;0,3407001;0,478816;0,6097242
8;torus;0;5;9,935206;5;15,03696;0,5883699;0,02894402;0,3407001;0,478816;0,6097242
8;torus;0;5;9,949588;5;15,03696;1,169996;0,104183;0,3174245;1,121284;0,5952576
8;torus;0;5;9,963337;5;15,03696;0,6477991;0,08949041;-0,1383692;0,6264895;0,5835367
8;torus;0;5;9,977472;5;15,03696;0,6477991;0,08949041;-0,1383692;0,6264895;0,5835367
8;torus;0;5;9,991423;5;15,03696;1,16665;0,08910894;0,2328098;1,139706;0,5684923
8;torus;0;5;10,00509;5;15,03696;0,4951453;0,04108548;0,06123185;0,4896238;0,5617022
8;torus;0;5;10,01895;5;15,03696;0,4951453;0,04108548;0,06123185;0,4896238;0,5617022
8;torus;0;5;10,0328;5;15,03696;0,5955029;0,09686351;-0,2027825;0,5514711;0,5505906
8;torus;0;5;10,04672;5;15,03696;0,2568699;0,05100965;-0,1497373;0,2023831;0,5455318
8;torus;0;5;10,06087;5;15,03696;0,2073296;0,04623532;-0,1118124;0,1683623;0,5414873
8;torus;0;5;10,07488;5;15,03696;0,2073296;0,04623532;-0,1118124;0,1683623;0,5414873
8;torus;0;5;10,08856;5;15,03696;0,5361642;0,1196563;-0,4142702;0,3186449;0,5311888
8;torus;0;5;10,10302;5;15,03696;0,3285965;0,04518628;-0,01223832;0,3252447;0,5260558
8;torus;0;5;10,1166;5;15,03696;0,3285965;0,04518628;-0,01223832;0,3252447;0,5260558
8;torus;0;5;10,13062;5;15,03696;1,039326;0,1213849;-0,2284929;1,006606;0,5078412
8;torus;0;5;10,14431;5;15,03696;0,5783134;0,06756783;-0,2014667;0,5378589;0,497121
8;torus;0;5;10,15846;5;15,03696;0,5783134;0,06756783;-0,2014667;0,5378589;0,497121
8;torus;0;5;10,17202;5;15,03696;0,9770868;0,1446605;-0,5945027;0,7617995;0,4777904
8;torus;0;5;10,18599;5;15,03696;0,3996548;0,06459355;-0,2529353;0,3026143;0,4698871
8;torus;0;5;10,19997;5;15,03696;0,3996548;0,06459355;-0,2529353;0,3026143;0,4698871
8;torus;0;5;10,21395;5;15,03696;1,087953;0,1270354;-0,5498841;0,9301245;0,4487262
8;torus;0;5;10,22779;5;15,03696;0,7179933;0,06431937;-0,3217161;0,6386518;0,4350046
8;torus;0;5;10,24172;5;15,03696;0,7039341;0,06380081;-0,3641233;0,599055;0,4213047
8;torus;0;5;10,2561;5;15,03696;0,7039341;0,06380081;-0,3641233;0,599055;0,4213047
8;torus;0;5;10,26994;5;15,03696;1,31341;0,1393974;-0,8653507;0,9781525;0,3951987
8;torus;0;5;10,28353;5;15,03696;0,615597;0,07941127;-0,5215645;0,3172129;0,3833941
8;torus;0;5;10,29719;5;15,03696;0,615597;0,07941127;-0,5215645;0,3172129;0,3833941
8;torus;0;5;10,3116;5;15,03696;1,198393;0,1673162;-1,126143;0,3741011;0,3626212
8;torus;0;5;10,32536;5;15,03696;0,6147477;0,0747323;-0,5513743;0,2613738;0,3514172
8;torus;0;5;10,33923;5;15,03696;0,6147477;0,0747323;-0,5513743;0,2613738;0,3514172
8;torus;0;5;10,35316;5;15,03696;1,332794;0,1220644;-1,06817;0,7876873;0,3256027
8;torus;0;5;10,36711;5;15,03696;0,471208;0,04768372;-0,3382891;0,3245361;0,3163101
8;torus;0;5;10,38095;5;15,03696;0,4372732;0,0510633;-0,3652714;0,2348982;0,3080631
8;torus;0;5;10,39474;5;15,03696;0,4372732;0,0510633;-0,3652714;0,2348982;0,3080631
8;torus;0;5;10,40895;5;15,03696;1,207616;0,1246452;-1,17586;0,2452657;0,2898183
8;torus;0;5;10,42268;5;15,03696;0,5329553;0,05598664;-0,5253174;0,0703454;0,2825964
8;torus;0;5;10,4368;5;15,03696;0,5329553;0,05598664;-0,5253174;0,0703454;0,2825964
8;torus;0;5;10,45027;5;15,03696;1,038763;0,1043737;-1,033073;-0,02990291;0,2719177
8;torus;0;5;10,46444;5;15,03696;0,6166936;0,05031228;-0,6028079;-0,1200095;0,2680153
8;torus;0;5;10,47834;5;15,03696;0,6166936;0,05031228;-0,6028079;-0,1200095;0,2680153
8;torus;0;5;10,49227;5;15,03696;1,321165;0,09267926;-1,232146;-0,4676573;0,2657273
8;torus;0;5;10,5061;5;15,03696;0,4488973;0,03831387;-0,3832057;-0,2306387;0,2671446
8;torus;0;5;10,52001;5;15,03696;0,2989996;0,02687573;-0,2958685;-0,03376827;0,2657301
8;torus;0;5;10,53404;5;15,03696;0,2989996;0,02687573;-0,2958685;-0,03376827;0,2657301
8;torus;0;5;10,54847;5;15,03696;0,9463599;0,003707409;-0,5591393;0,7635095;0,2476687
8;torus;0;5;10,56216;5;15,03696;0,5120798;-0,01051426;-0,196439;0,4727863;0,2374697
8;torus;0;5;10,57623;5;15,03696;0,5120798;-0,01051426;-0,196439;0,4727863;0,2374697
8;torus;0;5;10,59008;5;15,03696;0,8559656;-0,02406836;-0,6039798;0,6060578;0,2222623
8;torus;0;5;10,60374;5;15,03696;0,2245463;-0,0003933907;-0,2230424;0,02594143;0,2205264
8;torus;0;5;10,61778;5;15,03696;0,2245463;-0,0003933907;-0,2230424;0,02594143;0,2205264
8;torus;0;5;10,63164;5;15,03696;0,4724428;0,005614758;-0,470449;-0,04299283;0,2190303
8;torus;0;5;10,64572;5;15,03696;0,432998;-0,001138449;-0,4222658;-0,09579957;0,2191352
8;torus;0;5;10,6597;5;15,03696;0,432998;-0,001138449;-0,4222658;-0,09579957;0,2191352
8;torus;0;5;10,6733;5;15,03696;1,061376;-0,008749962;-1,012854;-0,3171265;0,222497
8;torus;0;5;10,68744;5;15,03696;0,5691105;-0,01600385;-0,5607876;-0,09564459;0,2235884
8;torus;0;5;10,70135;5;15,03696;0,4997936;-0,01916289;-0,4989102;-0,02269447;0,2237876
8;torus;0;5;10,71517;5;15,03696;0,4997936;-0,01916289;-0,4989102;-0,02269447;0,2237876
8;torus;0;5;10,7294;5;15,03696;0,8304015;-0,04248619;-0,8245304;0,08894503;0,2225602
8;torus;0;5;10,74291;5;15,03696;0,3176251;-0,01720786;-0,3136285;0,047189;0,2221508
8;torus;0;5;10,75677;5;15,03696;0,3176251;-0,01720786;-0,3136285;0,047189;0,2221508
8;torus;0;5;10,77093;5;15,03696;0,7457864;-0,029248;-0,7337816;-0,1300246;0,2266454
8;torus;0;5;10,7849;5;15,03696;0,3923041;-0,01032948;-0,356482;-0,1634516;0,2311155
8;torus;0;5;10,79846;5;15,03696;0,3923041;-0,01032948;-0,356482;-0,1634516;0,2311155
8;torus;0;5;10,81274;5;15,03696;0,4479261;-0,006127357;-0,3966704;-0,2079733;0,2368116
8;torus;0;5;10,8263;5;15,03696;0,03072996;0,005418062;-0,006330013;-0,0295788;0,2374227
8;torus;0;5;10,84025;5;15,03696;0,1802177;0,01224875;0,1740135;0,0452511;0,2358096
8;torus;0;5;10,85448;5;15,03696;0,1802177;0,01224875;0,1740135;0,0452511;0,2358096
8;torus;0;5;10,86816;5;15,03696;0,1819893;0,003647804;-0,009511411;0,181704;0,2323123
8;torus;0;5;10,88204;5;15,03696;0,2029987;-0,006389618;-0,1552902;0,1305856;0,2304464
8;torus;0;5;10,89616;5;15,03696;0,2029987;-0,006389618;-0,1552902;0,1305856;0,2304464
8;torus;0;5;10,90984;5;15,03696;0,7449501;-0,02636909;-0,7292785;-0,1496933;0,2370246
8;torus;0;5;10,92379;5;15,03696;0,7107469;-0,02100468;-0,6154567;-0,3548704;0,2474647
8;torus;0;5;10,93828;5;15,03696;0,7107469;-0,02100468;-0,6154567;-0,3548704;0,2474647
8;torus;0;5;10,95176;5;15,03696;1,201726;-0,03585815;-0,9664819;-0,7132836;0,2674587
8;torus;0;5;10,96582;5;15,03696;0,344518;-0,01631975;-0,3302366;-0,09679943;0,2717284
8;torus;0;5;10,97993;5;15,03696;0,344518;-0,01631975;-0,3302366;-0,09679943;0,2717284
8;torus;0;5;10,99379;5;15,03696;0,9066039;-0,07662177;-0,8917444;0,1444012;0,2764629
8;torus;0;5;11,00807;5;15,03696;0,468152;-0,04390478;-0,4566103;0,0935182;0,2789636
8;torus;0;5;11,02166;5;15,03696;0,3213465;-0,02723932;-0,2742589;0,1652382;0,2787084
8;torus;0;5;11,03589;5;15,03696;0,3213465;-0,02723932;-0,2742589;0,1652382;0,2787084
8;torus;0;5;11,04914;5;15,03696;0,7194078;-0,06691813;-0,6418005;0,3180593;0,2798422
8;torus;0;5;11,06316;5;15,03696;0,3276401;-0,03048778;-0,322175;0,05120337;0,2824888
8;torus;0;5;11,07712;5;15,03696;0,3276401;-0,03048778;-0,322175;0,05120337;0,2824888
8;torus;0;5;11,09102;5;15,03696;0,5332008;-0,04556775;-0,5081683;0,1548924;0,285717
8;torus;0;5;11,10466;5;15,03696;0,2786155;-0,02403855;-0,2130732;0,1779005;0,285367
8;torus;0;5;11,11887;5;15,03696;0,2786155;-0,02403855;-0,2130732;0,1779005;0,285367
8;torus;0;5;11,13249;5;15,03696;0,3692335;-0,02189875;-0,2514556;0,2694882;0,2841637
8;torus;0;5;11,14647;5;15,03696;0,1659769;0,01680851;0,09272099;0,1366332;0,280882
8;torus;0;5;11,16054;5;15,03696;0,2477425;-0,007653236;-0,08582026;0,2322771;0,2783414
8;torus;0;5;11,17427;5;15,03696;0,2477425;-0,007653236;-0,08582026;0,2322771;0,2783414
8;torus;0;5;11,18831;5;15,03696;0,7893553;-0,07157326;-0,560452;0,5512282;0,2773241
8;torus;0;5;11,20228;5;15,03696;0,3791986;-0,04123449;-0,3005609;0,227496;0,2781225
8;torus;0;5;11,21643;5;15,03696;0,3791986;-0,04123449;-0,3005609;0,227496;0,2781225
8;torus;0;5;11,23014;5;15,03696;0,419421;-0,0361979;-0,394167;0,138694;0,2817065
8;torus;0;5;11,24404;5;15,03696;0,2579132;-0,01786351;-0,2454594;-0,07713512;0,2862982
8;torus;0;5;11,25796;5;15,03696;0,2579132;-0,01786351;-0,2454594;-0,07713512;0,2862982
8;torus;0;5;11,27193;5;15,03696;0,6295493;-0,05763769;-0,6264076;-0,02497658;0,2957749
8;torus;0;5;11,28602;5;15,03696;0,3802907;-0,04191995;-0,3766954;-0,03105402;0,3017939
8;torus;0;5;11,29973;5;15,03696;0,3802907;-0,04191995;-0,3766954;-0,03105402;0,3017939
8;torus;0;5;11,31363;5;15,03696;0,8119599;-0,1132667;-0,8039415;-0,01129955;0,3141676
8;torus;0;5;11,32759;5;15,03696;0,3113085;-0,04450679;-0,3062457;-0,03384799;0,3193427
8;torus;0;5;11,34162;5;15,03696;0,2869344;-0,03669262;-0,2834395;-0,02543777;0,3240921
8;torus;0;5;11,35548;5;15,03696;0,2869344;-0,03669262;-0,2834395;-0,02543777;0,3240921
8;torus;0;5;11,36936;5;15,03696;0,5358281;-0,04473329;-0,3560275;0,3979385;0,3249246
8;torus;0;5;11,38325;5;15,03696;0,4258808;-0,03530383;-0,1786888;0,3849655;0,3233399
8;torus;0;5;11,39739;5;15,03696;0,4258808;-0,03530383;-0,1786888;0,3849655;0,3233399
8;torus;0;5;11,41165;5;15,03696;0,841965;-0,06890297;-0,4278407;0,7218793;0,3225298
8;torus;0;5;11,42511;5;15,03696;0,2762899;-0,009852648;-0,1612768;0,2241179;0,3229415
8;torus;0;5;11,43879;5;15,03696;0,2762899;-0,009852648;-0,1612768;0,2241179;0,3229415
8;torus;0;5;11,45266;5;15,03696;0,657832;-0,00910759;-0,2080336;0,6240048;0,3203402
8;torus;0;5;11,4668;5;15,03696;0,5130705;-0,02565384;-0,1082838;0,5008571;0,3175884
8;torus;0;5;11,48086;5;15,03696;0,6183205;-0,02875924;-0,05198568;0,6154597;0,3131595
8;torus;0;5;11,49466;5;15,03696;0,6183205;-0,02875924;-0,05198568;0,6154597;0,3131595
8;torus;0;5;11,509;5;15,03696;1,177549;-0,05138516;-0,05863756;1,174965;0,3051559
8;torus;0;5;11,52232;5;15,03696;0,3753712;-0,02898574;-0,182873;0,3265284;0,3063662
8;torus;0;5;11,53663;5;15,03696;0,3753712;-0,02898574;-0,182873;0,3265284;0,3063662
8;torus;0;5;11,55057;5;15,03696;0,6426376;-0,05202889;-0,5902976;0,248646;0,3159968
8;torus;0;5;11,56418;5;15,03696;0,3658534;-0,03129244;-0,3630161;0,03299639;0,3227348
8;torus;0;5;11,57822;5;15,03696;0,3658534;-0,03129244;-0,3630161;0,03299639;0,3227348
8;torus;0;5;11,59226;5;15,03696;0,7947211;-0,1035452;-0,7072628;0,3473319;0,3344086
8;torus;0;5;11,60621;5;15,03696;0,4818431;-0,06373525;-0,2594814;0,4009739;0,3374423
8;torus;0;5;11,62035;5;15,03696;0,4591742;-0,04271269;-0,1376167;0,4359797;0,3381769
8;torus;0;5;11,63415;5;15,03696;0,4591742;-0,04271269;-0,1376167;0,4359797;0,3381769
8;torus;0;5;11,64816;5;15,03696;0,8529184;-0,05760193;-0,1494214;0,83775;0,3379927
8;torus;0;5;11,66167;5;15,03696;0,338313;-0,02387762;-0,1132652;0,3178939;0,3392681
8;torus;0;5;11,67566;5;15,03696;0,338313;-0,02387762;-0,1132652;0,3178939;0,3392681
8;torus;0;5;11,68969;5;15,03696;0,5746326;-0,0297606;-0,3480002;0,4563034;0,3450008
8;torus;0;5;11,70339;5;15,03696;0,1674441;0,03175139;-0,1629516;-0,02182052;0,3482588
8;torus;0;5;11,71743;5;15,03696;0,1674441;0,03175139;-0,1629516;-0,02182052;0,3482588
8;torus;0;5;11,73123;5;15,03696;0,5575117;-0,0300169;-0,3905639;0,3967091;0,3552249
8;torus;0;5;11,74559;5;15,03696;0,3828037;-0,01744628;-0,07452667;0,3750734;0,3561193
8;torus;0;5;11,75909;5;15,03696;0,3828037;-0,01744628;-0,07452667;0,3750734;0,3561193
8;torus;0;5;11,77338;5;15,03696;0,7224877;-0,01218915;-0,02721995;0,7218719;0,3559551
8;torus;0;5;11,78688;5;15,03696;0,2950862;-0,02483726;-0,1690537;0,2405822;0,3592452
8;torus;0;5;11,80087;5;15,03696;0,2311537;-0,01177788;-0,1802236;0,1442663;0,3628225
8;torus;0;5;11,81484;5;15,03696;0,2311537;-0,01177788;-0,1802236;0,1442663;0,3628225
8;torus;0;5;11,82892;5;15,03696;0,4436814;-0,01021028;-0,4365459;0,0785917;0,3715451
8;torus;0;5;11,84268;5;15,03696;0,2813319;-0,03203154;-0,2159387;0,1774602;0,3758935
8;torus;0;5;11,85661;5;15,03696;0,2813319;-0,03203154;-0,2159387;0,1774602;0,3758935
8;torus;0;5;11,8706;5;15,03696;0,6015414;-0,05556941;-0,2089068;0,5613573;0,3803535
8;torus;0;5;11,88455;5;15,03696;0,4489884;0,001728535;0,1278743;0,4303902;0,3782058
8;torus;0;5;11,89843;5;15,03696;0,4489884;0,001728535;0,1278743;0,4303902;0,3782058
8;torus;0;5;11,91267;5;15,03696;0,8613098;0,01757741;0,28411;0,8129128;0,3738433
8;torus;0;5;11,92634;5;15,03696;0,4430048;0,0003874302;0,130944;0,4232101;0,3722124
8;torus;0;5;11,94039;5;15,03696;0,4618614;-0,009441376;0,1174003;0,4465915;0,3711332
8;torus;0;5;11,95399;5;15,03696;0,4618614;-0,009441376;0,1174003;0,4465915;0,3711332
8;torus;0;5;11,96854;5;15,03696;1,108915;0,00590682;0,455597;1,010984;0,3657957
8;torus;0;5;11,98247;5;15,03696;0,5617717;0,03425479;0,3225654;0,4586563;0,3615143
8;torus;0;5;11,99605;5;15,03696;0,5617717;0,03425479;0,3225654;0,4586563;0,3615143
8;torus;0;5;12,00968;5;15,03696;1,138393;0,05723238;0,6398156;0,9398401;0,3541111
8;torus;0;5;12,02383;5;15,03696;0,4907506;0,03880262;0,2893567;0,3944658;0,35099
8;torus;0;5;12,03788;5;15,03696;0,4907506;0,03880262;0,2893567;0,3944658;0,35099
8;torus;0;5;12,05158;5;15,03696;0,8572894;0,050807;0,4241556;0,7432737;0,34806
8;torus;0;5;12,06568;5;15,03696;0,4149306;0,04056692;0,2376214;0,3377244;0,346159
8;torus;0;5;12,07948;5;15,03696;0,4149306;0,04056692;0,2376214;0,3377244;0,346159
8;torus;0;5;12,09316;5;15,03696;0,6514848;0,09322762;0,3505081;0,5411886;0,3440387
8;torus;0;5;12,10705;5;15,03696;0,138844;0,06041527;0,04256666;0,1175404;0,3442234
8;torus;0;5;12,12094;5;15,03696;0,155855;0,07041693;0,07794499;0,1151383;0,3437669
8;torus;0;5;12,13491;5;15,03696;0,155855;0,07041693;0,07794499;0,1151383;0,3437669
8;torus;0;5;12,14899;5;15,03696;0,7902014;0,0880897;0,4474491;0,6453276;0,3416106
8;torus;0;5;12,16278;5;15,03696;0,4775538;0,03780723;0,2986357;0,3707357;0,3399808
8;torus;0;5;12,17668;5;15,03696;0,4775538;0,03780723;0,2986357;0,3707357;0,3399808
8;torus;0;5;12,19067;5;15,03696;1,01676;-0,02335906;0,4396379;0,9165012;0,3420973
8;torus;0;5;12,20461;5;15,03696;0,4119093;0,01850724;0,2382651;0,3354944;0,3418864
8;torus;0;5;12,21888;5;15,03696;0,4119093;0,01850724;0,2382651;0,3354944;0,3418864
8;torus;0;5;12,23266;5;15,03696;0,3693276;0,0856936;0,2210602;0,2831817;0,3415169
8;torus;0;5;12,24677;5;15,03696;0,07402318;0,05955696;0,03953129;0,01922697;0,3410877
8;torus;0;5;12,261;5;15,03696;0,1830056;0,08379817;0,1623377;0,01074076;0,3385797
8;torus;0;5;12,27439;5;15,03696;0,1830056;0,08379817;0,1623377;0,01074076;0,3385797
8;torus;0;5;12,28844;5;15,03696;0,3329825;0,1262367;0,2876788;0,1103744;0,3352884
8;torus;0;5;12,30214;5;15,03696;0,2354935;0,04297495;0,1788035;0,1471043;0,3342538
8;torus;0;5;12,31623;5;15,03696;0,2354935;0,04297495;0,1788035;0,1471043;0,3342538
8;torus;0;5;12,33037;5;15,03696;0,8214036;0,1359284;0,7346854;0,3412694;0,3272183
8;torus;0;5;12,34408;5;15,03696;0,5255554;0,03985763;0,4287049;0,3013834;0,3247877
8;torus;0;5;12,35811;5;15,03696;0,5255554;0,03985763;0,4287049;0,3013834;0,3247877
8;torus;0;5;12,37185;5;15,03696;0,9622852;0,06559491;0,7431313;0,6078206;0,3225648
8;torus;0;5;12,38569;5;15,03696;0,5018247;0,08924603;0,4629806;0,171791;0,3187244
8;torus;0;5;12,39951;5;15,03696;0,5018247;0,08924603;0,4629806;0,171791;0,3187244
8;torus;0;5;12,41335;5;15,03696;1,116073;0,03455281;0,8092239;0,7678427;0,3198381
8;torus;0;5;12,42739;5;15,03696;0,5689773;0,04512072;0,4680172;0,3204048;0,319217
8;torus;0;5;12,44125;5;15,03696;0,5610111;0,08560419;0,5125418;0,2114385;0,3167312
8;torus;0;5;12,45512;5;15,03696;0,5610111;0,08560419;0,5125418;0,2114385;0,3167312
8;torus;0;5;12,46916;5;15,03696;0,8692998;0,2328575;0,8265764;0,1350224;0,3101193
8;torus;0;5;12,48349;5;15,03696;0,45345;0,1316249;0,4336439;0,01564324;0,306049
8;torus;0;5;12,49704;5;15,03696;0,45345;0,1316249;0,4336439;0,01564324;0,306049
8;torus;0;5;12,51098;5;15,03696;1,016615;0,2998292;0,9679079;-0,082241;0,2956959
8;torus;0;5;12,52489;5;15,03696;0,3436994;0,1034915;0,3264196;0,02947897;0,2934667
8;torus;0;5;12,53903;5;15,03696;0,3436994;0,1034915;0,3264196;0,02947897;0,2934667
8;torus;0;5;12,55292;5;15,03696;0,4964317;0,2296329;0,4251204;-0,1139551;0,2882294
8;torus;0;5;12,56675;5;15,03696;0,3438338;0,1479924;0,2700798;-0,1528949;0,2835779
8;torus;0;5;12,58059;5;15,03696;0,4064444;0,1603901;0,3199302;-0,1926571;0,2779367
8;torus;0;5;12,59484;5;15,03696;0,4064444;0,1603901;0,3199302;-0,1926571;0,2779367
8;torus;0;5;12,60843;5;15,03696;0,5747819;0,1651645;0,5484768;0,0476256;0,2751786
8;torus;0;5;12,62249;5;15,03696;0,4241764;0,08046031;0,4131533;0,05249828;0,2735739
8;torus;0;5;12,63652;5;15,03696;0,4241764;0,08046031;0,4131533;0,05249828;0,2735739
8;torus;0;5;12,65055;5;15,03696;0,708452;0,1583695;0,688237;0,05615354;0,2709585
8;torus;0;5;12,66459;5;15,03696;0,3381292;0,1207113;0,2884254;-0,1287282;0,2673778
8;torus;0;5;12,67813;5;15,03696;0,3381292;0,1207113;0,2884254;-0,1287282;0,2673778
8;torus;0;5;12,69202;5;15,03696;0,9953481;0,3476024;0,740476;-0,5670853;0,2544181
8;torus;0;5;12,70616;5;15,03696;0,4022931;0,1333475;0,3401555;-0,1683816;0,2504067
8;torus;0;5;12,72;5;15,03696;0,3773539;0,09978414;0,3582396;-0,0640586;0,2483632
8;torus;0;5;12,73373;5;15,03696;0,3773539;0,09978414;0,3582396;-0,0640586;0,2483632
8;torus;0;5;12,74808;5;15,03696;1,015663;0,0249207;0,916072;0,4379056;0,2545676
8;torus;0;5;12,76148;5;15,03696;0,6213226;0,02324581;0,589681;0,1943648;0,2576594
8;torus;0;5;12,77545;5;15,03696;0,6213226;0,02324581;0,589681;0,1943648;0,2576594
8;torus;0;5;12,78934;5;15,03696;1,017432;0,09550452;0,9982888;0,1716599;0,2613541
8;torus;0;5;12,80369;5;15,03696;0,3565638;0,07833242;0,3463016;-0,03281832;0,2614223
8;torus;0;5;12,81739;5;15,03696;0,3565638;0,07833242;0,3463016;-0,03281832;0,2614223
8;torus;0;5;12,83102;5;15,03696;1,041409;0,2122343;0,9959404;-0,2181552;0,260266
8;torus;0;5;12,84508;5;15,03696;0,5401832;0,08820295;0,5293608;-0,06160662;0,2612246
8;torus;0;5;12,85917;5;15,03696;0,5401832;0,08820295;0,5293608;-0,06160662;0,2612246
8;torus;0;5;12,87304;5;15,03696;1,046874;0,248456;0,9443578;-0,3773645;0,2595872
8;torus;0;5;12,88692;5;15,03696;0,6464884;0,1994252;0,4256994;-0,4437983;0,2549564
8;torus;0;5;12,90129;5;15,03696;0,5185362;0,163734;0,3538657;-0,3418334;0,2520166
8;torus;0;5;12,91497;5;15,03696;0,5185362;0,163734;0,3538657;-0,3418334;0,2520166
8;torus;0;5;12,92867;5;15,03696;0,4127921;0,04195571;0,3482711;0,2175875;0,2584445
8;torus;0;5;12,94277;5;15,03696;0,5450784;0,03147125;0,5417548;0,05120263;0,2634103
8;torus;0;5;12,95656;5;15,03696;0,5450784;0,03147125;0,5417548;0,05120263;0,2634103
8;torus;0;5;12,97053;5;15,03696;1,252579;-0,02564192;1,206205;0,336697;0,2788735
8;torus;0;5;12,9845;5;15,03696;0,5788301;0,020051;0,577442;0,0346832;0,2848361
8;torus;0;5;12,99847;5;15,03696;0,5788301;0,020051;0,577442;0,0346832;0,2848361
8;torus;0;5;13,01252;5;15,03696;0,6849061;0,1010478;0,6722286;-0,08363202;0,2906424
8;torus;0;5;13,02657;5;15,03696;0,2798452;0,07669926;0,2434999;-0,1146227;0,2917645
8;torus;0;5;13,04002;5;15,03696;0,3909236;0,04869699;0,3857523;-0,04055873;0,2955211
8;torus;0;5;13,05488;5;15,03696;0,3909236;0,04869699;0,3857523;-0,04055873;0,2955211
8;torus;0;5;13,06772;5;15,03696;0,744831;-0,01469254;0,6903626;0,2792075;0,3074405
8;torus;0;5;13,08198;5;15,03696;0,3364797;-0,03546476;0,2361417;0,2370611;0,3135892
8;torus;0;5;13,09596;5;15,03696;0,3364797;-0,03546476;0,2361417;0,2370611;0,3135892
8;torus;0;5;13,10946;5;15,03696;0,6199445;-0,04593134;0,47784;0,3922887;0,324889
8;torus;0;5;13,12344;5;15,03696;0,3836525;-0,05143285;0,2548829;0,2820969;0,3319315
8;torus;0;5;13,13771;5;15,03696;0,3836525;-0,05143285;0,2548829;0,2820969;0,3319315
8;torus;0;5;13,15145;5;15,03696;0,8314154;-0,1266062;0,5342498;0,6243393;0,3472008
8;torus;0;5;13,16538;5;15,03696;0,4828247;-0,0570178;0,4007712;0,263156;0,3557391
8;torus;0;5;13,17912;5;15,03696;0,4828247;-0,0570178;0,4007712;0,263156;0,3557391
8;torus;0;5;13,19341;5;15,03696;0,9024591;-0,1342237;0,6656044;0,5944639;0,3722813
8;torus;0;5;13,20702;5;15,03696;0,4771756;-0,09697676;0,2501272;0,3946245;0,3809748
8;torus;0;5;13,22109;5;15,03696;0,4185361;-0,06312728;0,3007904;0,2840996;0,388748
8;torus;0;5;13,23509;5;15,03696;0,4185361;-0,06312728;0,3007904;0,2840996;0,388748
8;torus;0;5;13,24889;5;15,03696;0,7427849;-0,04922748;0,6613418;0,3345639;0,4018144
8;torus;0;5;13,26275;5;15,03696;0,4059041;-0,05950332;0,2940074;0,2734542;0,4094197
8;torus;0;5;13,27695;5;15,03696;0,4059041;-0,05950332;0,2940074;0,2734542;0,4094197
8;torus;0;5;13,29071;5;15,03696;0,7464835;-0,10252;0,5446315;0,5001038;0,4234864
8;torus;0;5;13,30506;5;15,03696;0,2933128;-0,03845096;0,1647919;0,2395779;0,4290697
8;torus;0;5;13,319;5;15,03696;0,2933128;-0,03845096;0,1647919;0,2395779;0,4290697
8;torus;0;5;13,33312;5;15,03696;0,5084712;-0,05665421;0,2785236;0,4216135;0,4388039
8;torus;0;5;13,34662;5;15,03696;0,3644566;-0,07621646;0,108844;0,339371;0,445118
8;torus;0;5;13,36023;5;15,03696;0,4662762;-0,1170278;0,1107186;0,4375607;0,4528815
8;torus;0;5;13,37447;5;15,03696;0,4662762;-0,1170278;0,1107186;0,4375607;0,4528815
8;torus;0;5;13,38839;5;15,03696;0,8513799;-0,2134383;0,185284;0,8030951;0,4670652
8;torus;0;5;13,40187;5;15,03696;0,4634244;-0,1006424;0,3267616;0,312826;0,4756831
8;torus;0;5;13,41635;5;15,03696;0,4634244;-0,1006424;0,3267616;0,312826;0,4756831
8;torus;0;5;13,42972;5;15,03696;0,9854246;-0,2031207;0,7748842;0,5738974;0,4936756
8;torus;0;5;13,44371;5;15,03696;0,4067111;-0,1015902;0,214991;0,3299579;0,5012486
8;torus;0;5;13,45764;5;15,03696;0,4067111;-0,1015902;0,214991;0,3299579;0,5012486
8;torus;0;5;13,47184;5;15,03696;0,9094324;-0,2578914;0,3127664;0,8140862;0,5173215
8;torus;0;5;13,48567;5;15,03696;0,5610532;-0,1776278;0,1303911;0,5159721;0,5267339
8;torus;0;5;13,49943;5;15,03696;0,5610532;-0,1776278;0,1303911;0,5159721;0,5267339
8;torus;0;5;13,51367;5;15,03696;1,256183;-0,4226387;0,3200471;1,138833;0,5480913
8;torus;0;5;13,52746;5;15,03696;0,8163862;-0,2958059;0,1740843;0,7407293;0,5617284
8;torus;0;5;13,54128;5;15,03696;0,8454324;-0,3141046;0,2703935;0,7368729;0,5765408
8;torus;0;5;13,55535;5;15,03696;0,8454324;-0,3141046;0,2703935;0,7368729;0,5765408
8;torus;0;5;13,56914;5;15,03696;1,428613;-0,5227327;0,5119473;1,227027;0,6021557
8;torus;0;5;13,58315;5;15,03696;0,6458513;-0,2104461;0,4109204;0,4516423;0,6141862
8;torus;0;5;13,59702;5;15,03696;0,6458513;-0,2104461;0,4109204;0,4516423;0,6141862
8;torus;0;5;13,61108;5;15,03696;1,36458;-0,4943967;0,7050306;1,058576;0,639547
8;torus;0;5;13,62515;5;15,03696;0,7062211;-0,2772212;0,2225563;0,6102175;0,6521372
8;torus;0;5;13,63892;5;15,03696;0,7062211;-0,2772212;0,2225563;0,6102175;0,6521372
8;torus;0;5;13,65275;5;15,03696;1,453937;-0,5434215;-0,1501083;1,340184;0,6728954
8;torus;0;5;13,66672;5;15,03696;0,7145798;-0,2593517;-0,1504675;0,6486297;0,6823242
8;torus;0;5;13,68047;5;15,03696;0,7298616;-0,2825022;-0,1001149;0,6654829;0,6927522
8;torus;0;5;13,69451;5;15,03696;0,7298616;-0,2825022;-0,1001149;0,6654829;0,6927522
8;torus;0;5;13,70872;5;15,03696;1,22074;-0,4446745;-0,276354;1,102769;0,7092158
8;torus;0;5;13,72216;5;15,03696;0,4588315;-0,1394928;-0,1708239;0,4023522;0,7146161
8;torus;0;5;13,73643;5;15,03696;0,4588315;-0,1394928;-0,1708239;0,4023522;0,7146161
8;torus;0;5;13,75011;5;15,03696;0,9332919;-0,1538813;-0,644432;0,6573141;0,7200238
8;torus;0;5;13,76415;5;15,03696;0,4858995;-0,05979538;-0,3749087;0,3032595;0,7219356
8;torus;0;5;13,77822;5;15,03696;0,4858995;-0,05979538;-0,3749087;0,3032595;0,7219356
8;torus;0;5;13,79197;5;15,03696;0,7892501;-0,04249215;-0,6543383;0,4392624;0,7238839
8;torus;0;5;13,80569;5;15,03696;0,3535652;-0,03114343;-0,2759472;0,2188414;0,7254273
8;torus;0;5;13,8198;5;15,03696;0,3535652;-0,03114343;-0,2759472;0,2188414;0,7254273
8;torus;0;5;13,83367;5;15,03696;0,7771769;-0,08861423;-0,6055042;0,4790783;0,7290487
8;torus;0;5;13,84767;5;15,03696;0,2886041;-0,05443096;-0,1779661;0,2205849;0,7316616
8;torus;0;5;13,86152;5;15,03696;0,3943518;-0,07490516;-0,2809286;0,2664238;0,7343493
8;torus;0;5;13,8754;5;15,03696;0,3943518;-0,07490516;-0,2809286;0,2664238;0,7343493
8;torus;0;5;13,88998;5;15,03696;0,6831042;-0,0772357;-0,5471498;0,4016131;0,7375401
8;torus;0;5;13,90326;5;15,03696;0,255497;-0,007289648;-0,217399;0,134027;0,7383696
8;torus;0;5;13,91736;5;15,03696;0,255497;-0,007289648;-0,217399;0,134027;0,7383696
8;torus;0;5;13,93109;5;15,03696;0,3876151;-0,04292727;-0,2742112;0,2705753;0,7413943
8;torus;0;5;13,94494;5;15,03696;0,2579264;-0,03336072;-0,200291;0,159049;0,7429325
8;torus;0;5;13,95889;5;15,03696;0,2579264;-0,03336072;-0,200291;0,159049;0,7429325
8;torus;0;5;13,97309;5;15,03696;0,4973637;-0,01325607;-0,4372701;0,2366215;0,7442505
8;torus;0;5;13,98679;5;15,03696;0,2812164;0,04320145;-0,2733603;0,04990399;0,7432309
8;torus;0;5;14,00128;5;15,03696;0,2966846;0,07653236;-0,2866358;-0,002112985;0,7411402
8;torus;0;5;14,01444;5;15,03696;0,2966846;0,07653236;-0,2866358;-0,002112985;0,7411402
8;torus;0;5;14,02843;5;15,03696;0,5893416;0,1701474;-0,5628884;-0,03911555;0,7364703
8;torus;0;5;14,04266;5;15,03696;0,3001181;0,09232759;-0,2835885;-0,03352761;0,733908
8;torus;0;5;14,05689;5;15,03696;0,3001181;0,09232759;-0,2835885;-0,03352761;0,733908
8;torus;0;5;14,07042;5;15,03696;0,72603;0,2710462;-0,6432765;-0,1996219;0,7258247
8;torus;0;5;14,08461;5;15,03696;0,3072241;0,09060502;-0,2912648;-0,03663599;0,7232901
8;torus;0;5;14,09821;5;15,03696;0,3072241;0,09060502;-0,2912648;-0,03663599;0,7232901
8;torus;0;5;14,11188;5;15,03696;0,5265331;0,09051561;-0,5170137;0,04172325;0,7210141
8;torus;0;5;14,1259;5;15,03696;0,267013;-0,02194047;-0,238996;0,1170278;0,7219527
8;torus;0;5;14,14001;5;15,03696;0,3612132;-0,1350284;-0,1938745;0,2732307;0,7262966
8;torus;0;5;14,15399;5;15,03696;0,3612132;-0,1350284;-0,1938745;0,2732307;0,7262966
8;torus;0;5;14,16765;5;15,03696;0,4947252;-0,09913445;-0,4030563;0,2692044;0,729488
8;torus;0;5;14,18184;5;15,03696;0,2169446;-0,07911921;-0,1174726;0,164333;0,7321585
8;torus;0;5;14,19578;5;15,03696;0,2169446;-0,07911921;-0,1174726;0,164333;0,7321585
8;torus;0;5;14,20955;5;15,03696;0,5147777;-0,2442181;-0,1201294;0,4369467;0,740313
8;torus;0;5;14,2234;5;15,03696;0,3073853;-0,1352549;-0,1381285;0,2389818;0,7444485
8;torus;0;5;14,2375;5;15,03696;0,3073853;-0,1352549;-0,1381285;0,2389818;0,7444485
8;torus;0;5;14,25117;5;15,03696;0,5858144;-0,08087158;-0,5442091;0,2011836;0,7459327
8;torus;0;5;14,26548;5;15,03696;0,3020304;0,0623405;-0,2888888;-0,06228387;0,7433546
8;torus;0;5;14,27903;5;15,03696;0,3020304;0,0623405;-0,2888888;-0,06228387;0,7433546
8;torus;0;5;14,29302;5;15,03696;0,5197815;0,1346469;-0,4782163;-0,1528144;0,7381634
8;torus;0;5;14,30682;5;15,03696;0,2242185;0,04871488;-0,2120949;-0,05400479;0,7361796
8;torus;0;5;14,32084;5;15,03696;0,2373975;-0,01590252;-0,2336167;0,03908873;0,7360385
8;torus;0;5;14,33499;5;15,03696;0,2373975;-0,01590252;-0,2336167;0,03908873;0,7360385
8;torus;0;5;14,34868;5;15,03696;0,5629345;-0,02118349;-0,5600512;0,0528127;0,7349999
8;torus;0;5;14,36248;5;15,03696;0,3224017;0,0892818;-0,2771609;-0,138396;0,7311862
8;torus;0;5;14,37673;5;15,03696;0,3224017;0,0892818;-0,2771609;-0,138396;0,7311862
8;torus;0;5;14,39073;5;15,03696;0,6561347;0,2090752;-0,5245306;-0,3341675;0,7225999
8;torus;0;5;14,40462;5;15,03696;0,2626805;-0,00295043;-0,2625361;-0,008192658;0,7216148
8;torus;0;5;14,41829;5;15,03696;0,2626805;-0,00295043;-0,2625361;-0,008192658;0,7216148
8;torus;0;5;14,43235;5;15,03696;0,2521885;-0,01180768;-0,2498832;-0,03190637;0,7202461
8;torus;0;5;14,44612;5;15,03696;0,1673321;0,0617981;-0,08793101;-0,1282543;0,7173836
8;torus;0;5;14,46016;5;15,03696;0,2088639;0,06017685;-0,1532577;-0,1285106;0,7143356
8;torus;0;5;14,47418;5;15,03696;0,2088639;0,06017685;-0,1532577;-0,1285106;0,7143356
8;torus;0;5;14,48781;5;15,03696;0,6586995;0,06898642;-0,6279644;-0,1865119;0,7088916
8;torus;0;5;14,50193;5;15,03696;0,3470683;-0,01826882;-0,3462367;-0,01558363;0,7077692
8;torus;0;5;14,51615;5;15,03696;0,3470683;-0,01826882;-0,3462367;-0,01558363;0,7077692
8;torus;0;5;14,52987;5;15,03696;0,5370483;-0,1567721;-0,4925162;0,1458466;0,7097753
8;torus;0;5;14,54393;5;15,03696;0,348963;-0,1527071;-0,254029;0,1841873;0,7131265
8;torus;0;5;14,55803;5;15,03696;0,348963;-0,1527071;-0,254029;0,1841873;0,7131265
8;torus;0;5;14,57141;5;15,03696;0,5516339;-0,1807272;-0,4913054;0,1739442;0,7159706
8;torus;0;5;14,58558;5;15,03696;0,3618342;-0,0860095;-0,3426228;0,07833242;0,7171357
8;torus;0;5;14,59931;5;15,03696;0,3618342;-0,0860095;-0,3426228;0,07833242;0,7171357
8;torus;0;5;14,61364;5;15,03696;0,7022442;-0,09921193;-0,6933119;0,05120933;0,7174617
8;torus;0;5;14,62722;5;15,03696;0,2680597;-0,03855824;-0,2649423;0,01322329;0,7175333
8;torus;0;5;14,64115;5;15,03696;0,288246;-0,08016825;-0,2645567;0,08166134;0,7190725
8;torus;0;5;14,65514;5;15,03696;0,288246;-0,08016825;-0,2645567;0,08166134;0,7190725
8;torus;0;5;14,66901;5;15,03696;0,4527341;-0,1498938;-0,3975015;0,1565009;0,7221861
8;torus;0;5;14,68269;5;15,03696;0,2735543;-0,04321933;-0,2684362;0,03010035;0,7227436
8;torus;0;5;14,69681;5;15,03696;0,2735543;-0,04321933;-0,2684362;0,03010035;0,7227436
8;torus;0;5;14,7117;5;15,03696;0,6126314;-0,0295043;-0,6113365;-0,02672672;0,7221525
8;torus;0;5;14,7249;5;15,03696;0,3691539;-0,01205206;-0,3683902;-0,02044439;0,7218006
8;torus;0;5;14,73884;5;15,03696;0,3691539;-0,01205206;-0,3683902;-0,02044439;0,7218006
8;torus;0;5;14,75266;5;15,03696;0,7143205;-0,1012027;-0,7029649;0,07649958;0,723771
8;torus;0;5;14,76696;5;15,03696;0,228103;-0,06028414;-0,2104629;0,06404817;0,7252857
8;torus;0;5;14,78054;5;15,03696;0,1363572;-0,04264116;-0,1215108;0,04483461;0,726342
8;torus;0;5;14,79449;5;15,03696;0,1363572;-0,04264116;-0,1215108;0,04483461;0,726342
8;torus;0;5;14,80843;5;15,03696;0,3398841;-0,03224611;-0,3383465;-0,001734495;0,7266555
8;torus;0;5;14,82221;5;15,03696;0,3887373;-0,001561642;-0,3853031;-0,05153418;0,7260416
8;torus;0;5;14,8362;5;15,03696;0,3887373;-0,001561642;-0,3853031;-0,05153418;0,7260416
8;torus;0;5;14,85009;5;15,03696;0,5763056;0,06542206;-0,5371019;-0,1984179;0,7226899
8;torus;0;5;14,86415;5;15,03696;0,2965501;0,01121759;-0,2865143;-0,0756681;0,7216114
8;torus;0;5;14,87795;5;15,03696;0,2965501;0,01121759;-0,2865143;-0,0756681;0,7216114
8;torus;0;5;14,89208;5;15,03696;0,6024557;-0,05425811;-0,5968809;-0,06117225;0,7215649
8;torus;0;5;14,9058;5;15,03696;0,1849692;-0,073421;-0,1631632;0,04691184;0,7229532
8;torus;0;5;14,92009;5;15,03696;0,1786636;-0,05904436;-0,1674131;0,02018213;0,723811
8;torus;0;5;14,93404;5;15,03696;0,1786636;-0,05904436;-0,1674131;0,02018213;0,723811
8;torus;0;5;14,94748;5;15,03696;0,363529;-0,04487038;-0,3504984;-0,08538663;0,7229883
8;torus;0;5;14,96135;5;15,03696;0,2235886;0,03280044;-0,1779981;-0,1312733;0,720757
8;torus;0;5;14,97561;5;15,03696;0,2235886;0,03280044;-0,1779981;-0,1312733;0,720757
8;torus;0;5;14,98934;5;15,03696;0,5295877;-0,005114079;-0,4958473;-0,1859367;0,7183756
8;torus;0;5;15,00325;5;15,03696;0,3574617;-0,06235242;-0,3507957;-0,02886951;0,7189134
8;torus;0;5;15,0172;5;15,03696;0,3574617;-0,06235242;-0,3507957;-0,02886951;0,7189134
8;torus;0;5;15,03101;5;15,03696;0,6838058;-0,1200497;-0,670027;-0,06513298;0,7199425
8;torus;0;5;15,04466;5;15,03696;0,3387822;0,05890727;-0,2613679;-0,2073407;0,7166399
8;torus;0;5;15,05866;5;15,03696;0,3387822;0,05890727;-0,2613679;-0,2073407;0,7166399
8;torus;0;5;15,07277;5;15,03696;0,6958506;0,1789808;-0,4369222;-0,5111486;0,7078592
8;torus;0;5;15,08668;5;15,03696;0,3735861;0,03569126;-0,3138997;-0,1993984;0,7050996
8;torus;0;5;15,10071;5;15,03696;0,2814965;-0,01809597;-0,2593607;-0,1079112;0,704067
8;torus;0;5;15,1147;5;15,03696;0,2814965;-0,01809597;-0,2593607;-0,1079112;0,704067
8;torus;0;5;15,12834;5;15,03696;0,4390631;0,02545714;-0,3408536;-0,2755851;0,7000833
8;torus;0;5;15,14265;5;15,03696;0,2448903;0,06493926;-0,1096211;-0,2091348;0,6963751
8;torus;0;5;15,15663;5;15,03696;0,2448903;0,06493926;-0,1096211;-0,2091348;0,6963751
8;torus;0;5;15,17019;5;15,03696;0,8684372;0,3021359;-0,3596768;-0,7304311;0,6833038
8;torus;0;5;15,18401;5;15,03696;0,4496703;0,1016438;-0,3040969;-0,3152728;0,6784907
8;torus;0;5;15,1978;5;15,03696;0,4496703;0,1016438;-0,3040969;-0,3152728;0,6784907
8;torus;0;5;15,21192;5;15,03696;0,8329136;0,1037657;-0,6636903;-0,4924357;0,6722283
8;torus;0;5;15,2257;5;15,03696;0,39347;0,001817942;-0,3522053;-0,1754045;0,6707789
8;torus;0;5;15,24006;5;15,03696;0,3620944;-0,05627871;-0,3484458;-0,08081198;0,6712959
8;torus;0;5;15,25381;5;15,03696;0,3620944;-0,05627871;-0,3484458;-0,08081198;0,6712959
8;torus;0;5;15,26788;5;15,03696;0,7487996;-0,2639592;-0,6964669;0,07720292;0,6773489
8;torus;0;5;15,28195;5;15,03696;0,3108916;-0,1346648;-0,273481;0,06105006;0,6804392
8;torus;0;5;15,29556;5;15,03696;0,3108916;-0,1346648;-0,273481;0,06105006;0,6804392
8;torus;0;5;15,30958;5;15,03696;0,7880639;-0,3588021;-0,6603241;0,2372295;0,6898304
8;torus;0;5;15,32345;5;15,03696;0,6607351;-0,3074408;-0,5186424;0,2702981;0,698993
8;torus;0;5;15,33755;5;15,03696;0,6607351;-0,3074408;-0,5186424;0,2702981;0,698993
8;torus;0;5;15,35116;5;15,03696;1,481325;-0,7072806;-1,131682;0,6429404;0,7204973
8;torus;0;5;15,36477;5;15,03696;0,4239314;-0,1505196;-0,392364;0,05578697;0,7247624
8;torus;0;5;15,37863;5;15,03696;0,4239314;-0,1505196;-0,392364;0,05578697;0,7247624
8;torus;0;5;15,39266;5;15,03696;0,5836337;-0,09881258;-0,5611017;-0,1266062;0,7269052
8;torus;0;5;15,40685;5;15,03696;0,2878283;-0,0300765;-0,2748355;-0,08003712;0,7276439
8;torus;0;5;15,42097;5;15,03696;0,3440784;-0,03941059;-0,3304973;-0,08722544;0,7287639
8;torus;0;5;15,43469;5;15,03696;0,3440784;-0,03941059;-0,3304973;-0,08722544;0,7287639
8;torus;0;5;15,44895;5;15,03696;0,3805135;-0,05171895;-0,3614575;-0,1070708;0,7298731
8;torus;0;5;15,46261;5;15,03696;0,03890122;-0,0320673;-0,01246035;0,01815856;0,7303885
8;torus;0;5;15,4765;5;15,03696;0,03890122;-0,0320673;-0,01246035;0,01815856;0,7303885
8;torus;0;5;15,49038;5;15,03696;0,2657201;-0,1009285;-0,245522;0,01181364;0,7328885
8;torus;0;5;15,50434;5;15,03696;0,244306;0,05207658;-0,1676708;-0,1698822;0,7310844
8;torus;0;5;15,51802;5;15,03696;0,244306;0,05207658;-0,1676708;-0,1698822;0,7310844
8;torus;0;5;15,53216;5;15,03696;0,8226912;0,2430499;-0,4741415;-0,6268471;0,7232757
8;torus;0;5;15,54581;5;15,03696;0,5947818;0,1759529;-0,3426507;-0,4532069;0,7178102
8;torus;0;5;15,56025;5;15,03696;0,4722115;0,1807511;-0,1739323;-0,4000753;0,7118735
8;torus;0;5;15,57394;5;15,03696;0,4722115;0,1807511;-0,1739323;-0,4000753;0,7118735
8;torus;0;5;15,588;5;15,03696;0,457663;0,1726389;-0,08656085;-0,4149199;0,7049591
8;torus;0;5;15,60206;5;15,03696;0,2142766;0,05374551;-0,09527206;-0,1842529;0,7024909
8;torus;0;5;15,61639;5;15,03696;0,2142766;0,05374551;-0,09527206;-0,1842529;0,7024909
8;torus;0;5;15,63024;5;15,03696;0,4299797;0,1312315;-0,1193926;-0,3916711;0,6964703
8;torus;0;5;15,64366;5;15,03696;0,2013336;0,07184744;-0,0006318092;-0,1880765;0,6930351
8;torus;0;5;15,65773;5;15,03696;0,2013336;0,07184744;-0,0006318092;-0,1880765;0,6930351
8;torus;0;5;15,67168;5;15,03696;0,8021777;0,3642619;0,07081181;-0,7111877;0,6791949
8;torus;0;5;15,6849;5;15,03696;0,4266995;0,1966357;0,06425679;-0,3731996;0,6716948
8;torus;0;5;15,69878;5;15,03696;0,4266995;0,1966357;0,06425679;-0,3731996;0,6716948
8;torus;0;5;15,71299;5;15,03696;0,7041262;0,2473056;-0,1706064;-0,6368101;0,6619161
8;torus;0;5;15,72701;5;15,03696;0,3705841;0,1369715;-0,06415397;-0,338313;0,6565052
8;torus;0;5;15,74077;5;15,03696;0,4534322;0,1994491;0,03584325;-0,4056305;0,648849
8;torus;0;5;15,75472;5;15,03696;0,4534322;0,1994491;0,03584325;-0,4056305;0,648849
8;torus;0;5;15,76869;5;15,03696;0,7350298;0,3054678;0,02721399;-0,6679952;0,636689
8;torus;0;5;15,78287;5;15,03696;0,3770885;0,1517415;-0,007227063;-0,3451347;0,6306821
8;torus;0;5;15,79646;5;15,03696;0,3770885;0,1517415;-0,007227063;-0,3451347;0,6306821
8;torus;0;5;15,8104;5;15,03696;0,6345591;0,2292156;-0,08526742;-0,5855381;0,6213896
8;torus;0;5;15,82448;5;15,03696;0,3817257;0,1361132;-0,07894188;-0,3477871;0,6162359
8;torus;0;5;15,83832;5;15,03696;0,3817257;0,1361132;-0,07894188;-0,3477871;0,6162359
8;torus;0;5;15,85232;5;15,03696;0,6805103;0,2289712;-0,153318;-0,6222218;0,6072972
8;torus;0;5;15,86622;5;15,03696;0,2467537;0,05220175;-0,1146346;-0,2121821;0,6050198
8;torus;0;5;15,88015;5;15,03696;0,1890802;0,05356669;-0,03030151;-0,1787841;0,6023619
8;torus;0;5;15,89439;5;15,03696;0,1890802;0,05356669;-0,03030151;-0,1787841;0,6023619
8;torus;0;5;15,90789;5;15,03696;0,5317953;0,2116084;0,2146795;-0,4381105;0,5925114
8;torus;0;5;15,92204;5;15,03696;0,2790583;0,1068771;0,07692724;-0,2460346;0,5875007
8;torus;0;5;15,93587;5;15,03696;0,2790583;0,1068771;0,07692724;-0,2460346;0,5875007
8;torus;0;5;15,94961;5;15,03696;0,4112976;0,1263082;0,0213623;-0,3908396;0,5807599
8;torus;0;5;15,9641;5;15,03696;0,2746316;0,1038134;0,1088217;-0,2297893;0,5756754
8;torus;0;5;15,97747;5;15,03696;0,2746316;0,1038134;0,1088217;-0,2297893;0,5756754
8;torus;0;5;15,99165;5;15,03696;0,5256625;0,1981556;0,1667693;-0,4574314;0,5661626
8;torus;0;5;16,00566;5;15,03696;0,3111648;0,116539;0,05411804;-0,2833962;0,5608669
8;torus;0;5;16,01937;5;15,03696;0,3111648;0,116539;0,05411804;-0,2833962;0,5608669
8;torus;0;5;16,03364;5;15,03696;0,9532353;0,3512204;-0,008799136;-0,8861288;0,5465751
8;torus;0;5;16,0472;5;15,03696;0,5126598;0,2014041;0,08339733;-0,4640058;0,5381337
8;torus;0;5;16,06146;5;15,03696;0,5960277;0,2276838;0,05625635;-0,5479455;0,5287683
8;torus;0;5;16,07519;5;15,03696;0,5960277;0,2276838;0,05625635;-0,5479455;0,5287683
8;torus;0;5;16,08957;5;15,03696;0,998876;0,380367;0,5650073;-0,7306442;0,5103593
8;torus;0;5;16,10307;5;15,03696;0,2785694;0,07498264;0,2226457;-0,1496911;0,5052845
8;torus;0;5;16,11691;5;15,03696;0,2785694;0,07498264;0,2226457;-0,1496911;0,5052845
8;torus;0;5;16,13087;5;15,03696;0,6089728;0,1979232;0,3219947;-0,4774868;0,4938885
8;torus;0;5;16,1448;5;15,03696;0,3778291;0,1302004;0,1400292;-0,325875;0,4871142
8;torus;0;5;16,1588;5;15,03696;0,3778291;0,1302004;0,1400292;-0,325875;0,4871142
8;torus;0;5;16,17268;5;15,03696;0,8962242;0,2999544;0,1246691;-0,8352861;0,4727743
8;torus;0;5;16,18649;5;15,03696;0,4749867;0,1492679;0,006878376;-0,4508704;0,4658973
8;torus;0;5;16,2003;5;15,03696;0,5266325;0,1741946;0,04279315;-0,4951432;0,458007
8;torus;0;5;16,21437;5;15,03696;0,5266325;0,1741946;0,04279315;-0,4951432;0,458007
8;torus;0;5;16,22823;5;15,03696;1,213349;0,4048586;0,1118183;-1,138332;0,4401137
8;torus;0;5;16,24207;5;15,03696;0,5226473;0,1668334;0,06561279;-0,4909396;0,4323373
8;torus;0;5;16,25606;5;15,03696;0,5226473;0,1668334;0,06561279;-0,4909396;0,4323373
8;torus;0;5;16,27002;5;15,03696;0,7575189;0,2336264;0,3220454;-0,6446242;0,4190782
8;torus;0;5;16,28387;5;15,03696;0,2959552;0,07207394;0,2232417;-0,1804382;0,4135764
8;torus;0;5;16,29808;5;15,03696;0,2959552;0,07207394;0,2232417;-0,1804382;0,4135764
8;torus;0;5;16,31186;5;15,03696;0,8986492;0,2354741;0,7134244;-0,4931003;0,3972963
8;torus;0;5;16,32547;5;15,03696;0,5418293;0,1529634;0,3969625;-0,3355622;0,3874743
8;torus;0;5;16,33953;5;15,03696;0,5418293;0,1529634;0,3969625;-0,3355622;0,3874743
8;torus;0;5;16,35357;5;15,03696;0,7282145;0,157094;0,5979463;-0,3848091;0,3743171
8;torus;0;5;16,36732;5;15,03696;0,3133936;-0,01112223;0,3071293;0,06134659;0,3711287
8;torus;0;5;16,38134;5;15,03696;0,3854305;-0,01153946;0,3729805;0,09648353;0,3676999
8;torus;0;5;16,39529;5;15,03696;0,3854305;-0,01153946;0,3729805;0,09648353;0,3676999
8;torus;0;5;16,4092;5;15,03696;0,9313902;0,04093647;0,9257689;0,09361506;0,357706
8;torus;0;5;16,42345;5;15,03696;0,4877172;0,04581213;0,4850864;-0,02145767;0,3517136
8;torus;0;5;16,43702;5;15,03696;0,4877172;0,04581213;0,4850864;-0,02145767;0,3517136
8;torus;0;5;16,45092;5;15,03696;0,8762754;0,09958744;0,8593008;-0,1397967;0,3399392
8;torus;0;5;16,46505;5;15,03696;0,2172803;0,02393723;0,1719654;-0,1306355;0,3359892
8;torus;0;5;16,47904;5;15,03696;0,2172803;0,02393723;0,1719654;-0,1306355;0,3359892
8;torus;0;5;16,49286;5;15,03696;0,5533857;0,1004755;0,2597094;-0,478217;0,325731
8;torus;0;5;16,50697;5;15,03696;0,4443333;0,1022756;0,248009;-0,3542081;0,3176607
8;torus;0;5;16,52071;5;15,03696;0,5604149;0,1379311;0,2858281;-0,4618898;0,3076417
8;torus;0;5;16,53467;5;15,03696;0,5604149;0,1379311;0,2858281;-0,4618898;0,3076417
8;torus;0;5;16,54865;5;15,03696;1,068417;0,2414227;0,5234316;-0,8995831;0,2886117
8;torus;0;5;16,56247;5;15,03696;0,5262467;0,09686351;0,3603563;-0,3710747;0,27925
8;torus;0;5;16,57627;5;15,03696;0,5262467;0,09686351;0,3603563;-0,3710747;0,27925
8;torus;0;5;16,59054;5;15,03696;0,8275735;0,07788539;0,6659135;-0,4851505;0,2647832
8;torus;0;5;16,60452;5;15,03696;0,4620538;0,04243851;0,3799349;-0,2595037;0,2569081
8;torus;0;5;16,61796;5;15,03696;0,4620538;0,04243851;0,3799349;-0,2595037;0,2569081
8;torus;0;5;16,63188;5;15,03696;0,7399929;0,02112985;0,6119251;-0,4155606;0,2441642
8;torus;0;5;16,64587;5;15,03696;0,2254573;-0,03523827;0,1950279;-0,1074865;0,2402901
8;torus;0;5;16,66009;5;15,03696;0,2299853;-0,05770922;0,2209693;-0,02711862;0,2373702
8;torus;0;5;16,67386;5;15,03696;0,2299853;-0,05770922;0,2209693;-0,02711862;0,2373702
8;torus;0;5;16,68753;5;15,03696;0,7646765;-0,0554204;0,7537737;-0,1161203;0,2283301
8;torus;0;5;16,7015;5;15,03696;0,4461466;-0,009024143;0,4404359;-0,07058084;0,2234709
8;torus;0;5;16,71572;5;15,03696;0,4461466;-0,009024143;0,4404359;-0,07058084;0,2234709
8;torus;0;5;16,72944;5;15,03696;0,7650198;0,03335476;0,6777473;-0,3532723;0,2125596
8;torus;0;5;16,74328;5;15,03696;0,2753389;-0,005495548;0,2360567;-0,1416281;0,2084419
8;torus;0;5;16,75715;5;15,03696;0,2753389;-0,005495548;0,2360567;-0,1416281;0,2084419
8;torus;0;5;16,77117;5;15,03696;0,1559787;-0,1193106;0,01172423;-0,09978414;0,2057757
8;torus;0;5;16,7852;5;15,03696;0,08205588;-0,06585121;0,001175702;-0,04894286;0,2044528
8;torus;0;5;16,79918;5;15,03696;0,08205588;-0,06585121;0,001175702;-0,04894286;0,2044528
8;torus;0;5;16,81323;5;15,03696;0,5426879;-0,01462698;0,3082238;-0,4464239;0,1944984
8;torus;0;5;16,82689;5;15,03696;0,3620422;0,01522899;0,1334623;-0,3362;0,187892
8;torus;0;5;16,84087;5;15,03696;0,2599989;-0,01515746;0,1205444;-0,2298668;0,1830182
8;torus;0;5;16,8551;5;15,03696;0,2599989;-0,01515746;0,1205444;-0,2298668;0,1830182
8;torus;0;5;16,86876;5;15,03696;0,3773144;-0,08194447;0,1217276;-0,3476113;0,1755956
8;torus;0;5;16,88261;5;15,03696;0,1397928;-0,06151795;-0,009705871;-0,1251534;0,1730163
8;torus;0;5;16,89671;5;15,03696;0,1397928;-0,06151795;-0,009705871;-0,1251534;0,1730163
8;torus;0;5;16,91048;5;15,03696;0,2225233;-0,2026498;-0,08877963;0,02382994;0,1724701
8;torus;0;5;16,92442;5;15,03696;0,3031885;-0,1556575;0,08124635;0,24717;0,1751509
8;torus;0;5;16,93842;5;15,03696;0,3031885;-0,1556575;0,08124635;0,24717;0,1751509
8;torus;0;5;16,95258;5;15,03696;0,9091102;-0,4127502;0,03263876;0,8093536;0,1869169
8;torus;0;5;16,96602;5;15,03696;0,4214474;-0,156033;0,2585836;0,2939492;0,1900455
8;torus;0;5;16,98003;5;15,03696;0,4727147;-0,1371503;0,3753677;0,2524838;0,1922679
8;torus;0;5;16,99407;5;15,03696;0,4727147;-0,1371503;0,3753677;0,2524838;0,1922679
8;torus;0;5;17,00821;5;15,03696;0,9439791;-0,3943563;0,3147312;0,7978246;0,2045733
8;torus;0;5;17,02181;5;15,03696;0,4208686;-0,2041399;-0,09465963;0,3556639;0,2110807
8;torus;0;5;17,03582;5;15,03696;0,4208686;-0,2041399;-0,09465963;0,3556639;0,2110807
8;torus;0;5;17,04987;5;15,03696;0,235204;-0,2014101;0,08273944;0,08893311;0,2118987
8;torus;0;5;17,06381;5;15,03696;0,1418872;-0,1150906;-0,003711879;0,08289963;0,2132114
8;torus;0;5;17,07751;5;15,03696;0,1418872;-0,1150906;-0,003711879;0,08289963;0,2132114
8;torus;0;5;17,09153;5;15,03696;0,3630299;-0,2511024;0,07254183;0,2519444;0,2173025
8;torus;0;5;17,10586;5;15,03696;0,2859096;-0,05275011;0,2753243;-0,05619824;0,2152606
8;torus;0;5;17,11969;5;15,03696;0,2859096;-0,05275011;0,2753243;-0,05619824;0,2152606
8;torus;0;5;17,13337;5;15,03696;0,2930646;-0,1774669;0,2282351;0,04796982;0,2152914
8;torus;0;5;17,14702;5;15,03696;0,08403981;-0,08332729;0,006477535;-0,008791685;0,2149653
8;torus;0;5;17,16097;5;15,03696;0,184873;-0,045228;0,1426212;-0,1085892;0,2124289
8;torus;0;5;17,17483;5;15,03696;0,184873;-0,045228;0,1426212;-0,1085892;0,2124289
8;torus;0;5;17,1888;5;15,03696;0,6207992;-0,04258156;0,5208381;-0,3351212;0,2048587
8;torus;0;5;17,20285;5;15,03696;0,2126736;-0,0280261;0,1294382;-0,1664042;0,2013697
8;torus;0;5;17,21673;5;15,03696;0,2126736;-0,0280261;0,1294382;-0,1664042;0,2013697
8;torus;0;5;17,23046;5;15,03696;0,3933475;-0,04404783;0,0729017;-0,3840148;0,1935908
8;torus;0;5;17,24435;5;15,03696;0,382857;0,03191233;-0,01979545;-0,3810108;0,1860614
8;torus;0;5;17,25889;5;15,03696;0,382857;0,03191233;-0,01979545;-0,3810108;0,1860614
8;torus;0;5;17,27241;5;15,03696;1,263766;0,2043605;0,07475689;-1,244891;0,161621
8;torus;0;5;17,28611;5;15,03696;0,4685766;0,04362464;-0,105311;-0,4545003;0,1528147
8;torus;0;5;17,30049;5;15,03696;0,3101913;-0,005322695;-0,1386411;-0,2774328;0,1474976
8;torus;0;5;17,31467;5;15,03696;0,3101913;-0,005322695;-0,1386411;-0,2774328;0,1474976
8;torus;0;5;17,32781;5;15,03696;0,6239156;0,02350807;0,02506971;-0,6229684;0,1352205
8;torus;0;5;17,34221;5;15,03696;0,2741049;0,006711483;0,05169138;-0,2691031;0,1298534
8;torus;0;5;17,35588;5;15,03696;0,2741049;0,006711483;0,05169138;-0,2691031;0,1298534
8;torus;0;5;17,3698;5;15,03696;0,5212657;0,007635355;0,148689;-0,499551;0,1198355
8;torus;0;5;17,38385;5;15,03696;0,2262248;-0,0008046627;0,05398393;-0,2196878;0,1154499
8;torus;0;5;17,3977;5;15,03696;0,2262248;-0,0008046627;0,05398393;-0,2196878;0,1154499
8;torus;0;5;17,41143;5;15,03696;0,5086334;0,01299977;0,1490928;-0,4861176;0,1058249
8;torus;0;5;17,42541;5;15,03696;0,2924432;0,02094507;0,09491146;-0,275819;0,1004646
8;torus;0;5;17,43957;5;15,03696;0,2924432;0,02094507;0,09491146;-0,275819;0,1004646
8;torus;0;5;17,45344;5;15,03696;0,4370415;0,002688169;0,05134344;-0,4340068;0,09199209
8;torus;0;5;17,46721;5;15,03696;0,2434243;-0,001770258;-0,08100644;-0,2295434;0,08753059
8;torus;0;5;17,48108;5;15,03696;0,2588922;0,008547306;0,01938343;-0,258024;0,08256069
8;torus;0;5;17,4953;5;15,03696;0,2588922;0,008547306;0,01938343;-0,258024;0,08256069
8;torus;0;5;17,50905;5;15,03696;0,5178441;0,01090765;0,2023779;-0,4765362;0,07348181
8;torus;0;5;17,52304;5;15,03696;0,1981409;-0,01109838;0,009191781;-0,1976162;0,06964731
8;torus;0;5;17,5368;5;15,03696;0,1981409;-0,01109838;0,009191781;-0,1976162;0,06964731
8;torus;0;5;17,5508;5;15,03696;0,5010709;-0,009334087;-0,04371963;-0,4990727;0,06010213
8;torus;0;5;17,56481;5;15,03696;0,2920208;-0,003403425;-0,06391257;-0,2849206;0,05472596
8;torus;0;5;17,57914;5;15,03696;0,2920208;-0,003403425;-0,06391257;-0,2849206;0,05472596
8;torus;0;5;17,5927;5;15,03696;0,5610909;-0,009870529;0,03795102;-0,5597189;0,04447552
8;torus;0;5;17,60702;5;15,03696;0,3466162;0,004202127;0,06412081;-0,3406078;0,03866384
8;torus;0;5;17,62059;5;15,03696;0,330172;-0,0003039837;0,08620545;-0,3187194;0,03362907
8;torus;0;5;17,63417;5;15,03696;0,330172;-0,0003039837;0,08620545;-0,3187194;0,03362907
8;torus;0;5;17,6483;5;15,03696;0,7743108;0,009906292;0,06719828;-0,7713258;0,02404118
8;torus;0;5;17,66206;5;15,03696;0,4746875;0,01519322;0,003978983;-0,4744276;0,02177392
8;torus;0;5;17,67597;5;15,03696;0,4746875;0,01519322;0,003978983;-0,4744276;0,02177392
8;torus;0;5;17,69012;5;15,03696;0,9521029;0,01899004;-0,007778779;-0,9518817;0,02820864
8;torus;0;5;17,70387;5;15,03696;0,2742545;-0,006220095;-0,005580759;-0,2741272;0,03160264
8;torus;0;5;17,71804;5;15,03696;0,2742545;-0,006220095;-0,005580759;-0,2741272;0,03160264
8;torus;0;5;17,73168;5;15,03696;0,6919194;-0,0799956;0,03788261;-0,6862347;0,04236121
8;torus;0;5;17,74562;5;15,03696;0,469268;-0,02761917;-0,01409818;-0,4682423;0,05086724
8;torus;0;5;17,75993;5;15,03696;0,469268;-0,02761917;-0,01409818;-0,4682423;0,05086724
8;torus;0;5;17,77383;5;15,03696;1,020986;-0,03284046;0,04792488;-1,019331;0,07010226
8;torus;0;5;17,78772;5;15,03696;0,6473802;0,1496634;0,2102754;-0,5937055;0,08277546
8;torus;0;5;17,80179;5;15,03696;0,3785493;-0,01831651;0,03504232;-0,3764786;0,0900233
8;torus;0;5;17,81555;5;15,03696;0,3785493;-0,01831651;0,03504232;-0,3764786;0,0900233
8;torus;0;5;17,82946;5;15,03696;0,6725959;-0,05098581;-0,005333498;-0,6706395;0,1028094
8;torus;0;5;17,84346;5;15,03696;0,4240259;-0,01321435;0,09080134;-0,4139788;0,111066
8;torus;0;5;17,85728;5;15,03696;0,4240259;-0,01321435;0,09080134;-0,4139788;0,111066
8;torus;0;5;17,8711;5;15,03696;0,7801457;-0,03766418;0,04351176;-0,7780202;0,1262997
8;torus;0;5;17,88561;5;15,03696;0,3713538;-0,02233386;0,02095178;-0,370089;0,1335647
8;torus;0;5;17,89904;5;15,03696;0,3713538;-0,02233386;0,02095178;-0,370089;0,1335647
8;torus;0;5;17,91314;5;15,03696;0,7690748;-0,04321337;-0,005751848;-0,7678382;0,1485917
8;torus;0;5;17,92699;5;15,03696;0,3743503;-0,0220418;0,05167685;-0,3701106;0,1559671
8;torus;0;5;17,94077;5;15,03696;0,4227601;-0,01830459;0,1118768;-0,407277;0,1642269
8;torus;0;5;17,95474;5;15,03696;0,4227601;-0,01830459;0,1118768;-0,407277;0,1642269
8;torus;0;5;17,96827;5;15,03696;0,8162805;-0,04569888;0,08636266;-0,8104116;0,1803742
8;torus;0;5;17,98221;5;15,03696;0,4662304;-0,02522469;-0,05354919;-0,4624575;0,1893843
8;torus;0;5;17,99627;5;15,03696;0,4662304;-0,02522469;-0,05354919;-0,4624575;0,1893843
8;torus;0;5;18,01065;5;15,03696;0,9232016;-0,06027222;-0,1813136;-0,903213;0,2069265
8;torus;0;5;18,02428;5;15,03696;0,2875533;-0,03592968;-0,0248123;-0,2842188;0,2125027
8;torus;0;5;18,03821;5;15,03696;0,2875533;-0,03592968;-0,0248123;-0,2842188;0,2125027
8;torus;0;5;18,05198;5;15,03696;0,7073029;-0,05803704;0,2268426;-0,6674215;0,2260813
8;torus;0;5;18,0662;5;15,03696;0,3445365;-0,02986193;0,04344918;-0,3404789;0,2329026
8;torus;0;5;18,07978;5;15,03696;0,3445365;-0,02986193;0,04344918;-0,3404789;0,2329026
8;torus;0;5;18,09369;5;15,03696;0,6494846;-0,07188916;-0,1512706;-0,6275185;0,2450985
8;torus;0;5;18,10774;5;15,03696;0,2951089;-0,03669858;-0,08215569;-0,2810568;0,2505653
8;torus;0;5;18,12186;5;15,03696;0,3795092;-0,0384748;-0,1520261;-0,3455937;0,2572652
8;torus;0;5;18,13604;5;15,03696;0,3795092;-0,0384748;-0,1520261;-0,3455937;0,2572652
8;torus;0;5;18,14962;5;15,03696;0,6114841;-0,08458495;-0,2682075;-0,542976;0,2678588
8;torus;0;5;18,16358;5;15,03696;0,1226266;-0,04383326;-0,05599596;-0,09990185;0,2698076
8;torus;0;5;18,17766;5;15,03696;0,1226266;-0,04383326;-0,05599596;-0,09990185;0,2698076
8;torus;0;5;18,19163;5;15,03696;0,1346773;-0,05109906;0,09692349;0,07831156;0,268275
8;torus;0;5;18,20558;5;15,03696;0,03496566;-0,02435446;0,009226799;0,02333075;0,2678065
8;torus;0;5;18,22004;5;15,03696;0,04778608;-0,03114939;-0,03425516;-0,01182407;0,2680135
8;torus;0;5;18,2334;5;15,03696;0,04778608;-0,03114939;-0,03425516;-0,01182407;0,2680135
8;torus;0;5;18,24704;5;15,03696;0,453098;-0,1156271;-0,07856563;-0,4309937;0,2765706
8;torus;0;5;18,26107;5;15,03696;0,3351241;-0,04476905;-0,00346899;-0,3321022;0,2832072
8;torus;0;5;18,27473;5;15,03696;0,3351241;-0,04476905;-0,00346899;-0,3321022;0,2832072
8;torus;0;5;18,28866;5;15,03696;0,614365;-0,08087158;-0,09156503;-0,6020963;0,2952175
8;torus;0;5;18,30236;5;15,03696;0,3487883;-0,03756881;-0,06121732;-0,3413126;0,3020326
8;torus;0;5;18,31663;5;15,03696;0,3487883;-0,03756881;-0,06121732;-0,3413126;0,3020326
8;torus;0;5;18,33031;5;15,03696;0,7308891;-0,08038878;-0,1600929;-0,7085949;0,316204
8;torus;0;5;18,34446;5;15,03696;0,3374834;-0,04287362;-0,1236081;-0,3110915;0,3224474
8;torus;0;5;18,35836;5;15,03696;0,3374834;-0,04287362;-0,1236081;-0,3110915;0,3224474
8;torus;0;5;18,3722;5;15,03696;0,3218669;-0,058043;0,1308009;-0,2883062;0,3282202
8;torus;0;5;18,38621;5;15,03696;0,07884634;-0,009375811;0,06602779;0,04206151;0,3273849
8;torus;0;5;18,40002;5;15,03696;0,09835161;-0,02604723;-0,003480911;-0,09477586;0,3292896
8;torus;0;5;18,4142;5;15,03696;0,09835161;-0,02604723;-0,003480911;-0,09477586;0,3292896
8;torus;0;5;18,42813;5;15,03696;0,3064315;-0,06843209;-0,0449352;-0,2952933;0,3352214
8;torus;0;5;18,44179;5;15,03696;0,2574086;-0,04145503;0,02110153;-0,2531707;0,3403042
8;torus;0;5;18,45572;5;15,03696;0,2574086;-0,04145503;0,02110153;-0,2531707;0,3403042
8;torus;0;5;18,46956;5;15,03696;0,4096502;-0,06447434;-0,008735806;-0,4044503;0,3484247
8;torus;0;5;18,48372;5;15,03696;0,3812425;-0,05728602;-0,1064561;-0,3615677;0,35569
8;torus;0;5;18,49759;5;15,03696;0,3812425;-0,05728602;-0,1064561;-0,3615677;0,35569
8;torus;0;5;18,51152;5;15,03696;0,379333;-0,08105636;-0,1140758;-0,3525764;0,3628083
8;torus;0;5;18,52535;5;15,03696;0,1079249;-0,02992153;0,04208162;-0,09477139;0,3647159
8;torus;0;5;18,53932;5;15,03696;0,1079249;-0,02992153;0,04208162;-0,09477139;0,3647159
8;torus;0;5;18,55347;5;15,03696;0,6603709;-0,0962019;0,3660787;-0,5411297;0,3756168
8;torus;0;5;18,56717;5;15,03696;0,3054319;-0,05475879;-0,04569031;-0,2969891;0,3815874
8;torus;0;5;18,58098;5;15,03696;0,4383504;-0,07112026;-0,1530915;-0,4045442;0,3897182
8;torus;0;5;18,59503;5;15,03696;0,4383504;-0,07112026;-0,1530915;-0,4045442;0,3897182
8;torus;0;5;18,6093;5;15,03696;0,9265655;-0,1390576;0,1213975;-0,9079918;0,4079997
8;torus;0;5;18,62301;5;15,03696;0,4654836;-0,07742047;0,03523156;-0,457646;0,4172253
8;torus;0;5;18,63661;5;15,03696;0,4654836;-0,07742047;0,03523156;-0,457646;0,4172253
8;torus;0;5;18,65083;5;15,03696;1,171597;-0,1815856;0,164016;-1,145759;0,4403444
8;torus;0;5;18,66454;5;15,03696;0,4467094;-0,02843218;0,1021469;-0,4339434;0,4490615
8;torus;0;5;18,67844;5;15,03696;0,4467094;-0,02843218;0,1021469;-0,4339434;0,4490615
8;torus;0;5;18,69235;5;15,03696;0,762765;0,1914515;-0,03069124;-0,7377092;0,4633122
8;torus;0;5;18,70653;5;15,03696;0,5576376;0,02642244;0,03541526;-0,5558842;0,4743505
8;torus;0;5;18,7204;5;15,03696;0,7258415;-0,06808299;0,02548194;-0,722192;0,488847
8;torus;0;5;18,73464;5;15,03696;0,7258415;-0,06808299;0,02548194;-0,722192;0,488847
8;torus;0;5;18,74847;5;15,03696;1,005576;-0,1432397;0,08243749;-0,9919025;0,5084412
8;torus;0;5;18,76197;5;15,03696;0,4967678;-0,1503021;-0,0346095;-0,4722179;0,5183805
8;torus;0;5;18,77611;5;15,03696;0,4967678;-0,1503021;-0,0346095;-0,4722179;0,5183805
8;torus;0;5;18,79003;5;15,03696;2,471595;-1,189401;0,4265811;-2,124178;0,5626452
8;torus;0;5;18,80401;5;15,03696;0,6083102;-0,122155;0,1707707;-0,5709263;0,5743505
8;torus;0;5;18,81801;5;15,03696;0,6083102;-0,122155;0,1707707;-0,5709263;0,5743505
8;torus;0;5;18,83184;5;15,03696;0,9270952;-0,2501439;0,0175965;-0,8925378;0,5925934
8;torus;0;5;18,84615;5;15,03696;0,5217944;-0,1349032;-0,06159358;-0,5002767;0,6027635
8;torus;0;5;18,85958;5;15,03696;0,5217944;-0,1349032;-0,06159358;-0,5002767;0,6027635
8;torus;0;5;18,8735;5;15,03696;1,454298;-0,3472567;-0,1846038;-1,400113;0,6312007
8;torus;0;5;18,88785;5;15,03696;0,976465;-0,2245307;-0,1385;-0,940153;0,6503021
8;torus;0;5;18,90138;5;15,03696;0,9997034;-0,2347469;-0,08647628;-0,967896;0,6700225
8;torus;0;5;18,91502;5;15,03696;0,9997034;-0,2347469;-0,08647628;-0,967896;0,6700225
8;torus;0;5;18,92904;5;15,03696;1,76508;-0,4468858;-0,2958946;-1,681739;0,7043812
