participantNumber
3
repetitionNum
3
sdfEnabled
1
taskTime
11,61131
numHits
9
positionDifference
0,124757
angleDifference
45,51292
finalPosX
-0,05153719
finalPosY
-0,05890667
finalPosZ
-0,8495582
finalRotX
5,059037
finalRotY
45,09531
finalRotZ
6,432255
taskType
torus
velocityMagnitude
0,4328018
0,4328018
0,8477089
0,2874143
0,2874143
0,630635
0,4463865
0,4463865
0,8188624
0,5748183
0,5748183
0,6780617
0,4576447
0,3039919
0,3039919
0,6946588
0,6443772
0,6443772
0,6694645
0,5178527
0,5178527
0,3905828
0,3045672
0,2835609
0,2835609
0,3859535
0,4069346
0,4069346
0,4109181
0,3823794
0,3823794
0,1650229
0,1547771
0,1368236
0,1368236
0,1435758
0,1317534
0,1317534
0,1619405
0,1334535
0,1334535
0,05910682
0,05662528
0,05662528
0,08327524
0,1006853
0,1304638
0,1304638
0,2813416
0,2910938
0,2910938
0,2598156
0,2928302
0,2928302
0,1205427
0,2018458
0,2158827
0,2158827
0,1619595
0,3668785
0,3668785
0,2883691
0,3070588
0,3070588
0,9469881
0,5510879
0,5510879
1,076584
1,520913
0,7821051
0,7821051
0,3351791
0,7292993
0,7292993
0,7080596
0,9271671
0,9271671
1,892249
1,680466
2,903544
2,903544
5,639719
1,243249
1,243249
0,1370776
0,1660496
0,1660496
0,123723
0,1303794
0,1303794
0,169543
0,05502693
0,04092475
0,04092475
0,02308953
0,013637
0,013637
0,02641239
0,02552973
0,02552973
0,054242
0,0704008
0,1051029
0,1051029
0,1761838
0,1750847
0,1750847
0,3048947
0,3044862
0,3044862
0,3510746
0,3467931
0,3467931
0,4102827
0,4147274
0,7720544
0,7720544
1,034212
0,8620794
0,8620794
1,523805
1,112118
1,112118
2,936251
1,784263
1,350923
1,350923
0,06629662
0,2320135
0,2320135
0,4742649
0,3668623
0,3668623
0,7582149
0,595286
0,6555167
0,6555167
0,8653307
0,3056393
0,3056393
0,2680691
0,1358802
0,1358802
0,7040665
0,4621481
0,4621481
0,4668252
0,2946809
0,2242442
0,2242442
0,4137245
0,3464497
0,3464497
0,7681583
0,6865118
0,6865118
1,029201
0,7991713
0,6258626
0,6258626
0,7277445
0,6636273
0,6636273
0,729541
0,6802881
0,6802881
0,6459954
0,6105171
0,6105171
0,8084747
0,7132683
0,5305993
0,5305993
0,5164434
0,5184482
0,5184482
0,5874068
0,6100943
0,6100943
0,5642957
0,550781
0,3791858
0,3791858
0,4312218
0,4474322
0,4474322
0,542585
0,5078735
0,5078735
1,018664
0,9070708
0,9070708
1,648625
1,142135
1,217
1,217
1,100417
0,615732
0,615732
0,8882773
0,6114689
0,6114689
0,7995934
0,6036056
0,4530947
0,4530947
0,7584013
0,527222
0,527222
0,6705439
0,5226502
0,5226502
0,7000824
0,4956042
0,4480051
0,4480051
0,8198061
0,6475827
0,6475827
0,8680948
0,7954549
0,7954549
1,285861
0,8708861
0,8708861
1,088981
0,7952444
0,582995
0,582995
0,6831359
0,6201307
0,6201307
0,8281866
0,6537439
0,6537439
0,7330554
0,4131199
0,3646061
0,3646061
0,4676893
0,3693732
0,3693732
0,6363043
0,2846062
0,2846062
0,05003442
0,09845069
0,09845069
0,6344848
0,5084537
0,3785014
0,3785014
0,3737385
0,2220604
0,2220604
0,3590391
0,1781366
0,1781366
0,4649482
0,2462628
0,2237436
0,2237436
0,5053204
0,4570272
0,4570272
0,6802316
0,5836475
0,5836475
0,6964824
0,6932917
0,6932917
0,6797367
0,7138752
0,8274744
0,8274744
1,00526
0,9278027
0,9278027
0,9368788
0,7194672
0,7194672
0,8026095
0,8243807
0,2711914
0,2711914
0,4093103
0,4695337
0,4695337
0,4182297
0,5982362
0,5982362
0,6468113
0,660422
1,923952
1,923952
3,382376
2,489564
2,489564
3,831738
2,011054
2,011054
3,947767
1,141422
1,141422
2,525321
1,053181
0,7313972
0,8140589
1,598875
1,598875
1,68314
0,8994313
0,8994313
1,787861
0,7798633
0,9818925
1,651657
1,020765
1,020765
1,280313
0,6389549
0,5246315
0,977133
0,595691
0,5536268
0,7853711
0,7853711
0,6229331
0,6018717
0,6018717
1,082031
0,9756952
0,9756952
0,7250428
0,7800716
0,7800716
0,8193771
0,8355458
1,067811
1,067811
1,60603
1,138737
1,138737
1,345118
0,8927129
0,8927129
1,011744
0,7070034
0,709541
0,709541
1,477327
1,092026
1,092026
1,140967
0,7437549
0,7437549
1,292806
1,172341
1,138002
1,138002
2,066753
1,709461
1,709461
2,107991
1,285688
1,285688
2,719686
1,743064
1,743064
1,271333
1,210329
0,8507682
0,8507682
0,8818598
0,8382611
0,8382611
1,501604
1,30867
1,30867
2,531858
1,681744
1,656925
1,656925
1,742294
1,076987
1,076987
1,384786
1,104095
1,104095
1,042853
0,7024875
0,6353581
0,6353581
0,8697574
0,777278
0,777278
1,156309
1,011899
1,011899
1,468314
1,056336
1,056336
1,818607
1,057029
1,091834
1,091834
1,821611
1,305107
1,305107
2,33164
1,855569
1,855569
2,946066
1,287988
1,287988
1,795988
1,270319
0,9063167
0,9063167
0,967854
0,6732307
0,6732307
0,513849
0,5049285
0,5049285
0,319135
0,3419113
0,3516792
0,3516792
0,1611055
0,1417926
0,1417926
0,1495097
0,1345184
0,1345184
0,1836598
0,1904901
0,1814643
0,1814643
0,196605
0,1795052
0,1795052
0,2072657
0,1917601
0,1917601
0,1752193
0,1321313
0,1321313
0,1338444
0,09193833
0,06759952
0,06759952
0,07034539
0,04867679
0,04867679
0,03046258
0,02083372
0,02083372
0,02782707
0,03613966
0,1124035
0,1124035
0,2940197
0,6096463
0,6096463
0,8344377
0,8771998
0,8771998
4,473404
3,460804
3,460804
9,155503
0,124881
0,6955287
1,37294
1,041193
1,041193
1,432334
0,8246515
1,626162
0
0
1,171641
0,6648318
1,056718
1,700918
1,700918
1,327202
0,617731
0,7307489
0,9868543
1,673769
1,673769
0,8032389
0,3118022
0,3118022
1,236112
0,9116884
0,9116884
1,273919
0,8826001
0,609096
0,609096
1,069778
0,974144
1,003655
1,380378
1,380378
1,632407
1,08014
1,08014
1,565362
1,172356
1,303412
1,303412
2,521645
1,016845
1,016845
1,611211
0,7104019
0,7104019
1,273298
0,5778688
0,473599
0,473599
0,952279
0,4435284
0,4435284
0,873961
0,4543661
0,4543661
1,13282
0,2779084
0,4431793
0,4431793
0,8547707
0,1343265
0,1343265
0,3789425
0,1520973
0,1520973
0,6584329
0,2633701
0,2633701
0,9734738
0,38966
0,3114192
0,3114192
0,6403907
0,4214175
0,4214175
0,6376313
0,4533297
0,4533297
1,009945
0,5649954
0,6083215
0,6083215
1,49487
0,857406
0,857406
1,946056
0,6604699
0,6604699
1,485403
1,08945
1,08945
1,792886
0,9792768
0,44734
0,44734
0,4884072
0,2588385
0,2588385
0,3514379
0,508446
0,508446
1,040809
0,640219
0,4790558
0,4790558
0,9036239
0,7535868
0,7535868
1,075827
0,3419141
0,3419141
0,5862646
0,4392185
0,5980938
0,5980938
1,118692
0,4310712
0,4310712
1,441388
1,096851
1,096851
2,187701
0,5726831
0,5726831
1,558091
1,092865
1,000498
1,000498
1,746918
0,6250377
0,6250377
0,986489
0,3757602
0,3757602
0,9450816
0,697495
0,6402316
0,6402316
0,9054255
0,6475632
0,6475632
0,8098365
0,7037881
0,7037881
1,004119
0,8404225
0,8404225
0,8979795
0,7633612
0,7885177
0,7885177
1,292247
0,9240942
0,9240942
1,081593
0,7577258
0,7577258
1,330557
0,8614184
0,729081
0,729081
1,115791
0,6757524
0,6757524
1,660436
1,333733
1,333733
1,151376
0,7563872
0,7563872
0,8702179
0,8301629
0,7263846
0,7263846
0,8980607
0,7820794
0,7820794
0,8571422
0,8134594
0,8134594
1,200556
0,970596
1,004539
1,004539
1,475632
0,8945482
0,8945482
1,859098
0,9612724
0,9612724
1,186339
0,6170487
0,6170487
1,176663
0,7576577
0,5839146
0,5839146
1,000838
0,6848392
0,6848392
0,7478634
0,5454168
0,5454168
0,5103485
0,3346771
0,1967792
0,1967792
0,3141025
0,2452089
0,2452089
0,6384196
0,6346123
0,6346123
0,7844207
0,5323328
0,4623841
0,4623841
0,7943852
0,4652705
0,4652705
0,3962123
0,2654151
0,2654151
0,8309801
0,5179206
0,5179206
0,8805819
0,402466
0,3787644
0,3787644
0,5868186
0,5020434
0,5020434
1,002288
0,7975904
0,7975904
1,120879
0,3662711
0,2455622
0,2455622
0,419611
0,2361567
0,2361567
0,4699316
0,6096892
0,6096892
1,483898
0,8946429
0,8946429
1,355252
0,5949255
0,4492396
0,4492396
0,6696078
0,5004427
0,5004427
0,4761783
0,5155365
0,5155365
0,4433936
0,3959429
0,2729674
0,2729674
0,3334883
0,3459652
0,3459652
0,2480357
0,2605202
0,2605202
0,2000676
0,2466213
0,2466213
0,2111192
0,1930642
0,1897691
0,1897691
0,2387329
0,2242406
0,2242406
0,2964707
0,2239408
0,2239408
0,1311429
0,1215318
0,1200343
0,1200343
0,1474335
0,1516871
0,1516871
0,1995448
0,519995
0,519995
0,2111335
1,462988
1,462988
2,125611
3,24274
3,234298
3,234298
2,266202
1,353864
1,353864
1,495659
0,5635169
0,5635169
0,7976415
0,607254
0,8082055
0,8082055
2,133102
1,581652
1,581652
0,6651735
0,6797964
0,6797964
0,4737915
0,4839909
0,4839909
0,4279617
0,4023136
0,3345501
0,3345501
0,3618047
0,3838165
0,3838165
0,7455416
0,6818632
0,6818632
0,3730158
0,3448482
0,4178218
0,4178218
0,4595229
0,4587043
0,4587043
0,4512233
0,4982997
0,4982997
0,4272528
0,4882094
0,4757279
0,4757279
1,575461
1,523612
1,523612
3,270688
2,830663
2,830663
velocityComponents
0,1375914
0,2789892
-0,300917
0,1375914
0,2789892
-0,300917
0,2356529
0,6264895
-0,5201817
0,05457401
0,2269849
-0,16765
0,05457401
0,2269849
-0,16765
0,1235962
0,5143561
-0,3433108
0,1768708
0,1634955
-0,3758281
0,1768708
0,1634955
-0,3758281
0,3111438
0,3586199
-0,6671708
0,2195712
0,3306171
-0,4158087
0,2195712
0,3306171
-0,4158087
0,2453171
0,3872476
-0,4996265
0,1650295
0,2634115
-0,3358843
0,1083516
0,1663436
-0,2302191
0,1083516
0,1663436
-0,2302191
0,2987227
0,1604912
-0,6062657
0,2840758
0,1683382
-0,5533401
0,2840758
0,1683382
-0,5533401
0,2954028
0,07477555
-0,5960944
0,2299728
0,07170013
-0,4584137
0,2299728
0,07170013
-0,4584137
0,1702374
0,1297673
-0,3267026
0,1249333
0,1579844
-0,2284596
0,1152559
0,1609357
-0,2030333
0,1152559
0,1609357
-0,2030333
0,172996
0,165449
-0,3027526
0,1896465
0,1391994
-0,3320445
0,1896465
0,1391994
-0,3320445
0,1993202
0,05625923
-0,3549086
0,1876542
0,07236733
-0,3252121
0,1876542
0,07236733
-0,3252121
0,08298191
0,06296334
-0,1279928
0,07796506
0,07409643
-0,1112974
0,06956396
0,07665206
-0,08947628
0,06956396
0,07665206
-0,08947628
0,07179899
0,1048676
-0,06679598
0,06775286
0,09714412
-0,05771943
0,06775286
0,09714412
-0,05771943
0,09150428
0,1158299
-0,06659671
0,08100811
0,09304841
-0,05088719
0,08100811
0,09304841
-0,05088719
0,0437822
0,03959512
-0,002993692
0,04326637
0,03607335
-0,005758111
0,04326637
0,03607335
-0,005758111
0,07084154
0,03902501
-0,01983153
0,08403233
0,02982131
-0,04676304
0,0995317
0,01651336
-0,08271367
0,0995317
0,01651336
-0,08271367
0,1787185
-0,02074131
-0,2162928
0,1749438
-0,01335586
-0,2322754
0,1749438
-0,01335586
-0,2322754
0,137263
-0,02615018
-0,2190415
0,1448151
-0,03541104
-0,25204
0,1448151
-0,03541104
-0,25204
0,04855064
0,0114834
-0,1097338
0,08815365
-0,01214475
-0,1811717
0,09253486
0,001929559
-0,1950357
0,09253486
0,001929559
-0,1950357
-0,0131263
0,1135308
-0,1147577
0,1454259
-0,02441313
-0,3359392
0,1454259
-0,02441313
-0,3359392
-0,02070229
0,1629273
-0,2370293
0,02852015
0,1143733
-0,2835321
0,02852015
0,1143733
-0,2835321
0,3483624
-0,08358938
-0,8766088
-0,03827423
0,2164887
-0,5053371
-0,03827423
0,2164887
-0,5053371
0,02428114
0,2484047
-1,047253
0,3712595
-0,173175
-1,464703
0,1626303
-0,02735867
-0,7645203
0,1626303
-0,02735867
-0,7645203
-0,1046735
-0,03409167
-0,3165853
0,2501061
-0,0933345
-0,6786848
0,2501061
-0,0933345
-0,6786848
0,2493612
-0,04897717
-0,6608847
0,3369449
-0,1155038
-0,8560175
0,3369449
-0,1155038
-0,8560175
0,6173601
-0,2541028
-1,770566
0,5174915
-0,2154859
-1,584214
0,842331
-0,3153769
-2,760721
0,842331
-0,3153769
-2,760721
1,411539
-0,4689584
-5,440043
0,2200493
-0,1824282
-1,209944
0,2200493
-0,1824282
-1,209944
0,008067966
-0,01214522
-0,1362999
0,008959319
-0,003519412
-0,1657704
0,008959319
-0,003519412
-0,1657704
0,006627444
-0,00549029
-0,1234233
0,00599207
-0,004027328
-0,1301793
0,00599207
-0,004027328
-0,1301793
0,009985694
0,004612873
-0,1691858
-0,03236093
-0,032671
-0,03022151
-0,02526335
-0,02189567
-0,02360462
-0,02526335
-0,02189567
-0,02360462
-0,02097054
0,001305465
-0,009573847
-0,01199485
0,004953869
-0,004189342
-0,01199485
0,004953869
-0,004189342
-0,01012786
0,02275785
0,008781865
-0,006596258
0,02334277
0,007960618
-0,006596258
0,02334277
0,007960618
-0,00668388
0,04909442
0,02207391
-0,007103618
0,06315649
0,03028317
0,002557744
0,1037722
0,01647444
0,002557744
0,1037722
0,01647444
0,002367545
0,175629
-0,01376925
0,0006153861
0,1736859
0,02207846
0,0006153861
0,1736859
0,02207846
-0,01043066
0,3047146
0,001013308
-0,01477453
0,3029414
0,02683412
-0,01477453
0,3029414
0,02683412
-0,0333635
0,3327915
0,1067244
-0,04203538
0,3122143
0,1449853
-0,04203538
0,3122143
0,1449853
-0,06637099
0,3260353
0,2400578
-0,07553164
0,3021095
0,2739044
-0,1474818
0,5385738
0,5331561
-0,1474818
0,5385738
0,5331561
-0,2101254
0,6918307
0,739468
-0,189104
0,534443
0,6494546
-0,189104
0,534443
0,6494546
-0,39906
0,6803999
1,303759
-0,3241222
0,3007666
1,020437
-0,3241222
0,3007666
1,020437
-0,9304066
-0,3981875
2,756331
-0,5717105
-0,6322593
1,567479
-0,4621014
-0,4254572
1,196011
-0,4621014
-0,4254572
1,196011
-0,06133389
-0,004601919
0,02474305
0,01364195
-0,08929074
-0,2137085
0,01364195
-0,08929074
-0,2137085
0,03879433
-0,2192589
-0,4187455
0,02093111
-0,1611996
-0,3288837
0,02093111
-0,1611996
-0,3288837
0,05302082
-0,2936687
-0,6970204
0,06562683
-0,1596203
-0,5697191
0,0861027
-0,1077847
-0,6408361
0,0861027
-0,1077847
-0,6408361
0,0586357
-0,1162249
-0,8554828
-0,02130758
-0,06686816
-0,2974727
-0,02130758
-0,06686816
-0,2974727
-0,1640707
-0,1163219
-0,1772318
-0,0618327
-0,009559277
-0,1206183
-0,0618327
-0,009559277
-0,1206183
0,02178668
-0,02016515
-0,7034404
0,03060221
-0,02075612
-0,4606664
0,03060221
-0,02075612
-0,4606664
-0,01268149
0,09018369
-0,4578557
-0,0149878
0,1765123
-0,2354902
-0,02829734
0,1940153
-0,1088246
-0,02829734
0,1940153
-0,1088246
-0,06460503
0,4061117
-0,04546935
-0,02787511
0,3356582
-0,08114151
-0,02787511
0,3356582
-0,08114151
0,07992298
0,6230319
-0,4421659
0,09094262
0,5306965
-0,425898
0,09094262
0,5306965
-0,425898
0,1228866
0,8936676
-0,4954924
0,06934915
0,7462199
-0,2775271
0,02950839
0,6148619
-0,1130403
0,02950839
0,6148619
-0,1130403
0,01447626
0,7251362
-0,05983217
0,0132937
0,6608257
-0,05944613
0,0132937
0,6608257
-0,05944613
0,02940963
0,7126567
-0,1532499
0,02952132
0,657943
-0,1703862
0,02952132
0,657943
-0,1703862
0,02681674
0,6138294
-0,1995103
0,02768452
0,568366
-0,2211895
0,02768452
0,568366
-0,2211895
0,05527158
0,6820299
-0,4305946
0,0576585
0,5523502
-0,4475895
0,04397911
0,3829786
-0,3645941
0,04397911
0,3829786
-0,3645941
0,03665419
0,3498718
-0,3781005
0,03620963
0,3398582
-0,3898381
0,03620963
0,3398582
-0,3898381
0,03693873
0,3819404
-0,4447514
0,03560063
0,4044535
-0,4553735
0,03560063
0,4044535
-0,4553735
0,01789706
0,416625
-0,3801749
0,008469133
0,4285149
-0,3459235
0,002311597
0,3023023
-0,2288882
0,002311597
0,3023023
-0,2288882
0,002915337
0,333691
-0,2731191
0,002505595
0,3413542
-0,2892517
0,002505595
0,3413542
-0,2892517
0,0005548862
0,401879
-0,3645428
0,0003746575
0,3626071
-0,3556002
0,0003746575
0,3626071
-0,3556002
0,00429292
0,6496199
-0,7846346
0,005559241
0,5454267
-0,7247456
0,005559241
0,5454267
-0,7247456
0,01517455
0,8366908
-1,420452
0,01125864
0,5013784
-1,026141
0,01838316
0,3804074
-1,155873
0,01838316
0,3804074
-1,155873
0,01830923
0,04188704
-1,099467
0,009282934
-0,0721125
-0,6114241
0,009282934
-0,0721125
-0,6114241
0,02496711
-0,2393671
-0,8550535
0,01893235
-0,2855191
-0,5403837
0,01893235
-0,2855191
-0,5403837
0,01438962
-0,3351932
-0,7258017
0,007416167
-0,2282009
-0,5587567
-0,00041222
-0,2542957
-0,3750045
-0,00041222
-0,2542957
-0,3750045
-0,002209874
-0,6034619
-0,459349
-0,00656152
-0,4597214
-0,2580239
-0,00656152
-0,4597214
-0,2580239
-0,01452819
-0,6312129
-0,225806
-0,0148213
-0,5087742
-0,1187113
-0,0148213
-0,5087742
-0,1187113
-0,02572089
-0,6959248
-0,07171126
-0,0111719
-0,4255795
-0,2537337
-0,005131752
-0,357373
-0,2701237
-0,005131752
-0,357373
-0,2701237
-0,0127452
-0,783353
-0,2414076
-0,01823114
-0,6460576
-0,04050414
-0,01823114
-0,6460576
-0,04050414
-0,03879885
-0,8581452
0,1251802
-0,03639953
-0,7824007
0,1388264
-0,03639953
-0,7824007
0,1388264
-0,04611995
-1,284938
-0,01569351
-0,03124769
-0,8680812
-0,06245894
-0,03124769
-0,8680812
-0,06245894
-0,06014606
-1,079645
0,1289532
-0,05809209
-0,7608129
0,2240596
-0,04851935
-0,5455814
0,1996746
-0,04851935
-0,5455814
0,1996746
-0,05154528
-0,6742707
0,09683345
-0,0441788
-0,6154945
0,06145576
-0,0441788
-0,6154945
0,06145576
-0,0558175
-0,8263035
0,0002878303
-0,0431177
-0,6511762
-0,03861964
-0,0431177
-0,6511762
-0,03861964
-0,05862282
-0,7302382
-0,02618711
-0,03084557
-0,4020683
-0,0897646
-0,01823738
-0,3096359
-0,1916522
-0,01823738
-0,3096359
-0,1916522
-0,009312687
-0,2553662
-0,3917074
0,006267516
-0,05214123
-0,3656208
0,006267516
-0,05214123
-0,3656208
-0,002485604
-0,170694
-0,6129768
-0,007400163
-0,07828491
-0,2735277
-0,007400163
-0,07828491
-0,2735277
-0,02145515
-0,005121341
-0,04490982
-0,01240496
-0,01657297
-0,09624963
-0,01240496
-0,01657297
-0,09624963
-0,01258563
-0,03230308
-0,6335369
0,0009458101
0,008435376
-0,5083829
-0,008718768
-0,06098488
-0,3734543
-0,008718768
-0,06098488
-0,3734543
-0,03397962
-0,2385156
-0,2857204
-0,02042188
-0,1034569
-0,1954237
-0,02042188
-0,1034569
-0,1954237
-0,03692919
-0,1946514
-0,2994263
-0,01526882
-0,01054426
-0,1771675
-0,01526882
-0,01054426
-0,1771675
-0,04264974
-0,1753718
-0,4284887
-0,03702911
-0,1463849
-0,1945397
-0,0290108
-0,02307919
-0,2206511
-0,0290108
-0,02307919
-0,2206511
-0,04389044
-0,02123858
-0,5029625
-0,03368837
0,01970022
-0,4553579
-0,03368837
0,01970022
-0,4553579
-0,05708114
-0,05009573
-0,6759787
-0,05864665
-0,08756115
-0,5740541
-0,05864665
-0,08756115
-0,5740541
-0,05769513
0,05851119
-0,691618
-0,0495392
0,1341958
-0,6783736
-0,0495392
0,1341958
-0,6783736
-0,04914941
0,158797
-0,6590977
-0,05247512
0,1632623
-0,6929715
-0,06315392
0,1527923
-0,8107898
-0,06315392
0,1527923
-0,8107898
-0,08524764
0,1306371
-0,9930837
-0,08443336
0,1127458
-0,9170482
-0,08443336
0,1127458
-0,9170482
-0,09763277
0,04509253
-0,930686
-0,1721861
0,08809271
-0,6929824
-0,1721861
0,08809271
-0,6929824
-0,2611605
0,1867398
-0,7355987
-0,2296078
0,1693345
-0,7734401
-0,1695244
0,09402536
-0,1896457
-0,1695244
0,09402536
-0,1896457
-0,1586222
0,1129236
-0,3600308
-0,07012966
0,0388007
-0,4626426
-0,07012966
0,0388007
-0,4626426
-0,09923753
0,04702446
-0,4035551
-0,02670495
0,1491147
-0,5787385
-0,02670495
0,1491147
-0,5787385
-0,03538453
0,2042086
-0,6127084
-0,03945879
0,2337589
-0,6164066
-0,1222158
0,773928
-1,757183
-0,1222158
0,773928
-1,757183
-0,2057067
1,705997
-2,91337
-0,1335567
1,428004
-2,03492
-0,1335567
1,428004
-2,03492
-0,09205038
2,932189
-2,464956
-0,02636812
1,759574
-0,9734177
-0,02636812
1,759574
-0,9734177
-0,08990588
3,866382
-0,7923841
-0,02949238
1,138602
0,07456243
-0,02949238
1,138602
0,07456243
-0,1470208
2,521032
-0,005245209
-0,1114309
1,031163
-0,1829624
-0,06172061
0,7280141
-0,03358424
0,0585258
0,6304905
0,5116135
0,008147955
1,443312
0,6878853
0,008147955
1,443312
0,6878853
0,2988994
0,3278613
1,623616
0,1933038
-0,2770737
0,833571
0,1933038
-0,2770737
0,833571
0,3694117
-0,6635353
1,618549
0,1451015
-0,15973
0,7494122
0,1818776
-0,5124003
0,8176059
0,2807081
-0,4887119
1,552525
0,1624882
-0,3880292
0,93005
0,1624882
-0,3880292
0,93005
0,1934055
-0,6543556
1,083335
0,0919989
-0,3138801
0,5488887
0,06492343
-0,4587707
0,2460745
0,1268979
-0,6788905
0,6912261
0,07578974
-0,3503689
0,4757576
0,06613886
-0,3233231
0,4445115
0,09273397
-0,4039773
0,6670911
0,09273397
-0,4039773
0,6670911
0,07664435
-0,3212164
0,5281963
0,07001732
-0,3292499
0,4989405
0,07001732
-0,3292499
0,4989405
0,1047436
-0,4945805
0,9566661
0,0865735
-0,4464217
0,8632461
0,0865735
-0,4464217
0,8632461
0,05137141
-0,2861373
0,6642088
0,04800814
-0,2448812
0,7390805
0,04800814
-0,2448812
0,7390805
0,03494091
-0,1570536
0,8034252
0,03007936
-0,1663012
0,8182762
0,03344334
-0,2310258
1,041983
0,03344334
-0,2310258
1,041983
0,04868821
-0,411237
1,551724
0,03218931
-0,3718639
1,075826
0,03218931
-0,3718639
1,075826
0,03116271
-0,7955188
1,084215
0,01915074
-0,6250999
0,6370398
0,01915074
-0,6250999
0,6370398
0,01866358
-0,8247262
0,5857503
0,008678257
-0,6044186
0,3666832
-0,0003849872
-0,6018815
0,3757485
-0,0003849872
-0,6018815
0,3757485
-0,03189741
-1,229951
0,8177401
-0,03310175
-0,9040973
0,6115815
-0,03310175
-0,9040973
0,6115815
-0,01958508
-0,998271
0,5521567
-0,01773452
-0,6294485
0,3957921
-0,01773452
-0,6294485
0,3957921
-0,05907233
-1,067798
0,7264053
-0,06288854
-1,040092
0,5372489
-0,06246536
-1,100468
0,2830462
-0,06246536
-1,100468
0,2830462
-0,08936595
-2,042244
-0,3044994
-0,06562441
-1,622059
-0,5356075
-0,06562441
-1,622059
-0,5356075
-0,08260905
-2,017698
-0,604727
-0,1051912
-1,258519
0,2409518
-0,1051912
-1,258519
0,2409518
-0,3395405
-2,473276
1,079031
-0,245507
-1,535159
0,7882172
-0,245507
-1,535159
0,7882172
-0,2088831
-1,134791
0,5337633
-0,202658
-1,082404
0,502223
-0,1433266
-0,7498587
0,3754677
-0,1433266
-0,7498587
0,3754677
-0,1461214
-0,7977
0,3464101
-0,1389893
-0,7380508
0,3723503
-0,1389893
-0,7380508
0,3723503
-0,2540544
-1,147936
0,9340844
-0,2252504
-0,8954873
0,9273516
-0,2252504
-0,8954873
0,9273516
-0,4277683
-1,255575
2,156583
-0,2802731
-0,6747729
1,514725
-0,2174755
-0,3365169
1,607751
-0,2174755
-0,3365169
1,607751
-0,08880895
0,3320333
1,708056
-0,03368611
0,3553912
1,016102
-0,03368611
0,3553912
1,016102
-0,1116353
0,3596469
1,332601
-0,133615
0,1533286
1,085202
-0,133615
0,1533286
1,085202
0,06513128
0,5969487
0,8526154
0,1269314
0,5566189
0,4093318
0,1805621
0,5882787
0,1581309
0,1805621
0,5882787
0,1581309
0,2031491
0,784942
0,3147609
0,159015
0,7002865
0,2974461
0,159015
0,7002865
0,2974461
0,1694756
1,015143
0,5270799
0,1038944
0,8428888
0,5501666
0,1038944
0,8428888
0,5501666
0,08005062
1,146568
0,9137397
0,01272743
0,7412912
0,752443
0,01272743
0,7412912
0,752443
0,1984508
1,593221
0,8541638
0,2042727
1,019713
0,1891229
0,2118145
1,060805
0,1480844
0,2118145
1,060805
0,1480844
0,1053376
1,611924
0,8419443
0,05586098
1,181207
0,552209
0,05586098
1,181207
0,552209
0,1539795
2,211658
0,7220849
0,2283298
1,836742
0,1318331
0,2283298
1,836742
0,1318331
0,5465918
2,822332
-0,6441923
0,2316827
1,252614
-0,1902459
0,2316827
1,252614
-0,1902459
-0,08364777
1,51606
0,9592381
-0,1610519
0,8960909
0,8858852
-0,1153779
0,6600372
0,6102858
-0,1153779
0,6600372
0,6102858
-0,1164651
0,6713287
0,6873827
-0,1067952
0,3128562
0,5864771
-0,1067952
0,3128562
0,5864771
-0,09883822
0,1774803
0,4719878
-0,09437243
0,2254364
0,4418428
-0,09437243
0,2254364
0,4418428
-0,0522521
0,1908578
0,25038
-0,0644782
0,1766865
0,2855307
-0,06975707
0,1870699
0,2895118
-0,06975707
0,1870699
0,2895118
-0,008394141
0,1316692
0,09245408
0,001863599
0,1146457
0,08341485
0,001863599
0,1146457
0,08341485
0,009865128
0,106489
0,1044793
0,01291886
0,1015428
0,08727744
0,01291886
0,1015428
0,08727744
-0,007813856
0,1395918
0,1190966
-0,02710703
0,1408912
0,125305
-0,03614116
0,1292596
0,1221272
-0,03614116
0,1292596
0,1221272
-0,04857418
0,1372305
0,1321433
-0,05112198
0,1226786
0,1206591
-0,05112198
0,1226786
0,1206591
-0,0762445
0,135253
0,1373043
-0,07308567
0,1157506
0,1342841
-0,07308567
0,1157506
0,1342841
-0,06309181
0,1066011
0,123925
-0,04334167
0,09237406
0,08394766
-0,04334167
0,09237406
0,08394766
-0,0426594
0,06455955
0,1092088
-0,02034289
0,05335042
0,07205939
-0,01668569
0,03871331
0,0528447
-0,01668569
0,03871331
0,0528447
0,02205265
-0,039527
-0,05384952
0,01369296
-0,02762792
-0,03766471
0,01369296
-0,02762792
-0,03766471
0,006083503
-0,0181419
-0,02370298
0,00215514
-0,01214039
-0,01679316
0,00215514
-0,01214039
-0,01679316
-0,01476599
-0,005550474
-0,02292386
-0,01440571
0,015645
-0,0292196
-0,01778337
0,07596895
-0,0809136
-0,01778337
0,07596895
-0,0809136
-0,00313095
0,1980473
-0,2172902
-0,03252115
0,6074491
0,04020686
-0,03252115
0,6074491
0,04020686
0,06180773
0,7748092
-0,3035403
0,09794529
0,7562668
-0,4335282
0,09794529
0,7562668
-0,4335282
0,6080568
3,489403
-2,73234
0,4667294
2,616936
-2,216072
0,4667294
2,616936
-2,216072
1,097195
6,876792
-5,943832
0,008451939
0,09210706
-0,08390546
-0,1057982
-0,2141058
0,6532423
-0,2297044
-0,4316926
1,282904
-0,1873851
-0,3110945
0,9758018
-0,1873851
-0,3110945
0,9758018
-0,2666652
-0,4840076
1,321441
-0,1373589
-0,372389
0,7228479
-0,3193319
-0,636816
1,461813
0
0
0
0
0
0
-0,328815
-0,2380893
1,099062
-0,03194213
-0,547576
0,3756881
-0,1454055
-0,7165611
0,7629216
-0,3510416
-0,9220347
1,385549
-0,3510416
-0,9220347
1,385549
-0,3238559
-0,6420895
1,115483
-0,1383364
-0,3440619
0,4940405
-0,1294732
-0,4981011
0,5187735
-0,1873016
-0,6575301
0,7116556
-0,4315495
-0,8884445
1,351272
-0,4315495
-0,8884445
1,351272
-0,2768759
-0,1953045
0,7282779
-0,1113331
-0,05344081
0,2863034
-0,1113331
-0,05344081
0,2863034
-0,2803886
-0,8099271
0,8907154
-0,2505514
-0,5135339
0,7104102
-0,2505514
-0,5135339
0,7104102
-0,3637086
-0,7287054
0,9795792
-0,2996009
-0,3771465
0,7395828
-0,2342266
-0,1603399
0,5389127
-0,2342266
-0,1603399
0,5389127
-0,3953553
-0,396904
0,9113648
-0,3415959
-0,4556966
0,7903223
-0,2940899
-0,653123
0,7030395
-0,4159253
-0,9137365
0,9473826
-0,4159253
-0,9137365
0,9473826
-0,4772795
-1,1539
1,051415
-0,3225589
-0,7652503
0,6906884
-0,3225589
-0,7652503
0,6906884
-0,4671754
-1,152344
0,9508996
-0,2306788
-1,040361
0,4887274
-0,1346564
-1,25971
0,3064016
-0,1346564
-1,25971
0,3064016
-0,3218972
-2,426932
0,604216
-0,2278823
-0,9128593
0,3856567
-0,2278823
-0,9128593
0,3856567
-0,4743442
-1,332375
0,7718652
-0,2266586
-0,5650353
0,3661036
-0,2266586
-0,5650353
0,3661036
-0,27529
-1,170533
0,4187554
-0,08596182
-0,5585172
0,1208365
-0,08348227
-0,4488733
0,1258552
-0,08348227
-0,4488733
0,1258552
-0,1136303
-0,9339609
0,1471072
0,03068447
-0,4367784
-0,07071495
0,03068447
-0,4367784
-0,07071495
0,04445314
-0,8629658
-0,1308501
0,1411676
-0,3502436
-0,252685
0,1411676
-0,3502436
-0,252685
0,6146729
0,04908144
-0,9502888
0,1564085
0,0568755
-0,2225637
0,2181292
0,2467848
-0,2965212
0,2181292
0,2467848
-0,2965212
0,4324853
0,4406951
-0,5910814
0,08509755
-0,006344914
-0,1037389
0,08509755
-0,006344914
-0,1037389
-0,1841285
0,006485523
0,3311375
-0,03600339
0,09907445
0,1096431
-0,03600339
0,09907445
0,1096431
-0,1119451
0,5296045
0,3748616
-0,09128046
0,1391528
0,2041278
-0,09128046
0,1391528
0,2041278
-0,3321253
0,6156534
0,6769896
-0,1155376
0,2929349
0,2295107
-0,1089394
0,2101213
0,2023935
-0,1089394
0,2101213
0,2023935
-0,1331091
0,5682495
0,2635807
-0,1411021
0,3133185
0,2439559
-0,1411021
0,3133185
0,2439559
-0,2035081
0,4975248
0,3429681
-0,06738305
0,430391
0,1254231
-0,06738305
0,430391
0,1254231
-0,1127064
0,981424
0,2099842
-0,02730489
0,5612605
0,05882978
0,01552105
0,6080676
-0,008243322
0,01552105
0,6080676
-0,008243322
0,4353106
1,272401
-0,6527901
0,3667176
0,5334206
-0,5622506
0,3667176
0,5334206
-0,5622506
0,7206082
1,425258
-1,111978
0,2254307
0,5340435
-0,3165424
0,2254307
0,5340435
-0,3165424
0,7040441
0,8948006
-0,9539783
0,5379319
0,5495735
-0,7716864
0,5379319
0,5495735
-0,7716864
0,9027368
0,8441715
-1,2988
0,5269174
0,4437974
-0,6959776
0,2649196
0,2595372
-0,2501423
0,2649196
0,2595372
-0,2501423
0,3045196
0,3423187
-0,1691962
0,2064372
0,1559716
-0,007344951
0,2064372
0,1559716
-0,007344951
0,2319264
-0,2414079
0,1069623
0,1909002
-0,4528537
0,1303762
0,1909002
-0,4528537
0,1303762
0,2071105
-0,9725715
0,3073963
0,1899159
-0,5939305
0,145117
0,1219629
-0,4339347
0,1622347
0,1219629
-0,4339347
0,1622347
-0,09558517
-0,4919637
0,7519119
-0,1479552
-0,2939216
0,6779473
-0,1479552
-0,2939216
0,6779473
-0,1635788
-0,3796144
0,993246
0,06256437
-0,2319601
0,2432807
0,06256437
-0,2319601
0,2432807
0,2061832
-0,497039
0,232695
0,006677012
-0,3443125
0,2726118
-0,1260211
-0,3058122
0,4983109
-0,1260211
-0,3058122
0,4983109
-0,2905341
-0,4020199
1,002717
0,02065897
-0,3858767
0,1910359
0,02065897
-0,3858767
0,1910359
0,1148403
-1,422799
0,2001375
0,04463792
-1,093674
0,07047355
0,04463792
-1,093674
0,07047355
-0,03589392
-2,174896
0,2336144
0,06266832
-0,5683362
-0,03213286
0,06266832
-0,5683362
-0,03213286
0,1497567
-1,534711
-0,2233446
0,0854969
-1,067653
-0,2171636
0,1743436
-0,910955
-0,3751814
0,1743436
-0,910955
-0,3751814
0,6196678
-1,10936
-1,198772
0,2121806
-0,3748164
-0,4529506
0,2121806
-0,3748164
-0,4529506
0,03386035
-0,9536732
-0,250043
-0,01345879
-0,3700855
-0,06364996
-0,01345879
-0,3700855
-0,06364996
0,09261841
-0,8426535
-0,4177751
0,1321104
-0,5458208
-0,4136736
0,1033497
-0,5174886
-0,3625202
0,1033497
-0,5174886
-0,3625202
0,09390064
-0,7711531
-0,4650816
-0,01411193
-0,6143452
-0,2042521
-0,01411193
-0,6143452
-0,2042521
-0,08149698
-0,7882391
-0,1669506
-0,03541451
-0,6695502
-0,2139299
-0,03541451
-0,6695502
-0,2139299
0,07436559
-0,8518084
-0,5264473
0,01193013
-0,7568058
-0,365257
0,01193013
-0,7568058
-0,365257
-0,05583674
-0,8450931
-0,2984409
-0,08046798
-0,7314504
-0,2030408
-0,104412
-0,7621109
-0,1733357
-0,104412
-0,7621109
-0,1733357
0,1316441
-0,9992983
-0,8086874
0,210207
-0,5175385
-0,7361501
0,210207
-0,5175385
-0,7361501
0,243197
-0,5729089
-0,8845758
0,1181754
-0,4894556
-0,5662298
0,1181754
-0,4894556
-0,5662298
0,3174078
-0,6337071
-1,126078
0,2945166
-0,1409736
-0,7971374
0,2717508
0,008940867
-0,676484
0,2717508
0,008940867
-0,676484
0,4308315
0,1681887
-1,015424
0,2384928
0,0008308232
-0,6322672
0,2384928
0,0008308232
-0,6322672
0,6201867
0,1888082
-1,528648
0,5240092
0,4512172
-1,140466
0,5240092
0,4512172
-1,140466
0,4311863
0,4828921
-0,9521343
0,265546
0,4938951
-0,5076166
0,265546
0,4938951
-0,5076166
0,2736622
0,6798336
-0,4692702
0,2633398
0,6204363
-0,4846457
0,2370216
0,4785433
-0,4923939
0,2370216
0,4785433
-0,4923939
0,2863454
0,5632016
-0,6382188
0,2428587
0,4871623
-0,5615521
0,2428587
0,4871623
-0,5615521
0,2467963
0,5583438
-0,6016947
0,2275035
0,5418554
-0,562451
0,2275035
0,5418554
-0,562451
0,3203852
0,8204498
-0,8158123
0,2489309
0,6747172
-0,6518027
0,2422792
0,7130195
-0,6648332
0,2422792
0,7130195
-0,6648332
0,2807749
1,225305
-0,7728407
0,1474303
0,7776822
-0,4167628
0,1474303
0,7776822
-0,4167628
0,293171
1,638233
-0,8285469
0,1361528
0,85315
-0,4214763
0,1361528
0,85315
-0,4214763
0,03704524
1,169726
-0,1943425
0,01177939
0,6067694
-0,1115402
0,01177939
0,6067694
-0,1115402
0,05394061
1,130725
-0,3210718
0,05454304
0,6871464
-0,314484
0,02465029
0,5332573
-0,2366121
0,02465029
0,5332573
-0,2366121
0,02628635
0,9221781
-0,3880369
0,03134082
0,600942
-0,3269424
0,03134082
0,600942
-0,3269424
0,02043744
0,6246756
-0,4106852
0,01086715
0,4479823
-0,3109232
0,01086715
0,4479823
-0,3109232
0,002382185
0,2277464
-0,4567072
-0,01642284
0,1710179
-0,2872141
-0,02905948
0,06375542
-0,1838827
-0,02905948
0,06375542
-0,1838827
-0,05369915
-0,1262469
-0,2825571
-0,08952939
-0,2018113
-0,1066961
-0,08952939
-0,2018113
-0,1066961
-0,2374221
-0,4803984
0,3470268
-0,2359073
-0,4481886
0,3823708
-0,2359073
-0,4481886
0,3823708
-0,3316576
-0,5766011
0,4157526
-0,2408005
-0,3757128
0,2902295
-0,2010929
-0,3306548
0,2530378
-0,2010929
-0,3306548
0,2530378
-0,3304718
-0,5790364
0,431918
-0,1981938
-0,35933
0,2192664
-0,1981938
-0,35933
0,2192664
-0,2149022
-0,2526484
0,2167258
-0,1378412
-0,1457604
0,1737783
-0,1378412
-0,1457604
0,1737783
-0,3113813
-0,2282921
0,7358345
-0,1865756
-0,1285469
0,4657327
-0,1865756
-0,1285469
0,4657327
-0,2645106
-0,6990932
0,4655398
-0,1212014
-0,3013848
0,2376054
-0,1219664
-0,2347972
0,2710295
-0,1219664
-0,2347972
0,2710295
-0,1748402
-0,3873565
0,4046504
-0,1220527
-0,4325408
0,2237391
-0,1220527
-0,4325408
0,2237391
-0,1892505
-0,9509295
0,2539656
-0,1373568
-0,7718577
0,1466939
-0,1373568
-0,7718577
0,1466939
-0,2503454
-1,020491
0,39025
-0,06376231
-0,3588582
0,03618995
0,02137495
-0,1619572
-0,1833405
0,02137495
-0,1619572
-0,1833405
0,09552386
0,03545649
-0,4070521
0,04708246
0,1966662
-0,1219658
0,04708246
0,1966662
-0,1219658
0,04730324
0,3641661
-0,2932255
0,07817274
0,4555788
-0,397565
0,07817274
0,4555788
-0,397565
0,2666377
0,9974164
-1,065842
0,1348268
0,6518095
-0,5977893
0,1348268
0,6518095
-0,5977893
0,1094356
1,209538
-0,6014545
0,0151102
0,5142478
-0,2987594
0,01655455
0,2975464
-0,3361672
0,01655455
0,2975464
-0,3361672
0,00707639
0,4525313
-0,4934976
0,001012988
0,3330432
-0,3735293
0,001012988
0,3330432
-0,3735293
-0,02188358
0,184218
-0,4385552
0,01247556
0,1790504
-0,4832838
0,01247556
0,1790504
-0,4832838
-0,007361698
0,07876465
-0,4362795
-0,01058937
0,06274568
-0,3907961
-0,01973077
0,006689888
-0,2721712
-0,01973077
0,006689888
-0,2721712
-0,01439796
0,1007566
-0,3175772
-0,01194003
0,1208032
-0,3239691
-0,01194003
0,1208032
-0,3239691
-0,003206498
0,08570343
-0,2327367
-0,006361776
0,08158182
-0,2473352
-0,006361776
0,08158182
-0,2473352
-0,003305303
0,06384759
-0,1895774
0,00120226
0,07616065
-0,2345638
0,00120226
0,07616065
-0,2345638
-0,06042389
0,1599627
-0,1238233
-0,04706466
0,1367072
-0,1279447
-0,04030667
0,1308601
-0,13139
-0,04030667
0,1308601
-0,13139
-0,03929175
0,1615991
-0,1712754
-0,03958126
0,1549159
-0,1572204
-0,03958126
0,1549159
-0,1572204
-0,06635064
0,1638939
-0,2379733
-0,1041043
0,1126668
-0,1631502
-0,1041043
0,1126668
-0,1631502
-0,1045066
-0,01417673
-0,07794774
-0,0966557
-0,008180909
-0,07321703
-0,08622297
-0,002758756
-0,08346385
-0,08622297
-0,002758756
-0,08346385
-0,1138936
-0,02015237
-0,09142625
-0,09515245
-0,003322388
-0,1180845
-0,09515245
-0,003322388
-0,1180845
-0,1345595
-0,03119639
-0,1440092
-0,06210198
0,2770194
-0,4356586
-0,06210198
0,2770194
-0,4356586
-0,1234722
0,05822612
-0,1610643
0,03939451
-0,05708833
-1,461343
0,03939451
-0,05708833
-1,461343
-0,9450617
-0,1973375
-1,89371
0,2392096
-0,2625932
-3,223226
0,2215628
-0,3348705
-3,209276
0,2215628
-0,3348705
-3,209276
0,1153675
-0,3552063
-2,235216
0,04806915
-0,1865921
-1,340083
0,04806915
-0,1865921
-1,340083
-0,1043057
-0,614021
-1,359814
-0,1301312
-0,4631364
-0,2934651
-0,1301312
-0,4631364
-0,2934651
-0,2766057
-0,7470162
-0,04108574
-0,06496698
-0,02688218
-0,60317
-0,02722904
0,107326
-0,8005847
-0,02722904
0,107326
-0,8005847
-0,05810086
-0,1688231
-2,125617
-0,01032094
0,1677121
-1,572701
-0,01032094
0,1677121
-1,572701
0,001725005
0,1969515
-0,6353447
0,002824567
0,2107444
-0,6462986
0,002824567
0,2107444
-0,6462986
0,006591381
0,1781249
-0,4389834
0,006986783
0,1793203
-0,4494915
0,006986783
0,1793203
-0,4494915
0,005364829
0,143791
-0,4030466
0,006192371
0,1460532
-0,3748151
0,005361688
0,1268281
-0,3095313
0,005361688
0,1268281
-0,3095313
0,001647311
0,1240594
-0,3398664
-0,001210827
0,1242809
-0,3631361
-0,001210827
0,1242809
-0,3631361
-0,01452839
0,201954
-0,7175205
-0,01755544
0,1825818
-0,6567291
-0,01755544
0,1825818
-0,6567291
-0,06561051
0,1329111
-0,3423021
-0,08689394
0,1073259
-0,3159919
-0,08028998
0,1064089
-0,395987
-0,08028998
0,1064089
-0,395987
-0,1466122
0,1032866
-0,4230816
-0,1403436
0,07474934
-0,4302626
-0,1403436
0,07474934
-0,4302626
-0,1541074
0,05094098
-0,4210207
-0,1614573
0,04432254
-0,4693289
-0,1614573
0,04432254
-0,4693289
-0,1876915
0,05399543
-0,3800018
-0,1627988
0,04633798
-0,4579276
-0,02147797
-0,005981963
-0,4752052
-0,02147797
-0,005981963
-0,4752052
-0,1178797
-0,09877551
-1,567937
-0,1459667
-0,1779823
-1,506124
-0,1459667
-0,1779823
-1,506124
-0,4371582
-0,4609467
-3,208398
-0,4392999
-0,4655698
-2,757339
-0,4392999
-0,4655698
-2,757339
closestDistance
0,2313808
0,2313808
0,2192646
0,217787
0,217787
0,2093663
0,2050283
0,2062289
0,194315
0,1908681
0,1915896
0,1830582
0,1801164
0,1793122
0,1793122
0,171777
0,1656272
0,1543084
0,1469699
0,1301789
0,1381221
0,1354854
0,1478659
0,1273581
0,1457879
0,1421315
0,1326295
0,1279543
0,1259968
0,1186903
0,1186903
0,1188737
0,1194128
0,1148121
0,1148121
0,1162145
0,1176174
0,1176174
0,1194795
0,1261016
0,1144091
0,1153866
0,1232059
0,1232059
0,1241817
0,1248783
0,1239108
0,1239108
0,1235497
0,1182781
0,1182781
0,1138899
0,1034513
0,1091842
0,1072591
0,1038989
0,1067507
0,1067507
0,1073776
0,1014188
0,1075229
0,1067946
0,1042252
0,1042252
0,09026235
0,1269785
0,1115799
0,1091195
0,10621
0,1157426
0,1107653
0,1157818
0,1105871
0,1067617
0,1114892
0,1098223
0,1211127
0,1344706
0,1762122
0,2219268
0,2142824
0,3147145
0,119825
0,1140003
0,1119744
0,109427
0,109427
0,1075919
0,1056696
0,1056696
0,1030809
0,1034364
0,1035783
0,1035783
0,1035659
0,1036019
0,1036019
0,1035367
0,103407
0,103407
0,1030946
0,1028288
0,1016794
0,1077746
0,1047927
0,1031457
0,1031457
0,09972359
0,1024612
0,108554
0,1062155
0,1183529
0,1183529
0,1190763
0,1259534
0,1193174
0,1241348
0,1441609
0,1520411
0,1482801
0,1785528
0,1973546
0,1973546
0,251503
0,1834872
0,1718544
0,1748018
0,1740856
0,1784489
0,1784489
0,1876002
0,1946331
0,1778869
0,1912887
0,223186
0,2299043
0,2299043
0,2456379
0,2512433
0,2328571
0,2315629
0,2299124
0,2268365
0,2141995
0,2058473
0,214525
0,2072433
0,2026707
0,1992448
0,1969319
0,1993994
0,2010936
0,1888827
0,175141
0,1827807
0,1604071
0,1440198
0,1352665
0,1450902
0,1568183
0,160603
0,1570427
0,1454344
0,1476547
0,1420432
0,1377047
0,1393577
0,1362899
0,136407
0,1351726
0,1283249
0,1211712
0,1239446
0,121152
0,1189043
0,1263455
0,1241807
0,1170344
0,1097919
0,1130376
0,1132081
0,1085979
0,1085979
0,1118769
0,1185565
0,1185565
0,1229903
0,1214978
0,1246259
0,1310022
0,1383447
0,1504232
0,1621836
0,1721945
0,1877346
0,1802626
0,1893852
0,1937028
0,1937028
0,1986327
0,1945371
0,1890168
0,1919355
0,1939298
0,1952338
0,1952338
0,1934821
0,190452
0,1973336
0,1919919
0,1872804
0,1872804
0,1801193
0,1796896
0,1807533
0,1773376
0,1735433
0,1728766
0,1718393
0,1624372
0,1545939
0,1573683
0,1506892
0,1664801
0,1664801
0,1688198
0,1537266
0,1534509
0,1534509
0,1569637
0,1567466
0,1613358
0,1681411
0,1734932
0,1734932
0,1818964
0,1812747
0,1901256
0,1901256
0,1993229
0,2038434
0,207708
0,2157663
0,2197181
0,2212873
0,2220743
0,2238553
0,2218353
0,2323075
0,241208
0,230509
0,230509
0,224086
0,2229514
0,2229514
0,2165244
0,2133382
0,2133382
0,204792
0,2006502
0,1969141
0,1969141
0,1880755
0,1775533
0,1775533
0,1656361
0,1554137
0,1554137
0,144789
0,1356817
0,1389523
0,1301987
0,1178992
0,1228867
0,1340604
0,1213967
0,1131849
0,1125838
0,1140964
0,1132196
0,1120341
0,1203349
0,1216845
0,1160693
0,1081064
0,11352
0,1096426
0,1096426
0,1138588
0,1134152
0,1120445
0,1139965
0,1259616
0,1297997
0,129809
0,1703838
0,1791879
0,1743229
0,2166283
0,2470814
0,2470814
0,2808693
0,2892193
0,2931649
0,3197477
0,3290575
0,338525
0,3387095
0,3487663
0,3487663
0,3320622
0,3157021
0,3157021
0,2852397
0,2740013
0,2565308
0,2328218
0,2175281
0,2217569
0,2010711
0,1858401
0,1755706
0,1573698
0,1476193
0,1388865
0,1399851
0,142796
0,1337687
0,1384228
0,1384228
0,134462
0,1301646
0,1272748
0,127352
0,1259955
0,1223504
0,1266708
0,1328757
0,1428332
0,1396238
0,1593968
0,1669777
0,1669777
0,1802422
0,1807437
0,1853421
0,191065
0,1879441
0,1946355
0,1946355
0,2063887
0,2212557
0,1976897
0,1895007
0,1846744
0,1846744
0,177939
0,1834601
0,1839975
0,1839975
0,2117942
0,1971081
0,199246
0,1899164
0,17674
0,1782272
0,1489882
0,1531441
0,1407191
0,1388458
0,1375706
0,1362984
0,1362984
0,1393301
0,1437838
0,1437838
0,1465783
0,1624593
0,1544241
0,1558053
0,185887
0,1938937
0,18431
0,1878543
0,1726999
0,1726999
0,1794702
0,1920462
0,1846322
0,1846115
0,1830524
0,1785871
0,1717085
0,1647533
0,1660331
0,1660331
0,1628311
0,1710352
0,1670522
0,173105
0,18271
0,1851856
0,1956955
0,207938
0,2135778
0,2010357
0,2223521
0,2091853
0,2053177
0,2142247
0,2306605
0,2190187
0,2142535
0,2011678
0,2011678
0,1768547
0,1583176
0,1522489
0,1522489
0,142024
0,1352208
0,1352208
0,1277215
0,1216108
0,1216108
0,119035
0,1189816
0,1090534
0,1090534
0,1093571
0,1095802
0,1095802
0,1095572
0,1100042
0,1100042
0,1106317
0,111145
0,1115207
0,1115207
0,1119869
0,1124968
0,1124968
0,1129354
0,1134039
0,1134039
0,1138311
0,1147986
0,1147986
0,114737
0,115226
0,106563
0,106563
0,1064414
0,1063644
0,1063644
0,1063315
0,1063376
0,1063376
0,106456
0,1068812
0,1088017
0,1088017
0,1141167
0,1241568
0,1106274
0,1254102
0,142258
0,1403963
0,229586
0,290101
0,290101
0,4730961
0,3901578
0,391135
0,3942586
0,3981764
0,3981764
0,4040915
0,3862475
0,3599246
0,3399364
0,3399364
0,3258773
0,3173685
0,2930711
0,2644498
0,2649342
0,2445672
0,2348057
0,2222054
0,205855
0,1839266
0,1942465
0,1903783
0,1896679
0,1888202
0,174341
0,1654157
0,1763352
0,1663638
0,1642127
0,1652065
0,1621108
0,1631965
0,1693209
0,1670414
0,1733288
0,1672041
0,1753054
0,1790982
0,1827391
0,1941495
0,1889947
0,1912229
0,1982042
0,2102262
0,2254473
0,2087118
0,2319544
0,2345792
0,2345792
0,2509882
0,2495279
0,2467208
0,2467208
0,2562878
0,2530494
0,2494473
0,2533993
0,2484609
0,2454333
0,2264797
0,2221203
0,2146707
0,2133335
0,2010655
0,219068
0,2091811
0,2153436
0,2084133
0,2084133
0,2134189
0,2168456
0,2272769
0,2369862
0,2493639
0,2380182
0,2426696
0,2442251
0,2522425
0,2522425
0,2566222
0,2571276
0,2571276
0,2578155
0,2613562
0,2624098
0,2636248
0,24625
0,2430249
0,2464499
0,2202986
0,2044233
0,2080491
0,1894783
0,1811868
0,1818473
0,1583197
0,1541553
0,1624191
0,166693
0,1648601
0,1595784
0,163913
0,1612189
0,1645387
0,1620689
0,1575712
0,1504384
0,1498855
0,1498855
0,1621159
0,1790072
0,1892721
0,2075641
0,2095449
0,2009722
0,2053304
0,2114451
0,2225465
0,2211203
0,242858
0,2365012
0,2365012
0,2452876
0,2527132
0,2431993
0,2585937
0,2610651
0,2586565
0,264226
0,2463988
0,2577367
0,2355302
0,2115055
0,2031127
0,2270754
0,227881
0,1918825
0,2028804
0,1920861
0,2015565
0,1963325
0,1846017
0,1789368
0,1760878
0,1709076
0,1736922
0,1648157
0,1648157
0,1639075
0,1653035
0,1600056
0,1650702
0,17182
0,1805755
0,1776051
0,1806898
0,1740336
0,1723206
0,174389
0,179067
0,1872531
0,1913366
0,1833769
0,1867141
0,1839295
0,1805979
0,1788844
0,1797221
0,1792313
0,1788429
0,1665661
0,1683664
0,1634537
0,1602526
0,1566347
0,1494768
0,151566
0,151566
0,1549546
0,1552485
0,1499531
0,1541867
0,1641801
0,1606484
0,1691569
0,1760424
0,1807338
0,181164
0,1896671
0,1923524
0,1928281
0,2049059
0,2338901
0,2110522
0,2010491
0,2007113
0,2034803
0,1915329
0,1893527
0,1819407
0,1846108
0,1724692
0,1679378
0,180309
0,1690168
0,1632532
0,1702964
0,1635638
0,1598126
0,1457057
0,1531795
0,1473356
0,1406961
0,1481382
0,1518951
0,1580617
0,157293
0,1700182
0,1620371
0,1737004
0,1697073
0,1832089
0,1867902
0,1854872
0,1922693
0,1971672
0,1938271
0,2103707
0,2206878
0,2081136
0,2147966
0,2124116
0,2053943
0,2053943
0,1947898
0,192412
0,192412
0,1816117
0,1773825
0,1791777
0,1673839
0,1787271
0,1820427
0,1828804
0,1910842
0,1932344
0,1932344
0,1985489
0,2073668
0,2073668
0,2330775
0,2037113
0,2058987
0,1895052
0,1798167
0,1722251
0,1910794
0,1794381
0,1736992
0,1625497
0,1562887
0,1493499
0,1493499
0,1427933
0,1325363
0,1282607
0,1282607
0,1241882
0,1204329
0,1204329
0,117856
0,1152074
0,1099356
0,107816
0,108516
0,108516
0,1093537
0,1094649
0,1094525
0,1094525
0,1094049
0,1096216
0,1096216
0,1089715
0,1095599
0,10745
0,1069581
0,1065577
0,1058918
0,1102921
0,1103104
0,1094477
0,1094477
0,1092947
0,1015014
0,1128346
0,1148445
0,1100518
0,1067579
0,1300054
0,1119772
0,1368964
0,1459371
0,1772293
0,2001626
0,2001626
0,2175512
0,2188573
0,2155002
0,2092991
0,2240016
0,2092528
0,2092528
0,1702401
0,1427289
0,1443409
0,1352639
0,1269131
0,1238137
0,1186658
0,1190603
0,1159734
0,1111523
0,1121917
0,1089615
0,1166433
0,1129128
0,1117805
0,1117805
0,1053625
0,127193
0,1291519
0,1284553
0,1211148
0,1215932
0,1235454
0,1210076
0,1160522
0,1140423
0,1187471
0,1163028
0,1058083
0,1117691
0,115152
0,1098538
0,1177562
0,1298575
0,1433888
0,1364523
0,1810079
0,2084634
0,208256
timeStamps
4,48075
4,494444
4,508488
4,522398
4,536668
4,550476
4,563926
4,577859
4,592282
4,606062
4,619787
4,633756
4,648073
4,661704
4,675575
4,689202
4,703239
4,717105
4,731015
4,744988
4,759074
4,773085
4,786553
4,800588
4,814791
4,828475
4,842661
4,856304
4,870389
4,884268
4,898479
4,912204
4,92597
4,940149
4,953906
4,968283
4,982044
4,995689
5,009789
5,023798
5,037344
5,051671
5,065216
5,079201
5,093164
5,107099
5,121171
5,135086
5,149033
5,162827
5,176666
5,190625
5,20473
5,218733
5,232387
5,246305
5,260315
5,274631
5,288391
5,302073
5,316027
5,330475
5,34395
5,357698
5,371622
5,385921
5,399734
5,413634
5,427583
5,441362
5,455531
5,469213
5,482949
5,496915
5,511288
5,524796
5,53861
5,552522
5,566403
5,580428
5,594375
5,608424
5,622167
5,636311
5,65003
5,664021
5,677955
5,692215
5,705976
5,719954
5,734035
5,747578
5,76217
5,775241
5,789387
5,803
5,817444
5,831
5,844936
5,858786
5,872926
5,886834
5,900618
5,914478
5,928845
5,942371
5,956349
5,970353
5,984461
5,998261
6,012124
6,02622
6,039743
6,053996
6,067632
6,081975
6,095669
6,109502
6,12394
6,137471
6,151114
6,165125
6,179144
6,193414
6,207357
6,221023
6,235251
6,249242
6,262968
6,276823
6,290691
6,304548
6,318497
6,332293
6,346123
6,360318
6,373925
6,388153
6,401806
6,415975
6,430064
6,444036
6,45749
6,471372
6,485377
6,499531
6,513495
6,527127
6,541191
6,555187
6,568936
6,583003
6,597162
6,610728
6,624639
6,638881
6,652708
6,66643
6,68082
6,694425
6,708263
6,722396
6,73672
6,750104
6,763827
6,777979
6,791768
6,805558
6,81976
6,834063
6,847445
6,861476
6,87536
6,889234
6,903338
6,917025
6,930892
6,94498
6,958874
6,97273
6,986841
7,000673
7,014821
7,028435
7,042592
7,057724
7,07107
7,084261
7,098111
7,111711
7,125481
7,139643
7,153894
7,168221
7,182105
7,196083
7,209688
7,223787
7,238529
7,251971
7,26588
7,279284
7,292727
7,306416
7,320077
7,334381
7,348167
7,362265
7,376403
7,390315
7,404282
7,417922
7,432189
7,445846
7,460135
7,474167
7,487765
7,501965
7,516084
7,52974
7,543648
7,55788
7,571191
7,585274
7,599383
7,613244
7,627013
7,640957
7,654887
7,668748
7,682676
7,697045
7,710762
7,72473
7,73885
7,752209
7,766351
7,780168
7,794129
7,808152
7,822361
7,835876
7,849981
7,863686
7,877649
7,891471
7,905343
7,919509
7,933237
7,947171
7,961274
7,97511
7,989365
8,002901
8,017254
8,030684
8,044957
8,058543
8,072528
8,086548
8,100495
8,114298
8,128291
8,142101
8,156174
8,169905
8,183908
8,197852
8,211828
8,226021
8,239922
8,253776
8,267693
8,281816
8,295207
8,30914
8,323302
8,337011
8,351252
8,365152
8,379298
8,392703
8,406544
8,420519
8,434329
8,4483
8,462219
8,476514
8,490294
8,504226
8,518033
8,532154
8,546172
8,56009
8,574137
8,587738
8,601486
8,615575
8,629588
8,643328
8,657924
8,671732
8,686265
8,699669
8,71306
8,727901
8,743001
8,76818
8,782482
8,796269
8,810124
8,824074
8,838632
8,852972
8,867235
8,893294
8,907201
8,921646
8,936284
8,951015
8,965492
8,991176
9,006154
9,020854
9,046329
9,061331
9,076064
9,089206
9,103057
9,116302
9,129409
9,143589
9,157654
9,171851
9,185793
9,199893
9,214738
9,229139
9,243386
9,256519
9,268877
9,283031
9,296919
9,311018
9,32518
9,339368
9,35312
9,367132
9,380774
9,394975
9,408693
9,422709
9,43647
9,450566
9,464468
9,478598
9,492541
9,506399
9,52038
9,534392
9,548357
9,562572
9,576228
9,589936
9,604082
9,61828
9,631697
9,645663
9,659682
9,674083
9,68768
9,701129
9,715168
9,729151
9,743303
9,75705
9,771225
9,785119
9,798781
9,812858
9,827047
9,84078
9,854483
9,868766
9,882484
9,896371
9,91093
9,924651
9,938453
9,952758
9,966444
9,980724
9,993794
10,00767
10,02133
10,03572
10,04945
10,06352
10,07762
10,09153
10,10551
10,11929
10,13333
10,1468
10,16045
10,17456
10,18896
10,20274
10,21674
10,23077
10,24482
10,25873
10,27238
10,28609
10,29967
10,31364
10,32819
10,34233
10,35568
10,36966
10,38368
10,39781
10,41152
10,4253
10,43912
10,45295
10,46735
10,4811
10,49493
10,50913
10,5229
10,53668
10,55096
10,56469
10,57858
10,5926
10,6065
10,62109
10,63433
10,64811
10,66215
10,67578
10,68981
10,70331
10,71733
10,73159
10,74542
10,75908
10,77322
10,78717
10,80111
10,81524
10,82881
10,84286
10,85708
10,87087
10,88457
10,89853
10,91238
10,92647
10,94024
10,95415
10,96809
10,98231
10,99608
11,01031
11,02386
11,0378
11,05179
11,06565
11,0799
11,09432
11,10854
11,12309
11,14876
11,16353
11,17801
11,19275
11,21796
11,23416
11,26019
11,27498
11,28949
11,30377
11,32916
11,34379
11,35799
11,37221
11,38653
11,40122
11,42663
11,44139
11,45521
11,46917
11,48281
11,49672
11,51076
11,52462
11,53891
11,55282
11,56767
11,58283
11,59655
11,60978
11,62408
11,64936
11,66403
11,67867
11,69159
11,70521
11,71947
11,73347
11,74727
11,76136
11,77519
11,78952
11,80327
11,81715
11,83139
11,8453
11,85942
11,87326
11,88701
11,90123
11,91503
11,9289
11,94261
11,95684
11,97062
11,98431
11,9985
12,01245
12,02622
12,04006
12,054
12,06813
12,0819
12,09602
12,10982
12,12385
12,13756
12,15176
12,16542
12,17948
12,19327
12,20749
12,22118
12,23526
12,24906
12,2634
12,27681
12,29082
12,30476
12,31876
12,33267
12,34654
12,36031
12,37442
12,3882
12,40234
12,41602
12,43014
12,44435
12,45799
12,47181
12,48555
12,49958
12,51359
12,52777
12,54179
12,55541
12,56952
12,5833
12,59706
12,61088
12,62484
12,63915
12,65292
12,66663
12,68074
12,69466
12,70851
12,72278
12,73632
12,75032
12,76414
12,77802
12,79213
12,8059
12,8203
12,83389
12,84797
12,86161
12,8758
12,88971
12,90352
12,91776
12,9315
12,94538
12,95897
12,97313
12,98696
13,00074
13,01515
13,02892
13,04279
13,05667
13,0705
13,08474
13,09844
13,1126
13,1266
13,14012
13,1542
13,16806
13,18238
13,196
13,20947
13,22358
13,23817
13,2512
13,26549
13,27906
13,29332
13,30717
13,32096
13,33503
13,34891
13,36299
13,37702
13,39095
13,40463
13,41912
13,43265
13,44647
13,46044
13,47445
13,48855
13,50271
13,51584
13,53001
13,54431
13,55793
13,57152
13,5855
13,59939
13,61371
13,62753
13,64169
13,65561
13,66906
13,68352
13,69699
13,71083
13,72495
13,73896
13,75258
13,76652
13,78076
13,79442
13,80841
13,82248
13,83618
13,85019
13,8639
13,87799
13,89165
13,90567
13,91955
13,93345
13,94767
13,96138
13,97547
13,9896
14,00313
14,01728
14,03121
14,04491
14,05901
14,0728
14,08688
14,10106
14,1146
14,12873
14,14271
14,15632
14,17023
14,18422
14,19835
14,21223
14,22629
14,24038
14,25398
14,26756
14,28177
14,29567
14,30938
14,32353
14,33736
14,35129
14,36513
14,37914
14,3934
14,40726
14,42134
14,43486
14,4487
14,46273
14,47657
14,49052
14,50464
14,51863
14,53228
14,54655
14,56052
14,57438
14,58778
14,60195
14,61587
14,6297
14,64357
14,65769
14,6716
14,6857
14,69953
14,71352
14,72721
14,74105
14,75519
14,76926
14,78276
14,79684
14,81092
14,82467
14,83855
14,85254
14,86677
14,88044
14,89439
14,90864
14,92198
14,9362
14,95003
14,96414
14,97799
14,99162
15,00579
15,0198
15,03346
15,0475
15,06125
15,07545
15,08915
15,10327
15,11723
15,13124
15,14488
15,15872
15,17269
15,18656
15,2009
15,21465
15,22833
15,24275
15,25614
15,27015
15,2841
15,29795
15,31204
15,32583
15,33992
15,35393
15,36781
15,38167
15,39569
15,40959
15,42345
15,43728
15,45115
15,46543
15,47916
15,49308
15,50768
15,52154
15,53537
15,54887
15,56304
15,57669
15,59063
15,60423
15,61811
15,63237
15,64629
15,65968
15,67392
15,68798
15,70167
15,71543
15,72957
15,7435
15,75745
15,77129
15,78541
15,79958
15,81325
15,82717
15,84101
15,85498
15,86894
15,88257
15,8967
15,91088
15,92498
15,93866
15,95255
15,96681
15,98083
15,99428
16,00815
16,02197
16,03589
16,0499
16,06419
16,07831
