participantNumber
10
repetitionNum
5
sdfEnabled
0
taskTime
22,27503
numHits
10
positionDifference
0,1078211
angleDifference
52,61581
finalPosX
-0,01488805
finalPosY
0,08455335
finalPosZ
-0,7133039
finalRotX
8,076885
finalRotY
49,24677
finalRotZ
21,45317
taskType
torus
velocityMagnitude
0,1729002
0,1530859
0,1530859
0,09777305
0,07296536
0,07296536
0,4283363
0,5275993
0,163234
0,163234
0,3302687
0,2644532
0,2644532
0,1087281
0,3439501
0,3439501
0,817882
0,2371622
0,1155297
0,1155297
0,1384057
0,2236195
0,2236195
0,8331976
0,4249827
0,4249827
0,4663343
0,186476
0,186476
0,4391919
0,1621216
0,1253715
0,1253715
0,5893375
0,2456588
0,2456588
0,6608722
0,4379714
0,4379714
0,7406828
0,5156803
0,5216561
0,5216561
0,6455278
0,07344078
0,07344078
0,3375671
0,03311456
0,03311456
0,5140261
0,5326149
0,2265189
0,2265189
0,4067257
0,1458346
0,1458346
0,1225875
0,1059053
0,1059053
0,3391824
0,1937685
0,1937685
0,08813585
0,0652588
0,1023964
0,1023964
0,5256703
0,1418118
0,1418118
0,13102
0,08784468
0,08784468
0,06824527
0,06688447
0,06688447
0,1948665
0,1073621
0,3512353
0,3512353
0,3004497
0,0505615
0,0505615
0,3620651
0,06736989
0,06736989
0,08121286
0,09580302
0,07245415
0,07245415
0,2427153
0,1206358
0,1206358
0,2393284
0,1594923
0,1594923
0,1847885
0,2871461
0,2871461
0,3299479
0,08678591
0,07723983
0,07723983
0,3481495
0,1998021
0,1998021
0,1649095
0,06855094
0,06855094
0,2517968
0,4789979
0,385285
0,385285
0,2190451
0,03317863
0,03317863
0,05274108
0,03801649
0,03801649
0,05056586
0,1735096
0,09351574
0,09351574
0,07627432
0,03401797
0,03401797
0,2405827
0,107957
0,107957
0,272249
0,02564571
0,02564571
0,08793098
0,07494897
0,1147342
0,1147342
0,3968581
0,09373233
0,09373233
0,1768104
0,1490685
0,1490685
0,03950804
0,03075106
0,02204513
0,02204513
0,03293123
0,03268633
0,03268633
0,09597515
0,03338333
0,03338333
0,1353121
0,03056876
0,05325385
0,05325385
0,249284
0,05983118
0,05983118
0,09407107
0,1237206
0,1237206
0,1457528
0,04723288
0,04723288
0,008975091
0,03234955
0,1131586
0,1131586
0,3941205
0,1439257
0,1439257
0,1607131
0,100269
0,100269
0,2793521
1,276456
1,276456
0,37707
0,06129497
0,04155738
0,04155738
0,05141013
0,3899968
0,3899968
0,1453468
0,06288498
0,06288498
0,04908134
0,03014122
0,04578005
0,04578005
0,1078631
0,03881472
0,03881472
0,009936306
0,01790435
0,01790435
0,02918705
0,09308245
0,06050561
0,06050561
0,03618221
0,0349269
0,0349269
0,06644375
0,03411124
0,03411124
0,1344296
0,09094486
0,09094486
0,1801707
0,233614
0,135677
0,135677
0,1083615
0,2471105
0,2471105
1,671838
0,5563768
0,5563768
0,3019961
0,04920287
0,1768638
0,1768638
1,095967
1,180798
1,180798
0,2048092
0,2405241
0,2405241
0,08830553
0,09930336
0,09930336
0,3353434
0,08977437
0,03940371
0,03940371
0,01404615
0,01124468
0,01124468
0,01442666
0,01724854
0,01724854
0,01497858
0,03490209
0,0784124
0,0784124
0,2247566
0,1667389
0,1667389
0,1611667
0,1885363
0,1885363
0,2471264
0,2255881
0,2255881
0,1013383
0,05903897
0,06603072
0,06603072
0,1769372
0,2972952
0,2972952
0,3448186
0,3970915
0,3970915
1,744757
0,08600187
1,04505
1,04505
1,25172
0,2533989
0,2533989
0,5027976
0,1509196
0,1509196
0,03471445
0,0316249
0,0316249
0,07963819
0,07178612
0,040498
0,040498
0,1279574
0,01806139
0,01806139
0,05305933
0,1493937
0,1493937
0,2306578
0,03813205
0,08434281
0,08434281
0,241879
0,4758798
0,4758798
0,4068518
0,05590214
0,05590214
0,1182651
0,252251
0,3495955
0,3495955
0,4027785
0,02168298
0,02168298
0,2490056
0,05989936
0,05989936
0,06601728
0,1344115
0,1344115
0,1317183
0,03480649
0,1311913
0,1311913
0,2152005
0,2642877
0,2642877
0,5437849
0,2036365
0,2036365
0,3333026
0,1365004
0,1192049
0,1192049
0,2779513
0,2054375
0,2054375
0,3977055
0,05999119
0,05999119
0,3125362
0,1255262
0,1255262
0,1968781
0,1062519
0,1785107
0,1785107
0,1891661
0,07194902
0,07194902
0,1541366
0,04982851
0,04982851
0,1529974
0,2511149
0,2931502
0,2931502
0,3173767
0,0768757
0,0768757
0,4494395
0,3314284
0,3314284
0,5454571
0,07585834
0,07585834
0,0599214
0,08615494
0,2589255
0,2589255
0,5737822
0,1012434
0,1012434
0,1350922
0,08481927
0,08481927
0,0548747
0,1010192
0,1770198
0,1770198
0,3572585
0,2673005
0,2673005
0,2061528
0,02121708
0,02121708
0,3237894
0,219685
0,1821124
0,1821124
0,1726945
0,2113917
0,2113917
0,3901911
0,03123073
0,03123073
0,5762279
0,3650761
0,3650761
0,5265267
0,3540922
0,1422881
0,1422881
0,1835196
0,3064827
0,3064827
0,4609061
0,248909
0,248909
0,3716153
0,3105442
0,3105442
0,3758849
0,09304211
0,01244998
0,01244998
0,7544572
0,2379054
0,2379054
0,1740527
0,2229463
0,2229463
0,5932528
0,1876373
0,3294103
0,3294103
0,4704921
0,2343135
0,2343135
0,9197829
0,1897963
0,1897963
0,6896416
0,5194553
0,4368075
0,4368075
0,593962
0,3838655
0,3838655
0,7314044
0,3181995
0,3181995
0,4809279
0,1482759
0,1482759
0,447958
0,2521677
0,2044064
0,2044064
0,3735677
0,06680596
0,06680596
0,4098973
0,2950404
0,2950404
0,6186623
0,1799265
0,1735882
0,1735882
0,5068593
0,2660905
0,2660905
0,4725753
0,1576297
0,1576297
0,4764781
0,1448933
0,1448933
0,4281895
0,06545748
0,1035425
0,1035425
0,4643014
0,2471663
0,2471663
0,2628574
0,1216243
0,1216243
0,2704689
0,147059
0,1631507
0,1631507
0,5211893
0,2338233
0,2338233
0,3414041
0,05411883
0,05411883
0,2863461
0,2138729
0,2339598
0,2339598
0,1609714
0,2024015
0,2024015
0,2866288
0,2914642
0,2914642
0,2800841
0,04975154
0,04975154
0,06868854
0,1000906
0,143805
0,143805
0,2295916
0,1085879
0,1085879
0,1269238
0,1512239
0,1512239
0,6901498
0,1661353
0,1661353
0,07327159
0,09321433
0,09791368
0,09791368
0,4539228
0,4703425
0,4703425
0,3868042
0,1235458
0,1235458
0,29775
0,525926
0,4038972
0,4038972
0,7376437
0,2352768
0,2352768
0,3983127
0,3059373
0,3059373
0,5204893
0,3573407
0,3208366
0,3208366
0,4354258
0,2401464
0,2401464
0,373358
0,1786752
0,1786752
0,4361744
0,22747
0,22747
0,2654088
0,08087155
0,06837811
0,06837811
0,6250667
0,2203833
0,2203833
0,1609465
0,3239956
0,3239956
0,4583888
0,1066404
0,1800209
0,1800209
0,5576943
0,1175554
0,1175554
0,3041045
0,1236908
0,1236908
0,5546566
0,1080898
0,1080898
0,398634
0,353564
0,1482268
0,1482268
0,1772615
0,0622984
0,0622984
0,3208018
0,3051434
0,3051434
0,3218284
0,1019685
0,03063254
0,03063254
0,287343
0,2629235
0,2629235
0,5996789
0,04947081
0,04947081
0,4899867
0,4354774
0,4354774
0,7214739
0,2163692
0,2408164
0,2408164
0,7054089
0,2772127
0,2772127
0,6171842
0,1938875
0,1938875
0,4423595
0,2281149
0,230713
0,230713
0,4262487
0,1197246
0,1197246
0,08486915
0,2782965
0,2782965
0,0544303
0,04151587
0,04526792
0,04526792
0,5800456
0,3046743
0,3046743
0,2536287
0,06270502
0,06270502
0,2256501
0,2543088
0,2543088
0,4389285
0,2619149
0,1042938
0,1042938
0,4354368
0,2394664
0,2394664
0,5774175
0,2824105
0,2824105
0,5001929
0,1660225
0,1508575
0,1508575
0,2874883
0,2002293
0,2002293
0,2971205
0,2551063
0,2551063
0,5083201
0,3874959
0,3874959
0,4549415
0,08455882
0,05207085
0,05207085
0,484749
0,257779
0,257779
0,4829686
0,01913496
0,01913496
0,2232305
0,03069665
0,172872
0,172872
0,3912992
0,03557847
0,03557847
0,1912485
0,1926663
0,1926663
0,2154055
0,1991798
0,1991798
0,4909887
0,2355967
0,2642696
0,2642696
0,2180176
0,1024939
0,1024939
0,2118932
0,05163429
0,05163429
0,5728348
0,3146643
0,1889661
0,1889661
0,2625983
0,1671753
0,1671753
0,2553064
0,2649023
0,2649023
0,6235417
0,3248322
0,1807154
0,1807154
0,4788414
0,2438425
0,2438425
0,5770374
0,2937942
0,2937942
0,4933724
0,2792362
0,2792362
0,7858698
0,4113552
0,2396121
0,2396121
0,5091434
0,2424366
0,2424366
0,2840348
0,1541383
0,1541383
0,3348926
1,419021
0,509649
0,509649
0,448972
0,1327045
0,1327045
0,4447092
0,1760443
0,1760443
0,498426
0,2204689
0,2204689
0,2022885
0,1541616
0,1594537
0,1594537
0,538842
0,251259
0,251259
0,1127072
0,02381925
0,02381925
0,2562812
0,2051762
0,03678525
0,03678525
0,1435589
0,1793705
0,1793705
0,2185271
0,1300255
0,1300255
0,2591175
0,4003016
0,4003016
0,4484486
0,03594118
0,1274281
0,1274281
0,360427
0,3083113
0,3083113
0,8051402
0,4446917
0,4446917
0,7645321
0,2782017
0,2790876
0,2790876
0,1028088
0,2203276
0,2203276
0,8841877
0,2472015
0,2472015
0,3603707
0,3077585
0,1451018
0,1451018
0,2898815
0,4626342
0,4626342
0,5101839
0,2081487
0,2081487
0,5487112
0,2617771
0,2617771
0,6490912
0,3439544
0,3349898
0,3349898
0,7645242
0,3814783
0,3814783
0,7100281
0,4363589
0,4363589
0,8109269
0,3492745
0,2941786
0,2941786
0,640462
0,4151465
0,4151465
0,761514
0,2528381
0,2528381
0,7272023
0,3991643
0,3991643
0,7495989
0,3252347
0,3513128
0,3513128
0,6779591
0,4336989
0,4336989
0,862751
0,2636816
0,2636816
0,3155489
0,262696
0,399859
0,399859
0,7517601
0,2600393
0,2600393
0,4214963
0,2407087
0,2407087
0,8197232
0,436622
0,436622
0,2931084
0,1916422
0,3508133
0,3508133
1,378425
0,5364956
0,5364956
0,4202723
0,3659816
0,3659816
1,246469
0,6382417
0,5724152
0,5724152
0,6414562
0,300605
0,300605
0,7875588
0,4223288
0,4223288
0,7307357
0,07288383
0,07288383
0,543643
0,327906
0,3892416
0,3892416
0,8668149
0,5518744
0,5518744
0,8431479
0,4681143
0,4681143
0,7296403
0,5166672
0,4754221
0,4754221
0,6329165
0,1959794
0,1959794
0,4929475
0,1819503
0,1819503
0,6074967
0,2821221
0,2821221
0,5515251
0,2676732
0,2145212
0,2145212
0,5976613
0,3697566
0,3697566
0,3041137
0,09853617
0,09853617
0,8603973
0,2778684
0,2251281
0,2251281
0,4588747
0,2994236
0,2994236
0,588481
0,3087057
0,3087057
0,512647
0,2173446
0,3696721
0,3696721
0,9585423
0,3341907
0,3341907
0,5166789
0,2996023
0,2996023
0,5737931
0,3024787
0,3024787
0,9511338
0,4876097
0,3753926
0,3753926
0,4809177
0,3489991
0,3489991
0,6673958
0,3393154
0,3393154
0,8961761
0,3588666
0,2493445
0,2493445
0,6319733
0,4668864
0,4668864
0,658274
0,04989284
0,04989284
0,2283926
0,3226863
0,3226863
0,5720165
0,09374508
0,1803936
0,1803936
0,05658807
0,1779332
0,1779332
0,6136775
0,09408165
0,09408165
0,4858593
0,2608905
0,2327515
0,2327515
0,5696536
0,1355465
0,1355465
0,6768511
0,4192643
0,4192643
0,6359614
0,2880366
0,2880366
0,3117796
0,2120282
0,3193162
0,3193162
0
1,079632
0,2959654
0,2959654
0,6545633
0,4014763
0,4014763
0,6449673
0,2592362
0,2592362
0,5957605
0,1660509
0,2776995
0,2776995
0,54782
0,1576565
0,1576565
0,3734751
0,4114048
0,4114048
0,5900212
0,188638
0,04964809
0,04964809
0,5718299
0,3007984
0,3007984
0,6640359
0,3272731
0,3272731
0,4191706
0,3405467
0,3405467
0,8234721
0,2945549
0,2899941
0,2899941
0,7326436
0,3978841
0,3978841
0,8154125
0,1344325
0,1344325
0,616254
0,4571536
0,4124473
0,4124473
0,2825787
0,2847176
0,2847176
0,9129975
0,283361
0,283361
0,5557274
0,3230996
0,2594341
0,2594341
0,6453779
0,3655779
0,3655779
0,476892
0,2004721
0,2004721
0,4819836
0,1903079
0,1903079
0,6784536
0,2861207
0,2496099
0,2496099
0,4218639
0,3206733
0,3206733
0,6157594
0,4506576
0,4506576
0,7813151
0,3248396
0,3293252
0,3293252
0,6489722
0,3112282
0,3112282
0,5470769
0,2796222
0,2796222
0,5787129
0,1845626
0,3671821
0,3671821
0,7371656
0,3751686
0,3751686
0,566152
0,3271073
0,3271073
0,5712523
0,377492
0,377492
0,4599997
0,2838517
0,2850046
0,2850046
0,4432369
0,3773125
0,3773125
0,718999
0,3289731
0,3289731
0,4633374
0,2081358
0,2533342
0,2533342
0,5325048
0,2939923
0,2939923
0,3942997
0,3506587
0,3506587
0,6005766
0,3556376
0,3556376
0,659191
0,240478
0,2351038
0,2351038
0,4715004
0,2764517
0,2764517
0,2754616
0,1331918
0,1331918
0,6097969
0,3022115
0,317467
0,317467
0,4408854
0,1713803
0,1713803
0,3911103
0,2041647
0,2041647
0,6249202
0,3150964
0,3150964
0,7582082
0,1538054
0,1628095
0,1628095
0,505596
0,1765993
0,1765993
0,424471
0,2389238
0,2389238
0,3722278
0,05271671
0,1485542
0,1485542
0,6216552
0,286127
0,286127
0,3858123
0,1463373
0,1463373
0,4932888
0,2609606
0,2360642
0,2360642
0,490201
0,2639364
0,2639364
0,3700997
0,2163683
0,2163683
0,4013275
0,1862973
0,1862973
0,1796601
0,1082448
0,06467761
0,06467761
0,1795393
0,1262611
0,1262611
0,3412001
0,2592309
0,2592309
0,4585281
0,2978007
0,2978007
0,3866583
0,07031737
0,129603
0,129603
0,7443763
0,4215738
0,4215738
0,9968697
0,105954
0,105954
0,2509221
0,2767202
0,3925512
0,3925512
0,8512319
0,2679747
0,2679747
0,3044626
0,2277487
0,2277487
0,6607835
0,4027673
0,4027673
0,469454
0,1133163
0,2020108
0,2020108
0,4890894
0,1980311
0,1980311
0,2962512
0,1932133
0,1932133
0,5085599
0,2850365
0,4085222
0,4085222
0,5192563
0,1909849
0,1909849
0,3470252
0,2556492
0,2556492
0,6655977
0,4165844
0,5965769
0,5965769
0,4861486
0,2669803
0,2669803
0,3865578
0,1808264
0,1808264
0,8149161
0,5024502
0,5024502
0,8032798
0,1602723
0,2432451
0,2432451
0,5086479
0,1879782
0,1879782
0,623359
0,2950746
0,2950746
0,4256325
0,2749144
0,3181842
0,3181842
0,4882105
0,2469517
0,2469517
0,5890286
0,3126416
0,3126416
0,4180243
0,440248
0,440248
0,6210943
0,1092123
0,1962697
0,1962697
0,6107444
0,2313829
0,2313829
0,4225861
0,3225612
0,3225612
0,4634054
0,3009674
0,3088994
0,3088994
0,5664363
0,3748342
0,3748342
0,5549078
0,1844574
0,1844574
0,6129217
0,4168329
0,3980448
0,3980448
0,4477397
0,1828315
0,1828315
0,5246198
0,1548341
0,1548341
0,5843227
0,2463501
0,2463501
0,4835931
0,3113738
0,2714337
0,2714337
0,6430188
0,2022966
0,2022966
0,345418
0,1502677
0,1502677
0,5831687
0,2921587
0,3164859
0,3164859
0,326478
0,1465876
0,1465876
0,342228
0,1732145
0,1732145
0,5961381
0,3550732
0,3550732
0,5874632
0,1992005
0,2652909
0,2652909
0,3559067
0,2374017
0,2374017
0,5684848
0,258725
0,258725
0,5361588
0,2551611
0,2274377
0,2274377
0,5300679
0,2912019
0,2912019
0,4036469
0,1467689
0,1467689
0,6506012
0,2691643
0,2691643
0,3260954
0,2516974
0,3172105
0,3172105
0,4465431
0,1944115
0,1944115
1,0167
0,401407
0,401407
0,5101276
0,3273646
0,3686289
0,3686289
0,5124987
0,2072231
0,2072231
0,8315362
0,465371
0,465371
0,8147027
0,2306233
0,2306233
0,2547462
0,4324887
0,285293
0,285293
0,4371436
0,380772
0,380772
0,7835643
0,3612013
0,3612013
0,613619
0,456056
0,4743513
0,4743513
0,8423129
0,4050668
0,4050668
0,9554994
0,4334576
0,4334576
0,7309088
0,3733266
0,3733266
0,5227547
0,2419166
0,3912238
0,3912238
0,8502254
0,3298956
0,3298956
0,6245026
0,2289067
0,2289067
0,8198826
0,38804
0,251202
0,251202
0,5071697
0,4068999
0,4068999
0,4576136
0,2334471
0,2334471
0,6460231
0,2707967
0,271883
0,271883
0,6401379
0,2814375
0,2814375
0,5784823
0,2995187
0,2995187
0,4807458
0,3527958
0,3527958
0,9046811
0,3905212
0,268172
0,268172
0,3941121
0,2665799
0,2665799
0,6326049
0,2563172
0,2563172
0,3281666
0,09869236
0,1513518
0,1513518
0,2969565
0,1761965
0,1761965
0,1969297
0,2106451
0,2106451
0,3504189
0,1385908
0,1385908
0,2208537
0,3128887
0,4524286
0,4524286
0,4854201
0,18863
0,18863
0,1975745
0,2410033
0,2410033
0,5992094
0,1765405
0,08472114
0,08472114
0,2734103
0,1815859
0,1815859
0,8345412
0,5951393
0,5951393
0,6403719
0,06731912
0,06731912
0,354552
0,137718
0,3180498
0,3180498
0,4249664
0,2235026
0,2235026
0,09435364
0,04660178
0,04660178
0,5746804
0,2895639
0,2803411
0,2803411
0,4633495
0,1308407
0,1308407
0,3536912
0,3457417
0,3457417
0,6313784
0,227457
0,227457
0,4484899
0,3444051
0,315597
0,315597
0,5660179
1,041593
1,041593
0,6782621
0,3726358
0,3726358
0,4915232
0,1490506
0,9315051
0,9315051
0,8545597
0,3717232
0,3717232
0,3419939
0,1143216
0,1143216
0,6914448
0,3351631
0,2588038
0,2588038
0,407267
0,1694614
0,1694614
0,3672422
0,3191831
0,3191831
0,622748
0,2579927
0,2579927
0,6302115
0,4566463
0,4256549
0,4256549
0,6356545
0,2319273
0,2319273
0,5358612
0,389006
0,389006
0,8042715
0,3380985
0,3852519
0,3852519
0,6990349
0,2168332
0,2168332
0,3051558
0,3266192
0,3266192
0,759913
0,200453
0,200453
0,3734101
0,3601617
0,4624006
0,4624006
0,7275677
0,2369316
0,2369316
0,4681628
0,2493582
0,2493582
0,6137015
0,3069261
0,3039361
0,3039361
0,4429699
0,1541632
0,1541632
0,7098387
0,3662966
0,3662966
0,3629642
0,1852917
0,1852917
0,5600104
0,3301645
0,361195
0,361195
0,5163964
0,1852379
0,1852379
0,5453185
0,6741621
0,6741621
0,6338953
0,2947755
0,2253703
0,2253703
0,5428628
0,3511592
0,3511592
0,4966726
0,1822686
0,1822686
0,4777375
0,2047448
0,2047448
0,107746
0,1051242
0,2068922
0,2068922
0,5421935
0,2131174
0,2131174
0,598144
0,2873097
0,2873097
0,2962764
0,07653508
0,4835232
0,4835232
0,507998
0,2065442
0,2065442
0,1581732
0,1508028
0,1508028
0,3224172
0,09162779
0,2401837
0,2401837
0,27693
0,1113433
0,1113433
0,1960102
0,03200391
0,03200391
0,7258791
0,3212767
0,3212767
0,6217781
0,3521126
0,2961778
0,2961778
0,6924327
0,3852385
0,3852385
1,224636
velocityComponents
0,02596378
0,1704544
-0,01287162
-0,05052686
-0,1432717
0,01885593
-0,05052686
-0,1432717
0,01885593
-0,01572967
-0,04324764
-0,0862658
0,03012419
0,03807694
-0,05446672
0,03012419
0,03807694
-0,05446672
0,211066
0,2695397
-0,2574325
0,1950443
0,4620418
-0,1638174
0,04447699
0,1511425
-0,04269779
0,04447699
0,1511425
-0,04269779
-0,0725925
-0,3180921
-0,05123615
-0,0438273
-0,2341196
-0,1149029
-0,0438273
-0,2341196
-0,1149029
-0,09871125
0,01849383
0,04166365
0,08125305
0,3341556
-0,006300211
0,08125305
0,3341556
-0,006300211
0,1451373
0,8037731
-0,04260242
0,05550981
0,2237603
-0,05564094
-0,001776218
0,1142398
-0,01712441
-0,001776218
0,1142398
-0,01712441
-0,1128018
-0,02933145
0,0746429
0,03504753
0,2172858
-0,03955066
0,03504753
0,2172858
-0,03955066
0,1649499
0,8117869
-0,0895083
0,03163815
0,4215673
0,04347861
0,03163815
0,4215673
0,04347861
-0,002121925
0,4641354
0,0451833
0,05865097
-0,06912798
-0,1629561
0,05865097
-0,06912798
-0,1629561
0,1178801
-0,2535746
-0,3386647
0,06055236
-0,05214214
-0,1410604
0,04529357
0,007435679
-0,1166672
0,04529357
0,007435679
-0,1166672
0,1848459
0,4913718
-0,2677768
0,04771352
0,233826
-0,0582844
0,04771352
0,233826
-0,0582844
0,1024783
-0,4642144
-0,4590809
0,08815527
-0,287886
-0,3180712
0,08815527
-0,287886
-0,3180712
0,3314435
0,2012908
-0,6310612
0,1685441
0,443387
-0,2023041
0,1281142
0,4891753
-0,1281381
0,1281142
0,4891753
-0,1281381
0,1457214
0,5908102
-0,215441
-0,006592274
0,002394617
-0,0731051
-0,006592274
0,002394617
-0,0731051
-0,1407683
-0,2980039
0,07300377
-0,03004074
-0,01346618
-0,003576279
-0,03004074
-0,01346618
-0,003576279
0,08317828
0,4605487
-0,2126008
0,1234293
0,500881
-0,132522
0,04982352
0,2084404
-0,07335544
0,04982352
0,2084404
-0,07335544
0,07198453
-0,2816163
-0,284493
0,04697442
0,04801601
-0,1294434
0,04697442
0,04801601
-0,1294434
0,01212358
0,02021417
-0,1203001
0,01478791
0,09000897
-0,05381107
0,01478791
0,09000897
-0,05381107
0,08209348
0,2588905
-0,2031773
0,001657009
0,1917273
-0,02800226
0,001657009
0,1917273
-0,02800226
-0,05850792
0,06024912
0,02673566
-0,01417994
-0,06168112
-0,01590848
-0,006866455
0,02527013
-0,09899139
-0,006866455
0,02527013
-0,09899139
0,1030505
0,4606798
-0,231266
0,01828074
0,1323149
-0,04763603
0,01828074
0,1323149
-0,04763603
0,02344847
0,022199
-0,1269788
0,009572506
0,0687778
-0,05380213
0,009572506
0,0687778
-0,05380213
-0,02419949
0,02900809
-0,05683601
-0,03475547
0,05464852
0,01670718
-0,03475547
0,05464852
0,01670718
-0,07317066
0,1735158
0,05011261
0,02045631
0,06687418
-0,08146167
0,1216173
0,1297079
-0,3029048
0,1216173
0,1297079
-0,3029048
-0,1232743
-0,2738044
0,01022816
-0,001168251
0,02828985
-0,04189014
-0,001168251
0,02828985
-0,04189014
-0,2323091
0,1789398
0,2123773
-0,01311302
0,06171763
-0,02361536
-0,01311302
0,06171763
-0,02361536
-0,02093315
-0,05365685
-0,05725622
-0,03452897
0,04044995
-0,07968545
-0,01276135
-0,01538619
-0,06964207
-0,01276135
-0,01538619
-0,06964207
-0,082165
-0,1962595
-0,1167983
-0,06597042
-0,09511262
-0,03397763
-0,06597042
-0,09511262
-0,03397763
-0,07586479
0,2171479
0,06610155
-0,0364542
0,1548685
-0,01116395
-0,0364542
0,1548685
-0,01116395
-0,008797646
-0,03953576
-0,1802951
0,02428293
-0,1751401
-0,2262503
0,02428293
-0,1751401
-0,2262503
0,04553199
-0,01691058
-0,3263533
-0,04714727
0,06058663
0,04047453
-0,03764033
0,05408078
0,04030466
-0,03764033
0,05408078
0,04030466
-0,02741218
0,3102995
-0,1554698
0,03812909
0,1002192
-0,1685917
0,03812909
0,1002192
-0,1685917
0,001347065
0,06501228
-0,1515478
-0,02380013
-0,0327453
-0,05532205
-0,02380013
-0,0327453
-0,05532205
0,01591444
-0,05930886
-0,2441943
0,132829
0,3198497
-0,3308952
0,09799004
0,3351256
-0,1628906
0,09799004
0,3351256
-0,1628906
-0,002429022
0,2085432
-0,06696717
-0,01203039
0,02023267
-0,02338227
-0,01203039
0,02023267
-0,02338227
-0,03389739
-0,04014235
0,004602168
-0,03454345
-0,01203366
-0,01035349
-0,03454345
-0,01203366
-0,01035349
-0,04143409
-0,02892862
-0,00180489
-0,02323374
0,1644607
-0,05018418
-0,006608039
0,08788765
-0,0312616
-0,006608039
0,08788765
-0,0312616
-0,03091608
0,05278117
0,04556441
-0,01734642
-0,02913418
0,002742857
-0,01734642
-0,02913418
0,002742857
-0,1087389
-0,2113985
0,03696696
-0,04976504
-0,09573736
-0,003536642
-0,04976504
-0,09573736
-0,003536642
0,04534309
0,2428139
-0,1144768
-0,01082668
-0,007356837
-0,02205363
-0,01082668
-0,007356837
-0,02205363
-0,0110362
-0,08365403
0,02473992
-0,0190606
-0,06780828
0,02561404
-0,02731346
-0,1023743
0,0440161
-0,02731346
-0,1023743
0,0440161
-0,271687
-0,1977823
0,2111035
-0,01264488
-0,0830184
-0,04163895
-0,01264488
-0,0830184
-0,04163895
0,0002743602
0,1511536
-0,09173018
0,02363881
0,1383618
-0,05018604
0,02363881
0,1383618
-0,05018604
-0,01884864
-0,03322673
-0,01007959
-0,00481306
-0,02833118
0,01094562
-0,01700243
-0,01249189
-0,006392002
-0,01700243
-0,01249189
-0,006392002
-0,02592907
0,01248456
-0,0160089
-0,0220167
-0,0238639
0,003765061
-0,0220167
-0,0238639
0,003765061
-0,0689285
-0,06202149
-0,02476747
-0,007282184
0,02433685
-0,02165951
-0,007282184
0,02433685
-0,02165951
-0,009649931
0,1160186
-0,0689632
-0,02285429
0,001381615
-0,02025394
-0,02844967
0,01850063
-0,04104041
-0,02844967
0,01850063
-0,04104041
-0,0184665
0,2177758
-0,1198967
-0,02253152
0,03143001
-0,04565364
-0,02253152
0,03143001
-0,04565364
-0,06659572
0,02561152
-0,061306
-0,0713076
-0,03005532
-0,09653336
-0,0713076
-0,03005532
-0,09653336
-0,07360107
-0,0115318
-0,1252748
-0,02144879
0,0323748
-0,02688432
-0,02144879
0,0323748
-0,02688432
-0,0002981126
0,006103933
-0,006573081
0,01930717
0,01155651
-0,02324164
-0,02218288
0,1109383
-0,002342343
-0,02218288
0,1109383
-0,002342343
-0,1931819
0,3434881
0,005259752
-0,09904629
0,09574831
-0,0416739
-0,09904629
0,09574831
-0,0416739
-0,09542656
0,125113
-0,03269875
-0,05295616
0,07592893
-0,03852677
-0,05295616
0,07592893
-0,03852677
-0,1108922
0,2441477
0,07830977
0,6521081
0,9345365
-0,575097
0,6521081
0,9345365
-0,575097
0,225127
0,1518503
0,2616125
0,009604774
0,04089141
0,04463983
-0,006606549
-0,03312349
-0,02421165
-0,006606549
-0,03312349
-0,02421165
-0,04657276
0,02032244
-0,007808805
0,2000031
-0,2574667
-0,2140261
0,2000031
-0,2574667
-0,2140261
0,03001451
0,09621698
0,1047239
-0,02258968
-0,02886748
-0,05109692
-0,02258968
-0,02886748
-0,05109692
-0,008711338
-0,01887333
-0,0444622
-0,009856939
0,01272047
-0,02548575
-0,03047788
-0,009982169
-0,03266907
-0,03047788
-0,009982169
-0,03266907
-0,08324909
-0,0193736
-0,0657928
-0,003804445
0,02559298
-0,02893281
-0,003804445
0,02559298
-0,02893281
0,001444936
0,007088542
-0,00681138
0,01444674
0,00796932
0,006953239
0,01444674
0,00796932
0,006953239
-0,02154315
-0,005668104
-0,01885867
-0,07047653
-0,02930847
-0,05327678
-0,0452463
-0,01544189
-0,03708434
-0,0452463
-0,01544189
-0,03708434
-0,02595735
-0,007729769
-0,02399206
-0,02466989
-0,006547809
-0,02384138
-0,02466989
-0,006547809
-0,02384138
-0,04965174
-0,0168907
-0,04079437
-0,01355815
-0,0146327
-0,02767015
-0,01355815
-0,0146327
-0,02767015
-0,09333467
-0,03906848
-0,08850765
-0,05479991
-0,02706718
-0,06734467
-0,05479991
-0,02706718
-0,06734467
-0,1208088
-0,05156748
-0,1233187
-0,1643097
-0,07904059
-0,1460493
-0,06708777
-0,02112718
-0,1160221
-0,06708777
-0,02112718
-0,1160221
-0,05925572
-0,04765582
-0,07720041
-0,1356629
-0,1090669
-0,1753955
-0,1356629
-0,1090669
-0,1753955
-0,240283
1,02626
-1,297727
0,1459746
-0,528625
-0,09381938
0,1459746
-0,528625
-0,09381938
-0,1110508
-0,1084066
-0,2590702
-0,004127979
-0,03341383
-0,03588033
-0,02835035
-0,06617138
-0,16155
-0,02835035
-0,06617138
-0,16155
-0,1430242
0,4006686
-1,010026
-0,0342226
-0,6380166
-0,9929991
-0,0342226
-0,6380166
-0,9929991
-0,004868031
-0,0003198264
-0,2047511
-0,01587462
-0,0006710142
0,2399987
-0,01587462
-0,0006710142
0,2399987
0,003388166
0,01253608
0,08734548
0,0006463528
0,03192781
0,09402847
0,0006463528
0,03192781
0,09402847
-0,01486421
-0,07069968
-0,3274688
0,02620459
0,04957942
-0,07010448
0,01796126
-0,02491517
-0,02468359
0,01796126
-0,02491517
-0,02468359
0,008746147
-0,006765593
-0,008661747
0,008278847
-0,001717206
0,007413149
0,008278847
-0,001717206
0,007413149
0,008381128
-0,0003462881
0,01173735
0,009531975
-0,0009104162
0,0143466
0,009531975
-0,0009104162
0,0143466
0,01156497
-0,003529876
-0,008840203
0,01367235
-0,007449478
-0,03123665
0,01605773
-0,01309663
-0,07562494
0,01605773
-0,01309663
-0,07562494
0,06859016
-0,03897429
-0,2104565
0,02292109
-0,005243957
-0,1650727
0,02292109
-0,005243957
-0,1650727
0,04155087
0,01685166
-0,1548039
0,03375101
-0,03629977
-0,1819042
0,03375101
-0,03629977
-0,1819042
0,07026625
0,0628593
-0,2284356
0,04914165
0,02649897
-0,2185701
0,04914165
0,02649897
-0,2185701
0,0336349
0,01934433
-0,09361595
0,05262399
0,003103852
-0,02658349
0,04587936
0,00238061
-0,04742861
0,04587936
0,00238061
-0,04742861
0,07342505
0,02309752
-0,1593174
0,1636658
0,02503502
-0,2469234
0,1636658
0,02503502
-0,2469234
0,1699312
0,05554068
-0,2948534
0,0918715
0,1478764
-0,3568948
0,0918715
0,1478764
-0,3568948
1,56598
0,1396257
-0,756562
-0,03940415
0,07199526
-0,02569665
0,532632
0,6635143
-0,6067796
0,532632
0,6635143
-0,6067796
0,593536
1,059237
-0,3041946
-0,1771255
-0,1805208
0,01580559
-0,1771255
-0,1805208
0,01580559
0,2518042
-0,4279409
-0,07916212
0,09381753
-0,1073719
0,04945982
0,09381753
-0,1073719
0,04945982
-0,0133701
-0,0219357
0,02334863
-0,03114337
0,005225778
0,001707673
-0,03114337
0,005225778
0,001707673
-0,004163921
0,05330694
-0,05901927
0,01954937
0,04977113
-0,04789472
0,01247782
0,03172016
-0,02186832
0,01247782
0,03172016
-0,02186832
0,008170187
-0,1215872
0,03902434
-0,009718001
0,005952507
0,0140122
-0,009718001
0,005952507
0,0140122
-0,03953078
0,0307005
0,01760933
0,0339126
0,1053789
-0,100318
0,0339126
0,1053789
-0,100318
-0,05521733
0,1967348
-0,1070022
-0,0115009
-0,004702449
0,03605093
0,0215776
0,06456864
-0,04978964
0,0215776
0,06456864
-0,04978964
0,08742431
-0,01724511
-0,2248667
0,4116621
0,2381923
-0,01613349
0,4116621
0,2381923
-0,01613349
0,09705424
0,2420895
-0,3122523
0,008356571
-0,00846684
-0,0546217
0,008356571
-0,00846684
-0,0546217
-0,03278852
-0,08543804
0,07491261
0,0582397
-0,06155446
-0,2375916
0,1145899
-0,03591701
-0,3283232
0,1145899
-0,03591701
-0,3283232
0,1629293
0,06312653
-0,3629044
0,004392862
0,01744851
-0,01209974
0,004392862
0,01744851
-0,01209974
-0,0988245
-0,09478554
0,207974
-0,01395941
-0,05786866
-0,006654859
-0,01395941
-0,05786866
-0,006654859
-0,02818108
0,02701059
0,05324036
-0,05809069
-0,09108633
0,07997006
-0,05809069
-0,09108633
0,07997006
-0,0559926
-0,1141593
0,03438294
-0,02134442
-0,02468228
0,01211166
-0,06867647
-0,05077049
0,09958446
-0,06867647
-0,05077049
0,09958446
-0,08882284
-0,1922622
0,03817081
0,06819963
-0,08935332
-0,2391919
0,06819963
-0,08935332
-0,2391919
0,1308799
-0,2128087
-0,4829958
0,04950762
0,03760159
-0,1939148
0,04950762
0,03760159
-0,1939148
0,02835989
0,2932884
-0,1557827
-0,03541708
-0,1288578
-0,02781451
-0,04406571
-0,08873865
0,06628335
-0,04406571
-0,08873865
0,06628335
-0,007641315
-0,1317494
-0,2446234
0,02128482
-0,05940422
-0,1955062
0,02128482
-0,05940422
-0,1955062
0,04767776
-0,03940389
-0,3928661
-0,00833869
-0,03720745
-0,0463143
-0,00833869
-0,03720745
-0,0463143
-0,02284646
-0,1759738
-0,2572745
-0,0028193
-0,03007948
-0,1218364
-0,0028193
-0,03007948
-0,1218364
-0,001007318
-0,01246184
-0,1964808
-0,005924702
0,03745779
-0,09925365
-0,01260638
-0,02034307
-0,1768991
-0,01260638
-0,02034307
-0,1768991
-0,04043579
-0,07866025
-0,1672164
-0,04591942
-0,05508065
-0,005847216
-0,04591942
-0,05508065
-0,005847216
-0,09034276
-0,0923641
-0,08405447
-0,03685355
0,02362281
-0,02380461
-0,03685355
0,02362281
-0,02380461
-0,1518905
0,01795143
-0,003899634
-0,1981378
-0,1119986
0,1060963
-0,1619875
-0,1846477
0,1600072
-0,1619875
-0,1846477
0,1600072
-0,2112269
-0,1984999
0,1292631
-0,03543496
0,0004477799
-0,0682205
-0,03543496
0,0004477799
-0,0682205
0,06024837
0,01752451
-0,4450381
0,08704066
0,1721032
-0,2695352
0,08704066
0,1721032
-0,2695352
0,1071274
0,06106123
-0,5313367
0,004833937
0,02628341
-0,07099509
0,004833937
0,02628341
-0,07099509
-0,0487566
-0,03082901
0,01621544
-0,02908707
-0,07982254
0,01431704
-0,02688766
-0,2238683
-0,1272887
-0,02688766
-0,2238683
-0,1272887
0,1256287
0,03632829
-0,5586803
0,01750588
0,04621819
-0,08836091
0,01750588
0,04621819
-0,08836091
-0,05746484
-0,02871975
0,1188397
-0,03744364
0,06881207
0,03251433
-0,03744364
0,06881207
0,03251433
-0,05067587
-0,01429394
-0,01545548
0,001734495
-0,03004298
-0,09643286
0,02071857
0,008203089
-0,1756117
0,02071857
0,008203089
-0,1756117
-0,01117587
0,3386661
-0,1131989
-0,09053349
0,1885168
0,1664773
-0,09053349
0,1885168
0,1664773
-0,09796619
-0,08532852
0,1600645
-0,005674362
0,01332387
-0,01550615
-0,005674362
0,01332387
-0,01550615
0,01814365
0,3008291
-0,1183733
0,03482103
0,1879595
-0,1082599
0,02954602
0,1542017
-0,09227023
0,02954602
0,1542017
-0,09227023
0,03706813
0,05678684
-0,1588225
0,03049374
0,1960382
-0,07297695
0,03049374
0,1960382
-0,07297695
-0,00821352
0,3889441
0,03006756
-0,01206398
-0,02877712
-0,001302361
-0,01206398
-0,02877712
-0,001302361
0,1002669
0,4765451
-0,308042
0,08410811
0,2916344
-0,2028689
0,08410811
0,2916344
-0,2028689
0,09521842
0,4316568
-0,2860703
0,009304285
0,3539219
-0,005825609
-0,02514124
0,1381174
0,02318248
-0,02514124
0,1381174
0,02318248
-0,0657022
0,1428023
0,09471104
-0,01097322
0,3056265
0,02009124
-0,01097322
0,3056265
0,02009124
-0,01444817
0,460609
0,008058548
0,01139641
0,2465591
-0,03216267
0,01139641
0,2465591
-0,03216267
0,06774664
0,2935078
-0,217627
0,05675554
0,265329
-0,1510531
0,05675554
0,265329
-0,1510531
-0,06184578
0,3286965
0,1715317
-0,03597736
0,02864338
0,08088276
-7,152557E-05
-0,003520027
-0,01194179
-7,152557E-05
-0,003520027
-0,01194179
0,1370966
0,6420985
-0,3716446
0,0438869
0,1891881
-0,1374073
0,0438869
0,1891881
-0,1374073
-0,071913
-0,04008822
0,1533486
-0,04041791
0,2015743
0,0862509
-0,04041791
0,2015743
0,0862509
-0,0359416
0,589104
0,06011352
-0,01443624
0,1856245
0,0233002
-0,01249909
0,3270194
0,03759265
-0,01249909
0,3270194
0,03759265
0,00783205
0,4703693
-0,007362664
0,06171465
0,1523696
-0,166966
0,06171465
0,1523696
-0,166966
0,2355337
0,6539345
-0,602407
0,04552007
0,1498796
-0,1071759
0,04552007
0,1498796
-0,1071759
0,05936027
0,6842248
-0,06259605
0,05686283
0,5093389
-0,08470118
0,09867549
0,3621742
-0,2233692
0,09867549
0,3621742
-0,2233692
0,2090454
0,1094133
-0,5450867
0,04794598
0,3612027
-0,1207747
0,04794598
0,3612027
-0,1207747
-0,05549192
0,7091232
0,1703449
-0,0736773
0,2250269
0,2125688
-0,0736773
0,2250269
0,2125688
-0,09810925
0,3985159
0,2507016
-0,003087521
0,1470968
-0,01840517
-0,003087521
0,1470968
-0,01840517
0,0005245209
0,4395001
-0,0866361
-0,03225803
0,2472892
0,03736317
-0,02503991
0,2022132
0,01627207
-0,02503991
0,2022132
0,01627207
0,01530647
0,3301337
-0,1741558
0,001186132
-0,03773123
-0,05511791
0,001186132
-0,03773123
-0,05511791
0,03268123
0,2503261
-0,3229313
0,02196431
0,2304986
-0,1828574
0,02196431
0,2304986
-0,1828574
0,03017187
0,4863009
-0,3812402
-0,00859499
0,1380697
-0,1150496
-0,006663799
0,1219586
-0,1233473
-0,006663799
0,1219586
-0,1233473
0,02103448
0,3391087
-0,3761239
0,02095699
0,1410604
-0,2246484
0,02095699
0,1410604
-0,2246484
0,02791882
0,2166614
-0,4190534
-0,003963709
0,05128831
-0,1489997
-0,003963709
0,05128831
-0,1489997
-0,0205934
0,3426239
-0,3304787
-0,02598166
0,1011714
-0,1004159
-0,02598166
0,1011714
-0,1004159
-0,08246899
0,4003957
-0,1273908
-0,02669692
0,02920479
-0,05214438
-0,0115335
0,01789927
-0,1013294
-0,0115335
0,01789927
-0,1013294
0,02368093
0,1035497
-0,4519872
0,006783009
0,1278669
-0,2114125
0,006783009
0,1278669
-0,2114125
-0,05925298
0,2132878
-0,1417443
-0,04047155
0,112763
-0,02095252
-0,04047155
0,112763
-0,02095252
-0,07485747
0,2279624
-0,1248315
0,002396107
0,02491623
-0,144913
0,009286404
0,005444884
-0,1627952
0,009286404
0,005444884
-0,1627952
0,07229447
-0,01196265
-0,5160123
0,02499819
-0,01957119
-0,2316579
0,02499819
-0,01957119
-0,2316579
-0,009727478
0,1251221
-0,3175005
-0,02580285
0,03760159
0,02914071
-0,02580285
0,03760159
0,02914071
-0,01878142
-0,2269447
-0,1736015
-0,001448393
-0,08865744
-0,1946263
-0,01195073
0,1616687
-0,1686938
-0,01195073
0,1616687
-0,1686938
-0,05343556
0,08012503
-0,1289822
-0,003439188
-0,2020419
0,01156032
-0,003439188
-0,2020419
0,01156032
0,0007331371
0,07524937
-0,2765737
0,01450181
-0,01636744
-0,2906427
0,01450181
-0,01636744
-0,2906427
0,009930134
-0,136362
-0,2444461
-0,01283884
-0,0005766749
-0,04806295
-0,01283884
-0,0005766749
-0,04806295
-0,04406571
0,01055151
0,05162358
-0,01209974
-0,03674924
-0,09231046
-0,006055832
-0,001998246
-0,1436636
-0,006055832
-0,001998246
-0,1436636
0,009524822
-0,04894286
-0,224112
0,004959106
-0,08960664
-0,06113425
0,004959106
-0,08960664
-0,06113425
0,001102686
-0,05349517
-0,1150943
0,02236962
-0,03731251
-0,1448311
0,02236962
-0,03731251
-0,1448311
0,1263976
-0,3324091
-0,5914681
0,02034903
0,05444139
-0,1556374
0,02034903
0,05444139
-0,1556374
-0,01040101
0,01366585
-0,07123053
0,006633997
-0,05658865
-0,07377416
0,005072355
-0,02896488
-0,09339377
0,005072355
-0,02896488
-0,09339377
0,04928708
-0,1354247
-0,4304379
0,04851222
0,0003099442
-0,4678339
0,04851222
0,0003099442
-0,4678339
-0,000590086
-0,07242709
-0,3799625
-0,02841353
-0,117144
-0,02708361
-0,02841353
-0,117144
-0,02708361
-0,05447865
-0,00012815
-0,2927236
0,03458858
-0,3003865
-0,4303135
0,02291799
-0,1276791
-0,3824994
0,02291799
-0,1276791
-0,3824994
-0,0248611
0,3391728
-0,65457
-0,04022717
0,1232177
-0,1963526
-0,04022717
0,1232177
-0,1963526
-0,06633401
-0,1254886
-0,3721632
-0,01839399
-0,2086937
-0,2229489
-0,01839399
-0,2086937
-0,2229489
-0,04227757
0,02141595
-0,5183272
-0,002473593
-0,1005724
-0,3428869
-0,0131011
0,02485663
-0,3196038
-0,0131011
0,02485663
-0,3196038
-0,06262064
0,06534755
-0,4259154
-0,02660751
-0,1676142
-0,1699053
-0,02660751
-0,1676142
-0,1699053
-0,05812049
-0,01372099
-0,3685512
-0,02833605
-0,002706051
-0,1763932
-0,02833605
-0,002706051
-0,1763932
-0,03857613
-0,2206951
-0,3742374
-0,0213027
0,0322789
-0,2241582
-0,0213027
0,0322789
-0,2241582
-0,05898476
0,01250952
-0,2584688
-0,01205206
-0,01471937
0,07860214
-0,03237128
-0,05706549
-0,01926646
-0,03237128
-0,05706549
-0,01926646
-0,03659129
-0,5692914
-0,2554931
-0,003540516
-0,1538426
-0,1577616
-0,003540516
-0,1538426
-0,1577616
-0,05465746
-0,0410974
-0,1456961
-0,04660487
-0,235565
0,2175093
-0,04660487
-0,235565
0,2175093
-0,07493496
-0,3544718
0,2808109
-0,006902218
-0,0872612
-0,06090999
-0,001913309
-0,143671
-0,1084551
-0,001913309
-0,143671
-0,1084551
-0,02891421
-0,4722178
-0,2952918
-0,008296967
-0,08616149
-0,07954016
-0,008296967
-0,08616149
-0,07954016
-0,02028346
-0,216876
-0,2122097
-0,01026392
-0,1026884
-0,06818473
-0,01026392
-0,1026884
-0,06818473
-0,03046393
-0,5505808
-0,05980581
-0,01237392
-0,1055643
-0,0196591
-0,01237392
-0,1055643
-0,0196591
-0,04633665
-0,3938846
-0,04021078
-0,02684593
-0,3522828
0,01354963
-0,03592372
-0,12739
0,06672665
-0,03592372
-0,12739
0,06672665
-0,05083084
0,1047432
0,1336664
-0,002223253
-0,003393739
-0,06216615
-0,002223253
-0,003393739
-0,06216615
-0,03141165
-0,2353922
-0,2156794
-0,01116395
-0,2333976
-0,1962483
-0,01116395
-0,2333976
-0,1962483
-0,0123024
-0,1674511
-0,2745584
-0,008428097
-0,05683899
-0,08423701
-0,01581311
-0,01685619
0,0201039
-0,01581311
-0,01685619
0,0201039
-0,04431009
-0,2742104
-0,07356107
-0,01858473
-0,2085321
-0,1590528
-0,01858473
-0,2085321
-0,1590528
-0,04943013
-0,5288064
-0,2784513
-0,01838803
-0,02520606
0,03839135
-0,01838803
-0,02520606
0,03839135
-0,05595684
-0,4567131
-0,1684308
0,0020504
-0,2945721
-0,3207237
0,0020504
-0,2945721
-0,3207237
-0,009775162
-0,4908323
-0,5286895
-0,03022552
-0,21213
-0,03004894
-0,04107952
-0,2138674
0,1027897
-0,04107952
-0,2138674
0,1027897
-0,07525086
-0,7013768
-0,003111362
-0,02946258
-0,2574682
-0,0984326
-0,02946258
-0,2574682
-0,0984326
-0,07419586
-0,5889729
-0,1688853
-0,04117489
-0,1892634
0,008739531
-0,04117489
-0,1892634
0,008739531
-0,09711981
-0,381466
0,2018251
-0,0485301
-0,1939148
0,1099013
-0,04795194
-0,1984913
0,1073793
-0,04795194
-0,1984913
0,1073793
-0,05244613
-0,389551
-0,1648858
-7,152557E-05
-0,01491383
-0,1187921
-7,152557E-05
-0,01491383
-0,1187921
-0,02148747
-0,03018603
-0,07635355
-0,05216002
-0,2727307
0,01860708
-0,05216002
-0,2727307
0,01860708
-0,03336668
-0,04051328
0,01442209
-0,01309514
7,674098E-05
-0,03939644
-0,01282096
-0,01895279
-0,03905892
-0,01282096
-0,01895279
-0,03905892
-0,0810504
-0,4524797
-0,3537595
-0,03709197
-0,2482839
-0,1726434
-0,03709197
-0,2482839
-0,1726434
-0,03492832
-0,09795204
-0,2313286
-0,01376271
0,008841604
-0,06053373
-0,01376271
0,008841604
-0,06053373
-0,05223751
-0,1738556
-0,1340277
-0,04374385
-0,2036139
-0,1459479
-0,04374385
-0,2036139
-0,1459479
-0,05515814
-0,2999745
-0,3156438
-0,01341701
-0,1141027
-0,235372
0,001823902
-0,01372397
-0,1033708
0,001823902
-0,01372397
-0,1033708
-0,007551908
-0,2275981
-0,3711432
-0,01222491
-0,1936175
-0,1403816
-0,01222491
-0,1936175
-0,1403816
0,004637241
-0,1966514
-0,5428791
0,003689528
-0,08978173
-0,2677336
0,003689528
-0,08978173
-0,2677336
-0,003480911
-0,1541279
-0,4758418
-0,0003576279
0,003949553
-0,1659751
0,009846687
0,1427323
-0,04783869
0,009846687
0,1427323
-0,04783869
0,002712011
0,07811338
-0,2766594
-0,005120039
-0,0281468
-0,198175
-0,005120039
-0,0281468
-0,198175
-0,007075071
-0,03240332
-0,2952635
-0,01451373
-0,1473017
-0,2077758
-0,01451373
-0,1473017
-0,2077758
-0,003600121
-0,09933636
-0,4985064
-0,007581711
-0,0889875
-0,3770635
-0,007581711
-0,0889875
-0,3770635
-0,01004934
0,05046427
-0,4520223
-0,01470447
-0,01234859
-0,08234978
-0,009077787
-0,04597306
0,02270341
-0,009077787
-0,04597306
0,02270341
-0,04713535
-0,2417885
-0,4174903
-0,008827448
0,0571467
-0,2512097
-0,008827448
0,0571467
-0,2512097
-0,0628531
-0,1996517
-0,4352555
-0,009596348
0,01042336
-0,01286119
-0,009596348
0,01042336
-0,01286119
-0,01339316
0,2162255
0,05384237
-0,01686215
-0,02375767
-0,009670854
-0,05089641
-0,09155422
-0,1375213
-0,05089641
-0,09155422
-0,1375213
-0,1055479
-0,06232411
-0,3716052
-0,02918243
0,01441613
0,01436621
-0,02918243
0,01441613
0,01436621
-0,1056731
0,07743537
0,1393303
-0,04259348
0,1869082
0,01927167
-0,04259348
0,1869082
0,01927167
-0,07281303
0,1992926
0,03715158
-0,04758835
0,04535466
0,1880184
-0,04758835
0,04535466
0,1880184
-0,09664893
-0,4710212
-0,0993371
0,05474091
0,208582
-0,09488314
-0,03699064
0,1408197
-0,2205446
-0,03699064
0,1408197
-0,2205446
-0,03740191
-0,1380004
-0,1645863
0,01044869
0,03892705
0,09423643
0,01044869
0,03892705
0,09423643
0,000411272
0,07185116
0,1993388
-0,004923344
-0,04240349
0,02904832
-0,004923344
-0,04240349
0,02904832
-0,05104542
-0,3458671
-0,4537731
0,01317263
0,1974404
-0,2446577
0,01054406
0,1795501
-0,05795509
0,01054406
0,1795501
-0,05795509
-0,04040599
-0,2329119
0,114356
-0,03378391
-0,1566067
0,04775524
-0,03378391
-0,1566067
0,04775524
-0,01295805
0,1879424
-0,1723111
-0,02319813
0,07974133
-0,251548
-0,02319813
0,07974133
-0,251548
-0,07441044
-0,05710945
-0,6164461
-0,04388094
-0,03649443
-0,3197789
-0,03678203
-0,02537519
-0,1751035
-0,03678203
-0,02537519
-0,1751035
-0,07154346
-0,06412938
-0,4691035
-0,02338886
0,05459115
-0,2364993
-0,02338886
0,05459115
-0,2364993
-0,04784465
0,046096
-0,5732
-0,02917964
-0,1485454
-0,2517893
-0,02917964
-0,1485454
-0,2517893
-0,03793085
-0,2047902
-0,4472567
-0,01713623
-0,08689912
-0,2648164
-0,01713623
-0,08689912
-0,2648164
-0,04240327
-0,2920539
-0,7283528
-0,04951775
-0,0948973
-0,3971846
-0,07253991
-0,001054466
-0,2283655
-0,07253991
-0,001054466
-0,2283655
-0,145227
-0,08119342
-0,48119
-0,03937344
-0,02311514
-0,2380986
-0,03937344
-0,02311514
-0,2380986
-0,03504907
0,005689859
-0,2818066
-0,02151434
-0,01476455
-0,1519136
-0,02151434
-0,01476455
-0,1519136
-0,0180274
-0,0009141266
-0,3344058
-0,00137917
0,303821
-1,386113
-0,1814674
0,1221522
-0,4603156
-0,1814674
0,1221522
-0,4603156
-0,04531297
0,0496826
-0,4439079
0,0419021
-0,1251191
-0,01413924
0,0419021
-0,1251191
-0,01413924
0,2523387
0,09135725
-0,3546059
-0,03235905
0,03959262
-0,1684544
-0,03235905
0,03959262
-0,1684544
0,1796761
-0,04955382
-0,4622656
0,04138977
-0,06199917
-0,2074838
0,04138977
-0,06199917
-0,2074838
0,0244909
0,1844577
-0,07934868
-0,003182888
0,06405637
-0,1401871
-0,01934171
-0,03904924
-0,1533836
-0,01934171
-0,03904924
-0,1533836
-0,03350377
0,2047546
-0,4972965
0,005096197
0,199347
-0,1528591
0,005096197
0,199347
-0,1528591
0,02292991
0,07190257
0,08370876
-0,001454353
-0,01241714
-0,02027452
-0,001454353
-0,01241714
-0,02027452
0,01680851
0,2061866
-0,1512766
0,02697706
0,2007157
-0,03290474
0,01034141
0,02379492
0,02607703
0,01034141
0,02379492
0,02607703
0,001811981
0,081186
-0,1183838
0,02070069
0,1779862
-0,008136034
0,02070069
0,1779862
-0,008136034
0,04173517
0,1501746
0,1531661
0,02489686
0,09014159
0,09033978
0,02489686
0,09014159
0,09033978
-0,01648664
0,1313716
-0,2227366
-0,03050566
0,1921304
-0,3498524
-0,03050566
0,1921304
-0,3498524
-0,02307892
0,2886206
-0,3424495
-0,004404783
0,006867945
-0,03500283
0,0009834766
0,1071289
-0,06899536
0,0009834766
0,1071289
-0,06899536
-0,03567934
0,1781046
-0,3113091
-0,04023314
0,1074642
-0,2861619
-0,04023314
0,1074642
-0,2861619
-0,09377599
0,3731437
-0,7072628
-0,03225803
0,3099501
-0,3172398
-0,03225803
0,3099501
-0,3172398
-0,02655983
0,6370399
-0,4218817
0,0115931
0,2747003
-0,04244447
0,028795
0,2680592
0,07214546
0,028795
0,2680592
0,07214546
0,001782179
-0,07528737
0,06998777
-0,03275275
0,09126104
-0,1978457
-0,03275275
0,09126104
-0,1978457
-0,08330941
0,6118562
-0,6328344
0,00795722
0,244303
-0,03689528
0,00795722
0,244303
-0,03689528
0,05499125
0,290563
0,2059519
0,03675222
0,2798788
0,1226068
0,01336336
0,1388058
0,04011095
0,01336336
0,1388058
0,04011095
-0,02592206
0,2184242
-0,1888126
0,01642704
0,4619405
-0,01927614
0,01642704
0,4619405
-0,01927614
0,01677275
0,509356
-0,02372265
0,005561113
0,2067506
-0,02343357
0,005561113
0,2067506
-0,02343357
0,05320907
0,5228505
0,1577348
0,03909469
0,2004161
0,1638055
0,03909469
0,2004161
0,1638055
0,04998446
0,6310188
0,1436532
0,008708239
0,3427073
-0,0279367
0,02127886
0,3323659
0,03603101
0,02127886
0,3323659
0,03603101
0,08865595
0,6877542
0,3219187
0,05110502
0,302656
0,2265245
0,05110502
0,302656
0,2265245
0,1135945
0,4086636
0,5694121
0,06758571
0,2399869
0,3581166
0,06758571
0,2399869
0,3581166
0,1257837
0,4273526
0,6776065
0,03563762
0,2912521
0,1894593
0,03569722
0,2235577
0,187853
0,03569722
0,2235577
0,187853
0,09413958
0,3031343
0,5562723
0,05058646
0,2474725
0,3294617
0,05058646
0,2474725
0,3294617
0,07062554
0,5642116
0,5065382
0,03790855
0,08526742
0,2349883
0,03790855
0,08526742
0,2349883
0,1051962
0,195539
0,6924748
0,0561893
0,08366406
0,3862321
0,0561893
0,08366406
0,3862321
0,06023049
0,5058363
0,5499095
0,03122091
0,1525909
0,2855152
0,04681349
-0,2264351
0,2644926
0,04681349
-0,2264351
0,2644926
0,08180737
0,03877431
0,6718874
0,03827214
0,120984
0,4147202
0,03827214
0,120984
0,4147202
0,07938147
0,1084521
0,8522183
0,03156662
-0,1888797
0,1812622
0,03156662
-0,1888797
0,1812622
0,03449917
0,1359224
0,2826765
0,02906322
0,01577437
0,2606064
0,04127026
-0,07001907
0,3915116
0,04127026
-0,07001907
0,3915116
0,071913
-0,3190234
0,6769016
0,01403093
0,08309335
0,2460063
0,01403093
0,08309335
0,2460063
0,02980232
0,005754828
0,420402
0,02017617
-0,06121546
0,2319187
0,02017617
-0,06121546
0,2319187
0,06385446
-0,4097626
0,707081
0,03234744
-0,3040418
0,3116906
0,03234744
-0,3040418
0,3116906
0,02907515
-0,1273185
0,2624065
0,01740456
-0,07636696
0,1749054
0,02535582
-0,1710296
0,3052473
0,02535582
-0,1710296
0,3052473
0,07253289
-1,032583
0,9102553
0,02517104
-0,4611202
0,2730608
0,02517104
-0,4611202
0,2730608
0,03862381
-0,3356822
0,2499089
0,02548099
-0,2643064
0,2518639
0,02548099
-0,2643064
0,2518639
0,05712509
-1,102468
0,578779
0,02118945
-0,5774453
0,2710357
0,01856089
-0,5375631
0,1958072
0,01856089
-0,5375631
0,1958072
0,03457069
-0,6272942
0,1295105
0,01870394
-0,2803683
0,1068041
0,01870394
-0,2803683
0,1068041
0,03534555
-0,694456
0,3697708
0,008922815
-0,3755674
0,1929536
0,008922815
-0,3755674
0,1929536
0,006842613
-0,7218301
0,1135305
0,0177443
-0,0677228
0,02026856
0,0177443
-0,0677228
0,02026856
0,02083182
-0,5296599
0,1207232
0,008970499
-0,2389353
0,2243921
0,001186132
-0,2847884
0,265336
0,001186132
-0,2847884
0,265336
-0,007665157
-0,5456164
0,6735072
-0,01343489
-0,4967567
0,2400368
-0,01343489
-0,4967567
0,2400368
-0,001722574
-0,7727727
0,3372207
-0,007647276
-0,4451126
0,144732
-0,007647276
-0,4451126
0,144732
0,004816055
-0,5787477
0,4443005
-0,00936985
-0,4631035
0,2288938
-0,004720688
-0,4584745
0,1257181
-0,004720688
-0,4584745
0,1257181
0,01459122
-0,6315455
-0,03899485
0,02470016
-0,1338921
-0,1409635
0,02470016
-0,1338921
-0,1409635
0,02695918
-0,4745267
-0,1307473
0,01853704
-0,143183
0,110729
0,01853704
-0,143183
0,110729
0,001227856
-0,4440777
0,4145429
-0,00244379
-0,2297588
0,1637004
-0,00244379
-0,2297588
0,1637004
-0,01119375
-0,5491391
0,05000904
0,0002503395
-0,261727
-0,05610585
0,001835823
-0,2138026
0,01744777
0,001835823
-0,2138026
0,01744777
-0,02823472
-0,4698828
0,3682554
-0,02419353
-0,2577804
0,2639771
-0,02419353
-0,2577804
0,2639771
0,004911423
-0,2464555
0,1781031
0,01350641
-0,08694828
-0,04435033
0,01350641
-0,08694828
-0,04435033
-0,07142425
-0,8422539
-0,1605943
-0,02613664
-0,2582602
0,09914339
-0,01316667
-0,1423739
0,1738936
-0,01316667
-0,1423739
0,1738936
-0,03151298
-0,3678069
0,2725638
-0,02831817
-0,2969459
0,02599508
-0,02831817
-0,2969459
0,02599508
-0,0493288
-0,5824476
-0,0680536
-0,03724098
-0,2933919
0,08850694
-0,03724098
-0,2933919
0,08850694
-0,06248355
-0,475806
0,1803093
-0,01699924
-0,1520649
0,1543567
-0,04255772
-0,259997
0,2593219
-0,04255772
-0,259997
0,2593219
-0,1399577
-0,7866874
0,5294695
-0,04305243
-0,3028706
0,1345336
-0,04305243
-0,3028706
0,1345336
-0,01579523
-0,4831195
-0,1824915
-0,02370477
-0,2986431
0,003451109
-0,02370477
-0,2986431
0,003451109
-0,05258322
-0,546445
0,1669474
-0,01119375
-0,1131967
0,2802759
-0,01119375
-0,1131967
0,2802759
-0,1086831
-0,4748598
0,8169159
-0,06863475
-0,3261134
0,355953
-0,05224943
-0,3300115
0,1711197
-0,05224943
-0,3300115
0,1711197
-0,02725124
-0,3663599
0,3103539
-0,04407167
-0,2767041
0,2080694
-0,04407167
-0,2767041
0,2080694
-0,07357001
-0,4299924
0,5050853
-0,01365542
-0,08260906
0,3288224
-0,01365542
-0,08260906
0,3288224
-0,1357615
-0,5235642
0,7145494
-0,05720258
-0,2539352
0,2470426
0,0007331371
-0,04087389
0,2459705
0,0007331371
-0,04087389
0,2459705
-0,04591346
-0,2316743
0,5861819
-0,07442832
-0,2734676
0,371024
-0,07442832
-0,2734676
0,371024
-0,08490086
-0,4232049
0,4970051
0,03939867
-0,01589805
0,02615899
0,03939867
-0,01589805
0,02615899
0,02155304
-0,2271518
0,01003444
-0,05860329
-0,245747
0,2007499
-0,05860329
-0,245747
0,2007499
-0,05179644
-0,1847833
0,5388647
0,01773238
-0,02238899
0,0892885
-0,01685023
-0,1770899
-0,02995133
-0,01685023
-0,1770899
-0,02995133
0,02604127
-0,03930926
0,03128648
0,005990267
0,009593368
0,1775734
0,005990267
0,009593368
0,1775734
-0,1223624
-0,3667399
0,4765809
-0,01419783
-0,04486293
0,08146837
-0,01419783
-0,04486293
0,08146837
0,1292944
0,4321858
0,1804374
0,007104874
0,06549358
0,2524361
-0,05180836
-0,1776934
0,1411177
-0,05180836
-0,1776934
0,1411177
-0,1267433
-0,4601374
0,3109902
0,01004934
0,0418216
0,1285411
0,01004934
0,0418216
0,1285411
-0,01818538
0,1418382
0,6615728
-0,09636283
-0,1844615
0,3639653
-0,09636283
-0,1844615
0,3639653
-0,1226783
-0,2409801
0,5756088
0,07802248
0,236243
0,145144
0,07802248
0,236243
0,145144
-0,01880527
-0,07589608
0,3018156
-0,03172159
-0,07723868
0,1948945
-0,06602407
-0,1399204
0,2793312
-0,06602407
-0,1399204
0,2793312
0
0
0
-0,07602572
0,0768885
1,074204
-0,02319813
0,04684925
0,2913117
-0,02319813
0,04684925
0,2913117
-0,1472354
-0,2025351
0,6047763
-0,007033348
0,1618311
0,3673479
-0,007033348
0,1618311
0,3673479
-0,1449645
-0,1713887
0,6046437
-0,05984306
-0,1227438
0,2203546
-0,05984306
-0,1227438
0,2203546
0,1672268
0,5093664
0,2598301
-0,02872348
-0,0641048
0,1504607
-0,05985498
-0,05742759
0,2650216
-0,05985498
-0,05742759
0,2650216
0,04813075
0,3440097
0,4236124
0,04845262
0,1329303
0,06955191
0,04845262
0,1329303
0,06955191
-0,01551509
0,1258761
0,3512807
-0,02045631
0,1942769
0,3620662
-0,02045631
0,1942769
0,3620662
0,02623796
0,3662914
0,4618086
0,05850196
0,165844
0,06824657
0,01447201
0,01075417
0,04625842
0,01447201
0,01075417
0,04625842
-0,05277395
0,1645625
0,5450904
0,03305674
0,2130747
0,2097286
0,03305674
0,2130747
0,2097286
0,1722932
0,5955487
0,2378665
0,08212924
0,2930745
0,1202904
0,08212924
0,2930745
0,1202904
0,07109046
0,3036842
0,2800465
0,04404783
0,2652138
0,2090298
0,04404783
0,2652138
0,2090298
0,1767337
0,7457405
0,3012352
0,03701448
0,2290085
0,1815148
0,02132058
0,1981556
0,210657
0,02132058
0,1981556
0,210657
0,06792545
0,5553558
0,4730038
0,07376671
0,3508389
0,1725756
0,07376671
0,3508389
0,1725756
0,2208471
0,7669419
0,1671053
0,01963377
0,06793588
0,1143299
0,01963377
0,06793588
0,1143299
-0,06610155
0,2331004
0,5666249
0,04677176
0,391081
0,2320722
0,07597208
0,3801748
0,1407415
0,07597208
0,3801748
0,1407415
0,08431673
0,2296433
0,1414403
0,04332066
0,2407968
0,1456171
0,04332066
0,2407968
0,1456171
0,1763165
0,8610293
0,2471954
0,06009936
0,2608657
0,09290129
0,06009936
0,2608657
0,09290129
0,1002192
0,5000859
0,2206877
0,05632639
0,2963677
0,1157016
0,06123781
0,2432391
0,06626248
0,06123781
0,2432391
0,06626248
0,2104998
0,6090924
-0,03477037
0,1073062
0,3494747
0,0001221895
0,1073062
0,3494747
0,0001221895
0,06844997
0,4003584
0,2499074
0,02680421
0,1588896
0,1192674
0,02680421
0,1588896
0,1192674
0,09426475
0,4360877
0,1823455
0,05862117
0,1777299
0,03453642
0,05862117
0,1777299
0,03453642
0,119406
0,6497219
0,1546055
0,04575849
0,270097
0,08257627
0,05312562
0,2395809
0,04564822
0,05312562
0,2395809
0,04564822
0,08989573
0,4030935
0,08604378
0,0551641
0,3122129
0,04807711
0,0551641
0,3122129
0,04807711
0,09852052
0,6007009
0,09279996
0,1097739
0,4309528
-0,07295012
0,1097739
0,4309528
-0,07295012
0,1352608
0,7691443
0,02397746
-0,01946092
0,2594672
0,1944706
-0,03099442
0,2430469
0,2200514
-0,03099442
0,2430469
0,2200514
0,1257956
0,6363854
0,01881421
0,0977397
0,2831981
-0,08431375
0,0977397
0,2831981
-0,08431375
0,08308887
0,5319812
0,09687841
-0,02105832
0,2029575
0,1911893
-0,02105832
0,2029575
0,1911893
-0,0488162
0,4170261
0,3982648
0,03439188
0,175811
0,04439652
0,09213686
0,3481429
-0,07162392
0,09213686
0,3481429
-0,07162392
0,2564192
0,581491
-0,3735378
0,09381771
0,3478211
-0,1047388
0,09381771
0,3478211
-0,1047388
0,05464554
0,5562645
0,0900656
-0,03374219
0,2597757
0,1959011
-0,03374219
0,2597757
0,1959011
-0,08141994
0,40012
0,3995046
-0,01196861
0,3499731
0,1409814
-0,01196861
0,3499731
0,1409814
0,07584095
0,4534662
-0,01470596
0,06787181
0,2613075
-0,08765608
0,04224777
0,2804346
-0,02826899
0,04224777
0,2804346
-0,02826899
-0,08581877
0,270915
0,3401458
-0,1178205
0,09865612
0,3446013
-0,1178205
0,09865612
0,3446013
-0,1940072
0,3790922
0,5793184
-0,04502535
0,2801709
0,166434
-0,04502535
0,2801709
0,166434
0,04285574
0,4601568
0,03317595
0,0547111
0,1923412
-0,05772412
0,0433743
0,2478167
-0,02972782
0,0433743
0,2478167
-0,02972782
0,008398294
0,5163871
0,1297504
-0,03397465
0,2486438
0,1531452
-0,03397465
0,2486438
0,1531452
0,03987551
0,3915064
0,02459586
0,04695654
0,3411077
-0,06634891
0,04695654
0,3411077
-0,06634891
-0,0194788
0,5892061
0,1146689
-0,0679493
0,2933644
0,1892045
-0,0679493
0,2933644
0,1892045
-0,16523
0,4562728
0,4461467
-0,04791617
0,1863465
0,1442522
-0,04248023
0,1925409
0,1280516
-0,04248023
0,1925409
0,1280516
-0,08686185
0,3938362
0,2442554
-0,01437068
0,2725959
0,04370958
-0,01437068
0,2725959
0,04370958
-0,04579425
0,220497
0,1586288
-0,04557967
0,007396936
0,1249313
-0,04557967
0,007396936
0,1249313
-0,2006471
0,3137454
0,4828632
-0,09460449
0,196439
0,2092689
-0,09295344
0,2241313
0,2047196
-0,09295344
0,2241313
0,2047196
-0,1553774
0,1435533
0,3868207
-0,05756617
0,05498827
0,1517683
-0,05756617
0,05498827
0,1517683
-0,08541346
0,3186017
0,2101541
-0,05047321
0,1612008
0,1146734
-0,05047321
0,1612008
0,1146734
-0,2499223
0,1525059
0,5520925
-0,1240551
0,1134142
0,2665207
-0,1240551
0,1134142
0,2665207
-0,2226889
0,5886689
0,4227981
-0,05900264
0,004318357
0,1419723
-0,05793571
-0,02125055
0,1506612
-0,05793571
-0,02125055
0,1506612
-0,1608372
0,3234491
0,3537506
-0,05574226
0,09468794
0,1382545
-0,05574226
0,09468794
0,1382545
-0,1540005
0,1577646
0,3627256
-0,0927031
-0,005480647
0,2201378
-0,0927031
-0,005480647
0,2201378
-0,1390517
0,04146993
0,3427804
-0,01018047
0,0299722
0,04215539
-0,04943013
0,05688071
0,1280218
-0,04943013
0,05688071
0,1280218
-0,2573431
0,04368573
0,5641997
-0,1127005
-0,06785244
0,2540931
-0,1127005
-0,06785244
0,2540931
-0,153476
0,007379055
0,3538951
-0,04435182
-0,0697583
0,120753
-0,04435182
-0,0697583
0,120753
-0,2127767
0,05150437
0,4420489
-0,1112342
-0,03669411
0,2331972
-0,08699298
-0,0838086
0,2028167
-0,08699298
-0,0838086
0,2028167
-0,1745343
-0,1895085
0,4170388
-0,05218983
-0,1992255
0,1650691
-0,05218983
-0,1992255
0,1650691
-0,1410186
-0,006811321
0,3421128
-0,07281899
-0,07610917
0,1889974
-0,07281899
-0,07610917
0,1889974
-0,09248853
-0,2556369
0,2952278
-0,06664991
0,05893409
0,1636803
-0,06664991
0,05893409
0,1636803
-0,03669858
-0,04222244
0,1707286
-0,008153915
-0,0781551
0,0744462
-0,007498264
-0,04212707
0,0485003
-0,007498264
-0,04212707
0,0485003
-0,03700852
-0,07743835
0,157696
-0,02866983
-0,04856586
0,1129657
-0,02866983
-0,04856586
0,1129657
-0,10764
0,0168547
0,3233373
-0,08640289
-0,04457831
0,240308
-0,08640289
-0,04457831
0,240308
-0,07943511
-0,2929851
0,3436536
0,03609657
-0,2926469
0,04171431
0,03609657
-0,2926469
0,04171431
0,1526177
-0,3375128
-0,1108944
0,01440644
0,06715208
-0,01508594
-0,02850294
-0,04423112
0,1184404
-0,02850294
-0,04423112
0,1184404
-0,2760351
-0,2110571
0,6582975
-0,1431704
-0,2402827
0,3154218
-0,1431704
-0,2402827
0,3154218
-0,07478595
-0,9424329
0,3161907
-0,004184246
0,08487701
0,06328225
-0,004184246
0,08487701
0,06328225
-0,07651448
0,04642308
0,2344191
-0,1217365
0,0177145
0,2478719
-0,1848876
-0,005710125
0,3462374
-0,1848876
-0,005710125
0,3462374
-0,3150523
-0,5016193
0,6113231
0,01134872
-0,2636373
0,04665852
0,01134872
-0,2636373
0,04665852
-0,07980466
0,2125889
0,2028167
-0,1093268
0,01007468
0,1995385
-0,1093268
0,01007468
0,1995385
-0,319618
0,2213463
0,534308
-0,1241446
-0,3041282
0,2330571
-0,1241446
-0,3041282
0,2330571
-0,08451939
-0,4040159
0,2236396
-0,03730059
0,03832206
0,09990335
-0,09005666
-0,02791286
0,178659
-0,09005666
-0,02791286
0,178659
-0,1137316
-0,3925607
0,2686441
-0,003272295
-0,1904063
0,05432367
-0,003272295
-0,1904063
0,05432367
-0,01577139
-0,2753034
0,1082778
-0,05044341
-0,1515232
0,1087546
-0,05044341
-0,1515232
0,1087546
-0,06690025
-0,4790016
0,1572102
-0,1050234
-0,1972467
0,1769453
-0,0815928
-0,3731243
0,1449525
-0,0815928
-0,3731243
0,1449525
0,01889467
-0,5188011
0,01074672
0,03626943
-0,1845948
-0,03293157
0,03626943
-0,1845948
-0,03293157
-0,03684759
-0,3316931
0,09512305
-0,08485317
-0,1960218
0,1404703
-0,08485317
-0,1960218
0,1404703
-0,3159225
-0,3155448
0,4936039
-0,1167417
-0,3572799
0,1796246
-0,04148483
-0,5914465
0,06613731
-0,04148483
-0,5914465
0,06613731
0,22524
-0,3534749
-0,2462983
0,1412868
-0,1602955
-0,1600683
0,1412868
-0,1602955
-0,1600683
0,1386046
-0,3395371
-0,1221895
-0,05795956
-0,1271658
0,1147509
-0,05795956
-0,1271658
0,1147509
-0,3027618
-0,6041244
0,4554749
-0,1804709
-0,3947534
0,2530932
-0,1804709
-0,3947534
0,2530932
-0,2049088
-0,7212758
0,2881527
0,0335753
-0,1550056
-0,02309084
0,02191067
-0,2417833
-0,01513064
0,02191067
-0,2417833
-0,01513064
0,0399828
-0,506166
-0,0303328
0,006210804
-0,1877692
0,006321073
0,006210804
-0,1877692
0,006321073
-0,09015799
-0,6070331
0,1093566
-0,06130338
-0,2780244
0,07754564
-0,06130338
-0,2780244
0,07754564
0,0587225
-0,4151367
-0,07332265
0,1208842
-0,1870506
-0,1611739
0,1063943
-0,2548046
-0,1581013
0,1063943
-0,2548046
-0,1581013
0,1204193
-0,4349977
-0,1860797
0,02052784
-0,2422579
-0,04329979
0,02052784
-0,2422579
-0,04329979
-0,2024591
-0,5032778
0,2295136
-0,1716137
-0,126224
0,2288252
-0,1716137
-0,126224
0,2288252
-0,08900166
-0,3992766
0,08603036
0,01612306
-0,4317187
-0,08471906
0,01612306
-0,4317187
-0,08471906
0,06967783
-0,5925655
-0,1725376
0,04193783
-0,08103922
-0,06000996
-0,02054572
-0,1951851
-0,001561642
-0,02054572
-0,1951851
-0,001561642
-0,1892865
-0,5597547
0,1544476
-0,07434487
-0,2070472
0,07171035
-0,07434487
-0,2070472
0,07171035
-0,1052558
-0,3972232
0,09855926
-0,05511642
-0,3166929
0,02671182
-0,05511642
-0,3166929
0,02671182
0,0790298
-0,4314937
-0,1493722
0,08770227
-0,2491191
-0,1443237
0,08081794
-0,2649643
-0,1366794
0,08081794
-0,2649643
-0,1366794
0,07837415
-0,5359486
-0,1657307
-0,004214048
-0,3697038
-0,06166101
-0,004214048
-0,3697038
-0,06166101
-0,1163065
-0,5370766
0,07709861
0,003355742
-0,1838937
-0,01401305
0,003355742
-0,1838937
-0,01401305
0,2197981
-0,4533812
-0,349009
0,1765907
-0,2515599
-0,2815723
0,09155273
-0,3355339
-0,193584
0,09155273
-0,3355339
-0,193584
0,03119707
-0,4302815
-0,1198143
-0,0875473
-0,1227558
0,1034111
-0,0875473
-0,1227558
0,1034111
-0,2178013
-0,4337639
0,1990914
0,0228107
-0,1420051
-0,05733967
0,0228107
-0,1420051
-0,05733967
0,1988113
-0,4035652
-0,3728837
0,1416922
-0,03793836
-0,1979202
0,1416922
-0,03793836
-0,1979202
0,0936985
-0,3979519
-0,2582967
0,03808141
-0,272432
-0,1458913
0,1180351
-0,1279593
-0,2082556
0,1180351
-0,1279593
-0,2082556
0,001710653
-0,5970895
-0,238651
0,003856421
-0,1831815
-0,0857532
0,003856421
-0,1831815
-0,0857532
0,1986802
0,1615822
-0,2317995
0,07462502
-0,0161171
-0,1294285
0,07462502
-0,0161171
-0,1294285
-0,04114509
-0,538218
-0,220713
-0,01425147
-0,2667993
-0,118202
0,04237294
-0,2472922
-0,1929104
0,04237294
-0,2472922
-0,1929104
0,06021857
-0,2191707
-0,2343625
-0,01913905
-0,1322985
-0,06015599
-0,01913905
-0,1322985
-0,06015599
-0,1306713
-0,3160045
-0,01364648
0,07853508
0,121136
-0,09571612
0,07853508
0,121136
-0,09571612
0,07464886
-0,4425183
-0,3924102
-0,02121925
-0,3125951
-0,1670659
-0,02121925
-0,3125951
-0,1670659
-0,1488805
-0,5460784
-0,1573086
0,01221895
0,1966268
0,02948642
0,03142953
0,2450496
0,09665489
0,03142953
0,2450496
0,09665489
0,01268983
-0,2201915
-0,2793282
0,04591942
-0,1237646
-0,1973152
0,04591942
-0,1237646
-0,1973152
0,03404021
-0,4283771
-0,3721684
0,1070321
-0,05403459
-0,2292663
0,1070321
-0,05403459
-0,2292663
0,1912951
-0,1818761
-0,4666835
0,1199067
-0,003555417
-0,2252042
0,1033247
0,002591312
-0,2025962
0,1033247
0,002591312
-0,2025962
-0,03804564
-0,4511774
-0,2756149
-0,002598763
-0,2363577
-0,1700789
-0,002598763
-0,2363577
-0,1700789
0,1576841
-0,0474602
-0,3685296
0,05221367
-0,01560152
-0,1362771
0,05221367
-0,01560152
-0,1362771
0,06071329
-0,4718378
-0,4438072
0,1104772
-0,04629642
-0,2410412
0,1104772
-0,04629642
-0,2410412
0,1371443
0,007872283
-0,2957493
0,005930662
-0,1915127
-0,1632154
0,01909733
-0,2360567
-0,2110332
0,01909733
-0,2360567
-0,2110332
0,09365082
-0,2257988
-0,3736913
0,01823306
-0,1234695
-0,1490593
0,01823306
-0,1234695
-0,1490593
0,04892349
-0,7802665
-0,6499767
0,1786649
-0,02081543
-0,3588498
0,1786649
-0,02081543
-0,3588498
0,2356946
0,1719713
-0,4184544
-0,0857532
-0,2938285
-0,1160979
-0,05453825
-0,3136352
-0,1858652
-0,05453825
-0,3136352
-0,1858652
0,2059937
0,09876639
-0,4587665
0,07555485
0,06862879
-0,1803413
0,07555485
0,06862879
-0,1803413
0,02090335
-0,56649
-0,6083623
0,1539767
-0,08532554
-0,4307911
0,1539767
-0,08532554
-0,4307911
0,3523588
0,2445072
-0,692676
-0,06522536
-0,177367
-0,1321882
-0,06522536
-0,177367
-0,1321882
-0,0161469
-0,02573729
-0,2529278
0,1461983
0,3695697
-0,1705602
0,05243421
0,2699986
-0,07578582
0,05243421
0,2699986
-0,07578582
0,006312132
-0,08642823
-0,428468
0,1320362
0,1809433
-0,3079176
0,1320362
0,1809433
-0,3079176
0,2532303
0,5749851
-0,4682302
0,09093285
0,3020748
-0,1759216
0,09093285
0,3020748
-0,1759216
0,1565099
0,3350705
-0,4896536
0,1546502
0,3103867
-0,2961934
0,1574576
0,3427252
-0,2876729
0,1574576
0,3427252
-0,2876729
0,2620399
0,5268782
-0,6026819
0,1266241
0,2123103
-0,3208891
0,1266241
0,2123103
-0,3208891
0,3266573
0,5269647
-0,7270366
0,1384676
0,2409026
-0,3326833
0,1384676
0,2409026
-0,3326833
0,1786888
0,5915016
-0,3904149
0,06694198
0,3500685
-0,1111016
0,06694198
0,3500685
-0,1111016
0,0582695
0,4834458
-0,1901507
0,0439167
0,1295581
-0,1995236
0,10764
0,2664939
-0,2654254
0,10764
0,2664939
-0,2654254
0,2231956
0,6305486
-0,5248576
0,03975034
0,3080055
-0,1112819
0,03975034
0,3080055
-0,1112819
-0,02007484
0,6241798
0,0001609325
-0,0203371
0,2235577
-0,04479587
-0,0203371
0,2235577
-0,04479587
0,1630127
0,6219476
-0,5087391
0,05412698
0,3236085
-0,2071783
-0,006765127
0,2111286
-0,1359463
-0,006765127
0,2111286
-0,1359463
-0,02737641
0,4527897
-0,2268329
0,02425909
0,3898636
-0,1139536
0,02425909
0,3898636
-0,1139536
-0,06442666
0,429365
-0,144586
-0,01029372
0,1894891
-0,1359612
-0,01029372
0,1894891
-0,1359612
0,07287264
0,2482548
-0,5919501
0,005465746
0,07040352
-0,2614275
0,004464388
0,1262292
-0,2407625
0,004464388
0,1262292
-0,2407625
0,02398491
0,4958376
-0,4041612
0,004589558
0,1653358
-0,2277061
0,004589558
0,1653358
-0,2277061
0,01577735
0,3925547
-0,4246101
0,01930594
0,1986042
-0,2233721
0,01930594
0,1986042
-0,2233721
0,004780293
0,2422377
-0,4152283
0,05529523
0,1615882
-0,3087014
0,05529523
0,1615882
-0,3087014
0,1866162
0,4775167
-0,7453859
0,0711441
0,2246425
-0,3114179
0,02667904
0,08793324
-0,2519369
0,02667904
0,08793324
-0,2519369
-0,00872016
-0,01222938
-0,3938258
0,03191829
0,09844154
-0,2456732
0,03191829
0,09844154
-0,2456732
0,08984208
0,3404476
-0,5255595
0,02150536
0,1772597
-0,1838885
0,02150536
0,1772597
-0,1838885
-0,07311106
0,3198281
-0,007622689
-0,06201863
0,06605014
0,03913119
-0,01836419
0,1372971
-0,06098896
-0,01836419
0,1372971
-0,06098896
-0,008606911
0,160259
-0,2498522
0,006276369
-0,01302958
-0,175602
0,006276369
-0,01302958
-0,175602
-0,01321435
0,05662069
-0,188151
0,0004768372
0,1573823
-0,1400068
0,0004768372
0,1573823
-0,1400068
0,0006377697
0,3188908
-0,145264
-0,06081462
0,08383989
0,0920862
-0,06081462
0,08383989
0,0920862
-0,04823804
-0,2138726
-0,02660677
0,0135839
-0,03511235
-0,3106155
0,05222559
0,002019107
-0,4493997
0,05222559
0,002019107
-0,4493997
0,05230904
0,09157732
-0,4738249
0,0006437302
0,155516
-0,1067504
0,0006437302
0,155516
-0,1067504
-0,0769794
0,1818985
-0,004773587
-0,02795458
-0,2107576
-0,1135007
-0,02795458
-0,2107576
-0,1135007
0,04706979
0,2113059
-0,5587362
0,0007688999
0,04324913
-0,1711592
-0,02462268
0,08076951
-0,006905198
-0,02462268
0,08076951
-0,006905198
-0,07288456
0,2312809
0,126294
-0,05374551
0,164903
-0,05377606
-0,05374551
0,164903
-0,05377606
0,04627705
-0,4170842
-0,7213585
0,1334727
0,2350613
-0,5302094
0,1334727
0,2350613
-0,5302094
0,07973313
0,1455806
-0,6184861
-0,05001355
0,02755735
-0,03565251
-0,05001355
0,02755735
-0,03565251
-0,1168326
0,07967304
0,3251299
-0,09166598
0,01309961
0,1019411
-0,08913279
-0,304883
0,01604334
-0,08913279
-0,304883
0,01604334
0,03761053
-0,001380593
-0,4232965
-0,008058548
0,08235499
-0,2076201
-0,008058548
0,08235499
-0,2076201
-0,09284616
0,01229495
-0,01144707
-0,01428723
0,03822893
-0,02249777
-0,01428723
0,03822893
-0,02249777
0,00744462
-0,04495978
-0,5728707
-0,08513245
0,0766576
-0,2659386
-0,0486297
0,1328259
-0,2420404
-0,0486297
0,1328259
-0,2420404
0,001434475
0,08441274
-0,4555933
-0,069407
-0,04933424
-0,09933829
-0,069407
-0,04933424
-0,09933829
-0,1311667
-0,02776915
-0,3272944
-0,033959
0,02783635
-0,342942
-0,033959
0,02783635
-0,342942
-0,1096329
0,02801815
-0,6211556
-0,06009656
-0,04385433
-0,2149463
-0,06009656
-0,04385433
-0,2149463
-0,1083603
-0,1731728
-0,3992649
0,03550577
-0,09855658
-0,3280866
0,02454156
-0,1306686
-0,2862252
0,02454156
-0,1306686
-0,2862252
-0,01153415
-0,09483069
-0,5578982
0,1458424
-0,1439168
-1,021241
0,1458424
-0,1439168
-1,021241
0,1597543
-0,1450018
-0,6430339
0,1519504
0,002229273
-0,3402404
0,1519504
0,002229273
-0,3402404
0,1552116
-0,1808189
-0,4298941
0,005452454
-0,05334046
-0,1390724
0,7146653
-0,3813733
-0,459902
0,7146653
-0,3813733
-0,459902
0,06906986
0,1697063
-0,8346863
0,008898973
-0,03300831
-0,3701478
0,008898973
-0,03300831
-0,3701478
-0,01823306
0,06101355
-0,336013
-0,02889633
-0,05022362
-0,09854957
-0,02889633
-0,05022362
-0,09854957
0,05197525
0,1620233
-0,6701812
0,01792312
0,01074597
-0,334511
0,003200769
-0,01654997
-0,2582543
0,003200769
-0,01654997
-0,2582543
-0,001972914
0,02179295
-0,4066788
-0,01314878
-0,01310855
-0,1684412
-0,01314878
-0,01310855
-0,1684412
-0,04345179
-0,1429223
-0,3354877
0,01866221
0,0905104
-0,3055118
0,01866221
0,0905104
-0,3055118
0,0241816
0,1389988
-0,6065555
-0,0009715557
0,02672225
-0,2566032
-0,0009715557
0,02672225
-0,2566032
-0,03643632
-0,2350286
-0,5836099
0,004130602
-0,03226846
-0,455486
0,005728006
0,03539324
-0,4241422
0,005728006
0,03539324
-0,4241422
-0,02504587
0,03214553
-0,6343469
-0,01964569
0,02386048
-0,2298586
-0,01964569
0,02386048
-0,2298586
-0,03291965
0,1013927
-0,5251505
-0,0007748604
0,125242
-0,3682926
-0,0007748604
0,125242
-0,3682926
-0,07209182
-0,2276152
-0,7680148
-0,03134012
-0,03936887
-0,3343329
-0,01798272
0,0600487
-0,3801182
-0,01798272
0,0600487
-0,3801182
-0,04264712
0,1702413
-0,6766453
-0,05441904
-0,05968586
-0,2012283
-0,05441904
-0,05968586
-0,2012283
-0,08881688
0,06681308
-0,2841964
-0,03609061
0,08010641
-0,3145799
-0,03609061
0,08010641
-0,3145799
-0,09316206
0,001573563
-0,7541791
-0,05131364
-0,03264323
-0,1910046
-0,05131364
-0,03264323
-0,1910046
-0,08978248
0,01655892
-0,3620774
-0,04119873
0,03916621
-0,3556475
-0,06170869
-0,1055725
-0,4459381
-0,06170869
-0,1055725
-0,4459381
-0,0932157
0,006306916
-0,721544
-0,06106496
-0,09315461
-0,2091169
-0,06106496
-0,09315461
-0,2091169
-0,0841558
0,08351356
-0,4529014
-0,04695654
0,00544861
-0,2448365
-0,04695654
0,00544861
-0,2448365
-0,10795
-0,07256866
-0,5997583
-0,05570054
-0,05412549
-0,2969369
-0,03829598
0,06947294
-0,2934009
-0,03829598
0,06947294
-0,2934009
-0,06303191
0,1784831
-0,4004911
-0,03598928
0,01306012
-0,1493335
-0,03598928
0,01306012
-0,1493335
-0,1048207
-0,08239895
-0,6972045
-0,03336668
0,1080967
-0,3483891
-0,03336668
0,1080967
-0,3483891
-0,07151242
0,1477846
-0,3237108
-0,04645115
0,03833597
-0,1752303
-0,04645115
0,03833597
-0,1752303
-0,1428504
0,02496658
-0,5409086
-0,0315344
0,00937365
-0,3285214
-0,1129739
-0,01248506
-0,3428452
-0,1129739
-0,01248506
-0,3428452
-0,1155387
0,05393353
-0,5004071
-0,04487263
-0,1069452
-0,1444377
-0,04487263
-0,1069452
-0,1444377
-0,1354662
-0,2099313
-0,4847165
0,1507949
-0,2232082
-0,6180078
0,1507949
-0,2232082
-0,6180078
-0,09337068
0,0379093
-0,6258339
-0,02576709
0,1266755
-0,2649188
-0,04035234
-0,03152192
-0,2194762
-0,04035234
-0,03152192
-0,2194762
-0,06837845
0,04434809
-0,53671
-0,02365708
0,1436375
-0,3195643
-0,02365708
0,1436375
-0,3195643
-0,04068613
0,1703031
-0,4647851
-0,02254248
0,002238899
-0,1808554
-0,02254248
0,002238899
-0,1808554
-0,02210736
0,1867041
-0,4391879
-0,005537271
0,0946559
-0,1814663
-0,005537271
0,0946559
-0,1814663
0,01941323
0,1021318
-0,02830923
0,02219081
0,07370561
0,0715971
0,0269115
0,2025135
-0,03268719
0,0269115
0,2025135
-0,03268719
0,04884601
0,4884772
-0,2301693
0,006890297
0,1572937
-0,1436323
0,006890297
0,1572937
-0,1436323
0,04774928
0,5515792
-0,2263993
0,04386306
0,2826445
0,02711117
0,04386306
0,2826445
0,02711117
0,06306767
0,1296975
0,2588063
-0,005292892
0,01352951
-0,07514358
0,02034903
0,401441
-0,2687484
0,02034903
0,401441
-0,2687484
-0,03702044
0,2181038
-0,4572988
0,00666976
0,1851924
-0,09121299
0,00666976
0,1851924
-0,09121299
0,02114773
0,1431152
0,06394982
0,006407499
0,1418844
-0,05068779
0,006407499
0,1418844
-0,05068779
0,008261204
0,292512
-0,1353562
-0,01211166
0,001357496
-0,09081364
-0,01501441
0,1455203
-0,1904905
-0,01501441
0,1455203
-0,1904905
-0,01122355
0,2130233
-0,1765937
0,01834631
0,08483529
0,06974041
0,01834631
0,08483529
0,06974041
0,01254082
-0,1211174
0,1536012
-0,004768372
-0,01165122
-0,02942383
-0,004768372
-0,01165122
-0,02942383
-0,08451343
0,2078354
-0,690335
-0,04723668
0,02086163
-0,3170997
-0,04723668
0,02086163
-0,3170997
-0,1088083
-0,1359172
-0,5969048
-0,06482601
-0,2009571
-0,281775
-0,04917979
-0,004782528
-0,292027
-0,04917979
-0,004782528
-0,292027
-0,1066029
0,1121253
-0,6749272
-0,0521481
0,1458779
-0,3527164
-0,0521481
0,1458779
-0,3527164
-0,1692891
0,5439095
-1,084083
closestDistance
0,7809615
0,7819334
0,7819334
0,7804471
0,7792521
0,7792521
0,7732988
0,7683151
0,7668886
0,7668886
0,7671995
0,7659843
0,7659843
0,7665488
0,7650185
0,7650185
0,760959
0,759059
0,7582667
0,7582667
0,7596501
0,7580866
0,7580866
0,7536547
0,7531589
0,7531589
0,7526041
0,7497097
0,7497097
0,7440578
0,7415707
0,7393444
0,7393444
0,7329299
0,7311986
0,7311986
0,7237985
0,7186951
0,7186951
0,7064638
0,7015281
0,6979266
0,6979266
0,6925436
0,691083
0,691083
0,6928899
0,6927738
0,6927738
0,6876612
0,6842698
0,6825395
0,6825395
0,6777422
0,6752331
0,6752331
0,6728615
0,6716564
0,6716564
0,6673861
0,6664742
0,6664742
0,6667092
0,6664661
0,6644503
0,6644503
0,6594293
0,6583451
0,6583451
0,6558863
0,6547562
0,6547562
0,6535178
0,6536584
0,6536584
0,6541808
0,6525536
0,6468145
0,6468145
0,64697
0,6461027
0,6461027
0,6493409
0,6487607
0,6487607
0,6476326
0,6459072
0,6445131
0,6445131
0,6422154
0,6414822
0,6414822
0,6422786
0,6417652
0,6417652
0,6382243
0,6340458
0,6340458
0,6277581
0,6283389
0,6289562
0,6289562
0,6254411
0,622115
0,622115
0,6190593
0,617929
0,617929
0,6132126
0,6067739
0,6036141
0,6036141
0,6021668
0,6016706
0,6016706
0,601649
0,6013588
0,6013588
0,6012005
0,600067
0,5994802
0,5994802
0,6003189
0,6004128
0,6004128
0,6008562
0,6006375
0,6006375
0,5983334
0,5978849
0,5978849
0,5983778
0,5988568
0,5997401
0,5997401
0,6032801
0,6024577
0,6024577
0,6005186
0,5994691
0,5994691
0,5991663
0,5993802
0,5992327
0,5992327
0,5989025
0,5989388
0,5989388
0,598286
0,597824
0,597824
0,5963524
0,5959039
0,5950018
0,5950018
0,5924622
0,5914817
0,5914817
0,5901538
0,5882168
0,5882168
0,5855752
0,585097
0,585097
0,5854843
0,585084
0,5856189
0,5856189
0,5856707
0,584673
0,584673
0,584287
0,5834605
0,5834605
0,5854115
0,5754905
0,5754905
0,5821318
0,5846273
0,5845579
0,5845579
0,5846317
0,580715
0,580715
0,5838515
0,5827452
0,5827452
0,5819925
0,5814046
0,5806291
0,5806291
0,5789729
0,5783639
0,5783639
0,5782073
0,5783557
0,5783557
0,5778737
0,5767438
0,5754333
0,5754333
0,5748224
0,5742092
0,5742092
0,5740277
0,5735627
0,5735627
0,5715864
0,5701469
0,5701469
0,5673996
0,5640421
0,5618318
0,5618318
0,5603262
0,5566276
0,5566276
0,5312942
0,5337883
0,5337883
0,5301335
0,5297377
0,5267134
0,5267134
0,5068625
0,4862384
0,4862384
0,481057
0,4857289
0,4857289
0,4873955
0,4884006
0,4884006
0,4811382
0,4794861
0,4790983
0,4790983
0,478913
0,4790474
0,4790474
0,4792601
0,4795221
0,4795221
0,4793088
0,478645
0,4770914
0,4770914
0,4729672
0,4695217
0,4695217
0,4664052
0,4628382
0,4628382
0,4581847
0,4535708
0,4535708
0,4512559
0,450901
0,4499056
0,4499056
0,4462107
0,4413799
0,4413799
0,4356137
0,4286717
0,4286717
0,4173511
0,4113902
0,4015447
0,4015447
0,3990776
0,3887634
0,3887634
0,3827488
0,3837206
0,3837206
0,3841045
0,384043
0,384043
0,38261
0,3815825
0,3808701
0,3808701
0,3811184
0,3806466
0,3806466
0,3803653
0,3785327
0,3785327
0,3759041
0,3759888
0,3750689
0,3750689
0,371058
0,3730587
0,3730587
0,3679833
0,3669572
0,3669572
0,3680625
0,3636665
0,3578942
0,3578942
0,3519696
0,3517986
0,3517986
0,355038
0,354726
0,354726
0,3556426
0,356699
0,356699
0,3568693
0,35695
0,3584304
0,3584304
0,3584389
0,3540593
0,3540593
0,3452219
0,3418136
0,3418136
0,3393569
0,3384499
0,3393643
0,3393643
0,3344872
0,3308047
0,3308047
0,3235366
0,3225691
0,3225691
0,3173846
0,3150246
0,3150246
0,311268
0,3093685
0,3059129
0,3059129
0,302434
0,3020085
0,3020085
0,2998136
0,2991466
0,2991466
0,2981768
0,2990348
0,3011979
0,3011979
0,3026184
0,3011201
0,3011201
0,2928184
0,2880732
0,2880732
0,2784751
0,277148
0,277148
0,2771728
0,2772751
0,2747137
0,2747137
0,2647685
0,2631833
0,2631833
0,2651025
0,2654855
0,2654855
0,2648916
0,2630652
0,2598377
0,2598377
0,2576366
0,2603604
0,2603604
0,2628101
0,2624872
0,2624872
0,2605456
0,2588888
0,2575177
0,2575177
0,2548071
0,2539558
0,2539558
0,2553432
0,2551733
0,2551733
0,2513748
0,2491654
0,2491654
0,2463188
0,2479728
0,2489398
0,2489398
0,2509921
0,2530188
0,2530188
0,255937
0,2570953
0,2570953
0,2558011
0,2555688
0,2555688
0,2607459
0,2621423
0,2619081
0,2619081
0,2620581
0,2618328
0,2618328
0,2635195
0,2665864
0,2665864
0,2731406
0,275331
0,2792911
0,2792911
0,2843459
0,2838307
0,2838307
0,2839652
0,2845541
0,2845541
0,2927705
0,2987162
0,3013031
0,3013031
0,2971919
0,3011874
0,3011874
0,3132746
0,3187065
0,3187065
0,3270775
0,3290464
0,3290464
0,3347033
0,338757
0,3419355
0,3419355
0,345219
0,3440198
0,3440198
0,3446619
0,3465663
0,3465663
0,350834
0,3519576
0,3527756
0,3527756
0,3551275
0,3556508
0,3556508
0,3559689
0,355618
0,355618
0,3589179
0,3598089
0,3598089
0,3655802
0,3655898
0,3651246
0,3651246
0,3639953
0,3649747
0,3649747
0,3676856
0,3694275
0,3694275
0,3725092
0,3721261
0,371336
0,371336
0,3686742
0,367266
0,367266
0,3680648
0,3687792
0,3687792
0,3636245
0,3610947
0,3633917
0,3633917
0,364136
0,3603283
0,3603283
0,3607093
0,3594525
0,3594525
0,3561103
0,3558874
0,3558874
0,3560288
0,3549837
0,3544947
0,3544947
0,3529916
0,3511387
0,3511387
0,3498305
0,3488863
0,3488863
0,3420026
0,3429188
0,3429188
0,3430268
0,3418768
0,3412329
0,3412329
0,3385
0,3385894
0,3385894
0,3372361
0,3348374
0,3348374
0,3346945
0,329546
0,3278027
0,3278027
0,3355135
0,338149
0,338149
0,3364851
0,3331576
0,3331576
0,3352724
0,3348216
0,3366962
0,3366962
0,339732
0,3373979
0,3373979
0,3389502
0,339817
0,339817
0,3379587
0,3399396
0,3399396
0,3416708
0,3407933
0,3397396
0,3397396
0,3311875
0,3296354
0,3296354
0,3297826
0,3236669
0,3236669
0,3148236
0,3137093
0,3120096
0,3120096
0,3060185
0,3051626
0,3051626
0,303189
0,3019951
0,3019951
0,2930497
0,2913958
0,2913958
0,2849581
0,2788478
0,2758896
0,2758896
0,2760317
0,276576
0,276576
0,2747072
0,2729072
0,2729072
0,2731345
0,2731242
0,2725525
0,2725525
0,2688473
0,2673571
0,2673571
0,2624502
0,2615067
0,2615067
0,2566374
0,2566528
0,2566528
0,2571849
0,2546784
0,2502245
0,2502245
0,2410756
0,2393063
0,2393063
0,234774
0,2323409
0,2323409
0,2245009
0,2204305
0,2163769
0,2163769
0,2149677
0,2168212
0,2168212
0,2177151
0,2146237
0,2146237
0,2138442
0,2144559
0,2148951
0,2148951
0,2168655
0,21785
0,21785
0,221141
0,2222391
0,2222391
0,2232297
0,2243703
0,2243703
0,2281671
0,2318802
0,2337572
0,2337572
0,2395654
0,2412704
0,2412704
0,2508379
0,2556495
0,2556495
0,2642669
0,2674966
0,2689676
0,2689676
0,2746207
0,2783397
0,2783397
0,2839302
0,2874265
0,2874265
0,2968254
0,3039136
0,3039136
0,312876
0,3144124
0,3138145
0,3138145
0,3212649
0,3263187
0,3263187
0,3342791
0,3345304
0,3345304
0,3339209
0,3340129
0,3363895
0,3363895
0,343345
0,3430263
0,3430263
0,3402123
0,3401806
0,3401806
0,3398127
0,3361364
0,3361364
0,3367427
0,3392056
0,3438472
0,3438472
0,3466915
0,3449406
0,3449406
0,3411817
0,3404914
0,3404914
0,3485937
0,3538884
0,3554745
0,3554745
0,3526029
0,35127
0,35127
0,3550639
0,3601903
0,3601903
0,3721742
0,3783818
0,3817576
0,3817576
0,3908614
0,395639
0,395639
0,4070675
0,4116216
0,4116216
0,4202453
0,4254803
0,4254803
0,4397908
0,44751
0,4518002
0,4518002
0,4613729
0,4661367
0,4661367
0,4715832
0,4743983
0,4743983
0,481067
0,5089733
0,5173389
0,5173389
0,5258901
0,5261723
0,5261723
0,5334243
0,5394092
0,5394092
0,5481936
0,5522534
0,5522534
0,5539857
0,5568395
0,5598655
0,5598655
0,5699747
0,5732334
0,5732334
0,5716486
0,5720388
0,5720388
0,5753117
0,5762455
0,5757623
0,5757623
0,5782419
0,5786847
0,5786847
0,5758952
0,574262
0,574262
0,5789304
0,586251
0,586251
0,5936472
0,5943564
0,5959607
0,5959607
0,6025369
0,6084597
0,6084597
0,6233875
0,6304818
0,6304818
0,6406589
0,6423596
0,6418255
0,6418255
0,6401927
0,6443949
0,6443949
0,6590021
0,660643
0,660643
0,6577469
0,6564993
0,6563046
0,6563046
0,6609319
0,6633919
0,6633919
0,6662906
0,667775
0,667775
0,6674545
0,665396
0,665396
0,6662346
0,6688102
0,6701697
0,6701697
0,6685333
0,6663329
0,6663329
0,6585879
0,6537001
0,6537001
0,6444647
0,6432911
0,6416701
0,6416701
0,6341079
0,6302892
0,6302892
0,6262324
0,6228523
0,6228523
0,6124948
0,6065471
0,6065471
0,6019595
0,598594
0,5917957
0,5917957
0,5807424
0,5749758
0,5749758
0,5618392
0,5567957
0,5567957
0,5535832
0,5494534
0,5422368
0,5422368
0,5275862
0,5244936
0,5244936
0,5177264
0,5132763
0,5132763
0,4971578
0,4886384
0,4886384
0,4829579
0,4792689
0,4723884
0,4723884
0,4458637
0,4362361
0,4362361
0,4284597
0,4214312
0,4214312
0,4000224
0,3895012
0,3807992
0,3807992
0,372593
0,3681609
0,3681609
0,3554819
0,3488252
0,3488252
0,3408892
0,3400436
0,3400436
0,3338985
0,328073
0,3211751
0,3211751
0,304974
0,2972935
0,2972935
0,2865373
0,2815357
0,2815357
0,2705017
0,2643177
0,2604332
0,2604332
0,2597901
0,2624111
0,2624111
0,2644876
0,2622822
0,2622822
0,2540251
0,2508578
0,2508578
0,2502837
0,2517622
0,2518227
0,2518227
0,2456906
0,2412805
0,2412805
0,2387472
0,2399863
0,2399863
0,2465438
0,2459528
0,2434555
0,2434555
0,2405455
0,2419642
0,2419642
0,2473155
0,2479391
0,2479391
0,2486211
0,247259
0,2451212
0,2451212
0,2440246
0,2451452
0,2451452
0,2536653
0,2571471
0,2571471
0,2613041
0,2585765
0,2585765
0,2531191
0,2528496
0,2554122
0,2554122
0,2570791
0,2588207
0,2588207
0,2598406
0,2576273
0,2576273
0,2591351
0,2612143
0,2597737
0,2597737
0,2590586
0,2611929
0,2611929
0,2656426
0,2658477
0,2658477
0,270126
0,2735087
0,2735087
0,2740882
0,2741126
0,2776565
0,2776565
0,278309
0,2773105
0,2773105
0,2823133
0,2828723
0,2828723
0,2739422
0,2718296
0,2748225
0,2748225
0,2829188
0,2818083
0,2818083
0,2778077
0,280993
0,280993
0,2854746
0,280863
0,280863
0,2825042
0,2841745
0,2872237
0,2872237
0,2943824
0,2974476
0,2980406
0,2980406
0,3053055
0,3045426
0,3045426
0,3118671
0,3157457
0,3157457
0,3083375
0,3106995
0,313889
0,313889
0,3113115
0,3095698
0,3095698
0,3105711
0,3106638
0,3106638
0,3090967
0,3070331
0,3073538
0,3073538
0,310615
0,3095524
0,3095524
0,3029267
0,2998669
0,2998669
0,2988027
0,297575
0,297575
0,2909653
0,2903385
0,2906561
0,2906561
0,2903817
0,2886687
0,2886687
0,2823684
0,2834598
0,2834598
0,2900169
0,2897977
0,2884534
0,2884534
0,2888096
0,2891608
0,2891608
0,2864141
0,2861516
0,2861516
0,2867123
0,2869575
0,2867687
0,2867687
0,2830666
0,2815277
0,2815277
0,2846025
0,2862875
0,2862875
0,2884044
0,2886519
0,2886519
0,290186
0,2913513
0,2919808
0,2919808
0,2934119
0,2942614
0,2942614
0,2962553
0,2954217
0,2954217
0,2973478
0,3015229
0,3061913
0,3061913
0,3087862
0,308508
0,308508
0,3127328
0,3171346
0,3171346
0,3263735
0,328197
0,3289974
0,3289974
0,3264502
0,3271269
0,3271269
0,3327659
0,3380013
0,3380013
0,3477845
0,3529284
0,3529284
0,3566026
0,357522
0,3596179
0,3596179
0,3675563
0,3739617
0,3739617
0,386711
0,3919694
0,3919694
0,3969405
0,3979658
0,4000087
0,4000087
0,4073666
0,4123503
0,4123503
0,4169511
0,4196329
0,4196329
0,4278679
0,4339779
0,4339779
0,4458092
0,450108
0,4542423
0,4542423
0,4624488
0,4662789
0,4662789
0,4712692
0,4732256
0,4732256
0,4841084
0,4895353
0,4952339
0,4952339
0,5027818
0,5057458
0,5057458
0,5126932
0,5163376
0,5163376
0,5265547
0,5319813
0,5319813
0,5453895
0,5476449
0,5497499
0,5497499
0,5590662
0,5623491
0,5623491
0,5699047
0,5733226
0,5733226
0,5792643
0,58029
0,5829976
0,5829976
0,5925717
0,5959312
0,5959312
0,6018063
0,60302
0,60302
0,6109016
0,6143855
0,6168748
0,6168748
0,6218924
0,6226063
0,6226063
0,6283963
0,6308645
0,6308645
0,6333735
0,6368149
0,6368149
0,6393594
0,6398758
0,6403036
0,6403036
0,6422984
0,643804
0,643804
0,6496627
0,6534835
0,6534835
0,6567954
0,6547951
0,6547951
0,6496627
0,6499991
0,6517183
0,6517183
0,6617488
0,6654237
0,6654237
0,6633588
0,6652047
0,6652047
0,669922
0,6746964
0,6811565
0,6811565
0,688843
0,6877189
0,6877189
0,6931502
0,697048
0,697048
0,7089989
0,7112582
0,7112582
0,712664
0,7148532
0,7181307
0,7181307
0,7206517
0,7204072
0,7204072
0,7206702
0,7218315
0,7218315
0,7219296
0,7242755
0,7249866
0,7249866
0,7222373
0,7205363
0,7205363
0,7206635
0,7225049
0,7225049
0,7310388
0,7330378
0,7317393
0,7317393
0,7249964
0,7209455
0,7209455
0,7169365
0,7187836
0,7187836
0,7260374
0,7300251
0,7300251
0,7339072
0,7329432
0,7319414
0,7319414
0,7299836
0,7296575
0,7296575
0,7307301
0,7318792
0,7318792
0,7296016
0,7258631
0,7221459
0,7221459
0,7176737
0,7165205
0,7165205
0,7210804
0,7259135
0,7259135
0,7276188
0,7257813
0,7257813
0,7222031
0,7209345
0,7210013
0,7210013
0,7247614
0,7264988
0,7264988
0,72904
0,7300325
0,7300325
0,7274258
0,7247221
0,722252
0,722252
0,7197714
0,7193298
0,7193298
0,7223642
0,7225435
0,7225435
0,7164053
0,7112229
0,708271
0,708271
0,7072909
0,7099257
0,7099257
0,7158567
0,7152224
0,7152224
0,7091179
0,7051277
0,7051277
0,7016041
0,6999094
0,6962315
0,6962315
0,6944854
0,6937488
0,6937488
0,6880958
0,6855494
0,6855494
0,6841958
0,6834183
0,6810503
0,6810503
0,6777471
0,6774196
0,6774196
0,6793077
0,6766097
0,6766097
0,6718097
0,6707284
0,6707284
0,6717362
0,6709188
0,671026
0,671026
0,6672484
0,6643243
0,6643243
0,6603597
0,6563055
0,6563055
0,648684
0,6443555
0,6404344
0,6404344
0,638923
0,6377037
0,6377037
0,6311302
0,6287013
0,6287013
0,6245384
0,6204414
0,6204414
0,6148741
0,6136275
0,6119536
0,6119536
0,6072734
0,6057698
0,6057698
0,6018928
0,5956919
0,5956919
0,5864967
0,5875853
0,5877328
0,5877328
0,5787014
0,5748506
0,5748506
0,5707766
0,5644675
0,5644675
0,5500541
0,5499588
0,5499588
0,5461438
0,5390056
0,534646
0,534646
0,5286258
0,5214543
0,5214543
0,5070947
0,5007383
0,5007383
0,4888614
0,4804686
0,4718802
0,4718802
0,4560926
0,4484712
0,4484712
0,4307923
0,4227346
0,4227346
0,4099323
0,4043766
0,4043766
0,3961319
0,3914552
0,3843438
0,3843438
0,3693378
0,3644278
0,3644278
0,3583845
0,3554825
0,3554825
0,3412247
0,3348362
0,3305805
0,3305805
0,3226676
0,3175632
0,3175632
0,3115022
0,3075879
0,3075879
0,2950627
0,2897478
0,2844128
0,2844128
0,2735549
0,2682304
0,2682304
0,2578266
0,2524791
0,2524791
0,243248
0,2367003
0,2367003
0,2207689
0,2140546
0,2089992
0,2089992
0,2016489
0,1967084
0,1967084
0,1856923
0,1815662
0,1815662
0,1796756
0,1798208
0,1780798
0,1780798
0,1727764
0,169534
0,169534
0,1657255
0,1626125
0,1626125
0,1590783
0,1602928
0,1602928
0,1599659
0,1542523
0,1461271
0,1461271
0,1374169
0,1350645
0,1350645
0,1340676
0,1321893
0,1321893
0,1217815
0,1185805
0,1181238
0,1181238
0,1196164
0,1181387
0,1181387
0,1057294
0,09726518
0,09726518
0,08754086
0,08649728
0,08649728
0,09075931
0,09163143
0,09122882
0,09122882
0,084218
0,08050605
0,08050605
0,07932659
0,07876381
0,07876381
0,0693454
0,06386171
0,05937322
0,05937322
0,05272321
0,05008272
0,05008272
0,04357354
0,03889148
0,03889148
0,03177818
0,02921154
0,02921154
0,02658375
0,02857943
0,03198906
0,03198906
0,039431
0,05772064
0,05772064
0,07214913
0,07963391
0,07963391
0,08953493
0,09178412
0,1068537
0,1068537
0,1217874
0,1287687
0,1287687
0,1346929
0,1364976
0,1364976
0,1489916
0,1554177
0,1603888
0,1603888
0,1681025
0,1712895
0,1712895
0,177828
0,1836102
0,1836102
0,1952065
0,2001415
0,2001415
0,2117411
0,2206951
0,2289347
0,2289347
0,2412034
0,2456038
0,2456038
0,2556651
0,2627627
0,2627627
0,2779629
0,284525
0,2919049
0,2919049
0,3049885
0,3088984
0,3088984
0,3142532
0,3203433
0,3203433
0,3351284
0,338851
0,338851
0,3458731
0,352851
0,3617117
0,3617117
0,3759408
0,3801009
0,3801009
0,3889524
0,393775
0,393775
0,4056784
0,4115929
0,4173567
0,4173567
0,4251765
0,4281218
0,4281218
0,4420205
0,4488968
0,4488968
0,455263
0,4587248
0,4587248
0,469478
0,4758481
0,4826855
0,4826855
0,4920923
0,4950649
0,4950649
0,5053966
0,5178897
0,5178897
0,5303686
0,5355921
0,5399966
0,5399966
0,5507068
0,557035
0,557035
0,5662783
0,5698969
0,5698969
0,5786477
0,5822691
0,5822691
0,5828305
0,581399
0,5820771
0,5820771
0,5868564
0,5898197
0,5898197
0,5947954
0,5945646
0,5945646
0,5895619
0,5910788
0,597014
0,597014
0,6064804
0,6086188
0,6086188
0,6076094
0,6088929
0,6088929
0,6121905
0,6139984
0,6181034
0,6181034
0,6220999
0,620918
0,620918
0,6175803
0,6181371
0,6181371
0,6323375
0,6386841
0,6386841
0,6502281
0,6553923
0,6611965
0,6611965
0,6748768
0,682218
0,682218
0,7050637
timeStamps
13,3899
13,40348
13,41747
13,43146
13,44519
13,45898
13,47317
13,48707
13,50094
13,51515
13,52873
13,5427
13,55666
13,57071
13,58449
13,59833
13,61262
13,6262
13,64025
13,65401
13,66801
13,682
13,69586
13,71005
13,72362
13,73742
13,7515
13,76536
13,77938
13,79341
13,80747
13,82119
13,83503
13,84903
13,86286
13,87695
13,89077
13,90545
13,91856
13,93264
13,94663
13,96034
13,9743
13,98819
14,00262
14,01614
14,03001
14,04381
14,05768
14,07195
14,08568
14,10005
14,11348
14,12736
14,14137
14,15537
14,16948
14,18306
14,19715
14,21098
14,22539
14,23885
14,25286
14,26657
14,2807
14,2947
14,30838
14,32257
14,33633
14,35017
14,36405
14,37798
14,3924
14,40609
14,41977
14,43365
14,44777
14,46156
14,47541
14,48969
14,50329
14,5173
14,53127
14,54531
14,55911
14,57304
14,58693
14,60087
14,61474
14,62875
14,64251
14,65648
14,67072
14,68419
14,69826
14,71203
14,72643
14,73984
14,75388
14,76825
14,78181
14,79568
14,80975
14,82373
14,8374
14,85146
14,86531
14,87926
14,89325
14,9073
14,921
14,93498
14,94881
14,96281
14,97668
14,99063
15,00471
15,01843
15,03251
15,04622
15,06009
15,0742
15,08845
15,10187
15,11582
15,12978
15,1438
15,15777
15,17194
15,18596
15,1995
15,21361
15,22737
15,24136
15,25523
15,26911
15,28335
15,29703
15,31096
15,32478
15,33889
15,35259
15,36665
15,3805
15,39445
15,40824
15,42213
15,43605
15,45005
15,46401
15,47819
15,49211
15,50574
15,52009
15,53352
15,54776
15,56152
15,5758
15,58937
15,60334
15,61729
15,6309
15,64485
15,65878
15,67286
15,68679
15,70041
15,71467
15,72832
15,74269
15,75629
15,77039
15,78424
15,79806
15,81187
15,82577
15,83972
15,85391
15,86791
15,88144
15,89543
15,9097
15,92381
15,93722
15,951
15,96505
15,97893
15,9928
16,00704
16,0206
16,03456
16,04863
16,06262
16,07645
16,09023
16,10415
16,11824
16,13219
16,14598
16,16
16,17429
16,18797
16,2018
16,21612
16,22952
16,24352
16,25732
16,27123
16,28528
16,29913
16,31343
16,32694
16,34089
16,35478
16,36872
16,38258
16,39655
16,41077
16,42438
16,43837
16,45235
16,46649
16,48038
16,49441
16,50831
16,52228
16,53648
16,54999
16,56398
16,57787
16,5915
16,60557
16,61975
16,63333
16,64695
16,66085
16,67506
16,68905
16,70309
16,71712
16,73072
16,74497
16,75846
16,77244
16,78678
16,80034
16,81418
16,8283
16,84247
16,85607
16,87024
16,88385
16,8978
16,9123
16,9256
16,9395
16,95353
16,96739
16,98132
16,9952
17,00917
17,02298
17,03706
17,05092
17,06483
17,07879
17,09264
17,1067
17,12055
17,13448
17,1488
17,16242
17,17625
17,19073
17,20436
17,21806
17,23195
17,24599
17,25989
17,27375
17,28772
17,30199
17,31607
17,3301
17,34416
17,35744
17,37166
17,38507
17,39898
17,41302
17,42708
17,44082
17,45479
17,46856
17,48247
17,49662
17,51037
17,52481
17,53842
17,55237
17,5661
17,58012
17,59396
17,60791
17,62173
17,63568
17,64969
17,6635
17,67745
17,69139
17,70535
17,7193
17,73318
17,74726
17,76126
17,77529
17,78885
17,8028
17,81675
17,83064
17,84492
17,8585
17,87239
17,88634
17,90037
17,91472
17,92813
17,94209
17,95583
17,96973
17,98408
17,99748
18,01149
18,02541
18,03938
18,05356
18,06751
18,08144
18,09534
18,109
18,12302
18,13684
18,15085
18,16472
18,17912
18,19262
18,20653
18,22094
18,23429
18,2482
18,26218
18,27607
18,28993
18,30413
18,31769
18,3323
18,3456
18,35952
18,3735
18,38733
18,40163
18,41544
18,42931
18,44321
18,45726
18,47121
18,48501
18,49908
18,51302
18,52714
18,54125
18,55473
18,56868
18,58275
18,59648
18,61021
18,62401
18,63845
18,65187
18,66597
18,68015
18,69383
18,70771
18,72165
18,73552
18,74961
18,76337
18,77738
18,79128
18,8052
18,81918
18,83303
18,84691
18,86079
18,87497
18,88865
18,90281
18,91651
18,93077
18,94451
18,9588
18,97258
18,98643
18,99993
19,0144
19,02781
19,04185
19,05588
19,0697
19,0836
19,09792
19,11156
19,1254
19,13956
19,15351
19,1671
19,18109
19,1953
19,20889
19,22278
19,23694
19,25069
19,26454
19,27847
19,29244
19,30655
19,32063
19,33407
19,34807
19,36201
19,37589
19,38991
19,40385
19,41802
19,43181
19,44562
19,45952
19,47346
19,48735
19,50161
19,51566
19,52937
19,54332
19,55718
19,57111
19,58482
19,59909
19,61278
19,62684
19,64022
19,65451
19,6682
19,68234
19,69622
19,71003
19,72397
19,73811
19,75194
19,76584
19,77986
19,79376
19,80756
19,82165
19,83573
19,84927
19,86345
19,87713
19,89107
19,90504
19,91906
19,9327
19,94728
19,9611
19,97473
19,98875
20,00237
20,01627
20,03012
20,04424
20,05846
20,0723
20,08628
20,10012
20,11418
20,12827
20,14222
20,15589
20,16975
20,18357
20,19729
20,21138
20,22519
20,2389
20,25307
20,26698
20,28056
20,29449
20,30926
20,32261
20,33659
20,3503
20,36429
20,37816
20,39229
20,40604
20,41992
20,43422
20,44801
20,46185
20,47573
20,4896
20,50351
20,51761
20,53143
20,5454
20,55922
20,57334
20,58701
20,60135
20,61496
20,62877
20,64305
20,65664
20,67072
20,6846
20,69861
20,71278
20,7266
20,74035
20,75418
20,76808
20,78192
20,79607
20,80987
20,82397
20,83779
20,85162
20,86559
20,87956
20,89332
20,90748
20,92129
20,93532
20,94923
20,9631
20,97702
20,99137
21,00504
21,01898
21,03261
21,04669
21,06053
21,07457
21,08842
21,10241
21,11632
21,13041
21,14445
21,15792
21,17217
21,18579
21,19967
21,21384
21,22779
21,24171
21,2558
21,26928
21,28349
21,29726
21,31103
21,32525
21,33879
21,3529
21,36686
21,38093
21,39455
21,40874
21,42238
21,43671
21,45027
21,46434
21,47826
21,49204
21,50595
21,51982
21,53383
21,54763
21,56166
21,57582
21,58962
21,60341
21,61723
21,63117
21,64508
21,65945
21,67296
21,68705
21,70086
21,71491
21,72873
21,74295
21,75686
21,77052
21,78436
21,79856
21,81241
21,82638
21,84016
21,85408
21,86827
21,88184
21,89626
21,90989
21,92353
21,93761
21,95157
21,96524
21,97931
21,99361
22,00721
22,02118
22,03496
22,04895
22,06287
22,07677
22,09102
22,10456
22,11857
22,13255
22,14638
22,16051
22,17412
22,18822
22,20201
22,21604
22,22984
22,24397
22,25786
22,27178
22,28556
22,29953
22,31348
22,32726
22,34152
22,35571
22,36962
22,383
22,39701
22,41084
22,42547
22,43903
22,45278
22,46668
22,4805
22,49456
22,50837
22,52254
22,5361
22,55022
22,56443
22,57807
22,59192
22,60566
22,61961
22,63355
22,6479
22,6615
22,67548
22,68933
22,70345
22,71715
22,731
22,74532
22,75888
22,77303
22,78683
22,80077
22,81471
22,82859
22,84282
22,85627
22,87032
22,88417
22,89809
22,9128
22,92626
22,94039
22,95391
22,96774
22,98174
22,99553
23,00949
23,0235
23,03763
23,05135
23,06526
23,07916
23,09325
23,10716
23,12131
23,13478
23,1488
23,16264
23,17675
23,19077
23,20432
23,21838
23,23255
23,24611
23,26032
23,27447
23,28818
23,30224
23,31586
23,3298
23,3437
23,35777
23,37201
23,38542
23,39954
23,41351
23,42743
23,44153
23,45531
23,46925
23,48308
23,49676
23,51078
23,52474
23,53888
23,55323
23,56629
23,58063
23,59426
23,60811
23,62197
23,63608
23,65029
23,66383
23,67768
23,69188
23,70561
23,71974
23,73348
23,74757
23,76155
23,77531
23,78935
23,80322
23,81707
23,83094
23,84502
23,85908
23,87294
23,88673
23,9008
23,91449
23,92837
23,94276
23,95621
23,97013
23,9842
23,99798
24,01189
24,02615
24,04003
24,05377
24,06815
24,08178
24,09558
24,1093
24,12335
24,13747
24,15113
24,16531
24,17898
24,19285
24,20695
24,22068
24,23494
24,24851
24,26258
24,27642
24,29072
24,30424
24,31838
24,33242
24,34659
24,36052
24,37388
24,38785
24,40178
24,41576
24,42964
24,44353
24,45747
24,47151
24,48526
24,49925
24,51306
24,52716
24,54101
24,55503
24,56873
24,58289
24,59689
24,61063
24,6247
24,63851
24,65252
24,66626
24,68024
24,69419
24,70832
24,7223
24,73602
24,74994
24,7639
24,77799
24,79154
24,80599
24,81965
24,83327
24,84723
24,86122
24,87524
24,88894
24,90333
24,9171
24,93115
24,94461
24,95873
24,9727
24,98648
25,00071
25,0143
25,02842
25,04232
25,0561
25,07016
25,08385
25,09789
25,11198
25,12605
25,13965
25,15362
25,16739
25,18129
25,19546
25,20916
25,22333
25,23751
25,25105
25,26504
25,27896
25,29282
25,30709
25,321
25,33505
25,34879
25,36266
25,37637
25,39028
25,40428
25,41828
25,43245
25,446
25,45998
25,47392
25,4878
25,50183
25,51557
25,52946
25,54352
25,55716
25,57154
25,58555
25,59911
25,61299
25,62684
25,64076
25,65478
25,66902
25,68252
25,69656
25,71049
25,72476
25,73855
25,75222
25,76614
25,78007
25,79434
25,80809
25,8218
25,83568
25,84967
25,86345
25,87746
25,8916
25,90524
25,91932
25,93319
25,94708
25,96126
25,97506
25,9893
26,00287
26,01679
26,03083
26,04464
26,05857
26,07257
26,08685
26,10029
26,11415
26,12819
26,14228
26,15592
26,16978
26,18389
26,19791
26,21178
26,22563
26,23956
26,25361
26,26759
26,28131
26,29548
26,30909
26,32335
26,33718
26,3513
26,36481
26,37873
26,39299
26,40647
26,42045
26,43431
26,44819
26,46232
26,47605
26,49059
26,5039
26,51789
26,53174
26,54576
26,55979
26,57362
26,58751
26,60181
26,61542
26,75684
26,76756
26,78182
26,79541
26,80957
26,82353
26,83745
26,85154
26,8654
26,87946
26,89339
26,9073
26,92121
26,9353
26,94949
26,96326
26,97732
26,99122
27,00492
27,01892
27,03301
27,0467
27,06096
27,07479
27,08846
27,10229
27,11621
27,13047
27,14412
27,15793
27,17196
27,18589
27,19988
27,21378
27,22787
27,24174
27,25585
27,2697
27,28348
27,29746
27,31133
27,32542
27,33935
27,35307
27,36705
27,38093
27,39481
27,40865
27,42273
27,43676
27,45041
27,46428
27,47884
27,4926
27,5063
27,52028
27,53443
27,54803
27,56177
27,57596
27,58982
27,6041
27,61781
27,63156
27,64565
27,65932
27,67339
27,68709
27,70106
27,71538
27,72915
27,74288
27,75714
27,7707
27,78457
27,79874
27,81237
27,82629
27,84047
27,85414
27,86823
27,8822
27,89598
27,91006
27,92392
27,93811
27,95182
27,96581
27,98008
27,99366
28,00739
28,02145
28,03552
28,04911
28,06344
28,07723
28,09113
28,10468
28,11873
28,13276
28,14669
28,16071
28,17448
28,18881
28,20277
28,21644
28,2306
28,24427
28,25813
28,27221
28,28611
28,30007
28,31393
28,32769
28,34167
28,35545
28,36938
28,38321
28,39733
28,41114
28,42519
28,43938
28,4531
28,46684
28,48114
28,4949
28,50883
28,52263
28,53664
28,55048
28,56453
28,57859
28,59263
28,60661
28,62018
28,6342
28,64811
28,66227
28,67568
28,68981
28,70355
28,71758
28,73154
28,74545
28,75925
28,7731
28,78704
28,80123
28,81499
28,82881
28,84307
28,85695
28,87117
28,8847
28,89864
28,91258
28,92656
28,94036
28,95451
28,96891
28,98248
28,99624
29,01016
29,02403
29,03807
29,05226
29,06566
29,08012
29,09371
29,10763
29,12137
29,13527
29,14899
29,16293
29,1773
29,19083
29,20524
29,21889
29,23273
29,24663
29,26043
29,27459
29,28848
29,30253
29,31653
29,3301
29,3441
29,35829
29,37218
29,38573
29,39998
29,41392
29,42763
29,44154
29,45561
29,46934
29,4834
29,49757
29,51124
29,5252
29,53907
29,55293
29,56703
29,58088
29,5952
29,60886
29,62284
29,63676
29,65046
29,66446
29,67827
29,69227
29,70608
29,71997
29,73441
29,74795
29,7619
29,7758
29,78975
29,80385
29,81786
29,83139
29,84546
29,85931
29,87334
29,88731
29,9013
29,91516
29,92908
29,94333
29,95717
29,97105
29,98507
29,99852
30,01242
30,02633
30,0403
30,05441
30,06825
30,08242
30,09622
30,10975
30,12372
30,13777
30,15155
30,16592
30,1797
30,19374
30,2079
30,22189
30,2353
30,24934
30,26318
30,2772
30,29106
30,30479
30,31887
30,33261
30,34653
30,36084
30,3742
30,3884
30,40228
30,41613
30,4301
30,44416
30,45786
30,47178
30,48568
30,49959
30,51361
30,52756
30,54148
30,55558
30,5695
30,58359
30,59716
30,61098
30,62523
30,6393
30,65277
30,66679
30,68069
30,69456
30,70848
30,72223
30,73666
30,75039
30,76424
30,7784
30,79199
30,8059
30,82004
30,83389
30,84784
30,86205
30,87578
30,88966
30,9039
30,91729
30,93149
30,94543
30,9592
30,97312
30,98716
31,00101
31,01467
31,02855
31,04269
31,05648
31,07058
31,0843
31,09829
31,11235
31,12611
31,14036
31,15399
31,16816
31,18229
31,19579
31,21035
31,22362
31,23777
31,25144
31,26537
31,27938
31,29322
31,30719
31,32146
31,33533
31,34918
31,36319
31,37657
31,39075
31,40461
31,41842
31,43288
31,4462
31,46022
31,47415
31,48808
31,50214
31,51591
31,52986
31,54405
31,55779
31,57218
31,58554
31,59963
31,61345
31,62735
31,64154
31,65582
31,66924
31,68292
31,69692
31,71086
31,72472
31,73863
31,75262
31,76662
31,78091
31,79428
31,8083
31,8225
31,83634
31,85048
31,86426
31,87811
31,89183
31,90586
31,91972
31,93377
31,94787
31,9615
31,97556
31,98946
32,00341
32,01718
32,03107
32,0454
32,05914
32,0729
32,08695
32,10093
32,11485
32,12896
32,14249
32,15647
32,17043
32,18434
32,19838
32,21235
32,22596
32,23999
32,25386
32,26773
32,28162
32,29589
32,30968
32,32334
32,33742
32,3511
32,36551
32,37907
32,39288
32,40729
32,42112
32,43501
32,44861
32,46306
32,4767
32,49059
32,50455
32,51827
32,53225
32,54623
32,5601
32,57419
32,58827
32,60206
32,61583
32,62982
32,64389
32,65766
32,67152
32,68557
32,69943
32,71326
32,72716
32,74112
32,75507
32,76901
32,78277
32,79678
32,81074
32,8246
32,83895
32,8526
32,86664
32,88107
32,89444
32,90811
32,92204
32,93603
32,95007
32,96385
32,97806
32,99184
33,00563
33,01947
33,0334
33,04728
33,06116
33,07541
33,08932
33,10306
33,11749
33,13084
33,14494
33,1589
33,17299
33,18685
33,20053
33,21441
33,22833
33,2423
33,25642
33,27024
33,28415
33,29795
33,31182
33,32646
33,33964
33,35382
33,36756
33,38169
33,39596
33,40939
33,42328
33,43764
33,45121
33,46498
33,47885
33,49325
33,50676
33,52073
33,53482
33,54881
33,5625
33,57674
33,59059
33,60423
33,61829
33,63218
33,646
33,6599
33,67399
33,68842
33,70157
33,71553
33,72955
33,74343
33,75747
33,77154
33,7856
33,79934
33,81364
33,82708
33,84103
33,85487
33,86883
33,88325
33,8965
33,91059
33,92461
33,93831
33,95269
33,96615
33,98006
33,9943
34,0083
34,02212
34,03594
34,0497
34,06359
34,07772
34,09164
34,10558
34,11936
34,13338
34,14718
34,16135
34,17504
34,18896
34,20299
34,21714
34,2307
34,24468
34,25866
34,27251
34,28637
34,30082
34,31421
34,32825
34,34213
34,35651
34,36994
34,38402
34,39784
34,41212
34,426
34,43985
34,45378
34,46751
34,48138
34,49539
34,50933
34,52314
34,53745
34,55112
34,56512
34,579
34,59275
34,6067
34,62049
34,63495
34,64834
34,66277
34,67622
34,69041
34,70433
34,71806
34,73239
34,7457
34,75966
34,77375
34,78762
34,8015
34,81549
34,82988
34,84325
34,85737
34,87116
34,88503
34,89893
34,91291
34,92699
34,94085
34,95471
34,9689
34,98255
34,99689
35,01038
35,02458
35,03839
35,05211
35,06635
35,07987
35,09385
35,10791
35,12188
35,13566
35,14982
35,1639
35,1774
35,19137
35,20522
35,21926
35,23312
35,24732
35,2609
35,27489
35,28936
35,30303
35,31669
35,33075
35,34451
35,35835
35,37256
35,38696
35,40021
35,41406
35,42828
35,44205
35,45586
35,47007
35,48372
35,49767
35,51159
35,52549
35,53952
35,55338
35,56718
35,58146
35,59507
35,60925
35,62274
35,63671
35,65068
