ParticipantNumber;Task;SdfState;Repetition;TimeStamp;NumHits;TimeToCompleteTask;InstanteneousVelocityMag;InstanteneousVelocityX;InstanteneousVelocityY;InstanteneousVelocityZ;ClosestDistance
8;torus;0;2;4,753616;7;14,21507;0,8747138;0,4078627;0,09906217;-0,7674366;0,7397667
8;torus;0;2;4,76752;7;14,21507;0,4458193;0,1891673;-0,09548888;-0,3922403;0,7319737
8;torus;0;2;4,781629;7;14,21507;0,3874901;0,1396537;-0,1572251;-0,3254622;0,7255071
8;torus;0;2;4,795708;7;14,21507;0,3874901;0,1396537;-0,1572251;-0,3254622;0,7255071
8;torus;0;2;4,809195;7;14,21507;0,4659079;0,161159;-0,109259;-0,4232734;0,7171258
8;torus;0;2;4,823114;7;14,21507;0,1527927;-0,004035234;-0,127168;-0,08460283;0,7154288
8;torus;0;2;4,837179;7;14,21507;0,1527927;-0,004035234;-0,127168;-0,08460283;0,7154288
8;torus;0;2;4,85083;7;14,21507;0,1244364;-0,08946061;-0,08610263;-0,008219481;0,7152153
8;torus;0;2;4,864979;7;14,21507;0,1503981;0,01340508;0,1206711;-0,08876026;0,7134453
8;torus;0;2;4,878761;7;14,21507;0,1503981;0,01340508;0,1206711;-0,08876026;0,7134453
8;torus;0;2;4,89298;7;14,21507;0,4469253;0,09596348;0,3173016;-0,2997547;0,7075415
8;torus;0;2;4,906641;7;14,21507;0,2577527;0,07416606;0,1374349;-0,2050549;0,7035224
8;torus;0;2;4,920654;7;14,21507;0,2526917;0,07869601;0,08969083;-0,2227455;0,6991519
8;torus;0;2;4,934482;7;14,21507;0,2526917;0,07869601;0,08969083;-0,2227455;0,6991519
8;torus;0;2;4,948454;7;14,21507;0,5620499;0,182265;-0,007535517;-0,5316228;0,6886688
8;torus;0;2;4,962283;7;14,21507;0,2060612;0,05533099;0,01192987;-0,1981348;0,6847616
8;torus;0;2;4,976446;7;14,21507;0,2060612;0,05533099;0,01192987;-0,1981348;0,6847616
8;torus;0;2;4,990131;7;14,21507;0,2765358;0,03707409;0,1649305;-0,2188504;0,6804852
8;torus;0;2;5,004148;7;14,21507;0,1986589;0,06253719;0,04245862;-0,1837164;0,6768923
8;torus;0;2;5,018091;7;14,21507;0,1986589;0,06253719;0,04245862;-0,1837164;0,6768923
8;torus;0;2;5,032601;7;14,21507;0,6731451;0,237608;-0,1405157;-0,6139398;0,6648172
8;torus;0;2;5,046029;7;14,21507;0,3643009;0,1238644;-0,1013421;-0,3272653;0,6583903
8;torus;0;2;5,060087;7;14,21507;0,2378483;0,06912351;-0,05129501;-0,2217263;0,6540328
8;torus;0;2;5,074038;7;14,21507;0,2378483;0,06912351;-0,05129501;-0,2217263;0,6540328
8;torus;0;2;5,087811;7;14,21507;0,1827201;-0,100857;0,1078457;0,1076281;0,6560943
8;torus;0;2;5,101754;7;14,21507;0,1986175;-0,1024604;0,0854075;0,1471609;0,6589478
8;torus;0;2;5,115497;7;14,21507;0,1986175;-0,1024604;0,0854075;0,1471609;0,6589478
8;torus;0;2;5,129618;7;14,21507;0,5285865;-0,329715;0,2214365;0,3487945;0,6656865
8;torus;0;2;5,143425;7;14,21507;0,243837;-0,1248062;0,1437217;0,1523942;0,6687061
8;torus;0;2;5,157817;7;14,21507;0,243837;-0,1248062;0,1437217;0,1523942;0,6687061
8;torus;0;2;5,171482;7;14,21507;0,3263224;-0,09126067;0,3128409;0,01698136;0,6691961
8;torus;0;2;5,185218;7;14,21507;0,09834684;0,03397465;0,002234429;-0,09226501;0,6673819
8;torus;0;2;5,199121;7;14,21507;0,09834684;0,03397465;0,002234429;-0,09226501;0,6673819
8;torus;0;2;5,213172;7;14,21507;0,3127721;0,0905931;-0,06490275;-0,2922446;0,6615692
8;torus;0;2;5,227072;7;14,21507;0,2656299;0,07300377;0,04914254;-0,2506286;0,6566684
8;torus;0;2;5,240999;7;14,21507;0,2527553;0,06733537;-0,02415031;-0,242421;0,6518719
8;torus;0;2;5,255337;7;14,21507;0,2527553;0,06733537;-0,02415031;-0,242421;0,6518719
8;torus;0;2;5,269095;7;14,21507;0,7128341;0,2162337;-0,1250416;-0,6676376;0,6386717
8;torus;0;2;5,282635;7;14,21507;0,3281366;0,09979606;-0,1021013;-0,2954483;0,632817
8;torus;0;2;5,29663;7;14,21507;0,3281366;0,09979606;-0,1021013;-0,2954483;0,632817
8;torus;0;2;5,310687;7;14,21507;0,6427673;0,2185881;-0,001098216;-0,6044567;0,6210333
8;torus;0;2;5,324576;7;14,21507;0,2331305;0,06307364;-0,03831014;-0,2211422;0,6166831
8;torus;0;2;5,338592;7;14,21507;0,2331305;0,06307364;-0,03831014;-0,2211422;0,6166831
8;torus;0;2;5,352524;7;14,21507;0,5012959;0,07638335;-0,2976716;-0,396049;0,6087203
8;torus;0;2;5,366691;7;14,21507;0,2567288;0,008994341;-0,202176;-0,1579672;0,6054972
8;torus;0;2;5,380557;7;14,21507;0,2861116;-0,005793571;-0,2434939;-0,1501232;0,6024262
8;torus;0;2;5,394431;7;14,21507;0,2861116;-0,005793571;-0,2434939;-0,1501232;0,6024262
8;torus;0;2;5,408176;7;14,21507;0,5163792;0,0541389;-0,2848536;-0,4272878;0,5939559
8;torus;0;2;5,422453;7;14,21507;0,3404332;0,05891323;-0,1220852;-0,3122807;0,5878251
8;torus;0;2;5,43598;7;14,21507;0,3404332;0,05891323;-0,1220852;-0,3122807;0,5878251
8;torus;0;2;5,450277;7;14,21507;0,6295586;0,03709197;-0,3067516;-0,5485177;0,5770056
8;torus;0;2;5,464129;7;14,21507;0,09791373;-0,08136214;0,02961396;-0,04571995;0,5790881
8;torus;0;2;5,478043;7;14,21507;0,09791373;-0,08136214;0,02961396;-0,04571995;0,5790881
8;torus;0;2;5,491998;7;14,21507;0,4616727;-0,09787232;0,4477289;-0,0556916;0,5778198
8;torus;0;2;5,506145;7;14,21507;0,4624135;-0,1710832;0,3945343;0,1699984;0,5810812
8;torus;0;2;5,519794;7;14,21507;0,4624135;-0,1710832;0,3945343;0,1699984;0,5810812
8;torus;0;2;5,533869;7;14,21507;0,6223197;-0,300163;0,5115971;0,1882881;0,5847729
8;torus;0;2;5,547925;7;14,21507;0,1733661;-0,1581132;-0,008248538;0,07062554;0,5860154
8;torus;0;2;5,561464;7;14,21507;0,2625089;-0,1182675;-0,2278939;-0,05466342;0,5846655
8;torus;0;2;5,575374;7;14,21507;0,2625089;-0,1182675;-0,2278939;-0,05466342;0,5846655
8;torus;0;2;5,589255;7;14,21507;0,6404654;-0,1726568;-0,5575106;-0,2637565;0,5790367
8;torus;0;2;5,603214;7;14,21507;0,2504694;-0,05920529;-0,1673795;-0,1766741;0,5754377
8;torus;0;2;5,617019;7;14,21507;0,2504694;-0,05920529;-0,1673795;-0,1766741;0,5754377
8;torus;0;2;5,631144;7;14,21507;0,4258801;-0,0618577;-0,02698526;-0,4204988;0,5669866
8;torus;0;2;5,645127;7;14,21507;0,2925824;-0,02211928;0,2302125;-0,1792133;0,5634226
8;torus;0;2;5,659029;7;14,21507;0,2925824;-0,02211928;0,2302125;-0,1792133;0,5634226
8;torus;0;2;5,67275;7;14,21507;0,3831764;-0,1515746;0,3083363;-0,1696408;0,5600389
8;torus;0;2;5,686634;7;14,21507;0,1375894;-0,07867217;-0,001957268;-0,1128614;0,5577379
8;torus;0;2;5,700588;7;14,21507;0,1537897;-0,09933114;-0,08079782;-0,08518398;0,5559512
8;torus;0;2;5,714485;7;14,21507;0,1537897;-0,09933114;-0,08079782;-0,08518398;0,5559512
8;torus;0;2;5,728557;7;14,21507;0,2556183;-0,2338767;-0,06089658;-0,08327067;0,554174
8;torus;0;2;5,742952;7;14,21507;0,1310051;-0,09340048;0,04895106;-0,0777334;0,5526129
8;torus;0;2;5,756697;7;14,21507;0,1310051;-0,09340048;0,04895106;-0,0777334;0,5526129
8;torus;0;2;5,770752;7;14,21507;0,3996961;-0,1279175;0,2953701;-0,2369612;0,5479978
8;torus;0;2;5,784306;7;14,21507;0,2829494;-0,03554225;0,2285682;-0,1629531;0,5448942
8;torus;0;2;5,798399;7;14,21507;0,2829494;-0,03554225;0,2285682;-0,1629531;0,5448942
8;torus;0;2;5,811904;7;14,21507;0,4157462;-0,07196069;0,1640834;-0,3751576;0,5375296
8;torus;0;2;5,826059;7;14,21507;0,2058895;-0,03601313;0,005919486;-0,202629;0,5334849
8;torus;0;2;5,839723;7;14,21507;0,2058895;-0,03601313;0,005919486;-0,202629;0,5334849
8;torus;0;2;5,853898;7;14,21507;0,4055373;-0,1161277;-0,1471587;-0,3596097;0,5261719
8;torus;0;2;5,867908;7;14,21507;0,1986247;-0,1152754;-0,1359835;-0,08758903;0,5243273
8;torus;0;2;5,88154;7;14,21507;0,2084412;-0,1413465;-0,1482375;-0,03865957;0,5234831
8;torus;0;2;5,895397;7;14,21507;0,2084412;-0,1413465;-0,1482375;-0,03865957;0,5234831
8;torus;0;2;5,909673;7;14,21507;0,6637991;0,002914667;-0,07044673;-0,660044;0,5102468
8;torus;0;2;5,923515;7;14,21507;0,7347062;0,1716435;-0,06113946;-0,711754;0,4959522
8;torus;0;2;5,937274;7;14,21507;0,7347062;0,1716435;-0,06113946;-0,711754;0,4959522
8;torus;0;2;5,951088;7;14,21507;1,891327;0,5084574;-0,004488975;-1,821694;0,4595778
8;torus;0;2;5,965359;7;14,21507;0,926355;0,2210796;-0,1330443;-0,8896947;0,4418166
8;torus;0;2;5,979276;7;14,21507;0,926355;0,2210796;-0,1330443;-0,8896947;0,4418166
8;torus;0;2;5,993122;7;14,21507;1,735361;0,3730595;-0,2950028;-1,668915;0,4086321
8;torus;0;2;6,006985;7;14,21507;0,7427086;0,1205802;-0,2193891;-0,6992459;0,3947606
8;torus;0;2;6,021126;7;14,21507;0,7060879;0,08099675;-0,3137603;-0,6273389;0,3823748
8;torus;0;2;6,035053;7;14,21507;0,7060879;0,08099675;-0,3137603;-0,6273389;0,3823748
8;torus;0;2;6,049518;7;14,21507;1,425369;0,1179338;-0,7605873;-1,199698;0,3591678
8;torus;0;2;6,062906;7;14,21507;0,6374581;0,08230805;-0,1799285;-0,6059736;0,3474651
8;torus;0;2;6,076611;7;14,21507;0,6374581;0,08230805;-0,1799285;-0,6059736;0,3474651
8;torus;0;2;6,090989;7;14,21507;1,567464;0,3374994;0,2291121;-1,513454;0,3177058
8;torus;0;2;6,104754;7;14,21507;0,7078072;0,1458943;0,0950247;-0,6860584;0,3043143
8;torus;0;2;6,118634;7;14,21507;0,7078072;0,1458943;0,0950247;-0,6860584;0,3043143
8;torus;0;2;6,13268;7;14,21507;1,286481;0,1863062;-0,3695063;-1,218109;0,281288
8;torus;0;2;6,146503;7;14,21507;0,5079177;0,07460713;-0,07594749;-0,4966348;0,2718811
8;torus;0;2;6,160152;7;14,21507;0,3825798;0,05326867;0,01089126;-0,3786966;0,2645895
8;torus;0;2;6,174047;7;14,21507;0,3825798;0,05326867;0,01089126;-0,3786966;0,2645895
8;torus;0;2;6,187907;7;14,21507;1,021288;0,1408935;-0,2946794;-0,9676479;0,2468523
8;torus;0;2;6,202138;7;14,21507;0,3943946;0,05998015;-0,008891523;-0,3897056;0,2395292
8;torus;0;2;6,216019;7;14,21507;0,3943946;0,05998015;-0,008891523;-0,3897056;0,2395292
8;torus;0;2;6,230336;7;14,21507;0,5831072;0,08530617;0,2228968;-0,5320281;0,2289714
8;torus;0;2;6,244333;7;14,21507;0,2271134;0,02697706;0,08862764;-0,2073593;0,2248543
8;torus;0;2;6,257987;7;14,21507;0,2271134;0,02697706;0,08862764;-0,2073593;0,2248543
8;torus;0;2;6,271825;7;14,21507;0,2285667;-0,003123283;0,03195107;-0,226301;0,2203838
8;torus;0;2;6,286;7;14,21507;0,1763705;0,01884103;0,01059324;-0,175041;0,2170594
8;torus;0;2;6,300245;7;14,21507;0,1109081;0,005125999;-0,03789142;-0,1041085;0,2151653
8;torus;0;2;6,313638;7;14,21507;0,1109081;0,005125999;-0,03789142;-0,1041085;0,2151653
8;torus;0;2;6,327358;7;14,21507;0,6103739;0,1027703;0,0539422;-0,5992368;0,2039991
8;torus;0;2;6,341451;7;14,21507;0,3350826;0,06882548;0,1355603;-0,2986081;0,1983111
8;torus;0;2;6,355264;7;14,21507;0,3350826;0,06882548;0,1355603;-0,2986081;0,1983111
8;torus;0;2;6,369049;7;14,21507;0,4900021;0,08676052;0,2192982;-0,4295148;0,1901263
8;torus;0;2;6,382782;7;14,21507;0,1660006;0,0002563;0,1648732;0,01931265;0,1902021
8;torus;0;2;6,396797;7;14,21507;0,1660006;0,0002563;0,1648732;0,01931265;0,1902021
8;torus;0;2;6,411159;7;14,21507;0,5683316;-0,001657009;0,5588688;0,103265;0,1915983
8;torus;0;2;6,425029;7;14,21507;0,5026313;-0,008666515;0,4827596;0,1396649;0,1942616
8;torus;0;2;6,43878;7;14,21507;0,5026313;-0,008666515;0,4827596;0,1396649;0,1942616
8;torus;0;2;6,453045;7;14,21507;0,7795091;-0,008130074;0,7369176;0,2540097;0,2000472
8;torus;0;2;6,466928;7;14,21507;0,4008329;0,019449;0,3953949;0,06286204;0,2023054
8;torus;0;2;6,480554;7;14,21507;0,4278127;0,01280904;0,4151314;0,1025937;0,2056389
8;torus;0;2;6,494584;7;14,21507;0,4278127;0,01280904;0,4151314;0,1025937;0,2056389
8;torus;0;2;6,508427;7;14,21507;0,7264631;-0,04812479;0,6092556;0,3927343;0,2152669
8;torus;0;2;6,521962;7;14,21507;0,3073065;-0,02970695;0,235527;0,1951456;0,2198925
8;torus;0;2;6,535874;7;14,21507;0,3073065;-0,02970695;0,235527;0,1951456;0,2198925
8;torus;0;2;6,55007;7;14,21507;0,7783086;0,01847744;0,7577196;0,1768723;0,2274053
8;torus;0;2;6,563984;7;14,21507;0,4613476;0,105834;0,3569417;-0,272458;0,2252043
8;torus;0;2;6,5778;7;14,21507;0,4613476;0,105834;0,3569417;-0,272458;0,2252043
8;torus;0;2;6,591693;7;14,21507;0,873157;0,2435029;0,2968174;-0,784225;0,2145948
8;torus;0;2;6,605833;7;14,21507;0,4541489;0,1137018;0,2433982;-0,36617;0,2108063
8;torus;0;2;6,61989;7;14,21507;0,4541489;0,1137018;0,2433982;-0,36617;0,2108063
8;torus;0;2;6,634161;7;14,21507;0,7913925;0,1554847;0,6009158;-0,4909448;0,2087992
8;torus;0;2;6,647792;7;14,21507;0,1279314;0,01568198;0,1136202;-0,05666539;0,2090544
8;torus;0;2;6,661588;7;14,21507;0,0217002;-0,01084805;-0,001183152;0,01875684;0,2092801
8;torus;0;2;6,675576;7;14,21507;0,0217002;-0,01084805;-0,001183152;0,01875684;0,2092801
8;torus;0;2;6,689641;7;14,21507;0,07342973;-0,02166033;0,04583038;0,05312562;0,2104535
8;torus;0;2;6,703544;7;14,21507;0,1429967;0,009864569;0,1352772;-0,04528612;0,2111005
8;torus;0;2;6,717592;7;14,21507;0,1429967;0,009864569;0,1352772;-0,04528612;0,2111005
8;torus;0;2;6,731335;7;14,21507;0,216491;0,0109911;0,203282;-0,0736475;0,2120279
8;torus;0;2;6,745354;7;14,21507;0,08120675;-0,01589656;0,04544556;0,06539524;0,213441
8;torus;0;2;6,759346;7;14,21507;0,08120675;-0,01589656;0,04544556;0,06539524;0,213441
8;torus;0;2;6,773217;7;14,21507;0,3601777;-0,02202392;0,3016956;0,1955062;0,219561
8;torus;0;2;6,787004;7;14,21507;0,1660894;0,007486343;0,1568887;0,05399585;0,2221249
8;torus;0;2;6,801136;7;14,21507;0,2345914;0,06912947;-0,02886169;-0,2223089;0,2187288
8;torus;0;2;6,814909;7;14,21507;0,2345914;0,06912947;-0,02886169;-0,2223089;0,2187288
8;torus;0;2;6,828496;7;14,21507;0,5905151;0,1752615;0,01231804;-0,5637728;0,2112913
8;torus;0;2;6,842437;7;14,21507;0,2737353;0,08007288;0,07888414;-0,249593;0,2089832
8;torus;0;2;6,856778;7;14,21507;0,2737353;0,08007288;0,07888414;-0,249593;0,2089832
8;torus;0;2;6,870563;7;14,21507;0,433562;0,05232692;0,4221004;-0,08407831;0,2130741
8;torus;0;2;6,884092;7;14,21507;0,3351527;0,01685023;0,3345773;0,01007169;0,2174225
8;torus;0;2;6,898067;7;14,21507;0,3351527;0,01685023;0,3345773;0,01007169;0,2174225
8;torus;0;2;6,912086;7;14,21507;0,7714944;0,06904006;0,7517062;-0,1592949;0,2253677
8;torus;0;2;6,925921;7;14,21507;0,4806273;0,07155538;0,3948383;-0,264547;0,2277558
8;torus;0;2;6,939707;7;14,21507;0,4806273;0,07155538;0,3948383;-0,264547;0,2277558
8;torus;0;2;6,953814;7;14,21507;1,261184;0,2127588;0,8780524;-0,879968;0,2314956
8;torus;0;2;6,967764;7;14,21507;0,5582256;0,09412766;0,348819;-0,4255362;0,2330088
8;torus;0;2;6,981654;7;14,21507;0,4773908;0,07281303;0,3050402;-0,3599316;0,2348076
8;torus;0;2;6,995684;7;14,21507;0,4773908;0,07281303;0,3050402;-0,3599316;0,2348076
8;torus;0;2;7,009684;7;14,21507;0,8884525;0,1227021;0,5342707;-0,6991759;0,238243
8;torus;0;2;7,023587;7;14,21507;0,4385944;0,03881029;0,3577994;-0,2506759;0,2423686
8;torus;0;2;7,037479;7;14,21507;0,4385944;0,03881029;0,3577994;-0,2506759;0,2423686
8;torus;0;2;7,051556;7;14,21507;1,332059;0,1344576;1,179949;-0,6033443;0,2596098
8;torus;0;2;7,065433;7;14,21507;1,128306;0,03001243;0,8381903;-0,7547252;0,2706359
8;torus;0;2;7,079315;7;14,21507;1,128306;0,03001243;0,8381903;-0,7547252;0,2706359
8;torus;0;2;7,093147;7;14,21507;1,271669;0,03488845;1,17337;-0,4890074;0,2898777
8;torus;0;2;7,107127;7;14,21507;0,5668258;-0,05427375;0,5100444;-0,2412479;0,2981278
8;torus;0;2;7,120966;7;14,21507;0,2478572;-0,03118515;0,2456039;0,01180544;0,3025857
8;torus;0;2;7,134999;7;14,21507;0,2478572;-0,03118515;0,2456039;0,01180544;0,3025857
8;torus;0;2;7,148775;7;14,21507;0,3616214;0,01081228;0,247027;-0,2638765;0,3064108
8;torus;0;2;7,162808;7;14,21507;0,5041995;0,04712343;0,290975;-0,40906;0,3110116
8;torus;0;2;7,176813;7;14,21507;0,5041995;0,04712343;0,290975;-0,40906;0,3110116
8;torus;0;2;7,190771;7;14,21507;1,26651;0,1750469;0,3114745;-1,215068;0,3157867
8;torus;0;2;7,204854;7;14,21507;0,5036639;0,05547404;0,1685828;-0,4713595;0,3189992
8;torus;0;2;7,218791;7;14,21507;0,5036639;0,05547404;0,1685828;-0,4713595;0,3189992
8;torus;0;2;7,232272;7;14,21507;0,5047253;0,005537271;0,3291607;-0,3825836;0,3252533
8;torus;0;2;7,246228;7;14,21507;0,3099226;-0,03228188;0,3040507;-0,0506267;0,3308889
8;torus;0;2;7,26029;7;14,21507;0,3097058;-0,008922815;0,2505183;-0,1818754;0,3356834
8;torus;0;2;7,274071;7;14,21507;0,3097058;-0,008922815;0,2505183;-0,1818754;0,3356834
8;torus;0;2;7,288073;7;14,21507;0,7302111;0,082165;-0,1410395;-0,7117339;0,3340005
8;torus;0;2;7,301696;7;14,21507;0,7170396;0,09618402;-0,3017873;-0,6432876;0,3298419
8;torus;0;2;7,315711;7;14,21507;0,7170396;0,09618402;-0,3017873;-0,6432876;0,3298419
8;torus;0;2;7,329729;7;14,21507;1,395756;0,1649439;-0,5366549;-1,277862;0,3243202
8;torus;0;2;7,34367;7;14,21507;0,5152162;0,05199909;-0,1220241;-0,4978493;0,3243286
8;torus;0;2;7,35785;7;14,21507;0,5152162;0,05199909;-0,1220241;-0,4978493;0,3243286
8;torus;0;2;7,371446;7;14,21507;0,673618;0,01801252;-0,3769308;-0,5579963;0,3200765
8;torus;0;2;7,385301;7;14,21507;0,4290383;0,01960993;-0,3180832;-0,2872497;0,3159073
8;torus;0;2;7,399503;7;14,21507;0,4290383;0,01960993;-0,3180832;-0,2872497;0,3159073
8;torus;0;2;7,413554;7;14,21507;1,205018;0,07464886;-0,8529752;-0,8478969;0,3063028
8;torus;0;2;7,427146;7;14,21507;0,7860672;0,05703568;-0,4685432;-0,6285824;0,3030482
8;torus;0;2;7,44147;7;14,21507;0,8797684;0,06421208;-0,4322007;-0,7635914;0,30239
8;torus;0;2;7,455029;7;14,21507;0,8797684;0,06421208;-0,4322007;-0,7635914;0,30239
8;torus;0;2;7,469491;7;14,21507;1,488244;0,0818789;-0,7449314;-1,285785;0,3031349
8;torus;0;2;7,482894;7;14,21507;0,5390787;0,01226664;-0,3692612;-0,3925577;0,3016962
8;torus;0;2;7,496873;7;14,21507;0,5390787;0,01226664;-0,3692612;-0,3925577;0,3016962
8;torus;0;2;7,5107;7;14,21507;0,9495988;0,0003099442;-0,8274041;-0,4659832;0,2947293
8;torus;0;2;7,524884;7;14,21507;0,3994926;-0,002497435;-0,3317066;-0,2226181;0,2926504
8;torus;0;2;7,538698;7;14,21507;0,3994926;-0,002497435;-0,3317066;-0,2226181;0,2926504
8;torus;0;2;7,552802;7;14,21507;0,8855286;-0,00551343;-0,7698484;-0,4375659;0,2875967
8;torus;0;2;7,566562;7;14,21507;0,3907618;-0,01377463;-0,3822774;-0,07980615;0,28355
8;torus;0;2;7,580492;7;14,21507;0,3211021;-0,01820922;-0,3201187;-0,0172928;0,2795646
8;torus;0;2;7,594466;7;14,21507;0,3211021;-0,01820922;-0,3201187;-0,0172928;0,2795646
8;torus;0;2;7,608428;7;14,21507;0,6721616;-0,03840923;-0,6709613;-0,01169592;0,2711715
8;torus;0;2;7,622235;7;14,21507;0,3236687;-0,01614094;-0,3231116;-0,009992719;0,2673573
8;torus;0;2;7,636093;7;14,21507;0,3236687;-0,01614094;-0,3231116;-0,009992719;0,2673573
8;torus;0;2;7,650327;7;14,21507;0,6487794;-0,03219247;-0,6472268;-0,03123879;0,260198
8;torus;0;2;7,664345;7;14,21507;0,3153304;-0,01170635;-0,3103942;-0,05432963;0,2575381
8;torus;0;2;7,67832;7;14,21507;0,3153304;-0,01170635;-0,3103942;-0,05432963;0,2575381
8;torus;0;2;7,691822;7;14,21507;0,7398046;-0,02195835;-0,7101845;-0,2060741;0,2532347
8;torus;0;2;7,705509;7;14,21507;0,4250699;-0,01507401;-0,4134115;-0,09771436;0,2507296
8;torus;0;2;7,719646;7;14,21507;0,4250699;-0,01507401;-0,4134115;-0,09771436;0,2507296
8;torus;0;2;7,733443;7;14,21507;0,9994826;-0,04734397;-0,9714797;-0,2301112;0,2458076
8;torus;0;2;7,747317;7;14,21507;0,7336426;-0,04249811;-0,7164463;-0,1520857;0,2428077
8;torus;0;2;7,761456;7;14,21507;0,758103;-0,04888177;-0,7342778;-0,1821175;0,2410307
8;torus;0;2;7,77495;7;14,21507;0,758103;-0,04888177;-0,7342778;-0,1821175;0,2410307
8;torus;0;2;7,789075;7;14,21507;1,467635;-0,1289546;-1,426814;-0,3186315;0,2393756
8;torus;0;2;7,803234;7;14,21507;0,5821602;-0,05645752;-0,5051017;-0,2838932;0,242654
8;torus;0;2;7,817073;7;14,21507;0,5821602;-0,05645752;-0,5051017;-0,2838932;0,242654
8;torus;0;2;7,83098;7;14,21507;0,9956223;-0,1201928;-0,8276895;-0,5401366;0,2502749
8;torus;0;2;7,84495;7;14,21507;0,4194612;-0,06871819;-0,3753878;-0,1740962;0,2527508
8;torus;0;2;7,858515;7;14,21507;0,4194612;-0,06871819;-0,3753878;-0,1740962;0,2527508
8;torus;0;2;7,87247;7;14,21507;0,6389241;-0,154829;-0,6158777;-0,07033199;0,2530401
8;torus;0;2;7,886582;7;14,21507;0,3682187;-0,08503795;-0,3554069;-0,04516095;0,2536163
8;torus;0;2;7,900345;7;14,21507;0,3776366;-0,08070469;-0,3366992;-0,150764;0,2563712
8;torus;0;2;7,914668;7;14,21507;0,3776366;-0,08070469;-0,3366992;-0,150764;0,2563712
8;torus;0;2;7,928357;7;14,21507;0,7139142;-0,1651585;-0,6072551;-0,3371015;0,2629087
8;torus;0;2;7,942249;7;14,21507;0,2996401;-0,07536411;-0,2003588;-0,2096683;0,2669108
8;torus;0;2;7,95606;7;14,21507;0,2996401;-0,07536411;-0,2003588;-0,2096683;0,2669108
8;torus;0;2;7,970238;7;14,21507;0,5841069;-0,1585126;-0,4657231;-0,3148913;0,2733496
8;torus;0;2;7,98419;7;14,21507;0,4307787;-0,1014233;-0,386209;-0,1616359;0,2772521
8;torus;0;2;7,997881;7;14,21507;0,4307787;-0,1014233;-0,386209;-0,1616359;0,2772521
8;torus;0;2;8,011793;7;14,21507;1,094214;-0,2580643;-1,042486;-0,2095968;0,2846794
8;torus;0;2;8,025906;7;14,21507;0,5222239;-0,1335621;-0,4765332;-0,1667187;0,2897941
8;torus;0;2;8,040322;7;14,21507;0,4366532;-0,1038074;-0,2847314;-0,3143534;0,296825
8;torus;0;2;8,053629;7;14,21507;0,4366532;-0,1038074;-0,2847314;-0,3143534;0,296825
8;torus;0;2;8,067487;7;14,21507;1,164678;-0,2036572;-0,5086839;-1,027735;0,3181237
8;torus;0;2;8,081644;7;14,21507;0,6148564;-0,1180172;-0,3081262;-0,5188242;0,3292568
8;torus;0;2;8,095285;7;14,21507;0,6148564;-0,1180172;-0,3081262;-0,5188242;0,3292568
8;torus;0;2;8,109245;7;14,21507;0,8567239;-0,2236128;-0,3945097;-0,7268667;0,3445365
8;torus;0;2;8,123176;7;14,21507;0,2636677;-0,0849545;0,02415329;-0,2484351;0,3487019
8;torus;0;2;8,137412;7;14,21507;0,2636677;-0,0849545;0,02415329;-0,2484351;0,3487019
8;torus;0;2;8,150981;7;14,21507;0,4085984;-0,1520038;0,1689836;-0,3395468;0,3534592
8;torus;0;2;8,165038;7;14,21507;0,3038694;-0,05598664;0,2091676;-0,2131924;0,3559926
8;torus;0;2;8,179078;7;14,21507;0,3038694;-0,05598664;0,2091676;-0,2131924;0,3559926
8;torus;0;2;8,192859;7;14,21507;0,9296387;-0,07202625;0,6679967;-0,6425112;0,3642042
8;torus;0;2;8,20673;7;14,21507;0,5813682;-0,04384518;0,3009617;-0,4954681;0,3720799
8;torus;0;2;8,220771;7;14,21507;0,4671779;-0,1282019;0,3892677;-0,2242547;0,3743403
8;torus;0;2;8,234609;7;14,21507;0,4671779;-0,1282019;0,3892677;-0,2242547;0,3743403
8;torus;0;2;8,249146;7;14,21507;0,7035511;-0,197033;0,5592914;-0,3786228;0,3784524
8;torus;0;2;8,262673;7;14,21507;0,5773425;-0,237822;0,320304;-0,4173373;0,3852936
8;torus;0;2;8,276688;7;14,21507;0,5773425;-0,237822;0,320304;-0,4173373;0,3852936
8;torus;0;2;8,29064;7;14,21507;0,833189;-0,2990606;0,4866877;-0,606549;0,3956845
8;torus;0;2;8,304564;7;14,21507;0,6427462;-0,1108526;0,3493483;-0,5280058;0,4053736
8;torus;0;2;8,318233;7;14,21507;0,6427462;-0,1108526;0,3493483;-0,5280058;0,4053736
8;torus;0;2;8,332297;7;14,21507;0,596747;-0,1135607;0,3383331;-0,4782695;0,4112084
8;torus;0;2;8,346294;7;14,21507;0,4676755;-0,03113931;0,2512912;-0,3931965;0,4183392
8;torus;0;2;8,359954;7;14,21507;0,4676755;-0,03113931;0,2512912;-0,3931965;0,4183392
8;torus;0;2;8,373775;7;14,21507;0,6885608;0,01722938;0,3523339;-0,5913374;0,4297031
8;torus;0;2;8,387734;7;14,21507;0,4809203;0,04936618;0,1689496;-0,4475527;0,4387258
8;torus;0;2;8,401859;7;14,21507;0,5375165;-0,03084871;0,132853;-0,5199254;0,448811
8;torus;0;2;8,415738;7;14,21507;0,5375165;-0,03084871;0,132853;-0,5199254;0,448811
8;torus;0;2;8,430112;7;14,21507;1,055236;-0,1872994;0,4675259;-0,9272873;0,4665515
8;torus;0;2;8,443563;7;14,21507;2,363944;0,2593951;0,04203827;-2,349293;0,5137275
8;torus;0;2;8,457512;7;14,21507;2,363944;0,2593951;0,04203827;-2,349293;0,5137275
8;torus;0;2;8,471185;7;14,21507;0,613111;-0,3424223;0,2020557;-0,4667178;0,5213917
8;torus;0;2;8,485267;7;14,21507;0,5311592;-0,2180182;-0,1154585;-0,4703907;0,5303878
8;torus;0;2;8,499187;7;14,21507;0,5311592;-0,2180182;-0,1154585;-0,4703907;0,5303878
8;torus;0;2;8,513437;7;14,21507;1,182696;-0,3397189;-0,4110103;-1,055666;0,5516376
8;torus;0;2;8,527202;7;14,21507;1,198633;0,1846818;-0,4532077;-1,094174;0,5738419
8;torus;0;2;8,540992;7;14,21507;0,8077698;-0,174731;-0,1916595;-0,7650018;0,5892107
8;torus;0;2;8,555024;7;14,21507;0,8077698;-0,174731;-0,1916595;-0,7650018;0,5892107
8;torus;0;2;8,568808;7;14,21507;1,965317;-0,3751278;-0,0789851;-1,927567;0,627723
8;torus;0;2;8,583217;7;14,21507;0,968025;-0,2040863;-0,1574025;-0,9330839;0,6465057
8;torus;0;2;8,597167;7;14,21507;0,968025;-0,2040863;-0,1574025;-0,9330839;0,6465057
8;torus;0;2;8,610719;7;14,21507;2,190228;-0,4886568;-0,5106785;-2,073047;0,6885395
8;torus;0;2;8,624627;7;14,21507;1,02603;-0,241369;-0,1308449;-0,9886146;0,7085266
8;torus;0;2;8,638494;7;14,21507;1,02603;-0,241369;-0,1308449;-0,9886146;0,7085266
8;torus;0;2;8,652468;7;14,21507;1,553446;-0,3534853;0,2176367;-1,496956;0,7383655
8;torus;0;2;8,666418;7;14,21507;0,5373335;-0,1026928;0,2561621;-0,4610449;0,7473961
8;torus;0;2;8,680077;7;14,21507;0,523936;-0,0762403;0,344757;-0,3870904;0,7549122
8;torus;0;2;8,694109;7;14,21507;0,523936;-0,0762403;0,344757;-0,3870904;0,7549122
8;torus;0;2;8,708033;7;14,21507;1,141665;-0,02929568;1,061458;-0,4193425;0,7628857
8;torus;0;2;8,721964;7;14,21507;0,43959;0,01875758;0,4391068;-0,008529425;0,7630397
8;torus;0;2;8,735972;7;14,21507;0,43959;0,01875758;0,4391068;-0,008529425;0,7630397
8;torus;0;2;8,750041;7;14,21507;1,243534;0,2061486;1,039629;0,6504238;0,7503024
8;torus;0;2;8,76359;7;14,21507;0,6822377;0,1144409;0,565558;0,3639996;0,7434266
8;torus;0;2;8,777645;7;14,21507;0,6822377;0,1144409;0,565558;0,3639996;0,7434266
8;torus;0;2;8,791767;7;14,21507;1,470881;0,271529;1,120504;0,9133637;0,7265155
8;torus;0;2;8,805565;7;14,21507;0,610765;0,1243055;0,3273927;0,5003959;0,7170582
8;torus;0;2;8,819348;7;14,21507;0,610765;0,1243055;0,3273927;0,5003959;0,7170582
8;torus;0;2;8,833646;7;14,21507;1,183411;0,2450645;0,4552133;1,064512;0,6966979
8;torus;0;2;8,847162;7;14,21507;0,6099163;0,112927;0,4077435;0,4393071;0,6888677
8;torus;0;2;8,861316;7;14,21507;0,677113;0,0811398;0,6446857;0,1904696;0,6867446
8;torus;0;2;8,875629;7;14,21507;0,677113;0,0811398;0,6446857;0,1904696;0,6867446
8;torus;0;2;8,889354;7;14,21507;0,9665588;0,1051724;0,9467144;0,164032;0,686383
8;torus;0;2;8,903221;7;14,21507;0,2364005;0,02140999;0,2291519;-0,05400181;0,6882234
8;torus;0;2;8,917177;7;14,21507;0,2364005;0,02140999;0,2291519;-0,05400181;0,6882234
8;torus;0;2;8,931034;7;14,21507;0,7313359;0,07283092;0,7274609;0,01866817;0,6905161
8;torus;0;2;8,944635;7;14,21507;0,2246615;0,05337596;0,1680091;0,1392722;0,6884429
8;torus;0;2;8,958684;7;14,21507;0,2246615;0,05337596;0,1680091;0,1392722;0,6884429
8;torus;0;2;8,972589;7;14,21507;0,47892;0,1318336;0,07739738;0,4538655;0,6798692
8;torus;0;2;8,986526;7;14,21507;0,08570118;0,02452731;-0,0680007;0,04603267;0,6786945
8;torus;0;2;9,000598;7;14,21507;0,06783685;0,005781651;0,01778752;-0,06520748;0,6800442
8;torus;0;2;9,014395;7;14,21507;0,06783685;0,005781651;0,01778752;-0,06520748;0,6800442
8;torus;0;2;9,02856;7;14,21507;0,4605457;-0,0003218651;0,2633579;-0,377816;0,6885179
8;torus;0;2;9,042371;7;14,21507;0,2788793;-0,03616214;0,02274141;-0,275588;0,6940012
8;torus;0;2;9,056182;7;14,21507;0,2788793;-0,03616214;0,02274141;-0,275588;0,6940012
8;torus;0;2;9,070076;7;14,21507;0,7125253;-0,1057088;0,2828106;-0,6453961;0,7077978
8;torus;0;2;9,08415;7;14,21507;0,3045495;-0,01558065;0,2876572;-0,09879768;0,7109572
8;torus;0;2;9,097853;7;14,21507;0,3045495;-0,01558065;0,2876572;-0,09879768;0,7109572
8;torus;0;2;9,11192;7;14,21507;0,461229;0,06334186;0,2353773;0,3915578;0,7043661
8;torus;0;2;9,125842;7;14,21507;0,4383012;0,05592108;0,2476193;0,357303;0,6985576
8;torus;0;2;9,139399;7;14,21507;0,4383012;0,05592108;0,2476193;0,357303;0,6985576
8;torus;0;2;9,153913;7;14,21507;1,014963;0,110352;0,6719485;0,7526338;0,6872973
8;torus;0;2;9,167487;7;14,21507;0,6895331;0,01909137;0,6552204;0,2139568;0,68669
8;torus;0;2;9,181048;7;14,21507;0,6278847;-0,01027584;0,6253645;0,05525351;0,6892098
8;torus;0;2;9,195251;7;14,21507;0,6278847;-0,01027584;0,6253645;0,05525351;0,6892098
8;torus;0;2;9,209266;7;14,21507;1,213567;-0,0389576;1,211667;0,05558431;0,6956823
8;torus;0;2;9,223108;7;14,21507;0,7496362;-0,01787543;0,7440388;0,08967221;0,699003
8;torus;0;2;9,237182;7;14,21507;0,7496362;-0,01787543;0,7440388;0,08967221;0,699003
8;torus;0;2;9,250998;7;14,21507;1,126854;0,0297904;0,9977475;0,5228877;0,6964729
8;torus;0;2;9,264881;7;14,21507;0,4357187;0,06197691;0,0672549;0,4260123;0,6891105
8;torus;0;2;9,27891;7;14,21507;0,4357187;0,06197691;0,0672549;0,4260123;0,6891105
8;torus;0;2;9,292816;7;14,21507;0,7195714;0,1099706;-0,07586479;0,7070601;0,6755
8;torus;0;2;9,307088;7;14,21507;0,3303178;0,03780127;0,1361728;0,2985597;0,6710806
8;torus;0;2;9,320964;7;14,21507;0,3733929;0,03163218;0,2446398;0,2803087;0,667903
8;torus;0;2;9,3347;7;14,21507;0,3733929;0,03163218;0,2446398;0,2803087;0,667903
8;torus;0;2;9,348806;7;14,21507;0,733335;0,05760789;0,4982725;0,5349636;0,6622939
8;torus;0;2;9,362784;7;14,21507;0,3777742;0,02900362;0,2650544;0,2676159;0,6597288
8;torus;0;2;9,376228;7;14,21507;0,3777742;0,02900362;0,2650544;0,2676159;0,6597288
8;torus;0;2;9,38998;7;14,21507;0,9751136;0,05729795;0,7113814;0,6644547;0,6541753
8;torus;0;2;9,40415;7;14,21507;0,5383906;0,04835129;0,2547324;0,4718453;0,6481948
8;torus;0;2;9,418222;7;14,21507;0,5383906;0,04835129;0,2547324;0,4718453;0,6481948
8;torus;0;2;9,431857;7;14,21507;1,116724;0,1159608;0,2902538;1,072091;0,6322287
8;torus;0;2;9,445867;7;14,21507;0,5747612;0,06785393;0,004938245;0,5707204;0,6223959
8;torus;0;2;9,459806;7;14,21507;0,5747612;0,06785393;0,004938245;0,5707204;0,6223959
8;torus;0;2;9,473642;7;14,21507;1,088868;0,1221538;-0,02047569;1,0818;0,6036082
8;torus;0;2;9,487568;7;14,21507;0,5663791;0,06510615;-0,0995636;0,553745;0,5931456
8;torus;0;2;9,501596;7;14,21507;0,5930063;0,071311;-0,2231628;0,5447656;0,5815798
8;torus;0;2;9,515485;7;14,21507;0,5930063;0,071311;-0,2231628;0,5447656;0,5815798
8;torus;0;2;9,529413;7;14,21507;0,9209981;0,110817;-0,300014;0,8636832;0,5638328
8;torus;0;2;9,54331;7;14,21507;0,4097053;0,04293919;-0,01267791;0,4072517;0,5568411
8;torus;0;2;9,557298;7;14,21507;0,4097053;0,04293919;-0,01267791;0,4072517;0,5568411
8;torus;0;2;9,571247;7;14,21507;1,108549;0,0982523;-0,1140699;1,098278;0,5372588
8;torus;0;2;9,58525;7;14,21507;0,6034295;0,04482865;-0,06671697;0,5980521;0,5266212
8;torus;0;2;9,599153;7;14,21507;0,6034295;0,04482865;-0,06671697;0,5980521;0,5266212
8;torus;0;2;9,613097;7;14,21507;1,214426;0,07586479;-0,1609996;1,201314;0,5051207
8;torus;0;2;9,627255;7;14,21507;0,5844893;0,03306866;-0,1644805;0,5598933;0,4941443
8;torus;0;2;9,641086;7;14,21507;0,5871963;0,03188848;-0,2634287;0,5238205;0,4826247
8;torus;0;2;9,654923;7;14,21507;0,5871963;0,03188848;-0,2634287;0,5238205;0,4826247
8;torus;0;2;9,668835;7;14,21507;1,235933;0,05360246;-0,5771771;1,09157;0,4583049
8;torus;0;2;9,682514;7;14,21507;0,6281684;0,0225246;-0,3470466;0,5231127;0,4458279
8;torus;0;2;9,696657;7;14,21507;0,6281684;0,0225246;-0,3470466;0,5231127;0,4458279
8;torus;0;2;9,710998;7;14,21507;1,213295;0,04090071;-0,7602796;0,9446621;0,4217333
8;torus;0;2;9,724504;7;14,21507;0,3762872;0,01896024;-0,3751218;-0,0227198;0,4177662
8;torus;0;2;9,738235;7;14,21507;0,3762872;0,01896024;-0,3751218;-0,0227198;0,4177662
8;torus;0;2;9,752174;7;14,21507;0,6720161;0,03731847;-0,6512657;0,1614496;0,4077986
8;torus;0;2;9,766123;7;14,21507;0,4610998;0,02441406;-0,4544146;0,0743255;0,4016007
8;torus;0;2;9,779972;7;14,21507;0,4610998;0,02441406;-0,4544146;0,0743255;0,4016007
8;torus;0;2;9,793951;7;14,21507;1,200559;0,0547111;-1,122911;0,4212126;0,3827273
8;torus;0;2;9,808227;7;14,21507;0,5896786;0,02563596;-0,5258039;0,2656952;0,3729113
8;torus;0;2;9,821822;7;14,21507;0,5614704;0,02607703;-0,538677;0,1561925;0,3649986
8;torus;0;2;9,835766;7;14,21507;0,5614704;0,02607703;-0,538677;0,1561925;0,3649986
8;torus;0;2;9,849853;7;14,21507;1,045947;0,05466342;-1,041812;0,07511973;0,3542732
8;torus;0;2;9,863671;7;14,21507;0,5001782;0,03149509;-0,4987836;-0,02003163;0,3504904
8;torus;0;2;9,877556;7;14,21507;0,5001782;0,03149509;-0,4987836;-0,02003163;0,3504904
8;torus;0;2;9,891342;7;14,21507;1,282727;0,06577373;-1,187326;0,4809573;0,3326721
8;torus;0;2;9,90563;7;14,21507;0,8839039;0,02697706;-0,748732;0,4689977;0,318841
8;torus;0;2;9,919746;7;14,21507;0,8839039;0,02697706;-0,748732;0,4689977;0,318841
8;torus;0;2;9,933074;7;14,21507;2,171345;0,02636909;-1,839474;1,153421;0,2865236
8;torus;0;2;9,947075;7;14,21507;1,285111;-0,01654625;-1,123203;0,6242216;0,2697954
8;torus;0;2;9,961295;7;14,21507;1,346384;-0,03600717;-1,173204;0,659579;0,2537203
8;torus;0;2;9,975304;7;14,21507;1,346384;-0,03600717;-1,173204;0,659579;0,2537203
8;torus;0;2;9,988849;7;14,21507;2,195046;-0,06677508;-1,901268;1,094964;0,2314403
8;torus;0;2;10,00278;7;14,21507;1,009411;-0,03487468;-0,9703525;0,2758816;0,2280658
8;torus;0;2;10,01676;7;14,21507;1,009411;-0,03487468;-0,9703525;0,2758816;0,2280658
8;torus;0;2;10,03077;7;14,21507;2,475292;-0,1181185;-2,469222;-0,1267284;0,2426399
8;torus;0;2;10,04463;7;14,21507;1,295835;-0,06738305;-1,24314;-0,3595158;0,25861
8;torus;0;2;10,05864;7;14,21507;1,295835;-0,06738305;-1,24314;-0,3595158;0,25861
8;torus;0;2;10,07257;7;14,21507;2,165773;-0,1313448;-2,043107;-0,7064238;0,289929
8;torus;0;2;10,08624;7;14,21507;0,7764274;-0,059551;-0,7680655;-0,09679198;0,2996503
8;torus;0;2;10,10034;7;14,21507;0,6026556;-0,04966855;-0,6003752;0,01662746;0,3060805
8;torus;0;2;10,11446;7;14,21507;0,6026556;-0,04966855;-0,6003752;0,01662746;0,3060805
8;torus;0;2;10,12836;7;14,21507;0,7492056;-0,04096031;-0,6188527;0,4203007;0,3067479
8;torus;0;2;10,14213;7;14,21507;0,1964593;0,003474951;-0,1443997;0,133165;0,3064912
8;torus;0;2;10,15611;7;14,21507;0,1964593;0,003474951;-0,1443997;0,133165;0,3064912
8;torus;0;2;10,16996;7;14,21507;0,422285;-0,01011491;-0,417833;-0,06031469;0,3127133
8;torus;0;2;10,18372;7;14,21507;0,3357566;-0,01505613;-0,2886519;-0,1708388;0,3190053
8;torus;0;2;10,19763;7;14,21507;0,3357566;-0,01505613;-0,2886519;-0,1708388;0,3190053
8;torus;0;2;10,21197;7;14,21507;0,4602188;-0,008320808;-0,4040301;-0,2202086;0,3275788
8;torus;0;2;10,2255;7;14,21507;0,2325356;-0,01981258;-0,230144;0,02672151;0,3301881
8;torus;0;2;10,2395;7;14,21507;0,2325356;-0,01981258;-0,230144;0,02672151;0,3301881
8;torus;0;2;10,2535;7;14,21507;0,6056679;-0,07758141;-0,5221292;0,2969779;0,3328083
8;torus;0;2;10,26784;7;14,21507;0,2012872;-0,01866817;-0,1294568;0,1529999;0,3323949
8;torus;0;2;10,28126;7;14,21507;0,1623997;-0,0005304813;-0,02075285;0,1610674;0,3304075
8;torus;0;2;10,29504;7;14,21507;0,1623997;-0,0005304813;-0,02075285;0,1610674;0,3304075
8;torus;0;2;10,30893;7;14,21507;0,4714099;-0,05675554;-0,4654214;0,04887804;0,3362785
8;torus;0;2;10,32324;7;14,21507;0,4027251;-0,06110668;-0,3954589;-0,04545003;0,3425537
8;torus;0;2;10,33683;7;14,21507;0,4027251;-0,06110668;-0,3954589;-0,04545003;0,3425537
8;torus;0;2;10,35113;7;14,21507;0,703546;-0,1090229;-0,6350368;0,282523;0,3480899
8;torus;0;2;10,36478;7;14,21507;0,2583732;-0,02923608;-0,1964495;0,1652561;0,3489041
8;torus;0;2;10,37856;7;14,21507;0,2583732;-0,02923608;-0,1964495;0,1652561;0,3489041
8;torus;0;2;10,39249;7;14,21507;0,4175347;-0,03948212;-0,3899977;0,1437992;0,3530552
8;torus;0;2;10,4064;7;14,21507;0,2628366;-0,03250837;-0,2440006;0,09214133;0,3556922
8;torus;0;2;10,42037;7;14,21507;0,4016087;-0,05593896;-0,2891004;0,2730958;0,3569019
8;torus;0;2;10,43411;7;14,21507;0,4016087;-0,05593896;-0,2891004;0,2730958;0,3569019
8;torus;0;2;10,44857;7;14,21507;0,9761344;-0,1351416;-0,535059;0,8051627;0,3562186
8;torus;0;2;10,4621;7;14,21507;0,5387745;-0,05123615;-0,1311973;0,5200386;0,3527358
8;torus;0;2;10,47592;7;14,21507;0,5387745;-0,05123615;-0,1311973;0,5200386;0,3527358
8;torus;0;2;10,49004;7;14,21507;0,5451716;-0,05789399;-0,2521276;0,4798874;0,3520368
8;torus;0;2;10,50409;7;14,21507;0,06415422;0,006836653;-0,05788952;0,02679229;0,3527724
8;torus;0;2;10,51767;7;14,21507;0,06415422;0,006836653;-0,05788952;0,02679229;0,3527724
8;torus;0;2;10,53196;7;14,21507;0,0404671;0,02555251;-0,0265345;-0,0167504;0,3534189
8;torus;0;2;10,54558;7;14,21507;0,3247306;0,009971857;-0,01349151;0,324297;0,3504543
8;torus;0;2;10,55981;7;14,21507;0,3247306;0,009971857;-0,01349151;0,324297;0,3504543
8;torus;0;2;10,57364;7;14,21507;0,6046897;0,02564192;0,09223074;0,5970642;0,3431804
8;torus;0;2;10,58752;7;14,21507;0,2080741;0,02545714;0,08311868;0,1890451;0,3399909
8;torus;0;2;10,60123;7;14,21507;0,228263;0,05942583;0,1797661;-0,1275018;0,3380362
8;torus;0;2;10,61518;7;14,21507;0,228263;0,05942583;0,1797661;-0,1275018;0,3380362
8;torus;0;2;10,62934;7;14,21507;0,2569753;0,09343028;0,1842499;-0,1528367;0,3363314
8;torus;0;2;10,64301;7;14,21507;0,2485892;0,1001954;0,2179325;0,06529093;0,3320032
8;torus;0;2;10,65727;7;14,21507;0,2485892;0,1001954;0,2179325;0,06529093;0,3320032
8;torus;0;2;10,67129;7;14,21507;0,3755169;0,0784874;0,1658306;0,3276475;0,3260834
8;torus;0;2;10,68532;7;14,21507;0,2218058;0,01089573;-0,02743751;0,2198324;0,3245478
8;torus;0;2;10,69885;7;14,21507;0,2218058;0,01089573;-0,02743751;0,2198324;0,3245478
8;torus;0;2;10,71279;7;14,21507;0,3910155;0,01193881;-0,2014205;0,3349334;0,325167
8;torus;0;2;10,72702;7;14,21507;0,2733065;-0,02232194;-0,2643764;0,06559938;0,3293293
8;torus;0;2;10,74052;7;14,21507;0,3472796;-0,03327727;-0,3451511;0,01914278;0,3353675
8;torus;0;2;10,75444;7;14,21507;0,3472796;-0,03327727;-0,3451511;0,01914278;0,3353675
8;torus;0;2;10,76845;7;14,21507;0,5449879;-0,03672242;-0,4997015;0,2143867;0,3426881
8;torus;0;2;10,78217;7;14,21507;0,1826151;0,01834035;-0,09695143;0,153663;0,3432885
8;torus;0;2;10,79614;7;14,21507;0,1826151;0,01834035;-0,09695143;0,153663;0,3432885
8;torus;0;2;10,81013;7;14,21507;0,5650424;-0,02077222;-0,3786355;0,4188992;0,3471599
8;torus;0;2;10,82426;7;14,21507;0,396645;-0,04369617;-0,2963841;0,2599508;0,3508428
8;torus;0;2;10,83805;7;14,21507;0,396645;-0,04369617;-0,2963841;0,2599508;0,3508428
8;torus;0;2;10,85214;7;14,21507;0,8130847;-0,09093881;-0,5475312;0,5941771;0,3573089
8;torus;0;2;10,86583;7;14,21507;0,3493043;-0,01884699;-0,1448557;0,3172934;0,3582138
8;torus;0;2;10,88002;7;14,21507;0,2727033;-0,0181973;-0,1696974;0,212694;0,3602869
8;torus;0;2;10,89387;7;14,21507;0,2727033;-0,0181973;-0,1696974;0,212694;0,3602869
8;torus;0;2;10,90772;7;14,21507;0,537254;-0,04227757;-0,3213689;0,4284583;0,364273
8;torus;0;2;10,92178;7;14,21507;0,2742916;-0,03256202;-0,1921788;0,1929842;0,3670681
8;torus;0;2;10,93561;7;14,21507;0,2742916;-0,03256202;-0,1921788;0,1929842;0,3670681
8;torus;0;2;10,94953;7;14,21507;0,5509089;-0,008511543;-0,04092306;0,5493209;0,3655002
8;torus;0;2;10,96369;7;14,21507;0,2332126;0,02017021;0,06071478;0,2242655;0,3634546
8;torus;0;2;10,9776;7;14,21507;0,2332126;0,02017021;0,06071478;0,2242655;0,3634546
8;torus;0;2;10,99148;7;14,21507;0,4803445;0,003701448;0,03149509;0,4792966;0,361148
8;torus;0;2;11,00534;7;14,21507;0,2670311;-0,02378821;-0,05732477;0,2597183;0,3614466
8;torus;0;2;11,01931;7;14,21507;0,2670311;-0,02378821;-0,05732477;0,2597183;0,3614466
8;torus;0;2;11,03323;7;14,21507;0,4177347;-0,002342463;0,01786798;0,4173458;0,3599403
8;torus;0;2;11,04708;7;14,21507;0,09671225;0,01889467;0,05388856;0,07805303;0,3586936
8;torus;0;2;11,06077;7;14,21507;0,06377813;0,02866387;0,05678833;-0,004595518;0,3576044
8;torus;0;2;11,07451;7;14,21507;0,06377813;0,02866387;0,05678833;-0,004595518;0,3576044
8;torus;0;2;11,08922;7;14,21507;0,2627985;0,02437234;0,03952682;0,2586633;0,356241
8;torus;0;2;11,10243;7;14,21507;0,2687975;0,008487701;0,003224611;0,2686441;0,3556381
8;torus;0;2;11,11623;7;14,21507;0,2687975;0,008487701;0,003224611;0,2686441;0,3556381
8;torus;0;2;11,1302;7;14,21507;0,6255453;0,007975101;0,146091;0,6081946;0,3517923
8;torus;0;2;11,14436;7;14,21507;0,3507557;-0,01634359;0,05378127;0,3462225;0,3503504
8;torus;0;2;11,15845;7;14,21507;0,3507557;-0,01634359;0,05378127;0,3462225;0,3503504
8;torus;0;2;11,17207;7;14,21507;0,6732026;0,01183152;0,2368614;0,6300464;0,345337
8;torus;0;2;11,18602;7;14,21507;0,2575169;0,01847148;0,1054972;0,2341881;0,3432548
8;torus;0;2;11,19984;7;14,21507;0,2575169;0,01847148;0,1054972;0,2341881;0,3432548
8;torus;0;2;11,21389;7;14,21507;0,3511592;-0,02182722;-0,1069263;0,3337711;0,3454883
8;torus;0;2;11,22792;7;14,21507;0,2285071;-0,004535913;0,01262575;0,2281129;0,3453875
8;torus;0;2;11,24168;7;14,21507;0,2146554;0,005352497;0,03857613;0,2110928;0,344821
8;torus;0;2;11,25582;7;14,21507;0,2146554;0,005352497;0,03857613;0,2110928;0,344821
8;torus;0;2;11,2698;7;14,21507;0,2584804;0,05336404;0,1459911;0,2065212;0,342209
8;torus;0;2;11,28373;7;14,21507;0,08782304;0,004255772;-0,02197325;0,08492321;0,3427667
8;torus;0;2;11,29754;7;14,21507;0,08782304;0,004255772;-0,02197325;0,08492321;0,3427667
8;torus;0;2;11,31129;7;14,21507;0,2550586;0,01426935;0,01605302;0,2541527;0,3428575
8;torus;0;2;11,32538;7;14,21507;0,2443177;0,01968741;0,1052588;0,2195999;0,3411889
8;torus;0;2;11,33914;7;14,21507;0,2443177;0,01968741;0,1052588;0,2195999;0,3411889
8;torus;0;2;11,35323;7;14,21507;0,7203314;0,04273653;0,3714919;0,6156661;0,3353195
8;torus;0;2;11,36722;7;14,21507;0,3631138;0,0005841255;0,1657173;0,3230929;0,3329981
8;torus;0;2;11,38109;7;14,21507;0,3712101;-0,01448393;0,131835;0,3467083;0,331552
8;torus;0;2;11,39483;7;14,21507;0,3712101;-0,01448393;0,131835;0,3467083;0,331552
8;torus;0;2;11,40863;7;14,21507;0,6007604;-0,01055002;0,2309814;0,5544811;0,3291956
8;torus;0;2;11,42256;7;14,21507;0,2510048;-0,02500415;0,009933114;0,2495587;0,3300774
8;torus;0;2;11,43655;7;14,21507;0,2510048;-0,02500415;0,009933114;0,2495587;0,3300774
8;torus;0;2;11,45046;7;14,21507;0,2389639;-0,02874732;-0,1366764;0,1938991;0,3336034
8;torus;0;2;11,46455;7;14,21507;0,08012578;-0,01065731;-0,06869584;0,03984272;0,3351142
8;torus;0;2;11,47846;7;14,21507;0,08012578;-0,01065731;-0,06869584;0,03984272;0,3351142
8;torus;0;2;11,49225;7;14,21507;0,1532182;-0,003868341;-0,048545;0,1452729;0,3367556
8;torus;0;2;11,5064;7;14,21507;0,1266417;-0,01325607;-0,06661415;0,1068875;0,3385624
8;torus;0;2;11,52007;7;14,21507;0,1239775;-0,01484752;-0,05218238;0,1114763;0,3401218
8;torus;0;2;11,53411;7;14,21507;0,1239775;-0,01484752;-0,05218238;0,1114763;0,3401218
8;torus;0;2;11,54828;7;14,21507;0,1558345;-0,002199411;-0,08853376;0,1282237;0,3424931
8;torus;0;2;11,56207;7;14,21507;0,05326378;0,006848574;-0,02006292;0,04886314;0,3431441
8;torus;0;2;11,57589;7;14,21507;0,05326378;0,006848574;-0,02006292;0,04886314;0,3431441
8;torus;0;2;11,59;7;14,21507;0,1138183;0,04081726;0,05323589;0,09194836;0,342654
8;torus;0;2;11,60377;7;14,21507;0,1915286;0,04124045;0,1317531;0,1327537;0,3408998
8;torus;0;2;11,61763;7;14,21507;0,1915286;0,04124045;0,1317531;0,1327537;0,3408998
8;torus;0;2;11,63148;7;14,21507;0,8531117;0,1128614;0,6441623;0,5478293;0,3320539
8;torus;0;2;11,64554;7;14,21507;0,4229488;0,05366802;0,3521472;0,2280302;0,3269947
8;torus;0;2;11,65946;7;14,21507;0,4229488;0,05366802;0,3521472;0,2280302;0,3269947
8;torus;0;2;11,67343;7;14,21507;0,8871681;0,06327033;0,6599814;0,5894818;0,3190791
8;torus;0;2;11,68738;7;14,21507;0,3496698;-0,007903576;0,1773149;0,3012739;0,3181963
8;torus;0;2;11,70135;7;14,21507;0,336939;-0,007933378;0,1678973;0,2920195;0,3175566
8;torus;0;2;11,71509;7;14,21507;0,336939;-0,007933378;0,1678973;0,2920195;0,3175566
8;torus;0;2;11,72885;7;14,21507;0,6351253;-0,01498461;0,3048256;0,5569928;0,3170038
8;torus;0;2;11,74284;7;14,21507;0,2618538;0,0004172325;0,126183;0,2294451;0,3169225
8;torus;0;2;11,7566;7;14,21507;0,2618538;0,0004172325;0,126183;0,2294451;0,3169225
8;torus;0;2;11,77075;7;14,21507;0,4020618;0,01727939;0,1993194;0,3487505;0,3168588
8;torus;0;2;11,78509;7;14,21507;0,21492;-0,01696348;0,02718866;0,2125174;0,3184978
8;torus;0;2;11,79867;7;14,21507;0,21492;-0,01696348;0,02718866;0,2125174;0,3184978
8;torus;0;2;11,81296;7;14,21507;0,3564407;-0,06050467;-0,1172647;0,3311165;0,3238187
8;torus;0;2;11,82652;7;14,21507;0,1953437;-0,03073812;-0,04864633;0,1866758;0,326557
8;torus;0;2;11,84079;7;14,21507;0,1537465;-0,006461143;0,02114028;0,1521491;0,3278036
8;torus;0;2;11,85425;7;14,21507;0,1537465;-0,006461143;0,02114028;0,1521491;0,3278036
8;torus;0;2;11,86811;7;14,21507;0,3609977;0,0002920628;0,1214966;0,339938;0,3294575
8;torus;0;2;11,88207;7;14,21507;0,03121701;0,007289648;0,01338273;0,02724454;0,3295452
8;torus;0;2;11,89599;7;14,21507;0,03121701;0,007289648;0,01338273;0,02724454;0,3295452
8;torus;0;2;11,90997;7;14,21507;0,1125324;0,03025532;0,07869303;0,07453561;0,3291082
8;torus;0;2;11,92445;7;14,21507;0,1240705;0,005692244;0,03392547;0,1192063;0,3298939
8;torus;0;2;11,93793;7;14,21507;0,1240705;0,005692244;0,03392547;0,1192063;0,3298939
8;torus;0;2;11,95176;7;14,21507;0,2243642;0,04060268;0,1584649;0,1535565;0,3291013
8;torus;0;2;11,96567;7;14,21507;0,08275787;0,0248313;0,06742924;0,04105568;0,3285115
8;torus;0;2;11,9796;7;14,21507;0,08275787;0,0248313;0,06742924;0,04105568;0,3285115
8;torus;0;2;11,99364;7;14,21507;0,2152473;0,04357696;0,1571715;0,1404621;0,3276699
8;torus;0;2;12,00774;7;14,21507;0,1731352;0,04392862;0,1565322;0,05952939;0,3259276
8;torus;0;2;12,02141;7;14,21507;0,3070371;0,08380413;0,2926052;0,04038364;0,3218876
8;torus;0;2;12,03517;7;14,21507;0,3070371;0,08380413;0,2926052;0,04038364;0,3218876
8;torus;0;2;12,04911;7;14,21507;0,859412;0,2249837;0,8288413;0,03151894;0,3097443
8;torus;0;2;12,063;7;14,21507;0,3486521;0,08903742;0,3370091;0,00744909;0,3048714
8;torus;0;2;12,07704;7;14,21507;0,3486521;0,08903742;0,3370091;0,00744909;0,3048714
8;torus;0;2;12,09089;7;14,21507;0,9950939;0,2955556;0,9206489;-0,2350837;0,2887284
8;torus;0;2;12,10494;7;14,21507;0,7889132;0,2364755;0,6972909;-0,2832823;0,2754475
8;torus;0;2;12,1189;7;14,21507;0,7889132;0,2364755;0,6972909;-0,2832823;0,2754475
8;torus;0;2;12,13297;7;14,21507;1,071297;0,3209591;0,9649992;-0,3368057;0,2582708
8;torus;0;2;12,14672;7;14,21507;0,2870272;0,1023948;0,2487093;-0,1002178;0,2538421
8;torus;0;2;12,16058;7;14,21507;0,3639606;0,1263738;0,308159;-0,1467481;0,2481111
8;torus;0;2;12,1745;7;14,21507;0,3639606;0,1263738;0,308159;-0,1467481;0,2481111
8;torus;0;2;12,18839;7;14,21507;0,697248;0,2348542;0,6201163;-0,2155319;0,2378713
8;torus;0;2;12,20228;7;14,21507;0,3178084;0,08394718;0,3060743;0,0165388;0,2345622
8;torus;0;2;12,21674;7;14,21507;0,3178084;0,08394718;0,3060743;0,0165388;0,2345622
8;torus;0;2;12,23058;7;14,21507;1,183664;0,2703488;1,149863;-0,07607937;0,2209336
8;torus;0;2;12,24431;7;14,21507;0,546903;0,1228631;0,5318843;-0,03326535;0,2152351
8;torus;0;2;12,25844;7;14,21507;0,546903;0,1228631;0,5318843;-0,03326535;0,2152351
8;torus;0;2;12,27225;7;14,21507;0,5783152;0,1623154;0,5544171;-0,02690479;0,2100951
8;torus;0;2;12,28612;7;14,21507;0,1585588;0,03472567;0,1249276;0,09125844;0,210551
8;torus;0;2;12,30034;7;14,21507;0,2241742;0,0199616;0,1556627;0,1600772;0,2117746
8;torus;0;2;12,31411;7;14,21507;0,2241742;0,0199616;0,1556627;0,1600772;0,2117746
8;torus;0;2;12,32803;7;14,21507;0,5142618;-0,04583597;0,08220896;0,5055748;0,2190154
8;torus;0;2;12,34153;7;14,21507;0,2540754;-0,01215935;0,100223;0,2331562;0,2219502
8;torus;0;2;12,35549;7;14,21507;0,2540754;-0,01215935;0,100223;0,2331562;0,2219502
8;torus;0;2;12,36955;7;14,21507;0,4298457;0,06011724;0,3628001;0,2225518;0,2230996
8;torus;0;2;12,38371;7;14,21507;0,102302;0,03672838;0,09523258;0,006891042;0,2227075
8;torus;0;2;12,39758;7;14,21507;0,102302;0,03672838;0,09523258;0,006891042;0,2227075
8;torus;0;2;12,41154;7;14,21507;0,1912857;0,02065301;0,0707157;0,1765303;0,2253403
8;torus;0;2;12,42544;7;14,21507;0,2684638;-0,01311898;0,08709058;0,2536058;0,2290099
8;torus;0;2;12,43914;7;14,21507;0,2684638;-0,01311898;0,08709058;0,2536058;0,2290099
8;torus;0;2;12,45317;7;14,21507;0,5656691;-0,04019737;0,1788437;0,5351454;0,2369219
8;torus;0;2;12,4669;7;14,21507;0,1222795;0,0009119511;0,0547342;0,1093417;0,238507
8;torus;0;2;12,48085;7;14,21507;0,10074;0,02649426;0,08843467;0,04032254;0,2388094
8;torus;0;2;12,49476;7;14,21507;0,10074;0,02649426;0,08843467;0,04032254;0,2388094
8;torus;0;2;12,50861;7;14,21507;0,3313494;0,1027703;0,3138274;0,02725869;0,2379849
8;torus;0;2;12,52245;7;14,21507;0,4089152;0,1031935;0,3948413;-0,02574995;0,2359473
8;torus;0;2;12,53636;7;14,21507;0,4089152;0,1031935;0,3948413;-0,02574995;0,2359473
8;torus;0;2;12,55037;7;14,21507;0,6947125;0,1406074;0,6792665;0,03810674;0,2343224
8;torus;0;2;12,56493;7;14,21507;0,2277362;0,04315972;0,2190121;0,04510805;0,2345591
8;torus;0;2;12,57861;7;14,21507;0,2277362;0,04315972;0,2190121;0,04510805;0,2345591
8;torus;0;2;12,59239;7;14,21507;0,6602811;0,0664413;0,6241485;0,2049275;0,2367298
8;torus;0;2;12,60635;7;14,21507;0,4378309;0,04174709;0,4245207;0,09866729;0,2378308
8;torus;0;2;12,62035;7;14,21507;0,3541159;0,03200173;0,3377542;0,1014695;0,2393525
8;torus;0;2;12,63423;7;14,21507;0,3541159;0,03200173;0,3377542;0,1014695;0,2393525
8;torus;0;2;12,64813;7;14,21507;0,7138093;0,07576346;0,6927662;0,1544625;0,2421579
8;torus;0;2;12,66205;7;14,21507;0,3910999;0,06967187;0,3836729;-0,030002;0,2420975
8;torus;0;2;12,67608;7;14,21507;0,3910999;0,06967187;0,3836729;-0,030002;0,2420975
8;torus;0;2;12,68948;7;14,21507;0,8415651;0,1626015;0,8143868;-0,1362592;0,2415742
8;torus;0;2;12,70357;7;14,21507;0,4907404;0,1045704;0,4602987;-0,1342244;0,2408459
8;torus;0;2;12,71737;7;14,21507;0,4907404;0,1045704;0,4602987;-0,1342244;0,2408459
8;torus;0;2;12,73118;7;14,21507;1,01646;0,2671778;0,8566503;-0,4774489;0,23708
8;torus;0;2;12,74538;7;14,21507;0,4294097;0,1202047;0,3551629;-0,2092913;0,2358964
8;torus;0;2;12,75923;7;14,21507;0,4294097;0,1202047;0,3551629;-0,2092913;0,2358964
8;torus;0;2;12,77339;7;14,21507;0,5360347;0,06911755;0,5141657;0,1348689;0,2413658
8;torus;0;2;12,78708;7;14,21507;0,199643;-0,001686811;0,1092132;0,1671135;0,2448374
8;torus;0;2;12,80129;7;14,21507;0,2589735;-0,02196431;0,1072433;0,2346992;0,249326
8;torus;0;2;12,81508;7;14,21507;0,2589735;-0,02196431;0,1072433;0,2346992;0,249326
8;torus;0;2;12,82902;7;14,21507;0,4233229;0,01524091;0,3233623;0,2727762;0,2560309
8;torus;0;2;12,84287;7;14,21507;0,409761;0,03898144;0,4049733;0,04879683;0,2596586
8;torus;0;2;12,85689;7;14,21507;0,409761;0,03898144;0,4049733;0,04879683;0,2596586
8;torus;0;2;12,87066;7;14,21507;0,9522217;0,05702376;0,941366;0,1315467;0,2689143
8;torus;0;2;12,88455;7;14,21507;0,3469517;-0,03798008;0,2328113;0,2544247;0,274695
8;torus;0;2;12,89838;7;14,21507;0,3469517;-0,03798008;0,2328113;0,2544247;0,274695
8;torus;0;2;12,91226;7;14,21507;0,9014636;-0,1954556;0,1901109;0,859239;0,2893906
8;torus;0;2;12,9265;7;14,21507;0,4849963;-0,1053274;0,1727935;0,4407607;0,2976097
8;torus;0;2;12,94034;7;14,21507;0,3737423;-0,05245805;0,25414;0,2689689;0,3038917
8;torus;0;2;12,95425;7;14,21507;0,3737423;-0,05245805;0,25414;0,2689689;0,3038917
8;torus;0;2;12,96832;7;14,21507;0,71752;-0,05316138;0,617262;0,3619343;0,3147839
8;torus;0;2;12,98228;7;14,21507;0,280793;-0,006371737;0,2607733;0,1039296;0,3187253
8;torus;0;2;12,99625;7;14,21507;0,280793;-0,006371737;0,2607733;0,1039296;0,3187253
8;torus;0;2;13,01008;7;14,21507;0,657245;0,0488162;0,6554283;0,00127852;0,3248504
8;torus;0;2;13,0242;7;14,21507;0,3993658;0,03410578;0,3957853;-0,04103482;0,3280832
8;torus;0;2;13,03808;7;14,21507;0,3993658;0,03410578;0,3957853;-0,04103482;0,3280832
8;torus;0;2;13,05132;7;14,21507;0,8713859;0,01074076;0,8686438;0,06823391;0,3379164
8;torus;0;2;13,06538;7;14,21507;0,4394818;0,01919866;0,4387461;-0,0166595;0,3423756
8;torus;0;2;13,07936;7;14,21507;0,4394818;0,01919866;0,4387461;-0,0166595;0,3423756
8;torus;0;2;13,09338;7;14,21507;0,8439321;0,06014109;0,8358553;-0,09975135;0,350403
8;torus;0;2;13,10767;7;14,21507;0,4409528;0,03275871;0,4342653;-0,06913692;0,3545644
8;torus;0;2;13,12128;7;14,21507;0,3227213;-0,0002563;0,3202863;0,03956854;0,3589669
8;torus;0;2;13,13541;7;14,21507;0,3227213;-0,0002563;0,3202863;0,03956854;0,3589669
8;torus;0;2;13,14922;7;14,21507;0,4734328;-0,07234216;0,3249586;0,3366113;0,3675501
8;torus;0;2;13,16333;7;14,21507;0,2564517;-0,05474687;0,0883162;0,2344579;0,3718661
8;torus;0;2;13,1769;7;14,21507;0,2564517;-0,05474687;0,0883162;0,2344579;0,3718661
8;torus;0;2;13,19101;7;14,21507;0,3771939;-0,05900264;0,2176091;0,3023908;0,3787647
8;torus;0;2;13,20492;7;14,21507;0,2599901;-0,02295375;0,2381943;0,1016438;0,3830686
8;torus;0;2;13,21894;7;14,21507;0,2599901;-0,02295375;0,2381943;0,1016438;0,3830686
8;torus;0;2;13,2325;7;14,21507;0,5016496;0,008630753;0,500796;0,02794862;0,3896884
8;torus;0;2;13,24657;7;14,21507;0,2114159;-0,00898838;0,2036572;0,05603284;0,3930229
8;torus;0;2;13,26045;7;14,21507;0,3408893;-0,03402233;0,3156155;0,1242369;0,3986799
8;torus;0;2;13,27441;7;14,21507;0,3408893;-0,03402233;0,3156155;0,1242369;0,3986799
8;torus;0;2;13,28843;7;14,21507;0,5344991;-0,1393974;0,1320377;0,4988223;0,4071014
8;torus;0;2;13,30236;7;14,21507;0,3926015;-0,1047671;0,1582548;0,3436789;0,4137675
8;torus;0;2;13,31594;7;14,21507;0,3926015;-0,1047671;0,1582548;0,3436789;0,4137675
8;torus;0;2;13,33009;7;14,21507;0,5990632;-0,1445234;0,361979;0,4549295;0,4245347
8;torus;0;2;13,34387;7;14,21507;0,316369;-0,08168817;0,173451;0,2516568;0,4301758
8;torus;0;2;13,35797;7;14,21507;0,316369;-0,08168817;0,173451;0,2516568;0,4301758
8;torus;0;2;13,37197;7;14,21507;0,5266139;-0,1457632;0,1502812;0,4832089;0,4388213
8;torus;0;2;13,38578;7;14,21507;0,2629946;-0,07041693;0,1295924;0,2177462;0,4434933
8;torus;0;2;13,40014;7;14,21507;0,2912222;-0,06477237;0,2214521;0,1776904;0,4487275
8;torus;0;2;13,41404;7;14,21507;0,2912222;-0,06477237;0,2214521;0,1776904;0,4487275
8;torus;0;2;13,42768;7;14,21507;0,9120455;-0,2005339;0,7666588;0,4514948;0,4645523
8;torus;0;2;13,4417;7;14,21507;0,5844703;-0,1451194;0,4782557;0,3030136;0,4747727
8;torus;0;2;13,45538;7;14,21507;0,5844703;-0,1451194;0,4782557;0,3030136;0,4747727
8;torus;0;2;13,46942;7;14,21507;0,9172779;-0,2709091;0,6062716;0,6328046;0,4913175
8;torus;0;2;13,48375;7;14,21507;0,4207913;-0,1385868;0,1332507;0,3743038;0,4983185
8;torus;0;2;13,49777;7;14,21507;0,4207913;-0,1385868;0,1332507;0,3743038;0,4983185
8;torus;0;2;13,51123;7;14,21507;1,029049;-0,3434956;0,09201467;0,9656534;0,5134426
8;torus;0;2;13,5251;7;14,21507;0,6376225;-0,2197921;0,05803406;0,5957231;0,5229585
8;torus;0;2;13,53897;7;14,21507;0,6376225;-0,2197921;0,05803406;0,5957231;0,5229585
8;torus;0;2;13,55298;7;14,21507;1,213354;-0,4200161;0,5433768;1,000278;0,5445622
8;torus;0;2;13,56684;7;14,21507;0,4980336;-0,1701057;0,2094761;0,4185945;0,5534582
8;torus;0;2;13,58095;7;14,21507;0,3518094;-0,1124084;0,09670854;0,3190324;0,5595217
8;torus;0;2;13,59486;7;14,21507;0,3518094;-0,1124084;0,09670854;0,3190324;0,5595217
8;torus;0;2;13,60883;7;14,21507;0,5737385;-0,1445413;-0,1106173;0,5441025;0,5666778
8;torus;0;2;13,62266;7;14,21507;0,4494507;-0,08254647;-0,2687633;0,3506541;0,5690663
8;torus;0;2;13,63651;7;14,21507;0,4494507;-0,08254647;-0,2687633;0,3506541;0,5690663
8;torus;0;2;13,65037;7;14,21507;0,9815;-0,2331018;-0,4930586;0,8160263;0,5765618
8;torus;0;2;13,66455;7;14,21507;0,4545616;-0,1326263;-0,1494467;0,4082918;0,5815742
8;torus;0;2;13,67856;7;14,21507;0,4545616;-0,1326263;-0,1494467;0,4082918;0,5815742
8;torus;0;2;13,69212;7;14,21507;0,5543991;-0,1626968;-0,03506839;0,5288273;0,5899218
8;torus;0;2;13,70599;7;14,21507;0,2859279;-0,08955002;-0,003960729;0,2715141;0,5943884
8;torus;0;2;13,72015;7;14,21507;0,4456393;-0,1479089;-0,09663254;0,4091203;0,6001939
8;torus;0;2;13,734;7;14,21507;0,4456393;-0,1479089;-0,09663254;0,4091203;0,6001939
8;torus;0;2;13,74801;7;14,21507;1,119645;-0,4206061;-0,09395331;1,033378;0,6166974
8;torus;0;2;13,7617;7;14,21507;0,6742914;-0,2768815;0,1514018;0,5958885;0,6284403
8;torus;0;2;13,77635;7;14,21507;0,6742914;-0,2768815;0,1514018;0,5958885;0,6284403
8;torus;0;2;13,79002;7;14,21507;1,309959;-0,5084515;-0,1739919;1,194653;0,647496
8;torus;0;2;13,8038;7;14,21507;0,7188802;-0,2553463;-0,2466798;0,6250888;0,6561887
8;torus;0;2;13,81761;7;14,21507;0,7188802;-0,2553463;-0,2466798;0,6250888;0,6561887
8;torus;0;2;13,83152;7;14,21507;0,8262179;-0,2683342;-0,2812237;0,7290721;0,6666203
8;torus;0;2;13,84538;7;14,21507;0,2647396;-0,0797987;-0,06376952;0,244239;0,6704381
8;torus;0;2;13,85927;7;14,21507;0,2647396;-0,0797987;-0,06376952;0,244239;0,6704381
8;torus;0;2;13,87344;7;14,21507;0,5874993;-0,07826686;-0,4362822;0,3856003;0,6735298
8;torus;0;2;13,88741;7;14,21507;0,407092;-0,09793043;-0,2566814;0,3004134;0,6767997
8;torus;0;2;13,90104;7;14,21507;0,413617;-0,1032054;-0,2626255;0,3024161;0,680142
8;torus;0;2;13,91527;7;14,21507;0,413617;-0,1032054;-0,2626255;0,3024161;0,680142
8;torus;0;2;13,92905;7;14,21507;0,862;-0,2387822;-0,5222186;0,6428957;0,6878253
8;torus;0;2;13,94306;7;14,21507;0,3931494;-0,1115859;-0,2375558;0,2927154;0,6914419
8;torus;0;2;13,95678;7;14,21507;0,3931494;-0,1115859;-0,2375558;0,2927154;0,6914419
8;torus;0;2;13,97096;7;14,21507;0,6662074;-0,1717985;-0,4230976;0,4850835;0,6973574
8;torus;0;2;13,9846;7;14,21507;0,4326171;-0,05525947;-0,3753215;0,2079368;0,6985305
8;torus;0;2;13,99836;7;14,21507;0,4326171;-0,05525947;-0,3753215;0,2079368;0,6985305
8;torus;0;2;14,01219;7;14,21507;0,8950979;-0,2254128;-0,6411672;0,5824894;0,7051875
8;torus;0;2;14,02634;7;14,21507;0,4162965;-0,1544178;-0,1911536;0,3360331;0,7104083
8;torus;0;2;14,04016;7;14,21507;0,3918138;-0,1617551;-0,1178458;0,3368467;0,7161875
8;torus;0;2;14,05423;7;14,21507;0,3918138;-0,1617551;-0,1178458;0,3368467;0,7161875
8;torus;0;2;14,06809;7;14,21507;0,7552025;-0,3262997;-0,1465321;0,6651223;0,7282633
8;torus;0;2;14,08199;7;14,21507;0,3828074;-0,1627207;-0,09197444;0,3340721;0,7342551
8;torus;0;2;14,0961;7;14,21507;0,3828074;-0,1627207;-0,09197444;0,3340721;0,7342551
8;torus;0;2;14,11017;7;14,21507;0,8274376;-0,2970934;-0,420554;0,6477058;0,7444862
8;torus;0;2;14,12358;7;14,21507;0,3239083;-0,08553267;-0,2180628;0,2237171;0,7476234
8;torus;0;2;14,13758;7;14,21507;0,3239083;-0,08553267;-0,2180628;0,2237171;0,7476234
8;torus;0;2;14,15159;7;14,21507;0,6542937;-0,06186366;-0,588204;0,2798021;0,7497941
8;torus;0;2;14,16568;7;14,21507;0,3743168;-0,03238916;-0,3460027;0,1390904;0,7506774
8;torus;0;2;14,1795;7;14,21507;0,3743168;-0,03238916;-0,3460027;0,1390904;0,7506774
8;torus;0;2;14,19328;7;14,21507;0,7696875;0,0410676;-0,7623553;0,09770691;0,7486512
8;torus;0;2;14,20746;7;14,21507;0,370952;0,04362464;-0,3683396;0,005316734;0,7469316
8;torus;0;2;14,22134;7;14,21507;0,3929085;-0,0131309;-0,3832102;0,08575916;0,7468741
8;torus;0;2;14,23517;7;14,21507;0,3929085;-0,0131309;-0,3832102;0,08575916;0,7468741
8;torus;0;2;14,24949;7;14,21507;0,7876076;0,0533998;-0,7851772;0,03115833;0,7440568
8;torus;0;2;14,26316;7;14,21507;0,4162727;0,0221312;-0,4153669;0,01623333;0,7427027
8;torus;0;2;14,277;7;14,21507;0,4162727;0,0221312;-0,4153669;0,01623333;0,7427027
8;torus;0;2;14,29073;7;14,21507;1,130841;0,179261;-1,10033;-0,1895756;0,7347867
8;torus;0;2;14,30477;7;14,21507;0,7210996;0,1200855;-0,6949429;-0,1503944;0,7294886
8;torus;0;2;14,31865;7;14,21507;0,7210996;0,1200855;-0,6949429;-0,1503944;0,7294886
8;torus;0;2;14,33256;7;14,21507;1,618603;0,2029419;-1,580376;-0,284785;0,7196089
8;torus;0;2;14,34676;7;14,21507;0,5020044;0,1158118;-0,457032;-0,1723886;0,7151299
8;torus;0;2;14,3606;7;14,21507;0,2630067;0,1030207;-0,1925044;-0,1466334;0,7117321
8;torus;0;2;14,37443;7;14,21507;0,2630067;0,1030207;-0,1925044;-0,1466334;0,7117321
8;torus;0;2;14,38852;7;14,21507;0,6692293;0,147438;-0,6157082;-0,2168715;0,7062622
8;torus;0;2;14,4026;7;14,21507;0,4884516;-0,03035069;-0,4856393;0,04264116;0,7065399
8;torus;0;2;14,41654;7;14,21507;0,4884516;-0,03035069;-0,4856393;0,04264116;0,7065399
8;torus;0;2;14,43025;7;14,21507;0,9086892;-0,1102388;-0,8898389;0,1474798;0,7088543
8;torus;0;2;14,44399;7;14,21507;0,4031939;-0,06865263;-0,3870867;0,08953214;0,7105386
8;torus;0;2;14,45803;7;14,21507;0,4031939;-0,06865263;-0,3870867;0,08953214;0,7105386
8;torus;0;2;14,47178;7;14,21507;0,6206757;-0,2083778;-0,4942235;0,3123462;0,7169417
8;torus;0;2;14,48589;7;14,21507;0,1560881;-0,06703734;-0,07362291;0,1202047;0,7194325
8;torus;0;2;14,49962;7;14,21507;0,1560881;-0,06703734;-0,07362291;0,1202047;0,7194325
8;torus;0;2;14,51352;7;14,21507;0,1216932;0,0428021;-0,1105681;-0,02742112;0,7188165
8;torus;0;2;14,52764;7;14,21507;0,2600896;0,009042025;-0,259646;-0,01219809;0,7185754
8;torus;0;2;14,54165;7;14,21507;0,4015503;-0,03892183;-0,3952913;0,05892813;0,7199045
8;torus;0;2;14,55561;7;14,21507;0,4015503;-0,03892183;-0,3952913;0,05892813;0,7199045
8;torus;0;2;14,56934;7;14,21507;0,7632679;0,04991889;-0,7559508;-0,09286702;0,7184035
8;torus;0;2;14,58319;7;14,21507;0,379951;0,03498793;-0,3728159;-0,06439686;0,717396
8;torus;0;2;14,59725;7;14,21507;0,379951;0,03498793;-0,3728159;-0,06439686;0,717396
8;torus;0;2;14,61126;7;14,21507;0,6456132;0,006258488;-0,6450072;-0,0272572;0,7175936
8;torus;0;2;14,62533;7;14,21507;0,2851054;-0,05816817;-0,2653494;0,0865519;0,7197763
8;torus;0;2;14,639;7;14,21507;0,2851054;-0,05816817;-0,2653494;0,0865519;0,7197763
8;torus;0;2;14,65275;7;14,21507;0,6724501;0,04438162;-0,6613195;-0,1134723;0,71856
8;torus;0;2;14,66683;7;14,21507;0,4473293;0,07199049;-0,4130967;-0,1557946;0,7161786
8;torus;0;2;14,68096;7;14,21507;0,4865711;0,1198173;-0,4054353;-0,2408683;0,7121316
8;torus;0;2;14,69451;7;14,21507;0,4865711;0,1198173;-0,4054353;-0,2408683;0,7121316
8;torus;0;2;14,7086;7;14,21507;0,974499;0,166887;-0,8732677;-0,3989995;0,7062749
8;torus;0;2;14,72267;7;14,21507;0,483023;0,009989738;-0,4720271;-0,1019895;0,7056565
8;torus;0;2;14,73653;7;14,21507;0,483023;0,009989738;-0,4720271;-0,1019895;0,7056565
8;torus;0;2;14,75023;7;14,21507;0,8333182;-0,009393692;-0,819999;-0,1480967;0,7055009
8;torus;0;2;14,76408;7;14,21507;0,4761045;-0,001239777;-0,4650421;-0,1020283;0,7052291
8;torus;0;2;14,77802;7;14,21507;0,4761045;-0,001239777;-0,4650421;-0,1020283;0,7052291
8;torus;0;2;14,79221;7;14,21507;1,384279;-0,05363822;-1,360564;-0,2494335;0,70619
8;torus;0;2;14,80597;7;14,21507;0,8178464;-0,1056612;-0,8098841;-0,04238188;0,7094241
8;torus;0;2;14,82023;7;14,21507;0,9574945;-0,1247525;-0,947018;-0,06625354;0,7133446
8;torus;0;2;14,83378;7;14,21507;0,9574945;-0,1247525;-0,947018;-0,06625354;0,7133446
8;torus;0;2;14,84775;7;14,21507;2,396975;-0,3457427;-2,363883;-0,1949519;0,7247478
8;torus;0;2;14,86183;7;14,21507;1,537523;-0,1707911;-1,503411;-0,2730608;0,7307053
8;torus;0;2;14,87569;7;14,21507;1,537523;-0,1707911;-1,503411;-0,2730608;0,7307053
8;torus;0;2;14,8896;7;14,21507;3,238857;-0,4630208;-3,152962;-0,578475;0,7472586
8;torus;0;2;14,90353;7;14,21507;0,1099648;-0,09988036;-0,02903426;-0,03568169;0,7459406
8;torus;0;2;14,9176;7;14,21507;0,1099648;-0,09988036;-0,02903426;-0,03568169;0,7459406
8;torus;0;2;14,93168;7;14,21507;0,413251;0,07322232;0,02855635;-0,4057086;0,7381913
8;torus;0;2;14,94507;7;14,21507;0,2826625;-0,1016102;0,0167222;-0,2632372;0,7332475
8;torus;0;2;14,95904;7;14,21507;0,2826625;-0,1016102;0,0167222;-0,2632372;0,7332475
8;torus;0;2;14,97301;7;14,21507;0,4542548;0,04933558;-0,006549835;-0,4515203;0,7253511
8;torus;0;2;14,98684;7;14,21507;0,5269191;0,03088726;-0,09575367;-0,5172243;0,7172075
8;torus;0;2;15,00102;7;14,21507;0,6491085;0,03067005;-0,2172146;-0,6109166;0,7087318
8;torus;0;2;15,015;7;14,21507;0,6491085;0,03067005;-0,2172146;-0,6109166;0,7087318
8;torus;0;2;15,02888;7;14,21507;1,173744;-0,1012125;-0,5848789;-1,012595;0,6977735
8;torus;0;2;15,0426;7;14,21507;5,058893;0,2070621;-5,054559;-0,03103912;0,7531379
8;torus;0;2;15,05646;7;14,21507;5,058893;0,2070621;-5,054559;-0,03103912;0,7531379
8;torus;0;2;15,07066;7;14,21507;0,9678368;0,3884435;-0,1995355;-0,863716;0,7413057
8;torus;0;2;15,08439;7;14,21507;0,3098244;0,1257956;-0,03671348;-0,2807468;0,7371783
8;torus;0;2;15,0985;7;14,21507;0,3098244;0,1257956;-0,03671348;-0,2807468;0,7371783
8;torus;0;2;15,1124;7;14,21507;0,5109728;0,2422929;0,1585931;-0,4209936;0,7282809
8;torus;0;2;15,1265;7;14,21507;0,3549219;0,1716852;0,1887619;-0,2467036;0,7218394
8;torus;0;2;15,14016;7;14,21507;0,3755548;0,1789749;0,1803994;-0,2765238;0,7150428
8;torus;0;2;15,15401;7;14,21507;0,3755548;0,1789749;0,1803994;-0,2765238;0,7150428
8;torus;0;2;15,16806;7;14,21507;0,7578696;0,3520548;0,3660321;-0,5625337;0,7012869
8;torus;0;2;15,18202;7;14,21507;0,3376473;0,1519322;0,1395285;-0,267309;0,6952207
8;torus;0;2;15,19578;7;14,21507;0,3376473;0,1519322;0,1395285;-0,267309;0,6952207
8;torus;0;2;15,20996;7;14,21507;0,8039847;0,3360569;0,0703156;-0,7269889;0,6827964
8;torus;0;2;15,22412;7;14,21507;0,4334419;0,1705825;-0,01025498;-0,3983319;0,6766949
8;torus;0;2;15,23784;7;14,21507;0,4334419;0,1705825;-0,01025498;-0,3983319;0,6766949
8;torus;0;2;15,25169;7;14,21507;0,9563473;0,3540277;-0,08955598;-0,8838803;0,6642568
8;torus;0;2;15,26551;7;14,21507;0,4631679;0,1990974;0,06713569;-0,4127681;0,657088
8;torus;0;2;15,27934;7;14,21507;0,4631679;0,1990974;0,06713569;-0,4127681;0,657088
8;torus;0;2;15,29321;7;14,21507;0,7958785;0,3528357;0,2058804;-0,6830394;0,6440583
8;torus;0;2;15,30703;7;14,21507;0,2908325;0,128895;0,1139402;-0,2344936;0,6390294
8;torus;0;2;15,32135;7;14,21507;0,2909886;0,1284122;0,115785;-0,2340481;0,6339957
8;torus;0;2;15,33491;7;14,21507;0,2909886;0,1284122;0,115785;-0,2340481;0,6339957
8;torus;0;2;15,34894;7;14,21507;0,4508315;0,1900315;0,1867414;-0,3636822;0,626108
8;torus;0;2;15,3627;7;14,21507;0,2380939;0,1010656;0,1241118;-0,1762688;0,6218396
8;torus;0;2;15,37703;7;14,21507;0,2380939;0,1010656;0,1241118;-0,1762688;0,6218396
8;torus;0;2;15,39062;7;14,21507;0,5560353;0,2390623;0,3267169;-0,3811568;0,6118448
8;torus;0;2;15,40473;7;14,21507;0,2803162;0,1162767;0,09973943;-0,2347529;0,6070818
8;torus;0;2;15,41867;7;14,21507;0,2803162;0,1162767;0,09973943;-0,2347529;0,6070818
8;torus;0;2;15,43251;7;14,21507;0,5719892;0,241977;0,2200603;-0,4692465;0,5973254
8;torus;0;2;15,44655;7;14,21507;0,3381619;0,1449287;0,1168162;-0,2823174;0,5916989
8;torus;0;2;15,46051;7;14,21507;0,411609;0,1786768;0,1302585;-0,3471732;0,5849985
8;torus;0;2;15,47446;7;14,21507;0,411609;0,1786768;0,1302585;-0,3471732;0,5849985
8;torus;0;2;15,48854;7;14,21507;0,851569;0,3640592;0,2187744;-0,7380843;0,5716853
8;torus;0;2;15,50202;7;14,21507;0,1616014;0,02907515;-0,06539524;-0,14489;0,5705758
8;torus;0;2;15,51597;7;14,21507;0,1616014;0,02907515;-0,06539524;-0,14489;0,5705758
8;torus;0;2;15,52991;7;14,21507;0,235322;-0,05503297;0,1426831;0,1788557;0,5710626
8;torus;0;2;15,54407;7;14,21507;0,2567582;0,0843823;0,2328068;-0,06786287;0,5669303
8;torus;0;2;15,55774;7;14,21507;0,2567582;0,0843823;0,2328068;-0,06786287;0,5669303
8;torus;0;2;15,57163;7;14,21507;0,8088636;0,3288925;0,5959943;-0,4368991;0,5527716
8;torus;0;2;15,58563;7;14,21507;0,4012427;0,1680315;0,2026558;-0,3028065;0,5458455
8;torus;0;2;15,59996;7;14,21507;0,4012427;0,1680315;0,2026558;-0,3028065;0,5458455
8;torus;0;2;15,61385;7;14,21507;0,6460596;0,2521276;0,2183333;-0,5533129;0,535296
8;torus;0;2;15,62772;7;14,21507;0,3625255;0,1363635;0,2868995;-0,1746953;0,5290423
8;torus;0;2;15,64165;7;14,21507;0,503863;0,1698613;0,4504457;-0,1487404;0,5209883
8;torus;0;2;15,65547;7;14,21507;0,503863;0,1698613;0,4504457;-0,1487404;0,5209883
8;torus;0;2;15,6699;7;14,21507;1,02194;0,2706587;0,9815276;-0,08780062;0,5069259
8;torus;0;2;15,68316;7;14,21507;0,4058198;0,1211166;0,3769308;-0,08912683;0,5008619
8;torus;0;2;15,69714;7;14,21507;0,4058198;0,1211166;0,3769308;-0,08912683;0,5008619
8;torus;0;2;15,71122;7;14,21507;0,8179649;0,3279686;0,4834354;-0,5725324;0,4868166
8;torus;0;2;15,72517;7;14,21507;0,5083565;0,2049804;0,2091318;-0,4155397;0,4784999
8;torus;0;2;15,73902;7;14,21507;0,5083565;0,2049804;0,2091318;-0,4155397;0,4784999
8;torus;0;2;15,75289;7;14,21507;0,5710734;0,2110839;0,4313469;-0,3090441;0,4688808
8;torus;0;2;15,76669;7;14,21507;0,2763501;0,073874;0,2620459;-0,04737079;0,4649707
8;torus;0;2;15,78086;7;14,21507;0,2680565;0,06859303;0,2548501;-0,04691184;0,4611765
8;torus;0;2;15,79477;7;14,21507;0,2680565;0,06859303;0,2548501;-0,04691184;0,4611765
8;torus;0;2;15,80821;7;14,21507;0,9028559;0,2575755;0,8357882;-0,224191;0,4480126
8;torus;0;2;15,82241;7;14,21507;0,4692416;0,1087189;0,4533321;-0,05345941;0,4419382
8;torus;0;2;15,83626;7;14,21507;0,4692416;0,1087189;0,4533321;-0,05345941;0,4419382
8;torus;0;2;15,85003;7;14,21507;0,6794727;0,0942409;0,6712824;0,04670918;0,4348491
8;torus;0;2;15,86397;7;14,21507;0,2311364;0,0500679;0,2098635;-0,08291304;0,4312561
8;torus;0;2;15,87827;7;14,21507;0,2311364;0,0500679;0,2098635;-0,08291304;0,4312561
8;torus;0;2;15,89191;7;14,21507;0,7026876;0,2064049;0,5401343;-0,3992766;0,419514
8;torus;0;2;15,90611;7;14,21507;0,319285;0,08935332;0,22645;-0,2065897;0,4140325
8;torus;0;2;15,91981;7;14,21507;0,319285;0,08935332;0,22645;-0,2065897;0,4140325
8;torus;0;2;15,93403;7;14,21507;0,5663713;0,1108229;0,5163461;-0,2046496;0,4053859
8;torus;0;2;15,94779;7;14,21507;0,2920618;0,0477314;0,2741471;-0,08868575;0,4011135
8;torus;0;2;15,9613;7;14,21507;0,3120805;0,04970431;0,2952278;-0,08811504;0,3966669
8;torus;0;2;15,97524;7;14,21507;0,3120805;0,04970431;0,2952278;-0,08811504;0,3966669
8;torus;0;2;15,98935;7;14,21507;0,4960511;0,06499887;0,4500538;-0,1982257;0,3889012
8;torus;0;2;16,00333;7;14,21507;0,1391873;-0,003361702;0,1091093;-0,08635372;0,3863202
8;torus;0;2;16,01741;7;14,21507;0,1391873;-0,003361702;0,1091093;-0,08635372;0,3863202
8;torus;0;2;16,0312;7;14,21507;0,3383042;-0,04325509;0,3353655;-0,01042634;0,3823678
8;torus;0;2;16,04501;7;14,21507;0,2222691;-0,06049275;0,1847923;0,1076847;0,3818949
8;torus;0;2;16,05919;7;14,21507;0,2222691;-0,06049275;0,1847923;0,1076847;0,3818949
8;torus;0;2;16,07296;7;14,21507;0,5070446;-0,1140952;0,4562631;0,1894742;0,3798442
8;torus;0;2;16,08703;7;14,21507;0,2579114;-0,02604127;0,255242;0,02629906;0,3776553
8;torus;0;2;16,10075;7;14,21507;0,2864391;0,02055168;0,2643004;-0,1084909;0,373392
8;torus;0;2;16,11478;7;14,21507;0,2864391;0,02055168;0,2643004;-0,1084909;0,373392
8;torus;0;2;16,12864;7;14,21507;0,5820517;0,07750392;0,4528716;-0,3573298;0,3634896
8;torus;0;2;16,14253;7;14,21507;0,3062535;0,04775524;0,2178729;-0,209862;0,358175
8;torus;0;2;16,1566;7;14,21507;0,3062535;0,04775524;0,2178729;-0,209862;0,358175
8;torus;0;2;16,17046;7;14,21507;0,621615;0,0944376;0,4496172;-0,4187256;0,3475125
8;torus;0;2;16,1845;7;14,21507;0,3812906;0,0702858;0,2761826;-0,2533093;0,3411599
8;torus;0;2;16,19871;7;14,21507;0,3812906;0,0702858;0,2761826;-0,2533093;0,3411599
8;torus;0;2;16,21245;7;14,21507;1,019007;0,204134;0,8216724;-0,5670622;0,3257421
8;torus;0;2;16,22628;7;14,21507;0,4777192;0,08219481;0,4156068;-0,2207503;0,3191531
8;torus;0;2;16,24034;7;14,21507;0,3313184;0,04652739;0,285168;-0,1621306;0,3144699
8;torus;0;2;16,25421;7;14,21507;0,3313184;0,04652739;0,285168;-0,1621306;0,3144699
8;torus;0;2;16,26776;7;14,21507;0,4686235;0,05842447;0,3702603;-0,2812505;0,3072584
8;torus;0;2;16,28204;7;14,21507;0,1975738;0,0233233;0,1332395;-0,1440093;0,3039684
8;torus;0;2;16,29582;7;14,21507;0,1975738;0,0233233;0,1332395;-0,1440093;0,3039684
8;torus;0;2;16,3095;7;14,21507;0,3042403;0,02093911;0,18977;-0,2368778;0,2986729
8;torus;0;2;16,32329;7;14,21507;0,1377862;0,004696846;0,08562133;-0,1078516;0,2962423
8;torus;0;2;16,33729;7;14,21507;0,1377862;0,004696846;0,08562133;-0,1078516;0,2962423
8;torus;0;2;16,35143;7;14,21507;0,1134758;-0,06161332;0,06174818;0,07257909;0,2966234
8;torus;0;2;16,3653;7;14,21507;0,08807146;-0,04537106;-0,04703552;0,05903989;0,2976503
8;torus;0;2;16,37914;7;14,21507;0,08807146;-0,04537106;-0,04703552;0,05903989;0,2976503
8;torus;0;2;16,39303;7;14,21507;0,1783254;-0,1278937;-0,01095235;0,1237869;0,2989872
8;torus;0;2;16,40702;7;14,21507;0,02777841;-0,0241816;0,01360774;0,001311302;0,2987496
8;torus;0;2;16,42115;7;14,21507;0,08532667;-0,02813935;0,07761791;-0,02154708;0,2976456
8;torus;0;2;16,43496;7;14,21507;0,08532667;-0,02813935;0,07761791;-0,02154708;0,2976456
8;torus;0;2;16,44898;7;14,21507;0,2871198;-0,04161596;0,2444327;-0,1447707;0,2931758
8;torus;0;2;16,46284;7;14,21507;0,09906355;-0,02166033;0,0836432;-0,04845858;0,2916242
8;torus;0;2;16,47666;7;14,21507;0,09906355;-0,02166033;0,0836432;-0,04845858;0,2916242
8;torus;0;2;16,49061;7;14,21507;0,1706755;-0,0620842;0,1470506;-0,06043017;0,2891808
8;torus;0;2;16,50449;7;14,21507;0,1394756;-0,03660917;0,1322106;-0,02517104;0,2876494
8;torus;0;2;16,51871;7;14,21507;0,1394756;-0,03660917;0,1322106;-0,02517104;0,2876494
8;torus;0;2;16,53235;7;14,21507;0,3828393;-0,1198471;0,3538311;0,0837028;0,2862013
8;torus;0;2;16,54638;7;14,21507;0,1604982;-0,05412698;0,1468837;0,03542751;0,2856413
8;torus;0;2;16,56026;7;14,21507;0,2081548;-0,06116629;0,1925439;0,05013943;0,2850919
8;torus;0;2;16,57422;7;14,21507;0,2081548;-0,06116629;0,1925439;0,05013943;0,2850919
8;torus;0;2;16,58792;7;14,21507;0,5988784;-0,1641452;0,5076945;0,2719522;0,2864831
8;torus;0;2;16,60197;7;14,21507;0,3137037;-0,1401603;0,07012337;0,2717495;0,2903197
8;torus;0;2;16,61597;7;14,21507;0,3137037;-0,1401603;0,07012337;0,2717495;0,2903197
8;torus;0;2;16,62976;7;14,21507;0,5203667;-0,2389252;0,214085;0,4097119;0,2956583
8;torus;0;2;16,64366;7;14,21507;0,06826864;-0,05989671;0,03033131;-0,01236945;0,2949688
8;torus;0;2;16,65746;7;14,21507;0,06826864;-0,05989671;0,03033131;-0,01236945;0,2949688
8;torus;0;2;16,67147;7;14,21507;0,1500392;-0,103873;0,06905273;-0,08338988;0,2925525
8;torus;0;2;16,68533;7;14,21507;0,1146857;-0,03579259;0,05100965;-0,09627938;0,2903427
8;torus;0;2;16,69937;7;14,21507;0,1146857;-0,03579259;0,05100965;-0,09627938;0,2903427
8;torus;0;2;16,71329;7;14,21507;0,3677837;-0,02741218;0,187812;-0,315024;0,2835346
8;torus;0;2;16,72745;7;14,21507;0,2424107;0,005203485;0,06406605;-0,2337337;0,2789216
8;torus;0;2;16,74114;7;14,21507;0,2950844;0,02008677;0,06586835;-0,2869368;0,2733962
8;torus;0;2;16,75515;7;14,21507;0,2950844;0,02008677;0,06586835;-0,2869368;0,2733962
8;torus;0;2;16,76901;7;14,21507;0,5927844;0,02508759;0,01724139;-0,5920023;0,2623934
8;torus;0;2;16,78292;7;14,21507;0,2884309;0,006002188;0,0008128583;-0,2883673;0,2570523
8;torus;0;2;16,79688;7;14,21507;0,2884309;0,006002188;0,0008128583;-0,2883673;0,2570523
8;torus;0;2;16,81092;7;14,21507;0,9084553;0,09322762;0,1502149;-0,8910865;0,2405755
8;torus;0;2;16,82469;7;14,21507;0,3690323;-0,07578731;-0,3229305;-0,1617312;0,2384594
8;torus;0;2;16,83901;7;14,21507;0,3690323;-0,07578731;-0,3229305;-0,1617312;0,2384594
8;torus;0;2;16,85278;7;14,21507;0,6553382;-0,1453936;-0,5207911;-0,3702775;0,233364
8;torus;0;2;16,86647;7;14,21507;0,4014986;0,01949668;0,1268052;-0,380449;0,2259459
8;torus;0;2;16,88043;7;14,21507;0,3802425;0,00269413;0,2597913;-0,2776429;0,2195947
8;torus;0;2;16,89449;7;14,21507;0,3802425;0,00269413;0,2597913;-0,2776429;0,2195947
8;torus;0;2;16,90825;7;14,21507;0,693687;-0,1503289;0,6757751;0,04394129;0,2162624
8;torus;0;2;16,92213;7;14,21507;0,3737513;-0,1309037;0,2908148;0,1948871;0,2179043
8;torus;0;2;16,93602;7;14,21507;0,3737513;-0,1309037;0,2908148;0,1948871;0,2179043
8;torus;0;2;16,95034;7;14,21507;0,6437955;-0,1890302;0,6007187;0,1337059;0,2174727
8;torus;0;2;16,96416;7;14,21507;0,3523284;-0,03838539;0,3286317;-0,1210913;0,2142817
8;torus;0;2;16,97833;7;14,21507;0,3523284;-0,03838539;0,3286317;-0,1210913;0,2142817
8;torus;0;2;16,99191;7;14,21507;0,7305449;-0,005483627;0,4979543;-0,5345159;0,2035081
8;torus;0;2;17,00588;7;14,21507;0,3204884;-0,0023067;0,079716;-0,3104076;0,1975874
8;torus;0;2;17,01966;7;14,21507;0,3204884;-0,0023067;0,079716;-0,3104076;0,1975874
8;torus;0;2;17,03359;7;14,21507;0,3577513;-0,08174777;0,1224369;-0,326056;0,1908311
8;torus;0;2;17,04777;7;14,21507;0,146298;-0,05435944;0,0901103;-0,1016282;0,188515
8;torus;0;2;17,06132;7;14,21507;0,1052596;-0,09487271;0,01064166;0,04433393;0,1887072
8;torus;0;2;17,0754;7;14,21507;0,1052596;-0,09487271;0,01064166;0,04433393;0,1887072
8;torus;0;2;17,08914;7;14,21507;0,4865103;-0,2600789;0,1129813;0,3953308;0,1945687
8;torus;0;2;17,10324;7;14,21507;0,4567536;-0,1815021;0,1058973;0,4055448;0,201341
8;torus;0;2;17,117;7;14,21507;0,4567536;-0,1815021;0,1058973;0,4055448;0,201341
8;torus;0;2;17,13082;7;14,21507;1,229962;-0,4638791;0,124234;1,132338;0,2212286
8;torus;0;2;17,14484;7;14,21507;0,752575;-0,2752662;0,07192716;0,6967239;0,2339426
8;torus;0;2;17,15886;7;14,21507;0,752575;-0,2752662;0,07192716;0,6967239;0,2339426
8;torus;0;2;17,1728;7;14,21507;1,640655;-0,6067574;0,1423217;1,517676;0,2624706
8;torus;0;2;17,18701;7;14,21507;0,6077263;-0,2498269;-0,1817435;0,5233422;0,2723413
8;torus;0;2;17,20044;7;14,21507;0,3802859;-0,1639009;-0,2398707;0,2453893;0,2769481
8;torus;0;2;17,21454;7;14,21507;0,3802859;-0,1639009;-0,2398707;0,2453893;0,2769481
8;torus;0;2;17,22841;7;14,21507;0,4937286;-0,2443969;-0,3348403;0,2681792;0,2820944
8;torus;0;2;17,24228;7;14,21507;0,2704278;-0,06229281;-0,2563834;-0,05931556;0,281017
8;torus;0;2;17,25616;7;14,21507;0,2704278;-0,06229281;-0,2563834;-0,05931556;0,281017
8;torus;0;2;17,27038;7;14,21507;0,7471789;-0,07038713;-0,6754153;-0,3116667;0,2756368
8;torus;0;2;17,28418;7;14,21507;0,4962973;0,000411272;-0,4070468;-0,2839431;0,2708659
8;torus;0;2;17,29825;7;14,21507;0,4962973;0,000411272;-0,4070468;-0,2839431;0,2708659
8;torus;0;2;17,31198;7;14,21507;1,119323;0,1166642;-0,6605454;-0,8960769;0,2552899
8;torus;0;2;17,32619;7;14,21507;0,6180362;0,1030505;-0,2149962;-0,5701982;0,2450785
8;torus;0;2;17,33975;7;14,21507;0,6180362;0,1030505;-0,2149962;-0,5701982;0,2450785
8;torus;0;2;17,35384;7;14,21507;1,17864;0,1715004;-0,4550599;-1,073638;0,2266586
8;torus;0;2;17,36758;7;14,21507;0,3615522;0,02185106;-0,1686513;-0,3190599;0,2215115
8;torus;0;2;17,38154;7;14,21507;0,2568111;0,01834631;-0,004064292;-0,2561226;0,2166848
8;torus;0;2;17,39557;7;14,21507;0,2568111;0,01834631;-0,004064292;-0,2561226;0,2166848
8;torus;0;2;17,40971;7;14,21507;0,5169302;0,04488826;0,1084551;-0,5034276;0,2065571
8;torus;0;2;17,42356;7;14,21507;0,2107538;0,01011491;0,08197203;-0,1938954;0,2024094
8;torus;0;2;17,43733;7;14,21507;0,2107538;0,01011491;0,08197203;-0,1938954;0,2024094
8;torus;0;2;17,45162;7;14,21507;0,607075;0,06374717;0,3947973;-0,45674;0,1916144
8;torus;0;2;17,46574;7;14,21507;0,2503586;0,00860095;0,2047777;-0,1437761;0,1878091
8;torus;0;2;17,47958;7;14,21507;0,2503586;0,00860095;0,2047777;-0,1437761;0,1878091
8;torus;0;2;17,49297;7;14,21507;0,489624;-0,04613996;0,4872583;-0,01349375;0,1852118
8;torus;0;2;17,50691;7;14,21507;0,2675079;-0,003790855;0,2579786;-0,07066205;0,1828387
8;torus;0;2;17,52103;7;14,21507;0,3502786;0,002145767;0,3450684;-0,06015226;0,1805568
8;torus;0;2;17,53484;7;14,21507;0,3502786;0,002145767;0,3450684;-0,06015226;0,1805568
8;torus;0;2;17,54856;7;14,21507;0,5125911;0,03129244;0,4183985;-0,2944708;0,1738157
8;torus;0;2;17,56258;7;14,21507;0,1999699;-0,00359416;0,182052;-0,08265674;0,1718464
8;torus;0;2;17,57656;7;14,21507;0,1999699;-0,00359416;0,182052;-0,08265674;0,1718464
8;torus;0;2;17,59025;7;14,21507;0,2190754;-0,04134178;0,2129957;-0,03029406;0,1708553
8;torus;0;2;17,60491;7;14,21507;0,07242012;-0,007998943;0,02791956;-0,06634146;0,1694907
8;torus;0;2;17,61838;7;14,21507;0,07242012;-0,007998943;0,02791956;-0,06634146;0,1694907
8;torus;0;2;17,63233;7;14,21507;0,5523812;0,04940629;0,04906207;-0,5479753;0,1587174
8;torus;0;2;17,64598;7;14,21507;0,3554358;0,04635453;-0,07114559;-0,3451437;0,152109
8;torus;0;2;17,65993;7;14,21507;0,3554358;0,04635453;-0,07114559;-0,3451437;0,152109
8;torus;0;2;17,67391;7;14,21507;0,8410039;0,1101792;-0,19999;-0,8094147;0,1368766
8;torus;0;2;17,68795;7;14,21507;0,4167121;0,04759431;-0,1083702;-0,3995493;0,1294981
8;torus;0;2;17,70174;7;14,21507;0,3468305;0,02802014;-0,1026675;-0,3300995;0,1234823
8;torus;0;2;17,71579;7;14,21507;0,3468305;0,02802014;-0,1026675;-0,3300995;0,1234823
8;torus;0;2;17,72964;7;14,21507;0,4061206;-0,0003397465;-0,002652407;-0,4061118;0,1156589
8;torus;0;2;17,74391;7;14,21507;0,1476133;-0,01409054;0,03494546;-0,1427233;0,1127445
8;torus;0;2;17,7577;7;14,21507;0,1476133;-0,01409054;0,03494546;-0,1427233;0,1127445
8;torus;0;2;17,77141;7;14,21507;0,3830246;-0,02854466;-0,127054;-0,3602087;0,1061364
8;torus;0;2;17,78554;7;14,21507;0,2986818;0,008296967;-0,06809384;-0,2906978;0,1009258
8;torus;0;2;17,79935;7;14,21507;0,2986818;0,008296967;-0,06809384;-0,2906978;0,1009258
8;torus;0;2;17,81332;7;14,21507;0,8083273;0,06893277;-0,01860261;-0,8051679;0,08639292
8;torus;0;2;17,82718;7;14,21507;0,3219285;-0,07967807;0,2308529;-0,2097529;0,08184443
8;torus;0;2;17,84167;7;14,21507;0,3595055;-0,01678534;0,1400258;-0,330689;0,07503259
8;torus;0;2;17,85479;7;14,21507;0,3595055;-0,01678534;0,1400258;-0,330689;0,07503259
8;torus;0;2;17,86917;7;14,21507;0,4860459;-0,033841;0,1537462;-0,4598451;0,06562968
8;torus;0;2;17,88277;7;14,21507;0,2953157;-0,008398443;0,1213293;-0,2691097;0,06045447
8;torus;0;2;17,89668;7;14,21507;0,2953157;-0,008398443;0,1213293;-0,2691097;0,06045447
8;torus;0;2;17,91083;7;14,21507;0,7147286;-0,01982823;0,254485;-0,6675936;0,04804228
8;torus;0;2;17,92444;7;14,21507;1,157866;0,3526973;-0,490613;-0,9877024;0,03946296
8;torus;0;2;17,93851;7;14,21507;1,157866;0,3526973;-0,490613;-0,9877024;0,03946296
8;torus;0;2;17,95243;7;14,21507;0,6120607;-0,1577916;0,04065722;-0,5899721;0,02927785
8;torus;0;2;17,96641;7;14,21507;0,4536719;-0,08097619;0,01854634;-0,4460012;0,02430752
8;torus;0;2;17,9801;7;14,21507;0,5337106;0,03729141;-0,1646283;-0,506314;0,02734725
8;torus;0;2;17,99405;7;14,21507;0,5337106;0,03729141;-0,1646283;-0,506314;0,02734725
8;torus;0;2;18,00816;7;14,21507;0,7260875;0,04286358;-0,04396227;-0,7234868;0,03542865
8;torus;0;2;18,02197;7;14,21507;0,3398187;0,05071074;-0,06433359;-0,3297974;0,04100405
8;torus;0;2;18,03635;7;14,21507;0,3398187;0,05071074;-0,06433359;-0,3297974;0,04100405
8;torus;0;2;18,05005;7;14,21507;1,079518;-0,1565855;-0,1061918;-1,062809;0,05743968
8;torus;0;2;18,06382;7;14,21507;1,319211;0,4853821;-0,454652;-1,139304;0,08377833
8;torus;0;2;18,07789;7;14,21507;1,319211;0,4853821;-0,454652;-1,139304;0,08377833
8;torus;0;2;18,09189;7;14,21507;0,9702388;-0,02423525;-0,1157619;-0,9630032;0,1014931
8;torus;0;2;18,10596;7;14,21507;0,4296296;-0,02564192;-0,07315949;-0,4225776;0,1094791
8;torus;0;2;18,11951;7;14,21507;0,4296296;-0,02564192;-0,07315949;-0,4225776;0,1094791
8;torus;0;2;18,13349;7;14,21507;0,9162062;-0,03824234;0,0329949;-0,9148129;0,1262107
8;torus;0;2;18,1474;7;14,21507;0,457709;-0,02730489;-0,03143921;-0,4558109;0,1348671
8;torus;0;2;18,16121;7;14,21507;0,5414804;-0,0254631;-0,0468947;-0,5388446;0,1452463
8;torus;0;2;18,17524;7;14,21507;0,5414804;-0,0254631;-0,0468947;-0,5388446;0,1452463
8;torus;0;2;18,18908;7;14,21507;1,126205;-0,03952384;0,1173146;-1,11938;0,1662739
8;torus;0;2;18,203;7;14,21507;0,623008;-0,02328753;0,03119633;-0,6217905;0,1782091
8;torus;0;2;18,21695;7;14,21507;0,623008;-0,02328753;0,03119633;-0,6217905;0,1782091
8;torus;0;2;18,2312;7;14,21507;1,297966;-0,05629063;0,08151159;-1,29418;0,2031909
8;torus;0;2;18,2453;7;14,21507;0,6096111;-0,03519654;0,09040833;-0,6018415;0,2147484
8;torus;0;2;18,2593;7;14,21507;0,6096111;-0,03519654;0,09040833;-0,6018415;0,2147484
8;torus;0;2;18,27269;7;14,21507;1,152852;-0,07608533;0,3809161;-1,085441;0,2353965
8;torus;0;2;18,28708;7;14,21507;0,5012556;-0,04833341;0,1760274;-0,4668355;0,2443668
8;torus;0;2;18,30056;7;14,21507;0,5210268;-0,05152822;0,155431;-0,4946262;0,2539781
8;torus;0;2;18,31435;7;14,21507;0,5210268;-0,05152822;0,155431;-0,4946262;0,2539781
8;torus;0;2;18,32825;7;14,21507;1,329052;-0,108999;0,1989879;-1,309542;0,2797898
8;torus;0;2;18,34257;7;14,21507;0,674782;-0,05917549;0,1043327;-0,664036;0,292925
8;torus;0;2;18,35635;7;14,21507;0,674782;-0,05917549;0,1043327;-0,664036;0,292925
8;torus;0;2;18,36994;7;14,21507;1,204418;-0,122261;0,3029712;-1,15926;0,3159223
8;torus;0;2;18,38411;7;14,21507;0,5347525;-0,06681681;0,1088865;-0,5192682;0,326254
8;torus;0;2;18,39797;7;14,21507;0,5347525;-0,06681681;0,1088865;-0,5192682;0,326254
8;torus;0;2;18,41164;7;14,21507;1,148014;-0,1595318;0,08243173;-1,133883;0,3488063
8;torus;0;2;18,42578;7;14,21507;0,4839245;-0,08402467;0,04312992;-0,4746184;0,3582548
8;torus;0;2;18,4396;7;14,21507;0,4839245;-0,08402467;0,04312992;-0,4746184;0,3582548
8;torus;0;2;18,4536;7;14,21507;1,039624;-0,184232;0,04862398;-1,022014;0,3786176
8;torus;0;2;18,46765;7;14,21507;0,376783;-0,09195209;0,0007137656;-0,3653899;0,385894
8;torus;0;2;18,48142;7;14,21507;0,3609141;-0,09426475;-0,05190372;-0,3444985;0,3927401
8;torus;0;2;18,4954;7;14,21507;0,3609141;-0,09426475;-0,05190372;-0,3444985;0,3927401
8;torus;0;2;18,50942;7;14,21507;1,121316;-0,2224743;-0,3860749;-1,02898;0,4132339
8;torus;0;2;18,52337;7;14,21507;0,7799842;-0,1312733;-0,2905175;-0,7118583;0,4275271
8;torus;0;2;18,53716;7;14,21507;0,7799842;-0,1312733;-0,2905175;-0,7118583;0,4275271
8;torus;0;2;18,55092;7;14,21507;1,347914;-0,2544343;-0,5021505;-1,224737;0,452333
8;torus;0;2;18,56478;7;14,21507;0,5185595;0,06341282;-0,01841927;-0,5143379;0,4626536
8;torus;0;2;18,57896;7;14,21507;0,5185595;0,06341282;-0,01841927;-0,5143379;0,4626536
8;torus;0;2;18,59302;7;14,21507;0,7592844;0,1420419;-0,1008648;-0,7390286;0,4774596
8;torus;0;2;18,60663;7;14,21507;0,4081323;0,03256202;-0,1283225;-0,3860635;0,4852643
8;torus;0;2;18,62119;7;14,21507;0,3366697;-0,01406157;-0,07373548;-0,3281948;0,4918576
8;torus;0;2;18,63494;7;14,21507;0,3366697;-0,01406157;-0,07373548;-0,3281948;0,4918576
8;torus;0;2;18,64845;7;14,21507;0,8234677;-0,1405951;-0,127503;-0,8012959;0,5080035
8;torus;0;2;18,66243;7;14,21507;0,6309052;-0,3723714;0,09210646;-0,5008966;0,5182139
8;torus;0;2;18,6766;7;14,21507;0,6309052;-0,3723714;0,09210646;-0,5008966;0,5182139
8;torus;0;2;18,69051;7;14,21507;1,779934;-0,2536142;-0,5264199;-1,681287;0,5523556
8;torus;0;2;18,70482;7;14,21507;2,678632;-1,079335;-1,800783;-1,663515;0,5898333
8;torus;0;2;18,71807;7;14,21507;2,678632;-1,079335;-1,800783;-1,663515;0,5898333
8;torus;0;2;18,73209;7;14,21507;1,157843;-0,2524316;0,1575164;-1,118958;0,6106308
8;torus;0;2;18,74601;7;14,21507;0,4520822;-0,1604216;0,06829873;-0,4171073;0,619006
8;torus;0;2;18,75961;7;14,21507;0,4520822;-0,1604216;0,06829873;-0,4171073;0,619006
8;torus;0;2;18,77374;7;14,21507;1,151448;-0,178194;0,6479778;-0,9349883;0,6367018
8;torus;0;2;18,78775;7;14,21507;0,6320018;-0,1057506;0,2888575;-0,552091;0,6474325
8;torus;0;2;18,80169;7;14,21507;0,5761713;-0,09619594;0,260216;-0,5049825;0,6573108
8;torus;0;2;18,81549;7;14,21507;0,5761713;-0,09619594;0,260216;-0,5049825;0,6573108
8;torus;0;2;18,82973;7;14,21507;0,8669209;-0,1380742;0,4974626;-0,6964326;0,6709068
8;torus;0;2;18,8434;7;14,21507;0,3259423;-0,02446175;0,2897933;-0,1471728;0,6736599
8;torus;0;2;18,85726;7;14,21507;0,3259423;-0,02446175;0,2897933;-0,1471728;0,6736599
8;torus;0;2;18,87117;7;14,21507;0,6872151;-0,05055666;0,6004878;-0,3303379;0,6800337
8;torus;0;2;18,88527;7;14,21507;0,2283434;-0,02326965;0,1864947;-0,1296878;0,6826105
8;torus;0;2;18,89928;7;14,21507;0,2283434;-0,02326965;0,1864947;-0,1296878;0,6826105
8;torus;0;2;18,91321;7;14,21507;0,5061653;-0,09058118;0,1382396;-0,4784226;0,6922796
8;torus;0;2;18,92673;7;14,21507;0,4053904;-0,06530881;0,1193821;-0,3818691;0,6999934
8;torus;0;2;18,94059;7;14,21507;0,4463709;-0,0582993;0,2048373;-0,392288;0,7079147
8;torus;0;2;18,95459;7;14,21507;0,4463709;-0,0582993;0,2048373;-0,392288;0,7079147
