participantNumber
6
repetitionNum
3
sdfEnabled
1
taskTime
14,25679
numHits
5
positionDifference
0,148075
angleDifference
45,79086
finalPosX
-0,03127635
finalPosY
-0,02810008
finalPosZ
-0,691511
finalRotX
7,823201
finalRotY
44,51423
finalRotZ
11,60921
taskType
torus
velocityMagnitude
0,7450188
0,2034734
0,2034734
0,2662636
0,1592838
0,1592838
0,1950121
0,1640157
0,07674791
0,07674791
0,2127888
0,2939717
0,2939717
0,5069167
0,1155203
0,1155203
0,05827306
0,2081112
0,1500824
0,1500824
0,08788548
0,1480155
0,1480155
0,1596045
0,07936689
0,07936689
0,1702563
0,07847245
0,1297828
0,1297828
0,1984154
0,1491145
0,1491145
0,2745684
0,1379158
0,1379158
0,1305175
0,143343
0,143343
0,2849346
0,1040636
0,08005185
0,08005185
0,3223512
0,1200162
0,1200162
0,1482248
0,1664126
0,1664126
0,1504652
0,06257831
0,06468576
0,06468576
0,2077353
0,1059439
0,1059439
0,1219292
0,1251228
0,1251228
0,157577
0,1004926
0,1004926
0,1074871
0,06602763
0,03830768
0,03830768
0,07473465
0,05506209
0,05506209
0,07570737
0,04416407
0,04416407
0,04633729
0,07269569
0,127536
0,127536
0,1614476
0,1436643
0,1436643
0,1848944
0,1254132
0,1254132
0,1541837
0,1222017
0,1311087
0,1311087
0,21254
0,1914726
0,1914726
0,2225322
0,2500266
0,2500266
0,1727826
0,1371436
0,1371436
0,2115544
0,2229344
0,1604322
0,1604322
0,1451284
0,1534884
0,1534884
0,1073976
0,1169068
0,1169068
0,1252932
0,1128891
0,10689
0,10689
0,09325144
0,09241625
0,09241625
0,09544738
0,09040117
0,09040117
0,08105682
0,07983939
0,07983939
0,04574976
0,04667789
0,04769499
0,04769499
0,05196816
0,05218103
0,05218103
0,06515336
0,07103264
0,07103264
0,09541837
0,09882749
0,1038647
0,1038647
0,1310917
0,1333347
0,1333347
0,2143883
0,2182553
0,2182553
0,2309336
0,0991554
0,0991554
0,1511087
0,1590765
0,1385394
0,1385394
0,1883126
0,356707
0,356707
0,3720473
0,3867907
0,3867907
0,396952
0,2839706
0,1469194
0,1469194
0,4296396
0,2917262
0,2917262
0,1496979
0,06921013
0,06921013
0,004753295
0,01709038
0,03076273
0,03076273
0,05135954
0,04729788
0,04729788
0,06806049
0,06306618
0,06306618
0,03528145
0,006885627
0,006885627
0,01473584
0,01756236
0,6139585
0,6139585
0,3934438
0,4300811
0,4300811
0,314598
0,3525927
0,3525927
0,4661852
0,5075168
0,5075168
1,492732
1,271146
1,886546
1,886546
3,212372
1,055391
1,055391
0,3546884
0,0624427
0,0624427
0,1752059
0,09000363
0,06913085
0,06913085
0,3387034
0,2270235
0,2270235
0,4440109
0,2680545
0,2680545
0,5043588
0,3921807
0,3250152
0,3250152
0,5006049
0,4166203
0,4166203
0,4876294
0,4456009
0,4456009
0,6022675
0,5115683
0,5115683
0,4767423
0,4154473
0,3853587
0,3853587
0,4890826
0,4296357
0,4296357
0,5778344
0,4573101
0,4573101
0,5436739
0,4842847
0,4723538
0,4723538
0,5565646
0,4847529
0,4847529
0,5782924
0,4749262
0,4749262
0,606151
0,5214352
0,5214352
0,4646316
0,4229684
0,416746
0,416746
0,4437675
0,4420987
0,4420987
0,541341
0,4556488
0,4556488
0,4891145
0,4190158
0,3956005
0,4164138
0,3950312
0,427612
0,4967766
0,2968644
0,5325164
0,3298371
0,3298371
0,4291827
0,4291827
0,4349854
0,8203361
0,6175509
0,7632772
0,5760292
0,8057136
0,6389039
0,775912
0,775912
0,8111969
0,3359442
0,5886773
0,650719
0,5152494
0,670767
0,4840609
0,5695652
0,4716933
0,4716933
0,4958372
0,3215446
0,3215446
0,6582329
0,500473
0,500473
0,735101
0,3897148
0,3897148
0,6288376
0,4993313
0,3540402
0,3540402
0,3486143
0,3172844
0,3172844
0,3261124
0,2266829
0,2266829
0,3411143
0,34882
0,34882
0,5091205
0,3652886
0,3198926
0,3198926
0,5361881
0,3840076
0,3840076
0,4491981
0,2047373
0,2047373
0,2907161
0,2576624
0,1799185
0,1799185
0,2266522
0,2017724
0,2017724
0,3172117
0,2414317
0,2414317
0,3013331
0,2835712
0,2258283
0,2258283
0,139942
0,1434038
0,1434038
0,2828964
0,2957035
0,2957035
0,3145932
0,2663725
0,2663725
0,3007124
0,3219181
0,3133616
0,3133616
0,2341595
0,219102
0,219102
0,2827359
0,2736668
0,2736668
0,21831
0,1850635
0,1890055
0,1890055
0,1225602
0,1151637
0,1151637
0,1283231
0,1305334
0,1305334
0,1384717
0,1366393
0,1366393
0,2456354
0,2556875
0,2945953
0,2945953
0,3996081
0,364524
0,364524
0,4429803
0,3903988
0,3903988
0,1904879
0,1975063
0,2082466
0,2082466
0,1630835
0,173993
0,173993
0,2029682
0,2071269
0,2071269
0,1469086
0,1124682
0,1124682
0,0873698
0,06289897
0,05100653
0,05100653
0,05869556
0,05976651
0,05976651
0,08123651
0,06632613
0,06632613
0,05571157
0,04947041
0,04518342
0,04518342
0,170133
0,131666
0,131666
0,04357955
0,05576634
0,05576634
0,07973731
0,07944084
0,07944084
0,08178518
0,05304573
0,02517986
0,02517986
0,02886309
0,02991409
0,02991409
0,03887598
0,03891466
0,03891466
0,03824799
0,04477265
0,02357144
0,02357144
0,0326084
0,02625652
0,02625652
0,04736836
0,03510353
0,03510353
0,03863515
0,0386804
0,03906788
0,03906788
0,04575314
0,03734807
0,03734807
0,0338387
0,03263991
0,03263991
0,03389571
0,03215346
0,03215346
0,03300401
0,02286303
0,03718465
0,03718465
0,2311644
0,1346695
0,1346695
0,04836824
0,5242143
0,5242143
0,7899386
0,720623
0,9744563
0,9744563
1,951414
1,449231
1,449231
0,9756331
0,7335245
0,7335245
1,020243
0,6288281
0,6288281
0,5610554
0,1910214
0,111215
0,111215
0,1580172
0,1504562
0,1504562
0,2299389
0,2438888
0,2438888
0,732102
0,4875436
0,4437439
0,4437439
0,8565553
0,5727736
0,5727736
0,9225317
0,6612477
0,6612477
0,9766945
0,7023783
0,7023783
0,9262622
0,6396756
0,4581245
0,4581245
0,6012523
0,4917378
0,4917378
0,5727592
0,4618266
0,4212054
0,4212054
0,2411976
0,2411976
0,5382095
0,3852811
0,2979177
0,4139514
0,4139514
0,4612643
0,2743343
0,3403719
0,1893288
0,334664
0,3247262
0,3092783
0,2768619
0,5044163
0,3422816
0,3053458
0,6333134
0,6333134
0,7203113
0,4633553
0,8384725
0,4151182
0,4742649
0,8101662
0,365173
0,4089363
0,7566827
0,4781163
0,805049
0,4301723
0,6928939
0,506358
0,506358
0,3035667
0,3035667
0,8369084
0,5661778
0,5045272
0,6122006
0,6122006
0,7055449
0,5181691
0,423898
0,611164
0,4640776
0,4640776
0,6785002
0,5527984
0,5527984
0,5764115
0,5154456
0,5154456
0,6758106
0,5893665
0,4944977
0,4944977
0,6894251
0,63498
0,63498
1,025046
0,8162749
0,8162749
1,235438
0,787654
0,6941937
0,6941937
1,063251
0,6657566
0,6657566
1,066445
0,6135841
0,6135841
1,033377
0,5900493
0,5900493
0,923136
0,6115242
0,5887567
0,5887567
1,161634
0,678633
0,678633
0,872726
0,6464539
0,6464539
0,9705476
0,9636955
0,6645659
0,6645659
0,8641024
0,9352786
0,9352786
0,8495469
0,8404544
0,8404544
0,9812727
0,8970917
0,8970917
1,2406
1,081806
1,221307
1,221307
1,712412
1,02788
1,02788
1,180965
0,7633898
0,7633898
0,8963916
0,6309029
0,5339984
0,5339984
0,6966565
0,5483891
0,5483891
0,9028664
0,6447995
0,6447995
1,060189
0,711511
0,489944
0,489944
1,033438
0,861836
0,861836
0,8891616
0,7052333
0,7052333
1,219884
0,8814367
0,8814367
1,038819
0,8246888
0,8240675
0,8240675
1,260832
0,9817064
0,9817064
1,102906
0,9501134
0,9501134
1,349817
0,9701125
0,8663585
0,8663585
1,23414
0,9563265
0,9563265
1,282425
0,8386235
0,8386235
1,277506
0,98841
0,98841
1,367675
0,8602272
0,8198061
0,8198061
1,094403
0,6586995
0,6586995
1,28748
0,5312245
0,4984836
0,968314
0,4318354
0,03008236
0,6987284
0,7752054
0,4916934
0,4995601
0,8375105
0,1769768
0,7173737
0,9098837
0,2579475
0,7744799
1,057223
0,5969439
0,8877221
0,6882762
0,9630859
0,668186
0,8641655
0,5652711
0,420258
0,3155507
0,6321838
0,400151
0,5322167
0,5700343
0,6770722
0,5411795
0,6268575
0,5243202
0,4351594
0,5659434
0,5659434
0,6069403
0,5445274
0,5445274
0,5863132
0,5259404
0,476558
0,476558
0,7206347
0,6033144
0,6033144
0,7957507
0,6821107
0,8808475
0,9048723
0,9048723
1,139506
0,5945675
0,5208995
0,5208995
0,8907529
0,5450404
0,5450404
0,9074407
0,5592294
0,5592294
0,8492067
0,573054
0,4338584
0,4338584
0,8677794
0,6057456
0,6057456
0,900838
0,6297599
0,6297599
0,7819608
0,648729
0,648729
0,737423
0,6101589
0,559803
0,559803
0,6292157
0,5326968
0,5326968
0,6768026
0,547089
0,547089
0,5408199
0,498621
0,4303041
0,4303041
0,2766761
0,3046198
0,3046198
0,3443935
0,3449874
0,3449874
0,2785597
0,2875631
0,2875631
0,1905486
0,2009502
0,2063736
0,2063736
0,2353492
0,2397253
0,2397253
0,5072321
0,49426
0,49426
0,6683947
0,618032
0,893659
0,893659
1,341714
1,039974
1,039974
1,719836
0,9093961
0,9093961
0,854359
0,5666976
0,4963922
0,4963922
0,8041363
0,57143
0,57143
0,8542218
0,5829481
0,5829481
0,7966619
0,5425264
0,5425264
0,9284452
0,5776694
0,5848521
0,5848521
0,9332638
0,5811927
0,5811927
0,9662492
0,5288065
0,5288065
0,8789718
0,5070883
0,5070883
0,9155203
0,4829382
0,4228038
0,4228038
0,7246972
0,4352778
0,4352778
0,6499559
0,281894
0,281894
0,3780113
0,2225406
0,1881791
0,1881791
0,533184
0,4168164
0,4168164
0,3183685
0,2116346
0,2116346
0,2283597
0,240486
0,2439009
0,2439009
0,3422729
0,3135698
0,3135698
0,4780917
0,348446
0,348446
0,4404166
0,357264
0,357264
0,513324
0,5070778
0,400968
0,400968
0,4415843
0,4226818
0,4226818
0,3635677
0,3503065
0,3503065
0,2101169
0,2112371
0,2201562
0,2201562
0,1617539
0,1652735
0,1652735
0,1419184
0,1467105
0,1467105
0,1600952
0,1622891
0,1622891
0,1442341
0,1409934
0,1461573
0,1461573
0,1991466
0,1878252
0,1878252
0,3587534
0,2510865
0,2510865
0,2723747
0,226463
0,2755916
0,2755916
0,5737783
0,4634166
0,4634166
0,5527093
0,4918182
0,4918182
0,4228907
0,3969774
0,3969774
0,1634176
0,1735144
0,1872624
0,1872624
0,1737509
0,184624
0,184624
0,3301972
0,3190925
0,3190925
0,1751675
0,3629857
0,370784
0,370784
0,7317393
0,6877109
0,6877109
1,228265
1,066491
1,066491
1,928659
1,292518
1,396309
1,396309
1,630734
0,3908824
0,3908824
0,5715862
0,38103
0,38103
0,4928583
0,394832
0,394832
0,6140342
0,5099099
0,3589169
0,3589169
0,479512
0,3933553
0,3933553
0,4951548
0,4492086
0,4492086
0,5166666
0,498923
0,5075921
0,5075921
0,5511447
0,5116995
0,5116995
0,4203846
0,4086312
0,4086312
0,3352405
0,3424131
0,3424131
0,3150474
0,3348554
0,3500632
0,3500632
0,3072374
0,3072374
1,087765
0,9463053
0,9463053
1,023685
0,8363913
0,9083076
0,9083076
1,055416
0,6083538
0,6083538
0,402901
0,09850914
0,09850914
0,0969106
0,1209454
0,1209454
0,5418783
velocityComponents
0,08072853
0,6648529
-0,3263533
-0,07953048
0,1863346
0,01886189
-0,07953048
0,1863346
0,01886189
-0,1958907
0,1605414
0,08215606
-0,01323223
0,1358021
-0,08218288
-0,01323223
0,1358021
-0,08218288
-0,1071393
0,1601841
-0,02986491
0,001245737
0,1324892
-0,09667575
0,005525351
-0,02168827
-0,07341206
0,005525351
-0,02168827
-0,07341206
0,002390146
0,1373645
-0,1624942
0,02949238
0,2503783
-0,1511961
0,02949238
0,2503783
-0,1511961
0,1015604
0,3503501
-0,3520012
-0,08097291
-0,002798438
0,08234382
-0,08097291
-0,002798438
0,08234382
-0,03877878
0,03364533
-0,02756715
0,02718568
0,149728
-0,1419604
0,01658201
0,1022983
-0,1085579
0,01658201
0,1022983
-0,1085579
-0,0477016
-0,05409047
-0,05022585
0,01420379
-0,04491806
-0,1403183
0,01420379
-0,04491806
-0,1403183
0,01541972
0,01665801
-0,1579821
-0,009226799
0,0334695
-0,0713706
-0,009226799
0,0334695
-0,0713706
-0,02501607
-0,05465373
-0,1592934
0,009208918
0,016113
-0,07624626
0,02014183
-0,00346528
-0,1281635
0,02014183
-0,00346528
-0,1281635
0,0002664387
-0,1032113
-0,1694581
-0,06186522
-0,1356727
0,0008758243
-0,06186522
-0,1356727
0,0008758243
0,05566405
-0,09553902
-0,2513197
0,03789164
0,007771154
-0,1323806
0,03789164
0,007771154
-0,1323806
0,002370326
-0,05615328
-0,1177965
0,01752548
-0,06450362
-0,1268044
0,01752548
-0,06450362
-0,1268044
0,05850273
-0,07410114
-0,2688386
0,01132146
-0,03157857
-0,09850815
0,008999887
-0,02121961
-0,07666179
0,008999887
-0,02121961
-0,07666179
0,08851846
0,05297137
-0,3053994
0,02070938
0,02340385
-0,115876
0,02070938
0,02340385
-0,115876
0,01523047
0,04359854
-0,1408467
0,03274308
0,0572024
-0,1528036
0,03274308
0,0572024
-0,1528036
-0,0003705068
0,08477266
-0,124311
-0,01937462
0,0179425
-0,0567339
-0,002331304
0,007964308
-0,06415125
-0,002331304
0,007964308
-0,06415125
0,04510721
0,05766552
-0,1944067
0,01166199
0,04841221
-0,09351131
0,01166199
0,04841221
-0,09351131
-0,003785195
0,06143571
-0,1052524
0,01845656
0,0241795
-0,121369
0,01845656
0,0241795
-0,121369
0,01867086
0,006361101
-0,1563376
0,001790496
-0,0190218
-0,09865968
0,001790496
-0,0190218
-0,09865968
-0,003286447
0,02881517
-0,1035006
-0,01338552
0,02903051
-0,05777288
-0,02040691
0,01835031
-0,02672644
-0,02040691
0,01835031
-0,02672644
-0,04771033
0,04294179
-0,03827525
-0,03641913
0,03161321
-0,02657227
-0,03641913
0,03161321
-0,02657227
-0,05306516
0,02498495
-0,04786906
-0,03820144
0,01160554
-0,01887927
-0,03820144
0,01160554
-0,01887927
-0,03632498
-0,003059515
-0,02860558
-0,01275153
-0,01559689
-0,0698484
0,02094672
0,01170189
-0,1252586
0,02094672
0,01170189
-0,1252586
0,03524487
0,01506397
-0,1568317
0,03161318
-0,01713966
-0,1390908
0,03161318
-0,01713966
-0,1390908
0,04081342
-0,04402133
-0,174878
0,02839263
-0,006559464
-0,1219807
0,02839263
-0,006559464
-0,1219807
0,03856696
-0,002931074
-0,1492536
0,02942617
-0,0003382075
-0,1186054
0,03510883
0,0246898
-0,1238841
0,03510883
0,0246898
-0,1238841
0,06805908
0,04723361
-0,1957299
0,0632945
0,05186541
-0,1731056
0,0632945
0,05186541
-0,1731056
0,08315684
0,05995938
-0,1975105
0,09869673
0,04662237
-0,2249413
0,09869673
0,04662237
-0,2249413
0,06864507
0,02173617
-0,1570644
0,05447958
0,006975582
-0,125665
0,05447958
0,006975582
-0,125665
0,0887757
0,01654799
-0,1913121
0,09543182
0,01433947
-0,2009649
0,06925416
0,01200488
-0,144216
0,06925416
0,01200488
-0,144216
0,06263556
0,02595452
-0,1283176
0,06604454
0,03243964
-0,1347014
0,06604454
0,03243964
-0,1347014
0,04620623
0,009676624
-0,09646554
0,0499037
0,01581502
-0,1045308
0,0499037
0,01581502
-0,1045308
0,05257238
0,01904286
-0,1121245
0,04686262
0,008917479
-0,1023148
0,04371868
0,006556442
-0,09731993
0,04371868
0,006556442
-0,09731993
0,03657855
0,005912654
-0,08557384
0,03523768
0,00309778
-0,08537841
0,03523768
0,00309778
-0,08537841
0,0340598
-0,003202794
-0,08910598
0,03126611
-0,001889208
-0,08480113
0,03126611
-0,001889208
-0,08480113
0,02533135
-0,006671952
-0,07670734
0,0234417
-0,009737373
-0,07569676
0,0234417
-0,009737373
-0,07569676
0,01036619
-0,01331183
-0,04252502
0,009555808
-0,01610947
-0,04275507
0,008251785
-0,02013898
-0,04243986
0,008251785
-0,02013898
-0,04243986
0,007904414
-0,02173929
-0,04653615
0,007254785
-0,02219438
-0,04666517
0,007254785
-0,02219438
-0,04666517
0,009470518
-0,02354866
-0,06000609
0,01122204
-0,02352002
-0,06607957
0,01122204
-0,02352002
-0,06607957
0,01629133
-0,02828595
-0,08966138
0,0176059
-0,0267395
-0,09349815
0,01949139
-0,02450948
-0,09903154
0,01949139
-0,02450948
-0,09903154
0,0282412
-0,0276018
-0,1250024
0,02951738
-0,02793363
-0,1269904
0,02951738
-0,02793363
-0,1269904
0,05349752
-0,03602307
-0,2044571
0,05474545
-0,03113787
-0,2089707
0,05474545
-0,03113787
-0,2089707
0,03848283
-0,06001818
-0,2196525
-0,04741663
-0,0160453
-0,08559209
-0,04741663
-0,0160453
-0,08559209
-0,03265266
-0,0299685
-0,1444629
-0,0210439
-0,02488821
-0,1557019
-0,03497526
-0,008861451
-0,1337586
-0,03497526
-0,008861451
-0,1337586
-0,08531038
-0,01412514
-0,1672849
0,05793485
-0,03440992
-0,3502847
0,05793485
-0,03440992
-0,3502847
-0,04276758
-0,02853337
-0,3684779
-0,01542991
0,04849578
-0,3834281
-0,01542991
0,04849578
-0,3834281
-0,0154663
-0,0106295
-0,3965082
0,02423996
-0,01074859
-0,2827299
0,01101652
-0,01457971
-0,1457785
0,01101652
-0,01457971
-0,1457785
0,08461043
0,01239753
-0,4210435
0,05224901
-0,03617879
-0,2847197
0,05224901
-0,03617879
-0,2847197
-0,07083753
-0,02898073
0,1286531
-0,02740347
-0,009247435
0,06287748
-0,02740347
-0,009247435
0,06287748
-0,002479047
-0,0006454363
0,004003942
0,005078465
-0,0002309605
-0,01631677
0,009650618
0,0002623051
-0,0292086
0,009650618
0,0002623051
-0,0292086
0,01626551
0,0004544901
-0,04871374
0,01474857
-0,0004046368
-0,04493779
0,01474857
-0,0004046368
-0,04493779
0,02041313
-0,003623482
-0,06482595
0,01943934
-0,002839295
-0,05992824
0,01943934
-0,002839295
-0,05992824
-0,015138
-0,00683427
0,03112739
-0,002385736
-0,0002352744
0,006454825
-0,002385736
-0,0002352744
0,006454825
0,00372541
0,003605999
-0,01379359
0,00451839
0,003080875
-0,01668918
-0,1339792
0,2362308
-0,5506265
-0,1339792
0,2362308
-0,5506265
-0,02181244
0,04390121
-0,3903779
-0,06853306
0,02157209
-0,4240373
-0,06853306
0,02157209
-0,4240373
-0,08627039
0,04452588
-0,2992436
-0,02323745
0,007162336
-0,3517532
-0,02323745
0,007162336
-0,3517532
0,0224164
-0,006596886
-0,4655992
0,177394
0,04860436
-0,4730141
0,177394
0,04860436
-0,4730141
0,5105022
0,1370978
-1,396009
0,4277194
0,1141675
-1,191568
0,6274708
0,1696573
-1,771031
0,6274708
0,1696573
-1,771031
1,008347
0,2468501
-3,040006
0,3060488
0,0374988
-1,009346
0,3060488
0,0374988
-1,009346
0,03638342
-0,05385979
-0,3486821
-0,02138999
-0,01970362
-0,05525691
-0,02138999
-0,01970362
-0,05525691
-0,09150984
-0,139913
-0,0524158
-0,05090549
-0,06788047
-0,03002543
-0,02390236
0,04067587
-0,05052945
-0,02390236
0,04067587
-0,05052945
-0,0217685
0,1400914
-0,3076045
-0,007413808
0,07003874
-0,2158224
-0,007413808
0,07003874
-0,2158224
0,006757194
0,2264031
-0,3818922
0,004216278
0,1615992
-0,213825
0,004216278
0,1615992
-0,213825
0,05401421
0,3289593
-0,3784786
0,03986929
0,2778365
-0,2739032
0,03161749
0,2498105
-0,2054992
0,03161749
0,2498105
-0,2054992
0,04840753
0,4157775
-0,2745742
0,03383439
0,3672062
-0,1938743
0,03383439
0,3672062
-0,1938743
0,03486784
0,4534889
-0,1758251
0,03466359
0,4135457
-0,1622915
0,03466359
0,4135457
-0,1622915
0,04243447
0,5697806
-0,1904612
0,02453428
0,4973532
-0,1172176
0,02453428
0,4973532
-0,1172176
-0,006017134
0,4766984
0,002380621
-0,01650283
0,4123133
0,04818548
-0,01384465
0,3832161
0,03814555
-0,01384465
0,3832161
0,03814555
0,001006451
0,4884418
-0,02500773
0,01305409
0,4233749
-0,07190339
0,01305409
0,4233749
-0,07190339
0,0195891
0,5653993
-0,1176115
0,009373882
0,4520901
-0,06825823
0,009373882
0,4520901
-0,06825823
-0,003814615
0,5428812
-0,02909929
-0,0003074756
0,4820015
-0,04696922
0,007340896
0,4646687
-0,08454081
0,007340896
0,4646687
-0,08454081
0,03140732
0,5138721
-0,2114551
0,02901349
0,439022
-0,203478
0,02901349
0,439022
-0,203478
0,03587389
0,5047709
-0,2798955
0,03164752
0,3991861
-0,2553502
0,03164752
0,3991861
-0,2553502
0,04632976
0,4577976
-0,3945808
0,04023845
0,3734155
-0,3617131
0,04023845
0,3734155
-0,3617131
0,02039327
0,3433041
-0,3124243
0,01361971
0,315977
-0,2808474
0,01087062
0,3024651
-0,2864854
0,01087062
0,3024651
-0,2864854
0,01240125
0,300026
-0,3267418
0,009705944
0,3008497
-0,3238001
0,009705944
0,3008497
-0,3238001
0,005638517
0,3627339
-0,401799
-0,001587642
0,3099941
-0,3339415
-0,001587642
0,3099941
-0,3339415
-0,01436263
0,345451
-0,3459629
-0,01596562
0,2942367
-0,2978995
-0,01808493
0,2675199
-0,2908708
-0,0228786
0,2632081
-0,3218673
-0,024187
0,2470168
-0,3073228
-0,0155889
0,221946
-0,3651697
-0,01612891
0,2204571
-0,4448882
-0,003046048
0,06396463
-0,2898754
0,00235496
0,01443824
-0,5323154
0,005992055
-0,04740352
-0,3263579
0,005992055
-0,04740352
-0,3263579
0,0110609
-0,1315373
-0,4083789
0,0110609
-0,1315373
-0,4083789
0,004011189
-0,164798
-0,4025393
-0,003555127
-0,3559002
-0,7391033
-0,003424718
-0,2085151
-0,5812734
-0,01754792
-0,2858435
-0,7075151
-0,0206599
-0,3398904
-0,4646045
-0,03507724
-0,4658638
-0,6564411
-0,02863084
-0,3920684
-0,5036475
-0,04305648
-0,5096115
-0,5835081
-0,04305648
-0,5096115
-0,5835081
-0,06094692
-0,4932021
-0,6411532
-0,02752584
-0,2116414
-0,2594393
-0,06293967
-0,5030717
-0,299163
-0,07360427
-0,5463096
-0,3457795
-0,04742148
-0,4668705
-0,2127559
-0,05287683
-0,6226987
-0,2436776
-0,03489174
-0,3983365
-0,2728105
-0,0508552
-0,5247946
-0,2154272
-0,04003126
-0,469043
-0,02984566
-0,04003126
-0,469043
-0,02984566
-0,0552809
-0,4896485
-0,05516192
-0,02980147
-0,2968671
-0,1198864
-0,02980147
-0,2968671
-0,1198864
-0,05035377
-0,6547474
-0,04517507
-0,03829018
-0,4930198
0,07706251
-0,03829018
-0,4930198
0,07706251
-0,05961936
-0,7158619
0,1560796
-0,03872412
-0,3871552
0,02211199
-0,03872412
-0,3871552
0,02211199
-0,06319528
-0,5923186
0,2014989
-0,04828974
-0,4632067
0,1801093
-0,0404097
-0,3349148
0,1074412
-0,0404097
-0,3349148
0,1074412
-0,05687702
-0,3322347
0,08897787
-0,04911555
-0,2884249
0,1227522
-0,04911555
-0,2884249
0,1227522
-0,06364877
-0,3195306
-0,01408297
-0,04145863
-0,184868
-0,1244594
-0,04145863
-0,184868
-0,1244594
-0,0452591
-0,09623333
-0,3241137
-0,04125041
-0,102669
-0,3308064
-0,04125041
-0,102669
-0,3308064
-0,06929327
-0,1698667
-0,4749183
-0,04321523
-0,04060361
-0,3604436
-0,04209708
-0,002195346
-0,317103
-0,04209708
-0,002195346
-0,317103
-0,08223568
-0,1891426
-0,4949343
-0,04210438
-0,0311001
-0,3804232
-0,04210438
-0,0311001
-0,3804232
-0,07175852
-0,1530007
-0,4161976
-0,05362973
-0,07379917
-0,1832891
-0,05362973
-0,07379917
-0,1832891
-0,08182222
-0,1976169
-0,1968972
-0,06520569
-0,1539985
-0,1960168
-0,05298129
-0,08653045
-0,1485804
-0,05298129
-0,08653045
-0,1485804
-0,07258554
-0,05436056
-0,2077197
-0,06752967
-0,1024177
-0,1601951
-0,06752967
-0,1024177
-0,1601951
-0,08594772
-0,05821112
-0,299746
-0,06790754
-0,06712416
-0,221748
-0,06790754
-0,06712416
-0,221748
-0,08847824
-0,05484699
-0,2827809
-0,07566418
-0,02379339
-0,2722526
-0,06414823
-0,03506654
-0,2136674
-0,06414823
-0,03506654
-0,2136674
-0,06838752
-0,06683973
-0,1021732
-0,06244496
-0,06440788
-0,1118789
-0,06244496
-0,06440788
-0,1118789
-0,08086067
-0,02028638
-0,2703338
-0,07137912
-0,003945698
-0,2869321
-0,07137912
-0,003945698
-0,2869321
-0,07190274
-0,02523142
-0,3052249
-0,06328116
-0,02861913
-0,257159
-0,06328116
-0,02861913
-0,257159
-0,0660359
0,01461336
-0,2930079
-0,05931668
0,0494307
-0,312521
-0,0555102
0,04315101
-0,3053721
-0,0555102
0,04315101
-0,3053721
-0,04669412
0,02695399
-0,227868
-0,04460084
0,03096075
-0,2122684
-0,04460084
0,03096075
-0,2122684
-0,05463988
0,04104463
-0,2743527
-0,05131308
0,04257897
-0,2654195
-0,05131308
0,04257897
-0,2654195
-0,04538162
0,0326308
-0,2110331
-0,0399039
0,02892316
-0,1783806
-0,03988783
0,02012147
-0,1836496
-0,03988783
0,02012147
-0,1836496
-0,02714672
0,01138809
-0,1189721
-0,02758863
0,01165757
-0,1112009
-0,02758863
0,01165757
-0,1112009
-0,03304823
0,001573474
-0,1239845
-0,03471696
-0,005393685
-0,1257164
-0,03471696
-0,005393685
-0,1257164
-0,0406813
-0,02517636
-0,1299446
-0,0424628
-0,0359767
-0,1247914
-0,0424628
-0,0359767
-0,1247914
-0,08041116
-0,08571365
-0,2156941
-0,08185329
-0,07959259
-0,2287819
-0,09040979
-0,07309354
-0,2706839
-0,09040979
-0,07309354
-0,2706839
-0,1195657
-0,1013853
-0,3675754
-0,1087172
-0,09312715
-0,3352397
-0,1087172
-0,09312715
-0,3352397
-0,1266436
-0,06499863
-0,4194856
-0,1126082
-0,05664382
-0,3694889
-0,1126082
-0,05664382
-0,3694889
-0,05379264
-0,01872632
-0,1817727
-0,05547434
-0,0160375
-0,1888759
-0,0573781
-0,01218574
-0,1998146
-0,0573781
-0,01218574
-0,1998146
-0,04318974
-0,006785415
-0,1571141
-0,0449044
-0,001195319
-0,1680944
-0,0449044
-0,001195319
-0,1680944
-0,05014564
0,01060256
-0,1963901
-0,05034149
0,01476341
-0,200373
-0,05034149
0,01476341
-0,200373
-0,005162135
0,005562972
-0,1467124
-0,003069982
0,004645815
-0,1123303
-0,003069982
0,004645815
-0,1123303
-0,002325773
0,003906647
-0,08725142
-0,003581669
0,007469978
-0,06235103
-0,0009257756
0,007579479
-0,05043174
-0,0009257756
0,007579479
-0,05043174
-0,0007355101
0,01058454
-0,05772863
-0,001831695
0,011408
-0,05863905
-0,001831695
0,011408
-0,05863905
-0,007292055
0,01546869
-0,0794161
-0,004326504
0,01309509
-0,06487647
-0,004326504
0,01309509
-0,06487647
-0,002168052
0,01285809
-0,05416408
-0,003082074
0,00964655
-0,04842278
-0,004789494
0,01540747
-0,04220441
-0,004789494
0,01540747
-0,04220441
-0,004792623
0,04952922
-0,1626933
-0,003308706
0,03789438
-0,1260516
-0,003308706
0,03789438
-0,1260516
-0,008508153
0,01842131
-0,03856739
-0,008688338
0,02345297
-0,04984331
-0,008688338
0,02345297
-0,04984331
-0,008670889
0,03243349
-0,07232511
-0,005465128
0,02585813
-0,07491553
-0,005465128
0,02585813
-0,07491553
-0,008652136
0,03602552
-0,07291171
-0,004376374
0,02905759
-0,04416281
-0,0001952648
0,02047567
-0,0146538
-0,0001952648
0,02047567
-0,0146538
0,009780295
0,02710462
-0,001662374
0,009190425
0,02842318
-0,001584888
0,009190425
0,02842318
-0,001584888
0,008650966
0,03477843
-0,01506531
0,008273922
0,03448878
-0,01601303
0,008273922
0,03448878
-0,01601303
0,008339562
0,03402738
-0,01534593
-0,006878883
0,02214976
-0,038297
-0,00129693
0,01972169
-0,01284468
-0,00129693
0,01972169
-0,01284468
0,00603772
0,03122945
-0,007181585
-0,00211142
0,023917
-0,01062655
-0,00211142
0,023917
-0,01062655
0,006585144
0,0407615
-0,02321416
-0,002013691
0,02894752
-0,01975459
-0,002013691
0,02894752
-0,01975459
0,006742865
0,03585526
-0,01271254
0,006026737
0,03624292
-0,01209557
0,006013535
0,03655706
-0,0123983
0,006013535
0,03655706
-0,0123983
0,006426498
0,0409366
-0,01939702
0,00669859
0,03547236
-0,009576976
0,00669859
0,03547236
-0,009576976
0,007421728
0,03285599
-0,003234088
0,00736168
0,03179114
-0,0007019639
0,00736168
0,03179114
-0,0007019639
0,007103074
0,03303358
-0,002692282
0,005532417
0,0315696
-0,002568603
0,005532417
0,0315696
-0,002568603
0,005245663
0,03231454
-0,004185498
0,001258776
0,01885942
-0,01286298
-0,009292331
0,03363317
-0,01285148
-0,009292331
0,03363317
-0,01285148
-0,01732984
0,1269739
-0,1923909
-0,003292337
0,06797141
-0,1162107
-0,003292337
0,06797141
-0,1162107
-0,02769707
0,03952253
-0,003213882
0,1022142
0,2383335
-0,4555766
0,1022142
0,2383335
-0,4555766
-0,0354815
0,3514768
-0,7065466
-0,02979724
0,3009223
-0,6541066
-0,03523095
0,3753999
-0,8985537
-0,03523095
0,3753999
-0,8985537
-0,06339408
0,6770156
-1,829111
-0,04664002
0,4535345
-1,375646
-0,04664002
0,4535345
-1,375646
-0,02670163
0,2275985
-0,9483385
-0,016348
0,160112
-0,7156501
-0,016348
0,160112
-0,7156501
-0,01870303
0,1583267
-1,00771
-0,0140481
0,1186547
-0,6173723
-0,0140481
0,1186547
-0,6173723
0,005814908
0,1410079
-0,5430158
0,01186161
0,05803784
-0,1816042
0,01607292
0,0610315
-0,0915729
0,01607292
0,0610315
-0,0915729
0,02037315
0,1230789
-0,09698433
0,01048527
0,1322053
-0,07105555
0,01048527
0,1322053
-0,07105555
0,03663907
0,2262489
0,01846283
0,04364562
0,2250599
0,08321541
0,04364562
0,2250599
0,08321541
0,07506331
0,7102273
0,1609847
0,05114191
0,4665303
0,1320334
0,04082769
0,4263541
0,1160342
0,04082769
0,4263541
0,1160342
0,091592
0,7863426
0,3270524
0,0682859
0,5047851
0,2619134
0,0682859
0,5047851
0,2619134
0,07756805
0,8379403
0,3780266
0,05271946
0,5962858
0,2809135
0,05271946
0,5962858
0,2809135
0,06389912
0,8769351
0,4252457
0,02977749
0,6475492
0,2704231
0,02977749
0,6475492
0,2704231
0,02333644
0,8568341
0,3510731
0,007374432
0,5967247
0,2303261
0,005528023
0,4207998
0,1810389
0,005528023
0,4207998
0,1810389
0,01990053
0,5141508
0,3110583
0,01513157
0,4203814
0,2546695
0,01513157
0,4203814
0,2546695
0,02474833
0,4645328
0,3341405
0,009315428
0,3990189
0,232338
0,01091828
0,3572526
0,2228573
0,01091828
0,3572526
0,2228573
-0,0008134858
0,2173801
0,1045061
-0,0008134858
0,2173801
0,1045061
0,005832367
0,4617088
0,2765148
0,007697971
0,3188806
0,2160958
-0,00126867
0,2598677
0,1456781
0,02045043
0,2999384
0,2845603
0,02045043
0,2999384
0,2845603
0,01509717
0,3459457
0,3047267
0,0003499383
0,2286727
0,1515518
0,009223169
0,2560069
0,2241171
0,009019448
0,1286449
0,1386165
0,00186094
0,2671939
0,2015042
0,01523732
0,2191011
0,2391854
0,01129512
0,2193229
0,2177681
0,01780028
0,1670748
0,2200493
0,03171976
0,2944736
0,4083075
0,03012614
0,1650433
0,2983451
0,05298803
0,02450757
0,2997127
0,07490159
0,2081818
0,5934104
0,07490159
0,2081818
0,5934104
0,1025242
0,1451551
0,6980452
0,08599566
-0,02604214
0,4545599
0,1433736
-0,02935415
0,8256019
0,07924878
-0,07599017
0,4003351
0,09744111
-0,1785825
0,4284165
0,1554892
-0,2526591
0,7538937
0,06571316
-0,07251391
0,3518165
0,07670877
-0,1857399
0,3561535
0,1357545
-0,3221195
0,6711024
0,08107782
-0,2819651
0,3775146
0,1242462
-0,4071262
0,6833118
0,05883604
-0,2369976
0,3541451
0,09398727
-0,3980054
0,5593389
0,06857454
-0,3557544
0,3537439
0,06857454
-0,3557544
0,3537439
0,03494634
-0,2068419
0,2194264
0,03494634
-0,2068419
0,2194264
0,09256041
-0,6226202
0,5515363
0,06104767
-0,4233997
0,3708951
0,05469111
-0,4236732
0,2684354
0,06305604
-0,5198611
0,3171088
0,06305604
-0,5198611
0,3171088
0,06873804
-0,6125983
0,3432085
0,04772366
-0,4707066
0,2113218
0,03453255
-0,3752491
0,1941265
0,04313075
-0,5123131
0,3304489
0,02930954
-0,3601188
0,2912445
0,02930954
-0,3601188
0,2912445
0,03937988
-0,5167058
0,4379805
0,03324915
-0,4688748
0,2909243
0,03324915
-0,4688748
0,2909243
0,03562424
-0,5315592
0,2200588
0,03029389
-0,4852074
0,1712899
0,03029389
-0,4852074
0,1712899
0,03610069
-0,6447719
0,1992131
0,02903237
-0,565158
0,1646402
0,02267258
-0,4776735
0,1258647
0,02267258
-0,4776735
0,1258647
0,02797488
-0,6641284
0,1829146
0,02066423
-0,6115332
0,1697047
0,02066423
-0,6115332
0,1697047
0,01788873
-0,9738865
0,3192877
0,005199126
-0,7752681
0,2554152
0,005199126
-0,7752681
0,2554152
-0,01119581
-1,153002
0,4435871
-0,01303897
-0,7423645
0,2629138
-0,01494473
-0,667711
0,1893241
-0,01494473
-0,667711
0,1893241
-0,02869179
-1,062598
0,02373506
-0,0260184
-0,6590947
0,09027269
-0,0260184
-0,6590947
0,09027269
-0,05487009
-1,025444
0,2876778
-0,03497467
-0,573613
0,2150123
-0,03497467
-0,573613
0,2150123
-0,06373186
-0,9503186
0,4008742
-0,03678289
-0,5602584
0,1814266
-0,03678289
-0,5602584
0,1814266
-0,05349127
-0,9115615
0,1355522
-0,03903707
-0,6048324
0,08133718
-0,04238212
-0,5842358
0,05921815
-0,04238212
-0,5842358
0,05921815
-0,09797432
-1,102097
0,3538032
-0,06242296
-0,6416655
0,2119236
-0,06242296
-0,6416655
0,2119236
-0,08244953
-0,8379489
0,2295526
-0,06240266
-0,6105475
0,203077
-0,06240266
-0,6105475
0,203077
-0,1085982
-0,8632173
0,4301453
-0,1226235
-0,8669867
0,4025004
-0,08401524
-0,5775368
0,3178687
-0,08401524
-0,5775368
0,3178687
-0,1077992
-0,6549435
0,5532642
-0,1330978
-0,7413708
0,554437
-0,1330978
-0,7413708
0,554437
-0,1068274
-0,5826022
0,6090094
-0,109608
-0,5444787
0,6307873
-0,109608
-0,5444787
0,6307873
-0,1379255
-0,576024
0,7823484
-0,1211254
-0,4775765
0,7496819
-0,1211254
-0,4775765
0,7496819
-0,1611277
-0,5671611
1,091538
-0,1427362
-0,4533355
0,9718114
-0,1758969
-0,5067136
1,097221
-0,1758969
-0,5067136
1,097221
-0,2530669
-0,6691066
1,55583
-0,1427302
-0,3626065
0,9511477
-0,1427302
-0,3626065
0,9511477
-0,1864946
-0,4922206
1,057174
-0,1158828
-0,262333
0,707472
-0,1158828
-0,262333
0,707472
-0,09838414
-0,1049006
0,8847793
-0,08284625
-0,09569138
0,6180761
-0,08287394
-0,1042896
0,5171168
-0,08287394
-0,1042896
0,5171168
-0,02269835
0,1589272
0,6779065
-0,03797148
0,07818646
0,5414569
-0,03797148
0,07818646
0,5414569
-0,05963966
0,2079727
0,8765604
0,00484483
0,3157342
0,5621875
0,00484483
0,3157342
0,5621875
0,07680153
0,7448766
0,7505072
0,03519249
0,4793998
0,5245811
0,02229883
0,3253172
0,3656729
0,02229883
0,3253172
0,3656729
0,1969036
0,9534592
0,3466094
0,1947453
0,8278048
0,1399101
0,1947453
0,8278048
0,1399101
0,1721102
0,8342776
0,2548869
0,1216903
0,655524
0,229856
0,1216903
0,655524
0,229856
0,2553774
1,184731
0,1389599
0,1649571
0,8534712
0,1459683
0,1649571
0,8534712
0,1459683
0,1215791
0,9544984
0,3915315
0,1317753
0,7975487
0,1632879
0,1415664
0,805292
0,1027183
0,1415664
0,805292
0,1027183
0,2404509
1,23717
-0,03592614
0,1811143
0,9633328
-0,05417437
0,1811143
0,9633328
-0,05417437
0,1648439
1,088436
0,06733749
0,147557
0,9382028
-0,02679155
0,147557
0,9382028
-0,02679155
0,1832272
1,336778
-0,03816691
0,1043393
0,9633412
0,04696117
0,08036706
0,8608745
0,05489362
0,08036706
0,8608745
0,05489362
0,1014716
1,228172
0,06633186
0,07485755
0,9533878
0,002911046
0,07485755
0,9533878
0,002911046
0,04398713
1,274486
0,135513
0,02629207
0,8344938
0,07885551
0,02629207
0,8344938
0,07885551
0,01835083
1,271115
0,1262961
0,01555652
0,9877703
0,03197119
0,01555652
0,9877703
0,03197119
0,0002229552
1,366934
0,04503515
-0,02201499
0,8533246
0,1065053
-0,02183074
0,8166505
0,0684645
-0,02183074
0,8166505
0,0684645
-0,08412482
1,038965
0,3334555
-0,069405
0,6052439
0,2504949
-0,069405
0,6052439
0,2504949
-0,07730189
1,273815
0,1703708
-0,05950209
0,4928713
0,1890419
-0,1027047
0,2972405
0,3867631
-0,1368959
0,8675829
0,407666
-0,09881258
0,1858309
0,3770739
-0,005769525
0,02265065
0,01893698
-0,146159
0,4359591
0,5261165
-0,1811467
0,4035047
0,6366422
-0,1118183
0,3473872
0,3295166
-0,1341055
0,1035913
0,4699413
-0,2297832
0,2278792
0,77246
-0,04763465
0,07229479
0,1543541
-0,1975797
0,165059
0,6695841
-0,2586138
0,132371
0,8622558
-0,07457285
0,03734804
0,244092
-0,2190996
-0,04450257
0,7415079
-0,3070263
-0,09516001
1,007175
-0,1765669
-0,04161349
0,5687129
-0,2654751
-0,0777511
0,8435213
-0,1966378
-0,1320853
0,6462284
-0,2863564
-0,1915551
0,8993559
-0,1921206
-0,1901592
0,611066
-0,2426711
-0,3027416
0,772166
-0,1463269
-0,2560645
0,4822352
-0,1082742
-0,1830942
0,36245
-0,07307646
-0,1651646
0,2587523
-0,1476468
-0,3533694
0,5029781
-0,07125209
-0,2590287
0,2965605
-0,1014539
-0,3525337
0,3855927
-0,1291989
-0,3679796
0,4157376
-0,1507488
-0,4566472
0,4766288
-0,1156509
-0,3814819
0,3660213
-0,1310472
-0,4558401
0,409862
-0,09979116
-0,3912618
0,3344661
-0,07508761
-0,3384702
0,2629896
-0,09551784
-0,450343
0,3291799
-0,09551784
-0,450343
0,3291799
-0,08870493
-0,5022337
0,329043
-0,06883751
-0,4669706
0,2714958
-0,06883751
-0,4669706
0,2714958
-0,04884907
-0,5308347
0,2441135
-0,04756261
-0,4761158
0,2183229
-0,04596332
-0,4328714
0,1939517
-0,04596332
-0,4328714
0,1939517
-0,08837146
-0,6491469
0,3001886
-0,06982405
-0,548739
0,2408285
-0,06982405
-0,548739
0,2408285
-0,07395803
-0,7417167
0,2785782
-0,0784119
-0,6314653
0,2457196
-0,1136805
-0,8127743
0,3199483
-0,1382578
-0,8277169
0,3384721
-0,1382578
-0,8277169
0,3384721
-0,1899605
-1,03774
0,4306789
-0,02633467
-0,5830553
0,1134171
0,01857403
-0,5199848
0,02464045
0,01857403
-0,5199848
0,02464045
-0,078757
-0,8679927
0,1839202
-0,02830366
-0,5389234
0,0763509
-0,02830366
-0,5389234
0,0763509
0,01292722
-0,9073483
0,0007434298
0,01879679
-0,5581779
-0,02866257
0,01879679
-0,5581779
-0,02866257
0,04746189
-0,8413545
-0,104985
0,03321378
-0,5647209
-0,09153149
0,01923836
-0,4281435
-0,0674992
0,01923836
-0,4281435
-0,0674992
0,03578948
-0,8507636
-0,1672173
0,002530831
-0,5993351
-0,08785637
0,002530831
-0,5993351
-0,08785637
0,04560325
-0,8699526
-0,2293732
0,05300353
-0,5934714
-0,2039114
0,05300353
-0,5934714
-0,2039114
0,0486396
-0,7379588
-0,2539954
0,04782548
-0,6037098
-0,2325868
0,04782548
-0,6037098
-0,2325868
0,07497981
-0,6615327
-0,3170886
0,06280935
-0,5416509
-0,2737941
0,05562943
-0,4936484
-0,258062
0,05562943
-0,4936484
-0,258062
0,05779696
-0,5474284
-0,3047851
0,05655057
-0,4511627
-0,2775252
0,05655057
-0,4511627
-0,2775252
0,06801476
-0,5650209
-0,3663157
0,04791703
-0,4585413
-0,2945338
0,04791703
-0,4585413
-0,2945338
0,04780451
-0,4437086
-0,3054891
0,04418267
-0,4051655
-0,2872486
0,04555519
-0,3360437
-0,2648791
0,04555519
-0,3360437
-0,2648791
0,02170422
-0,2193374
-0,1672414
0,01575107
-0,2494853
-0,1740753
0,01575107
-0,2494853
-0,1740753
0,01313005
-0,2826026
-0,196393
0,01361594
-0,2800267
-0,2010372
0,01361594
-0,2800267
-0,2010372
-0,006629897
-0,2417465
-0,1382396
-0,003191674
-0,2452595
-0,1501003
-0,003191674
-0,2452595
-0,1501003
0,01206449
-0,1451713
-0,1228353
0,0122412
-0,152645
-0,1301178
0,01189633
-0,1557326
-0,1348922
0,01189633
-0,1557326
-0,1348922
0,01702064
-0,1694458
-0,1624429
0,02160654
-0,1642121
-0,1733083
0,02160654
-0,1642121
-0,1733083
0,05717926
-0,3222938
-0,3874812
0,06731294
-0,2899773
-0,3945569
0,06731294
-0,2899773
-0,3945569
0,09682518
-0,3705807
-0,5477649
0,09383192
-0,327076
-0,5159268
0,1445937
-0,445654
-0,7609938
0,1445937
-0,445654
-0,7609938
0,2522286
-0,5587797
-1,193458
0,2008829
-0,4107582
-0,9340611
0,2008829
-0,4107582
-0,9340611
0,3712576
-0,5207471
-1,596505
0,2127795
-0,2066524
-0,8596632
0,2127795
-0,2066524
-0,8596632
0,1975724
-0,164742
-0,8147113
0,1496628
-0,0297691
-0,5457665
0,1461767
0,04603117
-0,4721427
0,1461767
0,04603117
-0,4721427
0,2371607
0,1127921
-0,7600447
0,1673775
0,08510769
-0,5396978
0,1673775
0,08510769
-0,5396978
0,2478164
0,2032752
-0,7918087
0,1744414
0,2144264
-0,5132446
0,1744414
0,2144264
-0,5132446
0,2289356
0,3743481
-0,6649227
0,1527373
0,3019808
-0,4240446
0,1527373
0,3019808
-0,4240446
0,2666797
0,5614016
-0,689725
0,1610782
0,3659313
-0,4169533
0,1649557
0,3935685
-0,3999317
0,1649557
0,3935685
-0,3999317
0,2551517
0,6595303
-0,6090146
0,1470324
0,4601105
-0,3232102
0,1470324
0,4601105
-0,3232102
0,231685
0,8159668
-0,4627718
0,1169101
0,4599023
-0,2333628
0,1169101
0,4599023
-0,2333628
0,1839132
0,7884127
-0,3423051
0,1031205
0,4530779
-0,2030397
0,1031205
0,4530779
-0,2030397
0,160274
0,8475568
-0,3068179
0,07764036
0,4524253
-0,1500421
0,06139075
0,3951622
-0,1372629
0,06139075
0,3951622
-0,1372629
0,08180118
0,6913128
-0,2014477
0,04750868
0,4131038
-0,128666
0,04750868
0,4131038
-0,128666
0,06776929
0,595353
-0,251803
0,0113573
0,2611185
-0,1056048
0,0113573
0,2611185
-0,1056048
-0,01321805
0,3703079
-0,07476568
-0,02267592
0,2193052
-0,03025441
-0,05354227
0,1661658
0,07023923
-0,05354227
0,1661658
0,07023923
-0,0002090618
0,512289
-0,1478007
0,02971657
0,3527406
-0,220061
0,02971657
0,3527406
-0,220061
-0,06065866
0,3124067
-0,0090043
-0,06975206
0,1923132
0,05421676
-0,06975206
0,1923132
0,05421676
-0,1148248
0,1753758
0,09059127
-0,06495396
0,2298571
0,02793217
-0,05316906
0,2378999
-0,008021343
-0,05316906
0,2378999
-0,008021343
-0,0557519
0,3185796
-0,1120246
-0,007779768
0,2491622
-0,1902202
-0,007779768
0,2491622
-0,1902202
0,01073676
0,3418336
-0,3340752
-0,001925231
0,2607186
-0,2311638
-0,001925231
0,2607186
-0,2311638
0,007527322
0,2260258
-0,3779186
0,01038603
0,1191652
-0,3366443
0,01038603
0,1191652
-0,3366443
0,04455223
0,1916263
-0,4741266
0,0518365
0,1654987
-0,4764987
0,0383119
0,08521292
-0,3899311
0,0383119
0,08521292
-0,3899311
0,0281132
0,0518238
-0,4376307
0,02618065
0,03209208
-0,4206478
0,02618065
0,03209208
-0,4206478
0,02272205
0,02546767
-0,3619621
0,01761806
0,01419116
-0,3495752
0,01761806
0,01419116
-0,3495752
0,003012879
-0,003300141
-0,2100694
0,0004996206
-0,006317186
-0,2111421
0,0002648123
-0,005733977
-0,2200814
0,0002648123
-0,005733977
-0,2200814
-0,001403186
-0,0005289204
-0,1617469
-0,002261959
0,00314847
-0,165228
-0,002261959
0,00314847
-0,165228
-0,003805289
0,003487577
-0,1418245
-0,00392077
0,006383284
-0,1465192
-0,00392077
0,006383284
-0,1465192
-0,005170847
0,01269645
-0,1595072
-0,005828441
0,0183562
-0,1611423
-0,005828441
0,0183562
-0,1611423
-0,006642871
0,02231958
-0,1423418
-0,01020708
0,0304502
-0,137287
-0,009359731
0,03726517
-0,1410165
-0,009359731
0,03726517
-0,1410165
-0,002547082
0,04428776
-0,1941429
-0,01063976
0,05261545
-0,1799908
-0,01063976
0,05261545
-0,1799908
-0,01017397
0,07861859
-0,3498852
-0,06592837
0,1101866
-0,2157702
-0,06592837
0,1101866
-0,2157702
-0,06801729
0,1267633
-0,2312848
-0,04953998
0,1019048
-0,1960783
-0,0627474
0,1078039
-0,2457474
-0,0627474
0,1078039
-0,2457474
-0,01750674
0,09638509
-0,5653539
-0,09134078
0,1155677
-0,4393813
-0,09134078
0,1155677
-0,4393813
-0,1139189
0,1087012
-0,5298058
-0,09853353
0,07840525
-0,4754249
-0,09853353
0,07840525
-0,4754249
-0,09237846
0,04867125
-0,4097974
-0,0824318
0,03203112
-0,3870013
-0,0824318
0,03203112
-0,3870013
-0,095491
-0,0003228476
-0,1326148
-0,07643801
0,0008969493
-0,155768
-0,06834213
0,006481091
-0,1742256
-0,06834213
0,006481091
-0,1742256
-0,07251956
0,004623231
-0,1578256
-0,05847404
0,009696539
-0,1748507
-0,05847404
0,009696539
-0,1748507
-0,03470478
0,005265808
-0,3283262
-0,04522245
0,004088729
-0,3158453
-0,04522245
0,004088729
-0,3158453
-0,07784422
0,002647785
-0,1568978
0,05472919
0,003930271
-0,3588146
0,06650706
0,005162076
-0,3647341
0,06650706
0,005162076
-0,3647341
0,1179412
0,02210897
-0,7218334
0,1039053
0,01214506
-0,6797076
0,1039053
0,01214506
-0,6797076
0,162819
0,04458025
-1,216609
0,1299834
0,03925737
-1,057811
0,1299834
0,03925737
-1,057811
0,1924818
0,03117895
-1,918777
0,1090646
-0,01854004
-1,287774
0,08895901
-0,04309751
-1,392806
0,08895901
-0,04309751
-1,392806
0,0286201
0,001189926
-1,630482
-0,0283157
-0,09861678
-0,3771764
-0,0283157
-0,09861678
-0,3771764
-0,05629604
-0,06416412
-0,5651765
-0,03592262
-0,01738396
-0,3789343
-0,03592262
-0,01738396
-0,3789343
-0,06491461
-0,07291371
-0,4830932
-0,05141575
-0,1086881
-0,3760793
-0,05141575
-0,1086881
-0,3760793
-0,06500612
-0,05088009
-0,6084598
-0,0526754
-0,03581124
-0,5059159
-0,04648124
-0,06673738
-0,3495812
-0,04648124
-0,06673738
-0,3495812
-0,0674755
-0,02537875
-0,474062
-0,06194374
-0,04314646
-0,3860437
-0,06194374
-0,04314646
-0,3860437
-0,0675974
0,008479487
-0,4904457
-0,06205473
-0,005015403
-0,4448735
-0,06205473
-0,005015403
-0,4448735
-0,06932889
0,01126022
-0,5118702
-0,06300098
0,02880523
-0,4940904
-0,06323151
0,02257973
-0,5031319
-0,06323151
0,02257973
-0,5031319
-0,07196251
0,03253862
-0,5454568
-0,0649998
0,05494217
-0,5045719
-0,0649998
0,05494217
-0,5045719
-0,05566831
0,05233558
-0,4133826
-0,05525727
0,05053
-0,4017124
-0,05525727
0,05053
-0,4017124
-0,04601627
0,04124628
-0,3294958
-0,04622
0,051126
-0,3354051
-0,04622
0,051126
-0,3354051
-0,04236603
0,04239204
-0,3092942
-0,04464344
0,04535798
-0,3287518
-0,047702
0,03544195
-0,3449821
-0,047702
0,03544195
-0,3449821
-0,04694834
-0,003222727
-0,3036121
-0,04694834
-0,003222727
-0,3036121
-0,1776217
0,0433563
-1,072289
-0,1553933
0,04714922
-0,932268
-0,1553933
0,04714922
-0,932268
-0,1714247
0,02169451
-1,008997
-0,1385071
0,03422365
-0,8241329
-0,1492305
0,00694475
-0,8959379
-0,1492305
0,00694475
-0,8959379
-0,1617853
0,01773295
-1,042792
-0,0826749
0,017412
-0,6024583
-0,0826749
0,017412
-0,6024583
-0,02910513
-0,1226889
-0,3826611
0,01268425
-0,07302991
-0,06488291
0,01268425
-0,07302991
-0,06488291
0,03417037
-0,06572798
-0,06248106
0,0202377
-0,1109125
-0,04377946
0,0202377
-0,1109125
-0,04377946
0,02091477
-0,5276603
-0,1215292
closestDistance
0,2496882
0,2606591
0,2606591
0,2646033
0,2520343
0,2642037
0,2656278
0,2614523
0,2600057
0,250211
0,2486542
0,2548539
0,25364
0,2492877
0,2484043
0,2484043
0,2478641
0,2439833
0,2411516
0,2430484
0,2421875
0,2402542
0,2402542
0,2376122
0,2346284
0,2346284
0,2326051
0,2323273
0,2304035
0,2289023
0,2270641
0,2287673
0,2287673
0,2252696
0,2228186
0,2228186
0,2214862
0,2186274
0,2186274
0,2132331
0,2113204
0,209859
0,209859
0,2046668
0,2028661
0,2028661
0,2009187
0,1987637
0,1981221
0,1953492
0,1971368
0,1962746
0,1962746
0,1934841
0,1893127
0,1893127
0,1870734
0,1848764
0,1848764
0,182385
0,1811679
0,1811679
0,1793598
0,1782831
0,1778315
0,1778315
0,1771285
0,1766498
0,1766498
0,1760814
0,1759745
0,1808538
0,1800834
0,1791302
0,173152
0,173152
0,1705285
0,1685922
0,1685922
0,1664704
0,1647156
0,1647156
0,1624983
0,1607406
0,1589048
0,1589048
0,1550872
0,1515813
0,1515813
0,1475014
0,1431229
0,1431229
0,1402313
0,1380756
0,1380756
0,134709
0,1246624
0,1220748
0,1265651
0,1240678
0,1213962
0,1213962
0,119681
0,1177699
0,1177699
0,1157188
0,1139877
0,1182368
0,1182368
0,1167873
0,1154014
0,1154014
0,1140799
0,1128325
0,1086018
0,1074331
0,1063427
0,1104702
0,1099832
0,1095404
0,1091698
0,1091698
0,1087775
0,1084038
0,1084038
0,1078708
0,1072605
0,1136437
0,1126724
0,1116451
0,1105286
0,1105286
0,1090842
0,1076538
0,113955
0,1113448
0,1087028
0,1081348
0,1043527
0,1099921
0,1099921
0,108113
0,1064888
0,1158942
0,1158942
0,114903
0,1106478
0,1177349
0,1149477
0,1131866
0,1131866
0,1114541
0,1044643
0,1043497
0,103333
0,1010588
0,1139119
0,1093925
0,1100693
0,110077
0,110077
0,1101342
0,1102471
0,1104146
0,1104146
0,1106893
0,110954
0,110954
0,111427
0,1118599
0,1080987
0,1082762
0,1082631
0,1082631
0,1082812
0,1083394
0,1114106
0,1100937
0,1151183
0,11177
0,1061432
0,1097538
0,1138287
0,1089398
0,1131347
0,1099369
0,1110372
0,1186873
0,1395913
0,1646181
0,1884252
0,2405225
0,2507596
0,2103372
0,2034356
0,2003995
0,2003995
0,2007115
0,2004308
0,1998726
0,1998726
0,1952428
0,1887148
0,1920457
0,1865039
0,1837396
0,1769613
0,1673687
0,1725083
0,1545283
0,1669861
0,165047
0,160501
0,1568464
0,1569344
0,1532839
0,1496308
0,1503647
0,144519
0,1405429
0,1444018
0,1445937
0,1412416
0,1412416
0,145039
0,1478855
0,1430492
0,1465428
0,1483969
0,1483969
0,1530509
0,1449978
0,1480222
0,1480222
0,1500041
0,1443788
0,1540002
0,1552744
0,148552
0,148552
0,148546
0,1430893
0,1424289
0,1432781
0,1377065
0,1388748
0,1388748
0,1401275
0,1419372
0,1463919
0,1485049
0,1428153
0,1428153
0,1458564
0,1488539
0,1518038
0,161477
0,157975
0,1597682
0,1616886
0,1628328
0,1627313
0,1695099
0,1692436
0,1639253
0,1671722
0,1692724
0,1641228
0,1676118
0,1595424
0,1602672
0,1628555
0,1716882
0,166533
0,1717116
0,1758368
0,1826515
0,1790073
0,1844401
0,1839599
0,1829509
0,188755
0,1894529
0,187459
0,1902389
0,1886261
0,1990375
0,1990375
0,2006859
0,2003299
0,2003299
0,199843
0,1892115
0,1871792
0,1855644
0,1844707
0,1844152
0,1844152
0,1848905
0,1832435
0,1832435
0,1860061
0,1947283
0,1947283
0,201338
0,1989362
0,1989362
0,2088547
0,2249958
0,2308601
0,2173811
0,2095514
0,2067704
0,2067704
0,2007437
0,1982638
0,1982638
0,1968412
0,195118
0,1886465
0,1886465
0,185763
0,1830248
0,1830248
0,1786921
0,1758354
0,1792917
0,175127
0,1709009
0,1678285
0,1721085
0,1713269
0,1703911
0,1703911
0,1665005
0,16223
0,16223
0,1580612
0,154765
0,1535957
0,1492025
0,1441493
0,1324405
0,1398759
0,1362112
0,1327803
0,1327803
0,1284084
0,1242322
0,1229709
0,1196483
0,1238437
0,113509
0,1203656
0,1185461
0,1168532
0,1168532
0,1151601
0,1135822
0,1204681
0,1190362
0,1178818
0,1189128
0,1175567
0,1161419
0,1122168
0,1183904
0,1154912
0,1132855
0,1236639
0,1210164
0,1191579
0,1148357
0,113639
0,1124908
0,1113885
0,1113885
0,1106277
0,1098731
0,1098731
0,1090374
0,1078904
0,1078904
0,1077865
0,1077855
0,1077855
0,1079366
0,1079595
0,1079746
0,1079746
0,1079954
0,1081095
0,1081095
0,108116
0,108129
0,108129
0,1081655
0,1083763
0,1072255
0,1072255
0,1077824
0,1059154
0,1059154
0,1062359
0,1065544
0,1065544
0,1068806
0,1072968
0,1072968
0,1076833
0,1080608
0,1084223
0,1084223
0,1084364
0,108437
0,108437
0,1084325
0,108451
0,108451
0,1084842
0,1086786
0,1090908
0,1090908
0,1091671
0,1095158
0,1095158
0,10954
0,1098664
0,1098664
0,109886
0,1099122
0,1099453
0,1099453
0,1099555
0,1099725
0,1099725
0,1099586
0,1099264
0,1099264
0,1098673
0,1098439
0,1098439
0,1098104
0,1099442
0,1099653
0,1062879
0,1068071
0,1075892
0,1041141
0,1032195
0,1064615
0,1064615
0,1099129
0,110763
0,1200689
0,1100502
0,1345258
0,1417388
0,1370506
0,1520963
0,1641581
0,1641581
0,1821908
0,1962695
0,1962695
0,2057793
0,2119271
0,2132861
0,2132861
0,2143904
0,2054227
0,2054227
0,2037823
0,2009951
0,2009951
0,1946721
0,1904992
0,1871341
0,1871341
0,1796707
0,1845409
0,1845409
0,1764618
0,1714524
0,1714524
0,1654845
0,1740344
0,1608092
0,1623086
0,1648251
0,1668723
0,1748653
0,1762152
0,1712819
0,1649912
0,1657554
0,1678237
0,1698774
0,1698774
0,1758483
0,1746941
0,1780332
0,1803724
0,1828546
0,1846279
0,1846279
0,1873492
0,1898554
0,1923105
0,1933948
0,1965652
0,2070539
0,209041
0,2011308
0,2031947
0,2040612
0,2024728
0,2029271
0,2029271
0,2025093
0,2004055
0,2088882
0,207654
0,2032506
0,1947092
0,1944215
0,192336
0,1897703
0,1870398
0,1849242
0,1858089
0,1829724
0,1766792
0,1800047
0,175989
0,175989
0,173161
0,1733239
0,170791
0,1682677
0,1682677
0,1659372
0,1545544
0,153788
0,1552448
0,1574736
0,1527626
0,1561406
0,1581371
0,1627216
0,1630371
0,1634714
0,1634714
0,1645007
0,1596721
0,1636161
0,1636161
0,1645499
0,1684237
0,1694317
0,1741621
0,179252
0,1930403
0,1998359
0,2077331
0,2148041
0,2171916
0,2153473
0,2177825
0,2198284
0,221735
0,2273418
0,2223753
0,2259881
0,2288022
0,2288022
0,22845
0,227477
0,2257096
0,1987894
0,1912307
0,1864421
0,1872983
0,1831151
0,1803591
0,170612
0,1644952
0,1581053
0,1553444
0,15706
0,1517152
0,1438468
0,1480608
0,1424405
0,1378767
0,1422898
0,1358826
0,1311789
0,1389029
0,1303149
0,1275565
0,1387942
0,1441372
0,1520992
0,1596525
0,1509843
0,1660272
0,1745456
0,1695712
0,1778941
0,1716852
0,1782882
0,1782882
0,1822977
0,1899688
0,1850852
0,1905895
0,1919208
0,1919208
0,190153
0,1922847
0,1935157
0,1926031
0,1849746
0,177264
0,1843483
0,179105
0,1767082
0,1777052
0,1679519
0,1672322
0,1732961
0,1736914
0,174615
0,1841628
0,1799283
0,1824524
0,1847678
0,1706304
0,176552
0,1824257
0,1852165
0,19403
0,1959323
0,2038189
0,1973841
0,2060055
0,1862131
0,1845725
0,1786888
0,2031811
0,191905
0,2008697
0,1982027
0,1899907
0,197745
0,1967311
0,2044108
0,194805
0,2090397
0,2236024
0,2236024
0,238103
0,2400392
0,2380514
0,2347274
0,2332406
0,231149
0,2278286
0,2232197
0,2250509
0,2197172
0,2039869
0,2062865
0,2007514
0,193554
0,1865506
0,178997
0,1695535
0,1649408
0,1710922
0,1678099
0,1609818
0,1606359
0,1677158
0,1541256
0,149531
0,1587674
0,155305
0,1528653
0,1499762
0,1424774
0,1412991
0,1412517
0,1385394
0,1405837
0,1442366
0,1429248
0,1405093
0,141328
0,1423428
0,1423428
0,1431515
0,1472588
0,13805
0,13805
0,1404117
0,1432415
0,1518398
0,1562484
0,1527262
0,1550798
0,1679019
0,1716864
0,1708148
0,1786057
0,1790459
0,1824453
0,1795702
0,1834575
0,1868763
0,1811368
0,1801733
0,1836908
0,1764441
0,1717112
0,1710098
0,171976
0,1635926
0,191692
0,191692
0,1814024
0,1768846
0,1718114
0,1621315
0,1544396
0,1544396
0,145575
0,1475967
0,1438091
0,1438091
0,136545
0,130618
0,1486907
0,1500242
0,1400245
0,1267505
0,1259625
0,1259304
0,11991
0,1242808
0,1244473
0,1252152
0,1128501
0,1141078
0,1156739
0,114587
0,1161305
0,1178047
0,1111446
0,1115485
0,112106
0,1180428
0,1114802
0,1116364
0,1117583
0,1117583
0,1120141
0,1167166
0,1144566
0,1134211
0,1134973
0,1267945
0,1339436
0,135537
0,1398725
0,1479517
0,1650828
0,1608017
0,1608017
0,1694828
0,1745971
0,1782743
0,1789215
0,1831733
0,1895391
0,1834964
0,191084
0,1937101
0,1937101
0,1989204
0,2004304
0,2020797
0,2076417
0,2064426
0,2094671
0,2094671
0,2147045
0,2152771
0,2152771
0,2188955
0,2146789
0,2180912
0,220075
0,2219457
0,2219457
0,2250715
0,2247858
0,2025693
0,2025693
0,1953519
0,1937953
0,1947549
0,1900672
0,1902072
0,1902072
0,1896995
0,1898728
0,1920176
0,1920176
0,1912996
0,1768423
0,1747645
0,1761096
0,1783278
0,1761926
0,1792105
0,1812058
0,1849474
0,1849474
0,1851751
0,1801549
0,1801549
0,1763397
0,1772491
0,1736647
0,1686168
0,1637039
0,1687452
0,1614883
0,1542694
0,1482128
0,144202
0,1370734
0,1302741
0,1302741
0,1245647
0,119153
0,1269062
0,1235533
0,1202318
0,1080018
0,1080018
0,1054031
0,1028258
0,1108763
0,10862
0,1063422
0,1063422
0,1039587
0,1095861
0,1095861
0,1077397
0,1062221
0,1047789
0,1126844
0,1103602
0,1085942
0,1131459
0,1093913
0,1150536
0,1150536
0,113854
0,1129912
0,1120026
0,1120026
0,1067768
0,1201421
0,1267347
0,1246108
0,1090868
0,1090868
0,1128943
0,1167167
0,1090615
0,1113976
0,1136895
0,1126102
0,1126102
0,1148033
0,1169658
0,1061473
0,1089967
0,1122123
0,1086136
0,1109405
0,112853
0,1193955
0,1162206
0,1190545
0,1290216
0,1290216
0,1396401
0,1586604
0,1586604
0,1873284
0,204736
0,2268333
0,2340518
0,2610296
0,2267107
0,2267107
0,2166464
0,2137812
0,2137812
0,2054606
0,1986741
0,1986741
0,1887409
0,1776734
0,171722
0,1767289
0,169091
0,1628355
0,1628355
0,1557052
0,1493729
0,1460186
0,1390086
0,1368149
0,1373985
0,1502716
0,1448576
0,1407643
0,1276509
0,1245421
0,1219805
0,1292712
0,1275593
0,114584
0,1221654
0,1206405
0,1193732
0,1116331
0,1136751
0,1210372
0,117698
0,1303312
0,1432462
0,1301818
0,1434607
0,1626755
0,1683595
0,1688116
0,1845106
0,194143
0,1957806
0,2032913
0,1991206
0,1991206
0,1994428
0,198963
0,198963
0,1954986
timeStamps
5,110187
5,1245
5,138186
5,152009
5,165935
5,1799
5,193881
5,207983
5,222008
5,235764
5,249422
5,263591
5,277524
5,291352
5,305471
5,319167
5,333216
5,347351
5,360919
5,37464
5,388988
5,402495
5,416473
5,430758
5,444623
5,458485
5,472518
5,486172
5,500061
5,514482
5,527966
5,54208
5,555934
5,570189
5,584058
5,597995
5,611617
5,625546
5,6393
5,653544
5,66737
5,681379
5,695059
5,709149
5,723129
5,737076
5,750851
5,765167
5,778728
5,792717
5,806725
5,820746
5,834467
5,848542
5,862764
5,876561
5,890188
5,904068
5,917913
5,931938
5,94593
5,95984
5,974112
5,98772
6,001675
6,015609
6,029497
6,043349
6,057305
6,071252
6,085135
6,09925
6,112842
6,127059
6,140715
6,15498
6,168697
6,182549
6,19666
6,210254
6,224222
6,23815
6,251993
6,266221
6,280435
6,293961
6,307948
6,32173
6,335756
6,349598
6,363695
6,377706
6,391311
6,405219
6,419855
6,433109
6,447104
6,460975
6,47535
6,488946
6,50294
6,517204
6,530822
6,544631
6,558751
6,57263
6,586401
6,60032
6,614339
6,628181
6,64213
6,655891
6,669825
6,683718
6,697874
6,711726
6,725623
6,739765
6,753678
6,767461
6,781188
6,795487
6,809203
6,822954
6,83707
6,850724
6,864694
6,879004
6,892831
6,906606
6,920358
6,934458
6,948473
6,962077
6,976255
6,990086
7,004185
7,01892
7,031468
7,045826
7,059446
7,073731
7,087217
7,101539
7,115405
7,129362
7,143325
7,156941
7,171102
7,18489
7,19922
7,212685
7,226719
7,240951
7,254582
7,268382
7,282533
7,296433
7,31034
7,324433
7,338515
7,352252
7,366187
7,380167
7,393783
7,407989
7,421846
7,435534
7,449588
7,463648
7,477571
7,491198
7,505517
7,519247
7,53299
7,547208
7,560876
7,574843
7,588665
7,603179
7,616698
7,630726
7,644396
7,658326
7,672534
7,686129
7,699976
7,714176
7,728242
7,74269
7,755826
7,770302
7,783893
7,798334
7,811976
7,825426
7,839546
7,853189
7,867294
7,881419
7,894995
7,909121
7,923243
7,93664
7,95079
7,964978
7,978872
7,992461
8,006602
8,02043
8,034407
8,048474
8,061922
8,076118
8,089814
8,104032
8,117777
8,131906
8,145777
8,159934
8,173963
8,187842
8,20153
8,215107
8,229301
8,243103
8,256969
8,271131
8,285386
8,299957
8,312641
8,326414
8,340655
8,354475
8,368419
8,382536
8,396077
8,410283
8,424129
8,438118
8,452147
8,466236
8,479935
8,494544
8,508475
8,521899
8,535771
8,549335
8,563022
8,577494
8,591565
8,605714
8,619972
8,634295
8,64876
8,674603
8,689558
8,703837
8,730439
8,75867
8,785861
8,814553
8,841905
8,857491
8,883081
8,898476
8,925157
8,941048
8,966613
8,981899
9,008636
9,024113
9,050103
9,063977
9,078882
9,09447
9,12041
9,148225
9,163518
9,190032
9,205459
9,231303
9,246682
9,260558
9,274606
9,287948
9,302418
9,315477
9,32816
9,341576
9,355778
9,370094
9,383719
9,397823
9,412398
9,426101
9,440693
9,4546
9,468253
9,482276
9,496296
9,510708
9,525298
9,539515
9,551551
9,565305
9,579354
9,593071
9,607458
9,621354
9,635217
9,649384
9,663461
9,677183
9,691303
9,704937
9,719011
9,732528
9,746511
9,760463
9,77474
9,78844
9,802501
9,816278
9,830334
9,844095
9,858367
9,872501
9,885816
9,900154
9,913608
9,9276
9,941603
9,955679
9,96969
9,98386
9,997279
10,01142
10,02535
10,03904
10,05314
10,06712
10,08105
10,09509
10,10898
10,12292
10,13689
10,15038
10,16477
10,17816
10,19251
10,20601
10,2201
10,23412
10,24792
10,26184
10,27588
10,28995
10,30367
10,31747
10,33168
10,34542
10,3595
10,37324
10,38715
10,40114
10,41515
10,42902
10,44311
10,45671
10,4706
10,48455
10,49879
10,51316
10,52635
10,54036
10,55462
10,56832
10,58206
10,59626
10,60986
10,62391
10,6381
10,65192
10,66571
10,67983
10,69346
10,70766
10,72169
10,73523
10,74922
10,76349
10,77695
10,79152
10,80558
10,8191
10,83259
10,84707
10,86057
10,87457
10,88867
10,90275
10,91649
10,93007
10,94416
10,958
10,97186
10,98593
10,99977
11,01371
11,02781
11,04157
11,05545
11,06945
11,08356
11,09711
11,1111
11,12576
11,13902
11,15275
11,16695
11,18063
11,19474
11,20852
11,22265
11,2367
11,25023
11,26445
11,2784
11,29209
11,3061
11,32022
11,33407
11,34809
11,36179
11,3756
11,3896
11,40387
11,41732
11,43117
11,44514
11,45918
11,47313
11,4871
11,50124
11,51483
11,52886
11,54255
11,55654
11,57052
11,58466
11,59846
11,61236
11,62646
11,64026
11,65438
11,66791
11,68187
11,69598
11,71024
11,72367
11,73764
11,75173
11,76579
11,77929
11,79323
11,80718
11,82124
11,83507
11,84898
11,86293
11,87681
11,89083
11,90492
11,91897
11,93252
11,94663
11,96113
11,97474
11,9881
12,00229
12,01605
12,03018
12,04411
12,05771
12,07164
12,08579
12,09963
12,11388
12,12809
12,14133
12,15515
12,16953
12,18314
12,19726
12,21074
12,22536
12,24074
12,25475
12,28036
12,29547
12,31011
12,32397
12,34932
12,3635
12,37808
12,39309
12,41935
12,43408
12,44868
12,4749
12,49015
12,50454
12,53034
12,54526
12,56025
12,58614
12,60104
12,61561
12,62992
12,6559
12,6709
12,68615
12,71152
12,72705
12,74174
12,76724
12,78328
12,80862
12,8243
12,8507
12,86617
12,88022
12,89434
12,92008
12,93523
12,94937
12,9636
12,99004
13,00442
13,01846
13,03269
13,04811
13,07366
13,08876
13,10244
13,11616
13,13
13,14362
13,15684
13,17101
13,18479
13,19879
13,21275
13,22682
13,24127
13,25515
13,26901
13,28319
13,29654
13,31065
13,32464
13,33861
13,35259
13,36627
13,38033
13,39437
13,40858
13,42264
13,43625
13,45069
13,46439
13,47777
13,49185
13,50596
13,51965
13,53348
13,54754
13,56122
13,57521
13,58928
13,60318
13,61744
13,63101
13,64538
13,65934
13,6735
13,6866
13,7006
13,71486
13,72918
13,74256
13,75644
13,76998
13,78411
13,798
13,81241
13,82582
13,83997
13,85382
13,86806
13,88219
13,89573
13,90967
13,92375
13,93756
13,95134
13,96531
13,97941
13,99304
14,00695
14,02085
14,03502
14,04903
14,06295
14,07655
14,09028
14,1045
14,11817
14,13215
14,1461
14,16049
14,17408
14,18789
14,20183
14,21599
14,22963
14,24373
14,25766
14,27151
14,2857
14,29934
14,31325
14,32702
14,34114
14,35513
14,36887
14,38311
14,39683
14,41077
14,42468
14,43878
14,4523
14,46617
14,48027
14,49449
14,50839
14,52216
14,53605
14,54995
14,56409
14,57794
14,59209
14,60561
14,61964
14,63349
14,6475
14,66165
14,67499
14,68926
14,70327
14,71707
14,7314
14,74717
14,77273
14,78866
14,81412
14,84189
14,87011
14,88472
14,90005
14,92579
14,95346
14,98136
15,0094
15,03754
15,0653
15,09262
15,10886
15,13452
15,15026
15,1759
15,19186
15,21733
15,23188
15,24672
15,26171
15,2875
15,3036
15,32893
15,34512
15,37097
15,38582
15,41216
15,42677
15,44223
15,46818
15,48291
15,49707
15,51135
15,52559
15,53992
15,55328
15,56683
15,5801
15,59483
15,60831
15,62247
15,63628
15,65121
15,67645
15,69057
15,70452
15,71822
15,73288
15,7465
15,76091
15,7745
15,78844
15,80255
15,81687
15,83049
15,84437
15,85816
15,87239
15,88625
15,90025
15,91429
15,92823
15,94227
15,95583
15,96998
15,98406
15,9981
16,01207
16,02561
16,03968
16,0537
16,06738
16,08132
16,09533
16,10935
16,12333
16,13697
16,1513
16,16506
16,17909
16,19278
16,20702
16,22037
16,23449
16,24833
16,26297
16,27632
16,29038
16,30395
16,31812
16,33183
16,34562
16,35982
16,37408
16,38778
16,4019
16,4154
16,4294
16,44323
16,45726
16,47108
16,48516
16,49944
16,51286
16,52682
16,54065
16,55445
16,56877
16,58242
16,59684
16,61049
16,62434
16,63795
16,65206
16,66607
16,68005
16,69454
16,70817
16,72215
16,73582
16,74947
16,76353
16,77773
16,79149
16,80555
16,81949
16,83312
16,84717
16,86112
16,87486
16,8887
16,90254
16,9167
16,93049
16,94454
16,95822
16,97236
16,98647
16,99996
17,0146
17,02846
17,04253
17,05575
17,06974
17,08365
17,09782
17,11189
17,12539
17,13944
17,15347
17,16718
17,18155
17,19539
17,20935
17,223
17,23666
17,25085
17,26465
17,27861
17,2926
17,30672
17,32037
17,33445
17,34802
17,36217
17,37598
17,38988
17,40396
17,41799
17,43208
17,44588
17,45937
17,47333
17,48755
17,50162
17,51524
17,52918
17,54327
17,55701
17,57099
17,58524
17,59894
17,61254
17,62664
17,6411
17,65453
17,66824
17,68257
17,6963
17,71015
17,72426
17,73797
17,75205
17,76593
17,77976
17,7936
17,80772
17,82155
17,83556
17,84948
17,86354
17,87758
17,89145
17,90534
17,91943
17,93354
17,94719
17,96082
17,97467
17,98879
18,00232
18,01659
18,03027
18,04436
18,05831
18,07202
18,0859
18,09997
18,11415
18,12771
18,14175
18,15569
18,16984
18,18345
18,19732
18,21129
18,22524
18,23941
18,25316
18,26721
18,28101
18,29512
18,30916
18,32311
18,33666
18,35088
18,36463
18,37865
18,39243
18,40675
18,42063
18,43413
18,44793
18,46213
18,47613
18,48986
18,50383
18,51774
18,53184
18,54584
18,55976
18,57381
18,58711
18,60113
18,61543
18,62934
18,64314
18,65682
18,67087
18,68501
18,69869
18,71282
18,72668
18,74035
18,75454
18,76837
18,7821
18,79607
18,81009
18,82479
18,83779
18,85178
18,86594
18,87962
18,89376
18,90742
18,9217
18,93534
19,1026
19,11671
19,13034
19,14453
19,15867
19,17204
19,18612
19,20035
19,21394
19,22787
19,24202
19,2561
19,27006
19,2838
19,29772
19,31127
19,32566
19,33913
19,35319
