participantNumber
1
repetitionNum
4
sdfEnabled
1
taskTime
13,29568
numHits
3
positionDifference
0,09768505
angleDifference
36,04936
finalPosX
-0,03443313
finalPosY
0,006614434
finalPosZ
-0,733005
finalRotX
1,988762
finalRotY
34,62638
finalRotZ
10,62945
taskType
torus
velocityMagnitude
1,920227
0,8518047
0,5832307
0,5832307
0,9091131
0,4658141
0,4658141
0,7815343
0,1943594
0,1943594
0,4576479
0,6347821
0,528865
0,528865
0,7491483
0,4798703
0,4798703
0,3759028
0,7419648
0,7419648
0,8702269
0,5631578
0,5631578
0,6455827
0,3418096
0,322311
0,322311
0,5713353
0,3513418
0,3513418
0,09699285
0,02498489
0,02498489
0,5488972
0,6012896
0,5274847
0,5274847
0,767927
0,8639271
0,8639271
0,922367
0,3747152
0,3747152
1,545698
0,1730884
0,1730884
0,7301281
0,399029
0,3292573
0,3292573
0,1286673
0,1821621
0,1821621
0,3902012
0,3582155
0,3582155
0,4646024
0,5485445
0,3569288
0,3569288
0,3787446
0,4062822
0,4062822
0,2108096
0,03751359
0,03751359
0,2548143
0,05607966
0,05607966
0,0639964
0,1444362
0,0733554
0,0733554
0,2450021
0,2483157
0,2483157
0,8759959
0,4930784
0,4930784
0,4507971
0,3170249
0,1528493
0,1528493
0,9261609
0,5093961
0,5093961
0,3552705
0,05908177
0,05908177
0,7706129
0,5544114
0,04992483
0,04992483
0,3700814
0,1768411
0,1768411
0,509105
0,5799504
0,5799504
0,3752863
0,2484342
0,2484342
0,352382
0,4786844
0,4188633
0,4188633
0,04690688
0,133627
0,133627
0,3495163
0,2575017
0,2575017
0,3095584
0,2329771
0,3003288
0,3003288
0,418945
0,2735474
0,2735474
0,08707398
0,2302095
0,2302095
0,2249638
0,1116072
0,1116072
0,254122
0,3114089
0,3213587
0,3213587
0,09560725
0,1197146
0,1197146
0,3206185
0,2636843
0,2636843
0,3350877
0,3639219
0,3963347
0,3963347
0,229548
0,1833049
0,1833049
0,2199739
0,1934894
0,1934894
0,6698992
0,5401304
0,5401304
0,1583714
0,170406
0,199836
0,199836
0,2904291
0,1800456
0,1800456
0,2209778
0,2362786
0,2362786
0,2722278
0,1317841
0,1895792
0,1895792
0,177593
0,2427949
0,2427949
0,3276269
0,1755255
0,1755255
0,1599538
0,2088059
0,3035621
0,3035621
0,3635421
0,3440401
0,3440401
0,2627597
0,2659608
0,2659608
0,4089661
0,394714
0,394714
0,4512277
0,469166
0,580751
0,580751
1,065543
0,8813285
0,8813285
1,098044
1,033887
1,033887
1,489011
0,4869881
0,4748487
0,4748487
0,6406448
0,08997195
0,08997195
1,629572
0,688348
0,688348
0,3629658
0,4887085
0,4887085
1,056513
0,5897993
0,5007327
0,5007327
0,962412
0,7469849
0,7469849
1,048326
0,918844
0,918844
1,608226
0,8320857
0,8733431
0,8733431
0,8071416
0,7999725
0,7999725
1,473799
1,442071
1,442071
1,109737
0,5312613
0,5312613
0,6489369
0,5012925
0,5332431
0,5332431
0,7356004
0,4761964
0,9471216
0,6903824
0,6903824
0,6008537
0,5219772
0,5530043
0,4815254
0,7815543
0,7815543
1,476211
1,103616
1,103616
1,238518
0,8946813
0,8946813
1,671764
0,9103208
0,4304202
0,4304202
0,6597787
0,8800957
0,8800957
1,096383
0,5914114
0,5914114
0,3131836
0,3326096
0,7217007
0,7217007
0,3878347
0,1819885
0,1819885
1,159577
0,9126574
0,9126574
0,2942782
0,4060667
0,4386021
0,4386021
2,039769
1,066948
1,066948
0,4184105
0,4321968
0,4321968
1,465498
1,250582
1,250582
0,2808251
0,1829514
0,6000141
0,6000141
0,2971849
0,4532161
0,4532161
0,3508839
0,1787131
0,1787131
0,7453814
0,473886
0,6240515
0,6240515
0,6842223
1,058494
1,058494
1,044381
0,6786458
0,6786458
0,4732327
0,2405162
0,2405162
0,6667888
0,643459
0,4701474
0,4701474
1,785584
0,5164935
0,5164935
1,203824
0,5641247
0,5641247
2,668567
0,3275441
0,5840792
0,5840792
0,4828934
0,318143
0,318143
1,191242
0,7578504
0,7578504
0,4521572
0,305863
0,305863
0,6485444
0,9413533
0,6403909
0,6403909
1,015145
0,5603071
0,5603071
0,5221079
0,2203856
0,2203856
0,7222775
0,3698958
0,1377735
0,1377735
0,4662164
0,5107849
0,5107849
0,6496344
0,6241648
0,6241648
0,4886592
0,3022642
0,3040417
0,3040417
0,3656127
0,2833582
0,2833582
0,3897285
0,3698312
0,3698312
0,2422933
0,2486091
0,2486091
0,2152548
0,1894168
0,1622042
0,1622042
0,120793
0,1285811
0,1285811
0,1650128
0,1725085
0,1725085
0,1434717
0,1268428
0,1268428
0,1558039
0,1466794
0,1609527
0,1609527
0,1813156
0,1722755
0,1722755
0,2535811
0,2447365
0,2447365
0,3800827
0,3514833
0,3206466
0,3206466
0,2800906
0,2573288
0,2573288
0,2647814
0,2620914
0,2620914
0,3806089
0,7187608
0,9314298
0,9314298
2,214272
1,926513
1,926513
2,371287
1,827627
1,827627
4,145486
1,796671
1,796671
2,003786
0,3078
0,2519335
0,2519335
0,7095476
0,6042411
0,6042411
1,153685
0,5106092
0,5106092
1,273511
0,3746892
0,9744967
0,9744967
2,305958
0,9183113
0,9183113
1,394571
0,8394645
0,8394645
1,495781
1,048326
1,048326
0,7118142
0,6453023
0,5265456
0,5265456
0,8615
0,8344789
0,8344789
1,309213
1,092461
1,092461
1,527296
0,6244978
0,724121
0,724121
0,9245783
0,7630833
0,7630833
1,133533
0,9735612
0,9735612
1,40545
1,047723
1,047723
1,333939
0,871394
0,8459266
0,8459266
1,579025
0,9779564
0,9779564
1,385996
0,8393639
0,8393639
1,317657
0,9792151
0,9373648
0,9373648
1,122697
0,6107969
0,6107969
1,927937
1,071999
1,071999
1,141916
0,9347229
0,9347229
1,607116
0,6773531
0,5524411
0,5524411
1,410492
1,128852
1,128852
1,002285
0,5337951
0,5337951
1,154461
1,021473
0,9930831
0,9930831
0,8455107
0,7118002
0,7118002
1,178997
0,9753768
0,9753768
0,7837275
0,6331567
0,6331567
0,9814579
0,8882217
0,9082906
0,9082906
1,172476
0,921446
0,921446
1,302128
0,8692802
0,8692802
1,537161
1,148954
1,045771
1,045771
1,48905
1,112517
1,112517
2,456147
1,047677
1,047677
1,249686
1,095356
0,8088424
0,8088424
1,976877
1,809931
1,809931
1,900379
0,9603
0,9603
1,394974
1,078975
1,078975
1,910465
1,187288
1,89164
1,89164
3,610891
1,567314
1,567314
2,119345
0,9352253
0,9352253
1,773482
1,952269
1,887127
1,887127
2,083332
0,8262233
0,8262233
1,602081
1,494936
1,494936
1,6094
0,8859908
1,290524
1,290524
4,07093
1,206338
1,26466
1,280248
1,280248
1,432899
0,5992549
0,4149836
0,9877747
0,8635808
0,8635808
0
0
1,247762
0,4683258
0,4683258
0,9452614
0,6470187
0,689776
0,7731482
0,4404019
0,4404019
0,8381999
0,9773039
0,9773039
0,7092034
0,2234829
0,2234829
0,622712
0,4687251
0,5185093
0,3125348
0,3102006
0,3102006
0,6399849
0,6225831
0,6225831
0,6093769
0,2991043
0,3404055
0,3404055
0,9265262
0,8876311
0,8876311
0,7464625
0,3052844
0,3052844
0,5576192
0,4907613
0,4907613
1,025863
0,7104073
0,6383879
0,6383879
0,7127659
0,5910581
0,5910581
1,385063
0,8921328
0,8921328
1,236847
0,6265286
0,4741634
0,4741634
1,083769
0,9211441
0,9211441
1,58719
1,121891
1,121891
1,135196
0,6178851
0,4783961
0,4783961
1,138603
1,095462
1,095462
1,533261
0,9930076
0,9930076
0,4894806
0,7027181
0,7027181
1,28314
0,9841958
0,8294532
0,8294532
0,9597197
0,874069
0,874069
0,6193122
0,6291617
0,6291617
1,056823
0,9823403
0,9788814
0,9788814
1,610888
1,288532
1,288532
1,40957
1,15239
1,15239
1,029126
0,9195095
0,9195095
1,217897
1,065348
0,9241464
0,9241464
1,917117
1,205742
1,205742
1,599886
0,6745506
0,6745506
1,279036
0,9394146
0,7886694
0,7886694
0,9251658
0,4718273
0,4718273
0,6435601
0,4389095
0,4389095
0,5800202
0,4304481
0,4304481
0,6262511
0,3343795
0,2816766
0,2816766
0,1771418
0,1146514
0,1146514
0,3294532
0,1539356
0,1539356
0,1484498
0,2277905
0,3395399
0,3395399
0,4143832
0,1362217
0,1362217
0,04213727
0,07029227
0,07029227
0,1749656
0,297055
0,297055
0,500621
0,4449299
0,4580646
0,4580646
0,4221459
0,3234193
0,3234193
0,2031681
0,2144922
0,2144922
0,1646737
0,110871
0,04997979
0,04997979
0,06134611
0,06914888
0,06914888
0,09867824
0,1013457
0,1013457
0,1591631
0,1286725
0,1286725
0,1112376
0,1112486
0,1355217
0,1355217
0,1294547
0,09163912
0,09163912
0,05945764
0,05905986
0,05905986
0,1243648
0,0987584
0,05416295
0,05416295
0,07977152
0,1374519
0,1374519
0,1489497
0,1042403
0,1042403
0,07217257
0,1154559
0,1154559
0,160583
0,1261243
0,08852725
0,08852725
0,13222
0,1183372
0,1183372
0,07365842
0,05394624
0,05394624
0,1216676
0,1305937
0,1315151
0,1315151
0,09989482
0,06953131
0,06953131
0,04882869
0,08623619
0,08623619
0,0726294
0,08203262
0,07157096
0,07157096
0,08274673
0,1126414
0,1126414
0,1649522
0,1301896
0,1301896
0,1399645
0,1706688
0,1706688
0,1596927
0,1958792
0,1948335
0,1948335
0,1285303
0,1437431
0,1437431
0,1757582
0,192607
0,192607
0,2709658
0,2727138
0,3312092
0,3312092
0,5155172
0,4853924
0,4853924
0,6356542
0,641385
0,641385
0,8043764
0,7309964
0,5405949
0,5405949
0,497674
0,5384603
0,5384603
0,91615
0,8249842
0,8249842
1,050373
0,8289929
0,8289929
1,452999
0,9969382
1,014374
1,014374
1,145992
0,5546786
0,5546786
1,045489
0,7876861
0,7876861
0,5629212
0,4536777
0,3236965
0,3236965
0,515659
0,2944498
0,2944498
0,03282974
0,03307964
0,03307964
0,1508839
0,2405295
0,2405295
0,03970947
0,0241044
0,0284005
0,0284005
0,1002656
0,02359349
0,02359349
0,2674042
0,3239956
0,3239956
0,2646729
0,1200144
0,2202475
0,2202475
0,3865454
0,355782
0,355782
0,09555214
0,01298132
0,01298132
0,1916934
0,1162862
0,1162862
0,1157128
0,08668546
0,07523741
0,07523741
0,1634361
0,3476143
0,3476143
0,1938177
0,1034888
0,1034888
0,3875527
0,4050395
0,3063473
0,3063473
0,1182686
0,06692786
0,06692786
0,09139527
0,1212635
0,1212635
0,1176279
0,09377565
0,09377565
0,1418216
0,1643559
0,1173732
0,1173732
0,1444305
0,1595543
0,1595543
0,1066314
0,1064553
0,1064553
0,131788
0,1142573
0,1022977
0,1022977
0,1182159
0,1066542
0,1066542
0,1350834
0,1248953
0,1248953
0,1774812
0,1592797
0,1592797
0,1557237
0,1309105
0,1005537
0,1005537
0,1174845
0,08885974
0,08885974
0,101215
0,1066065
0,1066065
0,1485837
0,1493639
0,138605
0,138605
0,1787266
0,1455727
0,1455727
0,348113
0,3351294
0,3351294
0,3350451
0,3873647
0,4350778
0,4350778
0,4992513
0,4854534
0,4854534
0,9452639
0,8676515
0,8676515
1,811717
1,391808
1,391808
1,71498
1,217316
1,242301
1,242301
velocityComponents
0,4936457
0,1932666
-1,845598
-0,3014207
-0,1305088
0,785929
-0,1662019
0,01856953
0,5587397
-0,1662019
0,01856953
0,5587397
0,1900379
0,712721
-0,5314142
0,1078486
0,3718182
-0,2590418
0,1078486
0,3718182
-0,2590418
-0,1332462
0,570251
0,5175471
0,01550317
0,1214743
-0,1509279
0,01550317
0,1214743
-0,1509279
0,03871322
0,2831861
-0,3574193
0,1263857
0,5479649
-0,2944648
0,09951591
0,4119322
-0,3163964
0,09951591
0,4119322
-0,3163964
0,01053619
0,749064
0,003914047
-0,01475007
0,47384
0,07438805
-0,01475007
0,47384
0,07438805
-0,1867724
0,1600917
0,2842351
0,08366148
-0,2289191
-0,7007914
0,08366148
-0,2289191
-0,7007914
-0,3545639
-0,746875
0,2715823
-0,2484774
-0,1074005
0,4938328
-0,2484774
-0,1074005
0,4938328
-0,0439809
0,6296071
0,1357849
0,03205115
0,3303427
-0,08173268
0,06185872
0,06570334
-0,3094203
0,06185872
0,06570334
-0,3094203
-0,1875998
-0,5217474
0,1378767
0,03913689
-0,2030506
-0,2840419
0,03913689
-0,2030506
-0,2840419
-0,01656773
-0,08676288
-0,04006653
-0,002385624
0,02390063
-0,006878472
-0,002385624
0,02390063
-0,006878472
0,06644148
0,5141976
-0,1802067
0,09568963
0,5803984
-0,1246205
0,1308734
0,4216514
-0,2886562
0,1308734
0,4216514
-0,2886562
0,04386947
-0,4722793
-0,6039367
-0,1957264
-0,8414407
-0,006215616
-0,1957264
-0,8414407
-0,006215616
-0,3663061
-0,2615044
0,8051063
-0,03322049
0,3436733
0,1455904
-0,03322049
0,3436733
0,1455904
0,3825909
1,18209
-0,9194946
-0,00687721
0,1513622
-0,08367664
-0,00687721
0,1513622
-0,08367664
-0,286419
-0,5137153
0,4326058
-0,09992003
-0,3794236
-0,07264943
-0,07827277
-0,2918824
-0,1307225
-0,07827277
-0,2918824
-0,1307225
-0,03100846
0,1202402
0,03370509
-0,05009136
0,1617317
0,0672067
-0,05009136
0,1617317
0,0672067
0,007480676
0,3623492
-0,1445823
0,04767675
0,2954718
-0,196829
0,04767675
0,2954718
-0,196829
-0,09581386
-0,4435551
-0,09966925
-0,1382569
-0,5256709
-0,07386561
-0,1463999
-0,277596
0,1700167
-0,1463999
-0,277596
0,1700167
-0,04868625
0,3335805
0,1726301
0,09040657
0,3120999
-0,2438965
0,09040657
0,3120999
-0,2438965
0,03437286
0,05333352
-0,2010342
-0,03650425
-0,00364421
0,007837644
-0,03650425
-0,00364421
0,007837644
-0,1252517
-0,02708336
0,2202472
-0,04033125
0,01965255
0,03364664
-0,04033125
0,01965255
0,03364664
-0,01838728
0,01427247
-0,05961328
-0,004974721
0,02466509
-0,1422276
-0,006825678
0,02429807
-0,06887691
-0,006825678
0,02429807
-0,06887691
-0,1273389
0,002184751
0,209299
-0,05206801
0,2107291
0,1205939
-0,05206801
0,2107291
0,1205939
0,1988273
0,7228287
-0,4531613
0,1261637
0,2006656
-0,4323683
0,1261637
0,2006656
-0,4323683
-0,1589077
-0,3677268
0,2067446
-0,1337211
-0,1191056
0,2616052
0,00496053
0,1493022
-0,03235935
0,00496053
0,1493022
-0,03235935
0,2239861
0,6475547
-0,6231189
0,1084504
0,387357
-0,3125339
0,1084504
0,387357
-0,3125339
-0,1364279
0,02646554
0,3269619
-0,02606185
0,03151669
0,04263957
-0,02606185
0,03151669
0,04263957
0,179287
0,51175
-0,5475512
0,1342452
0,3063583
-0,4421479
-0,006130432
0,02145087
-0,04466281
-0,006130432
0,02145087
-0,04466281
-0,1329409
-0,01994315
0,3448032
-0,02147287
0,1625872
0,06615973
-0,02147287
0,1625872
0,06615973
0,09902476
0,424001
-0,2638277
0,1296677
0,4559333
-0,334146
0,1296677
0,4559333
-0,334146
0,05547373
0,3383766
-0,1525245
0,04003755
0,2072225
-0,1310548
0,04003755
0,2072225
-0,1310548
0,06678679
-0,01130487
-0,3458104
0,108921
0,07498767
-0,4600564
0,09431947
0,05737902
-0,4040519
0,09431947
0,05737902
-0,4040519
-0,002241547
0,04408286
-0,0158724
0,01918451
0,07761715
-0,1070687
0,01918451
0,07761715
-0,1070687
0,04230046
-0,101907
-0,3316433
-0,01803884
-0,206499
-0,152774
-0,01803884
-0,206499
-0,152774
-0,09470455
-0,2852235
0,07419574
-0,03406492
-0,2061118
-0,1031301
0,02387141
-0,1181171
-0,2750925
0,02387141
-0,1181171
-0,2750925
0,08454992
0,2352845
-0,3361658
0,04480715
0,1902397
-0,191388
0,04480715
0,1902397
-0,191388
-0,01442465
-0,06024568
-0,06119041
-0,01315411
-0,1708668
-0,1537139
-0,01315411
-0,1708668
-0,1537139
-0,0259146
-0,1612583
-0,1547027
-0,01557928
-0,04112887
-0,1025761
-0,01557928
-0,04112887
-0,1025761
0,02375725
0,09704862
-0,2336561
0,03498651
0,04851723
-0,3056101
0,03532369
0,02738332
-0,3182355
0,03532369
0,02738332
-0,3182355
-0,008627804
-5,581549E-06
-0,09521716
-0,007277332
-0,02274304
-0,1173089
-0,007277332
-0,02274304
-0,1173089
-0,01186463
-0,1223748
-0,2961079
-0,006250658
-0,04291178
-0,2600941
-0,006250658
-0,04291178
-0,2600941
0,01074612
0,1980412
-0,2700888
0,0152814
0,281008
-0,2307383
0,01990268
0,2922921
-0,2669277
0,01990268
0,2922921
-0,2669277
-0,003013972
0,04248534
-0,225562
-0,02608549
-0,03601311
-0,1778294
-0,02608549
-0,03601311
-0,1778294
-0,1051995
-0,1736665
-0,08462583
-0,08087593
-0,1092526
-0,1376994
-0,08087593
-0,1092526
-0,1376994
-0,03140045
-0,04717137
-0,6674981
-0,01811795
0,1542077
-0,5173322
-0,01811795
0,1542077
-0,5173322
-0,1461041
0,06052218
-0,008494668
-0,1366843
-0,06690734
-0,07667482
-0,126313
-0,109822
-0,1091722
-0,126313
-0,109822
-0,1091722
-0,1072794
0,1485765
-0,2253114
-0,1249917
0,1179512
-0,05367472
-0,1249917
0,1179512
-0,05367472
-0,106115
0,1933524
-0,01362542
-0,06734647
0,1467922
-0,1724647
-0,06734647
0,1467922
-0,1724647
-0,07457533
0,02093377
-0,2609756
-0,1241966
0,02716918
0,03470014
-0,1196929
0,006545405
0,1468708
-0,1196929
0,006545405
0,1468708
-0,1223975
-0,06862065
-0,1088547
-0,06974535
0,0117294
-0,2322658
-0,06974535
0,0117294
-0,2322658
-0,02485508
0,201927
-0,2568017
-0,02994784
0,08897889
-0,1483074
-0,02994784
0,08897889
-0,1483074
-0,04892216
-0,101253
-0,1137526
-0,04484002
-0,1378079
-0,1503271
-0,04578565
-0,1586355
-0,254732
-0,04578565
-0,1586355
-0,254732
0,005165636
0,0342904
-0,3618845
0,002682971
-0,003056499
-0,3440161
0,002682971
-0,003056499
-0,3440161
-0,00843901
-0,09827916
-0,2435419
0,003418421
-0,05679511
-0,2598033
0,003418421
-0,05679511
-0,2598033
0,03302298
0,009261278
-0,4075254
0,02734976
-0,03933841
-0,3917954
0,02734976
-0,03933841
-0,3917954
0,0005368377
-0,2231081
-0,3922103
0,01108254
-0,2095286
-0,4196329
0,04907516
-0,1135216
-0,5674295
0,04907516
-0,1135216
-0,5674295
0,1652963
0,3248233
-1,001274
0,1445227
0,3660225
-0,7885941
0,1445227
0,3660225
-0,7885941
0,1687545
0,2204271
-1,062372
0,114779
-0,176684
-1,012191
0,114779
-0,176684
-1,012191
0,099602
-0,6173736
-1,351326
0,05516445
-0,06968617
-0,4788091
0,08374717
0,2018916
-0,4215537
0,08374717
0,2018916
-0,4215537
0,1284945
0,5460067
-0,3095022
0,03158811
0,07732463
-0,03343719
0,03158811
0,07732463
-0,03343719
-0,004311302
-1,270069
-1,020986
0,01596212
-0,4458077
-0,5242363
0,01596212
-0,4458077
-0,5242363
0,06205561
0,008651935
-0,357517
0,06317614
0,4629785
0,1431631
0,06317614
0,4629785
0,1431631
0,1653111
1,042647
-0,04218132
0,1158749
0,4761003
-0,3282754
0,09925689
0,3848839
-0,3045417
0,09925689
0,3848839
-0,3045417
0,03206749
0,6975259
0,6623187
0,008037823
0,5053982
0,5499951
0,008037823
0,5053982
0,5499951
0,1696095
0,9819813
-0,3254718
0,1334455
0,8426424
-0,3412043
0,1334455
0,8426424
-0,3412043
0,09504412
1,592418
0,203867
0,06301396
0,8165575
-0,1470705
0,08841937
0,4159497
-0,762821
0,08841937
0,4159497
-0,762821
0,01766088
0,7800876
-0,206468
0,0192036
0,7495044
-0,278981
0,0192036
0,7495044
-0,278981
-0,008165084
1,459839
-0,2022084
0,009673072
1,360151
-0,4790241
0,009673072
1,360151
-0,4790241
-0,02769969
1,007687
-0,4640213
-0,04581722
0,5205069
-0,09597872
-0,04581722
0,5205069
-0,09597872
-0,06200298
0,6380203
-0,1010188
-0,02498481
0,4095765
-0,2879531
-0,01204236
0,3581919
-0,3948439
-0,01204236
0,3581919
-0,3948439
-0,01454161
0,497197
-0,5419333
-0,01004311
0,3621353
-0,3090635
0,0194544
0,3834138
-0,865826
0,01848928
0,1790065
-0,6665153
0,01848928
0,1790065
-0,6665153
0,00997908
0,1663686
-0,5772756
0,0188958
0,100277
-0,5119059
0,01737533
0,2293603
-0,5028973
0,01715386
0,3029923
-0,3738557
0,05191302
0,04261725
-0,778663
0,05191302
0,04261725
-0,778663
0,09762012
-0,330828
-1,435347
0,06055907
-0,01987352
-1,101774
0,06055907
-0,01987352
-1,101774
0,05675538
0,1593966
-1,226906
0,04663733
-0,1623571
-0,8785897
0,04663733
-0,1623571
-0,8785897
0,05077242
-0,7777776
-1,478945
0,02605993
-0,274652
-0,8675086
0,006563322
0,0048909
-0,4303424
0,006563322
0,0048909
-0,4303424
0,001786474
-0,0542518
-0,6575419
-0,01959949
-0,1020387
-0,8739408
-0,01959949
-0,1020387
-0,8739408
-0,03057338
-0,3290215
-1,045402
-0,02282781
-0,1104366
-0,5805601
-0,02282781
-0,1104366
-0,5805601
-0,03079635
0,09697867
-0,2961937
-0,01159644
-0,3320388
-0,01564924
-0,04879374
-0,5150977
-0,5031356
-0,04879374
-0,5150977
-0,5031356
-0,04518303
-0,1903598
-0,3348692
-0,007568401
-0,1676949
0,07029186
-0,007568401
-0,1676949
0,07029186
-0,00434461
-1,158391
0,05223922
-0,01981174
-0,8965941
-0,1693223
-0,01981174
-0,8965941
-0,1693223
-0,01495518
-0,07469346
-0,2842479
-0,01669956
0,2260049
-0,3369466
-0,02179125
-0,357418
-0,2532773
-0,02179125
-0,357418
-0,2532773
-0,02275353
-1,92549
0,6727762
-0,02265678
-0,9679227
0,4483204
-0,02265678
-0,9679227
0,4483204
-0,03906044
0,1253131
-0,3972886
-0,01790788
0,3062504
-0,3044406
-0,01790788
0,3062504
-0,3044406
0,01255952
-0,9156478
1,144166
-0,01778018
-0,9297439
0,8361911
-0,01778018
-0,9297439
0,8361911
-0,02448928
-0,1739565
-0,2190939
0,008691018
0,0129579
0,1822849
0,01599239
-0,08073442
0,5943426
0,01599239
-0,08073442
0,5943426
0,02778475
0,2695059
0,1221206
0,01080153
0,268578
-0,3649028
0,01080153
0,268578
-0,3649028
0,01769689
0,1835447
-0,2985259
0,007163335
-0,08576937
-0,1566227
0,007163335
-0,08576937
-0,1566227
-0,04371922
-0,6741391
-0,3149897
-0,02372375
-0,2619935
-0,394163
-0,02372114
0,01499625
-0,6234201
-0,02372114
0,01499625
-0,6234201
-0,06599694
-0,660476
-0,1660603
-0,07993777
-0,9683921
0,4198057
-0,07993777
-0,9683921
0,4198057
-0,130865
-1,034114
-0,06490979
-0,08438151
-0,4523091
-0,4988551
-0,08438151
-0,4523091
-0,4988551
-0,05126281
-0,2293744
-0,4107417
-0,02890515
-0,2367099
-0,03131983
-0,02890515
-0,2367099
-0,03131983
-0,08040131
-0,4973298
-0,4368134
-0,06466907
-0,2737754
-0,5787093
-0,06054554
-0,4467823
-0,1332607
-0,06054554
-0,4467823
-0,1332607
-0,1802886
-1,585727
0,8007978
-0,07795113
-0,4927376
-0,1337865
-0,07795113
-0,4927376
-0,1337865
0,06932558
0,7568509
-0,9335752
-0,01171678
0,1547501
-0,5423576
-0,01171678
0,1547501
-0,5423576
-0,2904522
-2,253408
1,399656
-0,0604339
-0,3200811
0,03436477
0,03406057
0,3396229
-0,4739669
0,03406057
0,3396229
-0,4739669
0,07738403
0,3321885
0,3418312
0,008067406
0,09157521
-0,3045716
0,008067406
0,09157521
-0,3045716
0,001212531
0,2559797
-1,163413
0,0209023
0,3158195
-0,6885916
0,0209023
0,3158195
-0,6885916
-0,05952023
-0,2486044
-0,3729602
-0,05617341
-0,2869281
-0,08982747
-0,05617341
-0,2869281
-0,08982747
-0,09244753
-0,2069177
-0,607658
0,04005951
0,591323
-0,7313538
0,08038118
0,5983724
-0,2135178
0,08038118
0,5983724
-0,2135178
-0,0426121
-0,6065468
0,8128985
-0,1028357
-0,5485544
0,04956681
-0,1028357
-0,5485544
0,04956681
0,002413722
0,306672
-0,4225436
0,003643388
0,1402509
-0,1699595
0,003643388
0,1402509
-0,1699595
-0,07934967
-0,02844142
-0,717342
-0,03408535
0,0490873
-0,3650363
-0,01446307
0,02896008
-0,1339167
-0,01446307
0,02896008
-0,1339167
-0,08860853
-0,2385507
-0,3906402
-0,08868233
-0,2133337
-0,4555495
-0,08868233
-0,2133337
-0,4555495
-0,03968584
0,1468176
-0,6315809
-0,00288323
0,3067291
-0,5435904
-0,00288323
0,3067291
-0,5435904
-0,006527536
0,2069408
-0,4426293
-0,01334495
0,06201794
-0,2955323
-0,02728061
-0,01177868
-0,3025862
-0,02728061
-0,01177868
-0,3025862
-0,04320314
-0,05180898
-0,3593355
-0,01718682
0,05063676
-0,2782668
-0,01718682
0,05063676
-0,2782668
0,007237688
0,231026
-0,3137881
-0,006180612
0,1617945
-0,3325048
-0,006180612
0,1617945
-0,3325048
-0,0236154
-0,05510119
-0,2347599
-0,03343654
-0,1323803
-0,2077594
-0,03343654
-0,1323803
-0,2077594
-0,03142093
-0,1330868
-0,1662385
-0,02091584
-0,07356423
-0,1732904
-0,005646436
0,01706152
-0,1612055
-0,005646436
0,01706152
-0,1612055
-0,003970478
0,008000223
-0,1204624
-0,00873768
-0,02249952
-0,1262954
-0,00873768
-0,02249952
-0,1262954
-0,01225599
-0,02678324
-0,1623628
-0,008664303
0,001122298
-0,1722871
-0,008664303
0,001122298
-0,1722871
0,02315792
0,04194606
-0,1352345
0,02111663
0,03057673
-0,1212776
0,02111663
0,03057673
-0,1212776
0,009694406
0,0496625
-0,1473584
0,01060316
0,04161091
-0,1402532
0,01609209
0,03415792
-0,1564611
0,01609209
0,03415792
-0,1564611
0,009526666
0,03616133
-0,1774175
0,02193108
0,03821443
-0,1665459
0,02193108
0,03821443
-0,1665459
0,0412132
0,0413219
-0,2467739
0,04904837
0,0182052
-0,239079
0,04904837
0,0182052
-0,239079
0,05838062
0,04113909
-0,3733124
0,04690401
0,01714107
-0,3479177
0,07613748
-0,0321393
-0,3098134
0,07613748
-0,0321393
-0,3098134
-0,01162227
-0,004192077
-0,279818
-0,01487713
0,0183728
-0,2562405
-0,01487713
0,0183728
-0,2562405
-0,01137475
0,04714806
-0,2603015
0,0008599609
0,05188153
-0,2569036
0,0008599609
0,05188153
-0,2569036
0,111292
0,0169396
-0,3635798
-0,15078
0,1784092
-0,6797445
-0,197765
0,2227876
-0,8825056
-0,197765
0,2227876
-0,8825056
-0,4522315
0,6001964
-2,082847
-0,3772362
0,6147619
-1,786396
-0,3772362
0,6147619
-1,786396
-0,4379101
0,9532
-2,126652
-0,3222705
0,7827833
-1,619757
-0,3222705
0,7827833
-1,619757
-0,6708792
2,007849
-3,5642
-0,2488758
1,073723
-1,418875
-0,2488758
1,073723
-1,418875
-0,2101574
1,518152
-1,290816
0,05104542
0,3034726
-0,00629425
0,0441134
0,2462871
-0,02944767
0,0441134
0,2462871
-0,02944767
0,1528025
0,6916821
0,04104972
0,08881688
0,5975217
-0,01366735
0,08881688
0,5975217
-0,01366735
0,1467586
1,143798
-0,03429055
0,1696825
0,387089
0,2865165
0,1696825
0,387089
0,2865165
0,4906893
0,2162062
1,155123
0,1104653
0,2512097
0,2551138
0,2771378
0,5964734
0,7190675
0,2771378
0,5964734
0,7190675
0,6776869
0,6531566
2,105129
0,2360642
-0,2640381
0,8472621
0,2360642
-0,2640381
0,8472621
0,3627822
0,1355272
1,33972
0,1925954
0,3997145
0,7126261
0,1925954
0,3997145
0,7126261
0,3491254
0,5431467
1,349245
0,2469702
0,263205
0,9842343
0,2469702
0,263205
0,9842343
0,1547038
0,3124503
0,6205812
0,1412945
0,2617835
0,5726432
0,1185171
0,1712915
0,4835941
0,1185171
0,1712915
0,4835941
0,1836946
0,3368562
0,7713407
0,1476977
0,529022
0,6282325
0,1476977
0,529022
0,6282325
0,154948
1,084774
0,7164452
0,1252657
0,8998489
0,6066724
0,1252657
0,8998489
0,6066724
0,2724362
0,8438067
1,243544
0,1394015
-0,01653101
0,6085157
0,1396704
-0,2639813
0,6596645
0,1396704
-0,2639813
0,6596645
0,1509976
-0,3276577
0,8512844
0,1150473
-0,1725415
0,7343634
0,1150473
-0,1725415
0,7343634
0,1516877
-0,2819766
1,087372
0,1208521
-0,3212375
0,9110557
0,1208521
-0,3212375
0,9110557
0,1581503
-0,4550858
1,320293
0,1074663
-0,4150999
0,9559633
0,1074663
-0,4150999
0,9559633
0,110814
-0,7196999
1,117652
0,06431552
-0,5281415
0,6901143
0,05965154
-0,512438
0,6704035
0,05965154
-0,512438
0,6704035
0,09322522
-1,042175
1,182582
0,03643247
-0,8286757
0,5180424
0,03643247
-0,8286757
0,5180424
0,03635286
-1,220075
0,6565672
0,01208267
-0,7771762
0,3168326
0,01208267
-0,7771762
0,3168326
-0,005935526
-1,274542
0,3342557
-0,02145469
-0,9646326
0,1669903
-0,02122353
-0,8943929
0,2797563
-0,02122353
-0,8943929
0,2797563
-0,006367332
-0,9741199
0,5581209
-0,01186399
-0,5673735
0,2258748
-0,01186399
-0,5673735
0,2258748
-0,1584009
-1,920001
-0,07379887
-0,09447834
-1,052658
0,179354
-0,09447834
-1,052658
0,179354
-0,08378454
-1,0389
0,466518
-0,07507044
-0,8053688
0,4684574
-0,07507044
-0,8053688
0,4684574
-0,1886813
-1,575276
0,2563676
-0,07535668
-0,6657981
0,09920494
-0,05922391
-0,5351565
0,1236573
-0,05922391
-0,5351565
0,1236573
-0,1940546
-1,375822
0,2427853
-0,1784008
-1,112721
0,06581204
-0,1784008
-1,112721
0,06581204
-0,1403338
-0,9914467
0,04376569
-0,0596781
-0,5299491
0,02301481
-0,0596781
-0,5299491
0,02301481
-0,165497
-1,138367
0,09751948
-0,1610875
-0,9757058
0,2558447
-0,180944
-0,9720952
0,09221844
-0,180944
-0,9720952
0,09221844
-0,1442288
-0,8258031
0,1101617
-0,1035326
-0,6304352
0,3138343
-0,1035326
-0,6304352
0,3138343
-0,2213568
-1,091121
0,3879298
-0,1912457
-0,8864076
0,3592584
-0,1912457
-0,8864076
0,3592584
-0,1290696
-0,6453652
0,4255274
-0,06041089
-0,3678327
0,5117979
-0,06041089
-0,3678327
0,5117979
-0,1514058
-0,62673
0,7399632
-0,1710743
-0,6494129
0,5813212
-0,2003428
-0,7150837
0,5229817
-0,2003428
-0,7150837
0,5229817
-0,1637731
-0,5296258
1,033138
-0,1385599
-0,4003398
0,8182859
-0,1385599
-0,4003398
0,8182859
-0,2959082
-0,7662938
1,010331
-0,1587457
-0,3488599
0,7802209
-0,1587457
-0,3488599
0,7802209
-0,1216699
-0,003706978
1,532333
-0,1631139
-0,1403155
1,128628
-0,2716005
-0,4399059
0,9090401
-0,2716005
-0,4399059
0,9090401
-0,5038015
-0,9346712
1,043956
-0,03770781
0,317344
1,065629
-0,03770781
0,317344
1,065629
0,3292779
1,697203
1,74463
0,1982166
0,8552777
0,5716975
0,1982166
0,8552777
0,5716975
-0,06238223
0,4232028
1,17419
-0,04824556
0,4075466
1,015571
0,1117852
0,6163309
0,5117288
0,1117852
0,6163309
0,5117288
0,4925365
1,852969
0,4816208
0,4352787
1,716353
0,3748529
0,4352787
1,716353
0,3748529
0,2509139
1,594902
1,002381
0,1094135
0,7537882
0,5848146
0,1094135
0,7537882
0,5848146
0,3085278
1,297916
0,4076506
0,1400984
0,9464756
0,4987423
0,1400984
0,9464756
0,4987423
0,2678639
1,76364
0,6838851
0,125289
1,081003
0,4747488
0,244263
1,832945
0,3986828
0,244263
1,832945
0,3986828
0,7772112
3,35656
-1,080733
0,1296096
1,527631
0,3256059
0,1296096
1,527631
0,3256059
-0,2868173
1,052673
1,816931
-0,08724473
0,6750203
0,6413909
-0,08724473
0,6750203
0,6413909
0,144144
1,767612
0,002869572
0,1697751
1,932195
-0,2217083
-0,06907682
1,817338
0,5037444
-0,06907682
1,817338
0,5037444
-0,3398471
1,560479
1,33779
-0,002542536
0,8170704
0,1226145
-0,002542536
0,8170704
0,1226145
-0,1532022
1,521812
0,4767395
-0,203661
1,359848
0,5866576
-0,203661
1,359848
0,5866576
-0,3420844
1,166023
1,055242
-0,1888197
0,6134602
0,6107318
-0,2842261
0,985275
0,7835175
-0,2842261
0,985275
0,7835175
-0,9064545
3,580132
1,712736
-0,2006537
1,154188
0,2878192
-0,1350352
-0,9364128
0,8392036
-0,3341138
-0,3438771
1,187077
-0,3341138
-0,3438771
1,187077
-0,4872918
0,4245847
1,278856
-0,1401722
0,5162537
0,2700746
0,1119971
-0,3960431
-0,0530839
-0,1907706
-0,5331576
0,8093506
-0,2780914
-0,1883656
0,7955849
-0,2780914
-0,1883656
0,7955849
0
0
0
0
0
0
0,1646221
-1,212838
0,2425551
-0,09509921
-0,256075
0,3804088
-0,09509921
-0,256075
0,3804088
-0,2759695
-0,2576098
0,8666009
0,2176583
-0,5503073
-0,261572
0,1646876
-0,6557003
-0,1368433
-0,05678535
-0,6274581
0,4481405
-0,1445974
-0,01103603
0,4158409
-0,1445974
-0,01103603
0,4158409
-0,1204171
-0,6262091
0,5440046
0,1747129
-0,9542782
-0,1181164
0,1747129
-0,9542782
-0,1181164
0,2041144
-0,642641
-0,2198166
-0,04406565
0,1027607
0,1935021
-0,04406565
0,1027607
0,1935021
-0,2101093
0,05271601
0,5838196
-0,0651214
-0,3617079
0,290912
-0,0407072
-0,4577007
0,2402185
-0,07269959
-0,1361834
0,2717477
-0,04989617
-0,09003454
0,2926236
-0,04989617
-0,09003454
0,2926236
0,1283717
-0,6268726
0,01149665
0,01961996
-0,6049692
0,1457292
0,01961996
-0,6049692
0,1457292
0,09197194
-0,6022935
0,01113346
-0,02901564
-0,2265452
0,1931288
-0,1106699
-0,02569203
0,3208863
-0,1106699
-0,02569203
0,3208863
0,04638035
-0,9219602
0,07930278
0,02621688
-0,8852221
0,05986277
0,02621688
-0,8852221
0,05986277
-0,09505656
-0,6732635
0,3080369
-0,07213032
-0,1789313
0,2365997
-0,07213032
-0,1789313
0,2365997
0,09364853
-0,5452625
-0,06969903
-0,01185851
-0,4796574
0,1031249
-0,01185851
-0,4796574
0,1031249
-0,2170835
-0,8605291
0,5145479
-0,07238159
-0,6773642
0,201537
0,1562429
-0,5709385
-0,2390741
0,1562429
-0,5709385
-0,2390741
0,2542642
-0,5528733
-0,3711011
-0,02513207
-0,5816917
0,1017483
-0,02513207
-0,5816917
0,1017483
-0,2878107
-1,235118
0,5568187
-0,04777217
-0,8879058
0,07240138
-0,04777217
-0,8879058
0,07240138
0,2937343
-1,047271
-0,5888418
0,1300216
-0,5589206
-0,2514762
-0,07181028
-0,4524209
0,1224315
-0,07181028
-0,4524209
0,1224315
-0,1436936
-1,067259
0,1219269
-0,07922205
-0,9176886
-0,008828481
-0,07922205
-0,9176886
-0,008828481
-0,2836158
-1,5513
0,1794536
-0,2709973
-1,062849
0,2356941
-0,2709973
-1,062849
0,2356941
-0,09641612
-1,12229
-0,1408519
0,04161021
-0,5634611
-0,2501243
0,01883198
-0,4394081
-0,1882252
0,01883198
-0,4394081
-0,1882252
-0,2417627
-1,112559
0,01339995
-0,2685816
-1,060805
0,05091983
-0,2685816
-1,060805
0,05091983
-0,06050401
-1,414592
-0,5883513
0,2083239
-0,6150076
-0,7512862
0,2083239
-0,6150076
-0,7512862
0,04988334
-0,3412158
-0,3473825
-0,08688069
-0,6493101
-0,2542852
-0,08688069
-0,6493101
-0,2542852
-0,212665
-1,202415
-0,3942332
-0,09130745
-0,8701983
-0,4506209
0,05315952
-0,58307
-0,5875339
0,05315952
-0,58307
-0,5875339
0,0613877
-0,6358008
-0,7162756
0,0168192
-0,6100953
-0,6256977
0,0168192
-0,6100953
-0,6256977
-0,02141534
-0,4131045
-0,4609053
0,04003037
-0,3232969
-0,5382574
0,04003037
-0,3232969
-0,5382574
0,1273253
-0,4618114
-0,9420159
0,1208179
-0,4101371
-0,8844112
0,1403499
-0,3346384
-0,9091358
0,1403499
-0,3346384
-0,9091358
0,3963273
-0,008325565
-1,561351
0,355211
0,1234511
-1,232436
0,355211
0,1234511
-1,232436
0,404294
0,3845589
-1,294429
0,3228123
0,3309556
-1,055587
0,3228123
0,3309556
-1,055587
0,2745238
0,3450288
-0,929888
0,2417935
0,3748622
-0,8040597
0,2417935
0,3748622
-0,8040597
0,3183637
0,6377302
-0,9875312
0,2659329
0,4929541
-0,9062247
0,2146868
0,4081798
-0,8008405
0,2146868
0,4081798
-0,8008405
0,4278083
0,813699
-1,682323
0,2652823
0,7411183
-0,9133358
0,2652823
0,7411183
-0,9133358
0,238631
1,289932
-0,9158421
0,06090859
0,2205174
-0,6345713
0,06090859
0,2205174
-0,6345713
0,1512611
0,9497351
-0,8432422
0,100835
0,9264808
-0,1181748
0,09898704
0,7422649
-0,247475
0,09898704
0,7422649
-0,247475
0,02010909
0,8578614
-0,345834
-0,01651593
0,426881
-0,2003018
-0,01651593
0,426881
-0,2003018
-0,02188362
0,4653271
-0,4440286
-0,03385067
0,3916295
-0,1952485
-0,03385067
0,3916295
-0,1952485
-0,1363836
0,5401757
0,1613479
-0,08244655
0,4206577
0,03918181
-0,08244655
0,4206577
0,03918181
-0,03672547
0,4806781
-0,3997377
-0,05631427
0,06019052
-0,3240609
-0,09002934
-0,1728142
-0,2034003
-0,09002934
-0,1728142
-0,2034003
-0,1634376
-0,06556749
0,01919039
-0,1063755
0,03907473
-0,01738848
-0,1063755
0,03907473
-0,01738848
-0,08878259
-0,04701866
-0,3137616
-0,07150015
0,1224952
-0,05982315
-0,07150015
0,1224952
-0,05982315
-0,05557047
0,1280606
0,050495
-0,05019624
-0,01181048
-0,2218769
-0,01603369
-0,005108891
-0,3391226
-0,01603369
-0,005108891
-0,3391226
0,02666788
0,2501711
-0,3292668
-0,02441201
0,1271877
-0,04223385
-0,02441201
0,1271877
-0,04223385
-0,03531753
0,02298287
-9,421034E-05
-0,02692524
0,02577615
-0,05959551
-0,02692524
0,02577615
-0,05959551
-0,006414256
0,0873569
-0,1514615
0,0355671
0,1893866
-0,2260738
0,0355671
0,1893866
-0,2260738
0,09308707
0,4604421
-0,1730585
0,1037294
0,3437383
-0,2627676
0,1172419
0,2696065
-0,3512689
0,1172419
0,2696065
-0,3512689
0,1153628
0,3441521
-0,215541
0,08961682
0,2868431
-0,1195404
0,08961682
0,2868431
-0,1195404
0,06872392
0,07412077
-0,1762397
0,07231986
0,06568944
-0,1909493
0,07231986
0,06568944
-0,1909493
0,05845753
0,07511856
-0,1343777
0,04036707
0,0339099
-0,0975346
0,02361841
0,0173547
-0,04048413
0,02361841
0,0173547
-0,04048413
0,02297977
0,05521091
0,01367592
0,02475706
0,06449883
-0,00292522
0,02475706
0,06449883
-0,00292522
0,03435116
0,06106307
-0,0694888
0,03103303
0,06620415
-0,07017771
0,03103303
0,06620415
-0,07017771
0,02676503
0,1563174
-0,01346876
0,01436757
0,1267506
0,01686597
0,01436757
0,1267506
0,01686597
0,007619115
0,1092033
0,01975854
0,009920326
0,1106941
-0,004964339
0,01601917
0,1270299
-0,04441761
0,01601917
0,1270299
-0,04441761
0,004340997
0,1289229
0,01088936
-0,001424072
0,08958662
0,01923378
-0,001424072
0,08958662
0,01923378
-0,005492168
0,05905609
0,004174365
-0,002791759
0,05779934
-0,01181138
-0,002791759
0,05779934
-0,01181138
0,008490684
0,1095808
-0,05819421
0,003247188
0,09560416
-0,02454631
0,00053772
0,05190635
-0,01546178
0,00053772
0,05190635
-0,01546178
0,00250284
0,02373361
-0,07611798
0,008791416
0,008497996
-0,1369069
0,008791416
0,008497996
-0,1369069
0,01454802
0,05618647
-0,1371767
0,007858105
0,05146609
-0,09030799
0,007858105
0,05146609
-0,09030799
-0,005350619
0,010604
-0,07118852
-0,01035056
-0,03383893
-0,1098993
-0,01035056
-0,03383893
-0,1098993
-0,01082054
-0,04019351
-0,1550944
-0,0118196
-0,02823328
-0,1223541
-0,01383251
-0,02905887
-0,0824701
-0,01383251
-0,02905887
-0,0824701
-0,0425985
-0,1060366
-0,06651125
-0,04069801
-0,09402683
-0,05921427
-0,04069801
-0,09402683
-0,05921427
-0,03755318
-0,05190209
-0,03635236
-0,03984174
-0,02914058
-0,02176372
-0,03984174
-0,02914058
-0,02176372
-0,08152016
-0,07076411
0,05612399
-0,07922576
-0,08218892
0,06342697
-0,07829429
-0,09106392
0,05360592
-0,07829429
-0,09106392
0,05360592
-0,06389873
-0,07002073
0,0315123
-0,05201546
-0,03831559
0,02570818
-0,05201546
-0,03831559
0,02570818
-0,04778326
-0,01004654
0,0002609298
-0,03701166
-0,02949244
-0,07209031
-0,03701166
-0,02949244
-0,07209031
-0,02150577
-0,003162975
-0,06930027
-0,01942984
-0,006348688
-0,07944512
-0,01999488
-0,01923565
-0,06597421
-0,01999488
-0,01923565
-0,06597421
-0,01042868
0,009806537
-0,08149906
-0,003795419
0,03518468
-0,1069379
-0,003795419
0,03518468
-0,1069379
-0,0004121254
0,0330333
-0,1616102
-0,003254477
0,02783159
-0,1271383
-0,003254477
0,02783159
-0,1271383
-0,002548405
0,04453738
-0,132665
0,001513859
0,05134403
-0,1627554
0,001513859
0,05134403
-0,1627554
-5,445556E-05
0,02260578
-0,1580846
0,002246083
0,01059276
-0,1955797
0,002595644
0,01265442
-0,1944048
0,002595644
0,01265442
-0,1944048
0,0005524122
0,03001979
-0,1249742
-0,0007185316
0,0110217
-0,1433181
-0,0007185316
0,0110217
-0,1433181
-0,006713971
-0,03986333
-0,1710461
-0,002111429
-0,02654376
-0,1907576
-0,002111429
-0,02654376
-0,1907576
0,006869284
0,01181249
-0,2706211
0,005172737
-0,002696467
-0,2726514
-0,002869363
-0,06105138
-0,3255211
-0,002869363
-0,06105138
-0,3255211
-0,01333324
-0,157865
-0,4905699
-0,006718139
-0,1144371
-0,4716617
-0,006718139
-0,1144371
-0,4716617
0,007678347
-0,03131529
-0,6348359
0,002022621
-0,08402311
-0,6358544
0,002022621
-0,08402311
-0,6358544
-0,006414372
-0,1664321
-0,7869438
-0,005820924
-0,1411209
-0,7172215
0,001053305
-0,06209043
-0,5370163
0,001053305
-0,06209043
-0,5370163
-0,0001587399
-0,04187977
-0,4959088
-0,00522447
-0,07547848
-0,5331183
-0,00522447
-0,07547848
-0,5331183
-0,01789108
-0,1704037
-0,8999851
-0,01272672
-0,1266997
-0,8150976
-0,01272672
-0,1266997
-0,8150976
0,0210362
0,09114314
-1,0462
0,01718695
0,1013778
-0,8225912
0,01718695
0,1013778
-0,8225912
-0,05010572
-0,1989568
-1,438441
-0,03177204
-0,07098623
-0,9939
0,0251712
0,3260837
-0,960203
0,0251712
0,3260837
-0,960203
0,05295948
0,6017729
-0,9738392
-0,06381673
-0,2495558
-0,4912409
-0,06381673
-0,2495558
-0,4912409
-0,1061014
-0,2818633
-1,001171
0,03200508
0,4762844
-0,6265606
0,03200508
0,4762844
-0,6265606
-0,03362782
0,1340035
-0,5457037
-0,07422548
-0,1935553
-0,4035472
-0,0394721
0,002194326
-0,3212733
-0,0394721
0,002194326
-0,3212733
-0,0164532
0,2884862
-0,4270939
-0,009166096
0,2001988
-0,2157246
-0,009166096
0,2001988
-0,2157246
-0,0224394
-0,006044943
-0,02318886
-0,01764536
-0,02666236
-0,00848661
-0,01764536
-0,02666236
-0,00848661
-0,00702141
0,1004076
-0,1124054
-0,004689701
0,149142
-0,1886508
-0,004689701
0,149142
-0,1886508
-0,00194671
-0,002507851
0,03958236
-0,002950527
-0,002442214
0,02379816
-0,001749473
0,02795936
0,004669276
-0,001749473
0,02795936
0,004669276
0,008910234
0,0995038
0,00853206
0,0002241638
0,01776923
0,01551956
0,0002241638
0,01776923
0,01551956
-0,04654991
-0,2437911
-0,09951905
-0,05560278
-0,2976505
-0,1152635
-0,05560278
-0,2976505
-0,1152635
-0,03982053
-0,1839972
-0,1860406
-0,01585552
-0,1175437
-0,01831773
-0,02125295
-0,2079059
0,0695156
-0,02125295
-0,2079059
0,0695156
-0,05361379
-0,3071197
-0,2285178
-0,03459243
-0,1207686
-0,3328651
-0,03459243
-0,1207686
-0,3328651
0,005246704
0,03969921
-0,0867563
0,002409939
0,004283722
-0,01201484
0,002409939
0,004283722
-0,01201484
-0,03344088
-0,1445944
-0,1213281
-0,02185232
-0,07103234
-0,08943915
-0,02185232
-0,07103234
-0,08943915
-0,003641489
0,06552019
-0,09530628
-0,0007866392
0,06206139
-0,06051556
-0,0064148
0,03837249
-0,06439774
-0,0064148
0,03837249
-0,06439774
-0,03624362
-0,06616527
-0,1449825
-0,05766096
-0,05593754
-0,338204
-0,05766096
-0,05593754
-0,338204
-0,01885063
0,04928527
-0,1864965
-0,01509368
0,00486891
-0,1022663
-0,01509368
0,00486891
-0,1022663
-0,06617847
-0,07266816
-0,3748825
-0,05877981
-0,01432191
-0,4004958
-0,02805818
0,07702021
-0,2951767
-0,02805818
0,07702021
-0,2951767
0,001772606
0,0854829
-0,08171282
-0,002226113
0,03879127
-0,05449422
-0,002226113
0,03879127
-0,05449422
-0,01287852
0,006164154
-0,09027316
-0,01237852
0,03098569
-0,1165826
-0,01237852
0,03098569
-0,1165826
-0,008372475
0,04791225
-0,1071011
-0,0086726
0,02953009
-0,08858122
-0,0086726
0,02953009
-0,08858122
-0,01512196
0,02655062
-0,138491
-0,01288487
0,05078641
-0,1557805
-0,01007982
0,02914464
-0,1132496
-0,01007982
0,02914464
-0,1132496
-0,01660697
0,001955966
-0,1434592
-0,0202581
-0,01655959
-0,1573943
-0,0202581
-0,01655959
-0,1573943
0,01602145
-0,004081285
-0,1053419
0,02991577
0,00980939
-0,1016934
0,02991577
0,00980939
-0,1016934
0,02573685
0,03206848
-0,125209
0,02149838
0,02698699
-0,1089232
0,01980573
0,01603752
-0,09907245
0,01980573
0,01603752
-0,09907245
0,02281944
0,009086505
-0,1156361
0,0190771
0,01229082
-0,1042119
0,0190771
0,01229082
-0,1042119
0,008676976
0,02550706
-0,1323693
0,006434985
0,02271438
-0,1226438
0,006434985
0,02271438
-0,1226438
0,00779945
0,03638896
-0,1735355
0,01868752
0,02943432
-0,1554169
0,01868752
0,02943432
-0,1554169
0,02569784
0,01382384
-0,1529654
0,0216235
0,009268101
-0,1287792
0,01630382
-0,006055839
-0,09903815
0,01630382
-0,006055839
-0,09903815
0,01985755
-0,001148798
-0,1157884
0,009327061
-0,003006611
-0,08831772
0,009327061
-0,003006611
-0,08831772
0,01144135
0,0106628
-0,09999937
0,0247681
0,04022285
-0,09556988
0,0247681
0,04022285
-0,09556988
0,03972225
0,06016098
-0,1299227
0,03155681
0,04169212
-0,1399125
0,02616268
0,03976631
-0,1301749
0,02616268
0,03976631
-0,1301749
0,03230751
0,06057495
-0,1650154
0,02791706
0,05115639
-0,1333982
0,02791706
0,05115639
-0,1333982
0,2086071
0,1211993
-0,2509511
0,07982268
0,05804387
-0,320267
0,07982268
0,05804387
-0,320267
0,0500237
0,04160194
-0,3286672
0,1716067
-0,02466735
-0,3464016
0,1359925
-0,0166714
-0,4129417
0,1359925
-0,0166714
-0,4129417
-0,0884946
0,05547702
-0,4882037
-0,08366142
0,0484413
-0,4757302
-0,08366142
0,0484413
-0,4757302
-0,1440803
0,1308086
-0,9250156
-0,1354546
0,06739837
-0,8543586
-0,1354546
0,06739837
-0,8543586
-0,2732202
-0,05264633
-1,790222
-0,1939344
-0,02880207
-1,377929
-0,1939344
-0,02880207
-1,377929
-0,2286308
-0,07981145
-1,697797
-0,1711129
-0,1448811
-1,19649
-0,1569343
-0,1263853
-1,225851
-0,1569343
-0,1263853
-1,225851
closestDistance
0,1911263
0,2198299
0,2194095
0,2247481
0,2106277
0,2131167
0,2153361
0,2231468
0,2270532
0,2270532
0,2190952
0,2041648
0,1911278
0,194309
0,1968841
0,1913998
0,1913998
0,1984768
0,1912918
0,1912918
0,189582
0,1994285
0,1994285
0,2053347
0,206173
0,2013641
0,2013641
0,1994433
0,1959354
0,1917724
0,1908008
0,1907796
0,1907796
0,1892898
0,1948393
0,1864565
0,1902137
0,1767065
0,1721165
0,1721165
0,1830285
0,1902784
0,1857682
0,1740005
0,1768617
0,1810125
0,1878871
0,1782765
0,1765451
0,172907
0,1743681
0,176822
0,180471
0,1800864
0,1761009
0,1761009
0,1702527
0,171277
0,1699881
0,1699881
0,1750711
0,1718472
0,1718472
0,1684148
0,1688115
0,1688115
0,1734454
0,1744669
0,1744669
0,1736689
0,1714122
0,1704406
0,1704406
0,175085
0,1789128
0,1763269
0,176245
0,1687882
0,1721957
0,1707872
0,1791442
0,1739436
0,1739436
0,1720852
0,1725973
0,1745507
0,1789597
0,1797777
0,1797777
0,1782229
0,1627853
0,1676986
0,1676986
0,1740457
0,1765515
0,1765515
0,175326
0,1744493
0,1701448
0,1702896
0,1654702
0,1654702
0,1604378
0,1526453
0,1419832
0,1419832
0,1411996
0,138666
0,138666
0,1358002
0,1360716
0,1360716
0,1416032
0,1434871
0,1298159
0,1298159
0,1268695
0,1260331
0,1215673
0,1218524
0,1227568
0,1273385
0,1243775
0,1289575
0,1289575
0,1266937
0,1231693
0,1128456
0,1205592
0,1195446
0,1180873
0,1226091
0,1183871
0,1177014
0,1154079
0,1147026
0,1150781
0,1075004
0,1150023
0,1124121
0,1160482
0,1160482
0,1189164
0,1164743
0,1202047
0,1164684
0,1260756
0,1191382
0,1199507
0,1230211
0,1183168
0,1183168
0,1183695
0,1183391
0,1183391
0,1168498
0,1182066
0,1182066
0,1204567
0,1138449
0,1214462
0,1159513
0,1190506
0,1213002
0,1213002
0,1206261
0,1158797
0,1158797
0,1189224
0,1122177
0,1161466
0,121224
0,1241345
0,1243265
0,1182459
0,1220862
0,1209271
0,1146606
0,1200415
0,1193773
0,1193773
0,1265653
0,1277629
0,1368993
0,1380849
0,1517373
0,1569373
0,162307
0,1785851
0,1958679
0,1998367
0,2277264
0,2326949
0,2397923
0,2390435
0,2418494
0,2453292
0,2453292
0,2719844
0,2192598
0,2228751
0,2164755
0,222156
0,2220908
0,2288348
0,2054958
0,1962969
0,1925854
0,197259
0,2068946
0,2049767
0,1911684
0,1792815
0,1779696
0,1761651
0,1961553
0,1773804
0,1773804
0,1777963
0,1706023
0,1638548
0,1716701
0,1753965
0,1726533
0,1765689
0,1733487
0,1760011
0,1822895
0,1768933
0,1763868
0,1763868
0,1768351
0,1788762
0,1731262
0,1695456
0,1695456
0,1674723
0,1655432
0,1697539
0,1671714
0,1633757
0,1633757
0,152451
0,1612333
0,16173
0,16499
0,1695712
0,1647432
0,1643373
0,1560391
0,155274
0,1632723
0,1703949
0,1736674
0,1736674
0,1836943
0,1834035
0,190122
0,195728
0,1915196
0,1928041
0,1928041
0,1959591
0,1928973
0,1928973
0,1799832
0,1801471
0,1759633
0,1801415
0,1881515
0,1893015
0,1893015
0,1628823
0,1518425
0,1640002
0,172216
0,1797564
0,1797564
0,1529359
0,1331704
0,1406958
0,1452334
0,1418427
0,1313024
0,1350775
0,1321197
0,1342229
0,1342229
0,1395113
0,1426729
0,1426729
0,1503129
0,1585968
0,1701204
0,1684311
0,1735764
0,1583508
0,1612797
0,1687131
0,1806179
0,1766488
0,1854152
0,1876763
0,1876763
0,1991087
0,2184795
0,2240077
0,2201995
0,2192563
0,2292928
0,2282207
0,2382508
0,2476865
0,2476865
0,2462869
0,2132241
0,2246888
0,2246888
0,2222433
0,2266788
0,2266788
0,2493157
0,2326001
0,2314837
0,2235527
0,2222961
0,2222961
0,2106445
0,2043684
0,2047159
0,2032279
0,2231723
0,2097326
0,2097326
0,2057604
0,2044524
0,2044524
0,1933905
0,1886172
0,1870486
0,1814535
0,1735868
0,1613806
0,1639622
0,1569376
0,1572572
0,1572572
0,1540573
0,1445965
0,1397727
0,1397727
0,1347667
0,132371
0,132371
0,1325202
0,135108
0,1251578
0,1222552
0,1327404
0,1254006
0,1222056
0,1262696
0,1255297
0,1119522
0,1113157
0,1102254
0,1102254
0,108911
0,1080685
0,1104847
0,1107822
0,111
0,111
0,1111869
0,1140844
0,1135357
0,1135357
0,1129848
0,1126567
0,1126567
0,1126117
0,1147577
0,1048544
0,1049229
0,1057327
0,1077514
0,1072664
0,1073997
0,1076302
0,1076302
0,1080177
0,1086246
0,1086246
0,1118178
0,1087167
0,1257856
0,1296465
0,1439546
0,1533718
0,1428715
0,1708119
0,1908378
0,1843329
0,2445098
0,271809
0,2717365
0,2982697
0,3076735
0,3084245
0,3084245
0,3084965
0,3033689
0,3034416
0,3093016
0,3059244
0,3033445
0,2821759
0,2788675
0,2695211
0,2698292
0,2369766
0,2284062
0,2238293
0,2014243
0,1882589
0,1882019
0,1725917
0,1618186
0,1687878
0,1645088
0,1534105
0,1501443
0,1501443
0,1474466
0,151515
0,151515
0,1638782
0,1763594
0,1763594
0,1871587
0,2019709
0,1955245
0,195011
0,1907106
0,1792526
0,1764486
0,1765853
0,1773889
0,1770284
0,180713
0,187182
0,1839143
0,1860502
0,1884136
0,1906639
0,1906639
0,1965853
0,2012536
0,1977773
0,1975321
0,1975094
0,2021442
0,2003492
0,1918021
0,1993442
0,2014442
0,2089251
0,2156463
0,216941
0,2139385
0,2241782
0,2307062
0,2359923
0,2230287
0,2230287
0,2344707
0,2174445
0,2098747
0,2098747
0,1932902
0,1840081
0,1840081
0,1759763
0,1743516
0,1743516
0,167871
0,1744179
0,1753166
0,1661721
0,1672093
0,1616735
0,1616735
0,1618897
0,1661136
0,1693172
0,1682431
0,1561753
0,1561753
0,1522001
0,154335
0,1569623
0,1569623
0,1532955
0,1632206
0,1615113
0,1657556
0,1682338
0,1758325
0,1715212
0,1747193
0,1845543
0,1799367
0,2049058
0,1936948
0,1936948
0,1796013
0,1681981
0,1707207
0,1791712
0,1883114
0,186467
0,186467
0,1720174
0,1697143
0,1708299
0,1770289
0,1920063
0,1920063
0,1947025
0,2164344
0,2052896
0,2245739
0,2122749
0,2253598
0,2174426
0,2562065
0,2242259
0,22707
0,1863478
0,1681748
0,1681748
0,1656011
0,1770269
0,1832986
0,1608308
0,1533921
0,1577695
0,1591075
0,1713939
0,184358
0,1823014
0,1887626
0,193753
0,2048051
0,2048051
0,2617268
0,2834187
0,262686
0,2650937
0,2646351
0,2753847
0,2753787
0,2672604
0,2591598
0,2680366
0,2676188
0,2730599
0,2727582
0,2511889
0,2490587
0,2490587
0,2513637
0,2349386
0,2260844
0,2144372
0,2134956
0,2134956
0,207987
0,1905812
0,1989541
0,1857578
0,1899001
0,1899001
0,1973149
0,1951458
0,1913127
0,1929963
0,2032908
0,1962194
0,1871843
0,1807998
0,1807998
0,1730766
0,1732237
0,1845572
0,1855718
0,1761018
0,1680946
0,1784315
0,1763
0,1698195
0,176427
0,1701276
0,1675051
0,1697893
0,1715466
0,1738643
0,1787106
0,1845553
0,1760079
0,1801737
0,1683872
0,181201
0,1841313
0,180254
0,1746877
0,1650825
0,1731291
0,1701289
0,178189
0,1844727
0,1814074
0,1938368
0,1966281
0,1744512
0,1648223
0,1827976
0,1794176
0,1719917
0,1782585
0,1777487
0,1706454
0,1733623
0,1587216
0,1542458
0,1516803
0,1537371
0,1484525
0,1550187
0,148055
0,1426699
0,1367313
0,1350414
0,1417441
0,1398212
0,141075
0,1407793
0,1450357
0,1436139
0,1386257
0,1409241
0,1496475
0,1432532
0,1487663
0,1490358
0,1496077
0,1437963
0,1383552
0,1420866
0,1495077
0,1495077
0,1532951
0,1581164
0,1734387
0,1719145
0,1956025
0,203403
0,208651
0,2157665
0,2273288
0,2162929
0,1953483
0,1931124
0,1976617
0,1910509
0,1873239
0,1720285
0,1740177
0,1683898
0,164441
0,164441
0,1715409
0,1757801
0,1757801
0,1725722
0,1724046
0,1686738
0,1641592
0,165399
0,166365
0,166365
0,1618174
0,1625149
0,1625149
0,1648625
0,1615732
0,151922
0,151922
0,148997
0,1528424
0,1528424
0,1533632
0,1529107
0,1529107
0,1514064
0,1494002
0,1494002
0,1506151
0,1452921
0,1462331
0,1408651
0,1432545
0,1476212
0,1462497
0,1457854
0,1427541
0,1427541
0,1412459
0,1404869
0,1398734
0,1398734
0,1403129
0,1406334
0,1406334
0,140012
0,1395025
0,1395025
0,1407273
0,1421736
0,1440208
0,1426819
0,1410331
0,1386589
0,1344571
0,1327943
0,1318382
0,1318382
0,1311469
0,1302545
0,1302545
0,1280062
0,1264217
0,1255489
0,1255489
0,124248
0,122336
0,122336
0,1197723
0,1179183
0,1179183
0,1169624
0,1162008
0,1162008
0,1150579
0,1159609
0,1154407
0,1154407
0,11644
0,1173881
0,1173881
0,1180011
0,1284571
0,1236852
0,1236293
0,1238344
0,1240982
0,1240982
0,1241899
0,1240984
0,1240984
0,1235352
0,1226067
0,1297691
0,1288426
0,1278969
0,1272065
0,1224439
0,121455
0,1201343
0,1201343
0,1184556
0,1171199
0,1171199
0,1156478
0,1179615
0,1179615
0,11644
0,1148408
0,1093936
0,1093936
0,1080138
0,1066773
0,1066773
0,1055623
0,1162276
0,1162276
0,114146
0,1159952
0,1140448
0,1188574
0,1174187
0,1165491
0,1165491
0,1154751
0,1306136
0,127528
0,1312945
0,1239806
0,1284134
0,1244067
0,1279661
0,1323113
0,1329661
0,1430575
0,1387321
0,1451104
0,1615226
0,1738231
0,1765911
0,1959866
0,2091266
0,2287464
0,2347773
0,2481416
0,2605722
0,2433781
0,2252466
0,220062
0,2190558
0,212163
0,2051634
0,1986732
0,1986732
0,1886554
0,1813684
0,1813684
0,1811629
0,1814373
0,1814373
0,1784676
0,1737253
0,1737253
0,1743456
0,1747365
0,1744404
0,1744404
0,1732357
0,1732347
0,1732347
0,175124
0,1777061
0,1777061
0,1778433
0,1722421
0,1850259
0,1780121
0,1795307
0,1663965
0,1509437
0,1502568
0,1654319
0,1654319
0,1622145
0,1567814
0,1567814
0,156211
0,1561091
0,1433484
0,1433484
0,1404064
0,134999
0,1410009
0,1391944
0,1379347
0,1379347
0,1323201
0,13355
0,1188883
0,1127628
0,1130331
0,1129747
0,1129747
0,112078
0,1112959
0,1112959
0,1109046
0,1104653
0,1104653
0,1095626
0,1127462
0,1120685
0,1120685
0,110764
0,1091268
0,1091268
0,1085073
0,1083193
0,1083193
0,1083573
0,1084623
0,1085339
0,1085339
0,1085166
0,108647
0,108647
0,1088068
0,1090649
0,1114931
0,1107817
0,1103455
0,1103455
0,110277
0,1102973
0,1107167
0,1107167
0,1111385
0,1114761
0,1114761
0,1117645
0,1120055
0,1120055
0,1123993
0,1129344
0,1134734
0,1045313
0,105145
0,1054424
0,1054424
0,1110253
0,1100289
0,1100289
0,1119217
0,1077234
0,1095893
0,1073105
0,107541
0,1101085
0,1206357
0,1267546
0,1366727
0,1332378
0,1528177
0,1593734
0,1524952
0,1793012
0,195969
0,2174748
0,2150518
timeStamps
6,013075
6,027101
6,041262
6,055152
6,068712
6,082835
6,096941
6,110507
6,12486
6,138525
6,152253
6,166386
6,180096
6,194414
6,207969
6,22218
6,235796
6,250205
6,26366
6,27772
6,291574
6,305721
6,319528
6,333481
6,347218
6,361668
6,375187
6,389027
6,403393
6,416858
6,430869
6,444839
6,458544
6,473056
6,486624
6,500445
6,514482
6,528648
6,542078
6,556125
6,570038
6,584249
6,598026
6,611946
6,625841
6,639744
6,65375
6,667635
6,681584
6,695391
6,70957
6,723074
6,737183
6,751071
6,765009
6,779213
6,792741
6,806642
6,820572
6,834573
6,848764
6,862474
6,876731
6,890741
6,904402
6,918285
6,932047
6,946267
6,959958
6,973783
6,987828
7,001649
7,015589
7,029577
7,043742
7,057247
7,071297
7,085351
7,099082
7,113112
7,126878
7,14102
7,154953
7,168789
7,182762
7,196942
7,210909
7,224809
7,23888
7,252533
7,266407
7,280621
7,29385
7,30797
7,322165
7,33584
7,349946
7,364305
7,377867
7,391652
7,405729
7,419664
7,433024
7,446916
7,46078
7,475059
7,488985
7,502944
7,516813
7,530849
7,544637
7,558568
7,572623
7,58627
7,600184
7,614437
7,628387
7,642056
7,656284
7,669978
7,683852
7,697857
7,71227
7,725805
7,739702
7,75333
7,767482
7,781308
7,795294
7,809246
7,823288
7,836877
7,850955
7,865051
7,8791
7,892656
7,906785
7,920792
7,934525
7,948463
7,962657
7,97635
7,990153
8,00413
8,018188
8,031849
8,045958
8,059658
8,07396
8,087707
8,101653
8,115529
8,129321
8,14343
8,157321
8,171033
8,185016
8,198976
8,213143
8,22693
8,240754
8,254745
8,26903
8,282443
8,296597
8,310602
8,324436
8,338459
8,35234
8,366146
8,380123
8,393815
8,40774
8,422142
8,435882
8,449618
8,463568
8,477365
8,491309
8,505341
8,519371
8,53313
8,547268
8,560884
8,575143
8,588916
8,602625
8,616671
8,630709
8,644385
8,65839
8,672326
8,686099
8,700042
8,714094
8,728194
8,742054
8,755712
8,769859
8,784118
8,797553
8,811523
8,825588
8,8393
8,853522
8,867077
8,881165
8,89523
8,909051
8,922852
8,936687
8,950969
8,964581
8,978608
8,992558
9,006557
9,020477
9,034481
9,048823
9,062272
9,07606
9,089799
9,103737
9,117787
9,131628
9,145966
9,15992
9,173471
9,18802
9,202527
9,216582
9,230762
9,256825
9,270803
9,2849
9,2986
9,312609
9,327638
9,342262
9,368235
9,38334
9,396987
9,410274
9,423798
9,43732
9,451309
9,465022
9,479161
9,493177
9,507356
9,521312
9,535281
9,549072
9,563385
9,577147
9,591079
9,604931
9,618773
9,632809
9,647018
9,660631
9,674743
9,688352
9,702311
9,716715
9,730213
9,744093
9,758485
9,77212
9,786029
9,800204
9,814082
9,827752
9,841829
9,855638
9,869669
9,883741
9,897477
9,911333
9,925516
9,939092
9,953258
9,967017
9,981252
9,994744
10,00892
10,02288
10,03644
10,0505
10,06433
10,07827
10,09227
10,10641
10,1203
10,13431
10,14796
10,16186
10,17602
10,19004
10,20372
10,21775
10,23191
10,24581
10,25963
10,27357
10,28718
10,30122
10,31512
10,32899
10,34331
10,35673
10,37084
10,38475
10,39873
10,41268
10,42657
10,44023
10,4543
10,46828
10,48206
10,49625
10,51014
10,52404
10,5379
10,55207
10,56568
10,57958
10,59343
10,60781
10,62121
10,63533
10,64946
10,6633
10,67705
10,69088
10,70508
10,71863
10,73284
10,74654
10,76099
10,77473
10,78852
10,80292
10,81629
10,83055
10,8444
10,85801
10,87225
10,88633
10,90006
10,91362
10,9276
10,94174
10,95531
10,96933
10,98308
10,9971
11,01139
11,02519
11,03877
11,05275
11,06687
11,08062
11,09479
11,10837
11,12266
11,13649
11,15023
11,16425
11,17838
11,19236
11,20617
11,21983
11,23409
11,24769
11,26188
11,27577
11,28937
11,30376
11,31745
11,33131
11,34538
11,35895
11,37296
11,38688
11,40085
11,41479
11,4291
11,44263
11,45673
11,47057
11,48483
11,49852
11,51222
11,52624
11,54012
11,55425
11,56806
11,58213
11,59589
11,60978
11,62361
11,63758
11,65201
11,66535
11,67949
11,69335
11,70725
11,72104
11,7353
11,74927
11,76276
11,7767
11,79107
11,80461
11,81868
11,83252
11,84645
11,86064
11,87423
11,88818
11,90211
11,91613
11,93009
11,94409
11,95835
11,97165
11,98557
11,9996
12,01355
12,0278
12,04144
12,05534
12,06923
12,08317
12,09755
12,1116
12,12551
12,13907
12,15287
12,16712
12,18075
12,19494
12,20858
12,22201
12,23604
12,25
12,26387
12,27791
12,29196
12,30576
12,31964
12,3337
12,3479
12,36143
12,3757
12,38929
12,40343
12,41743
12,43111
12,445
12,459
12,47294
12,4868
12,50069
12,51472
12,52865
12,54259
12,55674
12,57037
12,58433
12,59831
12,61243
12,6262
12,63998
12,65444
12,66806
12,68184
12,69581
12,7098
12,7237
12,73731
12,75131
12,76526
12,77936
12,7933
12,80736
12,82113
12,83518
12,84885
12,86291
12,87683
12,89061
12,90457
12,91832
12,93256
12,94605
12,95999
12,97391
12,98788
13,00179
13,01594
13,02978
13,04381
13,05765
13,07181
13,08574
13,09945
13,11337
13,12741
13,14133
13,15537
13,16962
13,18317
13,19708
13,21078
13,22481
13,23869
13,25258
13,26659
13,28048
13,2946
13,30826
13,32229
13,33661
13,35015
13,36413
13,37802
13,39205
13,40598
13,41983
13,43387
13,44784
13,46168
13,47561
13,48952
13,50323
13,51714
13,53113
13,54519
13,55927
13,57306
13,587
13,60112
13,61466
13,62919
13,64335
13,6571
13,67044
13,68439
13,69797
13,71229
13,72676
13,74053
13,75517
13,76887
13,78361
13,80925
13,82373
13,83787
13,85187
13,86614
13,89225
13,90628
13,92115
13,93602
13,9622
13,97694
13,99108
14,00537
14,01947
14,03313
14,04741
14,07295
14,08712
14,10111
14,11519
14,12941
14,14361
14,15712
14,1711
14,1856
14,19954
14,21307
14,22764
14,24288
14,26942
14,2837
14,29704
14,3104
14,32414
14,33815
14,35221
14,36611
14,38019
14,39413
14,40831
14,42195
14,43591
14,4499
14,46398
14,47817
14,49185
14,50578
14,51998
14,53399
14,54765
14,56162
14,5752
14,58909
14,6034
14,61693
14,63097
14,64499
14,65898
14,67275
14,68699
14,70098
14,71497
14,72857
14,74235
14,7563
14,77038
14,78405
14,79802
14,81207
14,82599
14,84005
14,85409
14,86824
14,88147
14,8955
14,90948
14,92355
14,93732
14,95115
14,96515
14,97894
14,99288
15,0069
15,0208
15,03484
15,04873
15,06274
15,07668
15,09059
15,10453
15,11849
15,1326
15,1467
15,16042
15,17435
15,1879
15,20183
15,21592
15,22958
15,24352
15,25773
15,27131
15,28538
15,29952
15,31333
15,32733
15,34102
15,35517
15,36892
15,3829
15,39673
15,411
15,42459
15,43862
15,45259
15,46676
15,48083
15,4942
15,50814
15,52202
15,53617
15,54978
15,56375
15,57768
15,59161
15,60555
15,61965
15,63344
15,64723
15,66138
15,67521
15,68938
15,7033
15,71713
15,73141
15,74508
15,75877
15,77315
15,7869
15,8005
15,8144
15,82844
15,8423
15,85628
15,87008
15,8839
15,89784
15,91194
15,92574
15,93965
15,95363
15,96773
15,98157
15,99541
16,0096
16,02347
16,03719
16,05125
16,06528
16,079
16,0929
16,10675
16,12068
16,1347
16,14853
16,16246
16,17637
16,19035
16,20426
16,2185
16,23205
16,24605
16,25982
16,27388
16,28768
16,30166
16,31557
16,3295
16,3435
16,35754
16,37143
16,38532
16,39912
16,41307
16,42697
16,44086
16,45485
16,46918
16,48261
16,49663
16,51071
16,52439
16,5383
16,55268
16,56626
16,57999
16,59405
16,60793
16,62179
16,63583
16,64976
16,66407
16,6776
16,69156
16,70551
16,71985
16,73332
16,74714
16,76105
16,7751
16,78896
16,80289
16,81679
16,83076
16,84471
16,85868
16,87254
16,8863
16,90038
16,91425
16,92823
16,94213
16,95636
16,97008
16,98384
16,99783
17,01169
17,0257
17,03952
17,05355
17,0674
17,0814
17,09528
17,10915
17,12338
17,13703
17,151
17,1649
17,17874
17,19271
17,20646
17,22065
17,23446
17,24828
17,26222
17,27632
17,29023
17,30407
17,31796
17,33204
17,34612
17,36034
17,37413
17,38788
17,40188
17,41551
17,42948
17,44354
17,45778
17,47174
17,48526
17,49926
17,51307
17,52704
17,54076
17,55434
17,56834
17,58225
17,5964
17,61018
17,62411
17,63815
17,65204
17,66604
17,68016
17,69404
17,70779
17,72174
17,73624
17,74995
17,76366
17,77771
17,79131
17,80519
17,81902
17,83302
17,84712
17,86113
17,87485
17,88866
17,90302
17,91664
17,93035
17,94433
17,95843
17,9722
17,98615
18,0001
18,01401
18,02802
18,04191
18,05593
18,06975
18,08369
18,09752
18,1115
18,12556
18,13928
18,15321
18,1673
18,18139
18,19499
18,20909
18,22277
18,23668
18,25071
18,26463
18,27864
18,29263
18,30639
18,32031
18,33441
18,34812
18,36213
18,37602
18,39018
18,40399
18,41775
18,43194
18,44562
18,45952
18,47345
18,48727
18,50174
18,51522
18,52936
18,54296
18,55688
18,571
18,5851
18,59867
18,61287
18,6265
18,6405
18,65439
18,66839
18,68242
18,69627
18,71044
18,72417
18,73816
18,75191
18,76579
18,77977
18,79377
18,80761
18,82195
18,83554
18,84958
18,86316
18,87705
18,89105
18,905
18,91897
18,93298
18,94688
18,96087
18,97476
18,98867
19,00275
19,01632
19,0303
19,04419
19,05823
19,07215
19,08616
19,10011
19,11399
19,12817
19,14194
19,15577
19,16954
19,18342
19,19739
19,21135
19,22554
19,23907
19,25329
19,26714
19,28108
19,29521
