participantNumber
13
repetitionNum
2
sdfEnabled
1
taskTime
16,41582
numHits
6
positionDifference
0,1044066
angleDifference
43,38947
finalPosX
-0,02223253
finalPosY
-0,004429622
finalPosZ
-0,7270994
finalRotX
356,7497
finalRotY
42,53202
finalRotZ
6,999498
taskType
torus
velocityMagnitude
0,5353871
0,112934
0,112934
0,6445564
0,434538
0,4372068
0,4372068
0,5473275
0,4540266
0,4540266
1,735455
0,6529205
0,6529205
0,5708441
0,7881163
0,834346
0,834346
1,743274
0,4966872
0,4966872
0,8183964
0,4880513
0,4880513
1,110156
0,4638132
0,4638132
0,4018044
0,1262791
0,1071801
0,1071801
0,3267329
0,1501024
0,1501024
0,3889703
0,2489789
0,2489789
0,7126939
0,3399491
0,1500866
0,1500866
0,3046952
0,1482591
0,1482591
0,1145041
0,1286025
0,1286025
0,2582259
0,07552774
0,07552774
0,2230607
0,3562659
0,4293403
0,4293403
0,2916128
0,1331625
0,1331625
0,1306735
0,1800466
0,1800466
0,9863564
0,4785233
0,246941
0,246941
0,4444529
0,3068196
0,3068196
0,5557987
0,5362113
0,5362113
0,5396213
0,413536
0,2630083
0,2630083
0,3462445
0,4238797
0,4238797
0,4773362
0,4456062
0,4456062
0,191135
0,1505719
0,1505719
0,1603615
0,2193397
0,1875027
0,1875027
0,3573571
0,220383
0,220383
0,184741
0,1960196
0,1960196
0,2369127
0,2106507
0,190988
0,190988
0,1886441
0,1240811
0,1240811
0,04089946
0,01603934
0,01603934
0,006912373
0,01120423
0,01536144
0,01536144
0,0268045
0,02787524
0,02787524
0,04009396
0,0370021
0,0370021
0,04139916
0,04218569
0,04218569
0,06511626
0,04974993
0,04993715
0,04993715
0,05231741
0,04912698
0,04912698
0,06687123
0,06953292
0,06953292
0,09183872
0,07285526
0,05480103
0,05480103
0,06677511
0,06088922
0,06088922
0,07827024
0,06553365
0,06553365
0,08507033
0,0632401
0,0632401
0,06767451
0,2559039
1,402827
1,402827
3,494685
3,597589
3,597589
20,59711
9,386244
9,386244
6,494216
0,8776841
0,3916313
0,3916313
0,06934992
0,0553426
0,0553426
0,05849628
0,0645676
0,0645676
0,09626922
0,08700935
0,08700935
0,09015575
0,09587523
0,08989409
0,08989409
0,130612
0,1051558
0,1051558
0,1233679
0,1252172
0,1252172
0,1109229
0,1056821
0,1067948
0,1067948
0,1276912
0,1346028
0,1346028
0,3241018
0,2761642
0,2761642
0,3844377
0,34063
0,4072624
0,4072624
0,6947936
0,6298537
0,6298537
0,8111749
0,4742411
0,4742411
0,6590577
0,6371405
0,6371405
0,8460253
0,3158493
0,09885039
0,09885039
0,120405
0,09682175
0,09682175
0,3454136
0,1807658
0,1807658
0,04614667
0,04646423
0,0692494
0,0692494
0,0328147
0,01679767
0,01679767
0,0495955
0,133135
0,133135
0,3365386
0,1746759
0,1746759
0,1368698
0,08625188
0,04079839
0,04079839
0,1855684
0,1921856
0,1921856
0,1553189
0,01903205
0,01903205
0,06918204
0,09672765
0,02926567
0,02926567
0,1613483
0,5121337
0,5121337
0,7750602
0,492356
0,492356
0,07425465
0,04951292
0,04951292
0,1104883
0,1934312
0,4822118
0,4822118
0,8737056
0,4122846
0,4122846
0,4049937
0,5069787
0,5069787
0,9720783
0,9398294
1,005388
1,005388
1,672621
1,15513
1,15513
2,322063
1,440199
1,440199
2,030322
1,166045
1,166045
2,069821
1,039455
1,255016
1,255016
2,972967
1,287816
1,287816
1,753772
0,9174107
0,9174107
2,356865
1,062552
1,276183
1,276183
2,752261
1,108719
1,108719
1,703105
0,6873884
0,6873884
2,005207
0,8976694
0,8976694
1,323628
0,4570878
0,5531201
0,5531201
0,9690053
0,5493882
0,5493882
1,741391
0,8349116
0,8349116
1,429948
0,8700346
0,8384368
0,8384368
1,419943
1,193948
1,193948
2,360562
0,7932171
0,7932171
1,13618
0,6023918
0,5355363
0,5355363
1,256406
1,036002
1,036002
1,455574
0,6819163
0,6819163
0,9555365
0,6090501
0,6090501
0,7858448
0,3586905
0,4482633
0,4482633
1,207251
0,5502736
0,5502736
0,4472429
0,2610029
0,2610029
0,4336019
0,4987442
0,5670706
0,5670706
0,7235942
0,491904
0,491904
0,5400853
0,4828323
0,4828323
0,5747244
0,2814206
0,2856677
0,2856677
0,4217284
0,4492196
0,4492196
0,5111585
0,2599707
0,2599707
0,3373409
0,1082396
0,1082396
0,3423578
0,2837796
0,2850656
0,2850656
0,6559905
0,4229837
0,4229837
0,5600958
0,1764346
0,1764346
0,456636
0,3512293
0,3958415
0,3958415
0,8076378
0,1802935
0,1802935
0,5138446
0,3712035
0,3712035
0,4353923
0,2094781
0,2094781
0,3329998
0,174189
0,5092003
0,5092003
0,6245351
0,2043333
0,2043333
0,7300711
0,4980417
0,4980417
0,7334201
0,3749054
0,4315681
0,4315681
1,197677
0,9680845
0,9680845
1,482544
0,7019857
0,7019857
0,850106
0,6169234
0,6169234
1,152333
0,6849329
0,5860215
0,5860215
0,644928
0,3977617
0,3977617
0,3810548
0,3711145
0,3711145
0,7026927
0,2823918
0,1803505
0,1803505
0,6048918
0,3978313
0,3978313
0,6972344
0,4981245
0,4981245
0,6037908
0,5543348
0,5543348
0,9720747
0,6884214
0,6634133
0,6634133
0,9541299
0,7401975
0,7401975
0,9245118
0,7428002
0,7428002
0,8444479
0,7126605
0,6823807
0,6823807
0,9747095
0,6587592
0,6587592
0,5378287
0,3747831
0,3747831
0,5512489
0,504504
0,504504
0,7414675
0,4335957
0,3380076
0,3380076
0,448347
0,4169348
0,4169348
0,7781901
0,5996554
0,5996554
1,0013
0,662536
0,5240514
0,5240514
0,9092614
0,5782022
0,5782022
0,7525543
0,5737056
0,5737056
0,5117764
0,2639064
0,2639064
0,4486613
0,3376776
0,3351432
0,3351432
0,56171
0,3881269
0,3881269
0,5819896
0,3561864
0,3561864
0,3165999
0,3435717
0,3564046
0,3564046
0,5119584
0,1989734
0,1989734
0,101504
0,1053174
0,1053174
0,1178982
0,0402238
0,1386297
0,1386297
0,3980424
0,2927717
0,2927717
0,1641371
0,1712973
0,1712973
0,6245524
0,4689687
0,4689687
0,8899781
0,5692663
0,3815697
0,3815697
0,7721114
0,7226658
0,7226658
0,9900384
0,7362301
0,7362301
0,9868277
0,6381797
0,7582703
0,7582703
0,9602862
0,6457859
0,6457859
0,4207585
0,08981268
0,08981268
0,2596871
0,1793643
0,1793643
0,6033105
0,3245521
0,2745681
0,2745681
0,690842
0,4352758
0,4352758
1,109726
0,684025
0,684025
0,4835077
0,2044458
0,13643
0,13643
0,4424198
0,6071368
0,6071368
0,9756193
0,788332
0,788332
0,4450516
0,4005601
0,3245397
0,3245397
0,3787602
0,3727882
0,3727882
0,3617833
0,3498255
0,3498255
0,3157857
0,2838821
0,2838821
0,301281
0,3041478
0,4670773
0,4670773
0,7420267
0,5804561
0,5804561
0,2787676
0,2953445
0,2953445
0,4080918
0,4777078
0,2470754
0,2470754
0,3286888
0,2514677
0,2514677
0,239263
0,3024928
0,3024928
0,3805433
0,3870063
0,3870063
0,7933525
0,8036037
1,899173
1,899173
3,298892
2,270382
2,270382
3,725707
1,027649
1,027649
1,041867
0,511997
0,7067435
0,7067435
1,678483
0,5533808
0,5533808
1,437313
0,7837591
0,7837591
1,11964
0,6033527
0,7074779
0,7074779
0,9686852
0,4217634
0,4217634
0,7406545
0,430722
0,430722
1,124929
0,6554048
0,6554048
0,9050126
0,2743637
0,2671265
0,2671265
0,5116779
0,3967453
0,3967453
0,8846073
0,3299191
0,3299191
0,5901783
0,1637347
0,02299832
0,02299832
0,2806142
0,1624689
0,1624689
0,7978907
0,4832515
0,4832515
0,4229721
0,06835186
0,06835186
0,4884232
0,4192798
0,4169748
0,4169748
0,7324188
0,7398788
0,7398788
0,8026325
0,7090365
0,7090365
0,7021715
0,690184
0,7035921
0,7035921
0,8279054
0,8393415
0,8393415
1,311478
1,000139
1,000139
0,9908416
0,8074825
0,8074825
1,115672
0,8522396
0,6773763
0,6773763
0,9515827
0,6923735
0,6923735
0,9940859
0,7024375
0,7024375
1,054227
0,6374175
0,5010516
0,5010516
0,4602836
0,2810198
0,2810198
0,08918029
0,151153
0,151153
0,7860719
0,6378409
0,4037793
0,4037793
0,4025601
0,16706
0,16706
0,4616547
0,4876315
0,4876315
0,7718574
0,829935
0,829935
0,8618454
0,7226934
0,6057359
0,6057359
0,8747967
0,8167369
0,8167369
1,317177
0,9352853
0,9352853
0,9326552
0,6017454
0,6017454
0,8135194
0,7355545
0,7806727
0,7806727
1,272126
0,7389822
0,7389822
0,7886537
0,4965926
0,4965926
1,018996
0,6043734
0,4973292
0,4973292
0,6715437
0,4166294
0,4166294
0,7002108
0,5354432
0,5354432
0,8799033
0,6221125
0,6036718
0,6036718
0,7571557
0,4975651
0,4975651
0,6669905
0,4852669
0,4852669
0,5242348
0,3902784
0,3902784
0,3364522
0,2882601
0,3599013
0,3599013
0,5556001
0,6044891
0,6044891
0,7294939
0,6647778
0,6647778
0,7171267
0,6630873
0,5397835
0,5397835
0,9752253
0,8457376
0,8457376
1,228748
0,8896091
0,8896091
1,268597
0,8450522
0,8450522
1,042325
0,6171254
0,4868983
0,4868983
0,9391229
0,5724285
0,5724285
0,9192792
0,6643977
0,6643977
0,9231957
0,5835963
0,6053268
0,6053268
0,9405954
0,6284956
0,6284956
0,7920378
0,4697222
0,4697222
1,034431
0,7852326
0,7852326
0,6744511
0,4557272
0,4161153
0,4161153
0,5223325
0,3444977
0,3444977
0,9436924
0,7174637
0,7174637
0,8397583
0,4237238
0,4382631
0,4382631
1,215239
0,8166168
0,8166168
1,164513
0,5728303
0,5728303
0,6514367
0,3893902
0,3893902
0,7559493
0,4925339
0,4956072
0,4956072
0,8608426
0,5168961
0,5168961
0,483901
0,3510717
0,3510717
0,7621263
0,6293807
0,6146452
0,6146452
0,6003117
0,3045913
0,3045913
0,4492874
0,4727112
0,4727112
0,6313124
0,667362
0,6444423
0,6444423
0,5474325
0,2674217
0,2674217
0,1695106
0,2000151
0,2000151
0,4707484
0,4627248
0,4627248
0,9895384
0,6738991
0,6221704
0,6221704
0,7821105
0,7231975
0,7231975
1,39921
0,6852128
0,6852128
0,8645582
0,5014898
0,5119075
0,5119075
0,432148
0,4119223
0,4119223
1,005676
0,5483261
0,5483261
0,5357335
0,02950099
0,02950099
0,08094811
0,5553744
0,5093424
0,5093424
0,4739804
0,1510377
0,1510377
0,4199764
0,04916437
0,04916437
0,6344771
0,6909113
0,6984718
0,6984718
1,390268
0,7233149
0,7233149
0,5891374
0,5698662
0,5698662
1,321282
0,948149
0,6653638
0,6653638
0,4807997
0,2761329
0,2761329
0,4299439
0,414161
0,414161
0,7050163
0,6191905
0,6191905
0,5218669
0,4321134
0,3195475
0,3195475
0,4170361
0,5191826
0,5191826
0,453723
0,440137
0,440137
0,3312548
0,3438266
0,5601747
0,5601747
0,6212396
0,5919185
0,5919185
0,6383337
0,5869602
0,5869602
1,193252
0,9135341
0,9135341
1,237257
0,7792277
0,6080791
0,4830908
0,4919266
0,4919266
0,6929343
0,5864253
0,5864253
1,174203
1,08535
0,9780294
0,9780294
0,4876189
0,4876189
0,8906172
0,5500587
0,5500587
0,7209617
0,506586
0,506586
0,7116259
0,5677425
0,6462975
0,6462975
0,9205838
0,5244732
0,5244732
0,6610041
0,4200179
0,4200179
1,021838
0,7033353
0,6776555
0,6776555
0,8007936
0,3492427
0,3492427
0,4492769
0,3096223
0,3096223
1,061546
0,5824912
0,5033401
0,5033401
0,5000817
0,2942455
0,2942455
0,9189508
0,4842562
0,4842562
0,7402824
0,3430585
0,3430585
0,6388659
0,4651124
0,4971843
0,4971843
0,9366539
0,4586798
0,4586798
0,8422406
0,3677757
0,3677757
0,6471508
0,2769867
0,3509861
0,3509861
1,136127
0,5634499
0,5634499
0,6261062
0,3416966
0,3416966
0,4956822
0,4144392
0,4144392
0,7793938
0,521081
0,3748001
0,3748001
0,4659032
0,3370213
0,3370213
0,5166067
0,4645446
0,4645446
0,7390778
0,6115419
0,6115419
0,8387972
0,5950972
0,4790987
0,4790987
0,6811374
0,5176954
0,5176954
0,6955609
0,6057599
0,6057599
0,8858518
0,6999472
0,5651321
0,5651321
0,6896475
0,5663289
0,5663289
0,716149
0,4633154
0,4633154
0,617522
0,49148
0,4305256
0,4305256
0,5803059
0,4626614
0,4626614
0,6624395
0,5745405
0,5745405
0,6515303
0,6147892
0,6147892
0,7172993
0,6159348
0,6269279
0,6269279
0,799557
0,6727926
0,6727926
0,7595382
0,6087109
0,6087109
0,7813886
0,6207415
0,5712227
0,5712227
0,7461688
0,5269492
0,5269492
0,6263664
0,5245752
0,5245752
0,8441303
0,5163005
0,5163005
0,6031579
0,3332945
0,3977987
0,3977987
0,6974922
0,4431533
0,4431533
0,6339287
0,2733601
0,2733601
0,5745029
0,4756729
0,442676
0,442676
0,4311553
0,2212306
0,2212306
0,5325491
0,3894994
0,3894994
0,7164282
0,6102349
0,6102349
0,6331272
0,4605778
0,2661443
0,2661443
0,2167535
0,2308211
0,2308211
0,3639075
0,4057804
0,4057804
0,371282
0,3531057
0,2565933
0,2565933
0,123603
0,1303849
0,1303849
0,09144066
0,04963156
0,04963156
0,03775398
0,02904764
0,02318032
0,02318032
0,02951251
0,02886774
0,02886774
0,03894623
0,037067
0,037067
0,005052066
0,005606304
0,005606304
0,01203366
0,01519329
0,01893982
0,01893982
0,02854806
0,02887322
0,02887322
0,0366507
0,03731896
0,03731896
0,04378659
0,0407563
0,03989005
0,03989005
0,05120519
0,04905773
0,04905773
0,05892521
0,05616685
0,05616685
0,06848522
0,06605794
0,06605794
0,06705171
0,07182619
0,06256953
0,06256953
0,09021117
0,1067936
0,1067936
0,1387199
0,1355354
0,1355354
0,3832172
0,2797754
0,3749967
0,3749967
0,1898026
0,1947582
0,1947582
0,7025784
3,111465
3,111465
1,569499
1,874699
2,146279
2,146279
9,552445
6,410513
6,410513
4,045334
2,943961
2,943961
2,614693
1,84894
1,84894
2,481187
velocityComponents
0,1578271
0,1115978
-0,4992753
-0,04751682
-0,07435083
0,07048547
-0,04751682
-0,07435083
0,07048547
-0,2911329
0,2448544
0,5203277
-0,1720488
0,20082
0,3448099
-0,2065063
0,01433492
0,3850967
-0,2065063
0,01433492
0,3850967
-0,2902508
-0,09920523
0,4532993
-0,2256632
0,0246048
0,3932059
-0,2256632
0,0246048
0,3932059
-0,7621467
0,5175405
1,470745
-0,2305865
0,4326582
0,4312098
-0,2305865
0,4326582
0,4312098
0,1348197
0,3455445
-0,4339188
0,3063023
0,0205256
-0,7258683
0,3245056
0,05616993
-0,7665992
0,3245056
0,05616993
-0,7665992
0,650239
-0,04178286
-1,616925
0,162077
0,0131391
-0,4693151
0,162077
0,0131391
-0,4693151
0,2401412
0,3308244
-0,7089853
0,1523376
0,1948267
-0,4207492
0,1523376
0,1948267
-0,4207492
0,360465
-0,003067404
-1,050001
0,1440406
0,02626255
-0,4400969
0,1440406
0,02626255
-0,4400969
0,09343959
-0,03331324
-0,3893662
0,00798408
0,04515491
-0,1176593
-0,06080604
0,053202
0,0704255
-0,06080604
0,053202
0,0704255
-0,1275672
0,2156121
0,2097437
-0,08212341
0,02348145
0,1234305
-0,08212341
0,02348145
0,1234305
-0,1860406
0,04465943
0,3386625
-0,1138608
-0,07497993
0,2083368
-0,1138608
-0,07497993
0,2083368
-0,297851
-0,3320432
0,5558459
-0,1482212
-0,1298979
0,2769881
-0,06866479
-0,06748474
0,1151388
-0,06866479
-0,06748474
0,1151388
0,03810765
-0,2399662
-0,1838565
0,05344748
0,08374304
-0,110051
0,05344748
0,08374304
-0,110051
0,007178048
-0,04316806
-0,1058121
-0,04745423
-0,1194525
0,004219027
-0,04745423
-0,1194525
0,004219027
-0,1720438
-0,006828392
0,1924447
-0,0134816
0,07116083
-0,02142012
-0,0134816
0,07116083
-0,02142012
0,03399921
-0,03818708
-0,2171218
0,06611219
-0,03826815
-0,34798
0,1083717
0,07514747
-0,4085848
0,1083717
0,07514747
-0,4085848
0,04251374
0,1247949
-0,2601093
-0,03690229
0,1269399
-0,01602343
-0,03690229
0,1269399
-0,01602343
-0,1120841
0,06407738
-0,02016939
0,02928808
-0,03118988
-0,174889
0,02928808
-0,03118988
-0,174889
0,2579774
-0,04616858
-0,9509022
0,1082048
-0,07687841
-0,4597456
0,03249447
-0,08531857
-0,2294443
0,03249447
-0,08531857
-0,2294443
0,05723956
-0,1560496
-0,4122021
0,03931997
-0,05763994
-0,2987806
0,03931997
-0,05763994
-0,2987806
0,1084918
-0,06287111
-0,5414693
0,1272964
-0,006069687
-0,5208467
0,1272964
-0,006069687
-0,5208467
0,1339012
0,03041412
-0,5218588
0,08948474
0,02462884
-0,4029863
0,04010975
-0,009144736
-0,259771
0,04010975
-0,009144736
-0,259771
0,05984033
0,03610561
-0,3391176
0,08982153
0,01755352
-0,4138816
0,08982153
0,01755352
-0,4138816
0,1088087
-0,02542455
-0,4640734
0,09573323
-0,04710082
-0,4326448
0,09573323
-0,04710082
-0,4326448
0,03095947
0,03108235
-0,1860323
0,0151504
0,05260547
-0,1402677
0,0151504
0,05260547
-0,1402677
0,01222725
0,03640861
-0,1556943
0,03131097
0,01920935
-0,2162418
0,03443866
0,002219215
-0,1842995
0,03443866
0,002219215
-0,1842995
0,06966357
-0,05961872
-0,3453935
-0,02189555
0,05813307
-0,2114469
-0,02189555
0,05813307
-0,2114469
-0,008605868
0,04589766
-0,1787416
-0,009512082
0,05971802
-0,186459
-0,009512082
0,05971802
-0,186459
-0,01802134
0,09856792
-0,2146793
-0,01150936
0,08198497
-0,1937001
-0,004107244
0,07091731
-0,1772859
-0,004107244
0,07091731
-0,1772859
-0,009426191
0,06049979
-0,1784307
-0,03917266
0,0079946
-0,1174636
-0,03917266
0,0079946
-0,1174636
0,009753376
-0,01442703
0,03700674
0,004302934
-0,003400885
0,01507246
0,004302934
-0,003400885
0,01507246
-0,00207223
0,0008461252
-0,006539941
-0,003421806
0,001330055
-0,0105857
-0,004561268
0,001993924
-0,01453248
-0,004561268
0,001993924
-0,01453248
-0,007686526
0,003802285
-0,02539569
-0,007749282
0,004003659
-0,02647543
-0,007749282
0,004003659
-0,02647543
-0,01022242
0,007044688
-0,03812349
-0,008996591
0,005740382
-0,03542972
-0,008996591
0,005740382
-0,03542972
0,0002949685
0,006115042
-0,04094398
-0,01496546
0,0001709685
-0,03944159
-0,01496546
0,0001709685
-0,03944159
-0,005061686
0,01189117
-0,0638209
-0,009402335
0,00656113
-0,04841077
-0,005863816
0,006684251
-0,04913914
-0,005863816
0,006684251
-0,04913914
-0,007505491
0,004296578
-0,05159765
-0,005963683
0,007231697
-0,04822445
-0,005963683
0,007231697
-0,04822445
-0,01722068
0,006028444
-0,06433403
-0,01209466
0,007593349
-0,06805062
-0,01209466
0,007593349
-0,06805062
-0,01167685
0,011771
-0,09032965
-0,004108101
0,01177489
-0,07177997
-0,009590313
0,004028246
-0,05380476
-0,009590313
0,004028246
-0,05380476
-0,007834569
0,009901907
-0,06557047
-0,005845055
0,008391701
-0,06002426
-0,005845055
0,008391701
-0,06002426
0,002379626
0,01127959
-0,07741666
-0,003878757
0,01226079
-0,06425953
-0,003878757
0,01226079
-0,06425953
-0,004304245
0,01179262
-0,08413899
0,003284603
0,01785415
-0,06057847
0,003284603
0,01785415
-0,06057847
0,006874651
0,008234471
-0,06681895
-0,07608615
0,0993728
-0,2232101
-0,06366414
-0,6151212
-1,259165
-0,06366414
-0,6151212
-1,259165
-0,0206261
-0,4124988
-3,470194
0,2846436
-0,2610656
-3,576796
0,2846436
-0,2610656
-3,576796
1,316362
-1,545523
-20,49682
0,4987992
-0,6930211
-9,347325
0,4987992
-0,6930211
-9,347325
0,0771241
-0,4049487
-6,48112
-0,3258011
0,577027
-0,5755196
-0,1534767
0,2194976
0,2857285
-0,1534767
0,2194976
0,2857285
0,02652646
0,01340278
0,06265879
0,03754044
-0,004327901
0,04043251
0,03754044
-0,004327901
0,04043251
0,04359137
-0,009684127
0,03778657
0,05582613
-0,006759221
0,03172904
0,05582613
-0,006759221
0,03172904
0,05508175
-0,02832203
0,07369956
0,04720926
-0,03895848
0,0618397
0,04720926
-0,03895848
0,0618397
0,04228624
-0,04974664
0,06217077
0,04111069
-0,05943678
0,0630019
0,03243032
-0,05646552
0,06197472
0,03243032
-0,05646552
0,06197472
0,03762351
-0,08462948
0,09209684
0,04756761
-0,04985543
0,07943234
0,04756761
-0,04985543
0,07943234
0,06323502
-0,03648952
0,09944585
0,06044889
-0,03547172
0,1037643
0,06044889
-0,03547172
0,1037643
0,05173869
-0,02398035
0,09514167
0,05051536
-0,01823954
0,09101766
0,05024288
-0,01013347
0,09369151
0,05024288
-0,01013347
0,09369151
0,05237193
0,0009243447
0,1164533
0,0519369
0,006507882
0,1240086
0,0519369
0,006507882
0,1240086
0,1201799
0,01768489
0,3004763
0,1045613
0,008805616
0,2554526
0,1045613
0,008805616
0,2554526
0,1505289
0,007354168
0,3536656
0,1260178
0,00188864
0,3164565
0,1414142
-0,005312113
0,3818854
0,1414142
-0,005312113
0,3818854
0,168427
-0,05235887
0,6720335
0,1225942
-0,09897046
0,6098288
0,1225942
-0,09897046
0,6098288
0,1247393
-0,2602557
0,7580975
0,06848311
-0,2032736
0,4229592
0,06848311
-0,2032736
0,4229592
0,08959743
-0,1478594
0,6359771
0,07132173
-0,03711911
0,632047
0,07132173
-0,03711911
0,632047
0,0955587
0,07455595
0,8372985
0,04334715
0,06059349
0,3069369
0,005371836
0,01652241
-0,09731163
0,005371836
0,01652241
-0,09731163
0,009413945
0,04573835
-0,1109808
0,0193765
0,07382806
0,05956861
0,0193765
0,07382806
0,05956861
0,041162
0,1356869
0,3149687
0,01635318
0,02776156
0,1778711
0,01635318
0,02776156
0,1778711
0,005904723
-0,01107442
0,04440728
-0,000147957
-0,04522753
0,01064771
-0,004946625
-0,05978958
-0,03458636
-0,004946625
-0,05978958
-0,03458636
-0,0009523468
-0,02635739
-0,01952397
0,0005001118
-0,01660132
0,002511519
0,0005001118
-0,01660132
0,002511519
-0,001783559
-0,03111725
-0,03857783
-0,008173685
-0,0323945
-0,1288748
-0,008173685
-0,0323945
-0,1288748
-0,01470196
0,004959443
-0,3361807
-0,00278436
0,04068052
-0,16985
-0,00278436
0,04068052
-0,16985
0,01567626
0,1351801
-0,01462678
0,01036145
0,07702694
0,03740158
0,004091572
0,03616093
0,01844328
0,004091572
0,03616093
0,01844328
0,003617646
0,1368751
-0,1252507
-0,001917346
0,09785899
-0,1653942
-0,001917346
0,09785899
-0,1653942
-0,01413471
0,001787195
-0,1546641
-0,002929765
0,00541229
-0,01800952
-0,002929765
0,00541229
-0,01800952
-0,0006460945
0,02513948
0,06444954
0,004251643
0,04899281
0,08329386
0,0005629076
0,02563111
0,01411414
0,0005629076
0,02563111
0,01411414
-0,0277719
-0,09038474
-0,1307387
-0,07117672
-0,3333949
-0,3821815
-0,07117672
-0,3333949
-0,3821815
-0,09823725
-0,4223201
-0,6424279
-0,06195453
-0,2481106
-0,4207341
-0,06195453
-0,2481106
-0,4207341
-0,003620745
-0,01383871
-0,0728638
-0,00211797
-0,04818285
0,01120073
-0,00211797
-0,04818285
0,01120073
-0,005042918
-0,1083868
0,0208452
-0,01945232
-0,1874545
-0,04356655
-0,05942165
-0,4401236
-0,1878524
-0,05942165
-0,4401236
-0,1878524
-0,1164916
-0,7525414
-0,4283371
-0,04884417
-0,3650285
-0,1853296
-0,04884417
-0,3650285
-0,1853296
-0,01655916
-0,3621896
0,1804561
-0,02433795
-0,4339384
0,2610221
-0,02433795
-0,4339384
0,2610221
-0,07221662
-0,8727893
0,4218529
-0,08771271
-0,875939
0,3291152
-0,1024811
-0,9464944
0,32319
-0,1024811
-0,9464944
0,32319
-0,1549205
-1,530075
0,6576712
-0,09260643
-0,9987723
0,5728902
-0,09260643
-0,9987723
0,5728902
-0,2321779
-2,023245
1,115595
-0,1942748
-1,322624
0,5358143
-0,1942748
-1,322624
0,5358143
-0,2953595
-1,926534
0,5687127
-0,1786877
-1,121321
0,265276
-0,1786877
-1,121321
0,265276
-0,2847676
-1,888671
0,7974882
-0,1368188
-0,8728003
0,5476919
-0,1835383
-1,00337
0,7311821
-0,1835383
-1,00337
0,7311821
-0,5159795
-2,310169
1,798727
-0,237447
-1,016149
0,7546731
-0,237447
-1,016149
0,7546731
-0,2111435
-1,240596
1,221497
-0,03886819
-0,3669739
0,8399178
-0,03886819
-0,3669739
0,8399178
-0,1819909
-0,83929
2,194831
-0,08218288
-0,4057229
0,9785973
-0,1551867
-0,5380213
1,146775
-0,1551867
-0,5380213
1,146775
-0,4318476
-1,218987
2,42951
-0,12393
-0,3629357
1,040278
-0,12393
-0,3629357
1,040278
-0,1619795
-0,3876247
1,650477
-0,03067231
-0,05546659
0,68446
-0,03067231
-0,05546659
0,68446
0,08328538
0,1146008
2,000197
0,1062127
0,2205908
0,863637
0,1062127
0,2205908
0,863637
0,1663744
0,5110472
1,209603
0,1978159
0,3803849
0,158447
0,2731502
0,4610062
-0,1371279
0,2731502
0,4610062
-0,1371279
0,4641831
0,659287
-0,5374439
0,2476692
0,4719615
-0,1331903
0,2476692
0,4719615
-0,1331903
0,5498171
1,541889
0,5939037
0,1663446
0,646922
0,5008981
0,1663446
0,646922
0,5008981
0,5083323
1,33518
-0,06037503
0,3015101
0,5599409
-0,5937323
0,2642751
0,4526377
-0,6544113
0,2642751
0,4526377
-0,6544113
0,3877103
1,33875
0,2714142
0,07891059
0,7503122
0,925374
0,07891059
0,7503122
0,925374
-0,005757809
1,18762
2,040044
0,1071572
0,6479353
0,4448488
0,1071572
0,6479353
0,4448488
0,2956212
1,094054
0,08099079
0,1809001
0,5458668
-0,1793891
0,154078
0,4940405
-0,1377791
0,154078
0,4940405
-0,1377791
0,2844989
1,22021
0,0932917
0,2089202
1,003505
0,1504317
0,2089202
1,003505
0,1504317
0,2458267
1,395976
0,3309318
0,1281456
0,6684247
0,04239004
0,1281456
0,6684247
0,04239004
0,2226466
0,874182
-0,3150942
0,1458152
0,5135312
-0,2931989
0,1458152
0,5135312
-0,2931989
0,1793213
0,5591168
-0,5222876
0,0748794
0,300267
-0,1813607
0,07077939
0,4425534
-0,008757361
0,07077939
0,4425534
-0,008757361
0,08506045
1,100999
0,4878731
-0,03026472
0,3512866
0,4224722
-0,03026472
0,3512866
0,4224722
0,02263629
0,4330506
0,1094579
0,03975729
0,2185438
-0,1370419
0,03975729
0,2185438
-0,1370419
0,05265707
0,4140048
-0,1176343
0,03780816
0,4900837
0,08446474
0,005703391
0,5004995
0,2665273
0,005703391
0,5004995
0,2665273
-0,03858439
0,5634627
0,4523379
0,007487632
0,4659759
0,1574165
0,007487632
0,4659759
0,1574165
0,06557751
0,5073665
-0,1731212
0,05716742
0,4580099
-0,1417243
0,05716742
0,4580099
-0,1417243
0,02727734
0,5737692
-0,01878914
-0,01671342
0,2715555
0,07194286
-0,03633354
0,2293098
0,1664419
-0,03633354
0,2293098
0,1664419
-0,03747957
0,3693011
0,2001669
0,0009900505
0,4427109
0,0761859
0,0009900505
0,4427109
0,0761859
0,034336
0,482122
-0,1663202
0,01620507
0,1493117
-0,2121985
0,01620507
0,1493117
-0,2121985
-0,00977621
-0,03902908
-0,3349329
-0,03171412
0,01684175
-0,1021096
-0,03171412
0,01684175
-0,1021096
-0,05273942
0,331614
0,06678039
-0,04534111
0,268083
0,08128063
-0,02939904
0,2824821
0,02453479
-0,02939904
0,2824821
0,02453479
-0,04500444
-0,3808312
-0,5322272
-0,02452324
-0,1731974
-0,3851188
-0,02452324
-0,1731974
-0,3851188
-0,02071363
0,3952583
-0,3962943
-0,06857722
0,1602463
0,02733994
-0,06857722
0,1602463
0,02733994
-0,2120109
-0,2842598
0,2876877
-0,118779
-0,3281718
-0,0394561
-0,08926546
-0,363454
-0,1289317
-0,08926546
-0,363454
-0,1289317
-0,1730368
-0,72147
-0,3190896
-0,04524039
0,05142563
-0,1667767
-0,04524039
0,05142563
-0,1667767
-0,04451572
0,03135644
-0,5109515
0,003282318
0,199568
-0,3129758
0,003282318
0,199568
-0,3129758
-0,0428695
0,4191043
0,10991
-0,05903551
0,05351037
0,1937331
-0,05903551
0,05351037
0,1937331
-0,165219
0,2390453
0,1626311
-0,05386529
0,09351879
-0,1367282
-0,000312236
-0,1331865
-0,4914736
-0,000312236
-0,1331865
-0,4914736
-0,03891553
-0,2169617
-0,5843436
-0,04853445
0,1906052
0,05537294
-0,04853445
0,1906052
0,05537294
-0,1210147
0,4142397
0,5888673
-0,1090089
0,2399737
0,4225816
-0,1090089
0,2399737
0,4225816
-0,05919422
0,6707865
0,2905969
0,002525015
0,3748189
0,007649122
0,04105451
0,404851
-0,1437401
0,04105451
0,404851
-0,1437401
0,1134056
1,177935
-0,1844953
0,03047224
0,9313366
0,2624332
0,03047224
0,9313366
0,2624332
-0,06366317
1,207109
0,858354
-0,02064665
0,5994567
0,3647043
-0,02064665
0,5994567
0,3647043
0,05385721
0,8416749
0,106597
0,09900066
0,51057
-0,3318307
0,09900066
0,51057
-0,3318307
0,2036501
0,6939706
-0,8971077
0,1143021
0,4062496
-0,5394713
0,0900545
0,3801647
-0,4367908
0,0900545
0,3801647
-0,4367908
0,05907365
0,586167
-0,2623941
0,003679269
0,3976791
0,007223715
0,003679269
0,3976791
0,007223715
0,007458705
0,3466482
-0,1580576
0,03447408
0,1409402
-0,3415749
0,03447408
0,1409402
-0,3415749
0,05929231
0,1296414
-0,6880803
0,01146934
0,02816345
-0,2807497
-0,01456111
0,1660825
-0,06878142
-0,01456111
0,1660825
-0,06878142
-0,03185243
0,5910094
-0,1248497
-0,005068266
0,3173119
-0,2399108
-0,005068266
0,3173119
-0,2399108
0,01562457
0,4625899
-0,5214425
0,01470097
0,2640808
-0,4221057
0,01470097
0,2640808
-0,4221057
-0,0002399488
0,4171442
-0,4365249
-0,01884009
0,5121051
-0,2113776
-0,01884009
0,5121051
-0,2113776
-0,03091031
0,9138122
-0,3300321
-0,009419095
0,5882689
-0,3574562
0,003813592
0,5194747
-0,4126121
0,003813592
0,5194747
-0,4126121
0,01714619
0,6224455
-0,7229325
0,02276298
0,359178
-0,6468117
0,02276298
0,359178
-0,6468117
0,03347748
0,3657494
-0,8484272
0,01633966
0,3660299
-0,646148
0,01633966
0,3660299
-0,646148
-0,01066341
0,5818598
-0,6118968
-0,009955867
0,4812618
-0,5255216
-0,0009383914
0,3461367
-0,5880747
-0,0009383914
0,3461367
-0,5880747
0,02118618
0,03662515
-0,9737906
0,009168781
-0,0243897
-0,6582437
0,009168781
-0,0243897
-0,6582437
-0,0125329
-0,00477834
-0,5376615
-0,01969821
0,09223191
-0,3627225
-0,01969821
0,09223191
-0,3627225
-0,02716712
0,09654615
-0,5420481
-0,01030692
-0,08086197
-0,4978749
-0,01030692
-0,08086197
-0,4978749
-0,0174978
-0,1678541
-0,7220061
-0,01222279
-0,1925086
-0,3883249
-0,008404137
-0,2713528
-0,2013608
-0,008404137
-0,2713528
-0,2013608
-0,01914539
-0,2439589
-0,3756761
-0,01799032
-0,08384655
-0,4080205
-0,01799032
-0,08384655
-0,4080205
-0,02998767
-0,1060123
-0,7703519
-0,02055939
-0,1630627
-0,5766928
-0,02055939
-0,1630627
-0,5766928
-0,03646854
-0,3041085
-0,9533045
-0,03420881
-0,1265912
-0,6494293
-0,03270176
-0,09569348
-0,5142016
-0,03270176
-0,09569348
-0,5142016
-0,05917243
-0,3679811
-0,8293641
-0,03983532
-0,3032721
-0,49067
-0,03983532
-0,3032721
-0,49067
-0,05892373
-0,4148009
-0,625145
-0,04648183
-0,3098098
-0,4806198
-0,04648183
-0,3098098
-0,4806198
-0,05414777
-0,4092649
-0,3024656
-0,02682868
-0,2611275
-0,02718927
-0,02682868
-0,2611275
-0,02718927
-0,02773298
-0,4433171
0,06322746
-0,02293022
-0,3331338
-0,0502215
-0,02334014
-0,3008218
-0,145885
-0,02334014
-0,3008218
-0,145885
-0,03274607
-0,5290788
-0,1857995
-0,02048933
-0,3874698
-0,009475931
-0,02048933
-0,3874698
-0,009475931
-0,02299462
-0,5388063
0,2187943
-0,02283551
-0,3478882
0,07294587
-0,02283551
-0,3478882
0,07294587
-0,03833784
-0,2653425
-0,1684016
-0,03746452
-0,2940757
-0,1736589
-0,03764407
-0,3340559
-0,1183799
-0,03764407
-0,3340559
-0,1183799
-0,04363542
-0,5068027
0,05786525
-0,02273073
-0,1905264
0,0526634
-0,02273073
-0,1905264
0,0526634
-0,02872929
-0,0744112
-0,0627747
-0,0262659
-0,06542714
-0,07823777
-0,0262659
-0,06542714
-0,07823777
-0,03683567
-0,1022343
-0,04573034
-0,01967433
-0,03163046
0,01517856
-0,03106933
-0,08058462
0,108439
-0,03106933
-0,08058462
0,108439
-0,05902052
-0,1166747
0,3759539
-0,04694202
-0,1063068
0,2687202
-0,04694202
-0,1063068
0,2687202
-0,05327545
-0,09862782
0,1198969
-0,0532924
-0,1595496
0,03235092
-0,0532924
-0,1595496
0,03235092
-0,1085776
-0,5805342
-0,2031176
-0,0760639
-0,4519181
-0,09957873
-0,0760639
-0,4519181
-0,09957873
-0,1065161
-0,880097
0,07838735
-0,05955609
-0,5505011
0,132158
-0,04063914
-0,3749115
0,05818287
-0,04063914
-0,3749115
0,05818287
-0,07872189
-0,7152219
-0,2800295
-0,0680025
-0,651794
-0,3046083
-0,0680025
-0,651794
-0,3046083
-0,07749414
-0,9826486
-0,09258717
-0,05680963
-0,7321959
-0,05192834
-0,05680963
-0,7321959
-0,05192834
-0,07678512
-0,9791514
-0,09589307
-0,04679407
-0,635853
-0,02783049
-0,05822221
-0,7548936
-0,04146804
-0,05822221
-0,7548936
-0,04146804
-0,0838444
-0,9439027
-0,1554588
-0,06318597
-0,6112899
-0,1984229
-0,06318597
-0,6112899
-0,1984229
-0,02644457
-0,3568767
-0,2213085
0,007594973
-0,08948705
-0,0008375201
0,007594973
-0,08948705
-0,0008375201
0,03146371
0,2327177
-0,1108597
0,0006810051
0,07200374
-0,1642758
0,0006810051
0,07200374
-0,1642758
0,0065969
0,3165165
-0,5135731
0,01835473
0,2825829
-0,1585687
0,01497596
0,2699938
-0,04761015
0,01497596
0,2699938
-0,04761015
0,02525939
0,6502981
-0,2318124
-0,005150137
0,3087523
-0,3067743
-0,005150137
0,3087523
-0,3067743
-0,06954549
0,445247
-1,014106
-0,05107104
0,3036239
-0,6108146
-0,05107104
0,3036239
-0,6108146
-0,04768058
0,2701337
-0,3981633
-0,02191545
0,1579989
-0,1278833
-0,0153682
0,08829941
-0,10286
-0,0153682
0,08829941
-0,10286
-0,0659462
-0,2416229
-0,3646982
-0,08361524
-0,3103139
-0,5151008
-0,08361524
-0,3103139
-0,5151008
-0,1304376
-0,5094826
-0,8217338
-0,1053259
-0,4145413
-0,6622155
-0,1053259
-0,4145413
-0,6622155
-0,04895362
-0,1461651
-0,4175048
-0,03673957
-0,04321651
-0,3965236
-0,02359013
0,04404799
-0,3206701
-0,02359013
0,04404799
-0,3206701
-0,03317115
0,07271831
-0,370231
-0,03624855
0,06642915
-0,3650264
-0,03624855
0,06642915
-0,3650264
-0,0407213
0,0596825
-0,3544953
-0,04003558
0,07158595
-0,3400742
-0,04003558
0,07158595
-0,3400742
-0,03946313
0,06885808
-0,3056498
-0,03833524
0,0523161
-0,2763737
-0,03833524
0,0523161
-0,2763737
-0,04638655
0,04935509
-0,2935688
-0,05014915
0,04110597
-0,2971553
-0,08348108
0,03715432
-0,4580521
-0,08348108
0,03715432
-0,4580521
-0,1413045
0,03096301
-0,7277898
-0,2095152
0,06545573
-0,537353
-0,2095152
0,06545573
-0,537353
-0,09969118
0,04451945
-0,2564977
-0,1124903
0,02182797
-0,2722092
-0,1124903
0,02182797
-0,2722092
-0,155346
0,0188982
-0,3768944
-0,164186
-0,03771031
-0,4470186
-0,08205418
-0,06178384
-0,2247134
-0,08205418
-0,06178384
-0,2247134
-0,1175419
-0,04750232
-0,3032552
-0,09049349
0,03528079
-0,231953
-0,09049349
0,03528079
-0,231953
-0,1433181
-0,04403408
-0,1864609
-0,1788456
-0,01508133
-0,2434927
-0,1788456
-0,01508133
-0,2434927
-0,1393433
-0,04113767
-0,3517163
-0,1494755
-0,02715507
-0,3559403
-0,1494755
-0,02715507
-0,3559403
-0,1044801
-0,03828824
-0,7855101
-0,1187066
-0,04940181
-0,793251
-0,3032644
-0,1028324
-1,871981
-0,3032644
-0,1028324
-1,871981
-0,5871038
-0,09929942
-3,24471
-0,4216713
-0,06170806
-2,230027
-0,4216713
-0,06170806
-2,230027
-0,7557176
-0,1514504
-3,645112
-0,2322677
0,03896974
-1,000298
-0,2322677
0,03896974
-1,000298
-0,225834
0,5137315
-0,8778185
-0,09730458
0,3463306
-0,3643185
-0,09084344
0,5759507
-0,3993928
-0,09084344
0,5759507
-0,3993928
-0,214535
1,406744
-0,8901417
-0,1473546
0,311438
-0,4330397
-0,1473546
0,311438
-0,4330397
-0,418961
0,7204093
-1,171046
-0,1871467
0,5302377
-0,5459875
-0,1871467
0,5302377
-0,5459875
-0,097996
1,046276
-0,3863871
0,08221269
0,5828548
0,1324981
0,1936018
0,526714
0,4308313
0,1936018
0,526714
0,4308313
0,2985418
0,5364258
0,7493138
0,1355648
0,1692832
0,3617316
0,1355648
0,1692832
0,3617316
0,2268553
0,3116474
0,632441
0,1329958
0,1528792
0,3800809
0,1329958
0,1528792
0,3800809
0,3402829
0,4649773
0,9661615
0,1885116
0,3113948
0,5450249
0,1885116
0,3113948
0,5450249
0,2740324
0,1484245
0,8496612
0,06776452
0,1259126
0,2341568
0,04928112
0,1875445
0,1837254
0,04928112
0,1875445
0,1837254
0,1237214
0,1725547
0,4655451
0,08637905
0,2412871
0,3028631
0,08637905
0,2412871
0,3028631
0,1232147
0,7402927
0,4683107
0,05549788
0,2338603
0,226
0,05549788
0,2338603
0,226
0,1361546
0,2345094
0,5241925
0,03503628
-0,01905836
0,1588027
-0,001005326
-0,005339664
0,02234726
-0,001005326
-0,005339664
0,02234726
0,01895057
0,2608045
0,1018148
0,03192593
0,1179041
0,1071237
0,03192593
0,1179041
0,1071237
0,2297867
-0,04074321
0,7629991
0,139761
-0,07271889
0,4568488
0,139761
-0,07271889
0,4568488
0,1273635
-0,04918677
0,4003306
0,01781073
0,04803396
0,04524925
0,01781073
0,04803396
0,04524925
0,02212027
0,4837739
0,06348778
0,05934776
0,363043
0,2011794
0,1041839
0,1749995
0,3638528
0,1041839
0,1749995
0,3638528
0,1749611
0,3258416
0,6321813
0,1576275
0,4267119
0,5835162
0,1576275
0,4267119
0,5835162
0,1732664
0,4225708
0,6600239
0,1494901
0,3768898
0,5816697
0,1494901
0,3768898
0,5816697
0,1335267
0,4140212
0,5511822
0,1419938
0,3342546
0,5869119
0,1515815
0,2706055
0,6315359
0,1515815
0,2706055
0,6315359
0,1674749
0,3281181
0,7414297
0,1665159
0,3225826
0,7567741
0,1665159
0,3225826
0,7567741
0,2562957
0,4660644
1,198779
0,1858537
0,4012381
0,8970751
0,1858537
0,4012381
0,8970751
0,1706657
0,4585765
0,861596
0,1256234
0,4186995
0,6789238
0,1256234
0,4186995
0,6789238
0,1783167
0,4378335
1,010559
0,1503221
0,1655921
0,8223715
0,1241116
0,009302765
0,6658442
0,1241116
0,009302765
0,6658442
0,1646464
0,05061514
0,9358628
0,1192275
0,0148341
0,6818693
0,1192275
0,0148341
0,6818693
0,1638343
-0,005656466
0,980476
0,1137842
-0,02585889
0,6926781
0,1137842
-0,02585889
0,6926781
0,1711762
-0,2820677
1,001265
0,103227
-0,3302355
0,5353408
0,07221418
-0,4134077
0,2737368
0,07221418
-0,4134077
0,2737368
0,05952499
-0,4080314
0,2045193
0,02432038
-0,2782564
0,03088727
0,02432038
-0,2782564
0,03088727
0,01540619
0,03113561
0,08213615
0,02497524
-0,1281399
0,07618152
0,02497524
-0,1281399
0,07618152
0,04124993
-0,7764769
-0,1152874
0,0120074
-0,6103511
-0,1848471
0,01036195
-0,394937
-0,08339706
0,01036195
-0,394937
-0,08339706
0,01455784
-0,3984818
-0,05527206
0,01772483
-0,1603403
0,04342679
0,01772483
-0,1603403
0,04342679
0,05525479
-0,3414407
0,3057617
0,04328999
-0,4344651
0,2171419
0,04328999
-0,4344651
0,2171419
0,05242576
-0,7346405
0,2309084
0,05002978
-0,7973207
0,224875
0,05002978
-0,7973207
0,224875
0,05077199
-0,8363314
0,2018651
0,04728753
-0,694545
0,1940539
0,04122498
-0,578171
0,1758828
0,04122498
-0,578171
0,1758828
0,06504481
-0,8175055
0,304505
0,05051142
-0,7689875
0,270492
0,05051142
-0,7689875
0,270492
0,03132388
-1,297704
0,2234718
0,01201801
-0,9308692
0,0899818
0,01201801
-0,9308692
0,0899818
0,02558166
-0,9267046
0,1020289
0,03793132
-0,558929
0,219675
0,03793132
-0,558929
0,219675
0,06304677
-0,6239758
0,5181631
0,03648695
-0,5943507
0,4318059
0,0185271
-0,6815327
0,3802891
0,0185271
-0,6815327
0,3802891
-0,00990072
-1,222498
0,3517195
-0,02025866
-0,732115
0,09844787
-0,02025866
-0,732115
0,09844787
0,005227743
-0,7632508
0,1984833
0,02233277
-0,3830338
0,3152627
0,02233277
-0,3830338
0,3152627
0,04118295
-0,6700677
0,7665945
-0,00283416
-0,4970843
0,3437533
-0,02108569
-0,4664167
0,1713102
-0,02108569
-0,4664167
0,1713102
-0,03554986
-0,6679862
0,05917408
-0,01774847
-0,4154932
0,02510946
-0,01774847
-0,4154932
0,02510946
-0,006733638
-0,6003513
0,3603168
0,001808888
-0,4050187
0,3502228
0,001808888
-0,4050187
0,3502228
-0,03861369
-0,7702936
0,4235405
-0,03812364
-0,5830379
0,2136291
-0,06404977
-0,5997202
0,02555349
-0,06404977
-0,5997202
0,02555349
-0,07929971
-0,7397457
-0,1406149
-0,04981608
-0,4935039
-0,03928377
-0,04981608
-0,4935039
-0,03928377
-0,06803473
-0,6383846
0,1808665
-0,04139031
-0,4353037
0,2104317
-0,04139031
-0,4353037
0,2104317
-0,03648196
-0,4185204
0,3135791
-0,0115587
-0,258544
0,2921277
-0,0115587
-0,258544
0,2921277
0,006700654
-0,1706461
0,289888
0,005760983
-0,1363864
0,2538886
-0,009230642
-0,201454
0,2980941
-0,009230642
-0,201454
0,2980941
-0,03644714
-0,3453888
0,43367
-0,05364347
-0,40621
0,4444354
-0,05364347
-0,40621
0,4444354
-0,0888315
-0,531389
0,4918293
-0,07535012
-0,4633331
0,4707168
-0,07535012
-0,4633331
0,4707168
-0,0698227
-0,4460501
0,5571668
-0,05907838
-0,3861196
0,5358229
-0,04568438
-0,2924346
0,4513992
-0,04568438
-0,2924346
0,4513992
-0,09104402
-0,5238893
0,8175056
-0,0842988
-0,4658892
0,7007945
-0,0842988
-0,4658892
0,7007945
-0,08409806
-0,5326721
1,104088
-0,04958266
-0,32344
0,8272439
-0,04958266
-0,32344
0,8272439
-0,05481666
-0,3255261
1,224895
-0,05941328
-0,2645273
0,8003803
-0,05941328
-0,2645273
0,8003803
-0,1430771
-0,559034
0,8680153
-0,07359139
-0,2964444
0,5362357
-0,01906096
-0,0980224
0,4765483
-0,01906096
-0,0980224
0,4765483
0,02279024
0,09491567
0,9340361
0,02603379
0,1088193
0,5613867
0,02603379
0,1088193
0,5613867
-0,005736584
0,07565624
0,9161426
-0,04536889
-0,0465255
0,661212
-0,04536889
-0,0465255
0,661212
0,07244649
0,3899262
0,8336663
0,1167588
0,4513739
0,351018
0,1528305
0,5523378
0,1949007
0,1528305
0,5523378
0,1949007
0,2077528
0,8226172
0,4060289
0,1091931
0,4938528
0,3730859
0,1091931
0,4938528
0,3730859
0,1023749
0,5550291
0,5556852
0,0510548
0,2979809
0,3594993
0,0510548
0,2979809
0,3594993
0,2489655
0,9886453
0,1750527
0,1940208
0,7600979
0,03460291
0,1940208
0,7600979
0,03460291
0,1447107
0,6402085
0,155165
0,07147306
0,3909857
0,2229553
0,04183596
0,3158921
0,2676076
0,04183596
0,3158921
0,2676076
-0,03772855
0,07332765
0,5157818
0,03359806
0,2482847
0,2364413
0,03359806
0,2482847
0,2364413
0,1883666
0,914543
0,1366914
0,1276236
0,692454
0,1377456
0,1276236
0,692454
0,1377456
0,1023441
0,7573637
0,3480228
0,0591628
0,3927225
0,1476844
0,07440355
0,4250911
0,07639521
0,07440355
0,4250911
0,07639521
0,2166523
1,194606
0,05276287
0,1225873
0,7973824
0,1265568
0,1225873
0,7973824
0,1265568
0,1629365
1,136188
0,1965175
0,08012657
0,5592593
0,09456891
0,08012657
0,5592593
0,09456891
0,06659172
0,599962
0,2449102
0,03538521
0,3515549
0,1636514
0,03538521
0,3515549
0,1636514
0,03193278
0,6209743
0,4299191
0,04003645
0,4604802
0,1701314
0,03799476
0,4678013
0,1592007
0,03799476
0,4678013
0,1592007
0,06191194
0,8146858
0,2711162
0,02114609
0,4591849
0,236397
0,02114609
0,4591849
0,236397
-0,01990883
0,2830191
0,3920001
0,01291292
0,303702
0,1756407
0,01291292
0,303702
0,1756407
0,06244785
0,7409898
0,1669455
0,05369098
0,620871
0,0880714
0,03935317
0,6037733
0,1081565
0,03935317
0,6037733
0,1081565
0,001334143
0,5444218
0,2529372
-0,02357045
0,2139417
0,2155208
-0,02357045
0,2139417
0,2155208
-0,05524214
0,2676745
0,356592
-0,01678244
0,4318546
0,1915094
-0,01678244
0,4318546
0,1915094
-0,01303765
0,603188
0,185875
-0,00348945
0,653124
0,1370727
-0,007410774
0,6298499
0,1361618
-0,007410774
0,6298499
0,1361618
-0,02539532
0,5241247
0,1559833
-0,008771971
0,2664185
0,02141559
-0,008771971
0,2664185
0,02141559
0,01135674
0,06597843
-0,1557297
0,01588985
0,0331729
-0,1966039
0,01588985
0,0331729
-0,1966039
0,04153589
0,04750819
-0,4664995
0,03499341
-0,07736587
-0,4548672
0,03499341
-0,07736587
-0,4548672
0,04279136
-0,4786324
-0,8650239
0,02167336
-0,3100325
-0,597955
0,003701656
-0,2693053
-0,5608538
0,003701656
-0,2693053
-0,5608538
-0,1120723
-0,7054016
-0,3186615
-0,112142
-0,7144477
0,001830236
-0,112142
-0,7144477
0,001830236
-0,2062513
-1,383609
-0,02958137
-0,1045895
-0,6733483
-0,07197013
-0,1045895
-0,6733483
-0,07197013
-0,1413034
-0,8162447
-0,2474649
-0,01385363
-0,2861067
-0,4116347
-0,002246958
-0,2248072
-0,4598978
-0,002246958
-0,2248072
-0,4598978
-0,08408704
-0,3477722
-0,2423546
-0,1226586
-0,3453333
0,188095
-0,1226586
-0,3453333
0,188095
-0,2726175
-0,3985921
0,8821495
-0,1539261
-0,1987836
0,4872918
-0,1539261
-0,1987836
0,4872918
-0,1884399
-0,2268615
0,4472523
-0,0286118
0,003131998
0,006470249
-0,0286118
0,003131998
0,006470249
-0,05148487
-0,000647623
0,06246188
-0,1691198
-0,2231185
0,4796429
-0,1378868
-0,1798559
0,4561455
-0,1378868
-0,1798559
0,4561455
-0,1486512
-0,287425
0,3463338
-0,0267862
-0,1081314
-0,1019926
-0,0267862
-0,1081314
-0,1019926
0,04566217
0,06320949
-0,4126739
0,005229171
0,03971445
-0,02850532
0,005229171
0,03971445
-0,02850532
-0,02527429
0,6307847
0,06350628
0,02231512
0,6900702
0,02575999
0,02148926
0,6899532
0,1066095
0,02148926
0,6899532
0,1066095
0,05449286
1,375342
0,1957293
0,0282442
0,7189766
0,07388797
0,0282442
0,7189766
0,07388797
0,04263202
0,5822164
-0,07930556
0,03793131
0,5681562
-0,022524
0,03793131
0,5681562
-0,022524
0,01691281
1,281783
0,3202086
-0,01870719
0,8799087
0,3526998
-0,04459165
0,5426777
0,3823892
-0,04459165
0,5426777
0,3823892
-0,04653219
0,3353917
0,3413438
0,007740553
0,2721901
0,04584747
0,007740553
0,2721901
0,04584747
0,02324407
0,4290298
0,01565058
-0,007545521
0,3856823
0,1507367
-0,007545521
0,3856823
0,1507367
-0,06536599
0,5398198
0,4487425
-0,07447468
0,4116119
0,4565371
-0,07447468
0,4116119
0,4565371
-0,06734962
0,3294047
0,399126
-0,04497665
0,3185143
0,2885268
-0,01774377
0,2854394
0,1425487
-0,01774377
0,2854394
0,1425487
-0,01276388
0,4014444
0,1122435
-0,02891458
0,4870116
0,1775786
-0,02891458
0,4870116
0,1775786
-0,04347967
0,3879358
0,2312572
-0,04786561
0,3562264
0,2540318
-0,04786561
0,3562264
0,2540318
-0,03841132
0,2557883
0,206946
-0,0421133
0,2564621
0,2251008
-0,0737128
0,4049199
0,3800026
-0,0737128
0,4049199
0,3800026
-0,09696653
0,380765
0,4812008
-0,09447687
0,350643
0,4674303
-0,09447687
0,350643
0,4674303
-0,1000451
0,3673514
0,5123611
-0,089026
0,3492301
0,4632871
-0,089026
0,3492301
0,4632871
-0,1776059
0,733668
0,9241415
-0,1344283
0,5382255
0,7258009
-0,1344283
0,5382255
0,7258009
-0,1768652
0,6144935
1,059208
-0,1074735
0,4005817
0,6596814
-0,07549237
0,3633468
0,4817055
-0,0580448
0,2914213
0,3808953
-0,06587919
0,1489124
0,4641947
-0,06587919
0,1489124
0,4641947
-0,110588
0,08027125
0,6793267
-0,09889545
-0,03782457
0,5767874
-0,09889545
-0,03782457
0,5767874
-0,2085593
-0,4726938
1,054428
-0,2120685
-0,448379
0,9653848
-0,19203
-0,4293682
0,8575016
-0,19203
-0,4293682
0,8575016
-0,07425272
-0,2933561
0,3823623
-0,07425272
-0,2933561
0,3823623
-0,05021709
-0,701583
0,5463136
-0,01264478
-0,4581765
0,3041036
-0,01264478
-0,4581765
0,3041036
-0,0249559
-0,6175482
0,3712104
-0,04267742
-0,4001252
0,3077463
-0,04267742
-0,4001252
0,3077463
-0,08174218
-0,5578478
0,4342067
-0,05912629
-0,4768074
0,3024737
-0,06057341
-0,5822793
0,2738286
-0,06057341
-0,5822793
0,2738286
-0,1210868
-0,7919828
0,4534047
-0,08320489
-0,4213095
0,3010771
-0,08320489
-0,4213095
0,3010771
-0,07929928
-0,5564833
0,3477992
-0,04854386
-0,3589411
0,2126495
-0,04854386
-0,3589411
0,2126495
-0,08069377
-0,9743038
0,2972767
-0,07444274
-0,6663663
0,2123552
-0,09540887
-0,6221893
0,2509872
-0,09540887
-0,6221893
0,2509872
-0,1090183
-0,7303887
0,3097059
-0,01283389
-0,3461352
0,04467848
-0,01283389
-0,3461352
0,04467848
-0,04116861
-0,4276094
0,1315486
-0,05040446
-0,2788433
0,124787
-0,05040446
-0,2788433
0,124787
-0,227544
-0,9181487
0,4817741
-0,1101972
-0,5297261
0,2157378
-0,06998284
-0,482015
0,126946
-0,06998284
-0,482015
0,126946
0,08124113
-0,4676476
-0,1574397
0,006604195
-0,2941489
-0,003629923
0,006604195
-0,2941489
-0,003629923
-0,06566644
-0,911016
0,1010358
-0,05013943
-0,475271
0,07815063
-0,05013943
-0,475271
0,07815063
-0,04269481
-0,736542
0,06083548
-0,01915097
-0,3407754
0,03456175
-0,01915097
-0,3407754
0,03456175
0,04344583
-0,6275736
-0,111416
0,05094409
-0,4322641
-0,1639575
0,08354783
-0,4210383
-0,2508759
0,08354783
-0,4210383
-0,2508759
0,1057327
-0,8406632
-0,3992826
0,02860427
-0,4281536
-0,1620293
0,02860427
-0,4281536
-0,1620293
-0,05268455
-0,8354783
-0,09257197
-0,07394552
-0,3490597
0,08915365
-0,07394552
-0,3490597
0,08915365
-0,0353992
-0,6430954
-0,06308258
0,05047321
-0,2220243
-0,1577318
0,08969903
-0,219661
-0,2586395
0,08969903
-0,219661
-0,2586395
0,05275408
-1,03028
-0,4759448
-0,003176057
-0,5310509
-0,1882834
-0,003176057
-0,5310509
-0,1882834
-0,02465679
-0,6049063
-0,1596541
-0,01552084
-0,3305904
-0,08500403
-0,01552084
-0,3305904
-0,08500403
-0,0100916
-0,469457
-0,1587736
-0,01112859
-0,3904693
-0,1384548
-0,01112859
-0,3904693
-0,1384548
-0,03166399
-0,7320821
-0,2655332
-0,01174237
-0,4784103
-0,2061822
-0,0245795
-0,3550976
-0,117374
-0,0245795
-0,3550976
-0,117374
-0,03264984
-0,4413333
-0,1456871
-0,02725665
-0,3205411
-0,1004679
-0,02725665
-0,3205411
-0,1004679
0,007991483
-0,4413492
-0,2683831
0,03813616
-0,3515425
-0,3012726
0,03813616
-0,3515425
-0,3012726
0,003300543
-0,6251937
-0,3941548
-0,0210903
-0,5382051
-0,28961
-0,0210903
-0,5382051
-0,28961
-0,005188478
-0,6948484
-0,4698293
0,01137304
-0,4644116
-0,3719318
0,01066116
-0,3614218
-0,3143186
0,01066116
-0,3614218
-0,3143186
0,03231865
-0,4549003
-0,5059342
0,01130681
-0,3574945
-0,3742704
0,01130681
-0,3574945
-0,3742704
-0,009311672
-0,4944064
-0,4891632
-7,18577E-05
-0,4133378
-0,4428283
-7,18577E-05
-0,4133378
-0,4428283
0,1788119
-0,1642356
-0,851931
0,2084747
0,1306154
-0,6552893
0,1706219
0,1473358
-0,5182226
0,1706219
0,1473358
-0,5182226
0,1671096
0,05747695
-0,6666217
0,1422446
0,08433705
-0,5416476
0,1422446
0,08433705
-0,5416476
0,1531948
0,05632827
-0,6973004
0,08369246
0,02246971
-0,4551394
0,08369246
0,02246971
-0,4551394
0,1039055
0,03621773
-0,6076391
0,1064443
0,1384671
-0,4594008
0,08894341
0,110517
-0,4064817
0,08894341
0,110517
-0,4064817
0,1263339
0,1663655
-0,541403
0,09494361
0,1119159
-0,4387666
0,09494361
0,1119159
-0,4387666
0,1628284
0,2370117
-0,5967734
0,127684
0,122823
-0,5465419
0,127684
0,122823
-0,5465419
0,1111672
-0,02766274
-0,64138
0,1149452
0,01976735
-0,6036246
0,1149452
0,01976735
-0,6036246
0,1639686
0,1988795
-0,6693874
0,1471035
0,2290446
-0,5525169
0,1601379
0,3150838
-0,5177998
0,1601379
0,3150838
-0,5177998
0,2033808
0,4325719
-0,640944
0,1661551
0,3410671
-0,5556218
0,1661551
0,3410671
-0,5556218
0,1868035
0,4153154
-0,6078782
0,1475643
0,3385769
-0,483859
0,1475643
0,3385769
-0,483859
0,188918
0,5083925
-0,562508
0,150101
0,4773982
-0,3672611
0,1311115
0,5000342
-0,2430453
0,1311115
0,5000342
-0,2430453
0,163861
0,6710519
-0,2821467
0,1129561
0,4672545
-0,2158462
0,1129561
0,4672545
-0,2158462
0,1254558
0,5220965
-0,3225073
0,09845829
0,4827958
-0,1799816
0,09845829
0,4827958
-0,1799816
0,1111111
0,8365042
-0,02170528
0,0701794
0,5081604
-0,05843013
0,0701794
0,5081604
-0,05843013
0,08106477
0,5624006
-0,2023206
0,04060654
0,2969346
-0,1458292
0,05634358
0,3477285
-0,1848083
0,05634358
0,3477285
-0,1848083
0,0975129
0,6195614
-0,3051727
0,05737424
0,4007744
-0,1802024
0,05737424
0,4007744
-0,1802024
0,06992267
0,5774983
-0,2519369
0,0198457
0,2446342
-0,1203578
0,0198457
0,2446342
-0,1203578
0,06538271
0,3806905
-0,4252686
0,06531779
0,2562495
-0,3953916
0,05723008
0,2860941
-0,3329218
0,05723008
0,2860941
-0,3329218
0,02591833
0,30887
-0,2997039
0,001511611
0,1764376
-0,133456
0,001511611
0,1764376
-0,133456
0,0342398
0,42208
-0,3229315
0,02823551
0,2754778
-0,2739061
0,02823551
0,2754778
-0,2739061
0,06691177
0,3408746
-0,6265753
0,06233161
0,266906
-0,5452179
0,06233161
0,266906
-0,5452179
0,04880077
0,2054623
-0,59687
0,02684812
0,1334886
-0,4399908
0,01280733
0,1220778
-0,2361477
0,01280733
0,1220778
-0,2361477
-0,006771907
0,1968716
-0,09043114
-0,002633117
0,2075716
-0,100923
-0,002633117
0,2075716
-0,100923
0,009510795
0,138308
-0,3364657
0,01347213
0,05818813
-0,4013606
0,01347213
0,05818813
-0,4013606
0,0144218
-0,0005812898
-0,3710013
0,01182255
-0,002364742
-0,3528998
0,00835196
0,01481872
-0,2560288
0,00835196
0,01481872
-0,2560288
0,002686315
0,017158
-0,1223769
0,002167388
0,01721824
-0,1292249
0,002167388
0,01721824
-0,1292249
-0,02777768
0,04486014
-0,07468174
-0,03544457
0,01274687
-0,03231859
-0,03544457
0,01274687
-0,03231859
-0,03199317
-0,001288344
-0,02000351
-0,02488846
-0,003142439
-0,01464428
-0,01942363
-0,004333803
-0,01188563
-0,01942363
-0,004333803
-0,01188563
-0,02475737
-0,00548433
-0,01509911
-0,02341174
-0,006814139
-0,01545331
-0,02341174
-0,006814139
-0,01545331
-0,0331864
-0,006564694
-0,01929706
-0,03097062
-0,002887353
-0,02016053
-0,03097062
-0,002887353
-0,02016053
-0,000986224
-0,002875932
-0,004034817
-0,00265062
-0,0003670435
-0,004926473
-0,00265062
-0,0003670435
-0,004926473
-0,008699388
-0,0002329083
-0,008311152
-0,01128844
-0,001744234
-0,01001823
-0,01433113
-0,003051637
-0,01200095
-0,01433113
-0,003051637
-0,01200095
-0,02234128
-0,005147763
-0,01701057
-0,02243047
-0,005125467
-0,01744324
-0,02243047
-0,005125467
-0,01744324
-0,02750515
-0,01224887
-0,02089751
-0,02862351
-0,007475074
-0,02274913
-0,02862351
-0,007475074
-0,02274913
-0,03383342
-0,004373446
-0,02744883
-0,03177715
-0,003584543
-0,02526736
-0,03067311
-0,004152354
-0,02516216
-0,03067311
-0,004152354
-0,02516216
-0,0366955
-0,01521922
-0,03230768
-0,03821003
-0,007554108
-0,02982599
-0,03821003
-0,007554108
-0,02982599
-0,04396785
-0,004561571
-0,03896409
-0,04210858
-0,003924236
-0,03696191
-0,04210858
-0,003924236
-0,03696191
-0,04759853
-0,01053573
-0,04809994
-0,04970332
-0,007809723
-0,04280466
-0,04970332
-0,007809723
-0,04280466
-0,05080085
-0,001727768
-0,04372895
-0,04920187
-0,00863204
-0,05161071
-0,04169329
-0,003796384
-0,04649949
-0,04169329
-0,003796384
-0,04649949
-0,06973547
0,007284871
-0,05676222
-0,06539068
-0,03042192
-0,07876194
-0,06539068
-0,03042192
-0,07876194
-0,1000921
-0,01313662
-0,09514308
-0,09353977
-0,008303729
-0,09773028
-0,09353977
-0,008303729
-0,09773028
-0,2566121
-0,03615634
-0,2823091
-0,1886701
-0,001277573
-0,2065823
-0,2533884
0,02935257
-0,2748731
-0,2533884
0,02935257
-0,2748731
-0,1065517
-0,02451047
-0,1551483
-0,09994452
-0,0179902
-0,1661873
-0,09994452
-0,0179902
-0,1661873
-0,3736848
0,01378913
-0,594799
-0,1079137
0,06170433
-3,10898
-0,1079137
0,06170433
-3,10898
-0,3005213
0,2835124
-1,514145
-0,6085385
0,1284269
-1,768526
-0,03723606
-0,00410323
-2,145952
-0,03723606
-0,00410323
-2,145952
-0,2506184
0,02587995
-9,549122
-0,2197488
0,008392419
-6,40674
-0,2197488
0,008392419
-6,40674
-0,2303927
-0,0285304
-4,038668
-0,2045013
-0,03160493
-2,93668
-0,2045013
-0,03160493
-2,93668
-0,2618122
-0,05127608
-2,601047
-0,2143792
-0,03114211
-1,836205
-0,2143792
-0,03114211
-1,836205
-0,3728797
-0,02541066
-2,452877
closestDistance
0,2699201
0,2719356
0,2719356
0,2822621
0,2896177
0,2979165
0,2979165
0,30873
0,3067718
0,3048594
0,3250992
0,3272489
0,3272489
0,3190178
0,3095183
0,2980807
0,3031506
0,2798732
0,268755
0,2658502
0,2496641
0,2393086
0,2393086
0,2184143
0,2132578
0,2132578
0,2061773
0,2038
0,2050787
0,2050787
0,2081481
0,2107596
0,2107596
0,2177755
0,2227488
0,2188077
0,2328537
0,2396241
0,2430929
0,2430929
0,2415352
0,2386039
0,2386039
0,2370122
0,2382497
0,2382497
0,2430183
0,2423239
0,2452639
0,2416873
0,2357364
0,2275676
0,2242077
0,2186885
0,2179251
0,2179251
0,2182272
0,2148272
0,2181892
0,2012909
0,1900599
0,186858
0,186858
0,1813372
0,1770337
0,1783759
0,1699347
0,162596
0,1585488
0,1491828
0,142242
0,1382684
0,1382684
0,1326987
0,134308
0,134308
0,1282768
0,1227707
0,127247
0,125636
0,1249998
0,1249998
0,1240928
0,109666
0,1130751
0,1172695
0,1126613
0,1066937
0,1118964
0,1111965
0,109328
0,1017319
0,1017413
0,1016877
0,1017305
0,1017305
0,101726
0,1015636
0,1097578
0,1094756
0,1094046
0,1094046
0,1093949
0,1093923
0,1093942
0,1093942
0,1094063
0,1094203
0,1094203
0,109464
0,1095077
0,1095077
0,1095144
0,1096117
0,1096117
0,1093474
0,1092644
0,1091971
0,1091971
0,109111
0,1090654
0,1090654
0,1091061
0,1093207
0,1093207
0,1093595
0,1092819
0,1094356
0,1094356
0,1095201
0,1095534
0,1095534
0,1093399
0,1095637
0,1095637
0,1096541
0,1100235
0,1100235
0,1101579
0,1129622
0,1039125
0,1071395
0,1544483
0,1743743
0,1842313
0,5647713
0,2890916
0,1906384
0,08208895
0,1204403
0,1274328
0,1030659
0,105183
0,1068717
0,1068717
0,1071711
0,1074104
0,1074104
0,10768
0,1075829
0,1075829
0,1073642
0,1070894
0,1068616
0,1068616
0,1065957
0,1066054
0,1066054
0,107072
0,1104388
0,1104388
0,1110317
0,1116962
0,1125447
0,1125447
0,1138803
0,11544
0,11544
0,1194358
0,1229119
0,1252361
0,1298887
0,1342707
0,1397727
0,1344929
0,1449873
0,1637304
0,1637304
0,1783881
0,1843344
0,1843344
0,1965978
0,2084451
0,2084451
0,223753
0,2090102
0,2109643
0,2109643
0,2133577
0,2126845
0,2126845
0,2076121
0,2044565
0,2044565
0,2035475
0,2030384
0,2032863
0,2032863
0,2034794
0,2033226
0,2033226
0,2038477
0,2060778
0,2060778
0,21249
0,2159717
0,2159717
0,2170998
0,2168909
0,2167806
0,2167806
0,2200562
0,2207562
0,2098361
0,2069546
0,2066035
0,2066035
0,2077254
0,2090897
0,2114703
0,2114703
0,2095896
0,2019266
0,2019266
0,192871
0,1906836
0,1906836
0,1894204
0,1899143
0,1851404
0,18598
0,1860264
0,1849213
0,1825
0,1790443
0,1698761
0,1698761
0,1752446
0,1685053
0,1659485
0,1788889
0,1846369
0,1937523
0,1882225
0,2110554
0,2250157
0,2211048
0,2587202
0,2254153
0,2198386
0,2337573
0,2466039
0,2534143
0,2712517
0,2719467
0,2811392
0,2811392
0,3082222
0,3199229
0,3199229
0,3366499
0,3403007
0,3403007
0,3517095
0,3593099
0,3719678
0,3706746
0,4012756
0,4127693
0,4127693
0,4277543
0,4327803
0,4327803
0,4440121
0,4479447
0,4479447
0,4487189
0,4432501
0,433686
0,433686
0,4169835
0,4073765
0,4073765
0,3863414
0,3806555
0,3807465
0,3579562
0,3420371
0,3273279
0,333085
0,3165645
0,3172779
0,3377889
0,2931961
0,2710978
0,278284
0,2629655
0,259023
0,2530414
0,2530414
0,2383558
0,2288752
0,2288752
0,2106547
0,1978887
0,2028276
0,2010936
0,2000849
0,2018014
0,2074925
0,2090541
0,2046894
0,2046894
0,1903066
0,193014
0,193014
0,1912186
0,1942874
0,1942874
0,1975209
0,197415
0,1894605
0,1800115
0,1736115
0,1705872
0,1684876
0,1742166
0,1795115
0,1719126
0,1753918
0,1756607
0,1740049
0,1723422
0,1713739
0,1711843
0,1711843
0,1782727
0,1775894
0,1727751
0,1787689
0,1807531
0,1807531
0,1817412
0,1831111
0,1939501
0,1939501
0,2008262
0,2010288
0,2010288
0,2113326
0,2080903
0,2080903
0,2003549
0,2022006
0,2026414
0,2062112
0,2069436
0,2182402
0,2182402
0,2277652
0,2083344
0,2083344
0,208305
0,214601
0,214601
0,2170941
0,2143126
0,2065971
0,2058761
0,196634
0,196751
0,196751
0,2060785
0,2133076
0,2160934
0,2182114
0,2189471
0,2144865
0,2173027
0,2074017
0,2093189
0,2101454
0,2236329
0,1938657
0,1938657
0,1887228
0,1955267
0,1974121
0,2176383
0,218154
0,2051993
0,2015525
0,200951
0,2044021
0,2094027
0,2092305
0,2000621
0,2000621
0,1885564
0,183775
0,1841049
0,1797028
0,182859
0,1818847
0,1818847
0,1782384
0,1675688
0,1675688
0,1658087
0,1704409
0,1582996
0,1655457
0,1659311
0,1672781
0,1672781
0,168506
0,1682421
0,1602403
0,1596181
0,156502
0,156502
0,1627848
0,1710861
0,1768773
0,1768773
0,1744998
0,1731693
0,1731693
0,1729453
0,1744431
0,1746146
0,1760365
0,1789088
0,1749068
0,1733533
0,1711713
0,1671231
0,1712625
0,1687817
0,1667652
0,1667652
0,1723318
0,1759837
0,1759837
0,1830797
0,1902677
0,1889229
0,1889229
0,1950127
0,19649
0,19649
0,2012098
0,2029661
0,2045428
0,204665
0,2022564
0,2061554
0,2002076
0,1975525
0,1940227
0,1970682
0,1955164
0,1924783
0,1877221
0,179072
0,1789981
0,1789981
0,1797234
0,1805549
0,1795197
0,1795197
0,1752561
0,1760837
0,1758876
0,1766224
0,1777253
0,1777253
0,1780161
0,1750572
0,1725596
0,1725596
0,1646784
0,1613934
0,1613934
0,1585329
0,1570744
0,1693966
0,1703678
0,1729617
0,1729617
0,1685466
0,1749291
0,1635935
0,1635935
0,1731307
0,1853555
0,1853555
0,1954084
0,1983567
0,200618
0,2115031
0,2132714
0,203942
0,2081863
0,2023786
0,2052675
0,2052675
0,2066014
0,204965
0,204965
0,2091095
0,2126822
0,2172634
0,2292254
0,2345099
0,2334417
0,2257599
0,2256242
0,2224493
0,2224493
0,2089715
0,1899527
0,1976116
0,1929816
0,1854291
0,182895
0,182895
0,1789143
0,1735454
0,1729326
0,1563541
0,1475723
0,1490947
0,1414607
0,1263094
0,1220295
0,1220295
0,1176434
0,1174803
0,1174803
0,1133105
0,1098098
0,1167355
0,1136
0,1176013
0,1176013
0,1145565
0,1088386
0,1170895
0,1159752
0,116109
0,118081
0,1099906
0,1111447
0,1064229
0,1064229
0,1099136
0,1142372
0,1155691
0,1033826
0,1068745
0,104449
0,1062268
0,1087319
0,1116713
0,1102997
0,1137703
0,1153296
0,1070052
0,1131383
0,1273721
0,1483549
0,1396174
0,1896489
0,2143504
0,211424
0,2731793
0,2881178
0,2881178
0,3080855
0,3111043
0,3166898
0,3084821
0,3176701
0,3272135
0,3272135
0,3466092
0,3554598
0,3554779
0,3605479
0,3740739
0,3668098
0,3484714
0,332818
0,3254466
0,3257048
0,3128088
0,3055885
0,3055885
0,2872188
0,2753886
0,2754116
0,2586018
0,254142
0,2607956
0,2501265
0,2410242
0,2354015
0,2354015
0,2281185
0,2247491
0,2247491
0,2153787
0,2127238
0,2122673
0,2122673
0,2115082
0,2100026
0,2100026
0,1948285
0,1855247
0,1855247
0,1774857
0,1774787
0,1774787
0,1793877
0,1782687
0,1729306
0,1729306
0,1644689
0,1672477
0,1581994
0,1503255
0,1445695
0,1445695
0,1409783
0,1441214
0,1322754
0,139383
0,1336787
0,1275341
0,1275341
0,1217955
0,1349178
0,1384914
0,146878
0,1559387
0,1521217
0,1617113
0,1585921
0,1625357
0,1694042
0,1758919
0,1780918
0,1780918
0,1860323
0,188811
0,188811
0,1955541
0,1992431
0,1907925
0,1907925
0,1873389
0,1837078
0,1837078
0,1852829
0,1845175
0,1845175
0,1721894
0,1614649
0,162286
0,162286
0,1564007
0,1551021
0,1551021
0,1560218
0,1520301
0,1520301
0,1479745
0,150241
0,1414868
0,1379498
0,1436515
0,1444738
0,1478584
0,1481297
0,1567204
0,1620831
0,1595904
0,1733289
0,157581
0,1653885
0,1705883
0,1705883
0,1847792
0,198457
0,2067852
0,204046
0,2208769
0,2077341
0,2112596
0,210312
0,2150097
0,2150097
0,2264623
0,1949223
0,1925374
0,1925374
0,187198
0,1845268
0,1856589
0,1761451
0,1697186
0,1832663
0,1718521
0,1659851
0,1644316
0,1663801
0,172574
0,1731621
0,16093
0,1609871
0,1615181
0,1615181
0,1591867
0,1564172
0,1564172
0,1531917
0,1504161
0,1422818
0,1422818
0,1389923
0,1385756
0,1385756
0,137315
0,1318984
0,1327422
0,1300363
0,1282855
0,1356366
0,1347332
0,1318336
0,1318695
0,1366919
0,1359353
0,1488186
0,1488186
0,1500575
0,169195
0,1588028
0,1705207
0,1778319
0,1821909
0,1821909
0,1874233
0,1947329
0,191005
0,1968623
0,2033985
0,2033985
0,2064073
0,2045064
0,1942361
0,1942361
0,1876405
0,1867846
0,1867846
0,1885444
0,1966871
0,188646
0,1801869
0,1783294
0,1843161
0,1801609
0,1804011
0,1836012
0,1877636
0,1964828
0,1987312
0,1987312
0,194649
0,1895014
0,1907072
0,1925581
0,1972929
0,1988791
0,2036204
0,1977465
0,2025908
0,2076968
0,2050782
0,2106566
0,2131794
0,2145194
0,2208995
0,2208995
0,2180992
0,2135855
0,209695
0,205526
0,2078102
0,2116753
0,2033187
0,1983926
0,1978485
0,1941256
0,1975652
0,1837462
0,1812156
0,1854119
0,1764281
0,1738324
0,1738324
0,165279
0,1587869
0,1587869
0,151777
0,1503423
0,1474162
0,1443321
0,1442438
0,1462382
0,1430743
0,1464428
0,1504118
0,1504118
0,1596712
0,1680682
0,1680682
0,1829221
0,1953615
0,2064737
0,2064737
0,2104968
0,2138221
0,2110819
0,2185365
0,2224777
0,2244662
0,2165765
0,2098671
0,2027329
0,2027329
0,1969477
0,2022482
0,2019498
0,2175314
0,2332024
0,234079
0,2239058
0,2291661
0,2291661
0,2280089
0,2172834
0,207473
0,2093612
0,2001447
0,2007469
0,2007469
0,2086159
0,2095053
0,2095053
0,2147217
0,2209519
0,2269794
0,2163661
0,2007991
0,1892941
0,1892941
0,1865193
0,1866876
0,1866876
0,1737671
0,1640817
0,1582136
0,1673254
0,1596299
0,1493346
0,150277
0,1520982
0,1514848
0,1514848
0,1469234
0,1437314
0,1328953
0,1288614
0,1220639
0,1226073
0,117523
0,1196909
0,1223357
0,116575
0,117286
0,1190501
0,1190501
0,1187842
0,1186223
0,1188281
0,1187227
0,1168839
0,1185535
0,1172939
0,115796
0,1211893
0,1211893
0,1239672
0,1463244
0,1463244
0,1506967
0,1606382
0,1685155
0,1751779
0,1680747
0,1661833
0,1698256
0,1696606
0,1743779
0,1723927
0,1730108
0,1717698
0,1717698
0,1708212
0,1718805
0,1683899
0,1664065
0,1686273
0,1664432
0,172182
0,1748246
0,1753163
0,1802113
0,1706139
0,1841476
0,1869297
0,1933153
0,1881834
0,1908411
0,1927902
0,1927902
0,1942807
0,2007504
0,2101623
0,2045158
0,2112048
0,2114569
0,2096619
0,2138528
0,2096799
0,2096799
0,2206412
0,2296393
0,2352501
0,2372558
0,2373644
0,2398146
0,2398146
0,2493698
0,2473357
0,2482922
0,2534486
0,252862
0,2626962
0,2647811
0,2620092
0,2551045
0,2525576
0,2513157
0,2201994
0,2173566
0,2101816
0,2152893
0,2152893
0,2110427
0,2299052
0,1976465
0,2208446
0,2168208
0,2070828
0,2053059
0,2044952
0,1947865
0,1872575
0,1861062
0,1871956
0,1871956
0,1861117
0,1772486
0,1704509
0,1704509
0,1713922
0,1725017
0,1684487
0,1674364
0,1736481
0,1736481
0,1734781
0,1665262
0,1611414
0,1616231
0,1620142
0,1693406
0,1627991
0,1616957
0,1619942
0,1619942
0,1639359
0,1660641
0,1688391
0,1624278
0,1599875
0,1522786
0,1557637
0,1511354
0,1475837
0,1475837
0,1449133
0,1453017
0,1472292
0,1451601
0,1425208
0,1378614
0,1378614
0,1389619
0,1378024
0,1340593
0,1354696
0,1392562
0,1263316
0,1339608
0,1412619
0,1412619
0,1479798
0,1533578
0,1470217
0,1470217
0,1519374
0,1500488
0,1525285
0,1581949
0,1634924
0,1634924
0,1697264
0,1654477
0,1704314
0,1704314
0,1716078
0,1705156
0,1705156
0,1748084
0,1788136
0,1810395
0,1786799
0,1857085
0,1848035
0,1876926
0,196089
0,2013468
0,189795
0,1987311
0,2019332
0,1996131
0,2076179
0,2113609
0,2086067
0,2189049
0,2262255
0,2084167
0,2114513
0,2039513
0,2004726
0,20364
0,1949156
0,194945
0,1778424
0,1676941
0,1591579
0,1692172
0,1571073
0,1490598
0,1340772
0,1340772
0,1339214
0,1416935
0,133787
0,1291153
0,1228307
0,1228307
0,1166619
0,1180844
0,1107951
0,1107951
0,1091547
0,107453
0,107453
0,1070894
0,1130761
0,1130761
0,1129587
0,1129155
0,112913
0,112913
0,1129111
0,1129251
0,1129251
0,1129467
0,1128851
0,1069447
0,1069725
0,1069675
0,1069675
0,1069388
0,1069182
0,1069031
0,1069031
0,1068902
0,1068794
0,1068794
0,1069594
0,1069838
0,1069838
0,1069132
0,1068705
0,1068375
0,1068375
0,1068968
0,1069449
0,1069449
0,1068378
0,1067711
0,1067711
0,1066281
0,1065797
0,1065797
0,1064346
0,1062616
0,1059919
0,1059919
0,1057227
0,1056873
0,1056873
0,1055446
0,1052581
0,1116288
0,1113586
0,1111553
0,1109245
0,1109245
0,1115979
0,1122636
0,1122636
0,1133496
0,1122207
0,1085671
0,1324345
0,1309117
0,1428618
0,145485
0,3075054
0,1347376
0,1372363
0,136823
0,1289186
0,1313416
0,1659247
0,1849615
0,1849407
0,2246425
timeStamps
3,731136
3,745117
3,759115
3,773416
3,787189
3,800901
3,814756
3,828959
3,842726
3,856596
3,870793
3,884489
3,89872
3,912447
3,92643
3,940207
3,954129
3,968184
3,982093
3,99597
4,009829
4,023782
4,037953
4,051707
4,065866
4,079684
4,093375
4,107475
4,121378
4,135255
4,149249
4,163226
4,177265
4,191097
4,205438
4,218853
4,232882
4,246665
4,260951
4,274555
4,288626
4,3026
4,316539
4,33033
4,344254
4,358198
4,372627
4,385965
4,399889
4,413868
4,427846
4,441845
4,455819
4,469747
4,483804
4,497596
4,511441
4,525325
4,539362
4,553398
4,567203
4,581108
4,595105
4,609036
4,623077
4,636847
4,650805
4,664679
4,678595
4,692605
4,706483
4,720898
4,734373
4,7485
4,762152
4,776132
4,790074
4,803993
4,817941
4,831902
4,845808
4,859777
4,873798
4,887652
4,901936
4,915467
4,929421
4,943399
4,957738
4,971164
4,985182
4,998949
5,01283
5,026896
5,040705
5,054663
5,068531
5,082492
5,09654
5,11088
5,12431
5,138289
5,152146
5,166428
5,180028
5,193923
5,207965
5,222269
5,235664
5,249624
5,263558
5,277894
5,291429
5,305283
5,319249
5,333569
5,346972
5,361023
5,375004
5,388917
5,403013
5,416748
5,430947
5,444529
5,458505
5,472465
5,486415
5,500299
5,514171
5,528133
5,54254
5,556067
5,570075
5,583822
5,59798
5,611636
5,625594
5,639425
5,653453
5,667388
5,681559
5,695106
5,709406
5,723252
5,73711
5,750933
5,764982
5,778883
5,792819
5,806856
5,821159
5,83463
5,848323
5,86228
5,876132
5,890103
5,90398
5,91791
5,931864
5,945832
5,959673
5,973773
5,987542
6,001994
6,015536
6,029088
6,04313
6,057253
6,070959
6,085115
6,099265
6,112857
6,126806
6,140583
6,154957
6,168476
6,182352
6,1963
6,210312
6,224251
6,238439
6,252053
6,266248
6,280005
6,293778
6,307726
6,321608
6,335861
6,349381
6,363381
6,37745
6,391368
6,405866
6,419731
6,433462
6,447137
6,461078
6,474745
6,488739
6,502649
6,51698
6,530621
6,544457
6,558417
6,572258
6,586228
6,600139
6,614093
6,627997
6,641865
6,655925
6,669736
6,683753
6,697707
6,711586
6,725504
6,73975
6,753241
6,76729
6,781238
6,795085
6,809326
6,822884
6,836837
6,850858
6,864681
6,878766
6,89275
6,90648
6,920483
6,934316
6,94831
6,962308
6,975992
6,990034
7,003858
7,017802
7,031804
7,045786
7,059701
7,073666
7,087973
7,101499
7,11529
7,129243
7,143123
7,157073
7,171136
7,184994
7,198936
7,21289
7,226759
7,240699
7,254589
7,268826
7,282358
7,296247
7,310133
7,32415
7,338162
7,352067
7,36613
7,379873
7,393854
7,407716
7,422217
7,435602
7,449523
7,463442
7,477425
7,491351
7,505263
7,519489
7,532998
7,547079
7,560821
7,574775
7,588779
7,602704
7,616544
7,630346
7,644715
7,658317
7,672051
7,686154
7,699986
7,714079
7,727921
7,742242
7,755757
7,769955
7,783625
7,797533
7,811549
7,825485
7,839863
7,853323
7,867093
7,881088
7,895065
7,908844
7,922732
7,936987
7,950586
7,964864
7,978382
7,992587
8,006311
8,020352
8,034432
8,048172
8,062067
8,075967
8,089939
8,103918
8,117866
8,13189
8,145864
8,159643
8,174009
8,187476
8,201248
8,21532
8,229261
8,243138
8,257369
8,27105
8,284778
8,298689
8,312989
8,326732
8,340568
8,354454
8,368526
8,382705
8,396256
8,410351
8,424779
8,438237
8,45193
8,465859
8,48015
8,493881
8,507734
8,521569
8,535492
8,549497
8,563383
8,577391
8,591575
8,605022
8,619202
8,632879
8,646827
8,660886
8,674869
8,688681
8,702998
8,716636
8,730472
8,744294
8,758489
8,772273
8,786165
8,800103
8,814325
8,828093
8,841838
8,85596
8,869631
8,88389
8,898016
8,911289
8,925384
8,939343
8,9533
8,967103
8,981018
8,995085
9,008921
9,023293
9,036802
9,050616
9,064548
9,07852
9,092449
9,106426
9,120413
9,134159
9,148146
9,162108
9,176209
9,1899
9,203896
9,217809
9,232038
9,245412
9,2595
9,273673
9,287231
9,301158
9,315269
9,329037
9,343218
9,357365
9,370874
9,384781
9,398836
9,41255
9,426441
9,440747
9,454386
9,468249
9,482343
9,496099
9,510061
9,524337
9,537697
9,551626
9,565597
9,579504
9,593406
9,607578
9,621168
9,635128
9,649182
9,663104
9,677053
9,691015
9,704767
9,718919
9,732667
9,746672
9,760865
9,774952
9,788486
9,803085
9,817997
9,831902
9,845632
9,859524
9,872754
9,886175
9,899331
9,91256
9,926869
9,94075
9,954761
9,968727
9,982696
9,996828
10,0108
10,02473
10,0387
10,05286
10,06672
10,08065
10,09458
10,10868
10,12243
10,13656
10,15035
10,16453
10,17825
10,19218
10,20605
10,21991
10,23381
10,2477
10,26169
10,27578
10,28969
10,30365
10,31761
10,33177
10,34542
10,35917
10,37316
10,3872
10,40132
10,41548
10,429
10,44288
10,45708
10,4705
10,48444
10,49873
10,51234
10,52628
10,54041
10,55412
10,56817
10,58224
10,59582
10,60977
10,62403
10,63761
10,65175
10,66549
10,67958
10,69324
10,70718
10,72127
10,73516
10,74909
10,76304
10,77703
10,79091
10,80482
10,81922
10,83278
10,84664
10,8605
10,87536
10,88864
10,90228
10,916
10,93002
10,94403
10,95792
10,97184
10,98575
10,99981
11,01375
11,02785
11,04182
11,05526
11,06924
11,08315
11,09714
11,11114
11,12501
11,13896
11,15305
11,16674
11,18073
11,19448
11,20859
11,22239
11,23628
11,25025
11,2642
11,27819
11,29241
11,30631
11,32009
11,33415
11,34796
11,36158
11,37574
11,38978
11,40351
11,41779
11,43134
11,44519
11,4593
11,47304
11,48698
11,50081
11,51483
11,52878
11,54255
11,55656
11,5708
11,58437
11,59828
11,61228
11,62622
11,64019
11,65414
11,66807
11,68207
11,69589
11,70985
11,72377
11,73779
11,75163
11,76565
11,77963
11,79368
11,80759
11,82119
11,83566
11,8491
11,86316
11,87676
11,89082
11,90471
11,91866
11,93279
11,94668
11,96057
11,97441
11,98841
12,00231
12,01637
12,03014
12,04408
12,05835
12,07202
12,08582
12,10012
12,11372
12,12761
12,14174
12,15555
12,16932
12,18366
12,19714
12,21108
12,22536
12,23896
12,25297
12,26727
12,2809
12,2948
12,30884
12,32242
12,33659
12,35045
12,36439
12,37848
12,39264
12,40633
12,42024
12,43393
12,44808
12,46182
12,47593
12,48966
12,50353
12,5175
12,53134
12,54541
12,55942
12,57344
12,58714
12,601
12,6153
12,62905
12,64303
12,65714
12,67084
12,68491
12,69921
12,71272
12,72692
12,74131
12,75456
12,76804
12,78174
12,79595
12,80953
12,82354
12,83787
12,85195
12,86548
12,87983
12,89407
12,90731
12,92116
12,93482
12,94918
12,9638
12,9773
12,99095
13,00464
13,01842
13,03263
13,04675
13,06037
13,07432
13,08829
13,10245
13,11618
13,13001
13,14447
13,15789
13,17183
13,18635
13,20015
13,21332
13,22742
13,24131
13,25527
13,26967
13,28302
13,29703
13,31094
13,32496
13,33891
13,35276
13,36674
13,38063
13,39511
13,40856
13,42245
13,43654
13,45033
13,46407
13,47875
13,49186
13,50585
13,51989
13,53369
13,54751
13,56177
13,57568
13,58954
13,60342
13,61752
13,63157
13,64542
13,65911
13,67316
13,68696
13,70083
13,71478
13,72869
13,74268
13,75667
13,77045
13,78448
13,79835
13,81295
13,82608
13,8406
13,85412
13,868
13,8821
13,89586
13,90981
13,92401
13,9378
13,95171
13,96545
13,97958
13,99337
14,00719
14,02112
14,03514
14,04912
14,06281
14,07673
14,09077
14,10462
14,11868
14,13232
14,14684
14,16025
14,17411
14,18829
14,20208
14,21654
14,22997
14,24422
14,25801
14,27164
14,28587
14,29954
14,31346
14,32734
14,34135
14,35527
14,36982
14,38307
14,397
14,4111
14,42476
14,43866
14,45289
14,46646
14,48077
14,49444
14,50828
14,52215
14,53649
14,55013
14,56405
14,57803
14,59206
14,60639
14,61982
14,63378
14,64776
14,66165
14,67548
14,68943
14,70356
14,71751
14,73129
14,74541
14,75888
14,77287
14,78685
14,80056
14,81454
14,82847
14,84241
14,85657
14,87052
14,88436
14,89855
14,91229
14,926
14,93991
14,95388
14,96779
14,98183
14,99566
15,01002
15,02357
15,03756
15,05138
15,06563
15,07902
15,093
15,10688
15,12088
15,13481
15,1487
15,16265
15,17657
15,19047
15,20494
15,21833
15,23232
15,24658
15,26003
15,27399
15,28788
15,30186
15,3159
15,3297
15,344
15,35755
15,37165
15,38581
15,39921
15,41321
15,42719
15,44154
15,45522
15,46922
15,48269
15,49668
15,51071
15,5246
15,53859
15,55277
15,56649
15,58035
15,59438
15,60837
15,62212
15,6359
15,65034
15,66373
15,67801
15,69174
15,70602
15,71958
15,73373
15,74745
15,76193
15,77531
15,78934
15,80296
15,81736
15,83115
15,84488
15,85895
15,87288
15,88673
15,90057
15,91438
15,92852
15,94235
15,95617
15,97004
15,98419
15,99843
16,01221
16,02591
16,04041
16,05374
16,06752
16,08162
16,09595
16,10913
16,12328
16,13729
16,15119
16,16534
16,17908
16,1928
16,20707
16,2206
16,23468
16,24873
16,26261
16,27662
16,29039
16,30442
16,31821
16,33249
16,34615
16,36032
16,37393
16,3881
16,40238
16,4165
16,42957
16,44365
16,458
16,4713
16,48527
16,4999
16,51356
16,52765
16,54222
16,56874
16,58347
16,59764
16,61127
16,62561
16,63927
16,65295
16,66752
16,68105
16,69531
16,72088
16,7354
16,74869
16,76286
16,7771
16,79097
16,80499
16,81882
16,83282
16,84698
16,86099
16,87491
16,88939
16,90284
16,91689
16,93077
16,9449
16,95866
16,97272
16,98649
17,00083
17,01474
17,02823
17,04218
17,05639
17,0702
17,08398
17,09796
17,11179
17,1258
17,14004
17,15362
17,1677
17,18142
17,19548
17,20909
17,22315
17,23706
17,25122
17,26505
17,27885
17,29284
17,30666
17,32056
17,3347
17,34863
17,36233
17,37646
17,39007
17,40439
17,41821
17,43198
17,44611
17,46008
17,47415
17,48796
17,50166
17,51578
17,52946
17,54335
17,55751
17,57152
17,58502
17,59897
17,61304
17,62696
17,64106
17,65469
17,6686
17,6828
17,69687
17,71062
17,72452
17,73848
17,75242
17,76599
17,77988
17,79394
17,80835
17,82181
17,83584
17,8498
17,86364
17,87776
17,89145
17,9058
17,91966
17,93343
17,94768
17,96098
17,97495
17,98913
18,00321
18,01693
18,03078
18,04432
18,05852
18,07253
18,08636
18,10005
18,11414
18,12829
18,14197
18,15604
18,16985
18,18405
18,19783
18,21165
18,22581
18,2398
18,25367
18,26738
18,28141
18,29511
18,30925
18,32306
18,33705
18,3509
18,36484
18,37914
18,39273
18,40641
18,42038
18,43449
18,44823
18,4627
18,47622
18,4904
18,50425
18,51825
18,53227
18,54605
18,55975
18,57387
18,58755
18,60132
18,61528
18,62952
18,64309
18,65708
18,67093
18,68523
18,69903
18,71275
18,72652
18,74054
18,75448
18,76842
18,78237
18,79696
18,81013
18,82411
18,83812
18,8523
18,86631
18,8798
18,89375
18,90801
18,92175
18,93563
18,94942
18,96341
18,97746
18,99146
19,00557
19,01928
19,03349
19,04706
19,06088
19,07458
19,08865
19,10267
19,11677
19,13033
19,14445
19,15829
19,1723
19,18631
19,20004
19,21411
19,22783
19,24187
19,25596
19,26996
19,28359
19,2976
19,31148
19,32531
19,33952
19,35349
19,36751
19,38119
19,39493
19,40879
19,42275
19,43699
19,45072
19,46502
19,47868
19,49257
19,50636
19,52023
19,53443
19,5484
19,56199
19,57601
19,5901
19,60425
19,61784
19,63154
19,64575
19,65956
19,67333
19,68771
19,70144
19,71535
19,72929
19,74293
19,75728
19,77075
19,78471
19,79875
19,81271
19,82655
19,84075
19,85435
19,86835
19,88234
19,89643
19,91017
19,92412
19,93812
19,95203
19,96605
19,98002
19,99403
20,00766
20,02164
20,03549
20,04979
20,06346
20,07795
20,09124
20,10556
20,11932
20,13305
