participantNumber
13
repetitionNum
3
sdfEnabled
1
taskTime
11,0983
numHits
6
positionDifference
0,1119566
angleDifference
43,01218
finalPosX
-0,008207975
finalPosY
-0,01249094
finalPosZ
-0,7208025
finalRotX
357,1354
finalRotY
42,27013
finalRotZ
6,596342
taskType
torus
velocityMagnitude
0,2371666
0,2371666
0,9183446
0,392393
0,2500514
0,2500514
0,1349955
0,272641
0,272641
0,6394898
0,3732952
0,3732952
1,046786
0,4875721
0,378153
0,378153
0,6286929
0,2658209
0,2658209
0,3565337
0,3039624
0,3039624
0,8101944
0,4767189
0,3166784
0,3166784
0,5989085
0,4136558
0,4136558
0,6974134
0,5857756
0,5857756
0,6721834
0,4023072
0,4023072
0,4245121
0,3942079
0,3699566
0,3699566
0,4217057
0,3520181
0,3520181
0,3506762
0,334188
0,334188
0,2969646
0,297421
0,1993653
0,1993653
0,1219435
0,1259832
0,1259832
0,143742
0,1477675
0,1477675
0,1132463
0,1020247
0,09760855
0,09760855
0,1121886
0,09882045
0,09882045
0,1137365
0,08990685
0,08990685
0,05261522
0,06091717
0,06091717
0,08873831
0,0903265
0,09250056
0,09250056
0,04759816
0,1049257
0,1049257
0,1812304
0,1055695
0,1055695
0,1097352
0,1246427
0,1253419
0,1253419
0,1674675
0,1599788
0,1599788
0,1926154
0,191777
0,191777
0,2231712
1,474959
0,6675312
0,6675312
1,185731
2,538664
2,538664
2,658285
2,846125
2,846125
10,48028
0,3828346
0,3828346
0,2639076
0,186726
0,1151282
0,1151282
0,07206048
0,0342271
0,0342271
0,04903796
0,04009251
0,04009251
0,02924502
0,02227779
0,02005839
0,02005839
0,03677294
0,04237483
0,04237483
0,04339151
0,04779343
0,04779343
0,03760333
0,0527811
0,0527811
0,09157043
0,08849378
0,08641372
0,08641372
0,09285776
0,09710643
0,09710643
0,09590593
0,0771648
0,0771648
0,1118595
0,1260897
0,1435573
0,1435573
0,1614295
0,1720369
0,1720369
0,4421036
0,4206274
0,4206274
0,6960037
0,5829816
0,7094303
0,7094303
1,34761
1,188557
1,188557
2,20346
0,9157873
0,9157873
1,634603
0,6797065
0,6797065
0,6865039
0,4878629
0,1782994
0,1782994
0,3027554
0,3137046
0,3137046
0,6696415
0,4000782
0,4000782
1,100558
0,9425674
0,7880926
0,7880926
1,255269
1,488437
1,488437
3,102425
1,699913
1,699913
2,974191
1,353265
1,353265
1,157212
0,4616459
0,6683387
0,6683387
1,614706
0,8221337
0,8221337
0,776352
0,3745555
0,3745555
0,402879
0,1082652
0,3290776
0,3290776
0,7306475
0,3111491
0,3111491
0,1976495
0,155878
0,155878
0,3968928
0,3844043
0,4678646
0,4678646
0,9774827
0,6873952
0,6873952
1,47591
1,150721
1,150721
1,726379
1,148562
1,148562
1,239466
0,8578754
0,7857453
0,7857453
1,05388
0,6792005
0,6792005
0,5504841
0,3126944
0,3126944
0,5251384
0,5037913
0,4021978
0,4021978
0,5844954
0,4490622
0,4490622
0,3070509
0,2801877
0,2801877
0,5148849
0,4987668
0,4987668
1,008645
0,8371623
0,7909166
0,7909166
0,8438377
0,7225375
0,7225375
1,059603
1,006728
1,006728
1,2256
1,040694
0,9876591
0,9876591
1,392605
1,041101
1,041101
1,561001
0,8824829
0,8824829
1,089119
0,5866287
0,5707269
0,5707269
0,6642985
0,2968789
0,2968789
0,4855053
0,4737017
0,4737017
0,9474271
0,6968349
0,6968349
0,8520744
0,4720147
0,439313
0,439313
0,7892818
0,508801
0,508801
0,5111532
0,2569813
0,2569813
0,1676253
0,1324604
0,1106201
0,1106201
0,3112981
0,4912717
0,4912717
1,076156
0,6844617
0,6844617
0,8378303
0,5289408
0,5289408
0,6027139
0,5344312
0,4877606
0,4877606
0,5924377
0,5714768
0,5714768
0,5276304
0,4761218
0,4761218
0,3604937
0,3950922
0,303841
0,303841
0,4443786
0,4402544
0,4402544
0,322859
0,2847577
0,2847577
0,4071954
0,3402355
0,3402355
0,286583
0,2777464
0,5156827
0,5156827
0,4402093
0,3933908
0,3933908
1,114313
1,071396
1,071396
0,190219
0,2095443
0,3236795
0,3236795
0,1939962
0,4867106
0,4867106
1,414539
1,308651
1,308651
3,225154
2,34451
2,55808
2,55808
3,7046
0,6187756
0,6187756
1,323074
0,7642394
0,7642394
1,334076
0,6474279
0,6474279
1,554884
0,7047399
0,6932246
0,6932246
0,944392
0,7430512
0,7430512
1,579694
0,8678937
0,8678937
1,570729
0,7100844
0,6075218
0,6075218
1,098583
0,6328759
0,6328759
1,167548
0,7228351
0,7228351
0,5505689
0,4557829
0,4557829
0,5149202
0,5227052
0,5002812
0,5002812
0,771158
0,7616405
0,7616405
0,6939479
0,7397621
0,7397621
0,8713239
0,8771842
0,8134452
0,8134452
1,368629
1,01035
1,01035
1,21055
0,8032963
0,8032963
1,176021
1,066013
1,150378
1,150378
1,716723
1,066452
1,066452
1,019443
0,6036476
0,6036476
1,024291
0,7947662
0,7947662
0,9835176
0,7909362
0,5089458
0,5089458
0,4051641
0,4645273
0,4645273
0,658164
0,6613837
0,6613837
0,7249877
0,6600397
0,6600397
0,6836229
0,7315853
0,687649
0,687649
0,9724287
0,898606
0,898606
1,783467
1,466851
1,466851
2,0661
1,288755
1,162006
1,162006
1,928376
1,051889
1,051889
1,590145
1,020996
1,020996
1,062037
0,4895248
0,7083883
0,7083883
1,132398
0,7402954
0,7402954
0,5567726
0,5094414
0,5094414
0,6607984
0,5297225
0,5297225
0,5523875
0,4111713
0,2998011
0,2998011
0,6734572
0,7018657
0,7018657
0,9998657
0,9297667
0,9297667
1,040069
0,8615643
0,971001
0,971001
1,227476
0,8403407
0,8403407
1,312539
0,9170603
0,9170603
1,18488
0,8081759
0,8081759
0,9876068
0,6529222
0,7421358
0,7421358
1,360879
1,005465
1,005465
1,445836
1,029
1,029
1,298073
0,664746
0,5635099
0,5635099
1,223368
0,7250947
0,7250947
1,103554
0,6387207
0,6387207
1,431161
0,7563443
0,7563443
1,084758
0,799323
0,7220129
0,7220129
1,362877
0,4779469
0,4779469
0,7698342
0,5104831
0,5104831
0,969885
0,5644346
0,5294347
0,5294347
0,5740083
0,2788788
0,2788788
0,9153863
0,8438698
0,8438698
1,201682
0,4672551
0,3228156
0,3228156
0,573226
0,7251521
0,7251521
1,547438
0,8882988
0,8882988
0,9625193
0,6664016
0,6664016
0,797326
0,553495
0,4555314
0,4555314
0,8122394
0,7861174
0,7861174
0,9043167
0,5354961
0,5354961
0,9211771
0,6852031
0,5091798
0,5091798
0,7260084
0,6879001
0,6879001
1,138682
0,9783695
0,9783695
1,461841
0,9526582
0,9526582
0,9185479
0,7055848
0,4731618
0,4731618
0,8659473
0,7735994
0,7735994
0,7655589
0,6353525
0,6353525
0,7863428
0,7336711
0,7336711
1,140642
0,8429017
0,7587917
0,7587917
1,318682
0,9705073
0,9705073
1,517751
0,706801
0,706801
1,309477
0,8483022
0,8918108
0,8918108
1,570476
0,4541244
0,4541244
0,6771508
0,5117112
0,5117112
0,9205062
0,5142269
0,4591625
0,4591625
1,219321
1,01402
1,01402
1,623696
0,3907133
0,3907133
0,5542066
0,5429245
0,6257246
0,6257246
0,8253229
0,3070989
0,3070989
0,292648
0,1050511
0,1050511
0,7344361
0,426407
0,426407
0,7410409
0,2857481
0,1686501
0,1686501
0,5486315
0,4264775
0,4264775
0,5792634
0,4252649
0,4252649
0,9669876
0,4777033
0,2872277
0,2872277
0,6535099
0,497682
0,497682
0,8975255
0,7627991
0,7627991
0,8137295
0,399755
0,399755
0,5428454
0,4876575
0,5133976
0,5133976
0,8904485
0,7266033
0,7266033
0,9530128
0,772719
0,772719
1,012133
0,6707022
0,5612203
0,5612203
0,8593384
0,571255
0,571255
0,9197775
0,5344232
0,5344232
0,7888184
0,423715
0,423715
0,6506171
0,3172381
0,4382283
0,4382283
1,184871
0,7066329
0,7066329
1,205342
0,6643161
0,6643161
0,9224434
0,6922012
0,423877
0,423877
0,4306394
0,3727705
0,3727705
0,2035906
0,1947273
0,1947273
0,2599154
0,295811
0,295811
0,4677852
0,4492548
0,3221573
0,3221573
0,4905481
0,5019852
0,5019852
0,654491
0,631503
0,631503
1,130446
0,9049329
0,9319416
0,9319416
1,330862
0,8282136
0,8282136
1,633223
0,7779343
0,7779343
0,8905653
0,4255348
0,4255348
0,5489646
0,2689191
0,1046659
0,1046659
0,3051963
0,3091516
0,3091516
0,6611146
0,4562676
0,4562676
0,3579896
0,2001804
0,1701851
0,1701851
0,3942613
0,3877599
0,3877599
0,3133195
0,298109
0,298109
0,4408513
0,5248211
0,548709
0,548709
0,4420911
0,4837271
0,4837271
0,1493026
0,07970231
0,07970231
0,0209164
0,01787416
0,01787416
0,01666844
0,01817871
0,02029806
0,02029806
0,03061887
0,02854033
0,02854033
0,04150899
0,03720559
0,03720559
0,04330255
0,04476165
0,04568132
0,04568132
0,05124732
0,04809409
0,04809409
0,05371925
0,05319951
0,05319951
0,06881081
0,07242894
0,07242894
0,09660649
0,09401292
0,09166617
0,09166617
0,3977287
0,3684936
0,3684936
0,4436387
0,9047244
0,9047244
1,310001
2,540781
2,866108
2,866108
1,481388
1,448566
1,448566
9,256701
6,005365
6,005365
3,55544
1,597739
1,597739
0,7086959
0,6424064
0,2872364
0,2872364
0,7086434
0,6197029
0,6197029
1,17485
0,9648467
0,9648467
1,283375
0,9237046
0,8151449
0,8151449
1,038883
0,5972421
0,5972421
0,8836324
velocityComponents
0,008064508
-0,05486384
-0,2305925
0,008064508
-0,05486384
-0,2305925
0,239104
0,3509119
-0,8142769
0,095433
0,05837232
-0,3761083
0,03180504
-0,02252236
-0,2469957
0,03180504
-0,02252236
-0,2469957
-0,1063168
-0,04224405
-0,07166564
-0,09273887
0,07654056
0,244692
-0,09273887
0,07654056
0,244692
-0,1925647
0,5737566
0,2065659
0,0290513
0,3577493
-0,1025707
0,0290513
0,3577493
-0,1025707
0,2884746
0,7425323
-0,6791085
0,1347721
0,328692
-0,3339529
0,06060166
0,3331838
-0,1682726
0,06060166
0,3331838
-0,1682726
-0,07356729
0,615024
0,1076481
-0,06931078
0,2384165
0,09494367
-0,06931078
0,2384165
0,09494367
0,02520758
0,2970898
-0,1954957
0,08597901
0,05264124
-0,2867571
0,08597901
0,05264124
-0,2867571
0,2073
-0,3420037
-0,7046099
0,06915691
-0,3414059
-0,3254539
-0,01250377
-0,2990339
-0,1034776
-0,01250377
-0,2990339
-0,1034776
-0,07791729
-0,5884639
-0,079565
-0,02410056
-0,3923538
-0,1287975
-0,02410056
-0,3923538
-0,1287975
0,05790503
-0,5550141
-0,4183202
0,07419734
-0,4297275
-0,3911037
0,07419734
-0,4297275
-0,3911037
0,1264902
-0,3822394
-0,5382599
0,09049755
-0,1482167
-0,3628955
0,09049755
-0,1482167
-0,3628955
0,117559
0,1710927
-0,3702941
0,1079131
0,2026158
-0,3204707
0,09435223
0,2548954
-0,2509858
0,09435223
0,2548954
-0,2509858
0,08438147
0,3461208
-0,2256454
0,07362027
0,2689939
-0,2148
0,07362027
0,2689939
-0,2148
0,08733286
0,2110757
-0,2660711
0,08726145
0,1772541
-0,269533
0,08726145
0,1772541
-0,269533
0,08047986
0,1029779
-0,2666581
0,08136117
0,1011519
-0,2675965
0,05412958
0,07168234
-0,1779835
0,05412958
0,07168234
-0,1779835
0,0328628
0,02749533
-0,1141677
0,03368012
0,03764481
-0,1154136
0,03368012
0,03764481
-0,1154136
0,0369541
0,05500358
-0,1275569
0,03737463
0,05921245
-0,130124
0,03737463
0,05921245
-0,130124
0,01990921
0,05438938
-0,09731461
0,01131149
0,05859513
-0,08275078
0,004181292
0,0658761
-0,07190469
0,004181292
0,0658761
-0,07190469
0,01136041
0,07231989
-0,08501206
0,009341411
0,06786473
-0,07122217
0,009341411
0,06786473
-0,07122217
0,01788552
0,06828768
-0,08917898
0,008787505
0,05915857
-0,06712887
0,008787505
0,05915857
-0,06712887
0,007572904
0,0394124
-0,03402463
0,01084936
0,04032101
-0,04435548
0,01084936
0,04032101
-0,04435548
0,008793227
0,05780603
-0,0667505
0,012214
0,04922421
-0,07474405
0,01356145
0,06474947
-0,0646525
0,01356145
0,06474947
-0,0646525
-0,008922875
0,03238786
-0,03371933
0,007041842
0,06835063
-0,07929701
0,007041842
0,06835063
-0,07929701
-0,04099028
0,1171536
-0,132058
-0,05998567
0,04469606
-0,0744909
-0,05998567
0,04469606
-0,0744909
-0,07141176
0,02320136
-0,08002424
-0,04855451
-0,06083246
-0,0973534
-0,08545667
-0,00701081
-0,09142536
-0,08545667
-0,00701081
-0,09142536
-0,0721446
-0,05827863
-0,1394422
-0,0989112
-0,01887421
-0,1243123
-0,0989112
-0,01887421
-0,1243123
-0,08947143
-0,0291173
-0,1680707
-0,08661368
-0,03548355
-0,167384
-0,08661368
-0,03548355
-0,167384
-0,1037164
-0,01239741
-0,1972171
0,278054
-0,1523343
-1,44048
-0,213394
0,1689309
-0,6095271
-0,213394
0,1689309
-0,6095271
-0,2541844
0,0365418
-1,157589
0,6794761
0,005840017
-2,446036
0,6794761
0,005840017
-2,446036
0,4534793
0,02220724
-2,619226
0,7139312
-0,05452183
-2,754589
0,7139312
-0,05452183
-2,754589
2,4138
-0,05959629
-10,19835
-0,3701345
-0,04971397
-0,08420992
-0,3701345
-0,04971397
-0,08420992
0,003991202
-0,263426
0,01542771
0,02553056
-0,1757901
-0,05755538
0,0228392
-0,08686046
-0,07202864
0,0228392
-0,08686046
-0,07202864
-0,009746984
-0,06442703
-0,0307712
-0,00786446
-0,02374679
-0,02336097
-0,00786446
-0,02374679
-0,02336097
0,04601226
0,005766369
0,01594812
0,03711633
0,001251593
0,01510698
0,03711633
0,001251593
0,01510698
0,02775271
3,650039E-05
0,009222627
0,02186862
0,002108
0,003690541
0,02005427
8,905679E-05
0,0003966689
0,02005427
8,905679E-05
0,0003966689
0,0361647
0,006659605
-0,0001165867
0,04192272
0,005959697
-0,001610577
0,04192272
0,005959697
-0,001610577
0,04176989
0,007273443
0,009230167
0,0373471
0,01493386
0,02581444
0,0373471
0,01493386
0,02581444
0,03021336
0,02202593
-0,00400275
0,02096619
0,03179644
0,03654107
0,02096619
0,03179644
0,03654107
0,01701718
0,06216341
0,06504822
0,02806231
0,0648133
0,05331877
0,01262711
0,061649
0,05922236
0,01262711
0,061649
0,05922236
0,01065551
0,07159546
0,05816454
0,007661171
0,07818349
0,05708158
0,007661171
0,07818349
0,05708158
0,005407654
0,06737943
0,06803468
0,02220396
0,01990697
0,07116953
0,02220396
0,01990697
0,07116953
0,03768779
-0,03078511
0,1007197
0,03050356
-0,04507011
0,1137402
0,02678449
-0,07526649
0,1192738
0,02678449
-0,07526649
0,1192738
0,0172559
-0,09142999
0,1319176
0,01048159
-0,08561797
0,1488502
0,01048159
-0,08561797
0,1488502
-0,01393364
-0,1819419
0,4026892
-0,02442704
-0,1826614
0,3781079
-0,02442704
-0,1826614
0,3781079
-0,06121871
-0,4285635
0,5449833
-0,06810962
-0,43107
0,3865324
-0,1092317
-0,5339635
0,4541395
-0,1092317
-0,5339635
0,4541395
-0,2847851
-0,9399882
0,9226987
-0,2698703
-0,8710816
0,7622691
-0,2698703
-0,8710816
0,7622691
-0,5576448
-1,712475
1,269527
-0,2614671
-0,6805308
0,5542374
-0,2614671
-0,6805308
0,5542374
-0,4886145
-1,350456
0,7806728
-0,2350374
-0,4882829
0,4102903
-0,2350374
-0,4882829
0,4102903
-0,09249728
0,5442693
0,4080475
-0,02334386
0,4577933
0,1670045
-0,04794003
0,1434281
0,09444989
-0,04794003
0,1434281
0,09444989
-0,1452982
-0,2543876
0,0763951
-0,07164545
-0,2651116
-0,1516356
-0,07164545
-0,2651116
-0,1516356
0,06999956
0,02529029
-0,6654924
0,05973988
0,1997038
-0,3414851
0,05973988
0,1997038
-0,3414851
0,1313409
1,092207
-0,03256789
0,09016945
0,9256094
0,1534606
0,06635635
0,7685725
0,1611923
0,06635635
0,7685725
0,1611923
0,1968895
1,212547
-0,2581985
0,2613856
1,360146
-0,5450917
0,2613856
1,360146
-0,5450917
0,4789798
2,850104
-1,128064
0,1695448
1,671221
-0,2607321
0,1695448
1,671221
-0,2607321
-0,005330173
2,887808
0,7115808
-0,14909
1,013395
0,88438
-0,14909
1,013395
0,88438
-0,1918784
0,7571431
0,8538488
0,02817989
0,3944165
-0,2382403
0,08875225
0,3875968
-0,5371857
0,08875225
0,3875968
-0,5371857
0,2317682
0,592007
-1,48428
0,09885791
0,3464146
-0,7390047
0,09885791
0,3464146
-0,7390047
-0,01050729
0,7157056
-0,3006285
-0,05188526
0,3636685
0,0731095
-0,05188526
0,3636685
0,0731095
-0,1109052
0,2964214
0,2492908
-0,02198672
-0,04311227
-0,09684664
0,01381794
-0,1608639
-0,2867472
0,01381794
-0,1608639
-0,2867472
0,03168192
-0,4655657
-0,5622193
-0,002108796
-0,1986941
-0,2394368
-0,002108796
-0,1986941
-0,2394368
-0,05914233
0,01686667
0,1878378
-0,05228199
0,0431577
0,1403636
-0,05228199
0,0431577
0,1403636
-0,1287493
0,2790834
0,2511174
-0,09250627
0,3507757
0,1271442
-0,05922211
0,4594146
-0,06578937
-0,05922211
0,4594146
-0,06578937
0,01966593
0,7043902
-0,6774364
0,0379797
0,3938811
-0,5620741
0,0379797
0,3938811
-0,5620741
0,04306083
1,228311
-0,8171334
0,009177288
1,036716
-0,4992951
0,009177288
1,036716
-0,4992951
-0,007569821
1,556922
-0,7458684
-0,006849569
1,003016
-0,5595581
-0,006849569
1,003016
-0,5595581
0,04234402
0,7584179
-0,979431
0,04331458
0,3903061
-0,7627157
0,05690999
0,1764382
-0,7635617
0,05690999
0,1764382
-0,7635617
0,1003791
-0,1739644
-1,034564
0,06919754
-0,2603131
-0,6235079
0,06919754
-0,2603131
-0,6235079
0,04416475
-0,1026284
-0,5390265
0,02674291
-0,179971
-0,254309
0,02674291
-0,179971
-0,254309
0,03980277
-0,3748249
-0,3656396
0,03553228
-0,3342814
-0,375232
0,0251193
-0,2273701
-0,3308095
0,0251193
-0,2273701
-0,3308095
0,02919398
-0,2808727
-0,511755
0,01441987
-0,1414885
-0,4259459
0,01441987
-0,1414885
-0,4259459
-0,006763934
0,04836872
-0,3031418
-0,01206515
0,1139458
-0,2556872
-0,01206515
0,1139458
-0,2556872
-0,009151805
0,03813202
-0,5133894
0,004771299
-0,1355219
-0,4799785
0,004771299
-0,1355219
-0,4799785
0,02203613
-0,3632401
-0,9407098
0,01584342
-0,2876149
-0,7860454
0,009852244
-0,2318013
-0,7561218
0,009852244
-0,2318013
-0,7561218
0,004170732
-0,253219
-0,8049377
0,004195581
-0,2673478
-0,6712436
0,004195581
-0,2673478
-0,6712436
0,004811694
-0,5484212
-0,9066251
0,002913278
-0,6104872
-0,8004988
0,002913278
-0,6104872
-0,8004988
-0,000556063
-0,910355
-0,8205783
-0,002888451
-0,8173194
-0,644224
-0,003657654
-0,819663
-0,5510079
-0,003657654
-0,819663
-0,5510079
-0,01355914
-1,199796
-0,7068633
-0,01545607
-0,898907
-0,524993
-0,01545607
-0,898907
-0,524993
-0,03176675
-1,386944
-0,7156109
-0,02328872
-0,7878259
-0,3969436
-0,02328872
-0,7878259
-0,3969436
-0,04492516
-0,8591748
-0,6678176
-0,03061013
-0,4870167
-0,3255933
-0,03372648
-0,4930797
-0,2854193
-0,03372648
-0,4930797
-0,2854193
-0,03525265
-0,5644249
-0,3485316
-0,007442357
-0,2826333
-0,0905543
-0,007442357
-0,2826333
-0,0905543
0,01413376
-0,4075386
0,2634917
0,01241945
-0,3562553
0,3119635
0,01241945
-0,3562553
0,3119635
-0,02196933
-0,8597745
0,3973955
-0,044708
-0,6924046
0,06446668
-0,044708
-0,6924046
0,06446668
-0,06853685
-0,8493048
0,003860105
-0,03263264
-0,4575664
0,1112024
-0,01471457
-0,3488588
0,2666025
-0,01471457
-0,3488588
0,2666025
-0,01331212
-0,5115358
0,6009324
-0,02515572
-0,4066591
0,3047524
-0,02515572
-0,4066591
0,3047524
-0,04048958
-0,4692471
0,1986084
-0,02711495
-0,2552382
0,01255408
-0,02711495
-0,2552382
0,01255408
-0,01467866
-0,078921
-0,1471538
0,009768918
0,1145964
-0,06571157
0,0109816
0,1082907
-0,01973163
0,0109816
0,1082907
-0,01973163
0,01910585
0,2605509
-0,1692771
0,008383665
0,3192593
-0,3732975
0,008383665
0,3192593
-0,3732975
-0,03831478
0,4303102
-0,9856356
-0,03038345
0,2870515
-0,6206176
-0,03038345
0,2870515
-0,6206176
-0,0546097
0,34587
-0,7611513
-0,04722921
0,1914912
-0,4907942
-0,04722921
0,1914912
-0,4907942
-0,0535121
0,2894668
-0,5259368
-0,04962952
0,2496106
-0,4699448
-0,040651
0,2564336
-0,4129161
-0,040651
0,2564336
-0,4129161
-0,06860966
0,1938784
-0,5555955
-0,0745478
0,1273501
-0,5520962
-0,0745478
0,1273501
-0,5520962
-0,07948498
0,02131103
-0,5211735
-0,07640777
-0,02150394
-0,4694587
-0,07640777
-0,02150394
-0,4694587
-0,06197724
-0,07885168
-0,3462614
-0,06812738
-0,09512853
-0,3773686
-0,05229725
-0,06737761
-0,291624
-0,05229725
-0,06737761
-0,291624
-0,07485594
-0,04816937
-0,4353718
-0,07390755
-0,03534428
-0,4325649
-0,07390755
-0,03534428
-0,4325649
-0,08227441
-0,06794067
-0,3047178
-0,09777628
-0,09993395
-0,2480725
-0,09777628
-0,09993395
-0,2480725
-0,2726805
-0,04155294
-0,2995443
-0,1947626
0,001095816
-0,2789741
-0,1947626
0,001095816
-0,2789741
-0,1581966
0,001438528
-0,2389594
-0,1525723
-0,02613439
-0,2306117
-0,06705148
-0,1873026
-0,4757631
-0,06705148
-0,1873026
-0,4757631
-0,171165
-0,007794589
-0,4054948
-0,1609077
-0,1249138
-0,3365436
-0,1609077
-0,1249138
-0,3365436
-0,3011387
0,002091199
-1,072849
-0,3680908
-0,06839016
-1,003853
-0,3680908
-0,06839016
-1,003853
-0,1355529
-0,1155313
-0,06679246
-0,1420156
-0,04502365
-0,1473542
-0,2044324
0,0138672
-0,2505664
-0,2044324
0,0138672
-0,2505664
-0,1257708
-2,711639E-05
-0,1477033
-0,03683105
-0,05141527
-0,4825839
-0,03683105
-0,05141527
-0,4825839
-0,148073
-0,1440745
-1,39937
-0,1526186
-0,1168395
-1,294459
-0,1526186
-0,1168395
-1,294459
-0,4444804
-0,2566507
-3,184052
-0,362142
-0,183515
-2,309092
-0,4352914
-0,08000696
-2,519503
-0,4352914
-0,08000696
-2,519503
-0,7569601
0,4877569
-3,59349
-0,1768172
0,2632976
-0,5313128
-0,1768172
0,2632976
-0,5313128
-0,4709303
0,02167225
-1,236236
-0,2721608
0,05791634
-0,7117838
-0,2721608
0,05791634
-0,7117838
-0,3107548
0,8544199
-0,9762973
-0,05419254
0,5924769
-0,2553374
-0,05419254
0,5924769
-0,2553374
0,1977563
1,527408
0,2135009
0,2151191
0,4825741
0,4663736
0,2407432
0,2961606
0,5786985
0,2407432
0,2961606
0,5786985
0,2877176
0,5613211
0,702861
0,1309633
0,6823462
0,2633959
0,1309633
0,6823462
0,2633959
0,3602028
1,278087
0,8556753
0,246197
0,5240821
0,6465018
0,246197
0,5240821
0,6465018
0,4899204
0,5460419
1,388887
0,2009511
0,3281601
0,5967826
0,1773357
0,1841255
0,5511194
0,1773357
0,1841255
0,5511194
0,3009796
0,4109792
0,9733409
0,1561522
0,3416143
0,5093604
0,1561522
0,3416143
0,5093604
0,3271791
0,0611648
1,119099
0,1780206
-0,2707356
0,6461435
0,1780206
-0,2707356
0,6461435
0,1388305
0,05888964
0,5295132
0,09290011
0,2617052
0,3614111
0,09290011
0,2617052
0,3614111
0,07444245
0,3907801
0,3269435
0,05335532
0,4623812
0,2378604
0,04273595
0,4621545
0,1867302
0,04273595
0,4621545
0,1867302
0,08098152
0,6760657
0,3620246
0,1006204
0,6077989
0,4478307
0,1006204
0,6077989
0,4478307
0,1073236
0,4848887
0,4846939
0,1040751
0,5412503
0,4934212
0,1040751
0,5412503
0,4934212
0,08886534
0,7049546
0,5043285
0,08966905
0,6944246
0,5283805
0,09678116
0,5871715
0,5545774
0,09678116
0,5871715
0,5545774
0,216224
0,7057829
1,152502
0,1507572
0,541473
0,8395751
0,1507572
0,541473
0,8395751
0,165767
0,6710097
0,9938301
0,1194494
0,3767315
0,6993498
0,1194494
0,3767315
0,6993498
0,1559801
0,5913939
1,004464
0,1354737
0,53155
0,9140484
0,1578833
0,4602379
1,042412
0,1578833
0,4602379
1,042412
0,3190901
-0,3219714
1,655794
0,1967528
-0,5581573
0,8871686
0,1967528
-0,5581573
0,8871686
0,1802629
-0,7165698
0,7023508
0,1105557
-0,3839324
0,4525084
0,1105557
-0,3839324
0,4525084
0,1515398
-0,8858828
0,4913453
0,1102082
-0,6909412
0,3769718
0,1102082
-0,6909412
0,3769718
0,1156056
-0,9087147
0,358022
0,07710799
-0,7632942
0,1923965
0,04730159
-0,4989255
0,08866603
0,04730159
-0,4989255
0,08866603
0,04195306
-0,3991933
0,05515986
0,04814401
-0,4471716
0,1162125
0,04814401
-0,4471716
0,1162125
0,05067078
-0,6391242
0,1487703
0,04106855
-0,6521327
0,1022972
0,04106855
-0,6521327
0,1022972
0,02530827
-0,7244902
0,008977543
0,02357324
-0,6591047
0,02603246
0,02357324
-0,6591047
0,02603246
0,03461502
-0,6553066
0,1916125
0,04010557
-0,6724974
0,2852296
0,0407605
-0,6065473
0,3214032
0,0407605
-0,6065473
0,3214032
0,06554681
-0,8326229
0,4980565
0,05144727
-0,7936314
0,4183241
0,05144727
-0,7936314
0,4183241
0,06063669
-1,632486
0,7155871
0,02981647
-1,352485
0,5670497
0,02981647
-1,352485
0,5670497
0,0345755
-1,88411
0,8471728
0,01928006
-1,149623
0,582137
0,01487205
-1,015924
0,5638574
0,01487205
-1,015924
0,5638574
-0,03822328
-1,667238
0,9682407
-0,07083216
-1,018283
0,2540708
-0,07083216
-1,018283
0,2540708
-0,1753272
-1,577208
-0,1011833
-0,1240405
-0,9845932
-0,2400466
-0,1240405
-0,9845932
-0,2400466
-0,1093369
-1,033139
-0,2204361
-0,01071583
-0,4063075
0,2728258
-0,02482029
-0,4889
0,5120301
-0,02482029
-0,4889
0,5120301
-0,08309614
-0,8556231
0,7371094
-0,05996554
-0,5842149
0,4507043
-0,05996554
-0,5842149
0,4507043
-0,05932808
-0,5305805
0,1579883
-0,06129826
-0,4882649
0,1317972
-0,06129826
-0,4882649
0,1317972
-0,06063366
-0,5500503
0,361141
-0,04434631
-0,4200614
0,3196683
-0,04434631
-0,4200614
0,3196683
-0,04157675
-0,4327308
0,340804
-0,02210905
-0,2996427
0,2806907
-0,005208205
-0,1809637
0,238968
-0,005208205
-0,1809637
0,238968
-0,0183656
-0,3108341
0,5971512
-0,02850954
-0,3259101
0,6209552
-0,02850954
-0,3259101
0,6209552
-0,05370522
-0,4604389
0,8859137
-0,06923149
-0,4677343
0,8005609
-0,06923149
-0,4677343
0,8005609
-0,1024385
-0,5758967
0,859996
-0,08326975
-0,4581851
0,7248624
-0,07464967
-0,4254234
0,8696467
-0,07464967
-0,4254234
0,8696467
-0,03715305
-0,2919517
1,191672
-0,01086725
-0,1149433
0,8323715
-0,01086725
-0,1149433
0,8323715
-0,08994263
-0,3289142
1,267472
-0,06391276
-0,1846763
0,8959963
-0,06391276
-0,1846763
0,8959963
-0,06473467
-0,1175729
1,177253
-0,02635337
0,01342602
0,8076345
-0,02635337
0,01342602
0,8076345
0,04685838
0,3081616
0,9371275
0,07810263
0,3674992
0,533996
0,1436359
0,6080619
0,4004935
0,1436359
0,6080619
0,4004935
0,1779699
0,9720765
0,9356205
0,07470449
0,5925114
0,8088943
0,07470449
0,5925114
0,8088943
-0,01430172
0,5620593
1,332038
0,01197166
0,4995114
0,8995475
0,01197166
0,4995114
0,8995475
0,05047791
0,7682942
1,04507
0,03442704
0,4306043
0,5052543
0,0664441
0,4677412
0,3071592
0,0664441
0,4677412
0,3071592
0,1500457
1,072218
0,5696185
0,02921684
0,5318994
0,4919265
0,02921684
0,5318994
0,4919265
0,05702638
0,8854302
0,656196
0,1168848
0,6278885
0,007623533
0,1168848
0,6278885
0,007623533
0,3289479
1,256541
-0,6009325
0,1669183
0,663137
-0,3231785
0,1669183
0,663137
-0,3231785
0,1826577
1,060403
-0,1374072
0,09429798
0,7886557
0,08970694
0,06554882
0,7006147
0,1616941
0,06554882
0,7006147
0,1616941
0,07680206
1,277648
0,4681338
0,03671695
0,4662982
0,09823991
0,03671695
0,4662982
0,09823991
0,1177557
0,7319433
-0,2074542
0,08648156
0,4584627
-0,2071856
0,08648156
0,4584627
-0,2071856
0,1460233
0,906065
-0,3136882
0,03075733
0,5518494
0,1144666
-0,03554563
0,3718798
0,3751574
-0,03554563
0,3718798
0,3751574
-0,03601231
0,4321047
0,3761306
0,01001679
0,2730198
0,05597528
0,01001679
0,2730198
0,05597528
0,06723367
0,9127117
-0,0192127
0,05127312
0,8422267
0,01189683
0,05127312
0,8422267
0,01189683
-0,03886358
1,085705
0,5135897
-0,0781091
0,1507167
0,4353283
-0,05395977
0,1313511
0,2899054
-0,05395977
0,1313511
0,2899054
-0,01927783
0,5428124
0,1832243
0,03436365
0,7219112
-0,05923594
0,03436365
0,7219112
-0,05923594
0,1082528
1,492748
-0,393128
0,04894315
0,8643575
-0,1989106
0,04894315
0,8643575
-0,1989106
0,0001330514
0,9625186
0,001134329
-0,02485896
0,6555705
0,1170487
-0,02485896
0,6555705
0,1170487
-0,09696205
0,6257081
0,4845786
-0,07535151
0,3974764
0,3777452
-0,05791038
0,3452312
0,2914972
-0,05791038
0,3452312
0,2914972
-0,02358403
0,8084975
0,0742187
-0,02187083
0,7846856
0,04208155
-0,02187083
0,7846856
0,04208155
-0,07921758
0,848602
0,3023042
-0,08611117
0,3423837
0,4026342
-0,08611117
0,3423837
0,4026342
-0,1790705
0,1329895
0,8937644
-0,1351489
0,1836791
0,6461424
-0,0972793
0,230452
0,4435004
-0,0972793
0,230452
0,4435004
-0,133593
0,4038496
0,5883422
-0,1272679
0,4088239
0,538398
-0,1272679
0,4088239
0,538398
-0,2409482
0,4828443
1,002697
-0,2180227
0,3018498
0,9047429
-0,2180227
0,3018498
0,9047429
-0,3383749
0,1581298
1,413321
-0,2134123
-0,04735279
0,9272382
-0,2134123
-0,04735279
0,9272382
-0,1930219
-0,1051555
0,8918605
-0,1535235
-0,03933529
0,687556
-0,1096093
0,06480995
0,4557056
-0,1096093
0,06480995
0,4557056
-0,2079408
0,0323659
0,8399868
-0,1820709
-0,08064637
0,7475308
-0,1820709
-0,08064637
0,7475308
-0,1549146
-0,2677293
0,7002877
-0,1238175
-0,2097282
0,5868186
-0,1238175
-0,2097282
0,5868186
-0,1694485
-0,06592967
0,765033
-0,1646553
-0,1079858
0,7067538
-0,1646553
-0,1079858
0,7067538
-0,2446245
-0,439577
1,023716
-0,1687106
-0,3729631
0,7368301
-0,1411622
-0,3773315
0,6430078
-0,1411622
-0,3773315
0,6430078
-0,2549917
-0,7452271
1,05761
-0,2138454
-0,5347891
0,7811243
-0,2138454
-0,5347891
0,7811243
-0,3672464
-0,8142117
1,227094
-0,1379042
-0,4574212
0,5208799
-0,1379042
-0,4574212
0,5208799
-0,2455566
-0,8799024
0,938192
-0,1665235
-0,6451294
0,5250663
-0,1407444
-0,7621869
0,4411221
-0,1407444
-0,7621869
0,4411221
-0,2808154
-1,32152
0,800702
-0,07032156
-0,3836051
0,2326608
-0,07032156
-0,3836051
0,2326608
-0,1069248
-0,5418472
0,3917933
-0,07622838
-0,4568115
0,2176255
-0,07622838
-0,4568115
0,2176255
-0,09075999
-0,8778211
0,2617717
0,02862215
-0,511482
-0,04467964
0,0439167
-0,4507609
-0,07560551
0,0439167
-0,4507609
-0,07560551
0,117594
-1,18079
-0,2804458
0,009220839
-1,007131
-0,1176417
0,009220839
-1,007131
-0,1176417
0,0184536
-1,602838
-0,2587646
0,07438064
-0,3250599
-0,2036184
0,07438064
-0,3250599
-0,2036184
0,1624584
-0,3480859
-0,3994852
-0,02261996
-0,5392902
-0,05849302
-0,03529787
-0,6216019
-0,06242096
-0,03529787
-0,6216019
-0,06242096
0,06040931
-0,7591002
-0,3182381
0,08597374
-0,1711197
-0,2400756
0,08597374
-0,1711197
-0,2400756
0,08484125
-0,1173593
-0,2543062
-0,01745224
0,09424984
0,04298985
-0,01745224
0,09424984
0,04298985
-0,0269413
-0,7064455
-0,199011
-0,02356172
-0,4148692
-0,09566247
-0,02356172
-0,4148692
-0,09566247
0,08838177
-0,5907923
-0,4385144
0,03195405
-0,2266891
-0,1710057
0,02179742
-0,1225837
-0,1137584
0,02179742
-0,1225837
-0,1137584
-0,04124045
-0,5298771
-0,1361102
-0,04616976
-0,4191443
-0,06379187
-0,04616976
-0,4191443
-0,06379187
0,03989226
-0,4807838
-0,3206269
0,02118796
-0,3673749
-0,2131595
0,02118796
-0,3673749
-0,2131595
-0,04914226
-0,9237367
-0,2817099
0,002990198
-0,4307953
-0,2064145
0,03424707
-0,208125
-0,1949638
0,03424707
-0,208125
-0,1949638
0,01269987
-0,5636347
-0,3304992
-0,01320881
-0,4504858
-0,2111291
-0,01320881
-0,4504858
-0,2111291
-0,07560237
-0,8513665
-0,2738822
-0,07327303
-0,7279558
-0,2158099
-0,07327303
-0,7279558
-0,2158099
-0,02205838
-0,7215951
-0,3754592
0,04467884
-0,2613789
-0,299147
0,04467884
-0,2613789
-0,299147
0,05016642
-0,3702582
-0,3937935
0,01301422
-0,3839437
-0,3003792
-0,02866185
-0,4574409
-0,2313081
-0,02866185
-0,4574409
-0,2313081
-0,04828148
-0,7916226
-0,4048468
-0,003712097
-0,6030962
-0,4052327
-0,003712097
-0,6030962
-0,4052327
0,04971656
-0,7039076
-0,6405276
0,03459388
-0,5728663
-0,5174188
0,03459388
-0,5728663
-0,5174188
-0,003470312
-0,7978707
-0,6227394
-0,002498281
-0,5184021
-0,425552
0,009743211
-0,4054473
-0,387925
0,009743211
-0,4054473
-0,387925
0,04124168
-0,5497635
-0,6591826
0,04023275
-0,3263474
-0,4671306
0,04023275
-0,3263474
-0,4671306
0,01585485
-0,5829203
-0,7112969
0,00666043
-0,3292945
-0,4208669
0,00666043
-0,3292945
-0,4208669
0,1539887
-0,09832393
-0,7673685
0,1162089
0,08563367
-0,3983676
0,1162089
0,08563367
-0,3983676
0,1875541
0,1993174
-0,590253
0,07978857
0,04287112
-0,3040327
0,1052608
-0,00654001
-0,4253486
0,1052608
-0,00654001
-0,4253486
0,2519427
-0,1342456
-1,149966
0,1824631
0,07346458
-0,6787049
0,1824631
0,07346458
-0,6787049
0,37016
0,7090448
-0,9017125
0,1927899
0,4480357
-0,4510121
0,1927899
0,4480357
-0,4510121
0,2388474
0,827673
-0,3298654
0,1764923
0,6080534
-0,2797571
0,09142926
0,3866693
-0,1476457
0,09142926
0,3866693
-0,1476457
0,07637453
0,402414
-0,1329667
0,05481085
0,36245
-0,06770258
0,05481085
0,36245
-0,06770258
0,0006403486
0,2022506
0,02331053
0,01045111
0,1939132
-0,0143936
0,01045111
0,1939132
-0,0143936
0,04842837
0,2147115
-0,1382377
0,06164677
0,2161529
-0,1923063
0,06164677
0,2161529
-0,1923063
0,09813246
0,2468474
-0,3850446
0,09122786
0,2279656
-0,3762168
0,06281131
0,160291
-0,2722993
0,06281131
0,160291
-0,2722993
0,0911262
0,2706666
-0,3988396
0,09627985
0,3098612
-0,3830213
0,09627985
0,3098612
-0,3830213
0,1253444
0,4554564
-0,4529974
0,1199392
0,4385415
-0,438283
0,1199392
0,4385415
-0,438283
0,2113437
0,7478025
-0,8209949
0,1635544
0,6007977
-0,6566548
0,1557322
0,6655876
-0,6334475
0,1557322
0,6655876
-0,6334475
0,2105889
1,04317
-0,7991507
0,1305928
0,6383888
-0,5112173
0,1305928
0,6383888
-0,5112173
0,2771775
1,184346
-1,089915
0,1326577
0,5379875
-0,5460339
0,1326577
0,5379875
-0,5460339
0,122037
0,7569194
-0,4530855
0,04024338
0,410949
-0,1028651
0,04024338
0,410949
-0,1028651
0,04595049
0,5343822
-0,1169883
0,009332388
0,2675249
-0,02570655
-0,004948307
0,07357111
-0,0742816
-0,004948307
0,07357111
-0,0742816
0,01835282
0,07669652
-0,2948315
0,03468907
0,1115063
-0,2862476
0,03468907
0,1115063
-0,2862476
0,06681347
0,1158154
-0,647453
0,04785329
0,1208109
-0,4373727
0,04785329
0,1208109
-0,4373727
0,02520956
0,2685522
-0,2353736
-0,006331064
0,1978495
-0,02979445
-0,00808128
0,1597986
-0,05798327
-0,00808128
0,1597986
-0,05798327
0,01122338
0,182445
-0,3493277
0,01667862
0,1659988
-0,3500342
0,01667862
0,1659988
-0,3500342
0,004846587
0,2112533
-0,2313389
0,004701286
0,2341498
-0,1844471
0,004701286
0,2341498
-0,1844471
0,02099427
0,2996799
-0,322647
0,03761945
0,2558767
-0,4566717
0,04314734
0,1734947
-0,5187672
0,04314734
0,1734947
-0,5187672
0,03106336
0,05525874
-0,4375227
0,03149929
0,05750993
-0,4792622
0,03149929
0,05750993
-0,4792622
-0,06301863
0,1096182
-0,0793964
-0,05302785
0,04395314
-0,0401077
-0,05302785
0,04395314
-0,0401077
-0,01345329
0,01204292
-0,01055807
-0,01338924
0,01166075
-0,00205937
-0,01338924
0,01166075
-0,00205937
-0,0166412
8,602813E-05
0,0009486675
-0,01706245
-0,002133586
-0,005897969
-0,01846418
-0,003409352
-0,007711142
-0,01846418
-0,003409352
-0,007711142
-0,02653613
-0,006552376
-0,0137991
-0,02246315
-0,007639036
-0,01586199
-0,02246315
-0,007639036
-0,01586199
-0,02616523
-0,01054056
-0,03045118
-0,03289983
-0,002548493
-0,01718611
-0,03289983
-0,002548493
-0,01718611
-0,0399102
-0,001015708
-0,01677066
-0,04019053
-0,003150202
-0,01945257
-0,04088891
0,002261214
-0,02024269
-0,04088891
0,002261214
-0,02024269
-0,04238023
-0,0006207153
-0,02880657
-0,03978562
-0,005434349
-0,02646911
-0,03978562
-0,005434349
-0,02646911
-0,04127103
0,001953572
-0,03433138
-0,03626537
-0,01020479
-0,0375616
-0,03626537
-0,01020479
-0,0375616
-0,04150658
-0,01966347
-0,05123943
-0,04512465
-0,02399295
-0,05132306
-0,04512465
-0,02399295
-0,05132306
-0,06254362
-0,03162766
-0,0664891
-0,06085775
-0,02043568
-0,06868148
-0,05606396
-0,02917671
-0,06639457
-0,05606396
-0,02917671
-0,06639457
-0,2556884
-0,1035215
-0,286522
-0,2576624
-0,07334217
-0,2530189
-0,2576624
-0,07334217
-0,2530189
-0,3064494
-0,02718157
-0,319633
-0,1831892
-0,4680989
-0,7522309
-0,1831892
-0,4680989
-0,7522309
-0,9614105
0,4680105
-0,7568088
-0,7979147
1,278273
-2,045707
0,2844255
-0,06479948
-2,851224
0,2844255
-0,06479948
-2,851224
0,1088762
-0,01524016
-1,477303
0,09008132
-0,01812739
-1,445648
0,09008132
-0,01812739
-1,445648
0,365183
-0,291772
-9,244892
0,1510623
-0,1312801
-6,002029
0,1510623
-0,1312801
-6,002029
-0,01360864
0,07729022
-3,554574
-0,2730671
0,1407434
-1,567927
-0,2730671
0,1407434
-1,567927
0,0142425
-0,02337357
-0,7081672
0,01000212
-0,01000372
-0,6422507
0,003822449
-0,009121141
-0,2870661
0,003822449
-0,009121141
-0,2870661
0,006805115
-0,04214361
-0,7073564
0,003102902
-0,02788314
-0,6190675
0,003102902
-0,02788314
-0,6190675
-0,05291863
-0,09667125
-1,16967
-0,06866322
-0,06166194
-0,960423
-0,06866322
-0,06166194
-0,960423
-0,1523095
-0,01742774
-1,274185
-0,1304442
-0,007330833
-0,9144182
-0,1364999
-0,000529893
-0,8036347
-0,1364999
-0,000529893
-0,8036347
-0,2288207
0,0003982251
-1,01337
-0,1579738
-0,06140414
-0,5726883
-0,1579738
-0,06140414
-0,5726883
-0,2777146
-0,2433888
-0,8027719
closestDistance
0,2688032
0,2632034
0,2458909
0,243795
0,2392444
0,2392444
0,2391395
0,2440919
0,2440919
0,2485181
0,2273696
0,2303119
0,2225213
0,23423
0,2289941
0,2271858
0,2261273
0,2297872
0,2284266
0,2230133
0,2170803
0,2170803
0,2057814
0,202461
0,2039293
0,1972495
0,2004599
0,2031581
0,1831421
0,1710505
0,1860188
0,1860188
0,1790649
0,1702907
0,1398995
0,1347293
0,1301546
0,1280443
0,1280443
0,1278046
0,1319177
0,1262659
0,1242394
0,1221191
0,1284779
0,1255284
0,1164988
0,1146226
0,1142092
0,1129854
0,1119111
0,1119111
0,1109591
0,1101027
0,1150491
0,114551
0,114356
0,114513
0,114513
0,1145859
0,1150385
0,1108078
0,1108716
0,1080175
0,1080175
0,1086572
0,1085202
0,1085202
0,108492
0,1093053
0,1090347
0,1079679
0,1073481
0,1101756
0,1135821
0,1110696
0,1103268
0,1103268
0,1096875
0,1091334
0,1089684
0,1089684
0,1081641
0,1078841
0,1078841
0,1067918
0,1060176
0,1060176
0,1049759
0,08534005
0,1083959
0,1144757
0,1152704
0,1300492
0,1018204
0,1262251
0,1622015
0,1772208
0,3652809
0,09858004
0,09858004
0,1039522
0,1060863
0,1059326
0,1059326
0,1068072
0,107092
0,107092
0,1069659
0,1069851
0,1069851
0,1070001
0,1070069
0,1069981
0,1069981
0,1068507
0,1067012
0,1067012
0,106555
0,1064815
0,1064815
0,1061108
0,1062202
0,1062202
0,1065772
0,1064952
0,106796
0,106796
0,1069317
0,1069896
0,1069896
0,1073036
0,108169
0,108169
0,1099091
0,1073256
0,1098864
0,1098864
0,1128717
0,1189892
0,1189892
0,1274565
0,1315537
0,1315537
0,1447718
0,1514166
0,1603446
0,1570565
0,1815308
0,1958229
0,1928174
0,2301968
0,201245
0,2045594
0,1851285
0,1880556
0,1880556
0,1801368
0,1776896
0,1760265
0,1760265
0,1732462
0,1777139
0,1777139
0,1909354
0,1959351
0,1959351
0,2003952
0,1903645
0,1891379
0,1891379
0,2030304
0,2233191
0,2113462
0,2596913
0,1983701
0,1994083
0,2063155
0,233273
0,1983734
0,1829858
0,1891235
0,2002051
0,1904374
0,2222265
0,2352091
0,2008962
0,202142
0,2066324
0,2066324
0,2139363
0,2078282
0,2013388
0,2054004
0,1913713
0,1809936
0,1809936
0,1846282
0,1876617
0,1876617
0,1950882
0,2050497
0,2037826
0,2019619
0,1968426
0,1862087
0,1862087
0,1879339
0,1942134
0,1821715
0,1940906
0,1956473
0,1956473
0,1993003
0,1955566
0,1970241
0,1935511
0,1854614
0,1788107
0,1806907
0,1771422
0,1659588
0,1659588
0,158306
0,1516487
0,1472259
0,1472259
0,1421499
0,1485826
0,1491025
0,1494949
0,1512556
0,1512556
0,1520886
0,1506001
0,1506001
0,1480513
0,1532957
0,1476019
0,1476019
0,1541096
0,1599644
0,1597456
0,1654424
0,1629548
0,1671644
0,170862
0,1704274
0,1739505
0,172958
0,1764711
0,1809128
0,1829622
0,1919552
0,2005991
0,211907
0,2231465
0,1961317
0,1929817
0,2041852
0,1951114
0,1835954
0,1835954
0,1909639
0,1995161
0,1995161
0,2130552
0,2166939
0,2109905
0,2171689
0,2229117
0,2265503
0,2221559
0,2304384
0,209894
0,2134582
0,2062684
0,1986007
0,1986007
0,2006973
0,2071969
0,2040136
0,2040136
0,2092255
0,2186811
0,2277739
0,2492774
0,1997044
0,1980422
0,1819436
0,1808624
0,1767829
0,1704017
0,1621937
0,1532137
0,1532137
0,1466087
0,1351831
0,1351831
0,1264662
0,1193594
0,1193594
0,11514
0,1109326
0,107181
0,1134842
0,108043
0,1086033
0,1095965
0,1056978
0,118671
0,111206
0,1088436
0,1133764
0,1201461
0,1182343
0,1163651
0,1032372
0,1124464
0,1167021
0,1186486
0,1147905
0,1091109
0,1196277
0,1124557
0,1163228
0,1164418
0,1181594
0,1088342
0,1109398
0,1145671
0,1245468
0,1343925
0,1376591
0,1356774
0,181411
0,2054543
0,2447347
0,2444495
0,3137565
0,3217961
0,3203523
0,342273
0,3573263
0,349537
0,362468
0,3644105
0,3659611
0,3555869
0,3460604
0,3347498
0,3347498
0,3190716
0,3115337
0,3114657
0,2920444
0,2788607
0,2890618
0,2610728
0,2493405
0,239702
0,2388283
0,2199064
0,212734
0,2110371
0,1888077
0,1750705
0,1773916
0,1671336
0,1613207
0,1613207
0,1573153
0,1525277
0,1523392
0,1393388
0,1381572
0,1370452
0,1405579
0,1369562
0,1291726
0,1373778
0,1377472
0,1325732
0,1405039
0,1471328
0,1435947
0,1447565
0,1565633
0,1659141
0,1631352
0,1631352
0,1753977
0,1768791
0,1853563
0,1824031
0,1867059
0,1861332
0,1861332
0,1801935
0,1787091
0,1742169
0,165974
0,1680295
0,1680295
0,1607224
0,1496641
0,1453244
0,1453244
0,1414256
0,1384182
0,1370652
0,1321845
0,1322369
0,1322369
0,1257518
0,1179996
0,1224076
0,1200125
0,1237615
0,1313268
0,1386314
0,1410842
0,1524543
0,1524543
0,1590491
0,1790723
0,1757199
0,2070019
0,2044476
0,2127358
0,2133928
0,2262957
0,1876999
0,191294
0,1867022
0,2015206
0,2013202
0,2094897
0,1924718
0,1847045
0,1823927
0,1725265
0,1693061
0,1710099
0,172396
0,1697569
0,1697569
0,168703
0,1707621
0,1727694
0,1715341
0,1704278
0,1629536
0,1629536
0,1576005
0,1599854
0,1534767
0,1471682
0,1443652
0,1527098
0,1521912
0,1489403
0,14912
0,1616636
0,1596944
0,1678777
0,1678777
0,1765239
0,1699291
0,1699291
0,1776806
0,1831023
0,1880577
0,190291
0,1850466
0,1802134
0,1842744
0,1822865
0,1726482
0,1802552
0,192733
0,2017464
0,1990925
0,208281
0,213182
0,2197216
0,2197216
0,2218476
0,2248711
0,2139641
0,1981632
0,194376
0,1937199
0,2043029
0,2132663
0,215179
0,2075364
0,2136676
0,2202556
0,2162709
0,2162886
0,216712
0,2112899
0,2213991
0,22395
0,2198173
0,2333753
0,2153949
0,2217325
0,2217325
0,227054
0,2218934
0,2142382
0,2076149
0,2087532
0,2087532
0,1919286
0,185024
0,1816219
0,1816219
0,1754382
0,1758187
0,1780712
0,181082
0,1850393
0,1802408
0,1856814
0,1845003
0,1859277
0,1816477
0,1756972
0,1735037
0,1690065
0,1751594
0,1856356
0,1856356
0,1896664
0,191772
0,1858023
0,1731547
0,1703102
0,1624328
0,1624328
0,159594
0,1587161
0,1645785
0,1601189
0,1542128
0,1542128
0,1444731
0,1510393
0,1510393
0,148325
0,1516577
0,1539885
0,1539885
0,1580724
0,1449169
0,1481268
0,147626
0,1525062
0,1486281
0,1526824
0,1597565
0,1597565
0,1634327
0,1674157
0,1702261
0,1702261
0,1761006
0,1950149
0,1893767
0,1994928
0,2083909
0,2135081
0,224657
0,2265556
0,2367595
0,2367595
0,2499046
0,2549727
0,2565451
0,2639408
0,2679171
0,257708
0,2649038
0,265485
0,2673632
0,2673632
0,2674214
0,2668252
0,2672612
0,2714562
0,2708777
0,2682232
0,2642546
0,274953
0,2713595
0,2704412
0,2690135
0,2639211
0,259694
0,2564527
0,256696
0,2429325
0,23409
0,2347242
0,2347242
0,2224506
0,2147487
0,2118157
0,2118157
0,2066399
0,2037692
0,2009496
0,1927729
0,1874245
0,2154075
0,2137173
0,1987101
0,1989947
0,1901532
0,1858211
0,178559
0,1819229
0,1816945
0,1716764
0,1637861
0,1630756
0,1601979
0,155719
0,1522352
0,1543041
0,1552386
0,1552386
0,1583483
0,1507336
0,1507336
0,1517887
0,1555314
0,1555314
0,160988
0,1701578
0,1751937
0,1751937
0,1787605
0,1807732
0,1807732
0,1874821
0,1918618
0,1823664
0,1809714
0,1899948
0,1904529
0,1840572
0,1868774
0,1869767
0,1847213
0,1933814
0,1918924
0,1796275
0,1737598
0,1704433
0,1704433
0,1609599
0,1554485
0,1519924
0,1463162
0,1424237
0,1348477
0,1421039
0,1388521
0,1362908
0,1362908
0,135331
0,1353576
0,1289166
0,1313413
0,1344192
0,1369994
0,1359339
0,1388586
0,1380991
0,1380991
0,1415815
0,142007
0,142007
0,1512223
0,1598824
0,1689191
0,1713563
0,1832313
0,1979023
0,1979023
0,2190498
0,2052657
0,2073687
0,1951135
0,1980984
0,2038006
0,1987271
0,1992858
0,1976155
0,2033536
0,1975341
0,1915341
0,1915341
0,1790132
0,166725
0,166725
0,1605795
0,1709601
0,1688963
0,1624709
0,1573104
0,1575873
0,1544193
0,1487285
0,1475709
0,1315833
0,128235
0,1335039
0,1230575
0,1190419
0,112888
0,1065637
0,1006557
0,1018984
0,1061784
0,1061784
0,1059555
0,1058245
0,1058245
0,1061332
0,1061534
0,1061391
0,1061391
0,1060969
0,1058003
0,1058003
0,1056564
0,1055543
0,1055543
0,1058073
0,1058395
0,1058386
0,1058386
0,1056378
0,1056207
0,1056207
0,1054748
0,1054784
0,1054784
0,1053862
0,1127946
0,1055245
0,1056855
0,1055205
0,1125944
0,1125944
0,1120908
0,1126767
0,1126767
0,112626
0,1082575
0,1088721
0,1193414
0,1086933
0,1135634
0,1134479
0,1193937
0,1339503
0,1383269
0,2740517
0,1295312
0,1291526
0,09585585
0,1222668
0,1046516
0,109889
0,1088219
0,1082314
0,115906
0,1189044
0,1227543
0,1227543
0,1341956
0,1553487
0,141383
0,1594553
0,1737161
0,1918852
0,1903773
0,2063934
0,2151451
0,214273
0,2250368
timeStamps
2,846289
2,85981
2,873898
2,887787
2,902103
2,915727
2,929731
2,943712
2,957715
2,971478
2,985848
2,999605
3,013389
3,027312
3,041252
3,055416
3,069175
3,082876
3,097328
3,110694
3,124658
3,138623
3,152707
3,166779
3,180515
3,194725
3,20895
3,222511
3,236628
3,250324
3,264174
3,278454
3,292303
3,306273
3,319882
3,334106
3,34768
3,361575
3,375856
3,389715
3,403451
3,417699
3,431552
3,445421
3,459116
3,47312
3,487086
3,500869
3,515183
3,528866
3,542799
3,557008
3,570906
3,584659
3,59896
3,612414
3,626367
3,640603
3,654298
3,668422
3,682192
3,696405
3,709973
3,724193
3,737837
3,752597
3,765678
3,779625
3,793712
3,807525
3,821458
3,835485
3,849443
3,863348
3,877417
3,891554
3,905124
3,919049
3,933316
3,946867
3,961106
3,975006
3,988815
4,002667
4,016594
4,030562
4,044729
4,05867
4,072331
4,08651
4,100139
4,114084
4,128311
4,141927
4,156276
4,169794
4,183907
4,197988
4,211669
4,225951
4,239714
4,253498
4,267714
4,28167
4,295708
4,30945
4,32334
4,33763
4,351291
4,364795
4,379068
4,392608
4,406587
4,420916
4,434502
4,449024
4,462368
4,476286
4,490399
4,504263
4,518438
4,53229
4,546436
4,559986
4,573884
4,588101
4,602005
4,615613
4,629636
4,643506
4,657484
4,671595
4,685527
4,699237
4,713186
4,727655
4,741046
4,755253
4,769159
4,782874
4,79705
4,810907
4,824785
4,838593
4,852559
4,866742
4,880331
4,894332
4,908352
4,922159
4,936236
4,950664
4,964345
4,978227
4,992203
5,005822
5,019867
5,033636
5,047487
5,061924
5,075794
5,089484
5,103365
5,117367
5,131277
5,144903
5,159081
5,173098
5,18664
5,200599
5,214708
5,228732
5,242612
5,256805
5,270266
5,284375
5,29812
5,312392
5,325951
5,339921
5,353971
5,36776
5,382208
5,395751
5,409537
5,424191
5,437379
5,451648
5,465333
5,479201
5,493285
5,507373
5,521224
5,53533
5,549072
5,563097
5,576855
5,590844
5,604498
5,618436
5,632848
5,646471
5,660232
5,674078
5,688007
5,70239
5,716115
5,730018
5,743792
5,757656
5,771911
5,785992
5,799654
5,81355
5,827331
5,841117
5,85526
5,868994
5,882937
5,896977
5,91092
5,924938
5,939077
5,952927
5,967322
5,980816
5,995211
6,009382
6,022917
6,035824
6,049872
6,063966
6,078005
6,091788
6,105836
6,119694
6,133739
6,147452
6,161665
6,175602
6,189623
6,203251
6,217328
6,231104
6,245386
6,259306
6,272999
6,287058
6,301048
6,314656
6,329068
6,342871
6,356424
6,370696
6,384282
6,398275
6,412395
6,426188
6,440033
6,454222
6,467785
6,481972
6,49578
6,510092
6,523532
6,537531
6,551435
6,565541
6,579595
6,593637
6,607831
6,621119
6,635226
6,648993
6,663124
6,677141
6,690503
6,704427
6,718626
6,73229
6,746696
6,760314
6,775005
6,788071
6,802053
6,815954
6,830134
6,843848
6,857846
6,871924
6,885885
6,899675
6,913525
6,92796
6,941243
6,955188
6,969305
6,98347
6,997062
7,011185
7,025262
7,038788
7,053041
7,067077
7,080655
7,09454
7,108529
7,12263
7,136332
7,150199
7,164119
7,178181
7,192113
7,205922
7,219784
7,233891
7,247673
7,261741
7,275525
7,289361
7,30342
7,317206
7,331079
7,345066
7,359132
7,372816
7,386845
7,401147
7,4149
7,428666
7,442704
7,456891
7,470631
7,484501
7,498342
7,512354
7,526317
7,540105
7,554353
7,567843
7,581798
7,595775
7,61003
7,623934
7,63745
7,651663
7,665182
7,67939
7,692984
7,707431
7,721124
7,7351
7,748917
7,762604
7,776774
7,79118
7,804395
7,818603
7,832495
7,846502
7,860474
7,87425
7,888327
7,902185
7,915903
7,930054
7,943759
7,957985
7,972239
7,986207
7,999288
8,013654
8,027093
8,041237
8,055012
8,069489
8,083042
8,096867
8,111177
8,124763
8,139013
8,152964
8,166525
8,180511
8,19486
8,208302
8,222353
8,236568
8,250231
8,264189
8,278135
8,292722
8,306736
8,320006
8,334235
8,347551
8,3614
8,375695
8,388908
8,403259
8,416938
8,430988
8,445085
8,458877
8,472928
8,487107
8,500648
8,514956
8,528478
8,542505
8,556421
8,57038
8,584352
8,598588
8,612023
8,625835
8,639946
8,653844
8,667669
8,681852
8,695807
8,709347
8,72356
8,73758
8,751268
8,765306
8,779134
8,793777
8,807192
8,821121
8,835023
8,849027
8,862953
8,876684
8,890735
8,905025
8,918429
8,932189
8,946692
8,960109
8,974439
8,987882
9,002244
9,015923
9,029823
9,044138
9,05779
9,07179
9,085401
9,099451
9,113565
9,127129
9,141136
9,155091
9,169206
9,18284
9,196989
9,210688
9,224961
9,238583
9,252314
9,266287
9,281084
9,294388
9,308557
9,322311
9,336126
9,350226
9,364344
9,377857
9,391582
9,405554
9,419764
9,433639
9,447536
9,461448
9,475442
9,489371
9,503169
9,516872
9,531002
9,544929
9,558921
9,572588
9,58669
9,600427
9,614412
9,628626
9,642426
9,656265
9,670454
9,684114
9,69788
9,712173
9,72591
9,739797
9,753654
9,767732
9,781652
9,795547
9,80968
9,823652
9,837251
9,851098
9,865043
9,879531
9,892879
9,907159
9,92062
9,934841
9,948744
9,962433
9,97629
9,99023
10,00427
10,01812
10,03219
10,04618
10,06013
10,07379
10,08788
10,10193
10,11584
10,12982
10,14338
10,15777
10,1713
10,1855
10,19911
10,21314
10,22694
10,24086
10,25478
10,2692
10,28285
10,29653
10,31105
10,32447
10,33844
10,35216
10,36642
10,38015
10,39416
10,40806
10,42259
10,43773
10,45111
10,46479
10,47795
10,49118
10,50489
10,51899
10,53293
10,54685
10,56115
10,57585
10,59032
10,60483
10,61802
10,63139
10,64556
10,65892
10,67204
10,68541
10,69952
10,71359
10,72784
10,74202
10,75582
10,76965
10,78376
10,79787
10,81168
10,82545
10,83971
10,85355
10,86763
10,88155
10,89591
10,90895
10,92295
10,93708
10,95084
10,96479
10,97882
10,99296
11,00657
11,02092
11,03483
11,0483
11,06237
11,07666
11,09046
11,10464
11,11865
11,13248
11,14663
11,16055
11,17459
11,18834
11,20177
11,21547
11,22915
11,24351
11,25718
11,27123
11,28502
11,29907
11,31273
11,32661
11,34115
11,35497
11,36848
11,38256
11,39645
11,4103
11,42451
11,43817
11,45206
11,46624
11,48014
11,49402
11,50803
11,52188
11,53565
11,54953
11,56356
11,57753
11,59135
11,6054
11,61922
11,63316
11,64749
11,66106
11,67512
11,68885
11,70283
11,71686
11,73108
11,74482
11,75869
11,77259
11,7867
11,80041
11,81507
11,82808
11,84203
11,85584
11,86985
11,88372
11,89803
11,91186
11,92554
11,93939
11,95368
11,96726
11,98132
11,99526
12,00937
12,02336
12,03698
12,05122
12,06469
12,07869
12,09266
12,10693
12,12072
12,13452
12,14845
12,16213
12,17649
12,19007
12,20414
12,21792
12,23181
12,2458
12,25976
12,27375
12,28751
12,30162
12,31553
12,32932
12,34382
12,35708
12,37113
12,38514
12,39911
12,41304
12,42678
12,44078
12,45453
12,46849
12,48305
12,49634
12,51055
12,52436
12,53848
12,55194
12,56602
12,57999
12,5938
12,60767
12,62182
12,63581
12,64954
12,66351
12,67749
12,69146
12,70512
12,71935
12,73296
12,74706
12,76091
12,77505
12,78877
12,8028
12,81688
12,83041
12,84473
12,85828
12,87282
12,88644
12,90002
12,91422
12,92811
12,94184
12,9561
12,96978
12,98389
12,99762
13,01144
13,02546
13,03936
13,05343
13,06716
13,08146
13,09517
13,10895
13,12298
13,13696
13,15071
13,16459
13,17895
13,19252
13,20628
13,22051
13,23429
13,24804
13,26203
13,27594
13,2901
13,30402
13,31795
13,33162
13,34562
13,3596
13,37361
13,38751
13,40136
13,41516
13,42922
13,44321
13,45699
13,47115
13,48487
13,4992
13,51273
13,52682
13,54042
13,5545
13,56829
13,58229
13,59627
13,61017
13,62428
13,63848
13,65247
13,66576
13,67981
13,69375
13,70757
13,72158
13,73566
13,74963
13,76354
13,77751
13,79152
13,80536
13,81891
13,83331
13,84728
13,86101
13,87468
13,88864
13,90252
13,91691
13,9303
