ParticipantNumber;Task;SdfState;Repetition;TimeStamp;NumHits;TimeToCompleteTask;InstanteneousVelocityMag;InstanteneousVelocityX;InstanteneousVelocityY;InstanteneousVelocityZ;ClosestDistance
16;torus;0;5;3,970037;4;8,591236;0,4689567;-0,1885772;-0,4220113;0,07915497;0,7610723
16;torus;0;5;3,98382;4;8,591236;0,3180838;0,08667111;-0,1590207;-0,2614915;0,7558935
16;torus;0;5;3,997846;4;8,591236;0,3180838;0,08667111;-0,1590207;-0,2614915;0,7558935
16;torus;0;5;4,012166;4;8,591236;0,6861259;0,2980471;0,07076263;-0,6139457;0,7432101
16;torus;0;5;4,025981;4;8,591236;0,0289807;0,005930662;0,007595122;-0,02733171;0,7426507
16;torus;0;5;4,039539;4;8,591236;0,0289807;0,005930662;0,007595122;-0,02733171;0,7426507
16;torus;0;5;4,053789;4;8,591236;0,1100897;-0,03029704;-0,09647161;-0,04353225;0,7419142
16;torus;0;5;4,067331;4;8,591236;0,105479;0,03507733;-0,03548935;-0,0929296;0,7400559
16;torus;0;5;4,081762;4;8,591236;0,1697201;0,06901622;-0,04543141;-0,1482487;0,7370672
16;torus;0;5;4,095151;4;8,591236;0,1697201;0,06901622;-0,04543141;-0,1482487;0,7370672
16;torus;0;5;4,109581;4;8,591236;0,7288445;0,307709;-0,15091;-0,6432384;0,7240778
16;torus;0;5;4,123256;4;8,591236;0,2337957;0,1021564;-0,003305078;-0,2102703;0,7197886
16;torus;0;5;4,137244;4;8,591236;0,2337957;0,1021564;-0,003305078;-0,2102703;0,7197886
16;torus;0;5;4,151152;4;8,591236;0,1229966;0,02772808;0,009227544;-0,1194745;0,7173687
16;torus;0;5;4,164913;4;8,591236;0,246411;0,07994175;0,1763754;-0,1523793;0,7140564
16;torus;0;5;4,178913;4;8,591236;0,246411;0,07994175;0,1763754;-0,1523793;0,7140564
16;torus;0;5;4,193146;4;8,591236;0,2477542;-0,02376437;0,2416298;0,04931986;0,7148169
16;torus;0;5;4,207117;4;8,591236;0,108584;0,01664758;0,100977;-0,03629029;0,7139847
16;torus;0;5;4,220623;4;8,591236;0,2185714;0,07872581;0,1061864;-0,1740694;0,7103485
16;torus;0;5;4,234823;4;8,591236;0,2185714;0,07872581;0,1061864;-0,1740694;0,7103485
16;torus;0;5;4,248619;4;8,591236;0,6069646;0,2011299;0,392516;-0,4169941;0,7015712
16;torus;0;5;4,262488;4;8,591236;0,1253709;-0,05597472;-0,09837598;0,05391538;0,7027555
16;torus;0;5;4,276666;4;8,591236;0,1253709;-0,05597472;-0,09837598;0,05391538;0,7027555
16;torus;0;5;4,290612;4;8,591236;0,2625965;0,051862;-0,1040086;-0,2354771;0,6980859
16;torus;0;5;4,305008;4;8,591236;0,3091843;0,1059592;0,1001813;-0,2726376;0,6924902
16;torus;0;5;4,318127;4;8,591236;0,3091843;0,1059592;0,1001813;-0,2726376;0,6924902
16;torus;0;5;4,332121;4;8,591236;0,9805345;0,2805769;0,6921463;-0,6353408;0,6792733
16;torus;0;5;4,346173;4;8,591236;0,2636311;0,06287694;0,1358829;-0,2169877;0,6748664
16;torus;0;5;4,359927;4;8,591236;0,2636311;0,06287694;0,1358829;-0,2169877;0,6748664
16;torus;0;5;4,373971;4;8,591236;0,854069;0,2348483;-0,2974674;-0,7653713;0,6595482
16;torus;0;5;4,38817;4;8,591236;0,640148;0,2346814;0,03163293;-0,5947381;0,6475677
16;torus;0;5;4,402195;4;8,591236;0,5998085;0,2070487;0,03026649;-0,5621254;0,6362754
16;torus;0;5;4,416154;4;8,591236;0,5998085;0,2070487;0,03026649;-0,5621254;0,6362754
16;torus;0;5;4,429778;4;8,591236;1,170114;0,3345907;0,6229803;-0,9322613;0,6175069
16;torus;0;5;4,443678;4;8,591236;0,3438435;0,04284382;0,2252176;-0,2562612;0,6124055
16;torus;0;5;4,45744;4;8,591236;0,3438435;0,04284382;0,2252176;-0,2562612;0,6124055
16;torus;0;5;4,471518;4;8,591236;0,7384995;0,04580021;-0,3760219;-0,633949;0,5997181
16;torus;0;5;4,485439;4;8,591236;0,6362806;0,1811862;0,06656125;-0,6062955;0,5876253
16;torus;0;5;4,499222;4;8,591236;0,6362806;0,1811862;0,06656125;-0,6062955;0,5876253
16;torus;0;5;4,513443;4;8,591236;1,509392;0,4486442;0,3351852;-1,401654;0,5598173
16;torus;0;5;4,527177;4;8,591236;0,4894462;0,08910298;-0,05111843;-0,4785448;0,5502993
16;torus;0;5;4,541522;4;8,591236;0,4086759;0,01302361;-0,1970895;-0,3577739;0,5431394
16;torus;0;5;4,555138;4;8,591236;0,4086759;0,01302361;-0,1970895;-0,3577739;0,5431394
16;torus;0;5;4,569265;4;8,591236;1,20604;0,1727819;-0,4944496;-1,086369;0,5216464
16;torus;0;5;4,582989;4;8,591236;0,7262139;0,1454055;-0,247097;-0,6672233;0,508568
16;torus;0;5;4,596926;4;8,591236;0,7262139;0,1454055;-0,247097;-0,6672233;0,508568
16;torus;0;5;4,610831;4;8,591236;1,005806;-0,1124451;0,2045162;-0,9783527;0,488769
16;torus;0;5;4,625263;4;8,591236;1,125625;0,3150397;-0,177125;-1,066025;0,4681426
16;torus;0;5;4,639291;4;8,591236;1,125625;0,3150397;-0,177125;-1,066025;0,4681426
16;torus;0;5;4,652642;4;8,591236;0,683925;-0,016893;-0,1456018;-0,668033;0,4544854
16;torus;0;5;4,666658;4;8,591236;0,4814889;0,113655;-0,1439704;-0,4451815;0,445534
16;torus;0;5;4,680703;4;8,591236;0,4131243;0,1984363;0,06934362;-0,3556489;0,4386503
16;torus;0;5;4,694553;4;8,591236;0,4131243;0,1984363;0,06934362;-0,3556489;0,4386503
16;torus;0;5;4,708828;4;8,591236;1,454082;0,1756567;0,3199778;-1,40752;0,4106096
16;torus;0;5;4,722208;4;8,591236;0,8135692;0,2884315;-0,01568861;-0,760563;0,3960279
16;torus;0;5;4,736279;4;8,591236;0,8135692;0,2884315;-0,01568861;-0,760563;0,3960279
16;torus;0;5;4,750667;4;8,591236;1,114506;0,248457;0,1444755;-1,07681;0,3751409
16;torus;0;5;4,763887;4;8,591236;0,5994149;0,3932891;0,03677751;-0,450854;0,3672521
16;torus;0;5;4,777734;4;8,591236;0,5994149;0,3932891;0,03677751;-0,450854;0,3672521
16;torus;0;5;4,791995;4;8,591236;0,73754;0,08763671;0,08595735;-0,7272527;0,3531168
16;torus;0;5;4,806396;4;8,591236;0,6131417;0,121057;0,01924485;-0,6007642;0,3416555
16;torus;0;5;4,819922;4;8,591236;0,6131417;0,121057;0,01924485;-0,6007642;0,3416555
16;torus;0;5;4,833803;4;8,591236;1,371355;0,3052056;0,4865959;-1,245266;0,3183256
16;torus;0;5;4,847692;4;8,591236;0,510327;0,09558201;0,2302088;-0,4453108;0,3101211
16;torus;0;5;4,861568;4;8,591236;0,3385801;0,04540682;0,1339927;-0,3076047;0,3044125
16;torus;0;5;4,875546;4;8,591236;0,3385801;0,04540682;0,1339927;-0,3076047;0,3044125
16;torus;0;5;4,889316;4;8,591236;0,8126863;0,1407683;0,3876925;-0,7002413;0,2918749
16;torus;0;5;4,903337;4;8,591236;0,2579671;0,03171563;0,09549335;-0,2375335;0,2875715
16;torus;0;5;4,917137;4;8,591236;0,2579671;0,03171563;0,09549335;-0,2375335;0,2875715
16;torus;0;5;4,931239;4;8,591236;0,5428762;0,07559061;0,1403622;-0,5189404;0,2781779
16;torus;0;5;4,945065;4;8,591236;0,4382789;0,0808537;0,1314968;-0,4101947;0,2709859
16;torus;0;5;4,958958;4;8,591236;0,4382789;0,0808537;0,1314968;-0,4101947;0,2709859
16;torus;0;5;4,973171;4;8,591236;1,110567;0,209415;0,5371392;-0,9492025;0,255514
16;torus;0;5;4,987154;4;8,591236;0,3282575;0,02790093;-0,09132624;-0,3140606;0,2495148
16;torus;0;5;5,000932;4;8,591236;0,1907897;-0,0212729;-0,1080081;-0,1558281;0,2461482
16;torus;0;5;5,01467;4;8,591236;0,1907897;-0,0212729;-0,1080081;-0,1558281;0,2461482
16;torus;0;5;5,02877;4;8,591236;0,4171827;-0,1004577;0,4006535;0,05853623;0,2478636
16;torus;0;5;5,042566;4;8,591236;0,4881262;-0,01217723;0,4831299;-0,06858855;0,2483459
16;torus;0;5;5,056937;4;8,591236;0,4881262;-0,01217723;0,4831299;-0,06858855;0,2483459
16;torus;0;5;5,070218;4;8,591236;0,3975671;-0,05044341;0,2473474;-0,307139;0,2434451
16;torus;0;5;5,084338;4;8,591236;0,08627049;-0,06304979;0,02578571;-0,05293787;0,2422053
16;torus;0;5;5,098482;4;8,591236;0,08627049;-0,06304979;0,02578571;-0,05293787;0,2422053
16;torus;0;5;5,112446;4;8,591236;0,2086776;-0,1378179;-0,05889758;0,1452021;0,2438027
16;torus;0;5;5,125987;4;8,591236;0,3455468;-0,1240671;0,3212549;0,02837628;0,2451885
16;torus;0;5;5,140053;4;8,591236;0,2949799;-0,04473925;0,2655886;-0,120309;0,2441388
16;torus;0;5;5,153839;4;8,591236;0,2949799;-0,04473925;0,2655886;-0,120309;0,2441388
16;torus;0;5;5,167876;4;8,591236;0,7908278;0,007259846;0,5915955;-0,5247578;0,2382593
16;torus;0;5;5,181973;4;8,591236;0,148803;-0,05033016;0,1058377;-0,09169281;0,2370514
16;torus;0;5;5,196152;4;8,591236;0,148803;-0,05033016;0,1058377;-0,09169281;0,2370514
16;torus;0;5;5,209862;4;8,591236;0,1920685;-0,1414001;0,1002092;-0,0827916;0,2354958
16;torus;0;5;5,223676;4;8,591236;0,3692974;0,008398294;0,04298091;-0,3666915;0,2293223
16;torus;0;5;5,237687;4;8,591236;0,3692974;0,008398294;0,04298091;-0,3666915;0,2293223
16;torus;0;5;5,251381;4;8,591236;1,063139;0,06265044;0,6473098;-0,841029;0,2203558
16;torus;0;5;5,265287;4;8,591236;0,3788983;-0,03648996;0,3410455;-0,1609981;0,2205719
16;torus;0;5;5,279375;4;8,591236;0,3788983;-0,03648996;0,3410455;-0,1609981;0,2205719
16;torus;0;5;5,293759;4;8,591236;0,9825618;-0,134182;0,9714052;-0,06160215;0,2287045
16;torus;0;5;5,307185;4;8,591236;0,1004344;-0,0842154;-0,01377128;-0,05296394;0,2272632
16;torus;0;5;5,321066;4;8,591236;0,3711095;-0,01018047;0,1540221;-0,3374845;0,2236032
16;torus;0;5;5,334845;4;8,591236;0,3711095;-0,01018047;0,1540221;-0,3374845;0,2236032
16;torus;0;5;5,349141;4;8,591236;0,530757;-0,1060903;0,4501328;-0,2604388;0,2243353
16;torus;0;5;5,362998;4;8,591236;0,2453977;-0,06206036;0,2198339;-0,08967519;0,2253789
16;torus;0;5;5,376671;4;8,591236;0,2453977;-0,06206036;0,2198339;-0,08967519;0,2253789
16;torus;0;5;5,391057;4;8,591236;0,8502504;-0,1505613;0,8359097;-0,03888458;0,234892
16;torus;0;5;5,404651;4;8,591236;0,7720853;-0,04556179;0,7563099;-0,1484424;0,2430534
16;torus;0;5;5,418434;4;8,591236;0,7720853;-0,04556179;0,7563099;-0,1484424;0,2430534
16;torus;0;5;5,432299;4;8,591236;1,406243;-0,1767516;1,394243;0,04862696;0,2634574
16;torus;0;5;5,446419;4;8,591236;0,3668788;-0,04785061;0,3422305;-0,1232423;0,2670142
16;torus;0;5;5,460297;4;8,591236;0,7334114;0,03205538;0,5561807;-0,4769988;0,2703382
16;torus;0;5;5,474094;4;8,591236;0,7334114;0,03205538;0,5561807;-0,4769988;0,2703382
16;torus;0;5;5,488158;4;8,591236;1,939565;0,03919601;1,693196;-0,9452313;0,2892374
16;torus;0;5;5,502104;4;8,591236;0,6262693;-0,03402233;0,5790457;-0,2361394;0,297184
16;torus;0;5;5,516194;4;8,591236;0,6262693;-0,03402233;0,5790457;-0,2361394;0,297184
16;torus;0;5;5,529917;4;8,591236;1,595618;0,0346899;1,237069;-1,007202;0,3118424
16;torus;0;5;5,543882;4;8,591236;1,160233;0,04532337;0,8715406;-0,7645287;0,3234092
16;torus;0;5;5,557754;4;8,591236;1,160233;0,04532337;0,8715406;-0,7645287;0,3234092
16;torus;0;5;5,571799;4;8,591236;1,45508;-0,1422167;1,409926;-0,3303662;0,3480687
16;torus;0;5;5,58557;4;8,591236;0,4674744;-0,06115437;-0,4100889;0,2159156;0,3411723
16;torus;0;5;5,599842;4;8,591236;0,4674744;-0,06115437;-0,4100889;0,2159156;0,3411723
16;torus;0;5;5,613518;4;8,591236;1,123917;0,03489852;0,6356433;-0,9262443;0,3490983
16;torus;0;5;5,627542;4;8,591236;0,934813;0,02812147;0,6310061;-0,6891415;0,3588989
16;torus;0;5;5,641646;4;8,591236;0,8127277;0,008523464;0,5599394;-0,5890005;0,3681874
16;torus;0;5;5,6555;4;8,591236;0,8127277;0,008523464;0,5599394;-0,5890005;0,3681874
16;torus;0;5;5,669409;4;8,591236;0,7221275;-0,02793074;0,4178986;-0,5882591;0,375051
16;torus;0;5;5,683041;4;8,591236;0,9158095;0,1210749;-0,6593943;-0,6238967;0,3613537
16;torus;0;5;5,696912;4;8,591236;0,9158095;0,1210749;-0,6593943;-0,6238967;0,3613537
16;torus;0;5;5,711013;4;8,591236;1,681826;0,1599789;0,06132722;-1,673076;0,3624587
16;torus;0;5;5,725121;4;8,591236;0,8552281;0,07890463;-0,0596121;-0,8494914;0,3624133
16;torus;0;5;5,738854;4;8,591236;0,8552281;0,07890463;-0,0596121;-0,8494914;0,3624133
16;torus;0;5;5,752594;4;8,591236;1,403934;0,1289308;-0,6983399;-1,211086;0,3518129
16;torus;0;5;5,766575;4;8,591236;0,7190934;0,03913641;-0,01071244;-0,7179477;0,3541346
16;torus;0;5;5,781011;4;8,591236;0,9345071;0,06510019;-0,1801997;-0,9146549;0,3547699
16;torus;0;5;5,794544;4;8,591236;0,9345071;0,06510019;-0,1801997;-0,9146549;0,3547699
16;torus;0;5;5,808307;4;8,591236;1,676355;0,1161993;-1,187372;-1,177629;0,3392912
16;torus;0;5;5,822461;4;8,591236;0,6561216;0,02892613;-0,5476132;-0,3602479;0,3316674
16;torus;0;5;5,8361;4;8,591236;0,6561216;0,02892613;-0,5476132;-0,3602479;0,3316674
16;torus;0;5;5,85043;4;8,591236;1,457647;0,06663799;-0,7305339;-1,259609;0,3285138
16;torus;0;5;5,864257;4;8,591236;0,8165572;0,03660917;-0,6303146;-0,5178117;0,3222958
16;torus;0;5;5,878253;4;8,591236;0,8165572;0,03660917;-0,6303146;-0,5178117;0,3222958
16;torus;0;5;5,89174;4;8,591236;1,789874;0,06949902;-1,174988;-1,348415;0,3168986
16;torus;0;5;5,905818;4;8,591236;0,7502961;0,0138998;-0,6193042;-0,423336;0,3120955
16;torus;0;5;5,919859;4;8,591236;0,7502961;0,0138998;-0,6193042;-0,423336;0,3120955
16;torus;0;5;5,933686;4;8,591236;1,750547;-0,003355742;-1,708149;-0,3829241;0,2914808
16;torus;0;5;5,947648;4;8,591236;0,9872612;-0,01676083;-0,9844497;-0,07254407;0,2787442
16;torus;0;5;5,961788;4;8,591236;1,096827;-0,03259778;-1,095868;-0,03225878;0,2647894
16;torus;0;5;5,976017;4;8,591236;1,096827;-0,03259778;-1,095868;-0,03225878;0,2647894
16;torus;0;5;5,989171;4;8,591236;1,307672;-0,06636381;-1,193732;-0,5297214;0,2585697
16;torus;0;5;6,003384;4;8,591236;0,6614122;-0,05022287;-0,6563097;-0,06481782;0,2524152
16;torus;0;5;6,01719;4;8,591236;0,6614122;-0,05022287;-0,6563097;-0,06481782;0,2524152
16;torus;0;5;6,030838;4;8,591236;1,085489;-0,1048505;-1,030343;0,3250934;0,2364476
16;torus;0;5;6,045265;4;8,591236;1,143907;-0,07886887;-1,135287;-0,1158692;0,2285979
16;torus;0;5;6,058928;4;8,591236;1,143907;-0,07886887;-1,135287;-0,1158692;0,2285979
16;torus;0;5;6,072756;4;8,591236;2,28944;-0,2057254;-2,275839;-0,1406014;0,2173166
16;torus;0;5;6,087047;4;8,591236;0,7642233;-0,09124875;-0,7344311;0,1905829;0,2109732
16;torus;0;5;6,100612;4;8,591236;0,5440495;-0,06853938;-0,5391576;-0,0245221;0,2100843
16;torus;0;5;6,114683;4;8,591236;0,5440495;-0,06853938;-0,5391576;-0,0245221;0,2100843
16;torus;0;5;6,128877;4;8,591236;0,5065826;-0,06774664;-0,4347563;-0,2510443;0,2142111
16;torus;0;5;6,142546;4;8,591236;0,282759;-0,0115335;-0,03851876;-0,2798855;0,2195858
16;torus;0;5;6,156577;4;8,591236;0,282759;-0,0115335;-0,03851876;-0,2798855;0,2195858
16;torus;0;5;6,170231;4;8,591236;0,9975157;-0,08600354;-0,7401243;-0,6632172;0,2323073
16;torus;0;5;6,184377;4;8,591236;0,8646857;-0,09157062;-0,7631332;-0,3961362;0,2407995
16;torus;0;5;6,198387;4;8,591236;0,8646857;-0,09157062;-0,7631332;-0,3961362;0,2407995
16;torus;0;5;6,212012;4;8,591236;1,044873;-0,1194894;-0,7232555;-0,7445686;0,2567541
16;torus;0;5;6,225967;4;8,591236;0,6368871;0,02806187;0,4637457;-0,4356347;0,2641183
16;torus;0;5;6,240073;4;8,591236;0,7903134;0,05238056;0,7380188;-0,2778128;0,2684887
16;torus;0;5;6,254267;4;8,591236;0,7903134;0,05238056;0,7380188;-0,2778128;0,2684887
16;torus;0;5;6,267895;4;8,591236;0,1276789;-0,04764199;0,1169279;-0,01897365;0,26858
16;torus;0;5;6,281603;4;8,591236;0,6310411;-0,09111762;-0,4994653;-0,3747597;0,2763322
16;torus;0;5;6,295609;4;8,591236;0,6310411;-0,09111762;-0,4994653;-0,3747597;0,2763322
16;torus;0;5;6,309482;4;8,591236;0,875967;-0,0600934;0,02947077;-0,8734062;0,2933306
16;torus;0;5;6,323514;4;8,591236;0,2136639;-0,03340244;-0,05060732;-0,204879;0,2973622
16;torus;0;5;6,337396;4;8,591236;0,2136639;-0,03340244;-0,05060732;-0,204879;0,2973622
16;torus;0;5;6,351706;4;8,591236;0,5378723;-0,05120039;0,03491789;-0,5342901;0,3077336
16;torus;0;5;6,365051;4;8,591236;0,3692784;-0,001639128;0,2332896;-0,2862513;0,3130886
16;torus;0;5;6,379171;4;8,591236;0,3692784;-0,001639128;0,2332896;-0,2862513;0,3130886
16;torus;0;5;6,392924;4;8,591236;0,2466764;-0,05226135;-0,07000789;-0,2306879;0,3176128
16;torus;0;5;6,407242;4;8,591236;0,3011985;-0,0451982;-0,1940139;-0,225912;0,3222409
16;torus;0;5;6,421072;4;8,591236;0,4798473;-0,05123615;-0,1850955;-0,4397362;0,3311216
16;torus;0;5;6,435177;4;8,591236;0,4798473;-0,05123615;-0,1850955;-0,4397362;0,3311216
16;torus;0;5;6,448961;4;8,591236;0,897261;-0,05051494;0,1626305;-0,8809522;0,3482404
16;torus;0;5;6,462815;4;8,591236;0,288915;-0,0415802;-0,09032711;-0,2712637;0,3536689
16;torus;0;5;6,476752;4;8,591236;0,288915;-0,0415802;-0,09032711;-0,2712637;0,3536689
16;torus;0;5;6,490732;4;8,591236;0,790532;0,00500679;0,654757;-0,4429549;0,3617842
16;torus;0;5;6,504393;4;8,591236;0,1753899;-0,01217127;0,149563;-0,09079874;0,3634769
16;torus;0;5;6,518356;4;8,591236;0,1753899;-0,01217127;0,149563;-0,09079874;0,3634769
16;torus;0;5;6,532514;4;8,591236;0,5037065;-0,09400249;-0,4533842;-0,1983091;0,3675986
16;torus;0;5;6,546574;4;8,591236;0,6491536;-0,05027652;0,1403674;-0,6317988;0,3799585
16;torus;0;5;6,560381;4;8,591236;0,562277;-0,03827214;0,1384906;-0,5436093;0,3906215
16;torus;0;5;6,574355;4;8,591236;0,562277;-0,03827214;0,1384906;-0,5436093;0,3906215
16;torus;0;5;6,588492;4;8,591236;1,11554;-0,05015731;0,5304769;-0,9800553;0,4098801
16;torus;0;5;6,601863;4;8,591236;0,3496404;-0,06052852;-0,1804054;-0,2933234;0,4156822
16;torus;0;5;6,615728;4;8,591236;0,3496404;-0,06052852;-0,1804054;-0,2933234;0,4156822
16;torus;0;5;6,629951;4;8,591236;1,375759;-0,1894295;-0,2997763;-1,329272;0,4420979
16;torus;0;5;6,643984;4;8,591236;0,9869988;-0,07995367;0,2914391;-0,9395942;0,460656
16;torus;0;5;6,657696;4;8,591236;0,9869988;-0,07995367;0,2914391;-0,9395942;0,460656
16;torus;0;5;6,671387;4;8,591236;1,338949;-0,1613957;0,5310568;-1,218489;0,4844622
16;torus;0;5;6,68538;4;8,591236;0,9422458;-0,1079091;-0,2955987;-0,8881465;0,5021226
16;torus;0;5;6,699541;4;8,591236;0,9422458;-0,1079091;-0,2955987;-0,8881465;0,5021226
16;torus;0;5;6,713243;4;8,591236;0,9665264;-0,1557107;0,2870455;-0,9096881;0,5193496
16;torus;0;5;6,727127;4;8,591236;0,7721786;-0,1065194;0,3822686;-0,6624078;0,5327046
16;torus;0;5;6,74147;4;8,591236;0,7792923;-0,1058358;0,3672661;-0,6791251;0,5464717
16;torus;0;5;6,755119;4;8,591236;0,7792923;-0,1058358;0,3672661;-0,6791251;0,5464717
16;torus;0;5;6,768996;4;8,591236;1,310611;-0,1321425;0,344413;-1,257624;0,5713905
16;torus;0;5;6,783142;4;8,591236;0,7661452;0,05170941;0,07871296;-0,7603347;0,586664
16;torus;0;5;6,797013;4;8,591236;0,7661452;0,05170941;0,07871296;-0,7603347;0,586664
16;torus;0;5;6,810876;4;8,591236;1,536312;-0,2470851;0,3173798;-1,482725;0,616561
16;torus;0;5;6,825135;4;8,591236;0,6346865;-0,06985068;0,3697865;-0,511083;0,6272036
16;torus;0;5;6,839109;4;8,591236;0,6346865;-0,06985068;0,3697865;-0,511083;0,6272036
16;torus;0;5;6,85267;4;8,591236;1,756704;-0,0888586;1,480631;-0,9411931;0,6485396
16;torus;0;5;6,866817;4;8,591236;0,7071586;0,03534555;0,7046737;-0,04752874;0,651166
16;torus;0;5;6,880987;4;8,591236;0,513659;0,05666018;0,4998852;0,1036823;0,6504901
16;torus;0;5;6,894475;4;8,591236;0,513659;0,05666018;0,4998852;0,1036823;0,6504901
16;torus;0;5;6,908438;4;8,591236;1,258983;-0,003731251;1,200751;-0,3784478;0,6618609
16;torus;0;5;6,922615;4;8,591236;1,285668;-0,1381814;0,9586822;-0,8454442;0,6821195
16;torus;0;5;6,935973;4;8,591236;1,285668;-0,1381814;0,9586822;-0,8454442;0,6821195
16;torus;0;5;6,949991;4;8,591236;2,183642;-0,111115;2,00562;-0,8564085;0,7079169
16;torus;0;5;6,963984;4;8,591236;0,7824501;-0,04716516;0,7245787;-0,2915293;0,7173191
16;torus;0;5;6,97788;4;8,591236;0,7824501;-0,04716516;0,7245787;-0,2915293;0,7173191
16;torus;0;5;6,991717;4;8,591236;1,403914;-0,06325841;1,367101;-0,3130615;0,7311122
16;torus;0;5;7,005872;4;8,591236;0,9318888;-0,02695322;0,9306558;-0,03962517;0,7376764
16;torus;0;5;7,019844;4;8,591236;0,9318888;-0,02695322;0,9306558;-0,03962517;0,7376764
16;torus;0;5;7,033473;4;8,591236;1,863504;0,1452088;1,670912;0,8121669;0,7340111
16;torus;0;5;7,047476;4;8,591236;0,7195657;0,1114666;0,4541308;0,5469143;0,7273126
16;torus;0;5;7,061665;4;8,591236;0,7681624;0,01269579;0,7393241;0,2081156;0,7293431
16;torus;0;5;7,075227;4;8,591236;0,7681624;0,01269579;0,7393241;0,2081156;0,7293431
16;torus;0;5;7,089335;4;8,591236;1,679089;-0,09348392;1,676335;0,02246201;0,7431708
16;torus;0;5;7,103059;4;8,591236;0,4993468;-0,01562834;0,4982919;0,02842844;0,7471338
16;torus;0;5;7,117064;4;8,591236;0,4993468;-0,01562834;0,4982919;0,02842844;0,7471338
16;torus;0;5;7,131223;4;8,591236;1,726488;0,3786623;0,3337577;1,651055;0,7210478
16;torus;0;5;7,145061;4;8,591236;1,165839;0,2610564;-0,189735;1,120281;0,6996561
16;torus;0;5;7,159248;4;8,591236;1,165839;0,2610564;-0,189735;1,120281;0,6996561
16;torus;0;5;7,172788;4;8,591236;1,469272;0,1985133;0,6241053;1,315236;0,6832922
16;torus;0;5;7,187107;4;8,591236;0,6024476;0,03709793;0,4007801;0,4482657;0,6799013
16;torus;0;5;7,200879;4;8,591236;0,7881057;0,1580477;-0,4844159;0,6012261;0,6646414
16;torus;0;5;7,214638;4;8,591236;0,7881057;0,1580477;-0,4844159;0,6012261;0,6646414
16;torus;0;5;7,228517;4;8,591236;1,181159;0,1513362;0,2961874;1,133361;0,6488974
16;torus;0;5;7,242716;4;8,591236;1,112521;0,09621382;0,4759669;1,00095;0,6378388
16;torus;0;5;7,256678;4;8,591236;1,112521;0,09621382;0,4759669;1,00095;0,6378388
16;torus;0;5;7,270429;4;8,591236;2,323188;0,3190517;-0,4473329;2,257277;0,5964139
16;torus;0;5;7,28439;4;8,591236;0,9365196;0,1234591;-0,3924549;0,8413121;0,5784195
16;torus;0;5;7,298294;4;8,591236;0,9365196;0,1234591;-0,3924549;0,8413121;0,5784195
16;torus;0;5;7,311878;4;8,591236;1,410223;0,09779334;0,256896;1,383173;0,5601251
16;torus;0;5;7,326151;4;8,591236;0,7699813;0,08317232;-0,2245039;0,7318139;0,5461475
16;torus;0;5;7,339841;4;8,591236;0,7699813;0,08317232;-0,2245039;0,7318139;0,5461475
16;torus;0;5;7,35423;4;8,591236;1,638768;0,1996756;-1,450731;0,735575;0,5166717
16;torus;0;5;7,367657;4;8,591236;0,6746974;0,07585287;-0,6277546;0,2353445;0,5053275
16;torus;0;5;7,381678;4;8,591236;0,5210762;0,06317496;-0,3309369;0,3975049;0,4951241
16;torus;0;5;7,395813;4;8,591236;0,5210762;0,06317496;-0,3309369;0,3975049;0,4951241
16;torus;0;5;7,409492;4;8,591236;1,390608;0,1392603;-1,117815;0,815405;0,4689166
16;torus;0;5;7,423689;4;8,591236;0,7310083;0,05027056;-0,7262126;0,06679296;0,4593576
16;torus;0;5;7,437541;4;8,591236;0,7310083;0,05027056;-0,7262126;0,06679296;0,4593576
16;torus;0;5;7,451496;4;8,591236;1,211559;0,06712675;-1,19974;0,1548931;0,4433966
16;torus;0;5;7,465203;4;8,591236;0,9254801;0,0492394;-0,8652762;0,3246322;0,428769
16;torus;0;5;7,479285;4;8,591236;0,9254801;0,0492394;-0,8652762;0,3246322;0,428769
16;torus;0;5;7,493282;4;8,591236;1,906843;0,08635521;-1,662651;0,9296164;0,396238
16;torus;0;5;7,507244;4;8,591236;1,218764;0,0190556;-1,212306;0,1238391;0,3828848
16;torus;0;5;7,520995;4;8,591236;1,122673;0,001722574;-1,115487;-0,1268134;0,3759324
16;torus;0;5;7,534889;4;8,591236;1,122673;0,001722574;-1,115487;-0,1268134;0,3759324
16;torus;0;5;7,54901;4;8,591236;1,38671;0,03932714;-1,184487;0,7200062;0,3540905
16;torus;0;5;7,562803;4;8,591236;1,094548;0,01519918;-0,7552873;0,7920519;0,3343471
16;torus;0;5;7,576605;4;8,591236;1,094548;0,01519918;-0,7552873;0,7920519;0,3343471
16;torus;0;5;7,590667;4;8,591236;2,208459;-0,02945065;-1,865666;1,181404;0,3015054
16;torus;0;5;7,604826;4;8,591236;0,7617358;-0,01297593;-0,6023306;0,4661232;0,2898955
16;torus;0;5;7,618358;4;8,591236;0,7617358;-0,01297593;-0,6023306;0,4661232;0,2898955
16;torus;0;5;7,632226;4;8,591236;1,682725;-0,05654097;-1,378211;0,9637952;0,2666247
16;torus;0;5;7,646718;4;8,591236;1,099107;-0,05702376;-0,9095095;0,6144725;0,2529015
16;torus;0;5;7,660491;4;8,591236;1,128639;-0,07348657;-1,011803;0,4946522;0,2427569
16;torus;0;5;7,674361;4;8,591236;1,128639;-0,07348657;-1,011803;0,4946522;0,2427569
16;torus;0;5;7,688252;4;8,591236;2,073766;-0,1685023;-2,05631;0,2090476;0,2429403
16;torus;0;5;7,701742;4;8,591236;0,8626724;-0,07436275;-0,8502551;-0,1254596;0,2490814
16;torus;0;5;7,715951;4;8,591236;0,8626724;-0,07436275;-0,8502551;-0,1254596;0,2490814
16;torus;0;5;7,72945;4;8,591236;2,070611;-0,2378643;-2,042279;0,2448343;0,2578056
16;torus;0;5;7,743516;4;8,591236;1,197642;-0,1585901;-1,075992;0,5014338;0,2584015
16;torus;0;5;7,757704;4;8,591236;1,197642;-0,1585901;-1,075992;0,5014338;0,2584015
16;torus;0;5;7,771513;4;8,591236;2,191757;-0,3454328;-2,049808;0,6948113;0,2694869
16;torus;0;5;7,785945;4;8,591236;0,7804022;-0,1328707;-0,7687405;0,02027452;0,2788823
16;torus;0;5;7,799656;4;8,591236;0,7804022;-0,1328707;-0,7687405;0,02027452;0,2788823
16;torus;0;5;7,813356;4;8,591236;1,516941;-0,2633452;-1,491097;0,09159222;0,297864
16;torus;0;5;7,827278;4;8,591236;0,8518068;-0,1577795;-0,8033708;0,2351083;0,3063803
16;torus;0;5;7,841204;4;8,591236;1,129981;-0,2337515;-1,083003;0,2220854;0,3200891
16;torus;0;5;7,855098;4;8,591236;1,129981;-0,2337515;-1,083003;0,2220854;0,3200891
16;torus;0;5;7,869203;4;8,591236;2,333437;-0,5235553;-2,271534;0,104636;0,3557277
16;torus;0;5;7,88275;4;8,591236;0,693797;-0,159204;-0,6752834;-0,0008538365;0,3671384
16;torus;0;5;7,89721;4;8,591236;0,693797;-0,159204;-0,6752834;-0,0008538365;0,3671384
16;torus;0;5;7,910766;4;8,591236;0,7481928;0,0004589558;-0,05706549;0,7460132;0,3604554
16;torus;0;5;7,924704;4;8,591236;0,8947695;-0,1246691;-0,3560543;0,8113541;0,3590207
16;torus;0;5;7,938692;4;8,591236;0,8947695;-0,1246691;-0,3560543;0,8113541;0,3590207
16;torus;0;5;7,952542;4;8,591236;2,672149;-0,661236;-1,987827;1,658822;0,3827568
16;torus;0;5;7,96619;4;8,591236;0,9791004;-0,2150238;-0,5664855;0,7690881;0,3888409
16;torus;0;5;7,98059;4;8,591236;0,999783;-0,257355;-0,6765276;0,6896701;0,398385
16;torus;0;5;7,994145;4;8,591236;0,999783;-0,257355;-0,6765276;0,6896701;0,398385
16;torus;0;5;8,008195;4;8,591236;2,72226;-0,6799459;-1,443708;2,205467;0,4192277
16;torus;0;5;8,022013;4;8,591236;0,7142594;0,01491308;0,2294242;0,676246;0,4130442
16;torus;0;5;8,035846;4;8,591236;0,7142594;0,01491308;0,2294242;0,676246;0,4130442
16;torus;0;5;8,049773;4;8,591236;2,09911;0,5060852;1,796705;0,960204;0,3748306
16;torus;0;5;8,064013;4;8,591236;1,278102;-0,2400041;-0,2142221;1,236952;0,3787652
16;torus;0;5;8,077882;4;8,591236;1,278102;-0,2400041;-0,2142221;1,236952;0,3787652
16;torus;0;5;8,091782;4;8,591236;2,266389;-0,5487502;-0,7089049;2,081549;0,3963226
16;torus;0;5;8,105886;4;8,591236;0,3783642;0,03917813;0,2075016;0,3139548;0,3928621
16;torus;0;5;8,119871;4;8,591236;0,3783642;0,03917813;0,2075016;0,3139548;0,3928621
16;torus;0;5;8,133718;4;8,591236;1,60125;0,4151106;1,43178;0,5845435;0,3654675
16;torus;0;5;8,147527;4;8,591236;0,9255434;0,09078383;0,6242439;0,6772801;0,3556083
16;torus;0;5;8,161449;4;8,591236;0,9798471;-0,07306337;0,3003955;0,9297982;0,3543178
16;torus;0;5;8,175238;4;8,591236;0,9798471;-0,07306337;0,3003955;0,9297982;0,3543178
16;torus;0;5;8,189213;4;8,591236;1,100221;-0,1064181;0,2351508;1,069517;0,3562975
16;torus;0;5;8,203118;4;8,591236;0,3953281;0,08878708;0,3392681;0,1824781;0,3509287
16;torus;0;5;8,217163;4;8,591236;0,3953281;0,08878708;0,3392681;0,1824781;0,3509287
16;torus;0;5;8,230971;4;8,591236;1,239846;0,07839203;0,8189216;0,9275995;0,3424184
16;torus;0;5;8,244827;4;8,591236;1,08897;0,2949715;1,043096;0,1039103;0,3237877
16;torus;0;5;8,259254;4;8,591236;1,08897;0,2949715;1,043096;0,1039103;0,3237877
16;torus;0;5;8,272541;4;8,591236;1,363039;0,3611267;1,302767;0,1739621;0,3015385
16;torus;0;5;8,286451;4;8,591236;0,3142003;-0,004768372;0,1416102;0,2804384;0,3017565
16;torus;0;5;8,300858;4;8,591236;0,4469305;-0,05568266;0,09406358;0,4333571;0,3045583
16;torus;0;5;8,314433;4;8,591236;0,4469305;-0,05568266;0,09406358;0,4333571;0,3045583
16;torus;0;5;8,328714;4;8,591236;0,5670974;-0,02136827;0,1992404;0,5305149;0,306822
16;torus;0;5;8,342382;4;8,591236;0,6319515;0,2338111;0,5305201;-0,2514824;0,2948678
16;torus;0;5;8,356438;4;8,591236;0,6319515;0,2338111;0,5305201;-0,2514824;0,2948678
16;torus;0;5;8,370248;4;8,591236;2,222338;0,7251978;1,954234;-0,7706143;0,2532459
16;torus;0;5;8,384549;4;8,591236;0,5735716;-0,01827478;0,2839521;0,4980177;0,2546219
16;torus;0;5;8,397939;4;8,591236;0,5735716;-0,01827478;0,2839521;0,4980177;0,2546219
16;torus;0;5;8,412077;4;8,591236;1,276807;-0,1933515;0,2071664;1,244963;0,2676571
16;torus;0;5;8,426179;4;8,591236;0,7621597;0,1878798;0,7377982;0,03524721;0,257371
16;torus;0;5;8,439846;4;8,591236;0,7621597;0,1878798;0,7377982;0,03524721;0,257371
16;torus;0;5;8,453936;4;8,591236;1,740764;0,4590154;1,669288;-0,181774;0,2320549
16;torus;0;5;8,467576;4;8,591236;0,5780159;0,1155555;0,5540952;0,1171656;0,2270085
16;torus;0;5;8,481932;4;8,591236;0,5746973;0,1275599;0,5559027;0,07055253;0,2216711
16;torus;0;5;8,495514;4;8,591236;0,5746973;0,1275599;0,5559027;0,07055253;0,2216711
16;torus;0;5;8,509403;4;8,591236;1,190513;0,2587378;1,157476;0,1030773;0,21136
16;torus;0;5;8,523242;4;8,591236;0,2928561;0,07987022;0,2790347;0,03905222;0,209478
16;torus;0;5;8,537444;4;8,591236;0,2928561;0,07987022;0,2790347;0,03905222;0,209478
16;torus;0;5;8,551165;4;8,591236;1,01092;0,2272725;0,9826102;0,0691615;0,2026959
16;torus;0;5;8,565237;4;8,591236;0,3690617;-0,004649162;0,1966514;0,312271;0,2069911
16;torus;0;5;8,579486;4;8,591236;0,3690617;-0,004649162;0,1966514;0,312271;0,2069911
16;torus;0;5;8,593152;4;8,591236;1,161241;0,1879275;1,128714;0,1979105;0,2041952
16;torus;0;5;8,60673;4;8,591236;0,6905409;0,09723306;0,6758519;0,1030371;0,2034349
16;torus;0;5;8,620909;4;8,591236;0,5187594;0,07479191;0,5057149;0,08814707;0,2037004
16;torus;0;5;8,634645;4;8,591236;0,5187594;0,07479191;0,5057149;0,08814707;0,2037004
16;torus;0;5;8,648705;4;8,591236;1,080099;-0,003117323;0,8654528;0,6462172;0,2148429
16;torus;0;5;8,662509;4;8,591236;0,7454417;0,03211498;0,6949641;0,2677254;0,2199892
16;torus;0;5;8,676584;4;8,591236;0,7454417;0,03211498;0,6949641;0,2677254;0,2199892
16;torus;0;5;8,690356;4;8,591236;1,36234;-0,05017519;1,101956;0,7994645;0,237077
16;torus;0;5;8,704286;4;8,591236;0,6933283;0,06045699;0,6786146;0,1285739;0,2415547
16;torus;0;5;8,718354;4;8,591236;0,6933283;0,06045699;0,6786146;0,1285739;0,2415547
16;torus;0;5;8,732017;4;8,591236;1,330611;0,1748681;1,318875;0,02271533;0,2480013
16;torus;0;5;8,746136;4;8,591236;0,554745;0,02588034;0,5235412;0,1815952;0,2544551
16;torus;0;5;8,760249;4;8,591236;0,5317853;-0,03016591;0,4119057;0,3349915;0,2632458
16;torus;0;5;8,774393;4;8,591236;0,5317853;-0,03016591;0,4119057;0,3349915;0,2632458
16;torus;0;5;8,788115;4;8,591236;1,203703;-0,1237154;0,8528721;0,8403599;0,2844553
16;torus;0;5;8,801869;4;8,591236;0,9456195;0,09040236;0,9396855;-0,0549078;0,2908345
16;torus;0;5;8,815885;4;8,591236;0,9456195;0,09040236;0,9396855;-0,0549078;0,2908345
16;torus;0;5;8,829742;4;8,591236;1,863318;0,00666976;1,8277;0,3625214;0,3139298
16;torus;0;5;8,843685;4;8,591236;0,7644784;-0,01543164;0,7388331;0,1957417;0,3248142
16;torus;0;5;8,85769;4;8,591236;0,7644784;-0,01543164;0,7388331;0,1957417;0,3248142
16;torus;0;5;8,872053;4;8,591236;1,86519;-0,05213022;1,827932;0,36726;0,3512453
16;torus;0;5;8,885752;4;8,591236;0,6041626;-0,05295277;0,5450942;0,2551094;0,3617487
16;torus;0;5;8,899705;4;8,591236;0,6041626;-0,05295277;0,5450942;0,2551094;0,3617487
16;torus;0;5;8,913261;4;8,591236;0,9908803;-0,03250837;0,9586453;0,2485678;0,3774272
16;torus;0;5;8,926938;4;8,591236;0,7463755;-0,07617474;0,6933451;0,2656057;0,3902388
16;torus;0;5;8,941005;4;8,591236;0,8973543;-0,0980854;0,8459479;0,282836;0,4054437
16;torus;0;5;8,954821;4;8,591236;0,8973543;-0,0980854;0,8459479;0,282836;0,4054437
16;torus;0;5;8,969202;4;8,591236;2,03631;-0,211376;1,971078;0,4655436;0,438924
16;torus;0;5;8,982915;4;8,591236;0,865035;-0,1828253;0,7019281;0,4713356;0,4553531
16;torus;0;5;8,996655;4;8,591236;0,865035;-0,1828253;0,7019281;0,4713356;0,4553531
16;torus;0;5;9,010839;4;8,591236;1,348191;-0,3917575;0,07312298;1,287943;0,474709
16;torus;0;5;9,025011;4;8,591236;0,5507019;-0,1233459;0,4316628;0,3189445;0,4852313
16;torus;0;5;9,038627;4;8,591236;0,5507019;-0,1233459;0,4316628;0,3189445;0,4852313
16;torus;0;5;9,052343;4;8,591236;1,567654;-0,3403306;1,350039;0,7204905;0,5142866
16;torus;0;5;9,066186;4;8,591236;0,7897869;-0,2637029;0,201197;0,7167593;0,5274528
16;torus;0;5;9,08023;4;8,591236;0,866425;-0,2612293;-0,195761;0,8025765;0,5366751
16;torus;0;5;9,094124;4;8,591236;0,866425;-0,2612293;-0,195761;0,8025765;0,5366751
16;torus;0;5;9,108055;4;8,591236;1,478232;-0,4090428;-0,5722031;1,300168;0,5491884
16;torus;0;5;9,12232;4;8,591236;0,5016021;-0,1503229;-0,1360998;0,4587859;0,5547357
16;torus;0;5;9,136078;4;8,591236;0,5016021;-0,1503229;-0,1360998;0,4587859;0,5547357
16;torus;0;5;9,149819;4;8,591236;0,9854622;-0,3517807;0,08760989;0,9163573;0,5705793
16;torus;0;5;9,16389;4;8,591236;0,8065157;-0,2982676;-0,0641942;0,746581;0,5820631
16;torus;0;5;9,177888;4;8,591236;0,8065157;-0,2982676;-0,0641942;0,746581;0,5820631
16;torus;0;5;9,191974;4;8,591236;1,331168;-0,5189419;0,07217079;1,223724;0,6034268
16;torus;0;5;9,205608;4;8,591236;0,5830677;-0,2117336;-0,1255974;0,5285472;0,6109881
16;torus;0;5;9,219552;4;8,591236;0,5830677;-0,2117336;-0,1255974;0,5285472;0,6109881
16;torus;0;5;9,233353;4;8,591236;1,27263;-0,4677594;-0,3277019;1,137277;0,6270876
16;torus;0;5;9,247436;4;8,591236;0,7774335;-0,2586424;-0,3594711;0,6389737;0,6345582
16;torus;0;5;9,261173;4;8,591236;0,5474823;-0,193572;-0,2067626;0,4685253;0,6408073
16;torus;0;5;9,275432;4;8,591236;0,5474823;-0,193572;-0,2067626;0,4685253;0,6408073
16;torus;0;5;9,289239;4;8,591236;0,6658652;-0,2632976;0,3054157;0,5298793;0,6535487
16;torus;0;5;9,303122;4;8,591236;0,6460986;-0,2849996;0,06861985;0,5757689;0,6647559
16;torus;0;5;9,317118;4;8,591236;0,6460986;-0,2849996;0,06861985;0,5757689;0,6647559
16;torus;0;5;9,33111;4;8,591236;1,412631;-0,5222857;-0,6135717;1,160291;0,6801456
16;torus;0;5;9,345124;4;8,591236;0,5723652;-0,1788139;-0,3469959;0,4185945;0,6847134
16;torus;0;5;9,359133;4;8,591236;0,5723652;-0,1788139;-0,3469959;0,4185945;0,6847134
16;torus;0;5;9,372925;4;8,591236;0,98625;-0,2431393;-0,7300839;0,6168872;0,6897622
16;torus;0;5;9,386642;4;8,591236;0,6407489;-0,1326323;-0,5215794;0,3477395;0,6919022
16;torus;0;5;9,40065;4;8,591236;0,6399933;-0,1168191;-0,5465522;0,3118098;0,6933747
16;torus;0;5;9,414434;4;8,591236;0,6399933;-0,1168191;-0,5465522;0,3118098;0,6933747
16;torus;0;5;9,428473;4;8,591236;1,251995;-0,3489554;-0,9283796;0,7640898;0,7011703
16;torus;0;5;9,442258;4;8,591236;0,7328159;-0,1977861;-0,5717143;0,4135728;0,705264
16;torus;0;5;9,456453;4;8,591236;0,7328159;-0,1977861;-0,5717143;0,4135728;0,705264
16;torus;0;5;9,470461;4;8,591236;1,730892;-0,4792809;-1,362897;0,9533048;0,7155569
16;torus;0;5;9,484105;4;8,591236;0,843277;-0,1128376;-0,7971444;0,2508879;0,7159043
16;torus;0;5;9,497911;4;8,591236;0,843277;-0,1128376;-0,7971444;0,2508879;0,7159043
16;torus;0;5;9,512033;4;8,591236;0,7435331;-0,01500249;-0,7369429;0,09762943;0,7137144
16;torus;0;5;9,525903;4;8,591236;0,7497764;-0,2304971;-0,581935;0,41278;0,7193779
16;torus;0;5;9,539778;4;8,591236;0,7497764;-0,2304971;-0,581935;0,41278;0,7193779
16;torus;0;5;9,553553;4;8,591236;1,695531;-0,4217267;-1,472259;0,7276177;0,7281752
16;torus;0;5;9,567722;4;8,591236;0,3794009;-0,06532073;-0,3517717;0,1262337;0,729441
16;torus;0;5;9,581564;4;8,591236;0,6025845;-0,0561893;-0,5912565;0,1018167;0,7294029
16;torus;0;5;9,595207;4;8,591236;0,6025845;-0,0561893;-0,5912565;0,1018167;0,7294029
16;torus;0;5;9,609517;4;8,591236;1,258801;-0,1433313;-1,22727;0,2405107;0,7306308
16;torus;0;5;9,623587;4;8,591236;0,6307042;-0,08382201;-0,6125454;0,1246989;0,731707
16;torus;0;5;9,63733;4;8,591236;0,6307042;-0,08382201;-0,6125454;0,1246989;0,731707
16;torus;0;5;9,65111;4;8,591236;1,293125;-0,03293753;-1,292702;0,003117323;0,7290279
16;torus;0;5;9,665229;4;8,591236;0,3672354;0,05837083;-0,3481604;-0,1011878;0,7261979
16;torus;0;5;9,678951;4;8,591236;0,3672354;0,05837083;-0,3481604;-0,1011878;0,7261979
16;torus;0;5;9,692655;4;8,591236;0,787296;-0,03824234;-0,786122;0,01961589;0,7255793
16;torus;0;5;9,706587;4;8,591236;0,3642716;-0,03581643;-0,3601894;0,04092157;0,7261089
16;torus;0;5;9,720546;4;8,591236;0,60774;0,02437234;-0,6006598;-0,08922815;0,7237283
16;torus;0;5;9,734638;4;8,591236;0,60774;0,02437234;-0,6006598;-0,08922815;0,7237283
16;torus;0;5;9,748724;4;8,591236;1,090634;0,04376769;-1,079438;-0,1495987;0,720157
16;torus;0;5;9,762448;4;8,591236;0,122727;0,06157756;-0,09774873;-0,04141629;0,7190851
16;torus;0;5;9,776458;4;8,591236;0,122727;0,06157756;-0,09774873;-0,04141629;0,7190851
16;torus;0;5;9,790393;4;8,591236;0,5356626;-0,08946657;-0,4125893;0,3296971;0,7259201
16;torus;0;5;9,804481;4;8,591236;0,3459003;-0,08043051;-0,2120353;0,2611876;0,7314059
16;torus;0;5;9,818163;4;8,591236;0,3459003;-0,08043051;-0,2120353;0,2611876;0,7314059
16;torus;0;5;9,832072;4;8,591236;1,041692;0,7006049;0,4505701;-0,625509;0,7163226
16;torus;0;5;9,84651;4;8,591236;0,5547683;0,3882766;0,06201267;-0,3913611;0,7071968
16;torus;0;5;9,859914;4;8,591236;0,5547683;0,3882766;0,06201267;-0,3913611;0,7071968
16;torus;0;5;9,874057;4;8,591236;0,3629847;0,2953649;-0,2057388;-0,04678667;0,705243
16;torus;0;5;9,887636;4;8,591236;0,4502996;0,02028346;0,3442481;0,2895713;0,710878
16;torus;0;5;9,902093;4;8,591236;0,3806988;0,07157922;0,3122181;0,2057374;0,7147479
16;torus;0;5;9,915914;4;8,591236;0,3806988;0,07157922;0,3122181;0,2057374;0,7147479
16;torus;0;5;9,929333;4;8,591236;0,6647385;0,2598286;0,5721688;0,2167702;0,7184187
16;torus;0;5;9,943655;4;8,591236;0,40108;0,1486301;0,3612868;0,09080768;0,7199913
16;torus;0;5;9,957502;4;8,591236;0,40108;0,1486301;0,3612868;0,09080768;0,7199913
16;torus;0;5;9,971231;4;8,591236;1,00338;-0,05217791;0,6407835;0,7703543;0,735967
16;torus;0;5;9,985001;4;8,591236;0,455662;-0,00525713;0,2966799;0,3458053;0,7431591
16;torus;0;5;9,999331;4;8,591236;0,455662;-0,00525713;0,2966799;0,3458053;0,7431591
16;torus;0;5;10,01289;4;8,591236;0,6955765;0,1076162;0,4954189;0,4762411;0,7529206
16;torus;0;5;10,02697;4;8,591236;0,164456;0,1002014;0,01379885;0,1296729;0,7552088
16;torus;0;5;10,04081;4;8,591236;0,2657902;0,1179159;0,2038624;0,1232088;0,7576249
16;torus;0;5;10,05486;4;8,591236;0,2657902;0,1179159;0,2038624;0,1232088;0,7576249
16;torus;0;5;10,06864;4;8,591236;0,815935;0,1645386;0,7078998;0,3708839;0,7657602
16;torus;0;5;10,08278;4;8,591236;0,3409235;-0,01655221;0,1172263;0,3197074;0,7723424
16;torus;0;5;10,09696;4;8,591236;0,3409235;-0,01655221;0,1172263;0,3197074;0,7723424
16;torus;0;5;10,11073;4;8,591236;0,5523828;0,3432751;0,4260384;0,0760287;0,7738592
16;torus;0;5;10,12428;4;8,591236;0,3733701;0,3092945;0,09722561;-0,1851737;0,7696791
16;torus;0;5;10,13837;4;8,591236;0,3733701;0,3092945;0,09722561;-0,1851737;0,7696791
16;torus;0;5;10,15218;4;8,591236;0,6000616;0,5116999;0,2563823;-0,1802921;0,7655935
16;torus;0;5;10,16621;4;8,591236;0,2729729;0,2053559;-0,1781091;-0,0249058;0,764257
16;torus;0;5;10,18049;4;8,591236;0,3748801;0,3010213;-0,1385845;-0,1752585;0,759895
16;torus;0;5;10,19472;4;8,591236;0,3748801;0,3010213;-0,1385845;-0,1752585;0,759895
16;torus;0;5;10,20816;4;8,591236;1,252124;0,9031534;0,2717115;-0,8235902;0,7427844
16;torus;0;5;10,22187;4;8,591236;0,6246585;0,4346728;0,01426339;-0,4483908;0,7333838
16;torus;0;5;10,23585;4;8,591236;0,6246585;0,4346728;0,01426339;-0,4483908;0,7333838
16;torus;0;5;10,24996;4;8,591236;0,3180702;0,3103375;0,06629266;0,02155304;0,7336414
16;torus;0;5;10,26386;4;8,591236;0,167963;0,1633167;0,03750846;-0,0115037;0,7333533
16;torus;0;5;10,27744;4;8,591236;0,167963;0,1633167;0,03750846;-0,0115037;0,7333533
16;torus;0;5;10,292;4;8,591236;0,5765774;0,2851605;0,4983682;0,05247891;0,7355078
16;torus;0;5;10,30531;4;8,591236;0,1579209;0,06895661;0,02736859;0,1394093;0,7382928
16;torus;0;5;10,31931;4;8,591236;0,1579209;0,06895661;0,02736859;0,1394093;0,7382928
16;torus;0;5;10,33323;4;8,591236;0,9168809;0,5594909;-0,5334694;-0,4930019;0,726754
16;torus;0;5;10,34717;4;8,591236;0,560891;0,3636718;-0,05255602;-0,4237682;0,7180977
16;torus;0;5;10,36126;4;8,591236;0,2923328;0,2076924;0,04149079;-0,2014965;0,7141772
16;torus;0;5;10,37529;4;8,591236;0,2923328;0,2076924;0,04149079;-0,2014965;0,7141772
16;torus;0;5;10,38915;4;8,591236;0,9107177;-0,3410459;-0,1261219;0,8349776;0,7304796
16;torus;0;5;10,40277;4;8,591236;0,2597822;-0,06531477;-0,03497899;0,2489924;0,7353527
16;torus;0;5;10,41676;4;8,591236;0,2597822;-0,06531477;-0,03497899;0,2489924;0,7353527
16;torus;0;5;10,4307;4;8,591236;1,018067;-0,08707047;-0,9512089;0,3522515;0,7402767
16;torus;0;5;10,44493;4;8,591236;0,5646577;0,03171563;-0,5618282;0,0467062;0,740185
16;torus;0;5;10,45879;4;8,591236;0,5646577;0,03171563;-0,5618282;0,0467062;0,740185
16;torus;0;5;10,47272;4;8,591236;1,075521;0,3559947;-0,9322543;-0,4011422;0,7307822
16;torus;0;5;10,48658;4;8,591236;0,5887381;0,2302706;-0,4414409;-0,314194;0,7240239
16;torus;0;5;10,50055;4;8,591236;0,4051785;0,1052201;-0,3735133;-0,1165599;0,7213864
16;torus;0;5;10,51427;4;8,591236;0,4051785;0,1052201;-0,3735133;-0,1165599;0,7213864
16;torus;0;5;10,52822;4;8,591236;1,3656;-0,223434;-1,305362;0,3331244;0,7275895
16;torus;0;5;10,54228;4;8,591236;0,4607105;-0,03189445;-0,4595757;0,005209446;0,7277567
16;torus;0;5;10,55591;4;8,591236;0,4607105;-0,03189445;-0,4595757;0,005209446;0,7277567
16;torus;0;5;10,5701;4;8,591236;1,06488;-0,4046381;-0,8185267;0,5479515;0,7391944
16;torus;0;5;10,5837;4;8,591236;0,4070637;-0,1434803;-0,3339887;0,1832098;0,7431704
16;torus;0;5;10,59813;4;8,591236;0,4070637;-0,1434803;-0,3339887;0,1832098;0,7431704
16;torus;0;5;10,61186;4;8,591236;1,063332;-0,1755118;-1,043515;0,10463;0,7465382
16;torus;0;5;10,62553;4;8,591236;0,680553;-0,05748868;-0,6768167;-0,04203022;0,7468181
16;torus;0;5;10,63951;4;8,591236;0,680553;-0,05748868;-0,6768167;-0,04203022;0,7468181
16;torus;0;5;10,65361;4;8,591236;1,576262;-0,02421737;-1,54212;-0,3253937;0,7437677
16;torus;0;5;10,66733;4;8,591236;0,5712946;-0,08255243;-0,5646721;-0,02661049;0,7448547
16;torus;0;5;10,6816;4;8,591236;0,6451229;-0,2616525;-0,5266957;0,2651662;0,751873
16;torus;0;5;10,69568;4;8,591236;0,6451229;-0,2616525;-0,5266957;0,2651662;0,751873
16;torus;0;5;10,7096;4;8,591236;1,741527;-0,5201757;-1,632245;0,3132254;0,7643216
16;torus;0;5;10,72322;4;8,591236;0,725615;-0,1348495;-0,7122785;-0,03149807;0,7668064
16;torus;0;5;10,73695;4;8,591236;0,725615;-0,1348495;-0,7122785;-0,03149807;0,7668064
16;torus;0;5;10,75119;4;8,591236;1,339996;0,0008523464;-1,250543;-0,481385;0,7633058
16;torus;0;5;10,76515;4;8,591236;0,8462484;0,01078248;-0,7780284;-0,3327042;0,7609468
16;torus;0;5;10,77882;4;8,591236;0,8462484;0,01078248;-0,7780284;-0,3327042;0,7609468
16;torus;0;5;10,79304;4;8,591236;1,585283;0,1053333;-1,36808;-0,7939667;0,7536419
16;torus;0;5;10,80666;4;8,591236;0,8465594;-0,03985167;-0,7845327;-0,3155679;0,7527587
16;torus;0;5;10,82053;4;8,591236;0,7726944;-0,03108382;-0,7059216;-0,312674;0,7517468
16;torus;0;5;10,83455;4;8,591236;0,7726944;-0,03108382;-0,7059216;-0,312674;0,7517468
16;torus;0;5;10,84869;4;8,591236;1,222563;-0,06081462;-1,091246;-0,5478531;0,7496291
16;torus;0;5;10,86235;4;8,591236;0,64011;-0,024575;-0,5560353;-0,3161669;0,7481694
16;torus;0;5;10,87642;4;8,591236;0,64011;-0,024575;-0,5560353;-0,3161669;0,7481694
16;torus;0;5;10,89022;4;8,591236;0,5261647;0,1168191;-0,163953;-0,4861295;0,7404691
16;torus;0;5;10,90433;4;8,591236;0,5987115;0,07448196;-0,4014656;-0,4378736;0,7357368
16;torus;0;5;10,91816;4;8,591236;0,5987115;0,07448196;-0,4014656;-0,4378736;0,7357368
16;torus;0;5;10,93232;4;8,591236;1,537582;0,2775669;-0,9400129;-1,18469;0,7223747
16;torus;0;5;10,94567;4;8,591236;0,8279071;0,1911163;-0,4299939;-0,6811827;0,7141109
16;torus;0;5;10,95978;4;8,591236;0,8279071;0,1911163;-0,4299939;-0,6811827;0,7141109
16;torus;0;5;10,97357;4;8,591236;1,252543;0,3008839;-0,6530948;-1,025573;0,7021251
16;torus;0;5;10,98782;4;8,591236;0,6317406;0,136278;-0,1325708;-0,6024529;0,6927172
16;torus;0;5;11,00208;4;8,591236;0,5725782;0,01190839;-0,3892836;-0,4197169;0,6893073
16;torus;0;5;11,01574;4;8,591236;0,5725782;0,01190839;-0,3892836;-0,4197169;0,6893073
16;torus;0;5;11,02958;4;8,591236;1,20734;0,1331858;-0,7194635;-0,9603665;0,6806176
16;torus;0;5;11,04335;4;8,591236;0,6464963;0,0873165;0,003597319;-0,6405625;0,6690181
16;torus;0;5;11,05728;4;8,591236;0,6464963;0,0873165;0,003597319;-0,6405625;0,6690181
16;torus;0;5;11,07107;4;8,591236;1,093736;0,2416873;-0,7926539;-0,7138252;0,6660776
16;torus;0;5;11,0852;4;8,591236;0,4327352;0,1072109;-0,06760359;-0,4137576;0,6600956
16;torus;0;5;11,09947;4;8,591236;0,4327352;0,1072109;-0,06760359;-0,4137576;0,6600956
16;torus;0;5;11,11309;4;8,591236;1,364689;0,4322946;-0,1582742;-1,284698;0,6412812
16;torus;0;5;11,12731;4;8,591236;1,068758;0,3741503;-0,07194132;-0,9985387;0,6264605
16;torus;0;5;11,14113;4;8,591236;0,8222052;0,2912641;0,0137955;-0,7687628;0,6144352
16;torus;0;5;11,15466;4;8,591236;0,8222052;0,2912641;0,0137955;-0,7687628;0,6144352
16;torus;0;5;11,16905;4;8,591236;1,540383;0,3872395;-0,3792658;-1,441868;0,59769
16;torus;0;5;11,18267;4;8,591236;0,7338704;0,2170265;-0,04510731;-0,6995931;0,5881128
16;torus;0;5;11,19689;4;8,591236;0,7338704;0,2170265;-0,04510731;-0,6995931;0,5881128
16;torus;0;5;11,21087;4;8,591236;1,285576;0,4843652;0,7310927;-0,9399995;0,5649305
16;torus;0;5;11,22465;4;8,591236;0,3249382;0,08211136;0,1104325;-0,294359;0,5592374
16;torus;0;5;11,23852;4;8,591236;0,3249382;0,08211136;0,1104325;-0,294359;0,5592374
16;torus;0;5;11,25212;4;8,591236;1,247692;0,4431784;0,7388845;-0,9024292;0,5367026
16;torus;0;5;11,26627;4;8,591236;0,6256754;0,2146542;0,3730506;-0,4541218;0,5254126
16;torus;0;5;11,28036;4;8,591236;0,7012132;0,2291262;0,5196258;-0,4113272;0,5128279
16;torus;0;5;11,29396;4;8,591236;0,7012132;0,2291262;0,5196258;-0,4113272;0,5128279
16;torus;0;5;11,30803;4;8,591236;1,073638;0,3008962;0,8042216;-0,6445065;0,4932555
16;torus;0;5;11,32193;4;8,591236;0,5581986;0,07930994;0,5519524;-0,02537966;0,4856988
16;torus;0;5;11,33572;4;8,591236;0,5581986;0,07930994;0,5519524;-0,02537966;0,4856988
16;torus;0;5;11,34987;4;8,591236;1,216282;0,2062619;1,180668;-0,2069294;0,4678043
16;torus;0;5;11,36369;4;8,591236;0,6425079;0,05534887;0,6394804;0,02859533;0,4603567
16;torus;0;5;11,37777;4;8,591236;0,6425079;0,05534887;0,6394804;0,02859533;0,4603567
16;torus;0;5;11,39136;4;8,591236;1,298856;0,1929104;1,258823;-0,2552986;0,4417305
16;torus;0;5;11,40557;4;8,591236;0,6152203;0,1238585;0,513722;-0,3150314;0,4311329
16;torus;0;5;11,41932;4;8,591236;0,6152203;0,1238585;0,513722;-0,3150314;0,4311329
16;torus;0;5;11,43356;4;8,591236;1,574143;0,1888454;1,558279;-0,1184553;0,4125679
16;torus;0;5;11,4473;4;8,591236;0,6427736;-0,02610087;0,6212309;0,1629382;0,4087541
16;torus;0;5;11,46129;4;8,591236;0,5353491;-0,04230738;0,5155087;0,1380563;0,4058422
16;torus;0;5;11,47523;4;8,591236;0,5353491;-0,04230738;0,5155087;0,1380563;0,4058422
16;torus;0;5;11,48926;4;8,591236;1,261203;0,100708;1,243605;-0,1842231;0,391583
16;torus;0;5;11,50297;4;8,591236;0,4275886;0,0222981;0,3976598;-0,1555681;0,385512
16;torus;0;5;11,51675;4;8,591236;0,4275886;0,0222981;0,3976598;-0,1555681;0,385512
16;torus;0;5;11,53062;4;8,591236;0,8554705;0,08178949;0,694932;-0,4921481;0,3713927
16;torus;0;5;11,54462;4;8,591236;0,7077705;0,04311204;0,7039741;-0,05916804;0,3650782
16;torus;0;5;11,55853;4;8,591236;0,7077705;0,04311204;0,7039741;-0,05916804;0,3650782
16;torus;0;5;11,5723;4;8,591236;0,7572444;-0,03752112;0,7457241;-0,1261219;0,3573399
16;torus;0;5;11,58686;4;8,591236;0,1702363;-0,04550815;0,09928048;-0,1305863;0,3540795
16;torus;0;5;11,60033;4;8,591236;0,3754926;0,02126694;0,2498597;-0,2794862;0,3474045
16;torus;0;5;11,614;4;8,591236;0,3754926;0,02126694;0,2498597;-0,2794862;0,3474045
16;torus;0;5;11,62825;4;8,591236;0,7749255;-0,02115369;0,7293009;-0,2611175;0,3379745
16;torus;0;5;11,64192;4;8,591236;0,2032646;-0,05227923;0,1824558;-0,07275492;0,3353263
16;torus;0;5;11,656;4;8,591236;0,2032646;-0,05227923;0,1824558;-0,07275492;0,3353263
16;torus;0;5;11,66985;4;8,591236;0,711602;-0,000590086;0,5911582;-0,3961176;0,3247352
16;torus;0;5;11,68405;4;8,591236;0,5018727;-0,02003908;0,4965849;-0,06984323;0,3209136
16;torus;0;5;11,69788;4;8,591236;0,5018727;-0,02003908;0,4965849;-0,06984323;0,3209136
16;torus;0;5;11,71166;4;8,591236;0,3670475;-0,1655936;0,3220171;-0,0600636;0,3175675
16;torus;0;5;11,72554;4;8,591236;0,2989445;-0,02833605;0,2328917;-0,1852736;0,3129587
16;torus;0;5;11,73979;4;8,591236;0,2989445;-0,02833605;0,2328917;-0,1852736;0,3129587
16;torus;0;5;11,7537;4;8,591236;0,9026242;0,07118583;0,3892541;-0,8112609;0,296401
16;torus;0;5;11,76757;4;8,591236;0,4360549;0,01248121;0,3427468;-0,2692819;0,2901532
16;torus;0;5;11,78155;4;8,591236;0,1107178;-0,09909868;0,03527179;-0,03455132;0,288867
16;torus;0;5;11,79521;4;8,591236;0,1107178;-0,09909868;0,03527179;-0,03455132;0,288867
16;torus;0;5;11,8089;4;8,591236;0,4211733;-0,2576292;-0,3080167;0,1270428;0,2910862
16;torus;0;5;11,823;4;8,591236;0,4808375;-0,04836917;0,3983743;-0,264883;0,2844292
16;torus;0;5;11,83675;4;8,591236;0,4808375;-0,04836917;0,3983743;-0,264883;0,2844292
16;torus;0;5;11,85054;4;8,591236;0,4213425;-0,100112;0,2405033;-0,3311574;0,2768662
16;torus;0;5;11,86426;4;8,591236;0,3405226;-0,03066063;-0,140208;-0,3087997;0,2712249
16;torus;0;5;11,87842;4;8,591236;0,3405226;-0,03066063;-0,140208;-0,3087997;0,2712249
16;torus;0;5;11,89229;4;8,591236;0,6118734;-0,0266552;0,2898812;-0,538189;0,2599067
16;torus;0;5;11,90617;4;8,591236;0,1288793;-0,1106501;-0,06172359;-0,02359301;0,2590933
16;torus;0;5;11,92043;4;8,591236;0,1706636;-0,1101613;0,1192242;0,05268902;0,2592397
16;torus;0;5;11,93466;4;8,591236;0,1706636;-0,1101613;0,1192242;0,05268902;0,2592397
16;torus;0;5;11,94821;4;8,591236;0,3629237;-0,1361132;0,2930835;-0,1651935;0,2546687
16;torus;0;5;11,96201;4;8,591236;0,2237148;-0,07069707;-0,1202397;-0,1749076;0,2512708
16;torus;0;5;11,97612;4;8,591236;0,2237148;-0,07069707;-0,1202397;-0,1749076;0,2512708
16;torus;0;5;11,99037;4;8,591236;0,6510282;-0,02538562;0,3827289;-0,5260341;0,2400841
16;torus;0;5;12,00386;4;8,591236;0,1869444;-0,07073283;-0,04838035;-0,1661457;0,2366486
16;torus;0;5;12,01795;4;8,591236;0,1869444;-0,07073283;-0,04838035;-0,1661457;0,2366486
16;torus;0;5;12,03236;4;8,591236;0,6053335;-0,06738901;0,03743172;-0,600405;0,2246491
16;torus;0;5;12,04574;4;8,591236;0,5164091;0,01343489;0,3976822;-0,3291607;0,2175857
16;torus;0;5;12,05983;4;8,591236;0,5164091;0,01343489;0,3976822;-0,3291607;0,2175857
16;torus;0;5;12,07353;4;8,591236;0,9404076;0,01178384;0,6269664;-0,7008143;0,2034479
16;torus;0;5;12,08763;4;8,591236;0,4786832;0,004559755;0,05979538;-0,4749119;0,1942997
16;torus;0;5;12,10168;4;8,591236;0,50766;0,01324415;0,08976385;-0,4994854;0,1847676
16;torus;0;5;12,11556;4;8,591236;0,50766;0,01324415;0,08976385;-0,4994854;0,1847676
16;torus;0;5;12,1294;4;8,591236;1,922114;0,2461731;0,4125834;-1,861101;0,1515074
16;torus;0;5;12,14318;4;8,591236;1,101831;0,1463592;0,4363254;-1,001115;0,1353
16;torus;0;5;12,15725;4;8,591236;1,101831;0,1463592;0,4363254;-1,001115;0,1353
16;torus;0;5;12,17107;4;8,591236;2,372835;0,2746165;0,5817108;-2,283976;0,1032722
16;torus;0;5;12,18496;4;8,591236;0,6789757;-0,494012;-0,429034;-0,181356;0,09360282
16;torus;0;5;12,19912;4;8,591236;0,6789757;-0,494012;-0,429034;-0,181356;0,09360282
16;torus;0;5;12,21289;4;8,591236;3,567341;-0,6695993;-2,295897;-2,646963;0,05675735
16;torus;0;5;12,22712;4;8,591236;1,891048;-0,50567;0,6497985;-1,702387;0,03739248
16;torus;0;5;12,24118;4;8,591236;5,105498;-0,6641836;1,529857;-4,825403;0,1097291
16;torus;0;5;12,25494;4;8,591236;5,105498;-0,6641836;1,529857;-4,825403;0,1097291
16;torus;0;5;12,26821;4;8,591236;8,210713;3,149369;-1,144874;-7,495769;0,2699895
16;torus;0;5;12,28258;4;8,591236;1,883148;-0,1129985;0,1413018;-1,874436;0,3053545
16;torus;0;5;12,29636;4;8,591236;1,883148;-0,1129985;0,1413018;-1,874436;0,3053545
16;torus;0;5;12,31041;4;8,591236;4,055393;-0,4059792;-0,3589109;-4,019027;0,3824338
16;torus;0;5;12,32437;4;8,591236;2,257813;-0,2639234;-0,08124858;-2,240862;0,4258381
16;torus;0;5;12,33807;4;8,591236;2,257813;-0,2639234;-0,08124858;-2,240862;0,4258381
16;torus;0;5;12,35195;4;8,591236;2,020733;-1,147165;1,086719;-1,259531;0,4470232
16;torus;0;5;12,36623;4;8,591236;2,509746;-0,1159517;-0,8074846;-2,373467;0,4961448
16;torus;0;5;12,3798;4;8,591236;2,509746;-0,1159517;-0,8074846;-2,373467;0,4961448
16;torus;0;5;12,39416;4;8,591236;2,369741;-0,6717759;-0,006604105;-2,27252;0,539291
16;torus;0;5;12,40782;4;8,591236;2,342996;0,7643015;0,05809702;-2,214068;0,5842705
16;torus;0;5;12,42186;4;8,591236;1,427146;-0,1548469;0,8166187;-1,16013;0,6073051
16;torus;0;5;12,43562;4;8,591236;1,427146;-0,1548469;0,8166187;-1,16013;0,6073051
16;torus;0;5;12,44982;4;8,591236;0,8748562;-0,2099514;0,03120899;-0,8487165;0,6240548
16;torus;0;5;12,46345;4;8,591236;0,5293739;-0,1353562;-0,2406068;-0,45169;0,6328969
16;torus;0;5;12,47757;4;8,591236;0,5293739;-0,1353562;-0,2406068;-0,45169;0,6328969
16;torus;0;5;12,49109;4;8,591236;0,7665529;-0,09974837;0,4402757;-0,6195247;0,6453397
16;torus;0;5;12,50522;4;8,591236;0,454259;-0,005120039;0,412643;-0,1898706;0,6493694
16;torus;0;5;12,51929;4;8,591236;0,454259;-0,005120039;0,412643;-0,1898706;0,6493694
16;torus;0;5;12,53328;4;8,591236;1,448569;-0,1886368;0,871899;-1,141298;0,6728641
16;torus;0;5;12,54721;4;8,591236;1,143475;-0,2366781;0,3239505;-1,070783;0,6945182
