participantNumber
3
repetitionNum
5
sdfEnabled
1
taskTime
12,01501
numHits
8
positionDifference
0,07090012
angleDifference
45,55193
finalPosX
-0,00655726
finalPosY
0,01737635
finalPosZ
-0,8771172
finalRotX
17,28946
finalRotY
41,31091
finalRotZ
17,95954
taskType
torus
velocityMagnitude
0,9273006
0,3883465
0,3883465
0,5428187
0,2566261
0,2566261
0,655516
0,4575854
0,4575854
0,4431394
0,3100299
0,355333
0,355333
0,4963887
0,4054885
0,4054885
0,5980626
0,5073458
0,5073458
0,4560435
0,4281726
0,3322034
0,3322034
0,3059546
0,3643439
0,3643439
0,3080705
0,1832376
0,1832376
0,1841658
0,1943696
0,1962775
0,1962775
0,2376925
0,2200741
0,2200741
0,2071048
0,20388
0,20388
0,08081796
0,07928953
0,07928953
0,0183728
0,02376428
0,02853584
0,02853584
0,05023462
0,0505346
0,0505346
0,06652783
0,06320728
0,06320728
0,07467856
0,07994417
0,08810061
0,08810061
0,09638477
0,08721356
0,08721356
0,0779307
0,05586805
0,05586805
0,03923155
0,03330813
0,03330813
0,03032658
0,04797322
0,04404142
0,04404142
0,0625842
1,126307
1,126307
1,9197
1,560298
1,560298
3,48435
2,675713
0,6681005
0,6681005
3,547547
1,59971
1,59971
1,018852
0,1198059
0,1198059
0,3533935
0,2427649
0,2427649
0,6039265
0,1104529
0,1073849
0,1073849
0,3571356
0,2704543
0,2704543
0,2437542
0,1010933
0,1010933
0,02948904
0,1042955
0,2266761
0,2266761
0,2724861
0,1541605
0,1541605
0,258616
0,2799897
0,2799897
0,4597817
0,5540406
0,5970551
0,5970551
0,9083145
0,6938571
0,6938571
0,928629
0,6640478
0,6640478
1,194342
0,8033099
0,8033099
1,01999
0,5580342
0,3421443
0,3421443
0,5488598
0,4305945
0,4305945
0,4816389
0,321479
0,321479
0,08011401
0,1321452
0,1321452
0,4804904
0,3601053
0,4780603
0,4780603
0,9714782
0,7885839
0,7885839
0,568835
0,3832665
0,3419352
0,3419352
0,581104
0,5027967
0,5027967
0,6542957
0,491906
0,4782121
0,6515394
0,6515394
0,7969527
0,583472
0,583472
0,8684068
0,628109
0,4986173
0,4986173
0,4880742
0,3508777
0,3508777
0,4108766
0,4096361
0,4096361
0,4745917
0,3938551
0,2964532
0,2964532
0,2890219
0,2907551
0,2907551
0,1902052
0,1444254
0,1444254
0,1767733
0,2578839
0,3138629
0,3138629
0,5272638
0,5002695
0,5002695
0,8264654
0,7526531
0,7526531
1,367057
0,9524978
0,8579251
0,8579251
1,129182
0,7874042
0,7874042
1,269966
0,6487271
0,9631292
0,6491143
0,6491143
0,5643097
0,07664867
0,3167219
0,6402715
0,6006333
0,6006333
0,9074753
0,5616566
0,5616566
0,7335905
0,6943682
0,6943682
1,509944
0,9131698
0,7009053
0,7009053
0,9018421
0,516588
0,516588
0,8490665
0,573491
0,5101714
0,7934145
0,5155159
0,5155159
0,8868727
0,7049029
0,7049029
0,6700398
0,566152
0,566152
0,5913098
0,4766117
0,4766117
0,8646408
0,8435483
0,9518033
0,9518033
1,483079
1,086731
1,086731
1,210276
0,8553672
0,8553672
1,057705
0,7039906
0,4568012
0,4568012
0,5378729
0,5166894
0,5166894
0,8877555
0,6456823
0,6456823
0,974237
0,3698746
0,3273286
0,3273286
0,3148986
0,2487834
0,2487834
0,3301092
0,07709537
0,07709537
0,3293758
0,1548935
0,1548935
0,7681711
0,3110677
0,2099949
0,2099949
0,1609072
0,160456
0,160456
0,3064662
0,1505137
0,1505137
0,08013227
0,09100334
0,07358598
0,07358598
0,05003577
0,02558067
0,02558067
0,03674411
0,06853817
0,06853817
0,1291971
0,06565057
0,06565057
0,2348555
0,3787822
0,4293804
0,4293804
0,4318467
0,3023231
0,3023231
0,4522789
0,3701973
0,3701973
0,362788
0,3623711
0,2931828
0,2931828
0,2534505
0,1992021
0,1992021
0,1302579
0,118345
0,118345
0,2856122
0,3440357
0,3520325
0,3520325
0,258387
0,1798531
0,1798531
0,1132696
0,1282747
0,1282747
0,2401348
0,2458489
0,2458489
0,3182794
0,282055
0,2869301
0,2869301
0,4212794
0,4438879
0,4438879
0,4396723
0,3560841
0,3560841
0,3084558
0,3226247
0,3235324
0,3235324
0,4234622
0,8934469
0,8934469
0,6730474
0,5360659
0,5360659
0,1746954
0,3312034
0,3312034
0,2814539
0,2662941
0,3790471
0,3790471
0,4576031
0,4674453
0,4674453
0,907787
0,9036496
0,9036496
2,962091
2,125888
1,786822
1,786822
2,349234
1,551296
1,551296
2,816405
1,014506
1,014506
2,275854
1,206923
1,472803
1,472803
1,788814
1,2991
1,703637
0,8644312
0,8644312
1,268784
0,9305391
0,9305391
1,716365
0,8892035
0,7414147
0,7414147
0
0
2,120112
0,6723574
0,4375445
0,6911543
0,5395402
0,6008421
0,2125666
0,2125666
0,2620563
0,2790585
0,2790585
0,1872476
0,1118262
0,1118262
0,6655432
0,5951832
0,5625942
0,5625942
0,8815786
0,7413408
0,7413408
0,7740331
0,6989632
0,6989632
0,7649751
0,672273
0,5560498
0,5560498
0,798193
0,6433346
0,6433346
0,6976431
0,593589
0,593589
0,9052664
0,7633327
0,7633327
0,99383
0,8690921
0,7203386
0,7203386
1,089124
0,9038517
0,9038517
1,463274
1,184203
1,184203
2,239517
1,306365
1,202494
1,202494
1,764638
1,090327
1,090327
1,599627
1,131893
1,131893
1,52439
1,078135
1,078135
1,297727
1,060977
0,7398342
0,7398342
1,019788
0,9295418
0,9295418
1,404108
1,077002
1,077002
1,163617
0,8899028
0,8724233
0,8724233
1,121334
0,6030297
0,6030297
0,7895057
0,6652887
0,6652887
0,981405
0,7106112
0,7106112
0,7679259
0,5198279
0,4899814
0,4899814
0,9178832
0,7563367
0,7563367
1,101573
0,9455202
0,9455202
0,8273974
0,76114
0,7310952
0,7310952
1,272337
1,237822
1,237822
1,595704
1,240436
1,240436
2,183486
1,210399
1,135162
1,135162
1,853943
1,120318
1,120318
2,088215
1,283679
1,283679
1,925974
1,299976
1,299976
1,811809
1,250053
0,9647774
0,9647774
1,257287
0,8843078
0,8843078
1,535543
0,9484412
0,9484412
1,123828
0,8227113
0,6385531
0,6385531
0,8914002
0,7741289
0,7741289
1,064855
0,7731168
0,7731168
0,9444056
0,6587834
0,6745603
0,6745603
0,3020048
0,3020048
0,2591885
0,2591885
1,021714
0,6572728
0,2866482
0,5071215
0,424297
0,3954287
0,5052245
0,5052245
0,6527452
0,5544128
0,6746961
0,4482267
0,3938141
0,6138064
0,4832093
0,4832093
0,5741727
0,4500507
0,473703
0,6088388
0,6088388
0,9374226
0,6748123
0,5265787
0,5265787
0,6874489
0,477708
0,477708
0,7805035
0,5412115
0,5412115
0,8065861
0,4236609
0,4236609
1,073185
0,3759781
0,2844936
0,2844936
0,5272655
0,4471953
0,4471953
0,5919918
0,1653673
0,1653673
0,8673931
0,4873161
0,2425728
0,2425728
0,6008362
0,338094
0,338094
0,5367069
0,2755828
0,2755828
0,3563876
0,4937466
0,4176975
0,4176975
0,6634979
0,102143
0,102143
0,8538294
0,5579755
0,5579755
1,211937
0,4429297
0,4429297
1,475744
0,6727065
0,8166724
0,8166724
1,303372
0,4983539
0,4983539
0,8233445
0,6476399
0,6476399
0,8535994
0,203624
0,2912957
0,2912957
0,5282832
0,3339221
0,3339221
0,8003286
0,209738
0,209738
0,7035228
0,3561067
0,3561067
0,5641308
0,5856854
0,7737722
0,7737722
1,210959
0,1752485
0,1752485
0,2492322
0,2790273
0,2790273
0,864976
0,6731701
0,7362682
0,7362682
0,6651167
0,267857
0,267857
0,6865293
0,5600945
0,5600945
1,028857
0,7934352
0,6481321
0,6481321
0,9967396
0,7328444
0,7328444
1,477805
0,4783323
0,4783323
0,6736009
0,4631299
0,4631299
1,647521
1,539243
0,3559448
0,3559448
0,4727652
0,6239049
0,6239049
1,289508
0,9880221
0,9880221
0,9021233
0,5100262
0,5160269
0,5160269
0,7875129
1,109652
1,109652
1,061524
0,8002473
0,8002473
0,7484478
0,7010505
0,7010505
0,7331216
0,7496067
0,6341597
0,6341597
0,7323786
0,6905466
0,6905466
0,8601542
0,7023498
0,7023498
1,159299
0,7459737
0,6286886
0,6286886
0,6727191
0,3295626
0,3295626
0,2324182
0,1584062
0,1584062
0,3048528
0,1833964
0,1833964
0,3196661
0,2977764
0,360143
0,360143
0,6118327
0,313789
0,313789
0,5871027
0,3348433
0,3348433
0,7019169
0,7742568
1,008483
1,008483
1,183074
0,6415527
0,6415527
0,8247706
0,5924261
0,5924261
0,7590559
0,5236039
0,5236039
0,6296582
0,2706787
0,4471162
0,4471162
0,6561348
0,6508556
0,6508556
1,051168
0,953409
0,953409
1,536776
1,251639
1,033999
1,033999
1,875145
1,034088
1,034088
1,80732
0,6826192
0,6826192
0,9488828
0,488157
0,488157
0,5044937
0,2958392
0,3253932
0,3253932
0,6656302
0,4632924
0,4632924
0,4620155
0,3251814
0,3251814
0,2591958
0,3090786
0,3632701
0,3632701
0,5047718
0,4690467
0,4690467
0,2007159
0,2029423
0,2029423
0,2574607
0,2950558
0,10736
0,10736
0,1968368
0,1977359
0,1977359
0,2197049
0,1902849
0,1902849
0,1926053
0,1621482
0,1621482
0,1549895
0,1486792
0,1483627
0,1483627
0,1792171
0,1700034
0,1700034
0,1697518
0,1621941
0,1621941
0,2282149
0,2240166
0,2400536
0,2400536
0,1784883
0,2112321
0,2112321
0,4055283
0,3699333
0,3699333
0,2033187
0,2008801
0,2008801
0,2105105
0,2235712
0,2503346
0,2503346
0,3026769
1,020492
1,020492
0,5497258
1,60897
1,60897
3,768321
3,826277
2,066269
2,066269
13,05028
0,2103076
0,2103076
0,2104962
0,1278243
0,1278243
0,006703945
0,01259184
0,01259184
0,04712915
0,1357316
0,5331016
0,5331016
0,4360043
0,2251033
0,2251033
0,2057866
0,1639578
0,1639578
0,259747
0,3362228
0,2148756
0,2148756
0,166698
0,1395449
0,1395449
0,2625012
0,4740828
0,4740828
1,518099
1,263773
1,263773
1,073305
1,091157
3,482199
3,482199
9,173559
velocityComponents
0,3697336
-0,1142636
-0,8426905
0,1538396
-0,01486614
-0,3562659
0,1538396
-0,01486614
-0,3562659
0,1900673
-0,01018122
-0,5083531
0,08457303
-0,02482831
-0,2410144
0,08457303
-0,02482831
-0,2410144
0,2502117
0,002222465
-0,6058798
0,1822234
0,08957009
-0,4100685
0,1822234
0,08957009
-0,4100685
0,1543083
0,07853514
-0,4079138
0,1023666
0,006882499
-0,2925615
0,1298805
0,01228584
-0,3305173
0,1298805
0,01228584
-0,3305173
0,1178273
-0,2362816
-0,4203444
0,0567574
-0,2760166
-0,2915723
0,0567574
-0,2760166
-0,2915723
0,1562736
-0,2525011
-0,5191345
0,1451884
-0,1602767
-0,458946
0,1451884
-0,1602767
-0,458946
0,1483506
0,02460528
-0,4305373
0,1373221
0,07562339
-0,3984414
0,103384
0,06283718
-0,3093903
0,103384
0,06283718
-0,3093903
0,09632175
0,05313961
-0,2854934
0,1161201
0,06012908
-0,3400693
0,1161201
0,06012908
-0,3400693
0,09669463
0,03820552
-0,2899964
-0,04141513
0,1374883
-0,1138322
-0,04141513
0,1374883
-0,1138322
-0,02227068
0,1391189
-0,1186044
-0,009348631
0,1397055
-0,1348128
-0,009459034
0,1376986
-0,139551
-0,009459034
0,1376986
-0,139551
-0,009138554
0,1565377
-0,1786341
-0,01156366
0,1463277
-0,1639729
-0,01156366
0,1463277
-0,1639729
-0,04209432
0,1266981
-0,158329
-0,03702167
0,1208122
-0,1600028
-0,03702167
0,1208122
-0,1600028
0,001582831
0,0547565
-0,05942023
-0,003227919
0,05545334
-0,05658036
-0,003227919
0,05545334
-0,05658036
-0,00744009
0,004055621
-0,01630205
-0,01495349
0,0009119771
-0,01844728
-0,01712665
-0,0008753464
-0,02280802
-0,01712665
-0,0008753464
-0,02280802
-0,01478064
0,00776571
-0,04737872
-0,02848217
0,01307876
-0,03964162
-0,02848217
0,01307876
-0,03964162
-0,0306164
0,008280728
-0,05848092
-0,0290094
-0,006214611
-0,05581212
-0,0290094
-0,006214611
-0,05581212
-0,03446925
-0,03256948
-0,05768871
-0,04328603
-0,004194856
-0,0670805
-0,03835213
-0,03956841
-0,06873989
-0,03835213
-0,03956841
-0,06873989
-0,0451028
-0,02482853
-0,08148193
-0,04845032
-0,01829624
-0,07017136
-0,04845032
-0,01829624
-0,07017136
-0,0200693
-0,02573404
-0,07076848
-0,02425864
-0,01867331
-0,04673398
-0,02425864
-0,01867331
-0,04673398
-0,01465988
-0,009771377
-0,03505313
-0,009020776
-0,00822705
-0,03098989
-0,009020776
-0,00822705
-0,03098989
-0,008332819
-0,002697721
-0,02903426
0,001456469
0,00501278
-0,04768836
-0,01070526
-0,003488556
-0,04257786
-0,01070526
-0,003488556
-0,04257786
-0,02742033
0,04041313
-0,03913677
0,2352172
0,1469446
-1,091626
0,2352172
0,1469446
-1,091626
-0,2939597
0,789161
-1,725126
-0,2188865
0,07875744
-1,54286
-0,2188865
0,07875744
-1,54286
0,9301982
0,280923
-3,346118
0,6970086
0,214499
-2,574414
0,1701822
0,07671095
-0,6414918
0,1701822
0,07671095
-0,6414918
0,8586695
0,700784
-3,369967
0,3537126
0,3054155
-1,529929
0,3537126
0,3054155
-1,529929
0,1169663
0,3914391
-0,9333566
-0,1046262
0,01335014
-0,05682059
-0,1046262
0,01335014
-0,05682059
-0,134179
-0,3265293
-0,01617412
0,04794974
0,03863867
-0,2348248
0,04794974
0,03863867
-0,2348248
0,1989235
0,1003723
-0,5613217
0,05030661
0,02599715
-0,09483269
-0,01960714
-0,04539929
0,09532043
-0,01960714
-0,04539929
0,09532043
-0,06710617
-0,1688961
0,3074357
-0,0291002
-0,2295287
0,1400546
-0,0291002
-0,2295287
0,1400546
0,06696282
-0,2057881
-0,1121755
0,03788709
-0,07283382
-0,05898856
0,03788709
-0,07283382
-0,05898856
0,02938923
-5,670502E-05
-0,002423442
0,05058134
0,07867455
-0,04614533
0,07665003
0,1817342
-0,1117117
0,07665003
0,1817342
-0,1117117
0,0782332
0,2422506
-0,09717436
0,03749647
0,144742
-0,03753944
0,03749647
0,144742
-0,03753944
0,04377925
0,254078
-0,02024848
0,04479774
0,2742161
-0,03453841
0,04479774
0,2742161
-0,03453841
0,05436886
0,4536724
-0,05123056
0,03839264
0,5526997
-0,00315759
0,04870245
0,5928204
-0,05164195
0,04870245
0,5928204
-0,05164195
0,04050454
0,9074097
0,00148796
0,00500256
0,6903912
0,06908488
0,00500256
0,6903912
0,06908488
-0,01097755
0,922667
0,1044843
-0,0114467
0,6610915
0,06153423
-0,0114467
0,6610915
0,06153423
-0,006288254
1,194192
0,01781359
0,009163377
0,8008967
-0,06154031
0,009163377
0,8008967
-0,06154031
0,05149996
0,9787834
-0,2823312
0,008957825
0,5438001
-0,1249137
0,004112697
0,324108
-0,1095436
0,004112697
0,324108
-0,1095436
0,06006124
0,4080241
-0,3621548
0,03332889
0,3628615
-0,2294174
0,03332889
0,3628615
-0,2294174
0,02550209
0,4165744
-0,2403986
0,02061784
0,2534219
-0,1967256
0,02061784
0,2534219
-0,1967256
-0,0167959
0,02062285
-0,07557017
-0,003997258
0,03593598
-0,1271022
-0,003997258
0,03593598
-0,1271022
0,0514248
0,1393739
-0,456948
0,03229008
0,1153098
-0,3396127
0,05945279
0,2091867
-0,4257323
0,05945279
0,2091867
-0,4257323
0,1016565
0,6036516
-0,7543477
0,05548667
0,5560331
-0,5564287
0,05548667
0,5560331
-0,5564287
0,02044861
0,4002207
-0,403706
0,01708513
0,1942607
-0,3299456
0,02472337
0,08382834
-0,3305772
0,02472337
0,08382834
-0,3305772
0,0657462
0,1093685
-0,5669196
0,05693906
0,02771745
-0,4987928
0,05693906
0,02771745
-0,4987928
0,06377821
0,1047804
-0,6426946
0,0279486
0,1800001
-0,4569359
0,01164875
0,2572612
-0,4029488
0,02395746
0,3334865
-0,5592105
0,02395746
0,3334865
-0,5592105
0,03809306
0,1674687
-0,7782267
0,0319367
0,04352116
-0,5809695
0,0319367
0,04352116
-0,5809695
0,06180331
-0,1762227
-0,8480898
0,05340303
-0,06420069
-0,622533
0,0445683
-0,002942392
-0,4966127
0,0445683
-0,002942392
-0,4966127
0,001111519
-0,3500516
-0,3401162
-0,02093408
-0,3221018
-0,1375767
-0,02093408
-0,3221018
-0,1375767
-0,0109862
-0,349006
-0,2165494
0,004897594
-0,2931688
-0,286059
0,004897594
-0,2931688
-0,286059
0,02279839
-0,2632064
-0,3942587
0,01825766
-0,2007406
-0,3383662
-0,0009589344
-0,1947579
-0,2235016
-0,0009589344
-0,1947579
-0,2235016
-0,04742119
-0,2828616
0,03569578
-0,05056195
-0,2717686
0,09013235
-0,05056195
-0,2717686
0,09013235
-0,03365295
-0,1686509
0,08125497
-0,02950182
-0,105064
0,09460387
-0,02950182
-0,105064
0,09460387
-0,05103362
0,04106908
0,164188
-0,06874304
0,09634683
0,2291196
-0,07975051
0,1210833
0,2783677
-0,07975051
0,1210833
0,2783677
-0,1222217
0,3079368
0,4101754
-0,1155613
0,2978552
0,3849643
-0,1155613
0,2978552
0,3849643
-0,1922349
0,5361227
0,598885
-0,1768922
0,4827169
0,5497092
-0,1768922
0,4827169
0,5497092
-0,3283649
0,8200184
1,043355
-0,23681
0,5293715
0,7556049
-0,2120143
0,5268448
0,6430551
-0,2120143
0,5268448
0,6430551
-0,2839386
0,7346271
0,8091686
-0,1993653
0,5475541
0,529569
-0,1993653
0,5475541
0,529569
-0,3622689
0,922988
0,7935162
-0,2301397
0,260582
0,5477039
-0,3259572
0,494215
0,7596849
-0,1332213
0,3915283
0,5003069
-0,1332213
0,3915283
0,5003069
-0,04886985
-0,2177611
0,5183023
-0,003194809
-0,05531609
0,05296171
0,03454685
-0,1980007
-0,2447754
-0,1026154
-0,4557312
-0,4378662
-0,01830459
-0,2372622
-0,5514815
-0,01830459
-0,2372622
-0,5514815
0,03368336
-0,610767
-0,6703286
0,05019529
-0,2124093
-0,5175141
0,05019529
-0,2124093
-0,5175141
0,02754878
-0,08764224
-0,7278152
0,05111184
0,01157085
-0,6923879
0,05111184
0,01157085
-0,6923879
0,1774251
0,1218008
-1,494528
0,1023084
-0,07759141
-0,9040971
0,06163367
-0,2269215
-0,6602849
0,06163367
-0,2269215
-0,6602849
0,06879238
-0,1665625
-0,8836536
0,04183026
-0,06975072
-0,5101452
0,04183026
-0,06975072
-0,5101452
0,08814444
0,2077556
-0,8185244
0,06318681
-0,04776377
-0,5679947
0,04651876
-0,1081648
-0,4963983
0,07254807
-0,2581976
-0,746711
0,05914309
-0,3051286
-0,4112848
0,05914309
-0,3051286
-0,4112848
0,02146958
-0,7555092
-0,4639915
0,01656169
-0,563363
-0,4233627
0,01656169
-0,563363
-0,4233627
0,05178479
-0,5134353
-0,4273826
0,0255631
-0,4240869
-0,374199
0,0255631
-0,4240869
-0,374199
-0,01486865
-0,4702556
-0,3581703
0,00466017
-0,403244
-0,25403
0,00466017
-0,403244
-0,25403
0,02794823
-0,808807
-0,3043911
0,01958963
-0,8028716
-0,258045
0,01696269
-0,907344
-0,2869991
0,01696269
-0,907344
-0,2869991
0,009227211
-1,407065
-0,4686205
-0,004483429
-1,019258
-0,3769326
-0,004483429
-1,019258
-0,3769326
-0,02338264
-1,128982
-0,4354555
-0,01324189
-0,7917666
-0,3233936
-0,01324189
-0,7917666
-0,3233936
-0,1235522
-0,9123082
-0,5207382
-0,1393724
-0,6220291
-0,2987607
-0,09719291
-0,4336522
-0,1056724
-0,09719291
-0,4336522
-0,1056724
-0,08658585
-0,5198474
-0,1075586
-0,04573517
-0,4974879
-0,1318408
-0,04573517
-0,4974879
-0,1318408
-0,06926695
-0,8674111
-0,1758122
-0,05304756
-0,6342372
-0,1087875
-0,05304756
-0,6342372
-0,1087875
-0,07511289
-0,9695728
0,05851819
-0,03369691
-0,3584031
0,08496429
-0,04504219
-0,3085839
0,09945437
-0,04504219
-0,3085839
0,09945437
-0,05109325
-0,3106767
0,00553578
-0,03207918
-0,2279214
-0,09442415
-0,03207918
-0,2279214
-0,09442415
-0,01798825
-0,1555445
-0,2906104
-0,00164691
0,05367489
-0,05531718
-0,00164691
0,05367489
-0,05531718
-0,07603099
-0,3032089
-0,1037887
0,03448835
-0,07194223
-0,1327662
0,03448835
-0,07194223
-0,1327662
0,03941016
-0,4754925
-0,6020303
-0,02054565
-0,1222024
-0,2853201
-0,004583493
0,04123721
-0,2058551
-0,004583493
0,04123721
-0,2058551
-0,01456911
0,1196777
-0,106565
-0,001984628
0,1291487
-0,09519883
-0,001984628
0,1291487
-0,09519883
-0,01158025
0,1398373
-0,2724573
0,01587395
0,1303394
-0,07358013
0,01587395
0,1303394
-0,07358013
0,01615246
0,06486089
-0,04419665
-0,002585264
0,008205066
-0,09059582
0,002242873
-0,04392811
-0,0589931
0,002242873
-0,04392811
-0,0589931
0,03469235
-0,032675
-0,01524349
0,0225445
0,006369301
0,01027367
0,0225445
0,006369301
0,01027367
0,0215876
0,01637943
0,02481571
-0,00212508
-0,06676292
-0,01535179
-0,00212508
-0,06676292
-0,01535179
-0,01488859
-0,1214175
-0,04156937
-0,008151875
-0,05263869
-0,03837594
-0,008151875
-0,05263869
-0,03837594
0,01760074
-0,003231243
-0,2341728
0,01983197
0,1072992
-0,3627252
0,01226347
0,187177
-0,3862408
0,01226347
0,187177
-0,3862408
-0,01379547
0,1782476
-0,3931018
-0,02137837
0,1066649
-0,2820724
-0,02137837
0,1066649
-0,2820724
-0,02426659
0,1244363
-0,4341463
-0,02636323
0,04086582
-0,3669891
-0,02636323
0,04086582
-0,3669891
-0,04121133
-0,07484191
-0,352584
-0,03333561
-0,02101917
-0,3602218
-0,03111001
-0,02503752
-0,2904504
-0,03111001
-0,02503752
-0,2904504
-0,02790106
0,0652438
-0,2433145
-0,02376357
0,0717591
-0,1843025
-0,02376357
0,0717591
-0,1843025
-0,0318501
0,001582679
-0,126294
-0,03064648
-0,03815491
-0,1077522
-0,03064648
-0,03815491
-0,1077522
-0,0519551
-0,1942835
-0,2028027
-0,05489955
-0,2345983
-0,2455813
-0,05319293
-0,2384237
-0,2534789
-0,05319293
-0,2384237
-0,2534789
-0,0408334
-0,1599567
-0,198772
-0,0318253
-0,1104305
-0,1383451
-0,0318253
-0,1104305
-0,1383451
-0,02433393
-0,05958741
-0,09320518
-0,02674716
-0,05324439
-0,1135959
-0,02674716
-0,05324439
-0,1135959
-0,04196845
-0,07440004
-0,2244282
-0,04225024
-0,07102075
-0,2315441
-0,04225024
-0,07102075
-0,2315441
-0,05720747
-0,0603484
-0,3072249
-0,05004214
-0,03648797
-0,2751716
-0,04624983
-0,01610708
-0,2827196
-0,04624983
-0,01610708
-0,2827196
-0,05036501
0,01086596
-0,4181167
-0,05207947
-0,0122904
-0,4406509
-0,05207947
-0,0122904
-0,4406509
-0,1707263
0,0518727
-0,4018376
-0,1271592
0,0330962
-0,3309548
-0,1271592
0,0330962
-0,3309548
-0,1002227
0,08226064
-0,2798814
-0,09792936
0,09185386
-0,2933588
-0,09397075
0,1073516
-0,2903762
-0,09397075
0,1073516
-0,2903762
-0,1106882
0,120677
-0,3905195
0,002741106
0,06889736
-0,8907822
0,002741106
0,06889736
-0,8907822
-0,08166904
0,09785022
-0,6608694
-0,1244838
0,05948729
-0,5180074
-0,1244838
0,05948729
-0,5180074
-0,1385168
0,03312565
-0,1011644
0,01720743
0,005485411
-0,3307106
0,01720743
0,005485411
-0,3307106
-0,02679249
0,01115319
-0,2799537
-0,04548051
0,01555628
-0,26192
-0,01286864
0,06441726
-0,3733115
-0,01286864
0,06441726
-0,3733115
-0,02407216
0,08388648
-0,4492039
-0,02856392
0,08844611
-0,4581119
-0,02856392
0,08844611
-0,4581119
-0,06701921
0,2069371
-0,8813414
-0,06508071
0,270484
-0,859759
-0,06508071
0,270484
-0,859759
-0,1710448
1,404536
-2,602308
-0,1028086
1,204373
-1,748804
-0,06785013
1,17331
-1,34591
-0,06785013
1,17331
-1,34591
-0,06086788
1,866652
-1,425063
-0,04518164
1,302335
-0,8416659
-0,04518164
1,302335
-0,8416659
-0,01865418
2,697387
-0,8098722
0,04038092
1,000747
0,1615466
0,04038092
1,000747
0,1615466
0,2549467
2,113789
0,8039951
0,09363889
1,19895
0,1020402
-0,09349585
1,372828
-0,5251199
-0,09349585
1,372828
-0,5251199
-0,03011227
1,783538
0,1339495
0,1324296
0,7183611
1,074281
0,08606911
1,389617
0,9818017
0,007641315
0,8101255
0,3014624
0,007641315
0,8101255
0,3014624
0,08864403
0,9979308
0,7785171
0,12815
0,1995578
0,8998096
0,12815
0,1995578
0,8998096
0,2526641
-0,1483127
1,691175
0,11729
-0,01792908
0,8812517
0,09921789
-0,03816485
0,733754
0,09921789
-0,03816485
0,733754
0
0
0
0
0
0
0,2857566
-0,9012252
1,897633
0,08063912
-0,3945604
0,5384088
0,05222288
-0,3956185
0,1794545
0,0875814
-0,5892006
0,350523
0,03001989
-0,5284393
-0,1046631
0,05003045
-0,5947409
0,06921981
0,01426283
-0,2112898
0,01837723
0,01426283
-0,2112898
0,01837723
0,0214247
-0,2331607
0,1176883
0,02199404
-0,2571074
0,1062343
0,02199404
-0,2571074
0,1062343
0,0192563
-0,1726411
0,06989937
0,01477199
-0,04365371
0,1018883
0,01477199
-0,04365371
0,1018883
0,06005943
-0,2066465
0,6297919
0,04926565
-0,1708837
0,5679918
0,04540188
-0,1645125
0,5360845
0,04540188
-0,1645125
0,5360845
0,07263266
-0,3591847
0,8018053
0,05722344
-0,3216327
0,6654803
0,05722344
-0,3216327
0,6654803
0,05062686
-0,3729878
0,6763463
0,0422273
-0,3182753
0,62086
0,0422273
-0,3182753
0,62086
0,04059442
-0,3003811
0,7023604
0,04625378
-0,2786689
0,6100453
0,08336744
-0,2022137
0,5112248
0,08336744
-0,2022137
0,5112248
0,1308443
-0,4380517
0,6542954
0,1078646
-0,4292082
0,4669315
0,1078646
-0,4292082
0,4669315
0,1296196
-0,5345027
0,4291987
0,09588397
-0,426122
0,4019629
0,09588397
-0,426122
0,4019629
0,09761081
-0,5660847
0,6996624
0,06626789
-0,5007607
0,5722973
0,06626789
-0,5007607
0,5722973
0,06484586
-0,8436919
0,5212266
0,04546308
-0,8006328
0,3350242
0,03315796
-0,6836351
0,2245692
0,03315796
-0,6836351
0,2245692
0,04862557
-1,013282
0,3963406
0,03402572
-0,8333933
0,3482036
0,03402572
-0,8333933
0,3482036
0,01743028
-1,368807
0,5169467
0,002607123
-1,131729
0,3485984
0,002607123
-1,131729
0,3485984
-0,03594284
-2,206121
0,3836383
-0,0310354
-1,276609
0,275491
-0,03946881
-1,181954
0,2177605
-0,03946881
-1,181954
0,2177605
-0,0898764
-1,683582
0,5209794
-0,07577296
-1,061179
0,2386868
-0,07577296
-1,061179
0,2386868
-0,1183168
-1,541093
0,4121171
-0,1184949
-1,060186
0,3783461
-0,1184949
-1,060186
0,3783461
-0,1757183
-1,365259
0,6549456
-0,1393056
-0,9403199
0,5086929
-0,1393056
-0,9403199
0,5086929
-0,2038474
-1,226342
0,3723239
-0,1651704
-1,018458
0,2472536
-0,1182786
-0,7121157
0,1620373
-0,1182786
-0,7121157
0,1620373
-0,1837035
-0,9262336
0,3851118
-0,1708294
-0,7870907
0,4640619
-0,1708294
-0,7870907
0,4640619
-0,2725493
-1,11646
0,8066928
-0,2102637
-0,8458186
0,632703
-0,2102637
-0,8458186
0,632703
-0,2190312
-0,7767664
0,8382511
-0,166062
-0,5118245
0,708792
-0,1528988
-0,4123636
0,753459
-0,1528988
-0,4123636
0,753459
-0,174977
-0,3272031
1,058164
-0,08655857
-0,1413086
0,5798141
-0,08655857
-0,1413086
0,5798141
-0,05031303
0,07811888
0,7840186
-0,02544217
0,1766801
0,6408946
-0,02544217
0,1766801
0,6408946
-0,1400577
-0,07421868
0,9685201
-0,1494337
-0,2829179
0,634504
-0,1494337
-0,2829179
0,634504
-0,1724141
-0,4318815
0,6111153
-0,104316
-0,2385235
0,4499398
-0,09443856
-0,1768758
0,4470773
-0,09443856
-0,1768758
0,4470773
-0,04836974
0,2633587
0,877959
0,008131661
0,3919466
0,6468052
0,008131661
0,3919466
0,6468052
0,05496222
0,7431725
0,8112561
0,01977297
0,5946522
0,7348512
0,01977297
0,5946522
0,7348512
0,004373875
0,4988878
0,6600593
0,02282055
0,5054767
0,5686007
0,03867176
0,5264347
0,5058371
0,03867176
0,5264347
0,5058371
0,1448434
1,100303
0,6222491
0,1122496
1,055044
0,6375611
0,1122496
1,055044
0,6375611
0,05165598
1,248475
0,9924281
0,04595073
0,9901276
0,7458003
0,04595073
0,9901276
0,7458003
0,06092488
1,727156
1,334477
0,01992222
0,9635831
0,7322412
0,03990209
0,9692276
0,5895739
0,03990209
0,9692276
0,5895739
0,172303
1,758706
0,5606872
0,06699203
1,055447
0,3696694
0,06699203
1,055447
0,3696694
0,1039487
1,994699
0,6091087
0,102785
1,263334
0,2031102
0,102785
1,263334
0,2031102
0,1550186
1,908953
0,2030873
0,1221358
1,293959
0,02628086
0,1221358
1,293959
0,02628086
0,2052137
1,788607
-0,2035282
0,08750518
1,246977
-0,004898435
-0,01774099
0,9371283
0,2286289
-0,01774099
0,9371283
0,2286289
-0,0431482
1,218633
0,3063399
-0,002337189
0,8767872
0,1150605
-0,002337189
0,8767872
0,1150605
-0,05333485
1,511886
0,263152
-0,09298609
0,8862094
0,3248496
-0,09298609
0,8862094
0,3248496
-0,2011756
0,9203488
0,6127616
-0,1305992
0,7120873
0,3908063
-0,08021757
0,5913512
0,2271982
-0,08021757
0,5913512
0,2271982
-0,1744824
0,714275
0,5039458
-0,1763248
0,5680909
0,495437
-0,1763248
0,5680909
0,495437
-0,2859717
0,6544122
0,789861
-0,2093408
0,468154
0,578548
-0,2093408
0,468154
0,578548
-0,2483962
0,6006508
0,6851422
-0,1945952
0,2978511
0,5544484
-0,2149815
0,1985286
0,6077836
-0,2149815
0,1985286
0,6077836
-0,08443871
-0,08795232
0,2762995
-0,08443871
-0,08795232
0,2762995
-0,07043969
-0,06003072
0,2421017
-0,07043969
-0,06003072
0,2421017
-0,3275881
-0,1402412
0,9575588
-0,2116913
-0,08907224
0,6158412
-0,04523574
-0,1474838
0,2415977
-0,105953
-0,2503765
0,4280862
-0,08064337
-0,2633805
0,322731
-0,09494143
-0,1874477
0,3349826
-0,1489271
-0,04042192
0,4810806
-0,1489271
-0,04042192
0,4810806
-0,2117497
0,0466167
0,6156828
-0,1662673
-0,1632966
0,5030536
-0,1994866
-0,2493059
0,5943623
-0,1186795
-0,1819583
0,3920632
-0,06451588
-0,255512
0,2926446
-0,1394854
-0,3661321
0,4724928
-0,09665143
-0,3063184
0,3609968
-0,09665143
-0,3063184
0,3609968
-0,1207993
-0,3327155
0,4520864
-0,1034754
-0,2108732
0,3838893
-0,1244941
-0,149174
0,4320219
-0,1506048
-0,2910096
0,5131435
-0,1506048
-0,2910096
0,5131435
-0,209366
-0,5707417
0,7135691
-0,1397212
-0,4325978
0,498707
-0,1044324
-0,3295232
0,3972322
-0,1044324
-0,3295232
0,3972322
-0,08711919
-0,5032202
0,4601801
-0,05978533
-0,3350754
0,3351941
-0,05978533
-0,3350754
0,3351941
-0,09516365
-0,5740243
0,520217
-0,1542127
-0,1410807
0,499224
-0,1542127
-0,1410807
0,499224
-0,2251122
-0,142912
0,7612371
-0,08832656
-0,1494462
0,3864619
-0,08832656
-0,1494462
0,3864619
-0,1247075
-0,8624473
0,6263863
0,09519616
-0,3567563
0,07086734
0,130064
-0,2521656
0,02079547
0,130064
-0,2521656
0,02079547
0,1809575
-0,4759841
0,1367569
-0,04154444
-0,350628
0,2744406
-0,04154444
-0,350628
0,2744406
0,03014803
-0,4847482
0,3384739
0,1537323
-0,02073646
-0,05729496
0,1537323
-0,02073646
-0,05729496
0,6071091
0,02995804
-0,6187826
0,3017306
-0,1936071
-0,3300786
0,1821101
-0,08314475
-0,1369834
0,1821101
-0,08314475
-0,1369834
0,02484632
-0,5406014
0,2610304
0,1284843
-0,3062888
-0,06313857
0,1284843
-0,3062888
-0,06313857
0,3693191
-0,222613
-0,3195328
0,1213423
-0,2402783
-0,05906169
0,1213423
-0,2402783
-0,05906169
0,09379172
-0,3281358
0,1026747
-0,08635173
-0,4040991
0,2702462
-0,130094
-0,1575053
0,3643334
-0,130094
-0,1575053
0,3643334
-0,1809537
-0,2388518
0,5919755
0,08679628
-0,05096272
0,01738966
0,08679628
-0,05096272
0,01738966
0,04279613
-0,8319322
0,1873016
-0,09688735
-0,4790291
0,2692223
-0,09688735
-0,4790291
0,2692223
-0,2590656
-1,005793
0,6245464
0,02276897
-0,4366793
0,07056594
0,02276897
-0,4366793
0,07056594
0,05046129
-1,474324
0,040555
-0,05797744
-0,652995
0,1508981
-0,0497818
-0,8081943
0,10629
-0,0497818
-0,8081943
0,10629
0,1350343
-1,28972
-0,131017
0,1814604
-0,4121594
-0,2134323
0,1814604
-0,4121594
-0,2134323
0,258106
-0,7412344
-0,2486944
-0,01427531
-0,6462246
0,04034042
-0,01427531
-0,6462246
0,04034042
-0,2631068
-0,5740695
0,5743265
-0,006854534
-0,1736462
0,1061261
0,04584193
-0,2873778
-0,01287162
0,04584193
-0,2873778
-0,01287162
0,1054943
-0,5131289
-0,06821156
0,04648566
-0,326328
-0,0534147
0,04648566
-0,326328
-0,0534147
0,3939629
-0,4006773
-0,5698919
0,1232922
-0,07494539
-0,1522243
0,1232922
-0,07494539
-0,1522243
-0,1113355
-0,6876349
0,0985235
-0,1155734
-0,303182
0,1467496
-0,1155734
-0,303182
0,1467496
0,2585769
-0,2856553
-0,4120469
0,254041
-0,2821639
-0,445953
0,2968431
-0,4312426
-0,5697697
0,2968431
-0,4312426
-0,5697697
0,5148053
-0,5480751
-0,9492159
0,1033485
0,008903444
-0,1412511
0,1033485
0,008903444
-0,1412511
0,1576643
0,006918859
-0,192901
0,04941639
-0,248133
-0,1176617
0,04941639
-0,248133
-0,1176617
0,2045759
-0,6839523
-0,4884071
0,2683716
-0,3253001
-0,5247042
0,3196427
-0,2637295
-0,6085772
0,3196427
-0,2637295
-0,6085772
0,3067504
-0,201602
-0,5546539
-0,01303326
-0,2664819
-0,02376771
-0,01303326
-0,2664819
-0,02376771
-0,1893121
-0,6401836
0,1601511
-0,09351073
-0,5521936
0,00661685
-0,09351073
-0,5521936
0,00661685
0,110003
-0,9058241
-0,4753195
0,01707248
-0,74273
-0,2785678
-0,02442434
-0,6230782
-0,1767832
-0,02442434
-0,6230782
-0,1767832
-0,03086954
-0,9490728
-0,3029814
0,01919191
-0,6697187
-0,2969335
0,01919191
-0,6697187
-0,2969335
0,2420324
-1,130421
-0,9205837
0,1061478
-0,1888171
-0,4264769
0,1061478
-0,1888171
-0,4264769
0,04658596
-0,3846017
-0,5510439
0,02358031
-0,3534634
-0,2983235
0,02358031
-0,3534634
-0,2983235
0,6518278
-0,7200925
-1,330757
0,6534088
-0,8012086
-1,140347
0,1567196
0,2602076
-0,185547
0,1567196
0,2602076
-0,185547
0,1107797
0,4594406
-0,01221417
0,272539
0,4429497
-0,344638
0,272539
0,4429497
-0,344638
0,5900285
0,6901377
-0,9156452
0,4439107
0,490876
-0,7336019
0,4439107
0,490876
-0,7336019
0,3706599
0,5656192
-0,5970867
0,1962114
0,331787
-0,3339837
0,1989534
0,3194651
-0,3530487
0,1989534
0,3194651
-0,3530487
0,2974373
0,2020456
-0,700632
0,4383924
0,4170958
-0,930145
0,4383924
0,4170958
-0,930145
0,3903186
0,3204739
-0,9336919
0,2884288
0,3395244
-0,6647765
0,2884288
0,3395244
-0,6647765
0,2455266
0,4669358
-0,5309066
0,2228552
0,481401
-0,4583235
0,2228552
0,481401
-0,4583235
0,2319463
0,4859858
-0,4974797
0,2401073
0,4695499
-0,5327114
0,2015478
0,3579153
-0,4831498
0,2015478
0,3579153
-0,4831498
0,2240857
0,3578829
-0,5984011
0,2064591
0,359715
-0,5521181
0,2064591
0,359715
-0,5521181
0,2331133
0,4847575
-0,671218
0,1780986
0,4520853
-0,507144
0,1780986
0,4520853
-0,507144
0,2786666
0,7362713
-0,8510132
0,1600821
0,4856376
-0,5431451
0,1172411
0,439879
-0,4336016
0,1172411
0,439879
-0,4336016
0,06454973
0,4724493
-0,4745271
-0,001222705
0,2342445
-0,2318178
-0,001222705
0,2342445
-0,2318178
-0,1985432
0,1142114
0,03942826
-0,1471297
-0,02630624
0,05247241
-0,1471297
-0,02630624
0,05247241
-0,08622973
0,06398349
-0,2853169
-0,0822652
-0,009119537
-0,1636567
-0,0822652
-0,009119537
-0,1636567
-0,2169027
-0,1835829
-0,1464137
-0,2162625
-0,1029803
0,1769078
-0,2247235
-0,1574418
0,2332691
-0,2247235
-0,1574418
0,2332691
-0,3773445
-0,3597674
0,3201841
-0,2025094
-0,2201947
0,09469847
-0,2025094
-0,2201947
0,09469847
-0,2683153
-0,5216529
-0,02397271
-0,1461054
-0,2866771
-0,09267943
-0,1461054
-0,2866771
-0,09267943
-0,3254139
-0,6030626
0,1520151
-0,3360815
-0,5983921
0,3583987
-0,4198073
-0,6971144
0,595677
-0,4198073
-0,6971144
0,595677
-0,5206308
-0,7189778
0,7820991
-0,2923826
-0,4398088
0,3642395
-0,2923826
-0,4398088
0,3642395
-0,3468469
-0,675455
0,3220315
-0,2558438
-0,485568
0,2230164
-0,2558438
-0,485568
0,2230164
-0,3606613
-0,5301848
0,4061938
-0,2663375
-0,309276
0,3279843
-0,2663375
-0,309276
0,3279843
-0,348235
-0,2130264
0,4793971
-0,102511
0,1985032
0,1528233
0,00189726
0,4458435
0,0336577
0,00189726
0,4458435
0,0336577
0,1138869
0,5786868
-0,2875141
0,144523
0,4890758
-0,4043897
0,144523
0,4890758
-0,4043897
0,2646077
0,6952704
-0,7426543
0,2341523
0,644721
-0,6621904
0,2341523
0,644721
-0,6621904
0,3422809
1,179184
-0,9241467
0,2631477
1,02431
-0,6694351
0,1841182
0,8983277
-0,4777677
0,1841182
0,8983277
-0,4777677
0,2726819
1,71274
-0,7129745
0,1209449
0,9648654
-0,3517751
0,1209449
0,9648654
-0,3517751
0,1629579
1,729724
-0,4979015
0,03366879
0,6686811
-0,1330447
0,03366879
0,6686811
-0,1330447
0,02120377
0,9327476
-0,1729477
-0,03023514
0,4872
-0,004389802
-0,03023514
0,4872
-0,004389802
-0,04854457
0,4958822
-0,07910824
-0,02052423
0,265488
-0,128902
0,02041915
0,1812698
-0,2694533
0,02041915
0,1812698
-0,2694533
0,07963069
0,1989037
-0,6302062
0,04075282
0,02503863
-0,4608169
0,04075282
0,02503863
-0,4608169
0,009759718
-0,04279924
-0,4599253
-0,02423555
-0,09680029
-0,309492
-0,02423555
-0,09680029
-0,309492
-0,04296963
-0,06133081
-0,2481423
-0,009230467
0,06314205
-0,3024194
0,006498476
0,07925253
-0,3544601
0,006498476
0,07925253
-0,3544601
0,0125137
0,000119537
-0,5046166
0,003610254
-0,03127877
-0,4679887
0,003610254
-0,03127877
-0,4679887
-0,00617501
0,0001631274
-0,2006208
-0,009082024
0,02383313
-0,2013332
-0,009082024
0,02383313
-0,2013332
-0,01545634
0,05198526
-0,2516836
-0,008415558
0,07866584
-0,2842513
-0,04734309
0,08422405
-0,04680936
-0,04734309
0,08422405
-0,04680936
-0,05398735
0,1729043
-0,07703389
-0,03993189
0,1767087
-0,07923986
-0,03993189
0,1767087
-0,07923986
-0,03224002
0,1966521
-0,09251384
-0,03061828
0,1650093
-0,08968151
-0,03061828
0,1650093
-0,08968151
-0,0497361
0,1514584
-0,1080901
-0,05253431
0,1105188
-0,106385
-0,05253431
0,1105188
-0,106385
-0,08655759
0,06376972
-0,1116375
-0,08764061
0,04415121
-0,1116929
-0,09007153
0,04261645
-0,1099201
-0,09007153
0,04261645
-0,1099201
-0,09707703
0,05642264
-0,1396829
-0,09326377
0,05375273
-0,1315815
-0,09326377
0,05375273
-0,1315815
-0,1051335
0,01034566
-0,1328744
-0,1063655
0,0003546234
-0,1224467
-0,1063655
0,0003546234
-0,1224467
-0,1276376
0,02160002
-0,1879471
-0,1451453
-0,02268164
-0,1691208
-0,1567541
-0,07029317
-0,1676686
-0,1567541
-0,07029317
-0,1676686
-0,1077901
-0,1402802
-0,02368212
-0,1168305
-0,1618786
-0,06902879
-0,1168305
-0,1618786
-0,06902879
-0,2124482
-0,05758281
-0,3405924
-0,1642838
-0,0331351
-0,3297932
-0,1642838
-0,0331351
-0,3297932
-0,1116497
-0,03914096
-0,1653507
-0,1033478
-0,05949661
-0,1616546
-0,1033478
-0,05949661
-0,1616546
-0,118772
-0,07398227
-0,1572721
-0,09847891
-0,01342374
-0,2002643
-0,1159261
0,03324074
-0,219371
-0,1159261
0,03324074
-0,219371
-0,1184458
-0,001925536
-0,2785321
0,04400724
-0,4172658
-0,930245
0,04400724
-0,4172658
-0,930245
-0,09487307
-0,0309588
-0,5405915
0,003724508
0,2789934
-1,584592
0,003724508
0,2789934
-1,584592
-0,2956589
0,6924847
-3,692329
0,2999327
0,4653291
-3,786014
0,1449105
0,2262867
-2,048723
0,1449105
0,2262867
-2,048723
0,9559321
1,91367
-12,87377
-0,02679013
-0,08767331
-0,1892748
-0,02679013
-0,08767331
-0,1892748
-0,0338049
-0,1927541
-0,07753539
-0,0391836
-0,03428686
-0,1167395
-0,0391836
-0,03428686
-0,1167395
0,0005584061
0,00655368
0,001296282
-0,007171467
-0,009643495
0,003758669
-0,007171467
-0,009643495
0,003758669
-0,02958488
-0,01868823
-0,03156963
-0,0752986
0,01409358
-0,1120471
0,01945791
0,2857559
-0,4496246
0,01945791
0,2857559
-0,4496246
-0,02249964
0,2234022
-0,3737445
-0,03021368
-0,03938097
-0,2195627
-0,03021368
-0,03938097
-0,2195627
-0,02055146
0,008523628
-0,2045804
-0,009919193
0,01032422
-0,1633315
-0,009919193
0,01032422
-0,1633315
-0,05310209
0,03240153
-0,2521881
-0,08318273
0,04095529
-0,3231858
-0,01759595
0,02870519
-0,2122214
-0,01759595
0,02870519
-0,2122214
-0,01971853
0,05657034
-0,1555609
-0,009839881
0,02570104
-0,1368043
-0,009839881
0,02570104
-0,1368043
0,07147385
-0,03201144
-0,2505467
-0,08955423
-0,1996583
-0,4205604
-0,08955423
-0,1996583
-0,4205604
-0,01008243
0,03776484
-1,517596
-0,09604411
-0,007617474
-1,260095
-0,09604411
-0,007617474
-1,260095
-0,03696634
0,007493039
-1,072642
-0,05481842
0,003763325
-1,089773
-0,2282911
0,008387263
-3,474697
-0,2282911
0,008387263
-3,474697
-0,8048146
0,1548159
-9,136875
closestDistance
0,2391782
0,230723
0,2386657
0,2284044
0,2234636
0,2201799
0,2077765
0,2041674
0,2041674
0,1966263
0,1909897
0,1845725
0,1857145
0,1762669
0,1642605
0,1597551
0,1482112
0,1461838
0,1426043
0,1350616
0,1240384
0,127748
0,1221072
0,1172298
0,1115371
0,1115371
0,1067403
0,1132805
0,1132805
0,1134828
0,1133275
0,1132059
0,1132059
0,1129473
0,1130696
0,1130696
0,1135784
0,114048
0,1063451
0,1049943
0,1105165
0,1105165
0,1102978
0,1101311
0,1099646
0,1099646
0,1093082
0,1090166
0,1090166
0,1085516
0,1082553
0,1082553
0,1081614
0,1076835
0,1077371
0,1077371
0,1077728
0,1078216
0,1078216
0,1072597
0,1074855
0,1074855
0,1074902
0,1073951
0,1073951
0,1072926
0,1064108
0,1064767
0,1064767
0,1063079
0,09055815
0,1159608
0,09221848
0,114173
0,109958
0,104966
0,1336416
0,1458112
0,1503599
0,1986803
0,2481206
0,2101626
0,1943711
0,19147
0,19147
0,1906441
0,1861883
0,1861883
0,1750547
0,1731122
0,174753
0,174753
0,1800487
0,1819018
0,1840199
0,1805743
0,1789204
0,1789204
0,1786746
0,1778314
0,1761338
0,1761338
0,1751202
0,1723664
0,1723664
0,1730001
0,1709304
0,1709304
0,1721028
0,1721244
0,171468
0,1686052
0,1739798
0,1739621
0,1674439
0,1753171
0,186691
0,1804471
0,1884741
0,1877935
0,1824939
0,1854913
0,1886774
0,1806699
0,1806699
0,1792652
0,1744957
0,1798333
0,1812335
0,1756108
0,1775646
0,1764949
0,1749012
0,1749012
0,169994
0,1667061
0,1639052
0,1639052
0,1634546
0,1661159
0,1640676
0,1657473
0,1579859
0,1563325
0,1563325
0,1538311
0,1512071
0,1548114
0,152615
0,1516017
0,15379
0,157384
0,157384
0,158629
0,1606006
0,1606006
0,1565309
0,155959
0,1679314
0,1647685
0,1606154
0,1523879
0,1529094
0,1484051
0,1458977
0,1415688
0,1406063
0,1406885
0,1399286
0,1399286
0,1348372
0,1347265
0,126758
0,1230261
0,1201488
0,1281011
0,1267934
0,1257824
0,124914
0,1186569
0,1196482
0,1252895
0,1321943
0,1355603
0,1401247
0,1426383
0,1525906
0,164199
0,1764648
0,1653637
0,1802511
0,1950667
0,1950667
0,2145276
0,2246039
0,2376436
0,2528203
0,2490489
0,2488716
0,2483026
0,2429657
0,2309628
0,2226066
0,2226066
0,2072529
0,1978499
0,1978499
0,1915374
0,1883131
0,1883131
0,1870026
0,1856728
0,1874234
0,1874234
0,1887862
0,1850077
0,1850077
0,1938254
0,1970675
0,1991798
0,2016597
0,1940263
0,1892964
0,1809572
0,1750646
0,1750646
0,1725404
0,171469
0,1786618
0,1769034
0,1763574
0,1747904
0,1684146
0,1629104
0,1573449
0,1593956
0,1531842
0,1555064
0,1652876
0,1729408
0,1804232
0,1777336
0,1903975
0,184419
0,1878688
0,1878688
0,1922394
0,1994752
0,1994752
0,2085324
0,2187187
0,2150945
0,2212236
0,2227408
0,2227152
0,2181174
0,2207546
0,2245138
0,2245138
0,2310646
0,2408
0,2408
0,2380478
0,2350857
0,2278119
0,2142875
0,2108213
0,2164707
0,2164707
0,2151879
0,2141275
0,211676
0,2073755
0,2065733
0,2065733
0,205999
0,2044066
0,2030864
0,2030864
0,2024177
0,2024962
0,2024962
0,2029
0,2022877
0,2022877
0,2010125
0,200105
0,200105
0,1956892
0,1895087
0,1835271
0,180838
0,1747832
0,1705365
0,1705365
0,1638989
0,1580856
0,1580856
0,1519772
0,1461496
0,1455506
0,1455506
0,1421146
0,1397697
0,1387857
0,1371635
0,1415782
0,1366445
0,1364704
0,1365336
0,1368908
0,1287189
0,1245579
0,1412858
0,1256906
0,1239085
0,1218956
0,1218956
0,1181396
0,1179001
0,1179001
0,1128602
0,1334322
0,1308537
0,1339095
0,1291672
0,1228605
0,1249798
0,1212155
0,1302254
0,1302254
0,1280162
0,1261885
0,1249985
0,1162094
0,1201667
0,1164926
0,088625
0,1018107
0,1125989
0,1071165
0,1103804
0,1092728
0,1087782
0,1110732
0,1098159
0,1120592
0,1084227
0,1110847
0,1102272
0,1158616
0,1221915
0,1360107
0,1413571
0,1636499
0,1716697
0,1859135
0,1810081
0,2018356
0,2181238
0,2278751
0,2498789
0,2491589
0,2487106
0,2483173
0,2599911
0,2811391
0,2811391
0,3005379
0,2942507
0,3018374
0,3091626
0,3091626
0,3160407
0,3096456
0,3096456
0,2910387
0,2836027
0,2776914
0,2810653
0,2582449
0,2520149
0,22404
0,2142277
0,2058757
0,1932668
0,1832228
0,1713872
0,1789032
0,1789032
0,1739049
0,170797
0,170797
0,167156
0,1651139
0,1651139
0,1584745
0,1535349
0,1495279
0,1625245
0,1597901
0,1468291
0,1468291
0,1457078
0,1464515
0,1462955
0,1472048
0,1491029
0,1524278
0,1470225
0,1495181
0,1571363
0,1571363
0,157615
0,1550746
0,1486475
0,1551534
0,1662719
0,1662719
0,1697886
0,164819
0,1693886
0,1598493
0,1634028
0,1705738
0,1740341
0,1807651
0,1922124
0,1937266
0,2006742
0,2177068
0,222327
0,2165013
0,2231159
0,2280496
0,2274515
0,2317532
0,1883918
0,1894186
0,1745417
0,1664611
0,1699003
0,1668709
0,1523362
0,1539034
0,1524882
0,1520992
0,1546649
0,1546649
0,1532219
0,1568775
0,1568775
0,1560034
0,1611294
0,1563355
0,1580321
0,1525548
0,1661104
0,1661104
0,1606288
0,1517326
0,162324
0,1633259
0,1552764
0,1552764
0,1667395
0,1721595
0,1784596
0,1755248
0,1763313
0,1613306
0,1613306
0,1561006
0,1570651
0,1516648
0,1510235
0,1507762
0,1507954
0,1503449
0,1448678
0,1532739
0,1503036
0,1551314
0,1651977
0,1710026
0,1875173
0,2113462
0,2142255
0,2128295
0,2296025
0,2099093
0,2099093
0,2207231
0,2232677
0,2264217
0,2115925
0,1935821
0,1875615
0,1847057
0,1803921
0,1757695
0,1822533
0,1764243
0,1749945
0,1670945
0,1740176
0,1719983
0,1719983
0,1721247
0,1686424
0,1736773
0,1751743
0,1773199
0,1790081
0,1778574
0,1773158
0,1783466
0,1783466
0,1821066
0,1868935
0,1804395
0,1899
0,1756054
0,1756054
0,166086
0,1686572
0,161688
0,1597698
0,1561841
0,1503583
0,1596791
0,1576279
0,1604702
0,1574211
0,1616942
0,1584025
0,1582373
0,1590639
0,1574403
0,1563288
0,1578012
0,1533359
0,1524049
0,1534056
0,1564492
0,1591175
0,1621663
0,1685704
0,1704573
0,17453
0,17453
0,1787061
0,1781592
0,1781592
0,1846656
0,1994788
0,1909132
0,2049171
0,2077131
0,2077131
0,2159555
0,2153767
0,2141515
0,2141515
0,2144886
0,2251587
0,2251587
0,2282686
0,2308292
0,2308292
0,2218593
0,2124206
0,2103179
0,2103179
0,212129
0,2127064
0,2127064
0,2078401
0,2124806
0,2124806
0,2132503
0,2179318
0,2151497
0,2128644
0,2259678
0,2261785
0,2261785
0,2340029
0,2465238
0,2423908
0,2619693
0,2476559
0,2480568
0,2552955
0,2581305
0,2618163
0,258936
0,250893
0,2459219
0,2480994
0,2411914
0,2584982
0,2560118
0,2675944
0,262696
0,2639507
0,2625815
0,258911
0,2641839
0,2618474
0,255697
0,2463926
0,2463926
0,2504616
0,2513166
0,2488862
0,2439213
0,2367868
0,2299775
0,2240402
0,213573
0,2052223
0,2052223
0,2028706
0,2026016
0,1990904
0,196672
0,1847421
0,1671326
0,1703109
0,1605599
0,1626756
0,1626756
0,1727974
0,1764362
0,1790797
0,1809611
0,1796881
0,1854297
0,1854297
0,1950534
0,1938661
0,1927576
0,1978785
0,1900514
0,1918402
0,1926759
0,2059286
0,2040911
0,2036578
0,2102357
0,1974795
0,1974795
0,1894788
0,1812269
0,1812269
0,1694604
0,1586006
0,1662282
0,157036
0,1522098
0,1481593
0,1481593
0,1480593
0,1510034
0,1467603
0,1541217
0,1489974
0,1489974
0,1514001
0,1487945
0,1422718
0,1459
0,1391043
0,1495056
0,1372648
0,145175
0,1568882
0,1568286
0,1654682
0,1723153
0,163399
0,1751938
0,1860768
0,1914404
0,1914404
0,1982914
0,198682
0,2007794
0,1984715
0,1948226
0,1948226
0,1996426
0,2024459
0,2024459
0,2050142
0,2056755
0,200736
0,200736
0,1945926
0,192876
0,1936515
0,1946637
0,1970043
0,1970043
0,1960836
0,1972913
0,1861225
0,1905568
0,1787758
0,1775804
0,1775804
0,1771088
0,180402
0,1779589
0,1754967
0,1802725
0,1832291
0,1769782
0,1716501
0,1687641
0,1687641
0,1670624
0,169321
0,1578171
0,1652698
0,1770544
0,1736382
0,1853978
0,1882885
0,193951
0,193951
0,2081359
0,2107627
0,2197534
0,2343214
0,1989757
0,1977911
0,1969835
0,1975123
0,1975123
0,1978346
0,1974155
0,1928713
0,1912703
0,1795452
0,1707905
0,1707905
0,1620707
0,1562136
0,1562136
0,151789
0,1466135
0,1405305
0,1405305
0,1315323
0,1213507
0,1232668
0,1199116
0,1167311
0,1146641
0,1107628
0,1064658
0,1100858
0,1100858
0,110061
0,110069
0,110069
0,1101386
0,1102853
0,1102853
0,1104133
0,1104385
0,1104385
0,110419
0,1103245
0,11037
0,11037
0,1102424
0,1103062
0,1103062
0,1101661
0,1102057
0,1102057
0,1098993
0,1098569
0,1096932
0,1096932
0,1101332
0,1101122
0,1101122
0,1095703
0,1090258
0,1090258
0,1093306
0,1095483
0,1095483
0,1102709
0,1108021
0,1125898
0,1125898
0,1142111
0,1124859
0,1045767
0,1056964
0,1053432
0,08865084
0,1235988
0,164771
0,1927543
0,2059794
0,442336
0,1212232
0,1249235
0,1574721
0,1068082
0,1096922
0,1120555
0,1088704
0,1088704
0,1103546
0,1100589
0,1128596
0,1128596
0,1159153
0,1083392
0,1083392
0,1092679
0,1103535
0,1103535
0,1126068
0,1150752
0,1071977
0,1071977
0,1085372
0,1082347
0,1082347
0,1073865
0,1111928
0,1168332
0,1220121
0,1228816
0,1105506
0,1235295
0,1447321
0,2013359
0,2004083
0,3682331
timeStamps
5,588256
5,602239
5,6165
5,630087
5,644069
5,658018
5,672307
5,685809
5,699688
5,713728
5,727555
5,741776
5,755398
5,769457
5,783261
5,797266
5,811165
5,825125
5,839054
5,852927
5,866844
5,881058
5,894521
5,908601
5,922464
5,936697
5,950366
5,964376
5,978266
5,992193
6,006287
6,020068
6,033944
6,047815
6,061782
6,075673
6,08984
6,103868
6,117512
6,131494
6,145389
6,1592
6,173106
6,187037
6,200965
6,215223
6,22894
6,242904
6,256892
6,270526
6,284698
6,298488
6,312315
6,326255
6,340171
6,354235
6,368109
6,382137
6,396223
6,41002
6,423745
6,43777
6,451659
6,465574
6,47946
6,493426
6,507261
6,521278
6,535087
6,549314
6,562962
6,576911
6,590926
6,604749
6,618647
6,632747
6,646602
6,660656
6,67456
6,688482
6,70249
6,716232
6,730246
6,744344
6,758237
6,772027
6,785838
6,79976
6,813953
6,827587
6,841482
6,855492
6,869745
6,883167
6,897135
6,911045
6,925347
6,939129
6,953113
6,967377
6,98097
6,994889
7,008697
7,022637
7,036178
7,050796
7,064159
7,078388
7,092239
7,10631
7,120037
7,134247
7,147912
7,161819
7,175414
7,189356
7,203664
7,217682
7,232191
7,244981
7,259072
7,273006
7,287321
7,300649
7,314562
7,328758
7,342577
7,35673
7,37089
7,384759
7,398208
7,412873
7,426952
7,439856
7,45377
7,467741
7,481858
7,495951
7,509792
7,523815
7,538188
7,551797
7,567031
7,58075
7,594534
7,60739
7,621092
7,635776
7,64961
7,664167
7,689838
7,703631
7,717991
7,731913
7,745756
7,759836
7,773883
7,787972
7,801721
7,815681
7,829547
7,843593
7,857831
7,871436
7,885547
7,899359
7,913409
7,927379
7,941215
7,955124
7,969662
7,982961
7,996998
8,010858
8,0249
8,038851
8,053177
8,066729
8,080571
8,094459
8,108782
8,122498
8,136289
8,150131
8,16396
8,178029
8,192279
8,206463
8,220057
8,234072
8,247993
8,261971
8,276237
8,291286
8,316874
8,331139
8,345603
8,359549
8,373654
8,388205
8,402423
8,427893
8,441998
8,456282
8,469828
8,483794
8,497972
8,511853
8,525756
8,53958
8,553576
8,56829
8,582373
8,59632
8,610291
8,62421
8,638938
8,652901
8,666954
8,692167
8,706429
8,720671
8,73464
8,748898
8,762856
8,776846
8,790804
8,804508
8,818099
8,832135
8,845654
8,859891
8,873885
8,88787
8,901806
8,915921
8,929969
8,943725
8,957544
8,971456
8,985526
8,99954
9,014015
9,027437
9,041473
9,055542
9,069015
9,082873
9,097301
9,110806
9,124741
9,138795
9,152807
9,166476
9,180494
9,194881
9,208634
9,222429
9,236326
9,2504
9,264338
9,278169
9,291897
9,305696
9,319673
9,333778
9,347442
9,361463
9,375294
9,389244
9,403329
9,417288
9,431096
9,44507
9,459
9,47325
9,48717
9,500963
9,515071
9,528513
9,542356
9,556445
9,570242
9,584186
9,598005
9,61203
9,625916
9,639706
9,653921
9,667568
9,681548
9,695465
9,709494
9,723413
9,737255
9,751196
9,765158
9,779257
9,793252
9,807394
9,821001
9,834844
9,849061
9,86249
9,876669
9,89037
9,904305
9,918253
9,932343
9,946183
9,960071
9,973981
9,987983
10,00188
10,01591
10,0297
10,04367
10,05774
10,07155
10,08568
10,09939
10,11323
10,12763
10,14114
10,155
10,16891
10,18287
10,19683
10,21077
10,22482
10,23849
10,25247
10,26644
10,28033
10,29438
10,30817
10,32213
10,336
10,34983
10,36405
10,3778
10,39174
10,40554
10,41984
10,43364
10,44772
10,46116
10,47548
10,48928
10,50331
10,51692
10,53126
10,5449
10,55893
10,57286
10,58662
10,60043
10,61447
10,62843
10,6423
10,65639
10,67024
10,6844
10,69808
10,71204
10,72642
10,74158
10,75599
10,7693
10,79487
10,80884
10,82326
10,83722
10,85131
10,86529
10,87966
10,89333
10,90705
10,92204
10,93619
10,96188
10,97668
10,99101
11,00567
11,03137
11,04719
11,07285
11,08696
11,10128
11,11527
11,12896
11,14309
11,15771
11,17079
11,18511
11,19937
11,21268
11,22671
11,24064
11,25482
11,26872
11,28269
11,29687
11,31062
11,32499
11,33878
11,35227
11,36665
11,38119
11,39462
11,40797
11,42214
11,43596
11,44968
11,46372
11,47768
11,49158
11,50571
11,51917
11,53318
11,54728
11,561
11,57536
11,58905
11,60291
11,61696
11,63085
11,64487
11,65855
11,67264
11,68654
11,70081
11,71446
11,72832
11,74221
11,75639
11,77023
11,78523
11,79803
11,81225
11,82579
11,84
11,85393
11,86761
11,8815
11,8955
11,90933
11,9234
11,93723
11,9512
11,96539
11,97875
11,99299
12,00666
12,0207
12,03456
12,0495
12,06249
12,07653
12,0907
12,10456
12,11856
12,13241
12,14616
12,15979
12,17375
12,18755
12,20147
12,21558
12,22926
12,2432
12,25728
12,27114
12,28562
12,29898
12,31314
12,32706
12,34063
12,35484
12,36859
12,38257
12,39662
12,41068
12,42448
12,43849
12,45207
12,46603
12,48053
12,4939
12,50813
12,52179
12,53583
12,54978
12,56375
12,57797
12,59136
12,60531
12,61925
12,63326
12,64729
12,66111
12,67538
12,68904
12,70286
12,71764
12,73152
12,74459
12,75838
12,77223
12,78626
12,80034
12,81428
12,82804
12,84234
12,85613
12,86995
12,88462
12,89875
12,91235
12,92597
12,94018
12,95574
12,98097
12,99656
13,0225
13,03685
13,05119
13,06601
13,09237
13,10742
13,12185
13,14754
13,16188
13,17677
13,19157
13,21708
13,23155
13,24626
13,27366
13,28763
13,30221
13,31647
13,33047
13,34392
13,37034
13,38486
13,39834
13,41219
13,42729
13,44105
13,45507
13,46757
13,4818
13,49577
13,50971
13,52372
13,5381
13,55214
13,56632
13,57971
13,59359
13,60785
13,62148
13,63566
13,65011
13,66471
13,67715
13,69141
13,7048
13,71907
13,73282
13,74658
13,76064
13,77472
13,78877
13,80252
13,81652
13,83036
13,8442
13,8582
13,87251
13,88657
13,90011
13,91412
13,92825
13,94201
13,95565
13,96985
13,98362
13,99733
14,0117
14,02532
14,03956
14,05323
14,06743
14,08113
14,09528
14,10903
14,12274
14,13667
14,15068
14,16498
14,17856
14,19242
14,20632
14,22035
14,23416
14,24818
14,2621
14,27612
14,28989
14,30396
14,31778
14,33212
14,34556
14,35946
14,37345
14,38734
14,40127
14,4154
14,4291
14,44322
14,45707
14,47136
14,48483
14,49894
14,51303
14,5266
14,54056
14,55467
14,56859
14,58245
14,59647
14,61038
14,62407
14,63805
14,652
14,666
14,68029
14,69366
14,70763
14,72167
14,73545
14,74948
14,7632
14,77759
14,79144
14,80523
14,81905
14,83313
14,84721
14,86107
14,87494
14,88909
14,90235
14,91626
14,93035
14,94437
14,95803
14,97207
14,98584
15,00016
15,01382
15,0278
15,04175
15,05567
15,0695
15,08382
15,09731
15,11145
15,12512
15,13935
15,15331
15,16712
15,18103
15,19482
15,20886
15,22299
15,23652
15,25086
15,26468
15,2787
15,29224
15,30616
15,32026
15,33452
15,34825
15,36167
15,37584
15,3899
15,40354
15,41799
15,43153
15,44534
15,45932
15,47329
15,48718
15,50113
15,51525
15,52904
15,54308
15,55678
15,57072
15,58521
15,59891
15,61258
15,62694
15,64024
15,6543
15,66833
15,68219
15,69617
15,70994
15,72393
15,73775
15,75217
15,766
15,77969
15,79402
15,80746
15,82141
15,83529
15,8493
15,8631
15,87706
15,89132
15,90482
15,91866
15,93275
15,94658
15,96069
15,97499
15,98835
16,00238
16,01665
16,03007
16,04419
16,05807
16,07189
16,08605
16,09991
16,11386
16,12756
16,14157
16,15541
16,16944
16,18326
16,19741
16,21115
16,22515
16,23903
16,25305
16,26705
16,28069
16,29499
16,30889
16,32255
16,33676
16,35034
16,36427
16,37823
16,39274
16,40651
16,42016
16,43387
16,44772
16,46191
16,47561
16,48948
16,50364
16,51752
16,53168
16,54538
16,55957
16,57312
16,58711
16,60091
16,61524
16,62857
16,64298
16,65676
16,67041
16,6849
16,69859
16,71234
16,7263
16,74
16,75395
16,76823
16,78208
16,79593
16,80963
16,82364
16,8376
16,85184
16,8655
16,87932
16,89364
16,90716
16,92133
16,93505
16,94923
16,96295
16,97667
16,99105
17,00476
17,01859
17,03246
17,04642
17,06059
17,07455
17,08858
17,10229
17,11615
17,13013
17,14403
17,15818
17,17217
17,18561
17,19979
17,21361
17,22747
17,24154
17,25575
17,26948
17,2836
17,29688
17,31117
17,32475
17,33877
17,35289
17,36656
17,38072
17,39485
17,40838
17,42253
17,43633
17,45038
17,4641
17,47812
17,49206
17,50626
17,51987
17,53404
17,54817
17,56191
17,57565
17,58948
