participantNumber
9
repetitionNum
3
sdfEnabled
0
taskTime
17,64033
numHits
8
positionDifference
0,1207821
angleDifference
47,2733
finalPosX
-0,03250027
finalPosY
0,03414205
finalPosZ
-0,6986254
finalRotX
7,223713
finalRotY
44,29034
finalRotZ
18,57515
taskType
torus
velocityMagnitude
1,082342
0,7944751
0,7944751
0,9183492
0,4628249
0,4628249
0,8489503
0,2978982
0,2978982
0,743819
0,289344
0,2804416
0,2804416
0,2219851
0,1749796
0,1749796
0,9220118
0,354405
0,354405
0,7670344
0,3662259
0,3662259
0,7355053
0,2323449
0,307489
0,307489
0,9529855
0,4518062
0,4518062
0,3623705
0,3019343
0,3019343
0,3503093
0,4443835
0,2141567
0,2141567
0,5214024
0,5064225
0,5064225
0,8194475
0,3628397
0,3628397
0,7813894
0,2969298
0,2969298
0,4518039
0,2838602
0,351774
0,351774
0,7921253
0,2444236
0,2444236
0,4279639
0,2620487
0,2620487
0,6459749
0,3155363
0,2978783
0,2978783
0,2010097
0,3783312
0,3783312
0,3738601
0,09851483
0,09851483
0,2531111
0,1961691
0,06597099
0,06597099
0,07630797
0,08170217
0,08170217
0,5578812
0,2096428
0,2096428
0,1199544
0,07230929
0,07230929
0,09239046
0,1338634
0,131907
0,131907
0,2015087
0,1061571
0,1061571
0,3038074
0,1829545
0,1829545
0,5433775
0,2060983
0,0827795
0,0827795
0,2060708
0,06477075
0,06477075
0,05773035
0,0201671
0,0201671
0,1757934
0,1221751
0,1221751
0,2070998
0,07770976
0,0733421
0,0733421
0,2359399
0,0981785
0,0981785
0,1732058
0,08952536
0,08952536
0,06070678
0,03290517
0,0472238
0,0472238
0,1196868
0,06644144
0,06644144
0,2342203
0,1890732
0,1890732
0,2355594
0,04992246
0,04992246
0,2142848
0,06050197
0,1098252
0,1098252
0,1314813
0,1675919
0,1675919
0,3253173
0,08042503
0,08042503
0,02685031
0,0408159
0,1828997
0,1828997
0,416738
0,08035369
0,08035369
0,1854548
0,1195841
0,1195841
0,2985942
0,3305879
0,4049206
0,4049206
0,4136387
0,15165
0,15165
0,1415563
0,1956724
0,1956724
0,484492
0,268618
0,268618
0,2249809
0,05927283
0,07804745
0,07804745
0,481695
0,3230672
0,3230672
0,3624906
0,235501
0,235501
0,3354408
0,1661027
0,1272746
0,1272746
0,09127964
0,03203662
0,03203662
0,3064862
0,2492228
0,2492228
0,3292809
0,07984772
0,07984772
0,08731012
0,03925274
0,1767972
0,1767972
0,457499
0,3075099
0,3075099
0,2147893
0,1812269
0,1812269
0,5202991
0,3058926
0,3003766
0,3003766
0,3475285
0,1854524
0,1854524
0,4906533
0,5486684
0,5486684
0,5261049
0,1814238
0,1814238
0,4428326
0,2085025
0,2039257
0,2039257
0,6262978
0,2943655
0,2943655
0,404435
0,1750368
0,1750368
0,3259822
0,1940332
0,3432714
0,3432714
0,602525
0,2150715
0,2150715
0,4082182
0,2712714
0,2712714
0,5037885
0,1380831
0,07739826
0,07739826
0,3111182
0,3142499
0,3142499
0,5354644
0,2622758
0,2622758
0,3309112
0,1463641
0,1463641
0,4356263
0,3703945
0,3482548
0,3482548
0,5678886
0,3383826
0,3383826
0,82765
0,4436505
0,4436505
0,7842541
0,3056337
0,183151
0,183151
0,3717889
0,2921342
0,2921342
0,7828577
0,3029428
0,3029428
0,3446745
0,1911908
0,1911908
0,1488779
0,1406092
0,1739768
0,1739768
0,1790932
0,02902905
0,02902905
0,5936957
0,449551
0,449551
0,5491514
0,2583286
0,2192893
0,2192893
0,2633595
0,485113
0,485113
0,7374861
0,2330511
0,2330511
0,05258211
0,1462748
0,1462748
0,5166999
0,0417744
0,1059623
0,1059623
0,9217636
0,2689435
0,2689435
0,3494734
0,20528
0,20528
0,509189
0,3108754
0,4009362
0,4009362
0,7155041
0,19451
0,19451
0,3120251
0,2560315
0,2560315
0,8166123
0,5041705
0,5060323
0,5060323
0,6872327
0,2579026
0,2579026
0,7425238
0,6679038
0,6679038
1,697272
0,8698284
0,8698284
0,8319779
0,473043
0,5404551
0,5404551
0,6915551
0,4548652
0,4548652
0,6657753
0,4448653
0,4448653
0,9412065
0,3951279
0,3754991
0,3754991
0,8251128
0,3612503
0,3612503
0,7514787
0,5235446
0,5235446
0,8207624
0,3826123
0,3826123
0,7708928
0,2555115
0,2478109
0,2478109
0,8115705
0,3549618
0,3549618
0,5716528
0,2865946
0,2865946
0,6249766
0,3970549
0,4131393
0,4131393
0,9865905
0,455472
0,455472
0,6889238
0,2089298
0,2089298
0,4731387
0,3738684
0,3738684
0,9758911
0,5075416
0,4891465
0,4891465
0,8408351
0,3234248
0,3234248
0,629521
0,2970325
0,2970325
0,4373075
0,4223111
0,3505113
0,3505113
0,4720494
0,3395979
0,3395979
0,7389979
0,3357132
0,3357132
0,9936007
0,5529254
0,4667873
0,4667873
0,8900462
0,4479078
0,4479078
0,6350985
0,2970206
0,2970206
0,5961798
0,3187189
0,3187189
0,5772306
0,3482566
0,3154723
0,3154723
0,7248733
0,3436775
0,3436775
0,5326312
0,2739524
0,2739524
0,3894488
0,277473
0,3227984
0,3227984
0,5356174
0,2512413
0,2512413
0,2500844
0,3246596
0,3246596
0,7451056
0,3885355
0,3885355
0,6379601
0,2899652
0,2298983
0,2298983
0,5456409
0,2994173
0,2994173
0,4062688
0,1584299
0,1584299
0,4922678
0,2871265
0,2294096
0,2294096
0,4826431
0,2199482
0,2199482
0,8426772
0,422778
0,422778
0,5028591
0,1964147
0,1964147
0,3913655
0,3493134
0,4054965
0,4054965
0,916016
0,4543542
0,4543542
0,2881196
0,225243
0,225243
0,6475819
0,7949582
0,2508548
0,2508548
0,4724373
0,2147216
0,2147216
0,4547781
0,2880481
0,2880481
0,4350646
0,03582897
0,03582897
0,1194673
0,1489189
0,2582584
0,2582584
0,5176915
0,06968855
0,06968855
0,2501045
0,28801
0,28801
0,5209998
0,2455074
0,09914524
0,09914524
0,2066931
0,1281869
0,1281869
0,4513104
0,1837662
0,1837662
0,5271986
0,3417872
0,2213334
0,2213334
0,4078393
0,1895392
0,1895392
0,5911309
0,4280025
0,4280025
1,233726
0,816739
0,816739
0,5360263
0,1787481
0,2806775
0,2806775
0,8380041
0,360029
0,360029
0,6640152
0,329911
0,329911
0,6227137
0,2009336
0,2583048
0,2583048
0,6790167
0,2420823
0,2420823
0,6259552
0,28663
0,28663
0,6522026
0,2884598
0,2884598
0,4632837
0,2586944
0,3139436
0,3139436
0,3792259
0,1854209
0,1854209
0,3916704
0,04011038
0,04011038
0,2319291
0,1977462
0,1635283
0,1635283
0,2633603
0,1404952
0,1404952
0,3539432
0,2161416
0,2161416
0,7905633
0,1643247
0,1643247
0,2523312
0,2636897
0,1217842
0,1217842
0,4050504
0,3455828
0,3455828
0,5750726
0,2833666
0,2833666
0,3498026
0,1767533
0,2777021
0,2777021
0,5188432
0,2318748
0,2318748
0,3980178
0,1817208
0,1817208
0,2864242
0,2250669
0,2250669
0,6362599
0,221741
0,1716366
0,1716366
0,2491396
0,08927852
0,08927852
0,7068535
0,2841606
0,2841606
0,3650012
0,1337092
0,3081211
0,3081211
0,6944118
0,2568593
0,2568593
0,5704659
0,3361638
0,3361638
0,7386565
0,3842725
0,3748776
0,3748776
0,6835016
0,3120065
0,3120065
0,7110651
0,3238555
0,3238555
0,8927381
0,5337959
0,5337959
0,9652364
0,4448713
0,5517287
0,5517287
1,051025
0,5454049
0,5454049
1,159115
0,5016165
0,5016165
1,051133
0,5659617
0,6734449
0,6734449
1,144407
0,4079932
0,4079932
0,9438733
0,405882
0,405882
0,6924308
0,4777947
0,4777947
1,026697
0,3451561
0,3002373
0,3002373
0,8384534
0,4209469
0,4209469
0,5872324
0,1138689
0,1138689
0,4667576
0,3349099
0,2937031
0,2937031
0,6287158
0,3940177
0,3940177
0,7766492
0,3844059
0,3844059
0,7449101
0,4724198
0,5058904
0,5058904
0,855552
0,3205499
0,3205499
0,6720961
0,2551577
0,2551577
0,5296608
0,31049
0,31049
0,6683801
0,2112083
0,2784261
0,2784261
0,5232317
0,2576428
0,2576428
0,9339336
0,5261906
0,5261906
0,7704011
0,2590408
0,2590408
0,6996464
0,5387431
0,5052353
0,5052353
0,5916868
0,2759571
0,2759571
0,7819512
0,4775884
0,4775884
0,6080024
0,2940364
0,2112368
0,2112368
0,363223
0,2677534
0,2677534
0,6842336
0,2263454
0,2263454
0,4352084
0,2463363
0,2965727
0,2965727
0,7396786
0,411714
0,411714
0,6992326
0,2890909
0,2890909
0,6175029
0,3947847
0,3947847
0,8663861
0,4122582
0,2947293
0,2947293
0,6893816
0,3834537
0,3834537
0,8262063
0,4330712
0,4330712
0,6361409
0,3124916
0,355218
0,355218
0,7742601
0,4404482
0,4404482
0,7342153
0,2828748
0,2828748
0,7064573
0,2666076
0,2666076
0,6988438
0,3679163
0,3940206
0,3940206
0,6139672
0,3324656
0,3324656
0,7961157
0,3952439
0,3952439
0,8082143
0,4121901
0,4121901
0,7943895
0,4425035
0,4320209
0,4320209
0,8489252
0,4322303
0,4322303
0,8768724
0,4302141
0,4302141
0,97141
0,6147403
0,489352
0,489352
0,977748
0,488957
0,488957
0,8621126
0,461047
0,461047
0,9620414
0,5258878
0,5252435
0,5252435
0,9554395
0,4615472
0,4615472
0,6279988
0,4235496
0,4235496
1,030777
0,4683778
0,4511346
0,4511346
0,7684608
0,317082
0,317082
0,6166177
0,4314256
0,4314256
0,856167
0,4918869
0,4918869
1,051039
0,305082
0,2446557
0,2446557
0,9099479
0,5610411
0,5610411
1,393108
0,496759
0,496759
0,6127264
0,2913607
0,2332934
0,2332934
0,7818901
0,4273356
0,4273356
0,5913787
0,05242604
0,05242604
0,358823
0,3630726
0,3630726
0,5855583
0,1984747
0,1692153
0,1692153
0,2861242
0,3086241
0,3086241
0,5468183
0,2751944
0,2751944
0,4766878
0,177228
0,2533214
0,2533214
0,7319798
0,5188696
0,5188696
0,6372552
0,1116384
0,1116384
0,3696688
0,3900659
0,3900659
0,6953822
0,3341266
0,3249575
0,3249575
0,4795264
0,1515232
0,1515232
0,4799273
0,3534572
0,3534572
0,7123566
0,3659366
0,4146659
0,4146659
0,7044404
0,4153588
0,4153588
0,588603
0,2681829
0,2681829
0,7264554
0,3649904
0,3649904
0,6361534
0,4003759
0,1109581
0,1109581
0,5297615
0,2691583
0,2691583
0,6678146
0,2950988
0,2950988
0,5091054
0,4205509
0,3759646
0,3759646
0,7152461
0,4521714
0,4521714
0,6281009
0,1626602
0,1626602
0,3627341
0,349065
0,3509528
0,3509528
0,6383753
0,1965117
0,1965117
0,5539864
0,313457
0,313457
0,6831539
0,3281723
0,3281723
0,7316999
0,2871937
0,1801174
0,1801174
0,5371801
0,3579745
0,3579745
0,7079569
0,3787926
0,3787926
0,6551657
0,1088096
0,2243712
0,2243712
0,6315678
0,4078574
0,4078574
0,637903
0,2640557
0,2640557
0,7484161
0,3199909
0,3199909
0,7580959
0,4743794
0,4124939
0,4124939
0,598885
0,223859
0,223859
0,7304553
0,4966616
0,4966616
1,077147
0,3839711
0,247127
0,247127
0,7163878
0,3365241
0,3365241
0,5882217
0,5289723
0,5289723
0,868936
0,1620734
0,2040141
0,2040141
0,4052751
0,2462882
0,2462882
0,5665812
0,3256624
0,3256624
0,4749613
0,2895722
0,2895722
0,4410567
0,2312502
0,2237726
0,2237726
0,4575421
0,2343369
0,2343369
0,509091
0,2676743
0,2676743
0,4181953
0,2043211
0,2043211
0,5625938
0,2814851
0,2914674
0,2914674
0,5693418
0,2843394
0,2843394
0,8795215
0,3834958
0,3834958
0,4928975
0,3617151
0,4201164
0,4201164
0,6700203
0,2326041
0,2326041
0,5788029
0,4272333
0,4272333
1,050061
0,4043234
0,2697273
0,2697273
0,351692
0,1623842
0,1623842
0,819184
0,5968231
0,5968231
0,9351806
0,2665679
0,2665679
0,256947
0,2256844
0,41519
0,41519
0,8703689
0,4437625
0,4437625
0,6042801
0,2536108
0,2536108
0,3822973
0,3291071
0,4232004
0,4232004
0,7117133
0,3385353
0,3385353
0,5964344
0,3034516
0,3034516
0,7285784
0,3833882
0,3833882
0,6475714
0,2264724
0,2810128
0,2810128
0,711702
0,4378982
0,4378982
0,5412447
0,1742533
0,1742533
0,5348046
0,3513472
0,3902964
0,3902964
0,4421738
0,202503
0,202503
0,4808219
0,2464291
0,2464291
0,4874198
0,3289579
0,3880255
0,3880255
0,4893373
0,170332
0,170332
0,5833466
0,2027753
0,2027753
0,5867662
0,3257391
0
0
1,072903
0,3271212
0,3271212
0,7671504
0,1897243
0,2425259
0,2425259
0,1433439
0,2779136
0,2779136
0,5159222
0,2540855
0,2540855
0,2248234
0,09943542
0,09423758
0,09423758
0,298793
0,1510092
0,1510092
0,5827124
0,07679451
0,07679451
0,2248483
0,1620285
0,2630122
0,2630122
0,543514
0,2210948
0,2210948
0,4832593
0,2391417
0,2391417
0,3313906
0,009693259
0,009693259
0,2152639
0,2495025
0,2454849
0,2454849
0,4138442
0,1107223
0,1107223
0,09918974
0,1107747
0,1107747
0,1346032
0,2213258
0,3753362
0,3753362
0,3700072
0,1846601
0,1846601
0,2067613
0,2714464
0,2714464
0,3265075
0,8185331
0,8185331
0,4932235
0,2141223
0,05243217
0,05243217
0,07905
0,3177004
0,3177004
1,228107
0,7530574
0,7530574
0,4096212
0,04977068
0,0462878
0,0462878
0,2423036
0,5566263
0,5566263
0,5055329
0,2182242
0,2182242
0,3713726
0,1718346
0,1718346
0,4592714
0,3093025
0,348413
0,348413
0,6025116
0,3054832
0,3054832
0,2531464
0,2465674
0,2465674
0,7256559
0,3211231
0,2334398
0,2334398
0,3754142
0,1803242
0,1803242
0,4692547
0,3471341
0,3471341
0,5492314
0,1579595
0,1523496
0,1523496
0,210693
0,3803159
0,3803159
0,7635926
0,3183058
0,3183058
0,3279465
0,05875617
0,05875617
0,120381
0,1677271
0,3588789
0,3588789
0,4974981
0,1105841
0,1105841
0,06230022
0,1857768
0,1857768
0,7698023
0,3095031
0,2361308
0,2361308
0,5709493
0,3141833
0,3141833
0,4937238
0,2172093
0,2172093
0,6600446
0,3228544
0,3228544
0,5173995
0,173384
0,1998776
0,1998776
0,4857002
0,2258299
0,2258299
0,4607569
0,3032818
0,3032818
0,5593938
0,1819389
0,1783153
0,1783153
0,4733538
0,3136288
0,3136288
0,4336208
0,111336
0,111336
0,3128291
0,3087441
0,3087441
0,2295822
0,1234007
0,1438573
0,1438573
0,5568485
0,1141455
0,1141455
0,4502844
0,1140958
0,1140958
0,3272773
0,3165838
0,2650506
0,2650506
0,3891834
0,2606313
0,2606313
0,08188744
0,2026896
0,2026896
0,5762919
0,1264316
0,1264316
0,1487995
0,1914424
0,1198355
0,1198355
0,4913824
0,359444
0,359444
0,4990863
0,1780736
0,1780736
0,321851
0,08872283
0,06460794
0,06460794
0,501249
0,4392466
0,4392466
0,6502844
0,2592186
0,2592186
0,1731305
0,2867424
0,2867424
0,7274805
0,3567072
0,2949091
0,2949091
0,3568377
0,3197412
0,3197412
0,738556
0,3429187
0,3429187
0,7511669
velocityComponents
0,2907395
0,9166688
-0,4966408
0,1540899
0,703159
-0,3361762
0,1540899
0,703159
-0,3361762
0,06343722
0,7487401
-0,5279481
0,01537204
0,4153609
-0,2035826
0,01537204
0,4153609
-0,2035826
-0,06350279
0,8247718
-0,1908809
-0,08988976
0,2827697
-0,02654195
-0,08988976
0,2827697
-0,02654195
-0,1838803
0,7205561
0,01592636
-0,05096793
0,2685942
-0,09475946
-0,0430882
0,260362
-0,09488165
-0,0430882
0,260362
-0,09488165
-0,1584172
0,1072824
-0,1125693
-0,09232163
0,1478091
-0,01571774
-0,09232163
0,1478091
-0,01571774
-0,2655625
0,8303725
0,3001064
-0,04513264
0,3479235
-0,05015135
-0,04513264
0,3479235
-0,05015135
0,08591413
0,5499959
-0,5276978
0,02727509
0,2620168
-0,2544105
0,02727509
0,2620168
-0,2544105
0,1025021
0,4292041
-0,588426
0,009769201
-0,006660074
-0,2320439
-0,1389861
-0,2704322
0,04581213
-0,1389861
-0,2704322
0,04581213
-0,5442202
-0,4310101
0,6528676
-0,2078474
0,2397195
0,3216565
-0,2078474
0,2397195
0,3216565
-0,05136132
0,3373481
-0,1219451
0,1012027
-0,1204304
-0,2577186
0,1012027
-0,1204304
-0,2577186
-0,08692145
0,3232971
-0,1031518
-0,1442254
0,3841817
0,1705289
-0,1111925
0,1465842
0,109601
-0,1111925
0,1465842
0,109601
-0,3035128
-0,2633244
0,3322661
-0,2583802
-0,08533075
0,427109
-0,2583802
-0,08533075
0,427109
-0,4079163
0,1570232
0,6931394
-0,1079738
0,2869383
0,1940638
-0,1079738
0,2869383
0,1940638
-0,1713932
0,6922908
0,3192604
-0,0006020069
0,296472
-0,01647174
-0,0006020069
0,296472
-0,01647174
0,03863573
0,4199803
-0,1620203
0,05195737
0,2321228
-0,1549065
0,05124211
0,3116488
-0,1549006
0,05124211
0,3116488
-0,1549006
0,03922582
0,7696643
-0,1831412
-0,01274943
0,2360366
-0,06218553
-0,01274943
0,2360366
-0,06218553
0,05289316
0,2806269
-0,3187537
0,04697442
0,1633275
-0,1994669
0,04697442
0,1633275
-0,1994669
0,1366436
0,3888123
-0,4974306
0,04547238
0,2382107
-0,201869
0,02944469
0,2484158
-0,1617223
0,02944469
0,2484158
-0,1617223
-0,04956126
0,1550604
-0,1179188
-0,08019209
-0,3175184
0,1894355
-0,08019209
-0,3175184
0,1894355
-0,2766728
-0,1246925
0,2183467
-0,04024506
0,08462854
0,03038943
-0,04024506
0,08462854
0,03038943
0,05072355
0,1408413
-0,2040982
0,005704165
0,1314275
-0,1455218
-0,02366304
0,05568787
-0,02628863
-0,02366304
0,05568787
-0,02628863
-0,07094741
0,009681284
0,02637506
-0,06193519
-0,05182251
0,01239777
-0,06193519
-0,05182251
0,01239777
-0,3070772
-0,3898885
0,2547979
-0,1255929
-0,003743544
0,1678169
-0,1255929
-0,003743544
0,1678169
-0,06830692
0,09168908
0,03628135
0,009453297
-0,02674535
-0,06651282
0,009453297
-0,02674535
-0,06651282
-0,01676679
-0,01941696
-0,08875728
-0,006783009
-0,07729009
-0,1090854
-0,01195669
-0,1042049
-0,07998645
-0,01195669
-0,1042049
-0,07998645
-0,02321601
-0,1704864
-0,1048863
0,005859137
-0,0455223
-0,09572208
0,005859137
-0,0455223
-0,09572208
0,05732179
-0,07888712
-0,2877325
0,05024672
0,01344904
-0,1754045
0,05024672
0,01344904
-0,1754045
0,1552224
0,08314587
-0,5140543
0,05885959
-0,03870502
-0,1936853
-0,002861023
-0,04847944
-0,06703734
-0,002861023
-0,04847944
-0,06703734
-0,1111507
-0,04011318
0,1688242
-0,02718568
0,0294596
0,05087554
-0,02718568
0,0294596
0,05087554
-0,04289746
0,01099929
-0,03703535
-0,01098514
0,002148002
-0,01677573
-0,01098514
0,002148002
-0,01677573
-0,04684925
0,1320846
-0,1061231
0,01192093
0,04242919
-0,1139492
0,01192093
0,04242919
-0,1139492
0,04127026
0,02480075
-0,201425
-0,02528429
-0,02016164
0,07066131
-0,05397797
0,009890273
0,04865825
-0,05397797
0,009890273
0,04865825
-0,1711428
0,02011359
0,161162
0,01949072
0,08982383
-0,03450811
0,01949072
0,08982383
-0,03450811
0,0003695488
0,1496859
-0,08714497
-0,0005483627
0,07144064
-0,05395114
-0,0005483627
0,07144064
-0,05395114
0,0001490116
0,01600571
-0,05855858
-0,007295609
-0,01485497
-0,02844036
-0,002616644
0,002614036
-0,04707873
-0,002616644
0,002614036
-0,04707873
0,004303455
-0,05200617
-0,1077116
0,008076429
0,05987771
-0,02763867
0,008076429
0,05987771
-0,02763867
0,0724256
-0,06245933
-0,2138048
0,05549192
-0,07597134
-0,1640052
0,05549192
-0,07597134
-0,1640052
0,06859303
-0,0668373
-0,2152115
0,001651049
-0,03892258
-0,03121793
0,001651049
-0,03892258
-0,03121793
0,03044009
-0,1411412
-0,1583368
-0,0001132488
-0,05020089
-0,03376901
0,002688169
-0,09539761
-0,05434752
0,002688169
-0,09539761
-0,05434752
0,01898408
-0,06019473
-0,1153409
0,04605055
-0,02142228
-0,1597106
0,04605055
-0,02142228
-0,1597106
0,08366704
0,04459061
-0,3111959
0,00411272
-0,05370267
-0,05972683
0,00411272
-0,05370267
-0,05972683
-0,02069473
-0,01703389
-0,001585484
0,001364946
-0,001964718
-0,04074574
0,04227757
-0,01117624
-0,177595
0,04227757
-0,01117624
-0,177595
0,1248002
0,141063
-0,3717482
0,01639128
0,05981252
-0,0510931
0,01639128
0,05981252
-0,0510931
0,04581809
-0,02017692
-0,1785696
0,03563762
0,01021065
-0,1136929
0,03563762
0,01021065
-0,1136929
0,09697676
0,05505681
-0,2769887
0,1111865
-0,01439676
-0,3109962
0,1394928
0,09310581
-0,3685564
0,1394928
0,09310581
-0,3685564
0,1328886
0,06067678
-0,3869832
0,0444293
-0,02601482
-0,1426429
0,0444293
-0,02601482
-0,1426429
0,03602505
-0,0065431
-0,136739
0,05043745
-0,07479899
-0,1736343
0,05043745
-0,07479899
-0,1736343
0,1512408
0,03548786
-0,4589111
0,07091761
0,1368094
-0,2200216
0,07091761
0,1368094
-0,2200216
0,04666448
0,02333745
-0,2188474
-0,02753139
0,04253872
0,03075302
0,008422136
0,02587624
-0,0731498
0,008422136
0,02587624
-0,0731498
0,1053751
-0,02104603
-0,4695565
0,08188486
0,06145537
-0,3064156
0,08188486
0,06145537
-0,3064156
0,07027388
0,1808167
-0,3062129
0,0412941
0,1432244
-0,1823246
0,0412941
0,1432244
-0,1823246
0,0696063
0,04391186
-0,325188
0,03852248
-0,007224083
-0,1614124
0,02041459
-0,05881079
-0,1110107
0,02041459
-0,05881079
-0,1110107
0,00653863
0,01286827
-0,09013116
-0,00436306
-0,003515929
-0,03154278
-0,00436306
-0,003515929
-0,03154278
0,05408525
0,07195733
-0,2929688
0,05802512
0,05625859
-0,2357543
0,05802512
0,05625859
-0,2357543
0,07481575
0,009588152
-0,3205255
-0,005292892
-0,06724484
-0,04272908
-0,005292892
-0,06724484
-0,04272908
-0,04900694
-0,0529103
0,04921257
-0,01816154
-0,01838394
-0,02954602
0,007367134
-0,07587709
-0,1595169
0,007367134
-0,07587709
-0,1595169
0,09623766
0,06680191
-0,4422456
0,07309318
0,01360364
-0,2983868
0,07309318
0,01360364
-0,2983868
0,02459288
0,1132678
-0,1808316
0,02731681
-0,01400262
-0,1786083
0,02731681
-0,01400262
-0,1786083
0,08720821
-0,03706403
-0,5115977
0,05929645
0,01343408
-0,2997895
0,05358824
0,02769788
-0,2942571
0,05358824
0,02769788
-0,2942571
0,0926479
-0,03210313
-0,3334093
0,02585264
-0,00882034
-0,1834296
0,02585264
-0,00882034
-0,1834296
0,09851801
-0,07901128
-0,4741225
0,2131762
-0,0938253
-0,4967794
0,2131762
-0,0938253
-0,4967794
0,08974671
-0,1573682
-0,4939303
0,02807975
-0,01902208
-0,1782253
0,02807975
-0,01902208
-0,1782253
0,06365776
-0,09928048
-0,4268393
0,02702475
-0,009781122
-0,2065122
0,02582669
0,04670061
-0,196819
0,02582669
0,04670061
-0,196819
0,0895381
-0,196879
-0,5877674
0,05296469
0,0216186
-0,2887532
0,05296469
0,0216186
-0,2887532
0,04999042
-0,08524358
-0,3921762
0,02378225
-0,008378178
-0,1732111
0,02378225
-0,008378178
-0,1732111
0,04281998
0,005999953
-0,3231019
0,02897978
-0,0007353723
-0,1918554
0,0597477
-0,02652146
-0,3369898
0,0597477
-0,02652146
-0,3369898
0,1004279
-0,03562346
-0,5930275
0,01873374
-0,0389304
-0,2106875
0,01873374
-0,0389304
-0,2106875
-0,004535913
-0,2488554
-0,3235623
-0,006943941
-0,2074201
-0,1746908
-0,006943941
-0,2074201
-0,1746908
0,03066063
-0,1623251
-0,4759341
-0,01684427
0,1362585
-0,01472533
-0,03072023
-0,03754124
-0,06031096
-0,03072023
-0,03754124
-0,06031096
-0,08314252
-0,2547167
-0,1581177
-0,04674792
-0,2152458
-0,2241358
-0,04674792
-0,2152458
-0,2241358
-0,01232624
-0,2521574
-0,4722148
0,0153482
0,01959354
-0,2610922
0,0153482
0,01959354
-0,2610922
-0,01501441
0,06297007
-0,3245175
-0,0231564
0,1438767
-0,0136286
-0,0231564
0,1438767
-0,0136286
-0,008893013
0,2312012
-0,3691033
0,02750754
0,02185032
-0,3687248
0,03400445
-0,006670505
-0,3465265
0,03400445
-0,006670505
-0,3465265
0,05275011
0,2565555
-0,5038791
0,01074076
0,3152795
-0,1224183
0,01074076
0,3152795
-0,1224183
0,04057288
0,7420008
-0,3644079
0,01702905
0,4030417
-0,1846433
0,01702905
0,4030417
-0,1846433
0,04133582
0,6557845
-0,4281268
0,005418062
0,2596512
-0,161133
-0,02702475
0,1737908
-0,05109534
-0,02702475
0,1737908
-0,05109534
-0,08043647
0,359749
-0,04834831
-0,03519058
0,2850223
-0,05353764
-0,03519058
0,2850223
-0,05353764
-0,006920099
0,6112009
-0,4891336
-0,0138998
0,145597
-0,2652973
-0,0138998
0,145597
-0,2652973
-0,1178384
0,3206313
-0,0459373
-0,0795722
0,14809
0,09105802
-0,0795722
0,14809
0,09105802
-0,07376671
0,01553185
-0,1283817
-0,02147555
0,0296168
-0,1357667
-0,0320375
0,1146432
-0,1268797
-0,0320375
0,1146432
-0,1268797
-0,07591844
0,1513738
0,05828142
-0,0197947
0,01662746
-0,01320541
-0,0197947
0,01662746
-0,01320541
-0,05465746
0,4703946
-0,3580727
0,01857281
0,3030129
-0,3315635
0,01857281
0,3030129
-0,3315635
0,05256534
0,3199965
-0,4431777
0,0005781651
0,2581529
-0,009508431
-0,008672476
0,2100363
0,06242841
-0,008672476
0,2100363
0,06242841
0,04917979
0,1281004
-0,2247885
0,04120469
0,4230108
-0,2338775
0,04120469
0,4230108
-0,2338775
0,09810328
0,4809812
-0,5503803
0,02861023
0,1703352
-0,1564614
0,02861023
0,1703352
-0,1564614
-0,002491474
0,0479266
0,02148747
-0,02612472
0,02151728
0,1423053
-0,02612472
0,02151728
0,1423053
-0,0572443
0,4318401
0,2778776
-0,008219481
0,03320575
0,02397746
0,004148483
0,09345263
-0,0497736
0,004148483
0,09345263
-0,0497736
0,01952648
0,8437619
-0,3705844
0,001257658
0,2413929
-0,1185685
0,001257658
0,2413929
-0,1185685
-0,04430413
0,3349625
0,08926913
-0,02344251
0,2024129
0,02488643
-0,02344251
0,2024129
0,02488643
-0,06948709
0,4944123
0,1000069
-0,02800226
0,3068015
-0,04162043
-0,01786351
0,3718413
-0,1488782
-0,01786351
0,3718413
-0,1488782
-0,03333092
0,6292135
-0,3390066
-0,02680421
0,1797587
-0,06930009
-0,02680421
0,1797587
-0,06930009
-0,04047751
0,261002
-0,1661301
-0,02631545
0,2364881
-0,09451434
-0,02631545
0,2364881
-0,09451434
-0,04138947
0,7075176
-0,4056618
-0,01397133
0,3941342
-0,3140874
0,003349781
0,2611816
-0,433407
0,003349781
0,2611816
-0,433407
-0,04844666
0,4977584
-0,471358
-0,0399828
0,2314523
-0,1065128
-0,0399828
0,2314523
-0,1065128
-0,1042366
0,7025287
-0,2166331
-0,07436275
0,6433174
-0,163427
-0,07436275
0,6433174
-0,163427
-0,2125621
1,66692
-0,2385974
-0,1396716
0,8577794
0,03616437
-0,1396716
0,8577794
0,03616437
0,07561445
-0,3376096
-0,7566303
0,01522303
0,1446575
-0,4501246
-0,06805062
0,5214855
-0,124554
-0,06805062
0,5214855
-0,124554
-0,005865097
0,3568605
-0,5923383
0,05518794
-0,1571342
-0,4232794
0,05518794
-0,1571342
-0,4232794
0,07762313
-0,1254737
-0,6492209
0,04484653
-0,02383292
-0,4419569
0,04484653
-0,02383292
-0,4419569
0,1009643
-0,1572952
-0,9224609
0,04285574
-0,08472502
-0,3835507
0,03433824
-0,02867281
-0,3728248
0,03433824
-0,02867281
-0,3728248
0,1021147
-0,3156066
-0,7554973
0,05170703
-0,1795202
-0,3091935
0,05170703
-0,1795202
-0,3091935
0,08589029
-0,2284199
-0,7107513
0,05651712
-0,2056554
-0,4781325
0,05651712
-0,2056554
-0,4781325
0,07798672
-0,2332315
-0,783053
0,04007816
-0,1194
-0,3612887
0,04007816
-0,1194
-0,3612887
0,1077414
-0,4202649
-0,6372165
0,04729033
-0,1606598
-0,1929719
0,03939271
-0,1060143
-0,2204981
0,03939271
-0,1060143
-0,2204981
0,08090138
-0,3479049
-0,7287413
0,02458692
-0,1045763
-0,3383152
0,02458692
-0,1045763
-0,3383152
0,02089143
-0,1132548
-0,559932
0,01026392
-0,1007304
-0,2681129
0,01026392
-0,1007304
-0,2681129
0,05400181
-0,4975989
-0,3742658
0,04079342
-0,3660426
-0,1483284
0,0417769
-0,4036382
-0,07755607
0,0417769
-0,4036382
-0,07755607
0,0788033
-0,9813145
-0,06459728
0,02009869
-0,4349761
0,1335911
0,02009869
-0,4349761
0,1335911
0,001895428
-0,6537952
0,2171732
-0,01696348
-0,2056241
-0,03290325
-0,01696348
-0,2056241
-0,03290325
-0,04860759
-0,3889829
-0,2649337
-0,01820326
-0,3687151
-0,05912185
-0,01820326
-0,3687151
-0,05912185
-0,02034307
-0,9753123
0,02674758
-0,01417994
-0,5046077
0,052616
-0,0213325
-0,4842862
0,06539151
-0,0213325
-0,4842862
0,06539151
-0,05689859
-0,8145615
0,2006382
-0,03189445
-0,2989598
-0,1192033
-0,03189445
-0,2989598
-0,1192033
-0,07787347
-0,1084857
-0,6151937
-0,04400611
0,07570684
-0,2838314
-0,04400611
0,07570684
-0,2838314
-0,07550716
-0,4224494
-0,08410141
-0,03223419
-0,3609493
0,2168484
-0,03570318
-0,3347531
0,09758994
-0,03570318
-0,3347531
0,09758994
-0,06746054
-0,3681749
-0,287623
-0,0313282
-0,2403151
-0,2378948
-0,0313282
-0,2403151
-0,2378948
-0,05940795
-0,5344268
-0,5069286
-0,02772808
-0,3124706
-0,1195684
-0,02772808
-0,3124706
-0,1195684
-0,05807877
-0,984623
0,1199447
-0,03214478
-0,5394366
0,1170531
-0,03171563
-0,4620478
0,05827844
-0,03171563
-0,4620478
0,05827844
-0,06878376
-0,7109627
-0,5310208
-0,03122091
-0,1940798
-0,402467
-0,03122091
-0,1940798
-0,402467
-0,05058646
-0,1013648
-0,624913
-0,0272274
-0,143275
-0,2587512
-0,0272274
-0,143275
-0,2587512
-0,05717874
-0,5135167
-0,2974249
-0,02666712
-0,3134489
-0,05118996
-0,02666712
-0,3134489
-0,05118996
-0,05416274
-0,4062265
-0,4064992
-0,02179146
-0,01025684
-0,3474228
-0,02179742
-0,01818575
-0,3141925
-0,02179742
-0,01818575
-0,3141925
-0,04994869
-2,272427E-05
-0,7231504
-0,02388358
-0,00397712
-0,3428236
-0,02388358
-0,00397712
-0,3428236
-0,04960895
-0,3226701
-0,420855
-0,02723336
-0,2199888
-0,1609758
-0,02723336
-0,2199888
-0,1609758
-0,03708601
0,008254498
-0,3875911
-0,02058148
0,1000293
-0,2579957
-0,02856255
0,07079728
-0,3136411
-0,02856255
0,07079728
-0,3136411
-0,06210208
-0,09118654
-0,524132
-0,03187656
-0,1691323
-0,183031
-0,03187656
-0,1691323
-0,183031
-0,03260374
-0,2095226
-0,1325876
-0,0410378
-0,07681586
-0,3127605
-0,0410378
-0,07681586
-0,3127605
-0,07472634
0,1199815
-0,7315755
-0,03819466
0,1157828
-0,368911
-0,03819466
0,1157828
-0,368911
-0,07342696
0,1368035
-0,6187782
-0,04211068
-0,0625141
-0,2799973
-0,03542304
-0,1474649
-0,172779
-0,03542304
-0,1474649
-0,172779
-0,08801818
-0,4292648
-0,3251284
-0,05187988
0,0005111098
-0,294888
-0,05187988
0,0005111098
-0,294888
-0,07611513
0,1054555
-0,3848895
-0,03404021
0,02929755
-0,1519307
-0,03404021
0,02929755
-0,1519307
-0,08850098
-0,01319312
-0,4840672
-0,0463903
-0,03765747
-0,2808407
-0,03669858
-0,06746389
-0,2161726
-0,03669858
-0,06746389
-0,2161726
-0,06106496
-0,3065001
-0,3677949
-0,02411008
-0,07636026
-0,2048537
-0,02411008
-0,07636026
-0,2048537
-0,08111
0,1956988
-0,8156151
-0,03271292
0,1705885
-0,3854487
-0,03271292
0,1705885
-0,3854487
-0,01205878
0,1613572
-0,4761152
0,03600173
-0,02709121
-0,1911771
0,03600173
-0,02709121
-0,1911771
-0,02830097
0,08295797
-0,3814236
-0,06942309
0,1252335
-0,3186171
-0,009285763
0,1842445
-0,3611027
-0,009285763
0,1842445
-0,3611027
0,004486173
0,3752363
-0,8356212
-0,0902653
-0,2066881
-0,3944235
-0,0902653
-0,2066881
-0,3944235
-0,01855472
0,02424008
-0,2864979
-0,01509158
0,07206215
-0,2128702
-0,01509158
0,07206215
-0,2128702
-0,009181529
0,3071564
-0,5700289
-0,3758622
0,4786274
-0,5114704
-0,008898973
0,1992721
-0,152117
-0,008898973
0,1992721
-0,152117
-0,03037453
0,3078658
-0,3570616
-0,01810193
0,1156803
-0,1799881
-0,01810193
0,1156803
-0,1799881
-0,04743338
0,2498534
-0,3770232
-0,02801418
0,1934331
-0,2115905
-0,02801418
0,1934331
-0,2115905
-0,03737807
0,3015366
-0,3113836
0,01416802
-0,005041063
0,03252029
0,01416802
-0,005041063
0,03252029
0,02154708
0,1161959
-0,01751184
-0,00885129
0,09432137
-0,1148999
-0,02618432
0,1342326
-0,2190739
-0,02618432
0,1342326
-0,2190739
-0,03368855
0,3635898
-0,3669769
0,01764297
0,06670188
0,009801984
0,01764297
0,06670188
0,009801984
-0,00641346
0,1501041
-0,1999497
-0,02990405
0,1419391
-0,2488148
-0,02990405
0,1419391
-0,2488148
-0,04045413
0,2764421
-0,4397545
-0,02057748
0,1637079
-0,1817971
-0,005251169
0,03500655
-0,09261072
-0,005251169
0,03500655
-0,09261072
0,02034854
0,1910783
-0,07613834
0,005543237
0,1202313
-0,04410867
0,005543237
0,1202313
-0,04410867
-0,00644765
0,3788127
-0,2452354
0,003158829
0,16083
-0,08884669
0,003158829
0,16083
-0,08884669
-0,02510515
0,4527421
-0,2689472
-0,0003257804
0,2662293
-0,214337
0,003168326
0,2090757
-0,07256571
0,003168326
0,2090757
-0,07256571
0,03227264
0,404744
-0,03838824
0,01817862
0,1885166
0,007493913
0,01817862
0,1885166
0,007493913
-0,02980094
0,5830269
-0,09288286
-0,05032544
0,3952384
-0,1563333
-0,05032544
0,3952384
-0,1563333
-0,08642338
1,137804
-0,4690537
-0,05879989
0,7027321
0,412035
-0,05879989
0,7027321
0,412035
0,1523018
0,04654527
0,5118221
0,05027652
-0,006820261
0,1713961
0,007802248
0,2720423
0,06864369
0,007802248
0,2720423
0,06864369
-0,04862547
0,8365147
-0,01137853
-0,0008583069
0,3502026
0,08353591
-0,0008583069
0,3502026
0,08353591
0,08351207
0,490208
0,4400432
0,009745359
0,3075458
0,1190037
0,009745359
0,3075458
0,1190037
-0,009888411
0,6105118
0,12227
0,004541874
0,1871392
0,07302463
0,0308454
0,1837224
0,1789302
0,0308454
0,1837224
0,1789302
0,1131117
0,3515601
0,5698025
0,01805278
0,2029468
0,1307307
0,01805278
0,2029468
0,1307307
0,05351288
0,4481087
0,4337682
0,02481847
0,2059427
0,197809
0,02481847
0,2059427
0,197809
0,01321593
0,5659431
0,3238857
-0,008106232
0,2723306
0,09475946
-0,008106232
0,2723306
0,09475946
0,06958842
0,2091378
0,4074931
0,04631877
0,07654428
0,242731
0,05934834
0,08707047
0,2957314
0,05934834
0,08707047
0,2957314
0,04190803
0,2303794
0,2982974
0,01654625
0,1256481
0,1353502
0,01654625
0,1256481
0,1353502
0,05574226
0,1933709
0,3360152
0,004690886
-0,03965944
0,003737211
0,004690886
-0,03965944
0,003737211
0,02676845
0,1295507
0,1905024
0,03868937
0,02195239
0,192678
0,02811551
0,04011691
0,1560181
0,02811551
0,04011691
0,1560181
0,03361106
0,1219779
0,2309769
0,01191497
0,08849949
0,1084656
0,01191497
0,08849949
0,1084656
0,04736185
0,1301616
0,3257155
0,04075766
-0,01486987
0,2117425
0,04075766
-0,01486987
0,2117425
0,1444221
-0,01895428
0,7770285
0,02890229
-0,01839697
0,1607135
0,02890229
-0,01839697
0,1607135
0,0226438
0,1184821
0,2216309
0,0326097
0,07217824
0,2515137
0,01624227
0,002233684
0,1206756
0,01624227
0,002233684
0,1206756
0,02777576
0,1735285
0,3649414
0,03913045
0,08079559
0,333719
0,03913045
0,08079559
0,333719
0,09732842
-0,1557767
0,5449489
0,04184246
-0,002145767
0,2802521
0,04184246
-0,002145767
0,2802521
0,03023148
0,1118824
0,3300458
0,01962781
0,02456605
0,1739338
0,04104376
-0,03886819
0,2718881
0,04104376
-0,03886819
0,2718881
0,07320642
-0,07110238
0,5087078
0,03167987
-0,03647059
0,2267867
0,03167987
-0,03647059
0,2267867
0,06193519
-0,188303
0,3451437
0,02045035
0,002084672
0,1805544
0,02045035
0,002084672
0,1805544
0,03259182
-0,04959404
0,2802089
0,02737641
-0,06335527
0,2142236
0,02737641
-0,06335527
0,2142236
0,07546544
-0,1234636
0,6195873
0,02784133
-0,1497388
0,161159
0,01955032
-0,07138699
0,1548573
0,01955032
-0,07138699
0,1548573
0,02300739
-0,02509952
0,246802
0,009602308
-0,05408078
0,07038265
0,009602308
-0,05408078
0,07038265
0,08742213
-0,266923
0,6486535
0,03644824
-0,145033
0,2416283
0,03644824
-0,145033
0,2416283
0,0374198
-0,2251953
0,2848029
0,01243353
-0,08779019
0,1000822
0,0312984
-0,1032293
0,2886221
0,0312984
-0,1032293
0,2886221
0,07990003
-0,3926873
0,5671158
0,02881885
-0,1970947
0,1621723
0,02881885
-0,1970947
0,1621723
0,0747323
-0,4229918
0,375399
0,04622936
-0,304769
0,1341075
0,04622936
-0,304769
0,1341075
0,09326935
-0,6847858
0,2607346
0,04749894
-0,331632
0,188227
0,04552007
-0,3168352
0,1951322
0,04552007
-0,3168352
0,1951322
0,07755756
-0,5517855
0,3958434
0,03793836
-0,2692074
0,1530886
0,03793836
-0,2692074
0,1530886
0,07633567
-0,7003539
0,09638965
0,03936887
-0,315737
0,06035417
0,03936887
-0,315737
0,06035417
0,09095669
-0,8568734
0,2334014
0,05221367
-0,470458
0,2467409
0,05221367
-0,470458
0,2467409
0,09399652
-0,8828625
0,3786817
0,0356555
-0,4433863
-0,006914139
0,03122091
-0,5433545
-0,09053051
0,03122091
-0,5433545
-0,09053051
0,06865859
-1,0484
0,02824664
0,03854632
-0,515429
0,1741081
0,03854632
-0,515429
0,1741081
0,0711143
-1,104243
0,3451616
0,0208199
-0,4970245
-0,06443858
0,0208199
-0,4970245
-0,06443858
0,0282526
-0,9745622
-0,3928244
0,0228107
-0,5609071
-0,07194132
0,01700521
-0,6723125
-0,03513992
0,01700521
-0,6723125
-0,03513992
0,0207901
-1,142215
-0,06766468
0,01468658
-0,4070044
-0,02429485
0,01468658
-0,4070044
-0,02429485
0,01266003
-0,9351637
-0,1273006
0,01196861
-0,404489
-0,03139377
0,01196861
-0,404489
-0,03139377
0,04490018
-0,6903198
-0,03004968
0,009602308
-0,477495
-0,01392961
0,009602308
-0,477495
-0,01392961
0,006681681
-1,025838
0,04147291
0,01116395
-0,3449239
0,005967915
0,0220418
-0,2866045
0,08668602
0,0220418
-0,2866045
0,08668602
0,0169456
-0,8262202
0,1416937
0,01105666
-0,4093111
0,09766519
0,01105666
-0,4093111
0,09766519
0,02515912
-0,5860262
-0,0279665
0,02849698
-0,1022689
-0,04117191
0,02849698
-0,1022689
-0,04117191
0,03740191
-0,4125021
0,2151877
0,01146793
-0,2739891
0,1922578
0,01117587
-0,2545416
0,1460999
0,01117587
-0,2545416
0,1460999
0,01326799
-0,5742118
0,2557114
0,001913309
-0,3493078
0,1822919
0,001913309
-0,3493078
0,1822919
0,006723404
-0,6562345
0,4153252
-0,005352497
-0,3340676
0,1901001
-0,005352497
-0,3340676
0,1901001
0,009971857
-0,5398601
0,5131692
-0,01506209
-0,3993221
0,2519831
-0,02710223
-0,4653394
0,1965955
-0,02710223
-0,4653394
0,1965955
-0,0505209
-0,8233175
0,2270795
-0,01729727
-0,3064886
0,09229183
-0,01729727
-0,3064886
0,09229183
-0,01149774
-0,4412383
0,5068429
0,002247095
-0,1679689
0,1920596
0,002247095
-0,1679689
0,1920596
-0,02800822
-0,4823163
0,2170876
-0,01683831
-0,2727956
0,1473196
-0,01683831
-0,2727956
0,1473196
-0,03417134
-0,5285636
0,4076578
-0,004887581
-0,1589745
0,1389682
-0,005966425
-0,1722202
0,2186909
-0,005966425
-0,1722202
0,2186909
-0,00898838
-0,3341943
0,4024982
-0,01496077
-0,2096742
0,1489721
-0,01496077
-0,2096742
0,1489721
-0,1182854
-0,8141473
0,4420459
-0,06245971
-0,3962621
0,3405169
-0,06245971
-0,3962621
0,3405169
-0,06815791
-0,4883349
0,5919471
-0,003606081
-0,1000762
0,2389014
-0,003606081
-0,1000762
0,2389014
-0,005668402
-0,2091125
0,6676413
-0,05168915
-0,2923593
0,4495535
-0,04912615
-0,2703145
0,424004
-0,04912615
-0,2703145
0,424004
-0,0664413
-0,4139796
0,4174922
-0,01396537
-0,117667
0,2492223
-0,01396537
-0,117667
0,2492223
-0,02907515
-0,1986057
0,7557501
-0,01705885
-0,09090751
0,4685462
-0,01705885
-0,09090751
0,4685462
-0,05639791
-0,2796948
0,5368958
-0,0192225
-0,09554178
0,2774161
0,007843971
0,004269183
0,2110479
0,007843971
0,004269183
0,2110479
0,02741814
0,03870726
0,3601125
0,03416538
0,1164049
0,2386933
0,03416538
0,1164049
0,2386933
0,006443262
0,08046627
0,6794552
-0,01878738
-0,05702674
0,2182366
-0,01878738
-0,05702674
0,2182366
0,03714561
0,1719102
0,3980871
0,01764297
0,09022951
0,2285365
-0,01376867
-0,01248717
0,2959896
-0,01376867
-0,01248717
0,2959896
0,01636147
0,2058432
0,7102713
0,01409054
0,1541153
0,3815211
0,01409054
0,1541153
0,3815211
0,002104044
0,2130881
0,6659694
0,006645918
0,1170725
0,2642412
0,006645918
0,1170725
0,2642412
0,05976558
0,400354
0,4663203
-0,0151217
0,0842005
0,3854044
-0,0151217
0,0842005
0,3854044
-0,01705289
0,2601206
0,8262392
0,008916855
0,1932576
0,3640451
0,0253737
0,1956537
0,2189547
0,0253737
0,1956537
0,2189547
0,1232147
0,6229445
0,2683379
0,03948212
0,2885669
0,2494134
0,03948212
0,2885669
0,2494134
-0,011307
0,3486261
0,7489651
-0,006061792
0,189352
0,3894351
-0,006061792
0,189352
0,3894351
0,09843707
0,5685359
0,2678663
0,05451441
0,2959907
0,08407533
0,01985431
0,2554193
0,2460621
0,01985431
0,2554193
0,2460621
0,05837679
0,6172791
0,4637212
0,02735257
0,3465131
0,270509
0,02735257
0,3465131
0,270509
-0,006318092
0,4437
0,5849466
0,01304746
0,2175868
0,1802884
0,01304746
0,2175868
0,1802884
0,112021
0,6888211
0,1098119
0,04023314
0,2604306
0,0404574
0,04023314
0,2604306
0,0404574
0,026685
0,5620867
0,414402
-0,003528595
0,2627775
0,2574839
-0,004959106
0,2846427
0,2724081
-0,004959106
0,2846427
0,2724081
0,04157424
0,5726814
0,2174012
0,04757643
0,3286876
-0,01530722
0,04757643
0,3286876
-0,01530722
0,0749886
0,7813469
0,1329437
0,005865097
0,3503092
0,1829393
0,005865097
0,3503092
0,1829393
-0,01369715
0,6751746
0,4440293
0,0002801418
0,3667414
0,1881525
0,0002801418
0,3667414
0,1881525
0,04717112
0,7822044
0,1303293
0,03329515
0,4401617
0,0309594
0,0335753
0,4305705
0,01112372
0,0335753
0,4305705
0,01112372
0,02476573
0,8264676
0,1923852
0,002264977
0,4108697
0,134179
0,002264977
0,4108697
0,134179
-0,03764033
0,764516
0,4277892
0,002366304
0,4187569
0,09859651
0,002366304
0,4187569
0,09859651
0,06161928
0,9676583
-0,05897358
0,03785491
0,6120369
-0,04339963
0,01980662
0,4889082
-0,006465614
0,01980662
0,4889082
-0,006465614
-0,06700158
0,8634567
0,4538111
-0,05356073
0,3899373
0,2901018
-0,05356073
0,3899373
0,2901018
-0,007390976
0,8582999
0,08065253
0,02214909
0,4527223
-0,08435845
0,02214909
0,4527223
-0,08435845
-0,01388192
0,9597086
0,06550178
-0,01357198
0,5234443
0,04878417
-0,007396936
0,5251635
0,005412102
-0,007396936
0,5251635
0,005412102
-0,07959604
0,9062823
0,2918586
-0,05794168
0,4052039
0,2132565
-0,05794168
0,4052039
0,2132565
-0,04125834
0,6251741
0,04286617
-0,01350045
0,4230011
-0,01679361
-0,01350045
0,4230011
-0,01679361
-0,02471209
1,028165
-0,06903559
-0,03810525
0,4589692
0,08528233
-0,05099773
0,4260413
0,1393214
-0,05099773
0,4260413
0,1393214
-0,1516044
0,5347617
0,5306393
-0,05389452
0,2792485
0,140202
-0,05389452
0,2792485
0,140202
-0,08026361
0,5994894
0,1199484
-0,06335974
0,405924
0,1316786
-0,06335974
0,405924
0,1316786
-0,1614988
0,7226281
0,429824
-0,1054525
0,35678
0,3217772
-0,1054525
0,35678
0,3217772
-0,2464414
0,67738
0,7649228
-0,076437
0,2217531
0,1950845
-0,03399849
0,2417438
0,01613945
-0,03399849
0,2417438
0,01613945
-0,1473665
0,8700051
0,2222151
-0,1181185
0,4793614
0,2665102
-0,1181185
0,4793614
0,2665102
-0,3271699
1,087008
0,8075416
-0,1157939
0,4171863
0,2435505
-0,1157939
0,4171863
0,2435505
-0,07845759
0,6073952
-0,01868755
-0,04951358
0,2856612
0,02893358
-0,06533861
0,1780927
0,1357928
-0,06533861
0,1780927
0,1357928
-0,2350092
0,2574235
0,6998971
-0,1287818
0,2044111
0,352487
-0,1287818
0,2044111
0,352487
-0,1707792
0,3424525
0,4508764
0,01433492
0,03059059
-0,04009008
0,01433492
0,03059059
-0,04009008
-0,09573102
0,2007231
0,2816021
-0,09647012
0,008147955
0,3499269
-0,09647012
0,008147955
0,3499269
-0,1645207
0,1172751
0,549598
-0,05310178
0,07261038
0,1769185
-0,04397631
0,07208288
0,1466423
-0,04397631
0,07208288
0,1466423
-0,06220937
-0,04789233
0,2751425
-0,08672476
0,05999804
0,2900481
-0,08672476
0,05999804
0,2900481
-0,1542926
0,04614145
0,5225658
-0,07020235
-0,04768372
0,2617821
-0,07020235
-0,04768372
0,2617821
-0,1384079
-0,004987419
0,4561245
-0,05556345
0,07587671
0,1502171
-0,08019805
0,1359552
0,1981318
-0,08019805
0,1359552
0,1981318
-0,2412558
0,1493677
0,674744
-0,1689196
0,0008240342
0,4906029
-0,1689196
0,0008240342
0,4906029
-0,1687765
-0,2231896
0,5725339
-0,03848076
0,05435646
0,0895977
-0,03848076
0,05435646
0,0895977
-0,1165867
-0,02756119
0,3497183
-0,1126707
-0,1030296
0,3589451
-0,1126707
-0,1030296
0,3589451
-0,1981854
-0,1958981
0,6371051
-0,08898973
-0,1177266
0,2997696
-0,04972219
-0,2236903
0,2304077
-0,04972219
-0,2236903
0,2304077
-0,09731054
-0,2745867
0,3808916
-0,04954338
-0,01705885
0,142175
-0,04954338
-0,01705885
0,142175
-0,08510947
-0,3228113
0,344789
-0,08506775
-0,1834974
0,2898693
-0,08506775
-0,1834974
0,2898693
-0,2202749
-0,1876503
0,6509364
-0,1321614
-0,00538528
0,3411949
-0,1524568
-0,01409352
0,3853649
-0,1524568
-0,01409352
0,3853649
-0,2541542
-0,08541048
0,6514192
0,03579855
-0,4098117
0,05740821
0,03579855
-0,4098117
0,05740821
0,01332164
-0,5637318
0,1687676
-0,07765293
-0,1259103
0,2236933
-0,07765293
-0,1259103
0,2236933
-0,2304196
-0,3027663
0,6188512
-0,1371145
-0,06576926
0,3318012
-0,1371145
-0,06576926
0,3318012
-0,01912117
-0,5959943
0,221622
0,1046062
-0,3677621
-0,1187831
0,01812577
-0,1094058
0,003677607
0,01812577
-0,1094058
0,003677607
-0,07046461
-0,4455626
0,2777696
-0,06060004
-0,1858041
0,1850694
-0,06060004
-0,1858041
0,1850694
-0,1762748
-0,4199833
0,4883826
-0,09017587
-0,1521304
0,236237
-0,09017587
-0,1521304
0,236237
-0,07372499
-0,4195154
0,2788544
0,009173155
-0,4131183
0,07818043
-0,01680851
-0,3561765
0,1191854
-0,01680851
-0,3561765
0,1191854
-0,2028048
-0,45463
0,5135745
-0,1565874
-0,2209231
0,3621221
-0,1565874
-0,2209231
0,3621221
-0,2152026
-0,3094822
0,5024135
0,02088547
-0,1612827
0,003165007
0,02088547
-0,1612827
0,003165007
0,1625359
-0,2031781
-0,2527386
0,05556345
-0,3432892
-0,03019273
0,01211762
-0,3471293
0,05022287
0,01211762
-0,3471293
0,05022287
-0,05628467
-0,5946093
0,2253771
0,04657507
-0,1841694
-0,05029142
0,04657507
-0,1841694
-0,05029142
0,121361
-0,5216539
-0,1415968
0,02988577
-0,3120005
-0,004222989
0,02988577
-0,3120005
-0,004222989
0,03771782
-0,6812572
0,03413558
0,01457334
-0,3272101
0,02045035
0,01457334
-0,3272101
0,02045035
-0,002962351
-0,7241257
0,1049668
0,01761317
-0,2866477
0,001755357
-0,002574921
-0,1763444
0,03658235
-0,002574921
-0,1763444
0,03658235
-0,04664063
-0,5110461
0,1588047
-0,005573034
-0,3547214
0,04782677
-0,005573034
-0,3547214
0,04782677
0,04511476
-0,7061347
-0,02326667
-0,06521344
-0,336881
0,1604438
-0,06521344
-0,336881
0,1604438
-0,1392543
-0,5505881
0,3266543
0,03245473
-0,09911656
-0,03101826
0,02459288
-0,2226055
-0,01358092
0,02459288
-0,2226055
-0,01358092
0,07688403
-0,6206686
-0,08796155
-0,00154376
-0,4073691
0,01989305
-0,00154376
-0,4073691
0,01989305
-0,1132786
-0,5722575
0,2580881
-0,01028776
-0,2607591
0,04030168
-0,01028776
-0,2607591
0,04030168
0,1948595
-0,6342817
-0,3461838
0,093472
-0,2610166
-0,1597732
0,093472
-0,2610166
-0,1597732
0,05422831
-0,7502578
-0,09424388
-0,02897978
-0,4719261
0,03849268
-0,03364682
-0,407435
0,05491674
-0,03364682
-0,407435
0,05491674
0,05600452
-0,5866222
-0,1067758
0,06938577
-0,183212
-0,1083136
0,06938577
-0,183212
-0,1083136
0,08648038
-0,7076957
-0,1589119
0,0290215
-0,4892424
-0,08045137
0,0290215
-0,4892424
-0,08045137
0,07067919
-1,050724
-0,2263397
0,03172159
-0,3721885
-0,08890033
0,05164742
-0,2258919
-0,08589029
0,05164742
-0,2258919
-0,08589029
0,1153648
-0,6643414
-0,241977
0,08051395
-0,288552
-0,1533091
0,08051395
-0,288552
-0,1533091
0,1162946
-0,5429484
-0,1941323
0,04366636
-0,5074673
-0,142765
0,04366636
-0,5074673
-0,142765
0,1010001
-0,8116238
-0,2934545
0,07823706
-0,0931941
-0,1070589
0,1009643
-0,09304211
-0,1509011
0,1009643
-0,09304211
-0,1509011
0,1277089
-0,3328107
-0,1928091
0,04873276
-0,2229489
-0,09261072
0,04873276
-0,2229489
-0,09261072
0,0875175
-0,5250946
-0,1939863
0,06551743
-0,2780721
-0,1563311
0,06551743
-0,2780721
-0,1563311
0,1771748
-0,2973013
-0,3252834
0,09170175
-0,1967683
-0,1916379
0,09170175
-0,1967683
-0,1916379
0,1310587
-0,3280483
-0,2640814
0,04969239
-0,1893014
-0,123176
0,04104972
-0,1893297
-0,1119971
0,04104972
-0,1893297
-0,1119971
0,03066659
-0,4319176
-0,1478225
0,0006318092
-0,2291262
-0,04913807
0,0006318092
-0,2291262
-0,04913807
0,1234591
-0,3634751
-0,334391
0,07773042
-0,1594439
-0,2004623
0,07773042
-0,1594439
-0,2004623
0,06697774
-0,3437385
-0,2285719
0,01003742
-0,1876518
-0,08020699
0,01003742
-0,1876518
-0,08020699
0,114733
-0,3769368
-0,4015803
0,05781651
-0,1838401
-0,2051681
0,04745126
-0,2044946
-0,2021968
0,04745126
-0,2044946
-0,2021968
0,1182199
-0,3314465
-0,4475683
0,04107952
-0,1868963
-0,210312
0,04107952
-0,1868963
-0,210312
0,1275897
-0,5632713
-0,6633282
0,0892818
-0,1627937
-0,3355533
0,0892818
-0,1627937
-0,3355533
0,1146257
-0,179711
-0,4444242
0,04262924
-0,2289936
-0,2767354
0,08177757
-0,1981467
-0,3613144
0,08177757
-0,1981467
-0,3613144
0,1936853
-0,1002342
-0,6335348
0,06924868
0,004138052
-0,2220184
0,06924868
0,004138052
-0,2220184
0,1147509
-0,2103209
-0,5268872
0,1258969
-0,03217757
-0,4069924
0,1258969
-0,03217757
-0,4069924
0,2417624
-0,3105417
-0,9735212
0,1263678
0,02838671
-0,383018
0,09256601
0,1637831
-0,1932859
0,09256601
0,1637831
-0,1932859
0,1050293
0,2539441
-0,2194732
0,03782511
0,005467236
-0,1578227
0,03782511
0,005467236
-0,1578227
0,2329946
0,01394153
-0,7852271
0,196439
0,1705751
-0,5371347
0,196439
0,1705751
-0,5371347
0,3034532
0,457485
-0,7570907
0,06908178
0,2063483
-0,1539692
0,06908178
0,2063483
-0,1539692
0,0189662
0,2498209
-0,05702227
0,05236864
0,079225
-0,20473
0,1210511
0,2286151
-0,3247529
0,1210511
0,2286151
-0,3247529
0,2496779
0,5630121
-0,6149963
0,1192033
0,3207788
-0,2825186
0,1192033
0,3207788
-0,2825186
0,1287758
0,4891723
-0,3305778
0,04560947
0,2161652
-0,1245424
0,04560947
0,2161652
-0,1245424
0,0631094
0,2365202
-0,2936438
0,06633401
0,2707303
-0,1749754
0,08794665
0,363721
-0,1976639
0,08794665
0,363721
-0,1976639
0,1168966
0,6288618
-0,3120959
0,04500151
0,3175437
-0,1083836
0,04500151
0,3175437
-0,1083836
0,08040071
0,5305328
-0,2603933
0,03125072
0,2896093
-0,0850454
0,03125072
0,2896093
-0,0850454
0,1205802
0,591261
-0,4082859
0,06037354
0,3261879
-0,1922056
0,06037354
0,3261879
-0,1922056
0,04339814
0,6384649
-0,09913594
-8,34465E-05
0,2246238
-0,02887696
0,02078414
0,2608441
-0,1024529
0,02078414
0,2608441
-0,1024529
0,09091496
0,5627118
-0,4261568
0,04685521
0,3998026
-0,1723871
0,04685521
0,3998026
-0,1723871
0,02442002
0,482104
-0,2447963
-0,01049638
0,1557402
-0,07745326
-0,01049638
0,1557402
-0,07745326
0,01395941
0,4675016
-0,2593517
0,004577637
0,3312401
-0,1170635
0,002467632
0,3755234
-0,1063362
0,002467632
0,3755234
-0,1063362
-0,06129146
0,4281119
-0,09209365
-0,01117587
0,1304969
-0,1544446
-0,01117587
0,1304969
-0,1544446
-0,02129078
0,4106432
-0,249216
-0,03820658
0,2433605
0,006571412
-0,03820658
0,2433605
0,006571412
-0,06561279
0,4820243
-0,03042519
0,02433062
0,1687653
-0,2813175
0,04112124
0,1443006
-0,357841
0,04112124
0,1443006
-0,357841
0,0131309
0,164406
-0,4607052
-0,04432201
0,1607411
0,03479719
-0,04432201
0,1607411
0,03479719
-0,09341836
0,5542822
0,1560047
-0,005823374
0,1381934
-0,1482785
-0,005823374
0,1381934
-0,1482785
0,03900528
0,05355403
-0,5830139
0,02315044
0,2058126
-0,2514184
0
0
0
0
0
0
0,003296137
0,473338
-0,96284
0,0289619
-0,04083253
-0,323268
0,0289619
-0,04083253
-0,323268
0,05441308
-0,3128898
-0,6983258
0,007545948
0,09677522
-0,163012
-0,01041293
0,242186
-0,00750497
-0,01041293
0,242186
-0,00750497
-0,02868176
0,1388982
0,02078786
0,01029372
0,05722009
-0,2717644
0,01029372
0,05722009
-0,2717644
0,02030134
0,1730919
-0,4855953
0,01453757
0,03391206
-0,2513923
0,01453757
0,03391206
-0,2513923
-0,01527667
0,182138
-0,1309119
-0,01862645
-0,06636716
0,0716649
-0,01986623
-0,09066053
0,01633167
-0,01986623
-0,09066053
0,01633167
-0,03861189
-0,1877125
-0,2292387
-0,00666976
-0,02491884
-0,1487896
-0,00666976
-0,02491884
-0,1487896
0,01339912
0,1722425
-0,556513
-0,005710125
0,04893951
-0,05890429
-0,005710125
0,04893951
-0,05890429
-0,02156496
-0,02033971
-0,2228856
0,001299381
0,03446862
-0,1583144
0,01630187
0,07082038
-0,2527729
0,01630187
0,07082038
-0,2527729
0,04169345
0,1584109
-0,5182423
0,01756549
0,01030266
-0,220155
0,01756549
0,01030266
-0,220155
0,04268289
0,1724768
-0,4494101
0,01934171
0,05734339
-0,2313577
0,01934171
0,05734339
-0,2313577
0,0166893
-0,006679073
-0,3309026
-0,007379055
0,004225224
0,004653633
-0,007379055
0,004225224
0,004653633
-0,009638071
0,005143136
-0,2149865
-0,00478076
0,1423342
-0,2048649
-0,006896093
0,1650632
-0,1815748
-0,006896093
0,1650632
-0,1815748
-0,06967846
-0,03134439
-0,4067302
-0,08668952
-0,004255891
-0,06874767
-0,08668952
-0,004255891
-0,06874767
-0,04797891
-0,05141446
-0,0699513
-0,02660112
-0,05431718
-0,09280658
-0,02660112
-0,05431718
-0,09280658
-0,1045889
0,04761481
-0,0700857
-0,1261851
-0,01078328
-0,1815107
-0,008274168
-0,1177194
-0,3563017
-0,008274168
-0,1177194
-0,3563017
-0,105299
-0,09090889
-0,3428601
-0,03686363
0,02321455
-0,1794478
-0,03686363
0,02321455
-0,1794478
-0,06631958
0,01776966
-0,1950287
0,005141497
-0,05546761
-0,2656691
0,005141497
-0,05546761
-0,2656691
-0,06952792
-0,04749018
-0,3154643
0,0815165
0,5600515
-0,5913492
0,0815165
0,5600515
-0,5913492
-0,02818745
0,009123072
-0,4923329
0,0357635
-0,006002387
-0,2110291
0,0224449
-0,02020404
-0,04286206
0,0224449
-0,02020404
-0,04286206
0,01229537
-0,009007029
-0,07756674
0,06636298
-0,01315305
-0,3104135
0,06636298
-0,01315305
-0,3104135
0,2135928
-0,3184273
-1,166717
0,08041048
0,3000452
-0,6860047
0,08041048
0,3000452
-0,6860047
0,1798331
-0,2975526
-0,2165919
-0,02938575
-0,02901151
0,02778364
0,008766949
-0,02977937
-0,03433496
0,008766949
-0,02977937
-0,03433496
0,09443322
-0,01847077
-0,2223786
0,4422
-0,1066911
-0,3207944
0,4422
-0,1066911
-0,3207944
-0,045228
0,05628542
-0,5003497
-0,03225803
-0,1436502
-0,1610771
-0,03225803
-0,1436502
-0,1610771
-0,06957054
-0,324142
-0,1673605
-0,03720522
-0,1114819
-0,1253583
-0,03720522
-0,1114819
-0,1253583
-0,05266666
0,01730435
-0,4559133
-0,01960397
0,06029308
-0,302735
-0,01991987
0,02436377
-0,3469888
-0,01991987
0,02436377
-0,3469888
-0,04923344
-0,1706969
-0,5757246
-0,02598166
-0,1718309
-0,2512351
-0,02598166
-0,1718309
-0,2512351
-0,03637075
-0,06310157
-0,2424426
-0,006657839
0,06685406
-0,2372377
-0,006657839
0,06685406
-0,2372377
0,007069111
0,287867
-0,6660774
-0,002968311
0,07005855
-0,3133737
-0,009554625
0,01502372
-0,2327599
-0,009554625
0,01502372
-0,2327599
-0,02866387
0,01193695
-0,3741279
-0,01545548
0,01739152
-0,1788169
-0,01545548
0,01739152
-0,1788169
-0,0290513
0,06452799
-0,463888
-0,01464486
0,07498749
-0,3386214
-0,01464486
0,07498749
-0,3386214
-0,03570318
0,108175
-0,5372882
-0,02270937
-0,03314018
-0,1527652
-0,02426505
-0,1267787
-0,08092448
-0,02426505
-0,1267787
-0,08092448
-0,03470182
-0,08455478
-0,1898363
-0,01701117
0,1122441
-0,3629766
-0,01701117
0,1122441
-0,3629766
-0,03005862
0,159293
-0,7461876
-0,02055168
0,05647056
-0,3125817
-0,02055168
0,05647056
-0,3125817
-0,03249049
0,1429815
-0,293342
-0,01234412
0,03861636
-0,04252866
-0,01234412
0,03861636
-0,04252866
-0,03241301
-0,08915216
-0,07411391
-0,01983047
0,05675331
-0,1565829
-0,01811385
0,2595857
-0,2471462
-0,01811385
0,2595857
-0,2471462
-0,04009604
0,2327386
-0,4378691
-0,01766086
-0,04522428
-0,09935647
-0,01766086
-0,04522428
-0,09935647
-0,02092123
-0,05494915
-0,02059639
-0,02734661
-0,03058873
-0,1811892
-0,02734661
-0,03058873
-0,1811892
-0,08753538
-0,1135048
-0,7563397
-0,02933741
-0,02289861
-0,3072575
-0,02348423
-0,01226738
-0,2346396
-0,02348423
-0,01226738
-0,2346396
-0,0651598
-0,2233632
-0,5213886
-0,03858805
-0,07883459
-0,301674
-0,03858805
-0,07883459
-0,301674
-0,07600784
-0,2244234
-0,4331514
-0,03402233
-0,05785115
-0,2065808
-0,03402233
-0,05785115
-0,2065808
-0,07373691
0,06618537
-0,6525651
-0,02849698
0,09776019
-0,3063753
-0,02849698
0,09776019
-0,3063753
-0,06622076
-0,1101024
-0,5011931
-0,02424121
-0,08084886
-0,1514524
-0,02378225
-0,02813004
-0,1964539
-0,02378225
-0,02813004
-0,1964539
-0,03831387
0,1130577
-0,4708022
-0,0169456
0,03409944
-0,2225965
-0,0169456
0,03409944
-0,2225965
-0,008761883
0,1238652
-0,4437089
-0,01692176
-0,07553548
-0,293237
-0,01692176
-0,07553548
-0,293237
-0,02838373
-0,1419172
-0,5403474
-0,0028193
-0,08172393
-0,162527
0,002318621
0,03173277
-0,1754537
0,002318621
0,03173277
-0,1754537
-0,006908178
0,08022934
-0,466454
-0,01474023
0,03640279
-0,3111601
-0,01474023
0,03640279
-0,3111601
-0,006502867
-0,01154989
-0,4334182
0,008642673
-0,02283193
-0,1086265
0,008642673
-0,02283193
-0,1086265
-0,004094839
-0,0891801
-0,2998203
-0,02090335
0,001975521
-0,3080294
-0,02090335
0,001975521
-0,3080294
-0,004243851
0,08107945
-0,2147466
-0,00217557
0,01488738
-0,1224801
0,004172325
0,0289537
-0,1408517
0,004172325
0,0289537
-0,1408517
-0,04142523
-0,1648583
-0,5302697
-0,04538143
0,02544882
-0,1015976
-0,04538143
0,02544882
-0,1015976
-0,04407727
0,02072657
-0,4476423
-0,01948829
-0,03077266
-0,1081254
-0,01948829
-0,03077266
-0,1081254
-0,05320185
-0,05304936
-0,3185369
-0,04038265
0,1139338
-0,2925981
-0,0296091
0,08277626
-0,2500464
-0,0296091
0,08277626
-0,2500464
-0,02747097
0,008727117
-0,3881145
0,1015353
-0,03207005
-0,2378881
0,1015353
-0,03207005
-0,2378881
0,01386404
0,04299209
0,06830096
-0,03182292
0,0230521
-0,1988441
-0,03182292
0,0230521
-0,1988441
-0,07150173
0,2302896
-0,5234182
-0,01441836
0,002687052
-0,125578
-0,01441836
0,002687052
-0,125578
-0,01345873
-0,006720796
-0,1480371
-0,02052784
0,0563696
-0,1818001
-0,01490712
0,0007450581
-0,1189023
-0,01490712
0,0007450581
-0,1189023
-0,07804036
-0,07062033
-0,4799783
-0,05989075
-0,0009100884
-0,3544182
-0,05989075
-0,0009100884
-0,3544182
-0,0777781
0,06494112
-0,4886925
-0,02906919
0,008059666
-0,1754999
-0,02906919
0,008059666
-0,1754999
-0,05497336
-0,02585724
-0,3160655
-0,01382232
0,01816973
-0,08573532
-0,01090765
-0,004424527
-0,06352663
-0,01090765
-0,004424527
-0,06352663
-0,09285808
0,02279058
-0,4920453
-0,08288026
0,07003061
-0,4256338
-0,08288026
0,07003061
-0,4256338
-0,1216233
0,1401454
-0,623247
-0,05303025
-0,01345351
-0,2533793
-0,05303025
-0,01345351
-0,2533793
-0,03021955
0,01931041
-0,1693755
-0,06258488
0,03439747
-0,277707
-0,06258488
0,03439747
-0,277707
-0,1438022
0,2881128
-0,6523341
-0,07570386
0,1118738
-0,3301412
-0,06377697
0,07182658
-0,2788275
-0,06377697
0,07182658
-0,2788275
-0,06425381
0,1243591
-0,3282368
-0,07071495
0,09611621
-0,2966404
-0,07071495
0,09611621
-0,2966404
-0,1644373
0,2714328
-0,6668955
-0,07990599
0,09946302
-0,3183007
-0,07990599
0,09946302
-0,3183007
-0,1864076
0,1759179
-0,7060856
closestDistance
0,7688188
0,7584918
0,7584918
0,7443014
0,7381995
0,7381995
0,7302744
0,7282889
0,7282889
0,725112
0,7220586
0,7190794
0,7190794
0,7162582
0,7152601
0,7152601
0,7178113
0,7156104
0,7156104
0,7035505
0,6977771
0,6977771
0,6850475
0,680485
0,6820002
0,6820002
0,6957202
0,7012352
0,7012352
0,697845
0,693132
0,693132
0,6901596
0,6925018
0,6942851
0,6942851
0,7014162
0,7100663
0,7100663
0,723473
0,7267068
0,7267068
0,7317486
0,7309212
0,7309212
0,7270516
0,7236395
0,7201676
0,7201676
0,7158213
0,7144386
0,7144386
0,7079248
0,7038721
0,7038721
0,6938343
0,6897919
0,6865895
0,6865895
0,684274
0,6880052
0,6880052
0,6924194
0,6930446
0,6930446
0,6889666
0,6860827
0,6855786
0,6855786
0,686131
0,6863866
0,6863866
0,6915659
0,6949936
0,6949936
0,695767
0,6944294
0,6944294
0,692665
0,6904866
0,688898
0,688898
0,6868346
0,6849248
0,6849248
0,679151
0,6756094
0,6756094
0,665225
0,6613284
0,66
0,66
0,6634461
0,6644721
0,6644721
0,6637557
0,6634268
0,6634268
0,6613116
0,6590204
0,6590204
0,6549645
0,6563956
0,6574032
0,6574032
0,6607479
0,6600367
0,6600367
0,658295
0,6572222
0,6572222
0,6560533
0,6554892
0,6545507
0,6545507
0,6523907
0,6518368
0,6518368
0,6475037
0,6441825
0,6441825
0,6398338
0,6392103
0,6392103
0,6360387
0,6353717
0,6343031
0,6343031
0,6320005
0,628785
0,628785
0,622502
0,6213208
0,6213208
0,6213062
0,6204916
0,6169208
0,6169208
0,6093848
0,6083427
0,6083427
0,6047552
0,6024643
0,6024643
0,5968772
0,5906239
0,583205
0,583205
0,5754387
0,5725837
0,5725837
0,569847
0,5663815
0,5663815
0,5572031
0,5527998
0,5527998
0,5484296
0,5490403
0,5475793
0,5475793
0,5382089
0,5321061
0,5321061
0,5260309
0,5224384
0,5224384
0,5159813
0,5127699
0,5105414
0,5105414
0,5087469
0,508113
0,508113
0,5023103
0,4976546
0,4976546
0,4913012
0,4904159
0,4904159
0,4913482
0,4907402
0,4875338
0,4875338
0,4787797
0,4728769
0,4728769
0,4693282
0,4657767
0,4657767
0,4556189
0,4496955
0,4438886
0,4438886
0,4374146
0,4341105
0,4341105
0,4262576
0,4166062
0,4166062
0,4068632
0,4033537
0,4033537
0,3949489
0,3908824
0,3870103
0,3870103
0,3754893
0,3698484
0,3698484
0,362171
0,3587821
0,3587821
0,3524573
0,3487146
0,3421766
0,3421766
0,3306869
0,3265776
0,3265776
0,3202934
0,3169911
0,3169911
0,3078505
0,3073573
0,3061163
0,3061163
0,303077
0,2988641
0,2988641
0,2900145
0,2848803
0,2848803
0,2783197
0,277693
0,277693
0,2699868
0,2627743
0,2560783
0,2560783
0,2459649
0,2432522
0,2432522
0,2360649
0,2328034
0,2328034
0,2257035
0,2232527
0,2226643
0,2226643
0,2226433
0,2226191
0,2226191
0,2162794
0,2120777
0,2120777
0,2127522
0,2151248
0,2151248
0,212596
0,2102176
0,2085833
0,2085833
0,2105051
0,2103236
0,2103236
0,207427
0,2043067
0,2043067
0,1999247
0,202407
0,2056333
0,2056333
0,2034872
0,204703
0,204703
0,202554
0,2025812
0,2025812
0,2035176
0,2057792
0,2057792
0,2153447
0,2161082
0,2166592
0,2166592
0,2234707
0,2254823
0,2254823
0,231511
0,2348228
0,2348228
0,2434627
0,2476677
0,2517681
0,2517681
0,2581709
0,2603651
0,2603651
0,2629427
0,2659653
0,2659653
0,2743316
0,2785624
0,2797563
0,2797563
0,2853277
0,2888305
0,2888305
0,3004453
0,3115579
0,3115579
0,3419892
0,3586208
0,3586208
0,3487416
0,3498649
0,3596228
0,3596228
0,3648944
0,3608081
0,3608081
0,3571948
0,3562183
0,3562183
0,3527538
0,3512158
0,350945
0,350945
0,3458229
0,342951
0,342951
0,3404146
0,3380518
0,3380518
0,3368333
0,3363204
0,3363204
0,3319248
0,3301236
0,3295782
0,3295782
0,3282307
0,3288885
0,3288885
0,3313418
0,3318171
0,3318171
0,3264446
0,3215311
0,3154007
0,3154007
0,2995585
0,2909215
0,2909215
0,2777299
0,2746328
0,2746328
0,2710947
0,2658234
0,2658234
0,2502187
0,2418595
0,2337476
0,2337476
0,2190951
0,216437
0,216437
0,223512
0,2285404
0,2285404
0,2241654
0,2162519
0,2105476
0,2105476
0,2106195
0,2117632
0,2117632
0,2147027
0,2137756
0,2137756
0,2031971
0,197053
0,1929198
0,1929198
0,1992071
0,206139
0,206139
0,2178437
0,2223838
0,2223838
0,2267734
0,2271466
0,2271466
0,234623
0,2414883
0,2476913
0,2476913
0,2620167
0,2688113
0,2688113
0,2769921
0,2801584
0,2801584
0,2878481
0,2929722
0,2992094
0,2992094
0,3096072
0,3132495
0,3132495
0,3159391
0,3221916
0,3221916
0,3366973
0,3440094
0,3440094
0,3563156
0,3619003
0,365373
0,365373
0,3720707
0,3779482
0,3779482
0,3855517
0,3885656
0,3885656
0,3982423
0,4038784
0,4082441
0,4082441
0,41585
0,4200204
0,4200204
0,4361481
0,4436888
0,4436888
0,4530897
0,456934
0,456934
0,4645207
0,4706564
0,477896
0,477896
0,4933863
0,5015214
0,5015214
0,5072615
0,5113634
0,5113634
0,5229865
0,5335792
0,5367665
0,5367665
0,544191
0,5479153
0,5479153
0,555758
0,5602491
0,5602491
0,5669243
0,5662598
0,5662598
0,5667834
0,5692361
0,5738494
0,5738494
0,5818651
0,5817955
0,5817955
0,5860905
0,5913609
0,5913609
0,6007369
0,6047537
0,6065304
0,6065304
0,6085971
0,6097634
0,6097634
0,6156666
0,6179269
0,6179269
0,6246728
0,6297793
0,6319939
0,6319939
0,6347308
0,6357816
0,6357816
0,6399525
0,6447605
0,6447605
0,6604845
0,6561877
0,6561877
0,6464974
0,6431363
0,6433384
0,6433384
0,6485374
0,6491445
0,6491445
0,6439917
0,6438465
0,6438465
0,6458963
0,6459068
0,6439404
0,6439404
0,6360655
0,6355678
0,6355678
0,6324637
0,6308274
0,6308274
0,6298906
0,6306316
0,6306316
0,6252609
0,6216549
0,6172324
0,6172324
0,6141796
0,6130267
0,6130267
0,6090674
0,6086076
0,6086076
0,6065933
0,6034778
0,60119
0,60119
0,5984645
0,5975206
0,5975206
0,5933224
0,5895657
0,5895657
0,5762329
0,5733336
0,5733336
0,5709178
0,5675257
0,5655469
0,5655469
0,5614693
0,5569217
0,5569217
0,5462453
0,5416779
0,5416779
0,537677
0,5351828
0,5303792
0,5303792
0,52145
0,5174279
0,5174279
0,5096958
0,5068892
0,5068892
0,5018967
0,4977737
0,4977737
0,4866418
0,4822702
0,4789852
0,4789852
0,4748809
0,4731148
0,4731148
0,4598242
0,4542981
0,4542981
0,4470805
0,4444319
0,4387407
0,4387407
0,4251204
0,420126
0,420126
0,4090199
0,4030938
0,4030938
0,3904853
0,3834735
0,37656
0,37656
0,3636891
0,3580647
0,3580647
0,3483487
0,3438052
0,3438052
0,3306029
0,3215505
0,3215505
0,3062843
0,3021905
0,2988806
0,2988806
0,2898793
0,2829732
0,2829732
0,2695589
0,2681096
0,2681096
0,2714664
0,2711229
0,2702959
0,2702959
0,2705572
0,2711458
0,2711458
0,2747494
0,2762512
0,2762512
0,2789661
0,2810229
0,2810229
0,2850705
0,286929
0,2871027
0,2871027
0,2901262
0,291481
0,291481
0,2968456
0,298544
0,298544
0,2985251
0,2977764
0,2977709
0,2977709
0,2993701
0,3001379
0,3001379
0,3009934
0,3020345
0,3020345
0,3011209
0,3026737
0,3061645
0,3061645
0,3146415
0,3178779
0,3178779
0,3180479
0,3182929
0,3182929
0,323214
0,325833
0,325833
0,329849
0,3309948
0,3315854
0,3315854
0,3332152
0,3353579
0,3353579
0,3453109
0,3493578
0,3493578
0,3534255
0,353504
0,353504
0,3528106
0,3554169
0,3580502
0,3580502
0,3637118
0,3647782
0,3647782
0,3654338
0,3655445
0,3655445
0,3693678
0,3705344
0,3700012
0,3700012
0,3686058
0,3659881
0,3659881
0,3636653
0,3646315
0,3646315
0,3611855
0,3594481
0,3597803
0,3597803
0,3563972
0,3539704
0,3539704
0,3512114
0,3496384
0,3496384
0,3433971
0,3431432
0,3431432
0,3417123
0,3398917
0,3374228
0,3374228
0,3275063
0,3237712
0,3237712
0,3225319
0,3220735
0,3220735
0,3143135
0,3099264
0,3076802
0,3076802
0,3015944
0,2985646
0,2985646
0,2975399
0,2961205
0,2961205
0,2869
0,2834986
0,2834986
0,2803372
0,2798784
0,2795054
0,2795054
0,2748447
0,2704334
0,2704334
0,2627257
0,2613052
0,2613052
0,2606043
0,2597951
0,2597951
0,2544776
0,2511688
0,2478608
0,2478608
0,2451644
0,2449145
0,2449145
0,2484193
0,2483613
0,2483613
0,2441012
0,2420506
0,2413465
0,2413465
0,2496172
0,2553126
0,2553126
0,2583077
0,2580009
0,2580009
0,2628125
0,2662081
0,2691978
0,2691978
0,280128
0,2867163
0,2867163
0,2921841
0,295368
0,295368
0,3034966
0,3093754
0,3159412
0,3159412
0,330004
0,3351859
0,3351859
0,3435677
0,3501695
0,3501695
0,36514
0,3742907
0,3742907
0,394123
0,3997694
0,4029059
0,4029059
0,416973
0,4270192
0,4270192
0,4530302
0,462075
0,462075
0,469801
0,474048
0,4784214
0,4784214
0,4921317
0,5000737
0,5000737
0,5113376
0,5111488
0,5111488
0,518019
0,5233696
0,5233696
0,5332272
0,5368693
0,5400462
0,5400462
0,5436447
0,5488944
0,5488944
0,5576169
0,5611259
0,5611259
0,5682875
0,5716215
0,5764689
0,5764689
0,5891466
0,5971201
0,5971201
0,6038528
0,6059797
0,6059797
0,6114625
0,6162682
0,6162682
0,6247995
0,6285931
0,6300691
0,6300691
0,6336763
0,6359732
0,6359732
0,6385987
0,6418189
0,6418189
0,6515238
0,6576124
0,6644474
0,6644474
0,6754855
0,6725923
0,6725923
0,6704258
0,6734414
0,6734414
0,6823551
0,6880536
0,6880536
0,6871799
0,6818484
0,6810119
0,6810119
0,682798
0,6849326
0,6849326
0,6912742
0,6947826
0,6947826
0,6972505
0,695942
0,6959255
0,6959255
0,7032891
0,7092219
0,7092219
0,7175388
0,7166488
0,7166488
0,710305
0,7077482
0,7068811
0,7068811
0,7084312
0,706481
0,706481
0,7010894
0,6995924
0,6995924
0,697419
0,6965556
0,6965556
0,6961153
0,6952003
0,6953894
0,6953894
0,6971749
0,6972148
0,6972148
0,6950383
0,6976984
0,6976984
0,7035558
0,7027109
0,7020627
0,7020627
0,6993909
0,6994212
0,6994212
0,704463
0,7051885
0,7051885
0,6977621
0,6944016
0,6944016
0,6927187
0,6939146
0,6954997
0,6954997
0,6940216
0,691998
0,691998
0,6899303
0,6893271
0,6893271
0,6874431
0,6867507
0,6856759
0,6856759
0,682996
0,6809191
0,6809191
0,6790804
0,6784185
0,6784185
0,6763867
0,6746431
0,6720245
0,6720245
0,6698307
0,669175
0,669175
0,668277
0,6668282
0,6668282
0,6621811
0,6596478
0,6596478
0,6565905
0,6554586
0,6545789
0,6545789
0,6547744
0,6554955
0,6554955
0,6517991
0,6491995
0,6491995
0,6475646
0,6475633
0,6475633
0,6431539
0,6408932
0,6389151
0,6389151
0,633619
0,6314791
0,6314791
0,6247754
0,6203493
0,6203493
0,6142358
0,6116676
0,6073778
0,6073778
0,5974404
0,5935766
0,5935766
0,5868345
0,58029
0,58029
0,5675091
0,5608757
0,5558195
0,5558195
0,5493081
0,5466582
0,5466582
0,533736
0,5231048
0,5231048
0,5056388
0,500756
0,500756
0,4969011
0,492698
0,4848579
0,4848579
0,4685482
0,4603637
0,4603637
0,4494941
0,4450473
0,4450473
0,437636
0,4317979
0,4246049
0,4246049
0,412712
0,4075635
0,4075635
0,3977344
0,3933651
0,3933651
0,3806714
0,3742834
0,3742834
0,3665831
0,364012
0,3599057
0,3599057
0,3476464
0,3413222
0,3413222
0,333077
0,33042
0,33042
0,3221846
0,317652
0,3131062
0,3131062
0,3084256
0,3046857
0,3046857
0,2974842
0,2961262
0,2961262
0,2928614
0,2867417
0,279344
0,279344
0,2698064
0,2696086
0,2696086
0,2701488
0,2667785
0,2667785
0,2554118
0,2499458
0,2227695
0,2227695
0,2031361
0,1970763
0,1970763
0,1845811
0,1812594
0,1805406
0,1805406
0,180549
0,1752932
0,1752932
0,1658739
0,1611228
0,1611228
0,1583744
0,1596789
0,1599585
0,1599585
0,1556063
0,1527776
0,1527776
0,1420718
0,1408632
0,1408632
0,136549
0,1335438
0,1288545
0,1288545
0,1194466
0,1155523
0,1155523
0,1077551
0,1038285
0,1038285
0,09819563
0,09820397
0,09820397
0,09440015
0,09093773
0,0880193
0,0880193
0,0803073
0,07808729
0,07808729
0,07621486
0,07420227
0,07420227
0,07174543
0,06720504
0,0609627
0,0609627
0,05410484
0,05078619
0,05078619
0,04637266
0,04259844
0,04259844
0,03694727
0,03612577
0,03612577
0,03364754
0,03457833
0,03437533
0,03437533
0,03339349
0,03692851
0,03692851
0,05356677
0,06680953
0,06680953
0,07181262
0,07101823
0,07181543
0,07181543
0,07651129
0,08635191
0,08635191
0,09475259
0,09743679
0,09743679
0,1003473
0,1025936
0,1025936
0,1106083
0,1160321
0,1224241
0,1224241
0,1334311
0,1384908
0,1384908
0,1431192
0,1474945
0,1474945
0,1599117
0,1659165
0,1704057
0,1704057
0,1776019
0,1810321
0,1810321
0,189984
0,1965481
0,1965481
0,2069788
0,2099405
0,2115374
0,2115374
0,215253
0,2223106
0,2223106
0,2369542
0,2430939
0,2430939
0,2488335
0,2496533
0,2496533
0,2510497
0,2541201
0,2590635
0,2590635
0,2678362
0,2697442
0,2697442
0,270077
0,2736141
0,2736141
0,2884754
0,2945458
0,299185
0,299185
0,3094534
0,3154247
0,3154247
0,3240257
0,3281339
0,3281339
0,3410666
0,3471353
0,3471353
0,3571203
0,3601561
0,3640752
0,3640752
0,3734155
0,3778437
0,3778437
0,3866838
0,3925472
0,3925472
0,4033697
0,4066473
0,4101431
0,4101431
0,4194369
0,4256398
0,4256398
0,4343044
0,4364865
0,4364865
0,4425066
0,4486537
0,4486537
0,4529198
0,4553636
0,4581745
0,4581745
0,4688079
0,4710258
0,4710258
0,4794064
0,4815412
0,4815412
0,487978
0,493768
0,4988061
0,4988061
0,5063962
0,5111749
0,5111749
0,5098039
0,5137709
0,5137709
0,5242158
0,5267258
0,5267258
0,5296849
0,533322
0,535699
0,535699
0,5452924
0,5523815
0,5523815
0,5621629
0,5656762
0,5656762
0,5720029
0,5737207
0,5749927
0,5749927
0,5848526
0,5933921
0,5933921
0,6059166
0,6109998
0,6109998
0,6144023
0,6199887
0,6199887
0,6331912
0,6398804
0,6455253
0,6455253
0,6521922
0,6582239
0,6582239
0,6718551
0,6783536
0,6783536
0,6927602
timeStamps
4,126977
4,140828
4,154668
4,168374
4,182635
4,196455
4,210702
4,224155
4,238037
4,252367
4,266263
4,280391
4,293969
4,307967
4,321906
4,335614
4,349407
4,36364
4,3773
4,391479
4,405463
4,419361
4,433096
4,447149
4,461087
4,474998
4,489077
4,502883
4,517291
4,530706
4,544887
4,558781
4,572438
4,586721
4,600689
4,614717
4,628425
4,642055
4,65623
4,670193
4,68401
4,697863
4,712055
4,725665
4,739663
4,753888
4,76775
4,781784
4,795655
4,809541
4,823261
4,837214
4,851246
4,864896
4,879167
4,893115
4,907063
4,921098
4,934464
4,949191
4,962533
4,97639
4,990518
5,004353
5,0182
5,032675
5,046194
5,060499
5,074172
5,088251
5,102252
5,116284
5,129965
5,143602
5,157633
5,171805
5,185634
5,199218
5,213554
5,227025
5,241052
5,255364
5,268694
5,283054
5,296849
5,310836
5,324625
5,338468
5,352744
5,366632
5,380242
5,394455
5,408166
5,42238
5,436129
5,450246
5,464043
5,477716
5,491786
5,505752
5,519707
5,533514
5,547446
5,561484
5,575288
5,58948
5,603083
5,617066
5,631112
5,644918
5,659171
5,673225
5,686707
5,700901
5,714833
5,72843
5,742371
5,756567
5,77051
5,784367
5,798232
5,812254
5,826254
5,83991
5,853794
5,867589
5,881962
5,895905
5,909669
5,923577
5,93722
5,951103
5,965284
5,979037
5,99348
6,006833
6,020991
6,034964
6,048744
6,06284
6,076714
6,090972
6,104602
6,118268
6,132406
6,146154
6,160315
6,17393
6,188328
6,20216
6,216015
6,229961
6,243746
6,257458
6,271592
6,285513
6,299196
6,313593
6,32734
6,341336
6,355029
6,368977
6,382903
6,396933
6,411116
6,424986
6,43907
6,452827
6,466975
6,480574
6,494266
6,508426
6,522417
6,535985
6,550218
6,56406
6,577958
6,591953
6,605605
6,619727
6,633588
6,647431
6,661345
6,675722
6,689118
6,70293
6,717257
6,73117
6,744982
6,758921
6,772938
6,786412
6,800702
6,81459
6,828271
6,84227
6,856274
6,870406
6,88412
6,898468
6,912474
6,925759
6,939823
6,953979
6,96754
6,981631
6,995446
7,009572
7,023286
7,037211
7,051239
7,065285
7,079062
7,093061
7,107086
7,120729
7,134645
7,148766
7,162629
7,176726
7,190658
7,204754
7,21811
7,232054
7,24588
7,260098
7,274011
7,2877
7,301549
7,315632
7,3296
7,343458
7,35758
7,371265
7,385242
7,399248
7,413209
7,427388
7,441152
7,454997
7,469052
7,482843
7,496754
7,510881
7,525141
7,538626
7,552557
7,566599
7,580638
7,593962
7,608274
7,622147
7,636005
7,649698
7,663764
7,67763
7,691783
7,705954
7,719707
7,73382
7,747613
7,761586
7,775222
7,78913
7,80365
7,817885
7,831658
7,845031
7,859008
7,872863
7,886747
7,900383
7,914436
7,928327
7,942263
7,95606
7,969947
7,984134
7,998142
8,011897
8,025627
8,039628
8,053617
8,067555
8,081617
8,09526
8,109554
8,123425
8,137481
8,15103
8,164886
8,17904
8,19262
8,206694
8,22108
8,234835
8,24845
8,262397
8,276467
8,290795
8,304418
8,318437
8,332556
8,346133
8,36009
8,374225
8,387834
8,401464
8,415897
8,42977
8,443721
8,457222
8,471379
8,48545
8,499124
8,512939
8,526792
8,54078
8,5552
8,568737
8,58258
8,596799
8,610589
8,624563
8,638243
8,652514
8,666245
8,6802
8,694151
8,707886
8,722129
8,736148
8,750113
8,763866
8,777652
8,791704
8,805433
8,819715
8,833068
8,847527
8,861237
8,874823
8,888937
8,902838
8,916942
8,930709
8,945001
8,958764
8,972649
8,986375
9,000675
9,01461
9,028277
9,042699
9,056232
9,070029
9,084072
9,097752
9,111676
9,125891
9,139905
9,153316
9,167408
9,181615
9,195433
9,209224
9,223361
9,236794
9,25084
9,264935
9,27891
9,29293
9,306975
9,320998
9,334466
9,348445
9,362235
9,376334
9,390239
9,404003
9,418208
9,431976
9,445921
9,460234
9,473619
9,487946
9,501708
9,516074
9,529204
9,543466
9,557212
9,571445
9,584969
9,599341
9,613032
9,627051
9,640839
9,654638
9,668929
9,682839
9,696418
9,710533
9,72433
9,738337
9,75209
9,765985
9,780041
9,794307
9,808041
9,821968
9,835975
9,849543
9,863555
9,877491
9,891795
9,905291
9,919422
9,933417
9,947294
9,961125
9,975337
9,988967
10,00309
10,01701
10,03046
10,04444
10,05837
10,07274
10,08637
10,1003
10,11443
10,12827
10,14205
10,15564
10,16962
10,18391
10,19783
10,21166
10,22545
10,23958
10,25366
10,26753
10,28114
10,29507
10,30914
10,32301
10,33718
10,35081
10,36475
10,37906
10,3926
10,40678
10,42072
10,43459
10,4485
10,46214
10,47601
10,49034
10,50386
10,51831
10,53196
10,54583
10,5599
10,57354
10,58759
10,60139
10,61576
10,62925
10,64318
10,65709
10,67105
10,68513
10,69876
10,71276
10,72715
10,74085
10,75459
10,76865
10,78296
10,79619
10,81022
10,82448
10,83788
10,85188
10,86616
10,88006
10,89397
10,90789
10,92185
10,93542
10,94956
10,96339
10,9774
10,99109
11,00534
11,01958
11,03321
11,04676
11,06078
11,07503
11,08894
11,10277
11,11636
11,13035
11,14461
11,15812
11,17211
11,18676
11,20068
11,21402
11,22795
11,24171
11,25565
11,26978
11,28373
11,29792
11,31165
11,3255
11,33941
11,35338
11,36703
11,38126
11,39486
11,40886
11,42276
11,43699
11,45055
11,46486
11,47842
11,49249
11,50645
11,52017
11,53446
11,54802
11,56225
11,57592
11,58996
11,60388
11,61773
11,63197
11,64576
11,65961
11,67364
11,68731
11,70134
11,7152
11,72949
11,74307
11,75705
11,77106
11,78465
11,79909
11,81251
11,82658
11,84088
11,85449
11,86849
11,88225
11,89622
11,91017
11,92434
11,93827
11,95226
11,96628
11,97993
11,9938
12,00756
12,02161
12,03572
12,04914
12,0636
12,07701
12,09109
12,10491
12,11884
12,13275
12,14664
12,16062
12,17478
12,1888
12,2028
12,2163
12,23051
12,24447
12,25807
12,27221
12,28602
12,3001
12,31449
12,3278
12,3418
12,35573
12,36979
12,38352
12,39729
12,41174
12,42531
12,43944
12,45345
12,46717
12,48102
12,49501
12,50922
12,5227
12,53681
12,55051
12,56462
12,57863
12,59233
12,60677
12,62034
12,63453
12,64837
12,66208
12,67609
12,68997
12,70384
12,71785
12,73216
12,74545
12,7594
12,77374
12,7873
12,80116
12,81512
12,82928
12,84298
12,85695
12,87093
12,88487
12,89901
12,91292
12,92693
12,94064
12,95466
12,96855
12,98234
12,99627
13,01048
13,02419
13,03832
13,05193
13,06564
13,08005
13,0939
13,1075
13,12141
13,13543
13,14944
13,16336
13,17716
13,19153
13,20525
13,21891
13,23283
13,2469
13,26084
13,27454
13,28876
13,30251
13,31657
13,33024
13,34451
13,35806
13,37233
13,38624
13,39979
13,41386
13,42779
13,44185
13,45563
13,46948
13,48377
13,49781
13,51129
13,52525
13,53925
13,55311
13,56752
13,58112
13,59508
13,60863
13,62289
13,63689
13,65066
13,66471
13,67832
13,69258
13,70634
13,72027
13,73433
13,74822
13,76208
13,77582
13,78962
13,80353
13,81769
13,8316
13,84555
13,85966
13,87329
13,88708
13,90132
13,91498
13,92913
13,94289
13,95712
13,97085
13,98474
13,99844
14,01274
14,02665
14,04014
14,05513
14,06843
14,08206
14,09611
14,11004
14,12405
14,13803
14,15166
14,16556
14,17981
14,19376
14,20763
14,22134
14,23588
14,24931
14,26315
14,27689
14,29087
14,30483
14,31908
14,33298
14,34894
14,35995
14,37415
14,38834
14,40237
14,41631
14,42988
14,44368
14,458
14,47184
14,48568
14,49972
14,5139
14,5277
14,54141
14,55553
14,56951
14,58313
14,59722
14,61115
14,62483
14,63902
14,65272
14,66699
14,68096
14,69496
14,70887
14,72288
14,73663
14,7503
14,76412
14,77808
14,79195
14,80622
14,82012
14,83416
14,84774
14,86178
14,87593
14,88961
14,90361
14,91731
14,93184
14,94508
14,959
14,97319
14,98694
15,00121
15,01558
15,02932
15,04291
15,05663
15,07071
15,08452
15,09832
15,11212
15,12662
15,14033
15,15417
15,1678
15,18196
15,19568
15,20959
15,22371
15,23782
15,25154
15,26541
15,27933
15,29353
15,30746
15,32164
15,33556
15,34884
15,36275
15,37705
15,39096
15,40443
15,4188
15,43234
15,44633
15,46043
15,47447
15,48815
15,50208
15,51628
15,53019
15,54387
15,55809
15,5719
15,58557
15,59967
15,6135
15,62743
15,64138
15,65531
15,6698
15,68359
15,6973
15,71095
15,7249
15,73909
15,75284
15,76671
15,78098
15,79499
15,80838
15,82242
15,83635
15,85041
15,86436
15,87794
15,892
15,9063
15,91995
15,93388
15,94762
15,96151
15,97564
15,98964
16,00373
16,01795
16,03108
16,04523
16,05881
16,07312
16,087
16,10057
16,11479
16,12906
16,1428
16,15686
16,17057
16,18461
16,19861
16,2123
16,22609
16,24035
16,25412
16,26806
16,28192
16,29583
16,30956
16,32356
16,33793
16,3513
16,36521
16,37916
16,39355
16,40729
16,42136
16,43499
16,4488
16,46289
16,47675
16,49077
16,50451
16,51872
16,53286
16,54662
16,56049
16,57426
16,58945
16,60212
16,61595
16,6299
16,64385
16,65769
16,67135
16,68571
16,69927
16,71309
16,72741
16,74121
16,75499
16,76897
16,78326
16,79692
16,81094
16,82501
16,83876
16,85258
16,86672
16,88071
16,89451
16,90843
16,92242
16,93656
16,95007
16,96413
16,97819
16,99172
17,00616
17,02022
17,03341
17,04771
17,0614
17,07544
17,08969
17,10324
17,11711
17,13116
17,14487
17,15919
17,17305
17,1867
17,2011
17,21453
17,22871
17,24265
17,25653
17,27035
17,28411
17,29858
17,31204
17,32618
17,3399
17,35412
17,36766
17,38147
17,39574
17,40959
17,42338
17,43756
17,45115
17,46528
17,47925
17,49331
17,5071
17,52108
17,53473
17,54866
17,56266
17,57674
17,59043
17,6044
17,61856
17,63253
17,64647
17,66021
17,67413
17,68781
17,70206
17,71563
17,72966
17,74389
17,75778
17,77159
17,78575
17,79974
17,81336
17,82718
17,84114
17,85543
17,86907
17,883
17,89698
17,9109
17,92512
17,93935
17,95303
17,96713
17,98062
17,99443
18,00889
18,02239
18,03601
18,04994
18,06375
18,0776
18,09164
18,10578
18,11965
18,13353
18,14747
18,16183
18,17525
18,18908
18,20306
18,21704
18,23117
18,24496
18,25887
18,27253
18,287
18,3008
18,31461
18,32828
18,3421
18,35632
18,37031
18,38488
18,39838
18,41208
18,42602
18,44012
18,45388
18,46787
18,48153
18,49519
18,50945
18,52317
18,5374
18,55131
18,56515
18,70666
18,71691
18,73096
18,74509
18,75941
18,7734
18,78754
18,80156
18,8155
18,82949
18,84325
18,85749
18,87146
18,88529
18,89898
18,91311
18,92719
18,94088
18,955
18,96879
18,98312
18,99673
19,0106
19,02439
19,03835
19,05229
19,0664
19,08039
19,09433
19,10826
19,12207
19,13583
19,15016
19,16384
19,1776
19,19174
19,2056
19,21961
19,23338
19,24733
19,26167
19,27503
19,28877
19,30316
19,31684
19,33088
19,34485
19,35917
19,37266
19,38656
19,40045
19,41432
19,42841
19,44201
19,45642
19,47021
19,4841
19,49771
19,51186
19,52584
19,53982
19,55336
19,56763
19,5816
19,59589
19,60944
19,6234
19,63739
19,65093
19,66494
19,67874
19,69284
19,70696
19,72071
19,73481
19,74856
19,76238
19,7764
19,79021
19,80414
19,81823
19,83177
19,84573
19,85981
19,87355
19,8875
19,90141
19,91568
19,92939
19,94335
19,95729
19,97116
19,98485
19,99887
20,01312
20,02695
20,04064
20,0547
20,06841
20,08264
20,0966
20,1104
20,12441
20,13823
20,15216
20,16624
20,18017
20,19405
20,20788
20,22181
20,23551
20,2494
20,26384
20,27764
20,29136
20,30545
20,31929
20,33312
20,3471
20,36102
20,37501
20,38896
20,40275
20,41651
20,43075
20,4446
20,45876
20,4724
20,48652
20,50017
20,51431
20,52804
20,54208
20,55627
20,5696
20,58358
20,59796
20,61157
20,62555
20,63953
20,65341
20,66724
20,68113
20,69529
20,70925
20,72296
20,73673
20,75092
20,76467
20,77864
20,79265
20,80637
20,82067
20,83423
20,84824
20,86236
20,87624
20,8901
20,90409
20,91758
20,93164
20,9455
20,95968
20,97358
20,98745
21,00145
21,01514
21,02901
21,0436
21,05702
21,07078
21,08494
21,09866
21,11276
21,12691
21,14086
21,15467
21,16838
21,18211
21,19628
21,20997
21,22426
21,23826
21,25177
21,2662
21,27963
21,29347
21,30793
21,32203
21,33578
21,34916
21,36319
21,37737
21,39118
21,40524
21,41883
21,43278
21,44677
21,46103
21,47473
21,48898
21,50279
21,51632
21,5305
21,54419
21,55823
21,5718
21,58593
21,59983
21,61379
21,62764
21,642
21,65589
21,66963
21,68354
21,69728
21,71149
21,72524
21,73922
21,75309
