participantNumber
3
repetitionNum
3
sdfEnabled
0
taskTime
6,877751
numHits
6
positionDifference
0,07674414
angleDifference
44,20793
finalPosX
-0,03523326
finalPosY
0,004457742
finalPosZ
-0,7623835
finalRotX
3,639146
finalRotY
43,21492
finalRotZ
10,38815
taskType
torus
velocityMagnitude
0,7934108
0,7934108
0,8944667
0,656647
0,8124826
0,8124826
1,618009
0,6984199
0,6984199
1,300892
0,8087037
0,8087037
1,973801
0,5179041
0,5179041
0,8511139
0,7608191
1,076577
1,076577
1,487496
2,973172
2,973172
0,9491869
0,5713708
0,5713708
1,194692
0,6905191
0,6882147
0,6882147
0,6589931
0,5602368
0,5602368
1,137349
0,4439065
0,4439065
0,6754781
0,3408423
0,4173258
0,4173258
0,7803372
0,2371354
0,2371354
0,5574954
0,3464022
0,3464022
0,8619956
0,4737514
0,4737514
0,8517615
0,4632593
0,5141557
0,5141557
1,031299
0,4071697
0,4071697
0,833306
0,3156998
0,3156998
0,8231925
0,4056317
0,3551431
0,3551431
0,943382
0,5444186
0,5444186
1,365365
1,014743
1,014743
1,895698
0,6346848
0,3033873
0,3033873
0,4661881
0,4135595
0,4135595
0,7692692
0,3572282
0,3572282
0,6443295
0,5122584
0,5122584
1,088627
0,6465024
0,3621505
0,3621505
0,7459835
0,7175907
0,7175907
0,9943876
0,6285537
0,6285537
0,8897505
0,5538759
0,4558827
0,4558827
0,697403
0,3708794
0,3708794
1,058751
0,575187
0,575187
1,259113
0,5742337
0,5742337
1,095821
0,6341699
0,5629016
0,5629016
0,889043
0,4672319
0,4672319
0,753717
0,2712872
0,2712872
0,779883
0,4211837
0,4442074
0,4442074
0,9770657
0,5027242
0,5027242
0,733821
0,4946145
0,4946145
1,111675
0,5337757
0,5337757
1,157545
0,5763944
0,5931294
0,5931294
1,169461
0,6668184
0,6668184
1,165902
0,440341
0,440341
0,9516596
0,4507096
0,4007476
0,4007476
0,7579347
0,4329374
0,4329374
0,8098478
0,2667564
0,2667564
0,7563865
0,4788624
0,4788624
0,660025
0,4818705
0,6569359
0,6569359
1,10442
0,4281318
0,4281318
0,74106
0,4704359
0,4704359
0,972883
0,5348015
0,4860673
0,4860673
1,076084
0,5161461
0,5161461
1,387521
1,287694
1,287694
1,632595
1,438952
0,9171678
0,9171678
1,569302
0,7546657
0,7546657
1,240959
0,6511918
0,6511918
1,577424
0,8633596
0,8633596
1,521662
0,8121285
0,9086804
0,9086804
1,764605
1,456973
1,456973
1,002055
1,023396
1,023396
1,621212
1,612295
0,724303
0,724303
1,580822
0,8835682
0,8835682
1,78655
0,7105895
0,7105895
1,395222
0,9289038
0,9289038
2,386033
1,424717
1,340429
1,340429
2,099162
1,188426
1,188426
3,591495
1,898372
1,898372
1,724154
0,5202258
1,115152
1,115152
3,887213
2,346919
2,346919
3,391637
0,7581481
0,7581481
2,988607
1,645147
2,099198
2,099198
1,353866
0,5277827
0,5277827
2,019714
1,33958
1,33958
1,79662
0,7463499
0,7463499
2,041681
1,272123
1,293412
1,293412
2,017694
0,695547
0,695547
1,921056
0,8299317
0,8299317
1,28007
0,8729641
0,803777
0,803777
2,389224
1,530245
1,530245
2,636096
1,252061
1,252061
3,00766
1,771187
1,771187
2,045359
0,8404514
1,101021
1,101021
2,824361
1,492162
1,492162
1,954029
0,9052809
0,9052809
1,248624
0,721674
0,7894347
0,7894347
0,8793066
0,3710743
0,3710743
1,312495
0,7629794
0,7629794
1,191567
0,4241849
0,4241849
1,62903
0,9440051
0,7614229
0,7614229
1,34565
0,7846934
0,7846934
1,0892
0,4644717
0,4644717
1,156389
0,6226289
0,5451619
0,5451619
1,334494
0,4638012
0,4638012
1,190014
0,5713864
0,5713864
1,445172
0,8234106
0,8234106
1,469955
0,8334195
0,9153666
0,9153666
1,788227
0,6862579
0,6862579
1,191049
0,7952288
0,7952288
1,653617
0,6403778
0,375892
0,375892
0,8482665
0,6842722
0,6842722
1,431419
0,3804427
0,3804427
0,1365105
0,2453445
0,2453445
0,4422366
0,4777065
0,459628
0,459628
0,4327634
0,225165
0,225165
0,7735693
0,5759345
0,5759345
1,047881
0,3563527
0,4249121
0,4249121
0,8295382
0,3635509
0,3635509
0,7996679
0,5007539
0,5007539
1,042627
0,6462538
0,7547665
0,7547665
1,703046
0,7490931
0,7490931
1,233109
0,5462769
0,5462769
1,490343
0,9205018
0,9205018
1,185035
0,6028249
0,7686828
0,7686828
1,753507
1,01634
1,01634
2,032382
0,9806454
0,9806454
1,657782
0,3535524
0,54562
0,54562
2,072959
1,024974
1,024974
1,334072
0,8595939
0,8595939
1,813514
0,5499021
0,5499021
1,563395
1,037898
1,197062
1,197062
2,230915
0,8904289
0,8904289
1,262121
0,913251
0,913251
2,251169
0,9563553
0,9144297
0,9144297
1,27685
0,6707363
0,6707363
1,124407
0,6164377
0,6164377
1,544414
0,7588443
0,7588443
1,60891
0,7016976
0,6780016
0,6780016
1,793527
0,8675963
0,8675963
1,613569
0,6978223
0,6978223
1,67864
0,6867737
0,8037477
0,8037477
1,657338
0,8750514
0,8750514
1,515691
0,8770666
0,8770666
2,155294
0,9301142
0,92235
0,92235
1,428519
0,5832951
0,5832951
1,225596
0,6359912
0,6359912
1,806947
0,7080178
0,7080178
0,7265001
0,5118763
0,6617069
0,6617069
1,15091
0,7845277
0,7845277
1,300639
0,3236293
0,3236293
1,018999
0,6179521
0,6179521
0,5908862
0,3335675
0,3779125
0,3779125
1,10898
0,6875812
0,6875812
1,634803
2,68743
2,68743
2,730767
1,457967
1,931847
1,931847
2,553501
1,282446
1,282446
2,342595
1,255766
1,255766
2,335518
1,335458
1,259121
1,259121
2,370201
0,9967528
0,9967528
1,989694
0,5940429
0,5940429
2,491548
1,973472
1,973472
2,508092
1,17835
1,359305
1,359305
2,780446
velocityComponents
0,1922846
-0,4712537
-0,6086439
0,1922846
-0,4712537
-0,6086439
0,241369
-0,1618922
-0,845933
0,2189338
-0,05427748
-0,6166905
0,2615929
-0,2121635
-0,7393807
0,2615929
-0,2121635
-0,7393807
0,5654812
-0,06939918
-1,514387
0,2300322
-0,01104027
-0,6593585
0,2300322
-0,01104027
-0,6593585
0,4208803
0,09635836
-1,227149
0,2635241
-0,06583259
-0,7617235
0,2635241
-0,06583259
-0,7617235
0,6711304
0,05129799
-1,85549
0,1478233
0,2619268
-0,4216246
0,1478233
0,2619268
-0,4216246
-0,165002
0,4312704
-0,714965
-0,05654716
0,3193609
-0,6882273
-0,1648947
0,2773744
-1,027079
-0,1648947
0,2773744
-1,027079
0,1846298
0,3991395
-1,421001
1,616102
-1,528444
-1,972771
1,616102
-1,528444
-1,972771
0,2250703
0,02686645
-0,9217252
0,1720301
0,09025109
-0,5373313
0,1720301
0,09025109
-0,5373313
0,2124292
-0,09468301
-1,171836
0,07581612
0,01217945
-0,6862363
0,507184
-0,1017237
-0,4539341
0,507184
-0,1017237
-0,4539341
0,1548946
0,07838532
-0,6357163
0,1481831
0,1689151
-0,5132005
0,1481831
0,1689151
-0,5132005
0,2955496
0,1652785
-1,08577
0,1042664
-0,007808954
-0,4314169
0,1042664
-0,007808954
-0,4314169
0,1508951
0,0318177
-0,6576389
0,07327199
0,01184791
-0,3326625
0,09487867
0,1745172
-0,3670186
0,09487867
0,1745172
-0,3670186
0,1690686
0,1893774
-0,7378876
0,03908873
0,1048051
-0,2090961
0,03908873
0,1048051
-0,2090961
0,09536743
0,1331136
-0,5329043
0,06058812
0,1079321
-0,323534
0,06058812
0,1079321
-0,323534
0,1319528
0,6042108
-0,6004617
0,08066297
0,2634741
-0,3853768
0,08066297
0,2634741
-0,3853768
0,1305938
0,559108
-0,6291591
0,07929802
0,2078809
-0,4063331
0,08150339
0,3138475
-0,3990151
0,08150339
0,3138475
-0,3990151
0,1545489
0,6309364
-0,8010067
0,03843307
0,3384013
-0,2231471
0,03843307
0,3384013
-0,2231471
0,01319051
0,824352
-0,1211144
0,01642704
0,2855904
-0,1335464
0,01642704
0,2855904
-0,1335464
0,02323985
0,8037649
-0,1762606
0,02411604
0,3697064
-0,1651444
-0,002837181
0,3526043
-0,04229397
-0,002837181
0,3526043
-0,04229397
-0,03762841
0,9400297
0,06998405
-0,02210736
0,5424231
0,04098862
-0,02210736
0,5424231
0,04098862
-0,1253486
1,285972
0,4413448
-0,06407499
0,9976156
0,174243
-0,06407499
0,9976156
0,174243
0,01559258
1,845928
-0,4312485
0,03792644
0,5323611
-0,3434792
0,04665256
0,06389469
-0,2928905
0,04665256
0,06389469
-0,2928905
0,0667572
0,0691697
-0,4561692
0,01993775
0,3317721
-0,2460919
0,01993775
0,3317721
-0,2460919
0,08062124
0,3717355
-0,6686464
0,03440976
0,1508541
-0,3219798
0,03440976
0,1508541
-0,3219798
0,03324151
0,375288
-0,5226992
0,02171993
0,3582343
-0,3655203
0,02171993
0,3582343
-0,3655203
0,07027984
0,5826727
-0,9168759
-0,0012815
0,513114
-0,3932908
-0,02171993
0,299722
-0,2021089
-0,02171993
0,299722
-0,2021089
0,02097487
0,2885193
-0,6876104
0,004172325
0,4951
-0,519418
0,004172325
0,4951
-0,519418
-0,04885197
0,7551149
-0,6451525
-0,03328919
0,4917473
-0,3900722
-0,03328919
0,4917473
-0,3900722
-0,03812313
0,5212292
-0,7200852
0,01648068
0,1001313
-0,5445004
0,003004074
0,07509738
-0,4496448
0,003004074
0,07509738
-0,4496448
-0,002777576
-0,122419
-0,6865688
0,004816055
-0,2984464
-0,2201319
0,004816055
-0,2984464
-0,2201319
0,03052354
-0,2520576
-1,027857
0,01579523
-0,1389802
-0,5579203
0,01579523
-0,1389802
-0,5579203
0,05402565
-0,8317202
-0,9437628
0,01325607
-0,3319442
-0,4683819
0,01325607
-0,3319442
-0,4683819
0,01217127
-0,5320355
-0,9579211
0,01426935
-0,4050717
-0,4877344
0,003546476
-0,3437802
-0,4457138
0,003546476
-0,3437802
-0,4457138
-0,01943707
-0,5534738
-0,6954756
-0,01620054
-0,1367807
-0,4464686
-0,01620054
-0,1367807
-0,4464686
-0,04655123
-0,3174841
-0,6820016
-0,03043413
-0,2646506
-0,05128905
-0,03043413
-0,2646506
-0,05128905
-0,04428625
-0,7280641
-0,2760053
-0,02113581
-0,2766021
-0,3169231
-0,02057552
-0,2402641
-0,373055
-0,02057552
-0,2402641
-0,373055
-0,03843307
-0,7161878
-0,6635174
-0,02417564
-0,2982624
-0,4039638
-0,02417564
-0,2982624
-0,4039638
-0,06878972
-0,5378306
-0,494469
-0,03563166
-0,4605904
-0,1767211
-0,03563166
-0,4605904
-0,1767211
-0,08015037
-0,9632543
-0,5491257
-0,04543066
-0,5132489
-0,1393847
-0,04543066
-0,5132489
-0,1393847
-0,1014709
-1,152479
-0,0375092
-0,05568266
-0,5602956
-0,1232833
-0,06008744
-0,5773112
-0,1220807
-0,06008744
-0,5773112
-0,1220807
-0,1302183
-1,151508
-0,1571998
-0,07383823
-0,6615594
-0,03916547
-0,07383823
-0,6615594
-0,03916547
-0,1533866
-1,134374
-0,2213515
-0,07591844
-0,3933899
-0,1827046
-0,07591844
-0,3933899
-0,1827046
-0,1612604
-0,9090979
-0,2306342
-0,08301735
-0,4424665
-0,0216946
-0,07781982
-0,3139332
-0,2366193
-0,07781982
-0,3139332
-0,2366193
-0,1527369
-0,4900753
-0,5576402
-0,08533597
-0,4192188
-0,06639361
-0,08533597
-0,4192188
-0,06639361
-0,171721
-0,7904791
-0,03883541
-0,07392168
-0,2522685
-0,0453338
-0,07392168
-0,2522685
-0,0453338
-0,1347125
-0,2725631
-0,6925911
-0,05790591
-0,03889948
-0,4737541
-0,05790591
-0,03889948
-0,4737541
-0,09726882
-0,04679486
-0,651139
-0,03470182
0,1130603
-0,467132
-0,03349781
0,1718961
-0,6331623
-0,03349781
0,1718961
-0,6331623
-0,06982684
0,2381086
-1,076184
-0,02601743
0,1636557
-0,3947616
-0,02601743
0,1636557
-0,3947616
-0,06885529
0,1627699
-0,7196769
-0,0270009
0,2245024
-0,4125282
-0,0270009
0,2245024
-0,4125282
-0,0723958
0,3442876
-0,9070426
-0,04861355
0,1179375
-0,5193651
-0,05279779
0,01583397
-0,4829317
-0,05279779
0,01583397
-0,4829317
-0,1197994
-0,006277859
-1,069376
-0,06329417
-0,04702434
-0,5100876
-0,06329417
-0,04702434
-0,5100876
-0,3909028
0,3197912
-1,29234
0,09713378
-0,003683474
-1,28402
0,09713378
-0,003683474
-1,28402
-0,2914865
0,3541031
-1,566848
-0,2938172
-0,3860242
-1,354711
0,1756734
0,09414516
-0,8952498
0,1756734
0,09414516
-0,8952498
-0,1821578
0,6182663
-1,43083
-0,04086494
0,561323
-0,5027592
-0,04086494
0,561323
-0,5027592
-0,0264287
1,057308
-0,6491393
-0,0006556511
0,5976446
-0,2585948
-0,0006556511
0,5976446
-0,2585948
0,07588863
1,565485
-0,1782209
0,08132458
0,8493245
0,1320004
0,08132458
0,8493245
0,1320004
0,1254439
1,504721
0,1885056
0,07653236
0,7807806
0,2099454
0,08655787
0,8545019
0,296706
0,08655787
0,8545019
0,296706
0,1648203
1,713665
0,3873186
0,1740482
0,7864289
1,214087
0,1740482
0,7864289
1,214087
0,3020003
0,8859056
0,3578849
-0,07410464
0,8148823
0,6146666
-0,07410464
0,8148823
0,6146666
0,1851888
0,7984052
1,398779
0,09582285
0,2855048
1,583919
0,06632209
0,437811
0,5731821
0,06632209
0,437811
0,5731821
0,1107872
0,9990901
1,220059
0,03060699
0,6445318
0,6036013
0,03060699
0,6445318
0,6036013
0,1406968
0,6431937
1,660803
0,0759542
0,02390742
0,7061139
0,0759542
0,02390742
0,7061139
0,1745045
-0,4343271
1,314364
0,1200438
-0,7282645
0,5639881
0,1200438
-0,7282645
0,5639881
0,2515554
-2,072406
1,155426
0,1185834
-1,179236
0,790669
0,09123087
-1,070817
0,8011103
0,09123087
-1,070817
0,8011103
0,1030922
-1,700383
1,226601
0,03806949
-1,07725
0,5004406
0,03806949
-1,07725
0,5004406
0,02557039
-3,130469
1,760212
-0,03764033
-1,628791
0,9743907
-0,03764033
-1,628791
0,9743907
-0,06640553
-1,659323
0,4636213
-0,02040863
-0,5188286
-0,03217533
-0,05938411
-1,030858
0,4211538
-0,05938411
-1,030858
0,4211538
-0,310272
-3,513216
1,634463
-0,2652645
-2,156669
0,8868166
-0,2652645
-2,156669
0,8868166
-0,4662991
-3,278144
0,7345334
-0,1143634
-0,6837174
0,3069855
-0,1143634
-0,6837174
0,3069855
-0,4826248
-2,131653
2,038357
-0,1826279
-1,438211
0,7776277
-0,5194803
-1,39709
1,478145
-0,5194803
-1,39709
1,478145
-0,1623604
-0,1444951
1,336306
-0,05888343
-0,0434652
0,5226836
-0,05888343
-0,0434652
0,5226836
-0,4461825
-1,234785
1,534755
-0,2677798
-0,4675001
1,226463
-0,2677798
-0,4675001
1,226463
-0,2851427
-0,1600042
1,766617
-0,002878904
0,3737748
0,6460049
-0,002878904
0,3737748
0,6460049
-0,1843274
0,5667374
1,952766
-0,1096129
0,4516378
1,18419
-0,0821352
0,6037399
1,140906
-0,0821352
0,6037399
1,140906
0,05025268
1,447864
1,40437
0,07483959
0,5985111
0,3463656
0,07483959
0,5985111
0,3463656
0,4200578
1,873733
0,05595908
0,190407
0,8071855
-0,03135949
0,190407
0,8071855
-0,03135949
0,2865136
1,247573
0,007069856
0,1940191
0,8442461
-0,1080342
0,1144826
0,7797092
0,1581289
0,1144826
0,7797092
0,1581289
0,2284944
2,29715
0,6158613
0,153631
1,507515
0,2131797
0,153631
1,507515
0,2131797
0,2354503
2,604082
0,3351495
0,03715158
1,198632
0,3599413
0,03715158
1,198632
0,3599413
0,09533167
2,957799
0,5369895
0,08550882
1,769051
-0,01581833
0,08550882
1,769051
-0,01581833
-0,04578233
1,977299
0,5212352
-0,131768
0,5328879
0,6364167
-0,1805782
0,7748179
0,7611156
-0,1805782
0,7748179
0,7611156
-0,2642751
2,67377
0,8707061
-0,1106203
1,472722
0,2130762
-0,1106203
1,472722
0,2130762
-0,2351344
1,85059
0,5815983
-0,1183271
0,8590713
0,2598628
-0,1183271
0,8590713
0,2598628
-0,2869189
0,7725716
0,9380147
-0,1862466
0,3954977
0,5742013
-0,2197862
0,1043782
0,7510036
-0,2197862
0,1043782
0,7510036
-0,2365708
0,2623096
0,8052379
-0,09614825
-0,002579391
0,3583923
-0,09614825
-0,002579391
0,3583923
-0,2391636
-0,7554039
1,046331
-0,1825869
-0,3412992
0,6575063
-0,1825869
-0,3412992
0,6575063
-0,2853274
-0,5687326
1,007454
-0,1387715
0,006216764
0,400795
-0,1387715
0,006216764
0,400795
-0,311029
-1,119259
1,142041
-0,1829684
-0,6719202
0,6373316
-0,2405107
-0,252974
0,6767005
-0,2405107
-0,252974
0,6767005
-0,44415
-0,3789812
1,212385
-0,2445459
-0,3208756
0,6730378
-0,2445459
-0,3208756
0,6730378
-0,4002631
0,02993792
1,012546
-0,1524746
0,2493128
0,3610104
-0,1524746
0,2493128
0,3610104
-0,3953695
-0,3169417
1,039454
-0,235486
-0,04968196
0,5742341
-0,2115428
0,03275424
0,5013764
-0,2115428
0,03275424
0,5013764
-0,425303
-0,6622493
1,077691
-0,1592159
-0,2290294
0,3705502
-0,1592159
-0,2290294
0,3705502
-0,2497554
-0,9601035
0,6572336
-0,07266998
-0,5083852
0,2504915
-0,07266998
-0,5083852
0,2504915
-0,2164245
-1,28029
0,6344616
-0,1928508
-0,6530844
0,4629195
-0,1928508
-0,6530844
0,4629195
-0,2943456
-1,249369
0,7163852
-0,1586556
-0,7344164
0,360623
-0,203681
-0,7820469
0,4298985
-0,203681
-0,7820469
0,4298985
-0,1674414
-1,737627
0,3877789
0,09303689
-0,6685902
-0,1236171
0,09303689
-0,6685902
-0,1236171
0,07324815
-1,188105
-0,04048049
-0,1956463
-0,6702703
0,3805906
-0,1956463
-0,6702703
0,3805906
-0,4362643
-1,386029
0,7893324
-0,1066089
-0,6001025
0,1964569
0,08889437
-0,3484622
-0,1093924
0,08889437
-0,3484622
-0,1093924
0,1850128
-0,7960864
-0,2270967
-0,06583929
-0,6714314
0,1143396
-0,06583929
-0,6714314
0,1143396
-0,2550066
-1,351941
0,3952056
0,009411573
-0,3802672
0,006705523
0,009411573
-0,3802672
0,006705523
0,1312733
0,033696
-0,01634061
0,07175803
0,234168
-0,01449287
0,07175803
0,234168
-0,01449287
0,116992
0,4162878
0,09268522
0,2043605
0,4202418
-0,09918213
0,1560688
0,4226983
-0,09070039
0,1560688
0,4226983
-0,09070039
-0,1442492
-0,05834848
0,4038215
-0,05745292
0,1554668
0,1524091
-0,05745292
0,1554668
0,1524091
-0,2203703
0,4550092
0,5855024
-0,244689
0,1937561
0,4840314
-0,244689
0,1937561
0,4840314
-0,4216909
0,5040102
0,8162141
-0,1239896
0,2255931
0,2464175
-0,162226
0,2492756
0,3034711
-0,162226
0,2492756
0,3034711
-0,3548503
0,4032962
0,6321132
-0,08538961
0,3083453
0,17263
-0,08538961
0,3083453
0,17263
-0,1572669
0,7132128
0,3256738
-0,1516938
0,3889553
0,2765089
-0,1516938
0,3889553
0,2765089
-0,2369344
0,9052314
0,4598796
-0,06117821
0,6231703
0,1598746
0,03376007
0,7534977
0,02782047
0,03376007
0,7534977
0,02782047
0,4132748
1,588682
-0,453499
0,2501309
0,645338
-0,2865553
0,2501309
0,645338
-0,2865553
0,4281998
1,072454
-0,4324853
0,2997279
0,316602
-0,3291577
0,2997279
0,316602
-0,3291577
0,7923186
0,8157946
-0,9632409
0,4703164
0,5176075
-0,5985051
0,4703164
0,5176075
-0,5985051
0,6970465
0,5833112
-0,7603824
0,3273964
0,3735684
-0,3415495
0,4037499
0,4509121
-0,4738539
0,4037499
0,4509121
-0,4738539
1,038879
0,3986701
-1,355204
0,595814
-0,1733065
-0,8049339
0,595814
-0,1733065
-0,8049339
1,14494
-0,5787991
-1,576287
0,4273891
-0,7113174
-0,5225241
0,4273891
-0,7113174
-0,5225241
0,7979631
-1,022638
-1,032332
0,1153767
-0,332956
0,02877116
0,0438273
-0,5173624
0,1676798
0,0438273
-0,5173624
0,1676798
-0,07410049
-1,999266
0,5427748
0,04900098
-1,023642
0,01813471
0,04900098
-1,023642
0,01813471
0,2671719
-1,25033
-0,3808469
-0,1273096
-0,803202
0,2784967
-0,1273096
-0,803202
0,2784967
-0,4459321
-1,530724
0,8642107
-0,1161575
-0,4910387
0,2185881
-0,1161575
-0,4910387
0,2185881
-0,1124978
-1,559021
0,03167987
-0,08896589
-1,034042
0,008666515
-0,1987815
-1,170189
0,1552433
-0,1987815
-1,170189
0,1552433
-0,5586982
-2,070627
0,6142825
-0,2261102
-0,83372
0,2159834
-0,2261102
-0,83372
0,2159834
-0,2623498
-1,226386
0,1417667
-0,1991212
-0,8865044
0,0921309
-0,1991212
-0,8865044
0,0921309
-0,4628956
-2,201338
0,08717775
0,02561212
-0,8691445
-0,3981799
0,08513331
-0,7665768
-0,4912168
0,08513331
-0,7665768
-0,4912168
0,005471706
-1,149142
-0,5565882
-0,04933476
-0,6305203
-0,2233773
-0,04933476
-0,6305203
-0,2233773
0,2225041
-0,6853834
-0,8631527
0,1956642
-0,179626
-0,5562782
0,1956642
-0,179626
-0,5562782
0,5023837
-0,3942057
-1,406211
0,2664268
-0,08385926
-0,70557
0,2664268
-0,08385926
-0,70557
0,4780769
-0,4111543
-1,480198
0,2134025
-0,09900928
-0,661087
0,1803041
-0,1604915
-0,6335765
0,1803041
-0,1604915
-0,6335765
0,6098449
0,03804415
-1,686233
0,2779365
0,01636893
-0,8217096
0,2779365
0,01636893
-0,8217096
0,5538344
0,4756004
-1,438984
0,2238154
0,379549
-0,5411148
0,2238154
0,379549
-0,5411148
0,5358517
1,019987
-1,220787
0,1945198
0,3776535
-0,5396277
0,2325058
0,3664285
-0,6765217
0,2325058
0,3664285
-0,6765217
0,4563987
0,7850915
-1,386398
0,2229035
0,352782
-0,7691383
0,2229035
0,352782
-0,7691383
0,3249586
0,8994743
-1,175869
0,124687
0,7896259
-0,3608182
0,124687
0,7896259
-0,3608182
0,2136886
2,104443
-0,413458
0,05978942
0,9150103
-0,1558647
0,09477735
0,8502439
-0,3447205
0,09477735
0,8502439
-0,3447205
0,06352663
1,323615
-0,5335495
-0,01672506
0,5506851
-0,1915708
-0,01672506
0,5506851
-0,1915708
0,02833009
0,9643264
-0,7558823
0,03006458
0,3822118
-0,5074397
0,03006458
0,3822118
-0,5074397
0,183934
1,119285
-1,406565
0,03523827
0,2480038
-0,6622248
0,03523827
0,2480038
-0,6622248
-0,1248419
0,2600141
-0,6667905
-0,02822876
0,3082559
-0,4076749
0,009292364
0,3681839
-0,5497366
0,009292364
0,3681839
-0,5497366
-0,02372265
0,4298955
-1,067343
0,01345277
-0,06355569
-0,7818334
0,01345277
-0,06355569
-0,7818334
-0,0105083
0,1140177
-1,295589
-0,09529591
-0,140582
-0,2754837
-0,09529591
-0,140582
-0,2754837
-0,04309416
0,4381046
-0,9190023
-0,100896
0,4621063
-0,3976715
-0,100896
0,4621063
-0,3976715
-0,221378
0,3098395
-0,451816
-0,1124349
0,1403548
-0,2809381
-0,1265694
0,1535025
-0,3213021
-0,1265694
0,1535025
-0,3213021
-0,2976606
0,4418675
-0,9726188
-0,2603543
-0,06756586
-0,6327863
-0,2603543
-0,06756586
-0,6327863
-0,5142651
0,1914403
-1,539955
0,69574
-1,592618
-2,049828
0,69574
-1,592618
-2,049828
0,02923971
0,5921828
-2,665624
0,3067486
-0,0567591
-1,424202
0,6529594
-0,3387094
-1,786324
0,6529594
-0,3387094
-1,786324
-0,05990863
0,1087293
-2,550481
-0,06270409
-0,02334639
-1,2807
-0,06270409
-0,02334639
-1,2807
-0,1487374
0,2682969
-2,322422
-0,07702708
0,3108561
-1,214242
-0,07702708
0,3108561
-1,214242
-0,2186775
0,169903
-2,319042
-0,1049936
0,3395028
-1,287308
-0,1384199
0,1279242
-1,244934
-0,1384199
0,1279242
-1,244934
-0,3163338
0,1128055
-2,346286
-0,1698375
-0,1431644
-0,9716868
-0,1698375
-0,1431644
-0,9716868
-0,3655732
-0,3343061
-1,927039
-0,05948089
0,06727761
-0,5872161
-0,05948089
0,06727761
-0,5872161
-0,6781299
0,07418498
-2,396341
0,005146582
-0,1885116
-1,964441
0,005146582
-0,1885116
-1,964441
-0,5223095
0,04290193
-2,452728
-0,2688527
-0,0116542
-1,147211
-0,3278315
-0,1283929
-1,312917
-0,3278315
-0,1283929
-1,312917
-0,6879449
0,09421855
-2,692348
closestDistance
0,7300042
0,7300042
0,7129033
0,7002978
0,6854158
0,6854158
0,6544914
0,6410634
0,6410634
0,6159559
0,6006112
0,6006112
0,5630255
0,5610744
0,5610744
0,5459208
0,5316314
0,5107759
0,5107759
0,4819779
0,4444929
0,4444929
0,4253421
0,4152396
0,4152396
0,3932599
0,3797408
0,3719234
0,3719234
0,3595653
0,3494891
0,3494891
0,3286785
0,3205706
0,3205706
0,3081783
0,3019423
0,2948542
0,2948542
0,280943
0,2769177
0,2769177
0,2669002
0,2608463
0,2608463
0,2496251
0,2427318
0,2427318
0,2320017
0,2251854
0,2189252
0,2189252
0,2072607
0,2048936
0,2048936
0,2070206
0,2065858
0,2065858
0,2095058
0,2100075
0,2124026
0,2124026
0,2223514
0,2286105
0,2286105
0,2492041
0,2638547
0,2638547
0,2839107
0,2879558
0,2858168
0,2858168
0,2822006
0,2849639
0,2849639
0,2848361
0,2845715
0,2845715
0,2866258
0,2900606
0,2900606
0,294433
0,3013962
0,3056686
0,3056686
0,3078245
0,3150765
0,3150765
0,3271264
0,3354315
0,3354315
0,3440641
0,3455744
0,3468837
0,3468837
0,3447052
0,339141
0,339141
0,3360701
0,3349071
0,3349071
0,3227425
0,318703
0,318703
0,3141842
0,3100887
0,3071675
0,3071675
0,30295
0,3044267
0,3044267
0,3053079
0,3013148
0,3013148
0,2922437
0,2912791
0,291766
0,291766
0,2891359
0,2900639
0,2900639
0,2891695
0,2855477
0,2855477
0,2816794
0,2778742
0,2778742
0,2660952
0,2626622
0,2595119
0,2595119
0,253149
0,2494754
0,2494754
0,2475048
0,2492264
0,2492264
0,2507003
0,2501584
0,2541785
0,2541785
0,264363
0,2655903
0,2655903
0,2669233
0,2681241
0,2681241
0,2818863
0,2910613
0,2910613
0,3036425
0,3124161
0,3243807
0,3243807
0,344977
0,3524537
0,3524537
0,3663304
0,3741948
0,3741948
0,3917885
0,4019656
0,4114819
0,4114819
0,4326013
0,4427017
0,4427017
0,4680041
0,49375
0,49375
0,5243217
0,5511114
0,5690961
0,5690961
0,5977529
0,6081266
0,6081266
0,622262
0,6283914
0,6283914
0,6355594
0,6355725
0,6355725
0,6376229
0,6370837
0,6356792
0,6356792
0,6379881
0,6205239
0,6205239
0,6260575
0,6228141
0,6228141
0,6046873
0,5795281
0,5739689
0,5739689
0,5638826
0,5611623
0,5611623
0,5424106
0,53184
0,53184
0,5064902
0,4888273
0,4888273
0,4457734
0,4195255
0,3945649
0,3945649
0,3560841
0,3366947
0,3366947
0,2782708
0,2493034
0,2493034
0,2324312
0,231352
0,2211576
0,2211576
0,1974175
0,1986478
0,1986478
0,2280369
0,2342489
0,2342489
0,2486383
0,2712254
0,2894154
0,2894154
0,2878048
0,2876092
0,2876092
0,3113424
0,322262
0,322262
0,3309692
0,3266098
0,3266098
0,3279463
0,3292712
0,3294537
0,3294537
0,3209802
0,3158476
0,3158476
0,2884707
0,276673
0,276673
0,2603332
0,2483404
0,2421217
0,2421217
0,2320814
0,2270033
0,2270033
0,2271369
0,2352162
0,2352162
0,2577506
0,2706197
0,2706197
0,2983679
0,3145449
0,3354203
0,3354203
0,3803112
0,4022515
0,4022515
0,4356621
0,4513359
0,4513359
0,4755353
0,4893093
0,5016871
0,5016871
0,5171874
0,522529
0,522529
0,5288236
0,5350557
0,5350557
0,5447719
0,551551
0,551551
0,5587563
0,5631015
0,5727947
0,5727947
0,5914391
0,6010953
0,6010953
0,6204042
0,6293513
0,6293513
0,6464769
0,6571228
0,6670752
0,6670752
0,6830706
0,6887527
0,6887527
0,6953029
0,6970553
0,6970553
0,7024496
0,7085733
0,7085733
0,7176761
0,722311
0,7286482
0,7286482
0,7320183
0,7278628
0,7278628
0,7249114
0,7323701
0,7323701
0,7487962
0,7530777
0,7506888
0,7506888
0,7460022
0,7491512
0,7491512
0,7598946
0,7607324
0,7607324
0,7598471
0,7588326
0,7588326
0,7594633
0,7561129
0,7532009
0,7532009
0,7617162
0,7647218
0,7647218
0,7765301
0,7867601
0,7867601
0,8040173
0,8092148
0,8157019
0,8157019
0,8294093
0,8331209
0,8331209
0,8402783
0,8464895
0,8464895
0,8571488
0,8612166
0,8626912
0,8626912
0,8553078
0,8503679
0,8503679
0,8434846
0,8370432
0,8370432
0,8185903
0,8075798
0,8075798
0,7933646
0,7876167
0,7796668
0,7796668
0,7534016
0,735906
0,735906
0,7008057
0,6865377
0,6865377
0,6609278
0,6599063
0,6609257
0,6609257
0,6645505
0,6621959
0,6621959
0,6520648
0,6565853
0,6565853
0,6731269
0,6775677
0,6775677
0,6792074
0,6808508
0,68644
0,68644
0,7051519
0,7127235
0,7127235
0,720991
0,7272691
0,7272691
0,741825
0,739718
0,7355436
0,7355436
0,7336155
0,734522
0,734522
0,7240979
0,7153051
0,7153051
0,6929982
0,6809692
0,6809692
0,6585598
0,6479545
0,638615
0,638615
0,6093546
0,5953856
0,5953856
0,5662485
0,5530943
0,5530943
0,5217416
0,5087546
0,4937245
0,4937245
0,4627194
0,4465416
0,4465416
0,4178222
0,4033564
0,4033564
0,3751715
0,3641458
0,351019
0,351019
0,3313386
0,3239416
0,3239416
0,3039614
0,2924072
0,2924072
0,2611707
0,2477983
0,2477983
0,2334945
0,2244491
0,212855
0,212855
0,1913775
0,1771294
0,1771294
0,1530842
0,1478714
0,1478714
0,1297523
0,1207201
0,1207201
0,1102567
0,1041587
0,09730075
0,09730075
0,07823452
0,06475563
0,06475563
0,0364458
0,04844208
0,04844208
0,08380859
0,1118832
0,1503273
0,1503273
0,1974685
0,2217284
0,2217284
0,2659503
0,2893448
0,2893448
0,3344007
0,3596962
0,3841382
0,3841382
0,4302619
0,4492925
0,4492925
0,4872113
0,4990286
0,4990286
0,5450977
0,5843626
0,5843626
0,6333735
0,6563607
0,6827238
0,6827238
0,7369614
timeStamps
4,665285
4,679164
4,693257
4,707314
4,721124
4,734981
4,749053
4,762573
4,776608
4,790453
4,804708
4,818667
4,83222
4,846416
4,859988
4,873983
4,887921
4,902048
4,91613
4,930064
4,943956
4,957642
4,971656
4,985645
4,999751
5,013854
5,027232
5,041361
5,055412
5,069225
5,083015
5,097253
5,11073
5,124555
5,138903
5,153007
5,166741
5,180545
5,1944
5,208445
5,221964
5,235936
5,249892
5,264042
5,277823
5,291735
5,306038
5,319869
5,333611
5,347807
5,361561
5,375874
5,389138
5,403077
5,417589
5,431152
5,445438
5,45891
5,472657
5,486704
5,501447
5,514655
5,528574
5,542176
5,5563
5,570211
5,58401
5,598333
5,611963
5,625895
5,640004
5,653653
5,667699
5,682007
5,695607
5,709743
5,723635
5,737487
5,75145
5,764966
5,779355
5,79312
5,806727
5,82088
5,834815
5,84867
5,862887
5,876563
5,89053
5,904625
5,918535
5,93225
5,946218
5,960329
5,974291
5,988142
6,002199
6,015758
6,029635
6,043645
6,057685
6,071541
6,085377
6,099107
6,113489
6,127125
6,141065
6,155004
6,169003
6,182825
6,197285
6,210955
6,224602
6,238521
6,252765
6,266437
6,280535
6,294631
6,308194
6,322088
6,336293
6,350197
6,363721
6,377684
6,392019
6,405604
6,419604
6,43374
6,447177
6,461077
6,475101
6,489496
6,503389
6,51694
6,531004
6,544916
6,558866
6,572992
6,586837
6,600839
6,614529
6,628518
6,642523
6,656215
6,670113
6,684042
6,697964
6,712152
6,725961
6,739748
6,754074
6,767664
6,781637
6,795321
6,809161
6,823392
6,837334
6,85142
6,865454
6,879012
6,893256
6,907348
6,920855
6,93482
6,948668
6,962471
6,976721
6,990441
7,004432
7,018305
7,032109
7,046276
7,060014
7,073885
7,088336
7,101693
7,115586
7,129934
7,143871
7,157444
7,171459
7,185525
7,199413
7,213827
7,227097
7,241012
7,255366
7,268968
7,282984
7,296843
7,311039
7,324977
7,338887
7,352718
7,366976
7,380613
7,394309
7,408197
7,422127
7,436207
7,449656
7,463773
7,477206
7,491185
7,505553
7,519664
7,5333
7,547135
7,561163
7,575228
7,589092
7,602982
7,617163
7,630844
7,644867
7,659126
7,673151
7,686792
7,701166
7,714654
7,728613
7,742501
7,756739
7,77048
7,784186
7,797664
7,812357
7,826165
7,840024
7,853708
7,867791
7,881616
7,895742
7,909691
7,923306
7,937233
7,95111
7,965315
7,979228
7,992897
8,006888
8,020763
8,034948
8,048478
8,062718
8,076399
8,090072
8,104036
8,118336
8,132226
8,146171
8,160121
8,174062
8,187679
8,201776
8,216003
8,229547
8,243473
8,257303
8,27151
8,285686
8,299558
8,313494
8,327174
8,3413
8,354856
8,368543
8,382605
8,396458
8,411353
8,424784
8,439151
8,45234
8,466208
8,480464
8,494253
8,50806
8,521723
8,535636
8,549816
8,563847
8,57798
8,591449
8,605171
8,619427
8,63331
8,647395
8,660936
8,675093
8,689131
8,702661
8,716697
8,730867
8,74462
8,758409
8,772307
8,786263
8,800235
8,814462
8,82856
8,842257
8,856044
8,87001
8,883974
8,897623
8,911795
8,925714
8,93966
8,953444
8,967436
8,981441
8,995138
9,00913
9,023026
9,036962
9,050886
9,064948
9,078547
9,092531
9,106561
9,120477
9,134723
9,148426
9,162353
9,176548
9,190035
9,203953
9,218088
9,232364
9,245924
9,259592
9,273479
9,287512
9,301495
9,315832
9,329865
9,343899
9,357302
9,371254
9,385103
9,399071
9,413196
9,426859
9,440618
9,454529
9,468584
9,482854
9,496701
9,510392
9,524347
9,538422
9,552125
9,566031
9,580238
9,593797
9,607959
9,621899
9,635515
9,649429
9,663336
9,677706
9,691547
9,705443
9,719283
9,732934
9,746896
9,760653
9,774722
9,788898
9,802744
9,816658
9,830467
9,844396
9,858302
9,87276
9,886125
9,90008
9,914004
9,928393
9,941891
9,956094
9,969931
9,983818
9,9978
10,0117
10,02571
10,0392
10,05324
10,06748
10,08115
10,09505
10,10942
10,12347
10,13686
10,15078
10,16471
10,17879
10,19278
10,2069
10,22039
10,23439
10,24847
10,2625
10,27618
10,29009
10,30402
10,31777
10,33174
10,34566
10,35955
10,37362
10,38782
10,4013
10,41532
10,42997
10,4431
10,45718
10,47114
10,48481
10,49885
10,51277
10,52662
10,54052
10,55455
10,56879
10,58257
10,59637
10,61009
10,62433
10,63792
10,65218
10,66583
10,68003
10,69365
10,70762
10,72149
10,73559
10,74962
10,76345
10,77729
10,79128
10,80512
10,81934
10,83308
10,84712
10,86106
10,8754
10,88876
10,90278
10,91683
10,93035
10,9443
10,95852
10,97232
10,9861
10,99998
11,0142
11,02804
11,04233
11,05577
11,06959
11,08346
11,09745
11,11137
11,1254
11,13917
11,15311
11,16724
11,18143
11,19543
11,20901
11,22299
11,23664
11,25108
11,26454
11,27827
11,29239
11,30615
11,32045
11,33426
11,34859
11,36177
11,3762
11,38964
11,40369
11,41765
11,43168
11,44555
11,45979
11,4735
11,48763
11,50149
11,51504
11,52924
