ParticipantNumber;Task;SdfState;Repetition;TimeStamp;NumHits;TimeToCompleteTask;InstanteneousVelocityMag;InstanteneousVelocityX;InstanteneousVelocityY;InstanteneousVelocityZ;ClosestDistance
17;torus;1;5;3,907171;5;12,37762;0,236662;0,05376935;0,135228;-0,1866311;0,2467526
17;torus;1;5;3,920571;5;12,37762;0,2286753;0,02228618;0,2007127;-0,1072854;0,2444145
17;torus;1;5;3,934565;5;12,37762;0,2286753;0,02228618;0,2007127;-0,1072854;0,2478914
17;torus;1;5;3,948708;5;12,37762;0,4834546;0,0783205;0,3857836;-0,2806515;0,2419636
17;torus;1;5;3,962408;5;12,37762;0,184203;0,02351999;0,1224041;-0,1356274;0,2392917
17;torus;1;5;3,976545;5;12,37762;0,184203;0,02351999;0,1224041;-0,1356274;0,2412739
17;torus;1;5;3,99043;5;12,37762;0,2704223;-0,00910759;0,1859471;-0,196135;0,2369406
17;torus;1;5;4,004484;5;12,37762;0,0901202;-0,07202625;0,03295839;0,04298389;0,2369665
17;torus;1;5;4,01829;5;12,37762;0,0901202;-0,07202625;0,03295839;0,04298389;0,2369665
17;torus;1;5;4,032114;5;12,37762;0,1655548;-0,09843111;0,1209632;-0,05556643;0,2346855
17;torus;1;5;4,046058;5;12,37762;0,1312801;-0,1224637;0,02171546;0,04201829;0,2343616
17;torus;1;5;4,060065;5;12,37762;0,1214492;-0,1150429;-0,02470315;0,03007948;0,2340897
17;torus;1;5;4,073872;5;12,37762;0,1214492;-0,1150429;-0,02470315;0,03007948;0,2340897
17;torus;1;5;4,087916;5;12,37762;0,2732154;-0,2506673;-0,01272559;0,1079381;0,23419
17;torus;1;5;4,101835;5;12,37762;0,1866131;-0,1202881;0,1210198;0,07556081;0,2342292
17;torus;1;5;4,115675;5;12,37762;0,1866131;-0,1202881;0,1210198;0,07556081;0,2342292
17;torus;1;5;4,129949;5;12,37762;0,3533851;-0,2712667;0,1489252;0,1706362;0,2349575
17;torus;1;5;4,143858;5;12,37762;0,1088898;-0,09739399;0,03212541;0,03659725;0,2367963
17;torus;1;5;4,157647;5;12,37762;0,1088898;-0,09739399;0,03212541;0,03659725;0,2367963
17;torus;1;5;4,171404;5;12,37762;0,2524018;0,004220009;0,1914501;-0,1644254;0,2330035
17;torus;1;5;4,185472;5;12,37762;0,1013796;-0,03141761;0,07142723;-0,0647217;0,2313208
17;torus;1;5;4,199539;5;12,37762;0,1013796;-0,03141761;0,07142723;-0,0647217;0,2313208
17;torus;1;5;4,213246;5;12,37762;0,5679408;0,0190556;0,4934795;-0,2804846;0,2245259
17;torus;1;5;4,227046;5;12,37762;0,3368067;0,09931922;0,2278127;-0,2273232;0,221939
17;torus;1;5;4,241251;5;12,37762;0,1645974;0,02325177;0,1124017;-0,1179725;0,2214977
17;torus;1;5;4,254967;5;12,37762;0,1645974;0,02325177;0,1124017;-0,1179725;0,2214977
17;torus;1;5;4,268976;5;12,37762;0,1761988;-0,04567858;-0,1601214;-0,0576247;0,2208487
17;torus;1;5;4,282951;5;12,37762;0,126878;-0,003844433;0,01353306;-0,1260956;0,2184747
17;torus;1;5;4,296858;5;12,37762;0,126878;-0,003844433;0,01353306;-0,1260956;0,2184747
17;torus;1;5;4,310653;5;12,37762;0,4836704;0,1538807;0,02930839;-0,4576012;0,2112489
17;torus;1;5;4,32463;5;12,37762;0,41783;0,1669098;0,1013891;-0,3693823;0,2055386
17;torus;1;5;4,338707;5;12,37762;0,41783;0,1669098;0,1013891;-0,3693823;0,2055386
17;torus;1;5;4,352595;5;12,37762;0,644836;0,2761591;0,05382704;-0,5802174;0,1975734
17;torus;1;5;4,366735;5;12,37762;0,3677134;0,1357498;-0,09045494;-0,3295497;0,193685
17;torus;1;5;4,380365;5;12,37762;0,3106731;0,08372646;-0,1701513;-0,2460817;0,1912946
17;torus;1;5;4,394318;5;12,37762;0,3106731;0,08372646;-0,1701513;-0,2460817;0,1996332
17;torus;1;5;4,408532;5;12,37762;0,5440191;0,180572;-0,2063662;-0,4698548;0,1947537
17;torus;1;5;4,422217;5;12,37762;0,366213;0,1339179;-0,0812933;-0,3310127;0,1833431
17;torus;1;5;4,436251;5;12,37762;0,366213;0,1339179;-0,0812933;-0,3310127;0,1833431
17;torus;1;5;4,450274;5;12,37762;0,4102982;0,154242;-0,02119163;-0,3796116;0,178811
17;torus;1;5;4,464211;5;12,37762;0,2975551;0,1081748;0,002059074;-0,2771877;0,1755239
17;torus;1;5;4,478231;5;12,37762;0,2975551;0,1081748;0,002059074;-0,2771877;0,170279
17;torus;1;5;4,492207;5;12,37762;0,3407412;0,1185799;0,07098489;-0,3114555;0,1660714
17;torus;1;5;4,505877;5;12,37762;0,2159534;0,06419788;0,04219187;-0,2018275;0,1633219
17;torus;1;5;4,519615;5;12,37762;0,2159534;0,06419788;0,04219187;-0,2018275;0,1633219
17;torus;1;5;4,533608;5;12,37762;0,1828572;0,03572099;0,01606365;-0,1786133;0,160831
17;torus;1;5;4,547516;5;12,37762;0,1830413;0,04304853;0,06785452;-0,1644589;0,1583902
17;torus;1;5;4,561379;5;12,37762;0,122734;0,02089994;0,07627681;-0,09385455;0,1567668
17;torus;1;5;4,575208;5;12,37762;0,122734;0,02089994;0,07627681;-0,09385455;0,1567668
17;torus;1;5;4,589261;5;12,37762;0,06491774;-0,02021277;0,04083975;-0,04623713;0,1555998
17;torus;1;5;4,603772;5;12,37762;0,06067116;-0,01377929;0,03382191;-0,0484479;0,1545146
17;torus;1;5;4,616982;5;12,37762;0,06067116;-0,01377929;0,03382191;-0,0484479;0,1545146
17;torus;1;5;4,631102;5;12,37762;0,09664354;-0,0241185;0,04851668;-0,08002753;0,1527494
17;torus;1;5;4,64486;5;12,37762;0,07325254;-0,02486151;0,03650553;-0,0584396;0,1578524
17;torus;1;5;4,658779;5;12,37762;0,07325254;-0,02486151;0,03650553;-0,0584396;0,1578524
17;torus;1;5;4,672748;5;12,37762;0,1173956;-0,04009421;0,04548433;-0,1005254;0,1555848
17;torus;1;5;4,686878;5;12,37762;0,108683;-0,03357121;0,03387174;-0,09766102;0,1535245
17;torus;1;5;4,700806;5;12,37762;0,106156;-0,03184413;0,03970331;-0,09315951;0,1515078
17;torus;1;5;4,714846;5;12,37762;0,106156;-0,03184413;0,03970331;-0,09315951;0,1515078
17;torus;1;5;4,729211;5;12,37762;0,1700181;-0,009409395;0,08143058;-0,148952;0,1486396
17;torus;1;5;4,742831;5;12,37762;0,1870426;-0,0006067035;0,1127328;-0,1492511;0,1456629
17;torus;1;5;4,756604;5;12,37762;0,1870426;-0,0006067035;0,1127328;-0,1492511;0,1456629
17;torus;1;5;4,770503;5;12,37762;0,3414741;0,0420943;0,2139789;-0,2627653;0,1409399
17;torus;1;5;4,78485;5;12,37762;0,2607931;0,02107046;0,1695639;-0,1970207;0,1310865
17;torus;1;5;4,797951;5;12,37762;0,2607931;0,02107046;0,1695639;-0,1970207;0,1310865
17;torus;1;5;4,811946;5;12,37762;0,1716717;-0,006008507;0,1002301;-0,1392443;0,1283234
17;torus;1;5;4,82604;5;12,37762;0,1528902;-0,01934993;0,1206748;-0,09186177;0,1259622
17;torus;1;5;4,839699;5;12,37762;0,1528902;-0,01934993;0,1206748;-0,09186177;0,1259622
17;torus;1;5;4,853625;5;12,37762;0,1186797;-0,02281413;0,1041789;-0,05206866;0,1242591
17;torus;1;5;4,86772;5;12,37762;0,105224;-0,02829925;0,09186028;-0,04281284;0,1261588
17;torus;1;5;4,881786;5;12,37762;0,08380152;-0,03281614;0,07124814;-0,02948726;0,1248117
17;torus;1;5;4,895477;5;12,37762;0,08380152;-0,03281614;0,07124814;-0,02948726;0,1248117
17;torus;1;5;4,909381;5;12,37762;0,07988381;-0,03769257;0,06720702;-0,02106916;0,1235603
17;torus;1;5;4,923363;5;12,37762;0,08010825;-0,03412778;0,0671813;-0,02719005;0,1222745
17;torus;1;5;4,937471;5;12,37762;0,08010825;-0,03412778;0,0671813;-0,02719005;0,1222745
17;torus;1;5;4,951145;5;12,37762;0,1016418;-0,03028498;0,08155969;-0,05255381;0,1205849
17;torus;1;5;4,965064;5;12,37762;0,1061464;-0,02061678;0,07665196;-0,07047334;0,1188068
17;torus;1;5;4,979004;5;12,37762;0,1061464;-0,02061678;0,07665196;-0,07047334;0,1188068
17;torus;1;5;4,99303;5;12,37762;0,09479859;-0,02327905;0,06009461;-0,06952336;0,117131
17;torus;1;5;5,007224;5;12,37762;0,07938354;-0,02620316;0,03704313;-0,06513792;0,119351
17;torus;1;5;5,020888;5;12,37762;0,04390321;-0,01541851;0,01307053;-0,03897335;0,1185277
17;torus;1;5;5,034952;5;12,37762;0,04390321;-0,01541851;0,01307053;-0,03897335;0,1185277
17;torus;1;5;5,048691;5;12,37762;0,05911417;-0,0230719;-0,01250708;-0,05296928;0,1176326
17;torus;1;5;5,062641;5;12,37762;0,07084943;-0,019425;-0,02006549;-0,06511287;0,1166888
17;torus;1;5;5,076416;5;12,37762;0,07084943;-0,019425;-0,02006549;-0,06511287;0,1166888
17;torus;1;5;5,090407;5;12,37762;0,1193609;-0,003342474;-0,02289574;-0,1170967;0,1152943
17;torus;1;5;5,104468;5;12,37762;0,1483427;0,00856272;-0,0230093;-0,146297;0,1137104
17;torus;1;5;5,118525;5;12,37762;0,1483427;0,00856272;-0,0230093;-0,146297;0,1137104
17;torus;1;5;5,132135;5;12,37762;0,1997169;0,02776767;-0,01811191;-0,1969461;0,1117612
17;torus;1;5;5,146214;5;12,37762;0,2135442;0,03179666;-0,03226993;-0,2086834;0,1057108
17;torus;1;5;5,160179;5;12,37762;0,08893125;0,05451738;-0,0347492;-0,06106649;0,1063261
17;torus;1;5;5,174103;5;12,37762;0,08893125;0,05451738;-0,0347492;-0,06106649;0,1063261
17;torus;1;5;5,188051;5;12,37762;0,106987;0,05700713;-0,03367262;-0,08403902;0,1069943
17;torus;1;5;5,202052;5;12,37762;0,1041924;0,05361344;-0,02949288;-0,08433166;0,107151
17;torus;1;5;5,21587;5;12,37762;0,1041924;0,05361344;-0,02949288;-0,08433166;0,107151
17;torus;1;5;5,229807;5;12,37762;0,1264137;0,06438397;-0,03020731;-0,1045115;0,1072212
17;torus;1;5;5,243648;5;12,37762;0,1345793;0,07256693;-0,02671673;-0,1101447;0,1073315
17;torus;1;5;5,257618;5;12,37762;0,1345793;0,07256693;-0,02671673;-0,1101447;0,1073315
17;torus;1;5;5,271563;5;12,37762;0,1764808;0,09433044;-0,03446681;-0,1451182;0,1075788
17;torus;1;5;5,28543;5;12,37762;0,1806181;0,1017663;-0,04548604;-0,1421181;0,1080328
17;torus;1;5;5,299343;5;12,37762;0,1806181;0,1017663;-0,04548604;-0,1421181;0,1080328
17;torus;1;5;5,313396;5;12,37762;0,2188184;0,1186974;-0,05075484;-0,1766815;0,1087715
17;torus;1;5;5,327588;5;12,37762;0,2191211;0,1259175;-0,05277321;-0,1713879;0,1097061
17;torus;1;5;5,34106;5;12,37762;0,2221342;0,1261536;-0,05769017;-0,1734956;0,1071567
17;torus;1;5;5,355171;5;12,37762;0,2221342;0,1261536;-0,05769017;-0,1734956;0,1071567
17;torus;1;5;5,368868;5;12,37762;0,21608;0,1279747;-0,0503103;-0,1666791;0,1080753
17;torus;1;5;5,383235;5;12,37762;0,2073835;0,1022758;-0,03014679;-0,1778728;0,1083021
17;torus;1;5;5,396759;5;12,37762;0,2073835;0,1022758;-0,03014679;-0,1778728;0,1083021
17;torus;1;5;5,410772;5;12,37762;0,1922008;0,08432581;-0,01977363;-0,1715788;0,1086984
17;torus;1;5;5,4246;5;12,37762;0,1697459;0,07112139;-0,01310739;-0,1535696;0,1090782
17;torus;1;5;5,438591;5;12,37762;0,1697459;0,07112139;-0,01310739;-0,1535696;0,1090782
17;torus;1;5;5,452595;5;12,37762;0,1640822;0,06525306;-0,01648394;-0,1496439;0,1096235
17;torus;1;5;5,466636;5;12,37762;0,1379177;0,04624852;0,0005219299;-0,1299311;0,1097396
17;torus;1;5;5,480521;5;12,37762;0,124498;0,04830167;-0,007161614;-0,1145225;0,1102972
17;torus;1;5;5,494217;5;12,37762;0,124498;0,04830167;-0,007161614;-0,1145225;0,1102972
17;torus;1;5;5,508337;5;12,37762;0,1272508;0,03387445;0,01291854;-0,121977;0,1104057
17;torus;1;5;5,522071;5;12,37762;0,1094552;0,03892516;-0,001668317;-0,1022863;0,1110023
17;torus;1;5;5,536524;5;12,37762;0,1094552;0,03892516;-0,001668317;-0,1022863;0,1110023
17;torus;1;5;5,550091;5;12,37762;0,1235145;0,02434573;0,01595198;-0,120036;0,1109257
17;torus;1;5;5,564003;5;12,37762;0,1071919;0,03467663;0,002023612;-0,1014078;0,1114499
17;torus;1;5;5,577794;5;12,37762;0,1071919;0,03467663;0,002023612;-0,1014078;0,1114499
17;torus;1;5;5,591738;5;12,37762;0,1249557;0,03183934;0,00389314;-0,1207685;0,1119371
17;torus;1;5;5,605739;5;12,37762;0,2331255;0,1796206;-0,004908795;-0,1485256;0,1144707
17;torus;1;5;5,620058;5;12,37762;0,6336166;0,1357622;0,01792682;-0,6186414;0,1096808
17;torus;1;5;5,633632;5;12,37762;0,6336166;0,1357622;0,01792682;-0,6186414;0,123814
17;torus;1;5;5,647729;5;12,37762;1,527971;0,3461919;0,07304999;-1,486442;0,1223335
17;torus;1;5;5,661552;5;12,37762;1,379146;0,3173342;0,05062957;-1,341185;0,1261024
17;torus;1;5;5,675175;5;12,37762;1,379146;0,3173342;0,05062957;-1,341185;0,1056281
17;torus;1;5;5,68912;5;12,37762;1,011133;0,242312;0,02791433;-0,9812726;0,1103169
17;torus;1;5;5,703032;5;12,37762;0,9515558;0,2353452;0,04264796;-0,9210061;0,111872
17;torus;1;5;5,717103;5;12,37762;0,9515558;0,2353452;0,04264796;-0,9210061;0,1147808
17;torus;1;5;5,731067;5;12,37762;1,131246;0,2965245;0,0796177;-1,088784;0,1222538
17;torus;1;5;5,745473;5;12,37762;1,034766;0,2762259;0,05781011;-0,9955388;0,1318945
17;torus;1;5;5,75906;5;12,37762;1,034766;0,2762259;0,05781011;-0,9955388;0,1318945
17;torus;1;5;5,772838;5;12,37762;2,178196;0,5961095;0,01866062;-2,094956;0,1551825
17;torus;1;5;5,786775;5;12,37762;1,704905;0,4700393;-0,037074;-1,638411;0,1817378
17;torus;1;5;5,800751;5;12,37762;2,594058;0,7178444;-0,16462;-2,487315;0,2156092
17;torus;1;5;5,814662;5;12,37762;2,594058;0,7178444;-0,16462;-2,487315;0,2357902
17;torus;1;5;5,828865;5;12,37762;2,47009;0,6817533;-0,4480219;-2,331487;0,2742033
17;torus;1;5;5,842365;5;12,37762;0,07985885;-0,01588308;0,02440978;0,07435944;0,1877742
17;torus;1;5;5,856349;5;12,37762;0,07985885;-0,01588308;0,02440978;0,07435944;0,1877742
17;torus;1;5;5,870236;5;12,37762;0,2312917;-0,05584368;0,1368182;0,1779273;0,1903392
17;torus;1;5;5,884483;5;12,37762;0,2253034;-0,06859667;0,05748865;0,2067635;0,1940796
17;torus;1;5;5,89824;5;12,37762;0,2253034;-0,06859667;0,05748865;0,2067635;0,1940796
17;torus;1;5;5,912164;5;12,37762;0,2453163;-0,08227787;0,1545212;0,1718536;0,1967048
17;torus;1;5;5,926047;5;12,37762;0,2475241;-0,07192893;0,1842972;0,1487581;0,2017887
17;torus;1;5;5,940051;5;12,37762;0,1777452;-0,0711718;0,1245543;0,1049484;0,203307
17;torus;1;5;5,953772;5;12,37762;0,1777452;-0,0711718;0,1245543;0,1049484;0,203307
17;torus;1;5;5,967816;5;12,37762;0,1424298;-0,09542182;0,09753934;0,040829;0,2040203
17;torus;1;5;5,981757;5;12,37762;0,09830197;-0,05515536;0,07351617;-0,03487889;0,2072584
17;torus;1;5;5,995644;5;12,37762;0,09830197;-0,05515536;0,07351617;-0,03487889;0,2072584
17;torus;1;5;6,009611;5;12,37762;0,1728369;-0,05947635;0,1142304;-0,1152675;0,2046503
17;torus;1;5;6,023271;5;12,37762;0,1538395;-0,0584603;0,1311281;-0,05526675;0,2030032
17;torus;1;5;6,037372;5;12,37762;0,1538395;-0,0584603;0,1311281;-0,05526675;0,2030032
17;torus;1;5;6,051048;5;12,37762;0,131804;-0,1132056;0,06748235;-0,001710352;0,2031082
17;torus;1;5;6,065422;5;12,37762;0,09568658;-0,0786657;0,05236641;-0,01501303;0,2029167
17;torus;1;5;6,078887;5;12,37762;0,09568658;-0,0786657;0,05236641;-0,01501303;0,2029167
17;torus;1;5;6,093165;5;12,37762;0,3425759;-0,1438504;0,2678131;-0,1579286;0,1991196
17;torus;1;5;6,106947;5;12,37762;0,2249999;-0,06450578;0,1653607;-0,1382743;0,1965107
17;torus;1;5;6,120719;5;12,37762;0,1719398;-0,0388643;0,09183975;-0,1400655;0,1935563
17;torus;1;5;6,13457;5;12,37762;0,1719398;-0,0388643;0,09183975;-0,1400655;0,1949916
17;torus;1;5;6,148693;5;12,37762;0,2816244;-0,06970876;0,1905517;-0,1953025;0,1902969
17;torus;1;5;6,162623;5;12,37762;0,2364133;-0,04008585;0,1669499;-0,162518;0,1852755
17;torus;1;5;6,176776;5;12,37762;0,2364133;-0,04008585;0,1669499;-0,162518;0,1852755
17;torus;1;5;6,190786;5;12,37762;0,495436;-0,01049859;0,3687387;-0,330724;0,1769786
17;torus;1;5;6,204415;5;12,37762;0,4729006;0,01786701;0,3243711;-0,3436556;0,1689856
17;torus;1;5;6,218108;5;12,37762;0,4729006;0,01786701;0,3243711;-0,3436556;0,1728359
17;torus;1;5;6,232028;5;12,37762;0,5618832;-0,001712124;0,4732977;-0,3028185;0,1638122
17;torus;1;5;6,246131;5;12,37762;0,5143735;-0,002143765;0,4610581;-0,2280372;0,1538553
17;torus;1;5;6,25995;5;12,37762;0,5143735;-0,002143765;0,4610581;-0,2280372;0,1538553
17;torus;1;5;6,274;5;12,37762;0,8275635;0,02615766;0,744163;-0,3611075;0,1425878
17;torus;1;5;6,287836;5;12,37762;0,7890144;0,03320793;0,7071317;-0,3484331;0,1311245
17;torus;1;5;6,301888;5;12,37762;0,6339381;0,02190131;0,5756946;-0,2645254;0,1379257
17;torus;1;5;6,31601;5;12,37762;0,6339381;0,02190131;0,5756946;-0,2645254;0,1379257
17;torus;1;5;6,330021;5;12,37762;0,7998915;0,00494784;0,7441339;-0,2933709;0,128472
17;torus;1;5;6,343743;5;12,37762;0,67435;-0,01318142;0,6456142;-0,1943103;0,1401626
17;torus;1;5;6,357488;5;12,37762;0,67435;-0,01318142;0,6456142;-0,1943103;0,1364595
17;torus;1;5;6,371753;5;12,37762;0,810102;-0,01195086;0,7712284;-0,2476474;0,1387125
17;torus;1;5;6,385298;5;12,37762;0,7472925;-0,01288214;0,7128785;-0,2237955;0,132992
17;torus;1;5;6,399643;5;12,37762;0,7472925;-0,01288214;0,7128785;-0,2237955;0,1283311
17;torus;1;5;6,413757;5;12,37762;0,687878;-0,01547628;0,6520643;-0,2185151;0,1313879
17;torus;1;5;6,42727;5;12,37762;0,6526841;-0,01749458;0,6183957;-0,2080318;0,129779
17;torus;1;5;6,441301;5;12,37762;0,4934876;-0,01995679;0,4725738;-0,1407326;0,1310512
17;torus;1;5;6,455157;5;12,37762;0,4934876;-0,01995679;0,4725738;-0,1407326;0,1259334
17;torus;1;5;6,468809;5;12,37762;0,756233;-0,03400305;0,719322;-0,2308852;0,1302832
17;torus;1;5;6,482701;5;12,37762;0,6843607;-0,02753013;0,6416942;-0,2362629;0,1350492
17;torus;1;5;6,496664;5;12,37762;0,6843607;-0,02753013;0,6416942;-0,2362629;0,1359984
17;torus;1;5;6,510647;5;12,37762;0,7722856;-0,03756882;0,7178907;-0,2822172;0,1410893
17;torus;1;5;6,524489;5;12,37762;0,6769546;-0,02347674;0,6089062;-0,2948721;0,1356409
17;torus;1;5;6,538508;5;12,37762;0,6769546;-0,02347674;0,6089062;-0,2948721;0,1336558
17;torus;1;5;6,552374;5;12,37762;0,8186274;0,001470071;0,6615145;-0,4822314;0,1382252
17;torus;1;5;6,5667;5;12,37762;0,760196;0,00614809;0,6016163;-0,4646697;0,1354718
17;torus;1;5;6,580351;5;12,37762;0,7203682;0,002587814;0,5743698;-0,4347678;0,1415552
17;torus;1;5;6,594302;5;12,37762;0,7203682;0,002587814;0,5743698;-0,4347678;0,1330885
17;torus;1;5;6,608319;5;12,37762;0,6381381;-0,005532184;0,4975499;-0,3995419;0,1387541
17;torus;1;5;6,622237;5;12,37762;0,5261626;-0,004732664;0,3878522;-0,3555212;0,1464393
17;torus;1;5;6,636302;5;12,37762;0,5261626;-0,004732664;0,3878522;-0,3555212;0,1464393
17;torus;1;5;6,650081;5;12,37762;0,599749;-0,01015087;0,4124023;-0,4353392;0,151275
17;torus;1;5;6,663956;5;12,37762;0,5216566;-0,008904282;0,344715;-0,3914307;0,1558013
17;torus;1;5;6,678142;5;12,37762;0,5216566;-0,008904282;0,344715;-0,3914307;0,148971
17;torus;1;5;6,691923;5;12,37762;0,804675;-0,009737132;0,4647267;-0,6568379;0,1545083
17;torus;1;5;6,705663;5;12,37762;0,584304;-0,003481587;0,270954;-0,5176707;0,1594695
17;torus;1;5;6,719779;5;12,37762;0,584304;-0,003481587;0,270954;-0,5176707;0,1594695
17;torus;1;5;6,733885;5;12,37762;0,7217461;-2,832905E-05;0,2468179;-0,6782318;0,1624442
17;torus;1;5;6,748905;5;12,37762;0,5765263;0,008138427;0,119505;-0,5639458;0,1642555
17;torus;1;5;6,763012;5;12,37762;0,5217367;0,01266664;0,03777794;-0,5202131;0,1745833
17;torus;1;5;6,776451;5;12,37762;0,5217367;0,01266664;0,03777794;-0,5202131;0,1749434
17;torus;1;5;6,789872;5;12,37762;0,8691308;0,03331421;-0,1237592;-0,8596291;0,1725135
17;torus;1;5;6,803647;5;12,37762;0,6683359;0,0327324;-0,191928;-0,6393474;0,1699879
17;torus;1;5;6,81762;5;12,37762;0,6683359;0,0327324;-0,191928;-0,6393474;0,1699879
17;torus;1;5;6,831662;5;12,37762;0,987996;0,0522439;-0,4434786;-0,8813248;0,1649419
17;torus;1;5;6,845376;5;12,37762;0,724344;0,03720011;-0,3316175;-0,6428999;0,1688065
17;torus;1;5;6,859218;5;12,37762;0,724344;0,03720011;-0,3316175;-0,6428999;0,1537037
17;torus;1;5;6,872397;5;12,37762;0,8754472;0,03662268;-0,4795686;-0,731492;0,1529683
17;torus;1;5;6,886167;5;12,37762;0,6316452;0,02012254;-0,4141226;-0,4765219;0,151978
17;torus;1;5;6,90019;5;12,37762;0,435693;0,009783588;-0,2875472;-0,3271839;0,1593292
17;torus;1;5;6,913795;5;12,37762;0,435693;0,009783588;-0,2875472;-0,3271839;0,1580306
17;torus;1;5;6,927754;5;12,37762;0,6084763;0,01226231;-0,3531345;-0,4953676;0,1593504
17;torus;1;5;6,941551;5;12,37762;0,5551823;0,01153956;-0,2865206;-0,4753947;0,1549636
17;torus;1;5;6,955663;5;12,37762;0,5551823;0,01153956;-0,2865206;-0,4753947;0,1480809
17;torus;1;5;6,969791;5;12,37762;0,5686966;0,009871422;-0,2714238;-0,4996473;0,1512221
17;torus;1;5;6,983662;5;12,37762;0,5187163;0,00832549;-0,2747909;-0,4398718;0,1541722
17;torus;1;5;6,998158;5;12,37762;0,5187163;0,00832549;-0,2747909;-0,4398718;0,1541722
17;torus;1;5;7,011497;5;12,37762;0,6768946;0,008990885;-0,4569343;-0,4993161;0,1566203
17;torus;1;5;7,025803;5;12,37762;0,6058223;0,006973563;-0,4327111;-0,4239495;0,1561654
17;torus;1;5;7,039676;5;12,37762;0,6058223;0,006973563;-0,4327111;-0,4239495;0,1621323
17;torus;1;5;7,053731;5;12,37762;0,8409774;0,003776378;-0,6457394;-0,5387479;0,1634545
17;torus;1;5;7,067934;5;12,37762;0,6661744;-0,0006915261;-0,53469;-0,3973592;0,1649706
17;torus;1;5;7,081267;5;12,37762;0,5774047;-0,002782041;-0,469697;-0,3358171;0,1662172
17;torus;1;5;7,095211;5;12,37762;0,5774047;-0,002782041;-0,469697;-0,3358171;0,1673388
17;torus;1;5;7,109212;5;12,37762;0,9364972;-0,01253354;-0,7933232;-0,4975019;0,1685548
17;torus;1;5;7,123767;5;12,37762;0,7409953;-0,01402217;-0,6502389;-0,3550589;0,1694254
17;torus;1;5;7,137064;5;12,37762;0,7409953;-0,01402217;-0,6502389;-0,3550589;0,1694254
17;torus;1;5;7,151157;5;12,37762;1,005017;-0,03327985;-0,9026431;-0,440666;0,172646
17;torus;1;5;7,164918;5;12,37762;0,7420232;-0,03248258;-0,6565748;-0,3441696;0,1768627
17;torus;1;5;7,179008;5;12,37762;0,7420232;-0,03248258;-0,6565748;-0,3441696;0,1906598
17;torus;1;5;7,193004;5;12,37762;1,064755;-0,07465612;-0,9757631;-0,4195416;0,1951646
17;torus;1;5;7,206865;5;12,37762;0,6009851;-0,05204337;-0,5735672;-0,1717416;0,203944
17;torus;1;5;7,220736;5;12,37762;0,5360458;-0,05431877;-0,497575;-0,1918689;0,2006711
17;torus;1;5;7,234616;5;12,37762;0,5360458;-0,05431877;-0,497575;-0,1918689;0,1962998
17;torus;1;5;7,248567;5;12,37762;0,828848;-0,09151628;-0,7668024;-0,3010445;0,2041741
17;torus;1;5;7,262529;5;12,37762;0,5155402;-0,0570351;-0,4710733;-0,2015407;0,2098299
17;torus;1;5;7,2764;5;12,37762;0,5155402;-0,0570351;-0,4710733;-0,2015407;0,2131213
17;torus;1;5;7,290374;5;12,37762;0,9675443;-0,116255;-0,9497277;-0,1436806;0,2146444
17;torus;1;5;7,3044;5;12,37762;0,5379993;-0,07141571;-0,5329496;-0,01754123;0,2179327
17;torus;1;5;7,318302;5;12,37762;0,5379993;-0,07141571;-0,5329496;-0,01754123;0,2179327
17;torus;1;5;7,332349;5;12,37762;0,716098;-0,1202252;-0,7058498;-0,01087646;0,222748
17;torus;1;5;7,346652;5;12,37762;0,3518125;-0,07061513;-0,3413408;-0,04766561;0,2246126
17;torus;1;5;7,360434;5;12,37762;0,3001902;-0,06919152;-0,2885492;-0,0454535;0,2262716
17;torus;1;5;7,373735;5;12,37762;0,3001902;-0,06919152;-0,2885492;-0,0454535;0,2262716
17;torus;1;5;7,387896;5;12,37762;0,397051;-0,1200711;-0,3721796;0,06866435;0,2309515
17;torus;1;5;7,401763;5;12,37762;0,174166;-0,06597941;-0,1512662;-0,05566909;0,2270723
17;torus;1;5;7,415625;5;12,37762;0,174166;-0,06597941;-0,1512662;-0,05566909;0,2270723
17;torus;1;5;7,429579;5;12,37762;0,2548854;-0,09995998;-0,1377874;-0,1897082;0,2250785
17;torus;1;5;7,443492;5;12,37762;0,1548239;-0,05971685;-0,05681227;-0,1310599;0,2191204
17;torus;1;5;7,457561;5;12,37762;0,1548239;-0,05971685;-0,05681227;-0,1310599;0,2272112
17;torus;1;5;7,471421;5;12,37762;0,340604;-0,1462279;-0,1636725;-0,2604608;0,2240357
17;torus;1;5;7,485448;5;12,37762;0,189279;-0,09930147;-0,06887306;-0,1456787;0,2221733
17;torus;1;5;7,49918;5;12,37762;0,189279;-0,09930147;-0,06887306;-0,1456787;0,2221733
17;torus;1;5;7,513055;5;12,37762;0,1212498;-0,11397;-0,04089105;-0,006346101;0,2226487
17;torus;1;5;7,52693;5;12,37762;0,1363068;-0,1012633;-0,0825559;-0,03885629;0,2228971
17;torus;1;5;7,540918;5;12,37762;0,1640494;-0,1092814;-0,09639251;-0,07535423;0,2215958
17;torus;1;5;7,554955;5;12,37762;0,1640494;-0,1092814;-0,09639251;-0,07535423;0,2215958
17;torus;1;5;7,569057;5;12,37762;0,438135;-0,2502759;-0,3240069;-0,156025;0,2222961
17;torus;1;5;7,583058;5;12,37762;0,2982066;-0,1330982;-0,1934295;-0,1838397;0,2212725
17;torus;1;5;7,596683;5;12,37762;0,2982066;-0,1330982;-0,1934295;-0,1838397;0,2226962
17;torus;1;5;7,61059;5;12,37762;0,4719698;-0,188214;-0,2754945;-0,3338169;0,2204797
17;torus;1;5;7,62453;5;12,37762;0,394661;-0,1119028;-0,1226001;-0,3580563;0,2172742
17;torus;1;5;7,638397;5;12,37762;0,394661;-0,1119028;-0,1226001;-0,3580563;0,2145386
17;torus;1;5;7,652386;5;12,37762;0,7344097;-0,1638137;-0,1748101;-0,6942364;0,2058162
17;torus;1;5;7,666505;5;12,37762;0,5143112;-0,09413868;-0,06742325;-0,5011068;0,199325
17;torus;1;5;7,68036;5;12,37762;0,4820627;-0,06985203;-0,03325853;-0,475814;0,1922404
17;torus;1;5;7,69409;5;12,37762;0,4820627;-0,06985203;-0,03325853;-0,475814;0,1972549
17;torus;1;5;7,708028;5;12,37762;0,8056468;-0,09609964;0,02891715;-0,799372;0,1849135
17;torus;1;5;7,722173;5;12,37762;0,6625878;-0,07956373;-0,0108147;-0,6577045;0,1729115
17;torus;1;5;7,73601;5;12,37762;0,6625878;-0,07956373;-0,0108147;-0,6577045;0,1729115
17;torus;1;5;7,749859;5;12,37762;0,7544419;-0,09057316;-0,0542946;-0,7470148;0,1623774
17;torus;1;5;7,763636;5;12,37762;0,6624898;-0,07550194;-0,01348877;-0,6580351;0,1541712
17;torus;1;5;7,77795;5;12,37762;0,6624898;-0,07550194;-0,01348877;-0,6580351;0,1480841
17;torus;1;5;7,791689;5;12,37762;0,6201376;-0,06545699;0,01368991;-0,6165214;0,1409308
17;torus;1;5;7,805703;5;12,37762;0,569595;-0,05808936;0,02856639;-0,5659047;0,1408988
17;torus;1;5;7,819575;5;12,37762;0,569595;-0,05808936;0,02856639;-0,5659047;0,1347935
17;torus;1;5;7,833279;5;12,37762;0,6134996;-0,06809037;-0,03451442;-0,6087317;0,1286478
17;torus;1;5;7,847365;5;12,37762;0,5512034;-0,06288937;-0,03784954;-0,5462943;0,1239271
17;torus;1;5;7,86153;5;12,37762;0,3882805;-0,04317841;-0,01375139;-0,3856271;0,121016
17;torus;1;5;7,875078;5;12,37762;0,3882805;-0,04317841;-0,01375139;-0,3856271;0,121016
17;torus;1;5;7,888989;5;12,37762;0,2698303;-0,03098179;-0,01323964;-0,2677186;0,1192602
17;torus;1;5;7,902996;5;12,37762;0,272428;-0,03185075;-0,01576103;-0,2701003;0,1177208
17;torus;1;5;7,917022;5;12,37762;0,272428;-0,03185075;-0,01576103;-0,2701003;0,1087305
17;torus;1;5;7,93086;5;12,37762;0,2241632;-0,02582024;0,002115961;-0,2226612;0,1074767
17;torus;1;5;7,944643;5;12,37762;0,2427431;-0,02667653;0,0189971;-0,2405238;0,1062
17;torus;1;5;7,958832;5;12,37762;0,2427431;-0,02667653;0,0189971;-0,2405238;0,1076492
17;torus;1;5;7,972514;5;12,37762;0,2364447;-0,0261594;0,02176742;-0,2339828;0,1071775
17;torus;1;5;7,986349;5;12,37762;0,1968046;0,03213686;-0,007208943;-0,1940291;0,1065144
17;torus;1;5;8,000409;5;12,37762;0,1039347;0,01500782;-0,001902868;-0,1028279;0,106606
17;torus;1;5;8,014493;5;12,37762;0,1039347;0,01500782;-0,001902868;-0,1028279;0,1081418
17;torus;1;5;8,028191;5;12,37762;0,1779713;0,01768969;0,006481893;-0,1769713;0,1082178
17;torus;1;5;8,042316;5;12,37762;0,1447194;0,009706225;0,001671415;-0,1443839;0,1083219
17;torus;1;5;8,056056;5;12,37762;0,1447194;0,009706225;0,001671415;-0,1443839;0,1066284
17;torus;1;5;8,069821;5;12,37762;0,06927945;0,00128524;-0,004933657;-0,0690916;0,1067549
17;torus;1;5;8,083771;5;12,37762;0,07044772;-0,003452469;-0,003607102;-0,07027055;0,1067947
17;torus;1;5;8,09774;5;12,37762;0,07044772;-0,003452469;-0,003607102;-0,07027055;0,1067947
17;torus;1;5;8,111838;5;12,37762;0,0912478;-0,005675528;-0,002382936;-0,09103994;0,1068121
17;torus;1;5;8,125679;5;12,37762;0,08918108;-0,004859567;-0,000744883;-0,08904546;0,1068872
17;torus;1;5;8,139613;5;12,37762;0,08918108;-0,004859567;-0,000744883;-0,08904546;0,1068872
17;torus;1;5;8,153698;5;12,37762;0,1243257;-0,006959684;0,009697832;-0,1237514;0,1068483
17;torus;1;5;8,167403;5;12,37762;0,1201507;-0,004517451;0,007300489;-0,1198436;0,1069727
17;torus;1;5;8,181325;5;12,37762;0,1190485;-0,005543161;0,006276723;-0,1187536;0,1071618
17;torus;1;5;8,195349;5;12,37762;0,1190485;-0,005543161;0,006276723;-0,1187536;0,1093153
17;torus;1;5;8,209224;5;12,37762;0,289464;-0,01873495;0,02043649;-0,2881333;0,1100566
17;torus;1;5;8,223413;5;12,37762;0,2554387;-0,01669855;0,03164175;-0,2529207;0,1079267
17;torus;1;5;8,237213;5;12,37762;0,2554387;-0,01669855;0,03164175;-0,2529207;0,1079267
17;torus;1;5;8,251237;5;12,37762;0,2526614;0,1124517;0,1077504;-0,1989528;0,1097699
17;torus;1;5;8,264935;5;12,37762;0,2614999;0,1117215;0,04862365;-0,231379;0,1124814
17;torus;1;5;8,278889;5;12,37762;0,2614999;0,1117215;0,04862365;-0,231379;0,1103591
17;torus;1;5;8,292877;5;12,37762;0,4580536;0,06010789;0,07541376;-0,4477867;0,1131034
17;torus;1;5;8,306747;5;12,37762;0,4040664;0,0411886;0,0717793;-0,3955008;0,1157687
17;torus;1;5;8,320722;5;12,37762;0,7410455;-0,1498687;0,1368741;-0,7127084;0,104892
17;torus;1;5;8,3346;5;12,37762;0,7410455;-0,1498687;0,1368741;-0,7127084;0,1196671
17;torus;1;5;8,348789;5;12,37762;1,605737;-0,3181303;0,3592393;-1,532362;0,117963
17;torus;1;5;8,362332;5;12,37762;1,400871;-0,2750642;0,3454681;-1,329448;0,1414201
17;torus;1;5;8,376316;5;12,37762;1,400871;-0,2750642;0,3454681;-1,329448;0,1293286
17;torus;1;5;8,390444;5;12,37762;1,854328;-0,3552358;0,5615554;-1,731183;0,1503933
17;torus;1;5;8,404383;5;12,37762;1,461882;-0,2759349;0,4932832;-1,348196;0,1559229
17;torus;1;5;8,418395;5;12,37762;1,461882;-0,2759349;0,4932832;-1,348196;0,153442
17;torus;1;5;8,432395;5;12,37762;1,912148;-0,3510384;0,7856032;-1,707603;0,175915
17;torus;1;5;8,446268;5;12,37762;1,260432;-0,230068;0,5587695;-1,106135;0,1874342
17;torus;1;5;8,459998;5;12,37762;1,260432;-0,230068;0,5587695;-1,106135;0,1899651
17;torus;1;5;8,473747;5;12,37762;1,601014;-0,2984383;0,7365794;-1,389832;0,2110426
17;torus;1;5;8,48803;5;12,37762;0,4498008;-0,08701605;0,207589;-0,3894301;0,2157311
17;torus;1;5;8,501575;5;12,37762;0,2012291;-0,03158247;0,1550905;-0,1242685;0,2190767
17;torus;1;5;8,515608;5;12,37762;0,2012291;-0,03158247;0,1550905;-0,1242685;0,2190767
17;torus;1;5;8,529727;5;12,37762;0,08046256;-0,01200556;0,07952732;0,002344275;0,2186643
17;torus;1;5;8,543448;5;12,37762;0,0603768;-0,001901959;-0,05898063;0,01276819;0,2186808
17;torus;1;5;8,557525;5;12,37762;0,0603768;-0,001901959;-0,05898063;0,01276819;0,2186808
17;torus;1;5;8,571815;5;12,37762;0,1564751;-0,007344842;-0,1561571;0,006743845;0,2192801
17;torus;1;5;8,585404;5;12,37762;0,08345144;-0,01701535;-0,04150104;-0,07037248;0,2208379
17;torus;1;5;8,599144;5;12,37762;0,08345144;-0,01701535;-0,04150104;-0,07037248;0,2208379
17;torus;1;5;8,613245;5;12,37762;0,2151461;-0,03823067;-0,06700129;-0,200841;0,225042
17;torus;1;5;8,626896;5;12,37762;0,1327612;-0,01824369;-0,03950951;-0,1254261;0,22766
17;torus;1;5;8,640736;5;12,37762;0,1438904;-0,01872858;-0,0006933304;-0,1426646;0,2304227
17;torus;1;5;8,655076;5;12,37762;0,1438904;-0,01872858;-0,0006933304;-0,1426646;0,2304227
17;torus;1;5;8,668885;5;12,37762;0,2344645;-0,009325333;0,09069145;-0,2160132;0,2341854
17;torus;1;5;8,682435;5;12,37762;0,1413612;0,01241565;0,1221206;-0,07010996;0,2350036
17;torus;1;5;8,696617;5;12,37762;0,1413612;0,01241565;0,1221206;-0,07010996;0,2350036
17;torus;1;5;8,710346;5;12,37762;0,4455189;0,08182526;0,4376035;-0,0171721;0,2336032
17;torus;1;5;8,7244;5;12,37762;0,4798979;0,1127541;0,4354466;0,1672566;0,2289173
17;torus;1;5;8,738478;5;12,37762;0,4798979;0,1127541;0,4354466;0,1672566;0,2289173
17;torus;1;5;8,752048;5;12,37762;1,035407;0,2611101;0,8065392;0,594461;0,2154743
17;torus;1;5;8,765893;5;12,37762;0,5475069;0,1419544;0,3837422;0,3638059;0,2180762
17;torus;1;5;8,780206;5;12,37762;0,6413711;0,1471221;0,4978664;0,3766179;0,2106894
17;torus;1;5;8,793888;5;12,37762;0,6413711;0,1471221;0,4978664;0,3766179;0,2106894
17;torus;1;5;8,807736;5;12,37762;1,231089;0,2212292;1,096675;0,5137524;0,1996714
17;torus;1;5;8,821784;5;12,37762;0,7395763;0,1163097;0,6843043;0,2552896;0,1993261
17;torus;1;5;8,835701;5;12,37762;0,7395763;0,1163097;0,6843043;0,2552896;0,1957753
17;torus;1;5;8,84961;5;12,37762;0,9771107;0,1411684;0,9283658;0,2700998;0,1936989
17;torus;1;5;8,863517;5;12,37762;0,6249692;0,1144458;0,5681154;0,2339523;0,1827515
17;torus;1;5;8,877422;5;12,37762;0,6249692;0,1144458;0,5681154;0,2339523;0,1835281
17;torus;1;5;8,891402;5;12,37762;0,9643236;0,1990542;0,8256177;0,4567852;0,1803831
17;torus;1;5;8,905579;5;12,37762;0,6443611;0,1403517;0,5363693;0,3283452;0,1788496
17;torus;1;5;8,919223;5;12,37762;0,6443611;0,1403517;0,5363693;0,3283452;0,18776
17;torus;1;5;8,93311;5;12,37762;0,6813759;0,1483361;0,5620566;0,3554742;0,1866045
17;torus;1;5;8,947198;5;12,37762;0,6983324;0,1310572;0,5724627;0,3778605;0,1814079
17;torus;1;5;8,960977;5;12,37762;0,6564859;0,1123441;0,5298666;0,3709365;0,1752911
17;torus;1;5;8,97488;5;12,37762;0,6564859;0,1123441;0,5298666;0,3709365;0,1752911
17;torus;1;5;8,98918;5;12,37762;1,057017;0,1861264;0,7779485;0,6909692;0,1731931
17;torus;1;5;9,003013;5;12,37762;0,8416001;0,1468461;0,5871276;0,5848145;0,180277
17;torus;1;5;9,01661;5;12,37762;0,8416001;0,1468461;0,5871276;0,5848145;0,1736179
17;torus;1;5;9,030552;5;12,37762;1,070847;0,1837221;0,6704402;0,8145359;0,1709869
17;torus;1;5;9,044459;5;12,37762;0,8358517;0,1453434;0,4978948;0,6554572;0,1701377
17;torus;1;5;9,058538;5;12,37762;0,8358517;0,1453434;0,4978948;0,6554572;0,1762766
17;torus;1;5;9,072471;5;12,37762;1,000037;0,1769395;0,5409613;0,8222693;0,1751526
17;torus;1;5;9,086646;5;12,37762;0,7728804;0,1388623;0,3769793;0,6602635;0,1718377
17;torus;1;5;9,100952;5;12,37762;0,7525396;0,1385424;0,2989788;0,6765601;0,1696279
17;torus;1;5;9,114487;5;12,37762;0,7525396;0,1385424;0,2989788;0,6765601;0,1696279
17;torus;1;5;9,128391;5;12,37762;1,047107;0,2226018;0,1254072;1,015458;0,1636242
17;torus;1;5;9,142117;5;12,37762;0,6888607;0,1459775;-0,001483369;0,6732143;0,1737933
17;torus;1;5;9,157752;5;12,37762;0,6888607;0,1459775;-0,001483369;0,6732143;0,1708862
17;torus;1;5;9,171903;5;12,37762;0,9631292;0,1960352;-0,2237605;0,9160346;0,1660561
17;torus;1;5;9,197641;5;12,37762;0,7467703;0,1410926;-0,1854567;0,7094818;0,1634822
17;torus;1;5;9,213095;5;12,37762;0,8951532;0,1584385;-0,1438013;0,8692052;0,1623496
17;torus;1;5;9,239122;5;12,37762;0,5631175;0,09621616;-0,1253663;0,5404878;0,1480379
17;torus;1;5;9,252804;5;12,37762;0,6806628;0,1129666;-0,1776302;0,6472927;0,1474605
17;torus;1;5;9,266891;5;12,37762;0,5486972;0,08925962;-0,170279;0,5139128;0,1473665
17;torus;1;5;9,280946;5;12,37762;0,5172385;0,08223131;-0,2036575;0,4682918;0,1531115
17;torus;1;5;9,295349;5;12,37762;0,5172385;0,08223131;-0,2036575;0,4682918;0,1508799
17;torus;1;5;9,308728;5;12,37762;0,6136187;0,09287693;-0,3142543;0,5187929;0,1482264
17;torus;1;5;9,322534;5;12,37762;0,5108662;0,07641341;-0,2469591;0,4406319;0,1470692
17;torus;1;5;9,336634;5;12,37762;0,5108662;0,07641341;-0,2469591;0,4406319;0,1470692
17;torus;1;5;9,35111;5;12,37762;0,615476;0,08870824;-0,3148424;0,5213595;0,1462226
17;torus;1;5;9,365662;5;12,37762;0,553449;0,07763392;-0,2812368;0,4703027;0,1420047
17;torus;1;5;9,379683;5;12,37762;0,553449;0,07763392;-0,2812368;0,4703027;0,1502357
17;torus;1;5;9,392413;5;12,37762;0,7260481;0,09437413;-0,4697674;0,5454887;0,1480403
17;torus;1;5;9,405964;5;12,37762;0,6651571;0,07857409;-0,4352416;0,4968147;0,1470926
17;torus;1;5;9,420169;5;12,37762;0,6605374;0,06896122;-0,4219021;0,5035402;0,1491678
17;torus;1;5;9,43401;5;12,37762;0,6605374;0,06896122;-0,4219021;0,5035402;0,1406106
17;torus;1;5;9,447954;5;12,37762;0,8680695;0,0733906;-0,5477545;0,6694202;0,1432137
17;torus;1;5;9,46195;5;12,37762;0,7340558;0,05548066;-0,4816505;0,5511557;0,1477913
17;torus;1;5;9,475982;5;12,37762;0,7340558;0,05548066;-0,4816505;0,5511557;0,1477913
17;torus;1;5;9,489943;5;12,37762;0,8541428;0,05339571;-0,5746909;0,6296341;0,1529467
17;torus;1;5;9,504141;5;12,37762;0,7466935;0,0411691;-0,5335672;0,5207325;0,1529073
17;torus;1;5;9,51773;5;12,37762;0,7466935;0,0411691;-0,5335672;0,5207325;0,1591457
17;torus;1;5;9,5318;5;12,37762;1,019212;0,04154379;-0,820673;0,6029622;0,1627372
17;torus;1;5;9,545899;5;12,37762;0,9307672;0,02984696;-0,7937713;0,4851432;0,1666757
17;torus;1;5;9,559549;5;12,37762;0,9307672;0,02984696;-0,7937713;0,4851432;0,1639134
17;torus;1;5;9,573644;5;12,37762;1,209868;0,0233296;-1,117626;0,4627637;0,1652822
17;torus;1;5;9,587521;5;12,37762;0,9317312;0,01301632;-0,8738007;0,3231501;0,1717548
17;torus;1;5;9,601491;5;12,37762;0,9053144;0,007572911;-0,8496771;0,312387;0,1789676
17;torus;1;5;9,615295;5;12,37762;0,9053144;0,007572911;-0,8496771;0,312387;0,1837056
17;torus;1;5;9,629052;5;12,37762;1,326642;-0,003739718;-1,268365;0,3888637;0,1877084
17;torus;1;5;9,643181;5;12,37762;0,8539937;-0,008016159;-0,8374586;0,1670449;0,1921792
17;torus;1;5;9,657525;5;12,37762;0,8539937;-0,008016159;-0,8374586;0,1670449;0,2081612
17;torus;1;5;9,671412;5;12,37762;1,175559;-0,02052643;-1,175062;0,02733068;0,2050518
17;torus;1;5;9,685122;5;12,37762;0,685688;-0,01491146;-0,6848662;0,03006553;0,2003
17;torus;1;5;9,699071;5;12,37762;0,685688;-0,01491146;-0,6848662;0,03006553;0,2003
17;torus;1;5;9,712678;5;12,37762;1,096407;-0,0395802;-1,074584;0,2140325;0,2138249
17;torus;1;5;9,726853;5;12,37762;0,6969987;-0,02626327;-0,666271;0,2029785;0,2227943
17;torus;1;5;9,740538;5;12,37762;0,7630154;-0,03844335;-0,7352249;0,200397;0,2221968
17;torus;1;5;9,75459;5;12,37762;0,7630154;-0,03844335;-0,7352249;0,200397;0,2308585
17;torus;1;5;9,76869;5;12,37762;1,264954;-0,07843328;-1,216347;0,3383176;0,2485288
17;torus;1;5;9,782514;5;12,37762;0,6388533;-0,04448979;-0,6307091;0,09143368;0,2190944
17;torus;1;5;9,796645;5;12,37762;0,6388533;-0,04448979;-0,6307091;0,09143368;0,2220904
17;torus;1;5;9,810531;5;12,37762;0,8282994;-0,05991864;-0,8075638;0,1741562;0,2210171
17;torus;1;5;9,824341;5;12,37762;0,5513431;-0,05109913;-0,5406626;0,09514237;0,223187
17;torus;1;5;9,838178;5;12,37762;0,5513431;-0,05109913;-0,5406626;0,09514237;0,223187
17;torus;1;5;9,852024;5;12,37762;0,800332;-0,08300535;-0,7796944;0,1603688;0,2226254
17;torus;1;5;9,865994;5;12,37762;0,4167978;-0,04368744;-0,4002614;0,1077155;0,2212824
17;torus;1;5;9,87991;5;12,37762;0,4167978;-0,04368744;-0,4002614;0,1077155;0,2093652
17;torus;1;5;9,893811;5;12,37762;0,7684397;-0,08343336;-0,7193082;0,2571654;0,1998877
17;torus;1;5;9,907721;5;12,37762;0,5359476;-0,06462591;-0,521944;0,1031394;0,1950927
17;torus;1;5;9,921814;5;12,37762;0,4222159;-0,05057348;-0,4135936;0,06818295;0,1918997
17;torus;1;5;9,935654;5;12,37762;0,4222159;-0,05057348;-0,4135936;0,06818295;0,1918997
17;torus;1;5;9,949509;5;12,37762;0,8774117;-0,1109063;-0,8697037;0,03415553;0,1884169
17;torus;1;5;9,964046;5;12,37762;0,5104114;-0,06475695;-0,5021824;0,06433715;0,1985537
17;torus;1;5;9,977539;5;12,37762;0,5104114;-0,06475695;-0,5021824;0,06433715;0,1985537
17;torus;1;5;9,991431;5;12,37762;0,7748189;-0,09683206;-0,7553283;0,1429932;0,196772
17;torus;1;5;10,00529;5;12,37762;0,3287539;-0,03460114;-0,3269246;0,001482712;0,1975757
17;torus;1;5;10,01902;5;12,37762;0,3287539;-0,03460114;-0,3269246;0,001482712;0,196222
17;torus;1;5;10,0331;5;12,37762;0,6104179;-0,066606;-0,596907;0,1089755;0,195571
17;torus;1;5;10,04679;5;12,37762;0,4774563;-0,05510555;-0,4609805;0,1114668;0,1833707
17;torus;1;5;10,06083;5;12,37762;0,3252995;-0,0290163;-0,3167946;0,06796318;0,1849794
17;torus;1;5;10,07472;5;12,37762;0,3252995;-0,0290163;-0,3167946;0,06796318;0,1849794
17;torus;1;5;10,08875;5;12,37762;0,6312119;-0,058825;-0,62082;0,09772732;0,1859278
17;torus;1;5;10,10261;5;12,37762;0,5384986;-0,05563497;-0,5189213;0,1326883;0,1864034
17;torus;1;5;10,11667;5;12,37762;0,5384986;-0,05563497;-0,5189213;0,1326883;0,1864034
17;torus;1;5;10,13067;5;12,37762;0,8962684;-0,09586466;-0,8310808;0,3215768;0,186483
17;torus;1;5;10,14433;5;12,37762;0,6213949;-0,06611627;-0,56939;0,2399068;0,1871907
17;torus;1;5;10,15825;5;12,37762;0,6213949;-0,06611627;-0,56939;0,2399068;0,1825961
17;torus;1;5;10,17276;5;12,37762;0,7235776;-0,05799804;-0,5997511;0,4006238;0,1811474
17;torus;1;5;10,1861;5;12,37762;0,5408182;-0,04348864;-0,4215056;0,3360447;0,1830007
17;torus;1;5;10,20005;5;12,37762;0,4520309;-0,02776576;-0,2804025;0,3534621;0,1798386
17;torus;1;5;10,21404;5;12,37762;0,4520309;-0,02776576;-0,2804025;0,3534621;0,1798386
17;torus;1;5;10,22802;5;12,37762;0,7008091;-0,05551669;-0,4249558;0,5544942;0,1754858
17;torus;1;5;10,24213;5;12,37762;0,6072013;-0,05767557;-0,3857763;0,4653424;0,1748225
17;torus;1;5;10,25601;5;12,37762;0,6072013;-0,05767557;-0,3857763;0,4653424;0,1685791
17;torus;1;5;10,2696;5;12,37762;0,8164924;-0,0894307;-0,5107753;0,6306905;0,1655026
17;torus;1;5;10,28364;5;12,37762;0,695725;-0,0777181;-0,4262994;0,5442995;0,1704932
17;torus;1;5;10,29761;5;12,37762;0,695725;-0,0777181;-0,4262994;0,5442995;0,1704932
17;torus;1;5;10,31164;5;12,37762;0,9999805;-0,1028338;-0,5092206;0,8544475;0,1668868
17;torus;1;5;10,32567;5;12,37762;0,8085399;-0,09117237;-0,426314;0,680941;0,171317
17;torus;1;5;10,33936;5;12,37762;0,8085399;-0,09117237;-0,426314;0,680941;0,1692585
17;torus;1;5;10,35331;5;12,37762;1,080553;-0,117181;-0,5394701;0,9288889;0,166992
17;torus;1;5;10,36712;5;12,37762;0,810698;-0,08470577;-0,3666216;0,7180842;0,1662661
17;torus;1;5;10,38124;5;12,37762;0,7479179;-0,08112293;-0,3381707;0,6621487;0,166988
17;torus;1;5;10,39498;5;12,37762;0,7479179;-0,08112293;-0,3381707;0,6621487;0,166988
17;torus;1;5;10,40891;5;12,37762;1,10146;-0,08018466;-0,3277646;1,048501;0,1669385
17;torus;1;5;10,42316;5;12,37762;0,7080954;-0,04129755;-0,1583278;0,688931;0,1788249
17;torus;1;5;10,43687;5;12,37762;0,7080954;-0,04129755;-0,1583278;0,688931;0,1823203
17;torus;1;5;10,45061;5;12,37762;1,246417;-0,04894847;-0,1190337;1,239754;0,183337
17;torus;1;5;10,46505;5;12,37762;0,7234569;-0,01772272;-0,009940037;0,7231714;0,1856943
17;torus;1;5;10,47862;5;12,37762;0,7234569;-0,01772272;-0,009940037;0,7231714;0,1814292
17;torus;1;5;10,49261;5;12,37762;1,180604;0,01659676;0,1767552;1,16718;0,1840453
17;torus;1;5;10,50651;5;12,37762;0,6913917;-0,0001641268;0,09536611;0,684783;0,1834792
17;torus;1;5;10,52045;5;12,37762;0,5513554;0,009568626;0,1062596;0,5409345;0,1724853
17;torus;1;5;10,53445;5;12,37762;0,5513554;0,009568626;0,1062596;0,5409345;0,1724853
17;torus;1;5;10,54823;5;12,37762;1,101664;0,002607049;0,2408762;1,075005;0,1772809
17;torus;1;5;10,56257;5;12,37762;0,7258217;0,01470497;0,2084983;0,6950752;0,1808368
17;torus;1;5;10,57621;5;12,37762;0,7258217;0,01470497;0,2084983;0,6950752;0,1808368
17;torus;1;5;10,58971;5;12,37762;1,090279;-0,004787741;0,2876525;1,051637;0,1887064
17;torus;1;5;10,60365;5;12,37762;0,7345397;0,0128865;0,2445553;0,6925137;0,1888563
17;torus;1;5;10,61761;5;12,37762;0,7345397;0,0128865;0,2445553;0,6925137;0,1888563
17;torus;1;5;10,63149;5;12,37762;1,049737;0,08755616;0,55352;0,8876361;0,1917502
17;torus;1;5;10,64552;5;12,37762;0,7359136;0,04018166;0,3648846;0,6378193;0,1956787
17;torus;1;5;10,65978;5;12,37762;0,7359136;0,04018166;0,3648846;0,6378193;0,1983044
17;torus;1;5;10,67337;5;12,37762;1,081142;0,09267201;0,6580209;0,8528121;0,2027922
17;torus;1;5;10,68745;5;12,37762;0,7087453;0,06657585;0,4618686;0,5334463;0,2035506
17;torus;1;5;10,70133;5;12,37762;0,5334828;0,03405979;0,3150702;0,4291556;0,2124521
17;torus;1;5;10,71503;5;12,37762;0,5334828;0,03405979;0,3150702;0,4291556;0,2124521
17;torus;1;5;10,72909;5;12,37762;0,9645371;0,08786609;0,6717626;0,6865467;0,2163001
17;torus;1;5;10,74293;5;12,37762;0,6400793;0,06547446;0,4802971;0,4180063;0,2187578
17;torus;1;5;10,75719;5;12,37762;0,6400793;0,06547446;0,4802971;0,4180063;0,2187578
17;torus;1;5;10,77093;5;12,37762;1,267977;0,08255271;0,9371143;0,8501576;0,2263247
17;torus;1;5;10,78525;5;12,37762;0,6946414;0,02808164;0,5079253;0,4730222;0,2257011
17;torus;1;5;10,79887;5;12,37762;0,6946414;0,02808164;0,5079253;0,4730222;0,2229299
17;torus;1;5;10,81283;5;12,37762;1,334497;0,1957437;1,228966;0,4818818;0,2073438
17;torus;1;5;10,82694;5;12,37762;0,8030775;0,1819116;0,7815422;0,03214717;0,2063392
17;torus;1;5;10,84054;5;12,37762;0,8329962;0,205917;0,8021231;-0,08988623;0,2015825
17;torus;1;5;10,85461;5;12,37762;0,8329962;0,205917;0,8021231;-0,08988623;0,2045351
17;torus;1;5;10,86842;5;12,37762;1,440707;0,2981674;1,40942;-0,01635494;0,2054049
17;torus;1;5;10,88242;5;12,37762;0,6873278;0,04492535;0,6274531;0,2769544;0,2066912
17;torus;1;5;10,89647;5;12,37762;0,6873278;0,04492535;0,6274531;0,2769544;0,2048352
17;torus;1;5;10,91006;5;12,37762;1,109051;0,0180763;0,9660407;0,544457;0,1989727
17;torus;1;5;10,92402;5;12,37762;0,6871116;0,06030181;0,6641911;0,1653364;0,1849574
17;torus;1;5;10,93797;5;12,37762;0,6871116;0,06030181;0,6641911;0,1653364;0,1849574
17;torus;1;5;10,95179;5;12,37762;1,259326;0,1674218;1,246902;0,0557356;0,1928488
17;torus;1;5;10,96626;5;12,37762;0,8964459;0,120768;0,8882721;0,001726254;0,1986678
17;torus;1;5;10,97997;5;12,37762;0,8964459;0,120768;0,8882721;0,001726254;0,1986678
17;torus;1;5;10,99364;5;12,37762;1,43151;0,1548138;1,422131;0,05287103;0,213031
17;torus;1;5;11,00748;5;12,37762;0,8639641;0,07560874;0,858862;0,05543653;0,217217
17;torus;1;5;11,02146;5;12,37762;0,8156645;0,0604047;0,8115524;0,05515918;0,2257031
17;torus;1;5;11,03568;5;12,37762;0,8156645;0,0604047;0,8115524;0,05515918;0,2243715
17;torus;1;5;11,04953;5;12,37762;1,530093;0,06427445;1,515054;0,2041233;0,2407836
17;torus;1;5;11,06315;5;12,37762;0,8053501;0,05153676;0,8034841;0,01860455;0,200048
17;torus;1;5;11,0774;5;12,37762;0,8053501;0,05153676;0,8034841;0,01860455;0,200048
17;torus;1;5;11,09103;5;12,37762;1,419396;0,1095462;1,412298;-0,0900016;0,1928145
17;torus;1;5;11,105;5;12,37762;1,048627;0,08448654;1,038802;-0,1156321;0,1861601
17;torus;1;5;11,11903;5;12,37762;1,048627;0,08448654;1,038802;-0,1156321;0,1861601
17;torus;1;5;11,133;5;12,37762;1,611585;0,09666289;1,60187;-0,1479017;0,1834472
17;torus;1;5;11,14717;5;12,37762;1,164145;0,06664279;1,152911;-0,1469342;0,1857171
17;torus;1;5;11,16083;5;12,37762;1,080074;0,04089973;1,073728;-0,1095271;0,1974973
17;torus;1;5;11,17465;5;12,37762;1,080074;0,04089973;1,073728;-0,1095271;0,1827367
17;torus;1;5;11,18883;5;12,37762;1,529081;-0,06865281;1,513782;0,2045457;0,1886728
17;torus;1;5;11,20286;5;12,37762;0,8172544;-0,1102031;0,7296911;0,3511567;0,1808719
17;torus;1;5;11,21637;5;12,37762;0,8172544;-0,1102031;0,7296911;0,3511567;0,1823404
17;torus;1;5;11,23032;5;12,37762;1,034177;-0,1329401;0,95544;0,3728061;0,1836638
17;torus;1;5;11,24428;5;12,37762;0,8757287;-0,09215131;0,8429676;0,2186652;0,1885972
17;torus;1;5;11,25818;5;12,37762;0,8757287;-0,09215131;0,8429676;0,2186652;0,1831461
17;torus;1;5;11,27207;5;12,37762;1,340562;-0,1393662;1,30571;0,2698218;0,1936107
17;torus;1;5;11,28603;5;12,37762;0,9325065;-0,1030809;0,9063779;0,1934472;0,2032174
17;torus;1;5;11,29995;5;12,37762;0,9325065;-0,1030809;0,9063779;0,1934472;0,2032174
17;torus;1;5;11,31408;5;12,37762;1,296595;-0,187234;1,22031;0,3961642;0,2138538
17;torus;1;5;11,328;5;12,37762;0,7817346;-0,1412577;0,6927815;0,3334803;0,2119922
17;torus;1;5;11,34187;5;12,37762;0,5988851;-0,1372755;0,4485461;0,372324;0,2223309
17;torus;1;5;11,35711;5;12,37762;0,5988851;-0,1372755;0,4485461;0,372324;0,2223309
17;torus;1;5;11,37115;5;12,37762;1,003331;-0,2589161;0,6065958;0,7560933;0,2219599
17;torus;1;5;11,38512;5;12,37762;0,5858862;-0,1515533;0,3486049;0,445835;0,2224403
17;torus;1;5;11,39903;5;12,37762;0,5858862;-0,1515533;0,3486049;0,445835;0,2224403
17;torus;1;5;11,41265;5;12,37762;0,8935258;-0,244058;0,3424465;0,7883872;0,2199878
17;torus;1;5;11,42679;5;12,37762;0,5100068;-0,1360372;0,2369948;0,4306208;0,2201485
17;torus;1;5;11,45178;5;12,37762;0,3939158;-0,09766388;0,05039673;0,3782745;0,2130146
17;torus;1;5;11,46603;5;12,37762;0,8463092;-0,2370418;0,2411783;0,7758115;0,2146505
17;torus;1;5;11,48022;5;12,37762;0,6087474;-0,1667424;-0,008416775;0,5854054;0,2096822
17;torus;1;5;11,49426;5;12,37762;0,6087474;-0,1667424;-0,008416775;0,5854054;0,2102614
17;torus;1;5;11,50815;5;12,37762;1,122591;-0,3102427;-0,1095509;1,073294;0,2006592
17;torus;1;5;11,52287;5;12,37762;0,6317067;-0,1766726;-0,06115228;0,6034074;0,1968239
17;torus;1;5;11,53705;5;12,37762;0,6317067;-0,1766726;-0,06115228;0,6034074;0,1968239
17;torus;1;5;11,55069;5;12,37762;0,929812;-0,2401463;-0,1545497;0,8848698;0,1900902
17;torus;1;5;11,56484;5;12,37762;0,4481495;-0,1034307;-0,1177168;0,4198605;0,1994747
17;torus;1;5;11,57889;5;12,37762;0,4481495;-0,1034307;-0,1177168;0,4198605;0,1963716
17;torus;1;5;11,5926;5;12,37762;0,7480033;-0,1369528;-0,3328042;0,6557395;0,1899819
17;torus;1;5;11,60736;5;12,37762;0,5086283;-0,0904374;-0,2649355;0,4246563;0,1853881
17;torus;1;5;11,62092;5;12,37762;0,3665126;-0,04281806;-0,2389128;0,2746248;0,1813524
17;torus;1;5;11,63484;5;12,37762;0,3665126;-0,04281806;-0,2389128;0,2746248;0,1813524
17;torus;1;5;11,64907;5;12,37762;0,4825462;-0,0632234;-0,2646558;0,3985108;0,1774749
17;torus;1;5;11,66279;5;12,37762;0,3899217;-0,06435933;-0,1938604;0,3321369;0,1750852
17;torus;1;5;11,68856;5;12,37762;0,492654;-0,112969;-0,2027943;0,4345348;0,1715886
17;torus;1;5;11,70275;5;12,37762;0,6840588;-0,1311644;-0,3711919;0,5594183;0,1644457
17;torus;1;5;11,71686;5;12,37762;0,6840588;-0,1311644;-0,3711919;0,5594183;0,1658212
17;torus;1;5;11,73097;5;12,37762;0,7303705;-0,1253221;-0,4458598;0,5647517;0,1603484
17;torus;1;5;11,74484;5;12,37762;0,683048;-0,117817;-0,4394028;0,5095084;0,1557371
17;torus;1;5;11,75879;5;12,37762;0,683048;-0,117817;-0,4394028;0,5095084;0,1557371
17;torus;1;5;11,77277;5;12,37762;0,8503947;-0,1511405;-0,5708233;0,6119546;0,1508857
17;torus;1;5;11,787;5;12,37762;0,6479713;-0,08201849;-0,4822686;0,4249198;0,1433538
17;torus;1;5;11,80122;5;12,37762;0,4125479;-0,04154018;-0,2973184;0,28297;0,1444229
17;torus;1;5;11,81601;5;12,37762;0,4125479;-0,04154018;-0,2973184;0,28297;0,1444229
17;torus;1;5;11,82951;5;12,37762;0,5547521;-0,06115088;-0,3880519;0,3916965;0,1417826
17;torus;1;5;11,84279;5;12,37762;0,5631573;-0,06091142;-0,4170744;0,3734768;0,1393052
17;torus;1;5;11,85629;5;12,37762;0,5631573;-0,06091142;-0,4170744;0,3734768;0,1471319
17;torus;1;5;11,87035;5;12,37762;0,6279937;-0,009475336;-0,5619292;0,2802175;0,1418553
17;torus;1;5;11,88445;5;12,37762;0,5924937;-0,01804875;-0,5256628;0,2727666;0,1406285
17;torus;1;5;11,89822;5;12,37762;0,5924937;-0,01804875;-0,5256628;0,2727666;0,1406285
17;torus;1;5;11,91233;5;12,37762;0,6325168;-0,04127445;-0,5386229;0,3290278;0,1369299
17;torus;1;5;11,92635;5;12,37762;0,5247017;-0,05089358;-0,4162332;0,3153911;0,1383584
17;torus;1;5;11,94043;5;12,37762;0,5279707;-0,05232067;-0,4174475;0,3189878;0,1437106
17;torus;1;5;11,95412;5;12,37762;0,5279707;-0,05232067;-0,4174475;0,3189878;0,1411496
17;torus;1;5;11,96808;5;12,37762;0,7640262;-0,08146331;-0,6256984;0,4308147;0,1402805
17;torus;1;5;11,98222;5;12,37762;0,6174263;-0,07052035;-0,5014484;0,3532586;0,1532403
17;torus;1;5;11,99591;5;12,37762;0,6174263;-0,07052035;-0,5014484;0,3532586;0,1456175
17;torus;1;5;12,00996;5;12,37762;0,7146454;-0,07763529;-0,5885099;0,3979284;0,1451057
17;torus;1;5;12,0242;5;12,37762;0,5510384;-0,05610865;-0,4627881;0,2938066;0,1496986
17;torus;1;5;12,03774;5;12,37762;0,5510384;-0,05610865;-0,4627881;0,2938066;0,1496986
17;torus;1;5;12,05173;5;12,37762;0,6378272;-0,06936368;-0,5085609;0,3786528;0,154852
17;torus;1;5;12,06572;5;12,37762;0,440053;-0,02314463;-0,3951879;0,1921912;0,157375
17;torus;1;5;12,07963;5;12,37762;0,440053;-0,02314463;-0,3951879;0,1921912;0,1674151
17;torus;1;5;12,09359;5;12,37762;0,6055952;-0,02418389;-0,5679877;0,2086879;0,1699327
17;torus;1;5;12,10812;5;12,37762;0,4080158;-0,03671294;-0,3731809;0,1608264;0,1760734
17;torus;1;5;12,12152;5;12,37762;0,3031214;-0,01566154;-0,28926;0,08925232;0,1792763
17;torus;1;5;12,13532;5;12,37762;0,3031214;-0,01566154;-0,28926;0,08925232;0,1616351
17;torus;1;5;12,14929;5;12,37762;0,4134043;0,01352162;-0,4107685;0,04460473;0,1626914
17;torus;1;5;12,16378;5;12,37762;0,2867681;-0,02271818;-0,2733522;0,08365665;0,1673419
17;torus;1;5;12,17692;5;12,37762;0,2867681;-0,02271818;-0,2733522;0,08365665;0,1708408
17;torus;1;5;12,19129;5;12,37762;0,4579689;-0,03175512;-0,4468708;0,09504547;0,1751724
17;torus;1;5;12,2047;5;12,37762;0,3813976;-0,02846639;-0,3740959;0,06860042;0,1788904
17;torus;1;5;12,21871;5;12,37762;0,3813976;-0,02846639;-0,3740959;0,06860042;0,1758766
17;torus;1;5;12,23292;5;12,37762;0,6598439;-0,06368317;-0,6456541;0,1202876;0,1823778
17;torus;1;5;12,24644;5;12,37762;0,3954521;-0,0437122;-0,3849083;0,07948072;0,1716347
17;torus;1;5;12,26038;5;12,37762;0,3245963;-0,03238985;-0,318657;0,05264386;0,1750284
17;torus;1;5;12,27457;5;12,37762;0,3245963;-0,03238985;-0,318657;0,05264386;0,1750284
17;torus;1;5;12,28816;5;12,37762;0,6383681;-0,0836616;-0,6207001;0,1234742;0,1825853
17;torus;1;5;12,30219;5;12,37762;0,45501;-0,05307648;-0,4465192;0,0695527;0,1880064
17;torus;1;5;12,31652;5;12,37762;0,45501;-0,05307648;-0,4465192;0,0695527;0,1880064
17;torus;1;5;12,33021;5;12,37762;0,6740301;0,03213761;-0,6616037;-0,1247573;0,1922644
17;torus;1;5;12,34421;5;12,37762;0,4243482;0,02156719;-0,414846;-0,0866551;0,1767786
17;torus;1;5;12,35815;5;12,37762;0,4243482;0,02156719;-0,414846;-0,0866551;0,1767786
17;torus;1;5;12,3721;5;12,37762;0,655703;-0,06007377;-0,652402;0,02663006;0,1808047
17;torus;1;5;12,38577;5;12,37762;0,4129729;-0,02717627;-0,4120228;-0,006729374;0,1807435
17;torus;1;5;12,39984;5;12,37762;0,4129729;-0,02717627;-0,4120228;-0,006729374;0,1807435
17;torus;1;5;12,4138;5;12,37762;0,6390383;0,04838734;-0,6055443;-0,198355;0,1814747
17;torus;1;5;12,42791;5;12,37762;0,4165873;0,036975;-0,3878286;-0,1475356;0,180057
17;torus;1;5;12,44137;5;12,37762;0,3581013;-0,009810559;-0,3532168;-0,05812213;0,1810751
17;torus;1;5;12,45546;5;12,37762;0,3581013;-0,009810559;-0,3532168;-0,05812213;0,1782061
17;torus;1;5;12,46953;5;12,37762;0,4309002;-0,02362511;-0,4253178;-0,06497345;0,1793185
17;torus;1;5;12,48336;5;12,37762;0,3619857;-0,02885965;-0,3581801;-0,04367771;0,1824836
17;torus;1;5;12,49708;5;12,37762;0,3619857;-0,02885965;-0,3581801;-0,04367771;0,1824836
17;torus;1;5;12,51114;5;12,37762;0,5455009;-0,01719674;-0,5299793;-0,1280528;0,1836013
17;torus;1;5;12,52526;5;12,37762;0,4407634;-0,01240913;-0,4264773;-0,110614;0,1638104
17;torus;1;5;12,53895;5;12,37762;0,4407634;-0,01240913;-0,4264773;-0,110614;0,1682471
17;torus;1;5;12,55285;5;12,37762;0,6273587;-0,04331742;-0,6119764;-0,1311012;0,1603671
17;torus;1;5;12,56692;5;12,37762;0,433821;-0,05821982;-0,4271258;-0,04873004;0,1776401
17;torus;1;5;12,58077;5;12,37762;0,3494437;-0,07610582;-0,3409953;0,006407168;0,1758602
17;torus;1;5;12,59478;5;12,37762;0,3494437;-0,07610582;-0,3409953;0,006407168;0,1727659
17;torus;1;5;12,60857;5;12,37762;0,5837936;-0,1373901;-0,5670316;0,0203492;0,1752322
17;torus;1;5;12,62263;5;12,37762;0,5521163;-0,1214474;-0,5384535;0,01227547;0,1744835
17;torus;1;5;12,63656;5;12,37762;0,5521163;-0,1214474;-0,5384535;0,01227547;0,166448
17;torus;1;5;12,65046;5;12,37762;0,7594961;-0,1867905;-0,7345782;0,04835758;0,1706964
17;torus;1;5;12,66456;5;12,37762;0,5340037;-0,1226793;-0,5196776;0,006702805;0,1699367
17;torus;1;5;12,67826;5;12,37762;0,5340037;-0,1226793;-0,5196776;0,006702805;0,1663004
17;torus;1;5;12,69226;5;12,37762;0,7090818;-0,1885518;-0,6823662;0,0402692;0,1705545
17;torus;1;5;12,70607;5;12,37762;0,5259344;-0,1542856;-0,4998204;0,05461277;0,1668597
17;torus;1;5;12,72057;5;12,37762;0,4367015;-0,1000008;-0,4247231;-0,01784171;0,173952
17;torus;1;5;12,73395;5;12,37762;0,4367015;-0,1000008;-0,4247231;-0,01784171;0,173952
17;torus;1;5;12,74768;5;12,37762;0,6455587;-0,1206116;-0,6284325;-0,085273;0,177142
17;torus;1;5;12,76185;5;12,37762;0,4605906;-0,09523243;-0,4485191;-0,04364705;0,171101
17;torus;1;5;12,77593;5;12,37762;0,4605906;-0,09523243;-0,4485191;-0,04364705;0,171101
17;torus;1;5;12,78973;5;12,37762;0,673622;-0,09293677;-0,6490005;-0,1546858;0,1737055
17;torus;1;5;12,80351;5;12,37762;0,4584931;-0,02078466;-0,4211492;-0,1800479;0,1616113
17;torus;1;5;12,8173;5;12,37762;0,4584931;-0,02078466;-0,4211492;-0,1800479;0,1612703
17;torus;1;5;12,83122;5;12,37762;0,5624539;-0,01132604;-0,5037698;-0,2498841;0,1605254
17;torus;1;5;12,84527;5;12,37762;0,5142498;-0,02264294;-0,4693648;-0,2088944;0,1484891
17;torus;1;5;12,85903;5;12,37762;0,5142498;-0,02264294;-0,4693648;-0,2088944;0,1484891
17;torus;1;5;12,8734;5;12,37762;0,541093;-0,05923807;-0,5085039;-0,1752034;0,1505663
17;torus;1;5;12,88704;5;12,37762;0,4412972;-0,03525416;-0,4046423;-0,1725251;0,1521502
17;torus;1;5;12,90119;5;12,37762;0,3848729;0,02040428;-0,3023979;-0,2372052;0,1517
17;torus;1;5;12,91484;5;12,37762;0,3848729;0,02040428;-0,3023979;-0,2372052;0,159197
17;torus;1;5;12,92889;5;12,37762;0,4396885;0,06834041;-0,2678634;-0,3419134;0,1565605
17;torus;1;5;12,94263;5;12,37762;0,3692545;0,04727423;-0,2347353;-0,2810932;0,1490527
17;torus;1;5;12,9564;5;12,37762;0,3692545;0,04727423;-0,2347353;-0,2810932;0,1435824
17;torus;1;5;12,97042;5;12,37762;0,3935853;0,05724283;-0,2207745;-0,3207667;0,1407614
17;torus;1;5;12,98435;5;12,37762;0,3386278;0,03817768;-0,203388;-0,2680385;0,1390044
17;torus;1;5;12,99858;5;12,37762;0,3386278;0,03817768;-0,203388;-0,2680385;0,1390044
17;torus;1;5;13,01258;5;12,37762;0,2951075;0,001472981;-0,2183708;-0,1984955;0,1389636
17;torus;1;5;13,02673;5;12,37762;0,2858047;0,00846842;-0,1974225;-0,2064872;0,1387391
17;torus;1;5;13,04031;5;12,37762;0,3092667;0,02328812;-0,1859118;-0,2460495;0,1379928
17;torus;1;5;13,05408;5;12,37762;0,3092667;0,02328812;-0,1859118;-0,2460495;0,1482814
17;torus;1;5;13,06798;5;12,37762;0,4558697;0,04015197;-0,2700236;-0,3650922;0,1470529
17;torus;1;5;13,08243;5;12,37762;0,4129139;0,02855634;-0,2509841;-0,3266335;0,1354515
17;torus;1;5;13,0961;5;12,37762;0,4129139;0,02855634;-0,2509841;-0,3266335;0,1395682
17;torus;1;5;13,10969;5;12,37762;0,4883346;0,01752533;-0,3070304;-0,3793361;0,1396049
17;torus;1;5;13,12377;5;12,37762;0,4268135;0,01435319;-0,2618062;-0,3367807;0,1400538
17;torus;1;5;13,13765;5;12,37762;0,4268135;0,01435319;-0,2618062;-0,3367807;0,1450434
17;torus;1;5;13,15168;5;12,37762;0,4811765;0,009984444;-0,2800914;-0,3911265;0,145319
17;torus;1;5;13,16539;5;12,37762;0,3868343;-0,002011999;-0,2213129;-0,3172654;0,1459982
17;torus;1;5;13,17941;5;12,37762;0,3868343;-0,002011999;-0,2213129;-0,3172654;0,1428531
17;torus;1;5;13,19335;5;12,37762;0,4844205;-0,010264;-0,253473;-0,4126854;0,1429221
17;torus;1;5;13,20736;5;12,37762;0,4144973;0,02054314;-0,1491324;-0,3861937;0,1418873
17;torus;1;5;13,22096;5;12,37762;0,367978;0,02102425;-0,123235;-0,3460909;0,141171
17;torus;1;5;13,23516;5;12,37762;0,367978;0,02102425;-0,123235;-0,3460909;0,141171
17;torus;1;5;13,2489;5;12,37762;0,6164501;0,04718505;-0,2039865;-0,579805;0,1406835
17;torus;1;5;13,26304;5;12,37762;0,5211153;0,06355103;-0,1154691;-0,5041719;0,1509672
17;torus;1;5;13,27681;5;12,37762;0,5211153;0,06355103;-0,1154691;-0,5041719;0,1537488
17;torus;1;5;13,29069;5;12,37762;0,7802384;0,1234631;-0,05905309;-0,7681417;0,1498577
17;torus;1;5;13,30476;5;12,37762;0,5525818;0,08713225;-0,01197089;-0,5455377;0,1474864
17;torus;1;5;13,31886;5;12,37762;0,5525818;0,08713225;-0,01197089;-0,5455377;0,1474864
17;torus;1;5;13,33267;5;12,37762;0,7914912;0,1686257;0,2079281;-0,7448419;0,141006
17;torus;1;5;13,34637;5;12,37762;0,5862505;0,1302348;0,2058132;-0,5332631;0,146814
17;torus;1;5;13,36033;5;12,37762;0,5178329;0,1245762;0,2246114;-0,4496459;0,1458259
17;torus;1;5;13,37441;5;12,37762;0,5178329;0,1245762;0,2246114;-0,4496459;0,1458259
17;torus;1;5;13,38813;5;12,37762;0,5725348;0,1303886;0,2570141;-0,4947107;0,1437069
17;torus;1;5;13,40234;5;12,37762;0,4858819;0,1040865;0,2302276;-0,415021;0,130342
17;torus;1;5;13,41596;5;12,37762;0,4858819;0,1040865;0,2302276;-0,415021;0,130342
17;torus;1;5;13,43;5;12,37762;0,4097746;0,06427971;0,2161145;-0,3421665;0,129287
17;torus;1;5;13,44402;5;12,37762;0,3695926;0,05275812;0,2307809;-0,283823;0,132895
17;torus;1;5;13,45794;5;12,37762;0,3695926;0,05275812;0,2307809;-0,283823;0,132895
17;torus;1;5;13,47186;5;12,37762;0,4365474;0,07437986;0,3094893;-0,2987602;0,1308973
17;torus;1;5;13,48622;5;12,37762;0,4472657;0,07993473;0,3300352;-0,2910907;0,129053
17;torus;1;5;13,49986;5;12,37762;0,4472657;0,07993473;0,3300352;-0,2910907;0,130249
17;torus;1;5;13,5135;5;12,37762;0,4133355;0,06048148;0,3302416;-0,2410991;0,1276845
17;torus;1;5;13,52741;5;12,37762;0,3884273;0,0506378;0,3212719;-0,2123581;0,1197674
17;torus;1;5;13,54159;5;12,37762;0,2978591;0,03637626;0,2475494;-0,1616048;0,118033
17;torus;1;5;13,55541;5;12,37762;0,2978591;0,03637626;0,2475494;-0,1616048;0,118033
17;torus;1;5;13,56903;5;12,37762;0,2631761;0,03242621;0,2142833;-0,149308;0,1168614
17;torus;1;5;13,58308;5;12,37762;0,2793366;0,03529057;0,2233433;-0,164016;0,1159923
17;torus;1;5;13,59694;5;12,37762;0,2793366;0,03529057;0,2233433;-0,164016;0,1159923
17;torus;1;5;13,61101;5;12,37762;0,351534;0,0465956;0,2765017;-0,2120184;0,1145027
17;torus;1;5;13,62503;5;12,37762;0,349122;0,04577297;0,268932;-0,2178683;0,113599
17;torus;1;5;13,63902;5;12,37762;0,349122;0,04577297;0,268932;-0,2178683;0,1074347
17;torus;1;5;13,65284;5;12,37762;0,4347375;0,05167991;0,3255828;-0,2834108;0,1066781
17;torus;1;5;13,66662;5;12,37762;0,4109587;0,04728133;0,3032154;-0,2733349;0,1173072
17;torus;1;5;13,68089;5;12,37762;0,3663404;0,04436987;0,272402;-0,2409019;0,1223106
17;torus;1;5;13,69471;5;12,37762;0,3663404;0,04436987;0,272402;-0,2409019;0,1191095
17;torus;1;5;13,70843;5;12,37762;0,7021911;0,09581538;0,5011139;-0,4824694;0,1222804
17;torus;1;5;13,72222;5;12,37762;0,6416215;0,0904303;0,461036;-0,4369741;0,1304258
17;torus;1;5;13,73638;5;12,37762;0,6416215;0,0904303;0,461036;-0,4369741;0,1313166
17;torus;1;5;13,75028;5;12,37762;0,7226776;0,1119891;0,5220093;-0,4870603;0,1349815
17;torus;1;5;13,76409;5;12,37762;0,6810323;0,110129;0,4880139;-0,4620811;0,1394347
17;torus;1;5;13,77816;5;12,37762;0,6810323;0,110129;0,4880139;-0,4620811;0,1434651
17;torus;1;5;13,7919;5;12,37762;1,112296;0,1866553;0,7806196;-0,7700622;0,1528637
17;torus;1;5;13,80588;5;12,37762;0,9072306;0,1519503;0,6425539;-0,6221759;0,1622661
17;torus;1;5;13,81986;5;12,37762;0,9072306;0,1519503;0,6425539;-0,6221759;0,1642808
17;torus;1;5;13,8339;5;12,37762;1,489912;0,2433062;1,050374;-1,028277;0,1813516
17;torus;1;5;13,8478;5;12,37762;0,9190001;0,1471032;0,6248096;-0,6576737;0,1943254
17;torus;1;5;13,86148;5;12,37762;0,8386257;0,1218826;0,5941817;-0,579125;0,2197078
17;torus;1;5;13,8756;5;12,37762;0,8386257;0,1218826;0,5941817;-0,579125;0,2209563
17;torus;1;5;13,88948;5;12,37762;1,061047;0,1341422;0,8206363;-0,6590768;0,2322598
17;torus;1;5;13,90339;5;12,37762;0,5594727;0,07885714;0,4139223;-0,3680484;0,2203808
17;torus;1;5;13,91762;5;12,37762;0,5594727;0,07885714;0,4139223;-0,3680484;0,216858
17;torus;1;5;13,93128;5;12,37762;0,9220572;0,1262628;0,6640835;-0,6270887;0,2090924
17;torus;1;5;13,9451;5;12,37762;0,4063539;0,04448979;0,2640211;-0,3056747;0,208235
17;torus;1;5;13,95912;5;12,37762;0,4063539;0,04448979;0,2640211;-0,3056747;0,208235
17;torus;1;5;13,97283;5;12,37762;0,6336265;0,06769782;0,4318806;-0,4586707;0,2035224
17;torus;1;5;13,98681;5;12,37762;0,405256;0,03669261;0,2871589;-0,2835945;0,2012299
17;torus;1;5;14,00086;5;12,37762;0,3073233;0,02169678;0,2111289;-0,2222644;0,2021389
17;torus;1;5;14,01461;5;12,37762;0,3073233;0,02169678;0,2111289;-0,2222644;0,2021389
17;torus;1;5;14,02914;5;12,37762;0,465828;0,0228471;0,3251677;-0,3327757;0,1990627
17;torus;1;5;14,0425;5;12,37762;0,3452951;0,01877757;0,2233067;-0,262698;0,1960705
17;torus;1;5;14,05658;5;12,37762;0,3452951;0,01877757;0,2233067;-0,262698;0,1960705
17;torus;1;5;14,07046;5;12,37762;0,3714792;0,006278669;0,1422307;-0,3431149;0,191676
17;torus;1;5;14,08418;5;12,37762;0,257702;-0,0009213371;0,09631997;-0,2390229;0,188747
17;torus;1;5;14,09853;5;12,37762;0,257702;-0,0009213371;0,09631997;-0,2390229;0,188747
17;torus;1;5;14,11244;5;12,37762;0,2915286;-0,01382311;0,1091357;-0,2699764;0,1856686
17;torus;1;5;14,1262;5;12,37762;0,1814895;-0,01617083;0,0640073;-0,1690562;0,1838329
17;torus;1;5;14,14005;5;12,37762;0,08252644;-0,01684234;0,03728506;-0,07167128;0,1832576
17;torus;1;5;14,15398;5;12,37762;0,08252644;-0,01684234;0,03728506;-0,07167128;0,1842658
17;torus;1;5;14,168;5;12,37762;0,1280405;-0,03338504;0,004205125;-0,12354;0,1827265
17;torus;1;5;14,18196;5;12,37762;0,1629442;-0,02162608;0,01851263;-0,1604382;0,1807326
17;torus;1;5;14,19558;5;12,37762;0,1629442;-0,02162608;0,01851263;-0,1604382;0,1754115
17;torus;1;5;14,20988;5;12,37762;0,2726222;-0,01205177;-0,00814147;-0,2722339;0,171353
17;torus;1;5;14,22371;5;12,37762;0,2104075;-0,007980791;-0,01153451;-0,2099395;0,1682098
17;torus;1;5;14,23756;5;12,37762;0,2104075;-0,007980791;-0,01153451;-0,2099395;0,1682098
17;torus;1;5;14,25143;5;12,37762;0,4382806;0,01867813;-0,02687024;-0,4370572;0,1614747
17;torus;1;5;14,26529;5;12,37762;0,3452411;0,01892525;-0,004266796;-0,3446956;0,1634717
17;torus;1;5;14,27913;5;12,37762;0,3452411;0,01892525;-0,004266796;-0,3446956;0,1634717
17;torus;1;5;14,29304;5;12,37762;0,343197;0,01934367;0,02690134;-0,3415938;0,1587734
17;torus;1;5;14,30694;5;12,37762;0,2927831;0,01612074;0,03180827;-0,2906034;0,1476827
17;torus;1;5;14,32114;5;12,37762;0,2240469;0,01224015;0,05184365;-0,2176222;0,1468707
17;torus;1;5;14,3351;5;12,37762;0,2240469;0,01224015;0,05184365;-0,2176222;0,1396733
17;torus;1;5;14,34893;5;12,37762;0,252819;0,01265495;0,07111198;-0,2422817;0,13757
17;torus;1;5;14,36286;5;12,37762;0,2027375;0,008351676;0,06313407;-0,1924755;0,1424324
17;torus;1;5;14,37664;5;12,37762;0,2027375;0,008351676;0,06313407;-0,1924755;0,1424324
17;torus;1;5;14,39053;5;12,37762;0,216876;0,004824145;0,07708224;-0,202658;0,1407423
17;torus;1;5;14,40455;5;12,37762;0,1804793;0,001506968;0,06145786;-0,1696863;0,1335912
17;torus;1;5;14,41844;5;12,37762;0,1804793;0,001506968;0,06145786;-0,1696863;0,1335912
17;torus;1;5;14,43229;5;12,37762;0,2112251;0,003221181;0,07799309;-0,1962721;0,1325203
17;torus;1;5;14,44645;5;12,37762;0,1977413;0,00215022;0,06891813;-0,1853302;0,131552
17;torus;1;5;14,46043;5;12,37762;0,2021811;0,002356512;0,06104808;-0,1927298;0,1305182
17;torus;1;5;14,47422;5;12,37762;0,2021811;0,002356512;0,06104808;-0,1927298;0,1399178
17;torus;1;5;14,48813;5;12,37762;0,2694934;0,007303461;0,0866947;-0,2550635;0,1370904
17;torus;1;5;14,50213;5;12,37762;0,2724369;0,008746139;0,08616717;-0,2583033;0,1261131
17;torus;1;5;14,51604;5;12,37762;0,2724369;0,008746139;0,08616717;-0,2583033;0,1261131
17;torus;1;5;14,52985;5;12,37762;0,2991494;0,01690296;0,06596382;-0,2912961;0,1244337
17;torus;1;5;14,54366;5;12,37762;0,3165379;0,02173094;0,04838056;-0,312063;0,1226605
17;torus;1;5;14,55797;5;12,37762;0,3165379;0,02173094;0,04838056;-0,312063;0,1211591
17;torus;1;5;14,57178;5;12,37762;0,3382115;0,03308407;0,03967013;-0,3342436;0,1188206
17;torus;1;5;14,58571;5;12,37762;0,3598259;0,03671275;0,03457098;-0,3562748;0,1196169
17;torus;1;5;14,59964;5;12,37762;0,3598259;0,03671275;0,03457098;-0,3562748;0,123031
17;torus;1;5;14,61405;5;12,37762;0,2988301;0,0322923;0,02191464;-0,2962708;0,1216264
17;torus;1;5;14,62741;5;12,37762;0,3080447;0,03324194;0,01304041;-0,3059681;0,1098693
17;torus;1;5;14,6414;5;12,37762;0,2623073;0,0285117;0,003306727;-0,2607322;0,1114814
17;torus;1;5;14,65535;5;12,37762;0,2623073;0,0285117;0,003306727;-0,2607322;0,1114814
17;torus;1;5;14,6694;5;12,37762;0,2481683;0,02773131;0,001608378;-0,2466088;0,1107547
17;torus;1;5;14,68306;5;12,37762;0,2570268;0,02902097;0,001236262;-0,2553802;0,1124089
17;torus;1;5;14,69691;5;12,37762;0,2570268;0,02902097;0,001236262;-0,2553802;0,1124089
17;torus;1;5;14,71103;5;12,37762;0,2191375;0,02478055;-0,002434949;-0,2177183;0,1118086
17;torus;1;5;14,72491;5;12,37762;0,2259041;0,02535328;-0,005022966;-0,2244207;0,1136338
17;torus;1;5;14,73879;5;12,37762;0,2259041;0,02535328;-0,005022966;-0,2244207;0,1136338
17;torus;1;5;14,75234;5;12,37762;0,3339307;0,03716933;-0,007803995;-0,3317639;0,1127617
17;torus;1;5;14,76664;5;12,37762;0,3407173;0,03705861;-0,01011415;-0,3385449;0,1142112
17;torus;1;5;14,78023;5;12,37762;0,4368281;0,0463095;-0,01270688;-0,4341806;0,1183424
17;torus;1;5;14,79412;5;12,37762;0,4368281;0,0463095;-0,01270688;-0,4341806;0,118375
17;torus;1;5;14,80843;5;12,37762;0,9067175;0,09195449;-0,01260868;-0,9019545;0,1213587
17;torus;1;5;14,82213;5;12,37762;0,7951293;0,07843442;0,001273299;-0,7912503;0,1177628
17;torus;1;5;14,83617;5;12,37762;0,7951293;0,07843442;0,001273299;-0,7912503;0,1115395
17;torus;1;5;14,85018;5;12,37762;0,2979621;0,02733848;0,01093359;-0,2965037;0,1126732
17;torus;1;5;14,86475;5;12,37762;0,2945715;0,02594348;0,01472731;-0,293057;0,1141402
17;torus;1;5;14,87883;5;12,37762;0,2945715;0,02594348;0,01472731;-0,293057;0,1112594
17;torus;1;5;14,89222;5;12,37762;0,390186;0,03134081;0,02428383;-0,3881664;0,113101
17;torus;1;5;14,9062;5;12,37762;0,385938;0,02954407;0,02673645;-0,3838755;0,1238394
17;torus;1;5;14,9198;5;12,37762;0,385938;0,02954407;0,02673645;-0,3838755;0,1251448
17;torus;1;5;14,93325;5;12,37762;0,8563844;0,05923665;0,06654268;-0,8517378;0,1303219
17;torus;1;5;14,94719;5;12,37762;0,7581409;0,04940794;0,05659952;-0,754409;0,1370444
17;torus;1;5;14,96113;5;12,37762;0,7868958;0,04643054;0,04881772;-0,7840064;0,1445765
17;torus;1;5;14,97504;5;12,37762;0,7868958;0,04643054;0,04881772;-0,7840064;0,1550295
17;torus;1;5;14,98914;5;12,37762;1,39209;0,0641392;0,0511996;-1,389669;0,173707
17;torus;1;5;15,00334;5;12,37762;1,004966;0,0400156;0,05490645;-1,002667;0,1888095
17;torus;1;5;15,01723;5;12,37762;1,004966;0,0400156;0,05490645;-1,002667;0,1793898
17;torus;1;5;15,03117;5;12,37762;1,400812;0,0327856;0,1245978;-1,394874;0,2019234
17;torus;1;5;15,04496;5;12,37762;0,784239;0,00672993;0,06949975;-0,7811244;0,2168439
17;torus;1;5;15,05879;5;12,37762;0,784239;0,00672993;0,06949975;-0,7811244;0,2168439
17;torus;1;5;15,07269;5;12,37762;0,9076639;-0,02453753;0,02721731;-0,9069239;0,2310899
17;torus;1;5;15,08669;5;12,37762;0,5046749;-0,0194058;0,02910258;-0,5034612;0,2390638
17;torus;1;5;15,10065;5;12,37762;0,4354577;-0,02360425;0,0316413;-0,4336647;0,2459596
17;torus;1;5;15,11454;5;12,37762;0,4354577;-0,02360425;0,0316413;-0,4336647;0,2459596
17;torus;1;5;15,12861;5;12,37762;0,6120125;-0,04892254;0,05299192;-0,6077481;0,2556512
17;torus;1;5;15,1425;5;12,37762;0,2736771;-0,0255898;0,03097862;-0,2707113;0,2415761
17;torus;1;5;15,15671;5;12,37762;0,2736771;-0,0255898;0,03097862;-0,2707113;0,2362305
17;torus;1;5;15,17049;5;12,37762;0,4986573;-0,05495692;0,01499424;-0,4953928;0,2277065
17;torus;1;5;15,18432;5;12,37762;0,3046362;-0,02897417;0,05509638;-0,2982082;0,2221397
17;torus;1;5;15,19811;5;12,37762;0,3046362;-0,02897417;0,05509638;-0,2982082;0,2221397
17;torus;1;5;15,21201;5;12,37762;0,3651298;-0,04718327;0,0295232;-0,3608627;0,2158674
17;torus;1;5;15,22612;5;12,37762;0,2616043;-0,03304604;-0,0008828359;-0,2595072;0,2116376
17;torus;1;5;15,24;5;12,37762;0,2616043;-0,03304604;-0,0008828359;-0,2595072;0,2101769
17;torus;1;5;15,2538;5;12,37762;0,369606;-0,05114323;-0,03416237;-0,3644529;0,2045593
17;torus;1;5;15,26805;5;12,37762;0,2676461;-0,03589621;-0,03052984;-0,2634651;0,2006375
17;torus;1;5;15,28161;5;12,37762;0,2406603;-0,02826275;-0,008644096;-0,2388386;0,1969098
17;torus;1;5;15,29577;5;12,37762;0,2406603;-0,02826275;-0,008644096;-0,2388386;0,1969098
17;torus;1;5;15,30968;5;12,37762;0,4217761;-0,05929512;-0,110878;-0,4025981;0,1919418
17;torus;1;5;15,32358;5;12,37762;0,2867504;-0,04492557;-0,06545009;-0,2755427;0,1885543
17;torus;1;5;15,33753;5;12,37762;0,2867504;-0,04492557;-0,06545009;-0,2755427;0,1885543
17;torus;1;5;15,35116;5;12,37762;0,3545467;-0,05533261;-0,009801966;-0,3500651;0,1834437
17;torus;1;5;15,36514;5;12,37762;0,2763555;-0,04475296;-0,005164278;-0,2726589;0,1795252
17;torus;1;5;15,37914;5;12,37762;0,2763555;-0,04475296;-0,005164278;-0,2726589;0,1795252
17;torus;1;5;15,39315;5;12,37762;0,326552;-0,05790334;-0,02133811;-0,3206682;0,1752476
17;torus;1;5;15,40691;5;12,37762;0,2422241;-0,04298001;-0,01409274;-0,2379635;0,17214
17;torus;1;5;15,42091;5;12,37762;0,273444;-0,04535856;-0,02061903;-0,2688662;0,1610826
17;torus;1;5;15,43494;5;12,37762;0,273444;-0,04535856;-0,02061903;-0,2688662;0,1610826
17;torus;1;5;15,44873;5;12,37762;0,3924196;-0,05641696;-0,006814899;-0,3882832;0,1557559
17;torus;1;5;15,4629;5;12,37762;0,3603401;-0,04709217;0,003212461;-0,3572352;0,1577325
17;torus;1;5;15,47661;5;12,37762;0,3603401;-0,04709217;0,003212461;-0,3572352;0,1577325
17;torus;1;5;15,49043;5;12,37762;0,4118907;-0,04788181;0,003015182;-0,409087;0,1521204
17;torus;1;5;15,50461;5;12,37762;0,4002792;-0,04551062;0,0003641954;-0,3976834;0,1469403
17;torus;1;5;15,51826;5;12,37762;0,4002792;-0,04551062;0,0003641954;-0,3976834;0,1469403
17;torus;1;5;15,53247;5;12,37762;0,4658279;-0,04428328;0,06582263;-0,4590229;0,1402399
17;torus;1;5;15,54647;5;12,37762;0,4405115;-0,0421301;0,06469651;-0,4336932;0,1341558
17;torus;1;5;15,56004;5;12,37762;0,4075676;-0,04020878;0,0541128;-0,4019533;0,126032
17;torus;1;5;15,57402;5;12,37762;0,4075676;-0,04020878;0,0541128;-0,4019533;0,1324806
17;torus;1;5;15,58814;5;12,37762;0,4361638;-0,04447581;0,06568517;-0,4288895;0,1259136
17;torus;1;5;15,60199;5;12,37762;0,4232715;-0,04446955;0,06189148;-0,416354;0,1198329
17;torus;1;5;15,61569;5;12,37762;0,4232715;-0,04446955;0,06189148;-0,416354;0,1198329
17;torus;1;5;15,62985;5;12,37762;0,404393;-0,04306568;0,07345447;-0,3953271;0,114097
17;torus;1;5;15,64349;5;12,37762;0,3806296;-0,04128766;0,07207151;-0,3714565;0,1168297
17;torus;1;5;15,65751;5;12,37762;0,3806296;-0,04128766;0,07207151;-0,3714565;0,1269382
17;torus;1;5;15,67154;5;12,37762;0,2885813;-0,03284054;0,05482665;-0,2814155;0,1257707
17;torus;1;5;15,68574;5;12,37762;0,286849;-0,03433985;0,04687251;-0,2809022;0,1037078
17;torus;1;5;15,69929;5;12,37762;0,286849;-0,03433985;0,04687251;-0,2809022;0,1037078
17;torus;1;5;15,71325;5;12,37762;0,1661229;0,008056721;-0,011508;-0,1655279;0,1034429
17;torus;1;5;15,72729;5;12,37762;0,1339059;0,01856927;-0,01579258;-0,1316684;0,1036262
17;torus;1;5;15,74101;5;12,37762;0,1113337;0,01550606;-0,01073594;-0,1097246;0,1038636
17;torus;1;5;15,75494;5;12,37762;0,1113337;0,01550606;-0,01073594;-0,1097246;0,1038636
17;torus;1;5;15,7692;5;12,37762;0,1039053;0,01135217;-0,01011739;-0,1027865;0,1040553
17;torus;1;5;15,78297;5;12,37762;0,09299297;0,008940324;-0,01121564;-0,0918802;0,1105015
17;torus;1;5;15,79682;5;12,37762;0,09299297;0,008940324;-0,01121564;-0,0918802;0,1105015
17;torus;1;5;15,81076;5;12,37762;0,08815074;0,007654458;-0,01246609;-0,08692847;0,110102
17;torus;1;5;15,8249;5;12,37762;0,09228186;0,002094887;-0,01523918;-0,09099077;0,1096094
17;torus;1;5;15,83843;5;12,37762;0,09228186;0,002094887;-0,01523918;-0,09099077;0,1096094
17;torus;1;5;15,85236;5;12,37762;0,1104029;-0,01121713;-0,02999545;-0,1056562;0,1087138
17;torus;1;5;15,86658;5;12,37762;0,104473;-0,008423742;-0,02858618;-0,1001323;0,1079384
17;torus;1;5;15,88049;5;12,37762;0,1066412;-0,01336236;-0,02229317;-0,1034254;0,107227
17;torus;1;5;15,89425;5;12,37762;0,1066412;-0,01336236;-0,02229317;-0,1034254;0,107227
17;torus;1;5;15,90811;5;12,37762;0,1550204;-0,009611048;-0,02948038;-0,1518877;0,1063868
17;torus;1;5;15,92199;5;12,37762;0,1556023;-0,0001582652;-0,03745569;-0,1510268;0,1068128
17;torus;1;5;15,93597;5;12,37762;0,1556023;-0,0001582652;-0,03745569;-0,1510268;0,1140726
17;torus;1;5;15,95005;5;12,37762;0,1218408;0,01458064;-0,0407062;-0,1139105;0,1134175
17;torus;1;5;15,9638;5;12,37762;0,1359725;0,0142156;-0,03272209;-0,1312086;0,1129131
17;torus;1;5;15,97781;5;12,37762;0,1359725;0,0142156;-0,03272209;-0,1312086;0,1129131
17;torus;1;5;15,99167;5;12,37762;0,1688578;0,01464593;-0,01894777;-0,167151;0,112592
17;torus;1;5;16,00553;5;12,37762;0,1759579;0,02021878;-0,01794654;-0,1738686;0,112431
17;torus;1;5;16,01951;5;12,37762;0,1759579;0,02021878;-0,01794654;-0,1738686;0,112431
17;torus;1;5;16,03358;5;12,37762;0,2074669;0,01872008;-0,02486842;-0,2051186;0,112239
17;torus;1;5;16,04747;5;12,37762;0,2097524;0,02470475;-0,02831635;-0,2063588;0,1124938
17;torus;1;5;16,06124;5;12,37762;0,1120243;0,04869872;-0,02782144;-0,09697339;0,1127512
17;torus;1;5;16,07555;5;12,37762;0,1120243;0,04869872;-0,02782144;-0,09697339;0,1077555
17;torus;1;5;16,08966;5;12,37762;0,4156338;-0,01851165;-0,03684455;-0,4135835;0,1091065
17;torus;1;5;16,10324;5;12,37762;0,372727;-0,006994799;-0,04370715;-0,3700894;0,111708
17;torus;1;5;16,11713;5;12,37762;0,372727;-0,006994799;-0,04370715;-0,3700894;0,1095159
17;torus;1;5;16,13086;5;12,37762;0,4583678;-0,1120649;-0,02930162;-0,4434906;0,1115762
17;torus;1;5;16,1448;5;12,37762;0,4494676;-0,1089232;-0,02787727;-0,4351778;0,1043448
17;torus;1;5;16,15869;5;12,37762;0,4494676;-0,1089232;-0,02787727;-0,4351778;0,1123025
17;torus;1;5;16,17255;5;12,37762;1,24102;-0,2946768;-0,07837337;-1,202977;0,1117775
17;torus;1;5;16,18673;5;12,37762;1,081513;-0,2544085;-0,08388144;-1,047812;0,1240299
17;torus;1;5;16,20062;5;12,37762;1,629844;-0,378767;-0,1425292;-1,578801;0,1590994
17;torus;1;5;16,21433;5;12,37762;1,629844;-0,378767;-0,1425292;-1,578801;0,1461325
17;torus;1;5;16,2284;5;12,37762;1,844669;-0,4074661;-0,1562206;-1,792309;0,1688513
17;torus;1;5;16,24234;5;12,37762;1,287099;-0,2739143;-0,1142007;-1,252419;0,1811094
17;torus;1;5;16,25639;5;12,37762;1,287099;-0,2739143;-0,1142007;-1,252419;0,1753033
17;torus;1;5;16,27048;5;12,37762;1,547145;-0,3013698;-0,2304749;-1,499905;0,2013348
