participantNumber
6
repetitionNum
5
sdfEnabled
0
taskTime
10,03996
numHits
7
positionDifference
0,1163227
angleDifference
45,42672
finalPosX
-0,02327204
finalPosY
-0,02170086
finalPosZ
-0,7246088
finalRotX
13,87815
finalRotY
42,55987
finalRotZ
15,51227
taskType
torus
velocityMagnitude
0,4448859
0,4448859
1,012028
0,4698933
0,4826762
0,4826762
0,9541445
0,4381321
0,4381321
0,7905129
0,2812066
0,2812066
0,6049953
0,3730752
0,3730752
0,4705241
0,2181076
0,1688645
0,1688645
0,2860392
0,1755026
0,1755026
0,3781565
0,1764311
0,1764311
0,2824284
0,2124617
0,2996342
0,2996342
0,4540355
0,1283502
0,1283502
0,3998279
0,2388611
0,2388611
0,3475049
0,1678677
0,105395
0,105395
0,197285
0,09107865
0,09107865
0,2578917
0,06648202
0,06648202
0,1610349
0,1150342
0,1150342
0,3152885
0,3624797
0,434466
0,434466
0,5896038
0,2819951
0,2819951
0,3801181
0,1352553
0,1352553
0,1134754
0,1844792
0,2571198
0,2571198
0,4895258
0,2049735
0,2049735
0,3039088
0,1866615
0,1866615
0,902768
0,5179281
0,5910387
0,5910387
0,9510341
0,2430115
0,2430115
0,3331207
0,2625457
0,2625457
0,7900577
0,3555354
0,3555354
0,6213163
0,2691467
0,2264856
0,2264856
0,255643
0,3204777
0,3204777
0,7868168
0,3806449
0,3806449
0,8269449
0,3107101
0,2629043
0,2629043
0,766435
0,5524576
0,5524576
1,163922
0,4562901
0,4562901
1,011252
0,3686998
0,3686998
0,8902289
0,5053592
0,4818771
0,4818771
0,7166065
0,482598
0,482598
0,8779095
0,3505128
0,3505128
1,033728
0,6383677
0,5678394
0,5678394
1,033259
0,4514459
0,4514459
0,7897258
0,4809683
0,4809683
1,005105
0,6889283
0,8346711
0,8346711
1,67909
0,8422298
0,8422298
1,683614
0,7908954
0,7908954
1,364996
0,77378
0,77378
1,605292
0,5822303
0,5185071
0,5185071
1,371535
0,753056
0,753056
1,494839
0,6249187
0,6249187
1,080045
0,3259959
0,5259597
0,5259597
1,712242
0,8549314
0,8549314
1,587343
1,047008
1,047008
2,1939
0,9441625
0,8786554
0,8786554
1,678425
0,9330208
0,9330208
2,031594
1,004411
1,004411
1,903547
1,035078
1,035078
2,131026
0,8196268
0,8290899
0,8290899
1,711806
1,063306
1,063306
1,830143
0,9079779
0,9079779
1,674075
0,6710795
0,5416868
0,5416868
0,9360685
0,2847433
0,2847433
0,3460675
0,2264291
0,2264291
0,6489745
0,4593168
0,4593168
0,9495389
0,274062
0,3824336
0,3824336
0,6456285
0,3186573
0,3186573
1,334737
1,039205
1,039205
2,310845
0,9232653
0,8775864
0,8775864
1,633852
0,6813884
0,6813884
1,793441
1,049479
1,049479
1,235419
0,3810621
0,3810621
0,4971898
0,1488961
0,2234502
0,2234502
1,214815
0,5110295
0,5110295
0,1828341
0,1359063
0,1359063
0,6037517
0,63543
0,7663314
0,7663314
1,413849
0,5614369
0,5614369
1,205199
0,8358747
0,8358747
1,113492
0,4664643
0,476723
0,476723
1,101555
0,4437185
0,4437185
1,0079
0,4721185
0,4721185
0,6960967
0,3203244
0,3203244
0,3555253
0,08415315
0,13711
0,13711
0,1757691
0,4238303
0,4238303
0,7327386
0,1461758
0,1461758
0,6230623
0,7156891
0,7455776
0,7455776
1,079003
0,5262991
0,5262991
0,91448
0,5146554
0,5146554
1,028449
0,2518919
0,2518919
0,7414163
0,5027059
0,4292377
0,4292377
0,7684038
0,8323264
0,8323264
2,104414
1,351628
1,351628
1,834196
0,6310834
0,5784281
0,5784281
1,482543
0,7451066
0,7451066
1,322014
0,464457
0,464457
0,7280995
0,5960924
0,6654923
0,6654923
1,612602
0,7734979
0,7734979
1,867682
0,8957461
0,8957461
2,22732
1,142195
1,142195
1,134916
0,5332196
0,7748782
0,7748782
2,193717
1,097841
1,097841
1,02424
0,400025
0,400025
0,9437774
0,8380737
0,8670277
0,8670277
0,9275872
0,4083058
0,4083058
1,256347
0,6928056
0,6928056
1,106646
0,6159663
0,6159663
1,1064
0,560326
0,6889407
0,6889407
1,406149
0,615894
0,615894
1,390613
0,7989711
0,7989711
1,39435
0,8338107
0,8924498
0,8924498
1,474063
1,040555
1,040555
1,944801
0,9094041
0,9094041
1,790384
0,8328425
0,8328425
1,418608
0,7093064
0,6179567
0,6179567
1,161573
0,7536687
0,7536687
1,424763
0,6021789
0,6021789
1,360446
0,5138554
0,6054215
0,6054215
1,21123
0,5710058
0,5710058
1,336883
0,5995408
0,5995408
1,290658
0,623347
0,623347
1,498073
0,8859908
0,7151028
0,7151028
1,025772
0,6991661
0,6991661
1,550098
0,5067395
0,5067395
1,062413
0,5134158
0,4667119
0,4667119
0,91559
0,4768384
0,4768384
1,005453
0,6098532
0,6098532
0,8679665
0,4479669
0,4479669
1,312562
0,6542339
0,6805526
0,6805526
1,493206
0,8680707
0,8680707
1,779086
0,7889335
0,7889335
1,779499
0,7278923
0,6705804
0,6705804
1,402499
0,8348268
0,8348268
1,724799
0,6734121
0,6734121
0,8094047
0,5850782
0,6871276
0,6871276
1,208157
0,6691762
0,6691762
1,630087
0,6307051
0,6307051
1,693558
0,8858415
0,8858415
1,523663
0,7356397
0,731306
0,731306
1,576763
0,5560431
0,5560431
1,148332
0,7268057
0,7268057
1,315366
0,5570235
0,5373651
0,5373651
1,268466
0,3863167
0,3863167
0,5987366
0,4687517
0,4687517
0,8846415
0,3477973
0,3477973
0,3851405
0,3779305
0,4317652
0,4317652
1,06477
0,5151222
0,5151222
1,057975
0,5622516
0,5622516
1,095929
0,5089059
0,4679502
0,4679502
0,8011839
0,4757009
0,4757009
0,9965209
0,536123
0,536123
1,164414
0,730243
0,8032644
0,8032644
1,466948
0,6794201
0,6794201
1,27523
0,5635134
0,5635134
1,313569
0,8520133
0,8520133
1,294547
0,76186
0,6682425
0,6682425
1,596179
0,958663
0,958663
1,742046
0,7461033
0,7461033
1,500625
0,8802744
0,8802744
1,358483
0,6978434
0,7285999
0,7285999
1,425892
0,5559114
0,5559114
1,265724
0,78122
0,78122
1,317109
0,625948
0,6509727
0,6509727
1,190705
0,4639085
0,4639085
1,091784
0,5229079
0,5229079
0,9784693
0,4219053
0,4927789
0,4927789
1,418438
0,5914243
0,5914243
1,257107
0,5946827
0,5946827
1,311246
0,8384805
0,8384805
1,318353
0,4580566
0,4327508
0,4327508
1,053886
0,6480373
0,6480373
0,8150922
0,3322897
0,3322897
0,7916354
0,2366398
0,2369892
0,2369892
0,2713349
0,203078
0,203078
1,553334
0,9355938
0,9355938
1,268999
0,6417292
0,6417292
1,563504
0,6130735
0,4919487
0,4919487
1,173314
0,4240337
0,4240337
0,806673
1,06179
1,06179
1,093547
0,7470515
0,4267523
0,4267523
0,8338755
0,4399992
0,4399992
1,075148
1,135933
1,135933
1,258652
0,8183991
0,8183991
0,9401324
0,3866839
0,5182118
0,5182118
0,6859853
0,1316607
0,1316607
0,3075898
0,1303612
0,1303612
0,5044633
0,5064832
0,6967009
0,6967009
1,024476
0,6819373
0,6819373
1,378828
0,6833364
0,6833364
0,9000237
0,6511314
0,6070687
0,6070687
1,083161
0,8254212
0,8254212
2,392816
0,7785604
0,7785604
1,509142
0,727692
0,727692
1,558142
0,8700381
0,9126543
0,9126543
1,664471
0,744763
0,744763
1,407101
0,5783203
0,5783203
1,597203
0,6728562
0,7106079
0,7106079
1,255421
0,670585
0,670585
1,31823
0,4957196
0,4957196
1,235058
0,7210835
0,7210835
1,177229
0,6063437
0,5536483
0,5536483
1,095918
0,5257989
0,5257989
0,9289752
0,4308412
0,4308412
1,004133
0,3901262
0,364422
0,364422
0,8347052
0,2887729
0,2887729
0,5637336
0,3603586
0,3603586
0,76877
0,4660015
0,4660015
0,7161076
0,2769082
0,17914
0,17914
0,3950941
0,1875434
0,1875434
0,3692038
0,17178
0,17178
0,1460377
0,1898614
0,2908289
0,2908289
0,9198636
1,789616
1,789616
1,142833
1,063754
1,063754
1,683384
3,399202
0,7411031
0,7411031
1,515768
0,6520635
0,6520635
1,533651
0,9142816
0,9142816
1,344776
0,4253351
0,4253351
1,296786
0,7989232
0,788683
0,788683
1,408013
0,6147038
0,6147038
1,438956
0,5976586
0,5976586
1,68253
0,8567187
0,6965325
0,6965325
1,01977
0,6613931
0,6613931
1,205921
1,3931
1,3931
1,131321
1,209333
1,209333
2,078275
1,041556
0,9366547
0,9366547
1,970581
0,8973504
0,8973504
1,551279
velocityComponents
0,08491278
0,3463343
-0,2660185
0,08491278
0,3463343
-0,2660185
0,2507806
0,6854087
-0,7010877
0,01780391
0,4530251
-0,1234949
-0,06918311
0,4762203
0,03747344
-0,06918311
0,4762203
0,03747344
-0,2301872
0,8995309
0,219658
-0,04523396
0,4355147
-0,01550913
-0,04523396
0,4355147
-0,01550913
0,05782843
0,7046387
-0,3536254
-0,01317859
0,2464026
-0,1348674
-0,01317859
0,2464026
-0,1348674
-0,08190274
0,5838618
-0,1357079
-0,03220439
0,3671706
-0,05773902
-0,03220439
0,3671706
-0,05773902
-0,1269579
0,447315
-0,07199943
-0,02536178
0,1882702
-0,1071543
-0,02635717
0,120315
-0,1155198
-0,02635717
0,120315
-0,1155198
-0,05323887
0,1310766
-0,248602
-0,01215339
0,1107991
-0,1355618
-0,01215339
0,1107991
-0,1355618
-0,1020551
0,3569856
-0,07175207
-0,05175471
0,1644269
-0,03759265
-0,05175471
0,1644269
-0,03759265
-0,1284182
0,247322
-0,04589558
-0,07652044
0,1971744
0,02017021
-0,06808043
0,2903216
0,02931058
-0,06808043
0,2903216
0,02931058
-0,1098454
0,4395582
-0,02951026
-0,05975962
0,1102418
-0,02737343
-0,05975962
0,1102418
-0,02737343
-0,1220882
0,3805771
-0,01085699
-0,1164198
0,1826756
0,1006514
-0,1164198
0,1826756
0,1006514
-0,2002835
0,2597094
0,114879
-0,1166701
0,09006932
0,08034408
-0,09456277
0,01736134
0,04318058
-0,09456277
0,01736134
0,04318058
0,02298951
0,01063272
-0,1956522
-0,01251698
0,03009439
-0,08504689
-0,01251698
0,03009439
-0,08504689
-0,0191927
0,1038879
-0,2352595
-0,03886223
0,0272654
-0,04654229
-0,03886223
0,0272654
-0,04654229
-0,07580519
-0,03183335
-0,1384646
-0,02928376
0,02864227
-0,107494
-0,02928376
0,02864227
-0,107494
-0,02048016
0,1487367
-0,277245
0,06607771
0,1079082
-0,3396779
0,1143634
0,1987033
-0,3690511
0,1143634
0,1987033
-0,3690511
0,156194
0,1428731
-0,5502939
0,0665009
0,1459315
-0,2319545
0,0665009
0,1459315
-0,2319545
0,02655387
0,2736203
-0,2625197
-0,04621148
0,12585
-0,01789629
-0,04621148
0,12585
-0,01789629
-0,09308457
-0,01957938
0,06187558
0,007528067
0,06944463
-0,1707435
0,04315972
0,08396432
-0,2391607
0,04315972
0,08396432
-0,2391607
0,05468726
0,02066791
-0,4860222
0,02100468
0,0891462
-0,1833737
0,02100468
0,0891462
-0,1833737
-0,1188278
0,2505086
0,1244426
0,008034706
0,04307553
-0,1814455
0,008034706
0,04307553
-0,1814455
0,2123475
0,1134314
-0,8700758
0,1431763
-0,08888394
-0,4897445
0,1680076
-0,1154564
-0,5547702
0,1680076
-0,1154564
-0,5547702
0,2268553
-0,2320558
-0,8939534
0,009471178
-0,09667799
-0,2227515
0,009471178
-0,09667799
-0,2227515
-0,03804564
-0,1314491
-0,3037155
0,0151515
-0,1099356
-0,2379388
0,0151515
-0,1099356
-0,2379388
0,1295269
-0,3234349
-0,7090867
0,07472634
-0,06113425
-0,3421754
0,07472634
-0,06113425
-0,3421754
0,1397967
0,03035143
-0,6046236
0,05869269
0,1032673
-0,241518
0,04143715
0,1052417
-0,1962215
0,04143715
0,1052417
-0,1962215
0,009566545
0,03053322
-0,2536327
0,06791353
-0,05701855
-0,3079653
0,06791353
-0,05701855
-0,3079653
0,2114356
-0,01899749
-0,7576376
0,1029432
0,0698857
-0,3597349
0,1029432
0,0698857
-0,3597349
0,2221107
0,2439506
-0,7582828
0,06166697
0,1712389
-0,2518237
0,04448295
0,1240738
-0,2274767
0,04448295
0,1240738
-0,2274767
0,1795888
0,1312472
-0,7334471
0,1482368
0,06198138
-0,528577
0,1482368
0,06198138
-0,528577
0,3020585
0,04916713
-1,122968
0,1026213
-0,005550683
-0,4445657
0,1026213
-0,005550683
-0,4445657
0,2378821
0,02780184
-0,9824812
0,07247925
0,01595095
-0,3611535
0,07247925
0,01595095
-0,3611535
0,1588583
-0,1828879
-0,856635
0,08634925
-0,1318581
-0,4801512
0,06508827
-0,1761176
-0,4437923
0,06508827
-0,1761176
-0,4437923
0,05300045
-0,05269125
-0,7126987
0,07314086
0,0360392
-0,47566
0,07314086
0,0360392
-0,47566
0,1064599
-0,1620091
-0,8562386
0,03894567
0,01042113
-0,3481865
0,03894567
0,01042113
-0,3481865
0,1628816
-0,03565326
-1,020192
0,1268327
0,1283318
-0,6123379
0,1008809
0,08373559
-0,5524971
0,1008809
0,08373559
-0,5524971
0,169301
0,205458
-0,9983726
0,06647706
0,2546705
-0,3667794
0,06647706
0,2546705
-0,3667794
0,1060128
0,3706947
-0,6892123
0,07332563
0,319507
-0,3519505
0,07332563
0,319507
-0,3519505
0,090307
0,9439282
-0,3332868
0,03857017
0,6855063
-0,05670637
0,09388924
0,8234464
-0,09897798
0,09388924
0,8234464
-0,09897798
0,19297
1,657229
-0,188943
0,08763075
0,7765509
-0,314071
0,08763075
0,7765509
-0,314071
0,1613677
1,539083
-0,6631285
0,03778934
0,7692032
-0,1800388
0,03778934
0,7692032
-0,1800388
0,04811287
1,292101
-0,4374638
0,04509091
0,6846666
-0,3576785
0,04509091
0,6846666
-0,3576785
0,0449121
1,534329
-0,4698724
-0,01820326
0,5538225
-0,1787215
0,008779764
0,4044011
-0,3243953
0,008779764
0,4044011
-0,3243953
0,06918907
1,026438
-0,9070531
0,04222989
0,5715609
-0,4884958
0,04222989
0,5715609
-0,4884958
0,1152098
0,9107038
-1,179783
-0,009202957
0,3207788
-0,5362272
-0,009202957
0,3207788
-0,5362272
-0,08643866
0,5539522
-0,9231269
-0,01116395
0,1450047
-0,2917573
0,01272559
0,217025
-0,4789278
0,01272559
0,217025
-0,4789278
0,1214921
0,3342599
-1,674897
0,05702376
0,09802282
-0,8473769
0,05702376
0,09802282
-0,8473769
0,1026452
-0,2856508
-1,558052
0,02095699
-0,180693
-1,031085
0,02095699
-0,180693
-1,031085
0,02552271
-0,5865261
-2,113891
0,00551343
-0,433895
-0,838539
-0,007528067
-0,4645556
-0,7457659
-0,007528067
-0,4645556
-0,7457659
0,01421571
-1,147321
-1,224975
0,01115799
-0,5910888
-0,7218152
0,01115799
-0,5910888
-0,7218152
0,01699328
-1,357462
-1,511418
-0,01092553
-0,8405998
-0,5496487
-0,01092553
-0,8405998
-0,5496487
-0,0564456
-1,57326
-1,07012
-0,03948808
-0,7669434
-0,6939926
-0,03948808
-0,7669434
-0,6939926
-0,1053452
-1,705386
-1,273513
-0,06071329
-0,8114502
-0,0982374
-0,06209016
-0,8267381
0,006256998
-0,06209016
-0,8267381
0,006256998
-0,1440525
-1,699561
-0,1449883
-0,0947237
-1,056039
0,08018464
-0,0947237
-1,056039
0,08018464
-0,1793563
-1,821227
-0,01971722
-0,09536147
-0,8818142
0,1942515
-0,09536147
-0,8818142
0,1942515
-0,1992941
-1,584519
0,5021065
-0,08158088
-0,617186
0,2505466
-0,06090999
-0,538218
-0,005988777
-0,06090999
-0,538218
-0,005988777
-0,108391
-0,8361354
-0,4066363
-0,03980398
-0,206241
-0,1922473
-0,03980398
-0,206241
-0,1922473
-0,07644892
-0,227271
-0,2495319
-0,01174808
0,1057029
-0,1998976
-0,01174808
0,1057029
-0,1998976
-0,01523495
0,1962498
-0,6184027
-0,02647042
0,002868474
-0,4585445
-0,02647042
0,002868474
-0,4585445
-0,03083348
0,3100052
-0,8969784
-0,02729297
0,1194164
-0,2451628
-0,00950098
0,249435
-0,2897367
-0,00950098
0,249435
-0,2897367
0,0003814697
0,6282687
-0,1487091
0,01206994
0,3162906
0,03683865
0,01206994
0,3162906
0,03683865
0,09700656
1,171401
0,6324023
0,07827282
0,8755594
0,554271
0,07827282
0,8755594
0,554271
0,1074672
1,69636
1,565509
0,006937981
0,5712353
0,7253006
0,007200241
0,7292658
0,4881367
0,007200241
0,7292658
0,4881367
0,02099276
1,633545
0,02367795
-0,009167194
0,677041
-0,07629991
-0,009167194
0,677041
-0,07629991
0,1329482
1,652511
0,6840773
0,1302063
0,7480003
0,7245325
0,1302063
0,7480003
0,7245325
-0,0002324581
1,035467
0,6738454
-0,04848242
0,2929971
0,2387688
-0,04848242
0,2929971
0,2387688
-0,0849843
0,4277714
0,2387196
-0,0462234
0,1029037
0,09718165
-0,05130172
0,03126189
0,2152227
-0,05130172
0,03126189
0,2152227
0,2253234
0,3909603
1,127898
0,1538336
0,08414686
0,4800059
0,1538336
0,08414686
0,4800059
-0,002717972
-0,1536861
-0,09900257
-0,006514788
-0,1333222
-0,02555922
-0,006514788
-0,1333222
-0,02555922
-0,007212162
-0,4690528
-0,3800705
0,007134676
-0,2689674
-0,5756535
0,002527237
-0,3138937
-0,699091
0,002527237
-0,3138937
-0,699091
-0,05947351
-0,7123634
-1,219823
-0,03625154
-0,3799878
-0,4117116
-0,03625154
-0,3799878
-0,4117116
-0,0695169
-0,9588592
-0,7268161
-0,07143021
-0,6073609
-0,5698219
-0,07143021
-0,6073609
-0,5698219
-0,1362085
-1,004277
-0,4612371
-0,05748272
-0,4627347
0,01270026
-0,05598664
-0,4519634
0,1409233
-0,05598664
-0,4519634
0,1409233
-0,0836432
-0,9908565
0,4739523
-0,07809997
-0,3104709
-0,3072366
-0,07809997
-0,3104709
-0,3072366
-0,1628995
-0,9921923
-0,06985515
-0,01887083
-0,3254682
0,3414825
-0,01887083
-0,3254682
0,3414825
-0,04966855
-0,6930783
-0,04154593
-0,009018183
-0,1572631
-0,278917
-0,009018183
-0,1572631
-0,278917
0,0239253
0,04396066
-0,3519848
0,0006020069
-0,0735186
0,04094392
0,01436472
0,1047052
0,08734763
0,01436472
0,1047052
0,08734763
-0,007563829
-0,001823902
-0,1755968
-0,01009703
0,006254017
-0,4236639
-0,01009703
0,006254017
-0,4236639
-0,04354119
-0,0110127
-0,7313609
-0,004464388
0,04359409
0,1394525
-0,004464388
0,04359409
0,1394525
-0,06186962
-0,08399934
-0,6142661
-0,04603863
-0,02946407
-0,7135987
-0,03855228
0,08913502
-0,7392257
-0,03855228
0,08913502
-0,7392257
-0,1093149
-0,01201257
-1,073384
-0,07096529
-0,01458079
-0,5212888
-0,07096529
-0,01458079
-0,5212888
-0,1054525
0,1168109
-0,9008378
-0,05894899
0,06220862
-0,5074695
-0,05894899
0,06220862
-0,5074695
-0,1390696
-0,01590475
-1,018879
-0,06412561
-0,1642357
-0,1799002
-0,06412561
-0,1642357
-0,1799002
-0,1636953
-0,3867804
-0,6109853
-0,08280473
-0,1943381
-0,4561681
-0,1510527
-0,1282505
-0,3807622
-0,1510527
-0,1282505
-0,3807622
-0,1839165
-0,2083078
-0,7163986
-0,1442234
-0,2575628
-0,7782212
-0,1442234
-0,2575628
-0,7782212
-0,5685587
0,08099054
-2,024534
0,1071607
-0,2958393
-1,314494
0,1071607
-0,2958393
-1,314494
-0,3098547
0,4079141
-1,761213
-0,08234978
0,3652371
-0,5080223
-0,08743405
0,3038071
-0,484392
-0,08743405
0,3038071
-0,484392
-0,2029359
0,8088246
-1,225787
-0,1024783
0,4255995
-0,6029487
-0,1024783
0,4255995
-0,6029487
-0,160104
0,8977845
-0,9571165
-0,03212094
0,4089095
-0,2179027
-0,03212094
0,4089095
-0,2179027
-0,0002503395
0,7103764
-0,1596689
-0,01414418
0,5461812
-0,238353
-0,003361702
0,6366357
-0,1938134
-0,003361702
0,6366357
-0,1938134
0,0002920628
1,571693
-0,360927
0,06988645
0,7399976
0,2140522
0,06988645
0,7399976
0,2140522
0,01349449
1,867409
-0,02892017
-0,02307296
0,8917667
-0,08112192
-0,02307296
0,8917667
-0,08112192
0,1857162
2,0397
0,8752644
0,1793861
0,6579623
0,9162515
0,1793861
0,6579623
0,9162515
0,1223207
0,9122461
0,6639868
0,02102852
0,5162433
0,1318097
0,06804466
0,6530806
0,4114509
0,06804466
0,6530806
0,4114509
0,277096
1,238656
1,78923
0,1483023
0,3955275
1,013321
0,1483023
0,3955275
1,013321
0,157088
-0,506939
0,8760154
0,04841685
0,2001777
0,3429353
0,04841685
0,2001777
0,3429353
0,1290619
0,1256943
0,9264231
0,1060903
0,1135349
0,8235425
0,1127124
-0,04073232
0,8587047
0,1127124
-0,04073232
0,8587047
0,1308799
-0,09928793
0,9129241
0,0590682
-0,1104519
0,3886193
0,0590682
-0,1104519
0,3886193
0,1554489
-0,142166
1,238561
0,08365512
-0,2201095
0,6515622
0,08365512
-0,2201095
0,6515622
0,1374602
-0,3224298
1,049671
0,06774068
-0,297609
0,5350277
0,06774068
-0,297609
0,5350277
0,1102388
-0,6023586
0,9214833
0,05108118
-0,2815261
0,4817665
0,05883574
-0,3122702
0,6112814
0,05883574
-0,3122702
0,6112814
0,09991527
-1,161759
0,7858679
0,03590584
-0,5837008
0,1932085
0,03590584
-0,5837008
0,1932085
0,08458495
-1,004694
0,9577259
0,03969669
-0,5680397
0,560455
0,03969669
-0,5680397
0,560455
0,07160902
-1,167402
0,7591158
0,02468824
-0,6973334
0,4564613
0,008052588
-0,8606136
0,2361059
0,008052588
-0,8606136
0,2361059
0,01088381
-1,317009
0,66199
-0,01465678
-0,8853272
0,5465664
-0,01465678
-0,8853272
0,5465664
-0,0556767
-1,943975
0,01057759
-0,01596808
-0,8729607
-0,2543628
-0,01596808
-0,8729607
-0,2543628
0,02340078
-1,790142
0,01785457
-0,03738999
-0,8229122
-0,1226544
-0,03738999
-0,8229122
-0,1226544
-0,01305938
-1,353242
0,4254557
0,04318953
-0,6064758
0,3652908
0,04518628
-0,6047815
0,1186088
0,04518628
-0,6047815
0,1186088
0,01019835
-1,133664
0,2528928
-0,05955696
-0,6633639
0,3527291
-0,05955696
-0,6633639
0,3527291
-0,1402438
-1,372527
0,3555998
-0,05866885
-0,5970493
0,05205348
-0,05866885
-0,5970493
0,05205348
-0,1554787
-1,351237
-0,02822801
-0,04805923
-0,4772887
0,1842096
-0,07766485
-0,5216748
0,2972521
-0,07766485
-0,5216748
0,2972521
-0,1794934
-1,07134
0,5358093
-0,06664395
-0,4526839
0,3415897
-0,06664395
-0,4526839
0,3415897
-0,1870394
-1,050796
0,8050472
-0,08302927
-0,4561916
0,3800586
-0,08302927
-0,4561916
0,3800586
-0,1911461
-0,9491056
0,8534983
-0,0805676
-0,3582403
0,5037203
-0,0805676
-0,3582403
0,5037203
-0,1524806
-0,525628
1,39452
-0,0947237
-0,2325803
0,8496549
-0,06098151
-0,1440108
0,6977924
-0,06098151
-0,1440108
0,6977924
-0,1127183
-0,3844932
0,9442814
-0,08401275
-0,1860172
0,6687098
-0,08401275
-0,1860172
0,6687098
-0,1998663
-0,3559351
1,495382
-0,05739331
-0,136669
0,4845746
-0,05739331
-0,136669
0,4845746
-0,153476
-0,3911883
0,9757757
-0,06901026
-0,1402751
0,489036
-0,05288124
-0,07076561
0,4582748
-0,05288124
-0,07076561
0,4582748
-0,08417964
-0,04397333
0,910651
-0,04431009
0,005011261
0,4747488
-0,04431009
0,005011261
0,4747488
-0,009459257
0,3595248
0,9389296
-0,02208948
0,1925945
0,5782217
-0,02208948
0,1925945
0,5782217
0,0295639
0,4316807
0,7524252
0,03275871
0,2780482
0,3497005
0,03275871
0,2780482
0,3497005
0,08684993
0,8880869
0,9625897
0,03250241
0,4386917
0,4842676
0,02205968
0,4475102
0,5122498
0,02205968
0,4475102
0,5122498
0,2553225
1,363455
0,5526893
0,1581967
0,8153051
0,2525829
0,1581967
0,8153051
0,2525829
0,1718223
1,516433
0,9143599
0,03621578
0,6168529
0,4905067
0,03621578
0,6168529
0,4905067
0,2336919
1,653977
0,6134868
0,1290321
0,705947
0,1217239
0,0959456
0,6329685
0,1995578
0,0959456
0,6329685
0,1995578
0,09064078
1,218171
0,6890901
0,1109898
0,8063048
0,1857139
0,1109898
0,8063048
0,1857139
0,28072
1,698949
0,09848326
0,06509423
0,6568678
0,1333088
0,06509423
0,6568678
0,1333088
-0,1288593
0,7796146
0,1753062
0,04984736
0,5793914
0,06432235
0,08575916
0,6796554
0,05346388
0,08575916
0,6796554
0,05346388
0,1256943
1,186442
0,1902625
0,03555417
0,6399617
0,1923062
0,03555417
0,6399617
0,1923062
-0,05399585
1,398916
0,8350469
0,01471043
0,5515829
0,3054976
0,01471043
0,5515829
0,3054976
0,08171201
1,572298
0,6239727
-0,01894236
0,8095898
0,3590554
-0,01894236
0,8095898
0,3590554
-0,1755416
1,078281
1,062094
-0,09930134
0,4964888
0,5336702
-0,1180828
0,4577644
0,5579576
-0,1180828
0,4577644
0,5579576
-0,2362132
1,146843
1,055999
-0,0649929
0,4271984
0,3499448
-0,0649929
0,4271984
0,3499448
-0,1692474
0,8337386
0,771299
-0,1275539
0,5387865
0,470835
-0,1275539
0,5387865
0,470835
-0,2510309
0,898391
0,9273961
-0,1228631
0,2926439
0,4577547
-0,1114011
0,3186747
0,4180878
-0,1114011
0,3186747
0,4180878
-0,2701342
0,8547738
0,8974388
-0,06764531
0,2820954
0,2551213
-0,06764531
0,2820954
0,2551213
-0,1352787
0,3576085
0,4607618
-0,1367331
0,2319321
0,3837183
-0,1367331
0,2319321
0,3837183
-0,2762258
0,4607528
0,702849
-0,1011729
0,2012461
0,2650037
-0,1011729
0,2012461
0,2650037
-0,08535385
0,174664
0,3324762
-0,116986
-0,01851022
0,3588915
-0,1392841
-0,02500862
0,4079163
-0,1392841
-0,02500862
0,4079163
-0,334245
-0,2546608
0,9783477
-0,1382768
-0,2346218
0,4372448
-0,1382768
-0,2346218
0,4372448
-0,2877355
-0,6443381
0,7882565
-0,1606286
-0,3122449
0,4391223
-0,1606286
-0,3122449
0,4391223
-0,2760172
-0,6690502
0,8229494
-0,1298964
-0,3165498
0,3767073
-0,09226203
-0,3545269
0,2911627
-0,09226203
-0,3545269
0,2911627
-0,1614213
-0,5879804
0,5197287
-0,1422584
-0,2482146
0,3800571
-0,1422584
-0,2482146
0,3800571
-0,2001464
-0,7797465
0,5873591
-0,07840991
-0,4696347
0,2464205
-0,07840991
-0,4696347
0,2464205
-0,2676845
-0,87891
0,7153481
-0,1704037
-0,5657136
0,4291683
-0,1206219
-0,7255256
0,3229499
-0,1206219
-0,7255256
0,3229499
-0,1333892
-1,405914
0,3969252
-0,09459257
-0,6314054
0,2323598
-0,09459257
-0,6314054
0,2323598
-0,281769
-1,042983
0,6774992
-0,1022756
-0,3569759
0,4238576
-0,1022756
-0,3569759
0,4238576
-0,298959
-1,055108
0,7230729
0,01272559
-0,8508228
-0,04318953
0,01272559
-0,8508228
-0,04318953
0,07743239
-1,282754
-0,1562029
-0,1906991
-0,6700538
0,3083706
-0,1716793
-0,5772918
0,2894968
-0,1716793
-0,5772918
0,2894968
-0,306797
-1,501249
0,4471183
-0,006037951
-0,9540349
-0,09389222
-0,006037951
-0,9540349
-0,09389222
0,1326978
-1,667663
-0,4858136
-0,05500913
-0,7433206
-0,03344715
-0,05500913
-0,7433206
-0,03344715
0,01122355
-1,468824
-0,3070921
0,005501509
-0,8510247
-0,2249658
0,005501509
-0,8510247
-0,2249658
-0,03861785
-1,326479
-0,2905816
-0,03569126
-0,6802335
-0,1516372
0,05173087
-0,6566226
-0,3114939
0,05173087
-0,6566226
-0,3114939
0,123018
-1,245263
-0,6836325
0,02920032
-0,4903451
-0,2602816
0,02920032
-0,4903451
-0,2602816
0,2143323
-0,9308472
-0,8304477
0,1503468
-0,5285591
-0,5552709
0,1503468
-0,5285591
-0,5552709
0,1034856
-1,052883
-0,7845402
0,07810593
-0,4546553
-0,4230827
0,1385689
-0,3756195
-0,5132973
0,1385689
-0,3756195
-0,5132973
0,1583278
-0,8034751
-0,8643717
0,06610751
-0,2870932
-0,358355
0,06610751
-0,2870932
-0,358355
0,1839638
-0,6048083
-0,8901447
0,09925365
-0,2454564
-0,450924
0,09925365
-0,2454564
-0,450924
0,2466083
-0,2771452
-0,9054154
0,08049011
-0,1419932
-0,3890544
0,08734465
-0,1954213
-0,4438609
0,08734465
-0,1954213
-0,4438609
0,3957331
-0,2366781
-1,341397
0,1348495
-0,1298144
-0,5610228
0,1348495
-0,1298144
-0,5610228
0,3599882
0,004589558
-1,204452
0,1843154
0,1353741
-0,5489528
0,1843154
0,1353741
-0,5489528
0,3708899
0,1173466
-1,252213
0,2518654
0,1006678
-0,7933974
0,2518654
0,1006678
-0,7933974
0,4215896
0,5534574
-1,119822
0,1269639
0,3273144
-0,294213
0,1171529
0,3211439
-0,2653584
0,1171529
0,3211439
-0,2653584
0,3242195
0,6076306
-0,7977113
0,1878858
0,1536503
-0,6008685
0,1878858
0,1536503
-0,6008685
0,1746237
0,7633016
-0,2263904
0,02262592
0,3270954
0,0539735
0,02262592
0,3270954
0,0539735
0,2234042
0,5995676
-0,46615
-0,01171231
0,213404
0,1015872
-0,02472401
0,1906991
0,1385152
-0,02472401
0,1906991
0,1385152
-0,07912517
0,06263703
0,2518699
-0,05480051
0,03504455
0,1923785
-0,05480051
0,03504455
0,1923785
-0,4706264
0,04096031
1,479757
-0,3187478
-0,2499104
0,8433744
-0,3187478
-0,2499104
0,8433744
-0,4154563
-0,6295934
1,020473
-0,2003849
-0,203988
0,5745009
-0,2003849
-0,203988
0,5745009
-0,4931986
-0,2962276
1,453805
-0,1527727
0,01871139
0,5934387
-0,07751584
0,1224086
0,4701287
-0,07751584
0,1224086
0,4701287
-0,2012908
0,3375784
1,105526
-0,1225429
0,06475738
0,4007422
-0,1225429
0,06475738
0,4007422
-0,1575693
0,08555704
0,7864943
-0,1316937
0,4205249
0,9660304
-0,1316937
0,4205249
0,9660304
-0,3134786
0,03082752
1,047199
-0,1716331
0,07168204
0,7235259
-0,07250904
0,08923412
0,410971
-0,07250904
0,08923412
0,410971
0,0056387
0,5421728
0,633534
0,03764539
0,3340646
0,2838714
0,03764539
0,3340646
0,2838714
-0,06641383
0,6863489
0,8248984
0,01626611
0,9606898
0,6059319
0,01626611
0,9606898
0,6059319
0,09864569
1,114075
0,5773306
0,1352489
0,7827461
0,1969606
0,1352489
0,7827461
0,1969606
0,1473367
0,880529
0,2946347
0,02092719
0,3462225
0,1709282
0,01153946
0,4711449
0,2154827
0,01153946
0,4711449
0,2154827
0,1954436
0,6568372
-0,03069937
0,04295111
0,1241237
0,00911355
0,04295111
0,1241237
0,00911355
-0,08270741
0,1278311
0,2672642
-0,05524158
-0,09448081
0,07082224
-0,05524158
-0,09448081
0,07082224
-0,02108812
-0,484848
-0,1376987
0,03819466
-0,4640281
-0,1993597
0,02872944
-0,633505
-0,2885103
0,02872944
-0,633505
-0,2885103
-0,05601645
-0,9606346
-0,3515601
0,03395677
-0,5793095
-0,3581703
0,03395677
-0,5793095
-0,3581703
0,2735496
-0,8548215
-1,046717
0,0008523464
-0,5802855
-0,3608555
0,0008523464
-0,5802855
-0,3608555
-0,02728771
-0,7773794
-0,4527464
0,02286804
-0,5105492
-0,4034708
0,08309855
-0,4115079
-0,4385069
0,08309855
-0,4115079
-0,4385069
0,08225822
-0,7602898
-0,7670928
0,003884733
-0,720368
-0,4029577
0,003884733
-0,720368
-0,4029577
0,4154183
-1,148736
-2,057523
0,1085758
-0,4395425
-0,6333798
0,1085758
-0,4395425
-0,6333798
0,1590431
-0,895068
-1,204602
0,0844419
-0,3983423
-0,6030992
0,0844419
-0,3983423
-0,6030992
0,2066076
-0,7686511
-1,339513
0,1629651
-0,3054187
-0,7982031
0,197643
-0,2228633
-0,8626744
0,197643
-0,2228633
-0,8626744
0,4014611
-0,1523003
-1,608135
0,1890182
0,04523993
-0,7189557
0,1890182
0,04523993
-0,7189557
0,4140854
0,4902467
-1,252247
0,1398146
0,1480445
-0,5412847
0,1398146
0,1480445
-0,5412847
0,4631281
0,6544888
-1,381381
0,1856923
0,3384098
-0,5511194
0,200212
0,5173355
-0,4441202
0,200212
0,5173355
-0,4441202
0,3303528
0,8221209
-0,889419
0,1642346
0,579758
-0,2942652
0,1642346
0,579758
-0,2942652
0,2847433
1,225106
-0,3946722
0,08622408
0,473465
-0,1188874
0,08622408
0,473465
-0,1188874
0,2737939
1,103677
-0,4819781
0,1607001
0,6579965
-0,2473406
0,1607001
0,6579965
-0,2473406
0,2158701
1,115884
-0,3067099
0,09097457
0,5942926
-0,07869303
0,07738471
0,5423367
-0,08005574
0,07738471
0,5423367
-0,08005574
0,1872957
1,009765
-0,3825329
0,09387136
0,4560649
-0,2442487
0,09387136
0,4560649
-0,2442487
0,1219571
0,8808896
-0,2686165
0,05732179
0,389272
-0,1755156
0,05732179
0,389272
-0,1755156
0,1632273
0,8129239
-0,5663865
0,03311634
0,3703102
-0,1182035
0,04487634
0,2443403
-0,266622
0,04487634
0,2443403
-0,266622
0,117445
0,5113155
-0,6492272
0,021106
0,2067164
-0,2005309
0,021106
0,2067164
-0,2005309
0,02006888
0,2545476
-0,5025916
0,02319217
0,1373976
-0,3323287
0,02319217
0,1373976
-0,3323287
0,05049109
0,2924666
-0,7091694
0,03792048
0,238204
-0,3987208
0,03792048
0,238204
-0,3987208
-0,1037057
0,6400204
-0,3040215
-0,0252855
0,1806594
-0,208329
-0,04270929
0,1218867
-0,1241398
-0,04270929
0,1218867
-0,1241398
-0,07406905
0,2548816
-0,2926577
-0,07639837
0,03362082
-0,1679448
-0,07639837
0,03362082
-0,1679448
-0,2666146
0,02802394
-0,2538558
-0,1104677
0,0362248
-0,1264635
-0,1104677
0,0362248
-0,1264635
-0,08989453
-0,02909866
-0,111352
-0,07608443
-0,08166346
-0,153589
-0,17368
-0,1392699
-0,187138
-0,17368
-0,1392699
-0,187138
-0,5602933
-0,2566725
-0,6828907
0,1719413
-1,011512
-1,466289
0,1719413
-1,011512
-1,466289
-0,03763998
0,9031695
-0,6992387
0,06531501
0,4719176
-0,9511045
0,06531501
0,4719176
-0,9511045
-0,1753215
-0,4224793
-1,620048
1,790008
-1,330926
-2,564972
-0,02896189
-0,0426516
-0,7393077
-0,02896189
-0,0426516
-0,7393077
-0,03366321
-0,03249981
-1,515046
-0,01820326
0,127925
-0,6391328
-0,01820326
0,127925
-0,6391328
-0,05084276
0,1493305
-1,525517
-0,01184344
0,169234
-0,8984044
-0,01184344
0,169234
-0,8984044
0,1202464
0,4209548
-1,271519
0,07153153
0,2065152
-0,3648899
0,07153153
0,2065152
-0,3648899
-0,04605055
0,2084464
-1,279095
-0,03944039
0,0371933
-0,7970818
-0,05851388
-0,03270507
-0,7858291
-0,05851388
-0,03270507
-0,7858291
-0,1058042
0,1392022
-1,397115
-0,06877184
-0,02367049
-0,6103858
-0,06877184
-0,02367049
-0,6103858
-0,1522243
-0,04864633
-1,430054
-0,07718205
-0,05185604
-0,590381
-0,07718205
-0,05185604
-0,590381
-0,1909792
-0,1138434
-1,667775
-0,1075864
-0,04172623
-0,8489117
-0,09263754
0,03013164
-0,6896868
-0,09263754
0,03013164
-0,6896868
-0,1561522
-0,0006005168
-1,007743
-0,2733428
0,03099011
-0,6014683
-0,2733428
0,03099011
-0,6014683
-0,275095
0,1583743
-1,163394
0,1945774
-0,176298
-1,368132
0,1945774
-0,176298
-1,368132
-0,3204231
-0,06099038
-1,083281
0,1461643
-0,3241473
-1,155877
0,1461643
-0,3241473
-1,155877
-0,4389703
-0,1620173
-2,024916
-0,2142787
0,03060848
-1,018816
-0,2208352
-0,09330958
-0,9054542
-0,2208352
-0,09330958
-0,9054542
-0,4573405
-0,004889071
-1,916769
-0,2280414
-0,1047507
-0,8615464
-0,2280414
-0,1047507
-0,8615464
-0,3807545
-0,1299798
-1,498199
closestDistance
0,771607
0,771607
0,7546228
0,7500895
0,7486855
0,7486855
0,749298
0,7473614
0,7473614
0,7379349
0,7344731
0,7344731
0,7300246
0,7278594
0,7278594
0,7253048
0,7227293
0,720161
0,720161
0,7149394
0,7120025
0,7120025
0,7098614
0,7088118
0,7088118
0,7074997
0,7076009
0,7077622
0,7077622
0,7066331
0,7059909
0,7059909
0,7054461
0,7073762
0,7073762
0,7096347
0,7112867
0,7122325
0,7122325
0,7082961
0,7065915
0,7065915
0,7018508
0,7009472
0,7009472
0,6982856
0,6961566
0,6961566
0,690566
0,6836584
0,6760858
0,6760858
0,6648908
0,6601614
0,6601614
0,6548691
0,6545622
0,6545622
0,6558921
0,6524802
0,6476699
0,6476699
0,6379101
0,6342446
0,6342446
0,6369323
0,6333182
0,6333182
0,6157787
0,6058208
0,5945469
0,5945469
0,576443
0,5719646
0,5719646
0,5659032
0,5611321
0,5611321
0,54691
0,5400414
0,5400414
0,5278727
0,5229937
0,5190372
0,5190372
0,5139588
0,507781
0,507781
0,4925743
0,4853554
0,4853554
0,4701863
0,4651875
0,4606838
0,4606838
0,4461206
0,4356476
0,4356476
0,4134306
0,4046359
0,4046359
0,3852957
0,3781942
0,3781942
0,3612191
0,3517223
0,3429339
0,3429339
0,3288307
0,3195219
0,3195219
0,3027154
0,2958961
0,2958961
0,2761044
0,264396
0,2538603
0,2538603
0,2350001
0,2283539
0,2283539
0,2160225
0,2103236
0,2103236
0,2077841
0,2104155
0,2144024
0,2144024
0,2261716
0,2295434
0,2295434
0,2389666
0,2470575
0,2470575
0,2605298
0,2672064
0,2672064
0,2875573
0,2951706
0,2992922
0,2992922
0,310669
0,3179775
0,3179775
0,3289174
0,3326051
0,3326051
0,3396704
0,3416409
0,3448377
0,3448377
0,3502377
0,3527953
0,3527953
0,3505624
0,3506107
0,3506107
0,3505316
0,34836
0,3458354
0,3458354
0,3372672
0,3350831
0,3350831
0,3320693
0,3272796
0,3272796
0,3219647
0,3236657
0,3236657
0,327314
0,3218843
0,3152017
0,3152017
0,3067428
0,3000424
0,3000424
0,2947905
0,2898381
0,2898381
0,2805613
0,2768767
0,278521
0,278521
0,2894078
0,2939205
0,2939205
0,2995459
0,3027881
0,3027881
0,3136652
0,3223954
0,3223954
0,3383947
0,3426413
0,3474063
0,3474063
0,3484939
0,3470551
0,3470551
0,3330615
0,3220548
0,3220548
0,293905
0,281545
0,2751189
0,2751189
0,2840181
0,2902054
0,2902054
0,2929266
0,2890776
0,2890776
0,2904257
0,2902695
0,2902695
0,291937
0,2917139
0,2888515
0,2888515
0,2797985
0,2755429
0,2755429
0,2745203
0,2728701
0,2728701
0,2711749
0,2755172
0,2816062
0,2816062
0,2917189
0,2941099
0,2941099
0,2965945
0,3010028
0,3010028
0,3012013
0,297672
0,2920576
0,2920576
0,2774856
0,2816797
0,2816797
0,2789199
0,2713127
0,2713127
0,2705883
0,2758366
0,2758366
0,2829013
0,2820087
0,280463
0,280463
0,283894
0,2922192
0,2922192
0,3065076
0,3037937
0,3037937
0,3156596
0,3296317
0,3442775
0,3442775
0,3653133
0,3755068
0,3755068
0,393331
0,4033872
0,4033872
0,4234302
0,4261972
0,4261972
0,4377462
0,4466678
0,4540748
0,4540748
0,4682437
0,483873
0,483873
0,5229629
0,5493445
0,5493445
0,5844531
0,5946402
0,6044225
0,6044225
0,629478
0,6419781
0,6419781
0,6623729
0,6674436
0,6674436
0,6720935
0,6781579
0,6837533
0,6837533
0,6961499
0,6948891
0,6948891
0,7042642
0,7106928
0,7106928
0,7068041
0,6943187
0,6943187
0,6890202
0,6907836
0,6888226
0,6888226
0,6683125
0,6546043
0,6546043
0,6344054
0,6305554
0,6305554
0,6161135
0,603496
0,588783
0,588783
0,5726724
0,5650803
0,5650803
0,543431
0,5304282
0,5304282
0,5099691
0,4979616
0,4979616
0,4762065
0,4652478
0,4519075
0,4519075
0,4254924
0,4155081
0,4155081
0,3884929
0,3729448
0,3729448
0,3475674
0,3325038
0,3196679
0,3196679
0,2956961
0,2782817
0,2782817
0,2642027
0,2645473
0,2645473
0,2586808
0,2600445
0,2600445
0,2523586
0,2466312
0,2463772
0,2463772
0,2467304
0,2439208
0,2439208
0,2475664
0,2519344
0,2519344
0,2659304
0,2682452
0,2696482
0,2696482
0,2752227
0,276595
0,276595
0,2813411
0,2837963
0,2837963
0,2897496
0,2907723
0,2907723
0,2878033
0,2858616
0,2841935
0,2841935
0,2867538
0,2877331
0,2877331
0,2911421
0,2933695
0,2933695
0,3011728
0,3044495
0,3065871
0,3065871
0,3097023
0,3111915
0,3111915
0,3081396
0,3074626
0,3074626
0,3038591
0,3010554
0,3010554
0,2924013
0,2889985
0,2862939
0,2862939
0,2696267
0,259805
0,259805
0,2500879
0,2492894
0,2492894
0,2401517
0,2353467
0,233332
0,233332
0,237196
0,2363869
0,2363869
0,2328494
0,2346216
0,2346216
0,2375552
0,2394185
0,2419374
0,2419374
0,2499221
0,2567147
0,2567147
0,2807035
0,2902592
0,2902592
0,3143204
0,3279294
0,3279294
0,356471
0,3704616
0,3845112
0,3845112
0,414097
0,4244727
0,4244727
0,4462811
0,4599625
0,4599625
0,4852363
0,4960681
0,5065448
0,5065448
0,5309896
0,5383953
0,5383953
0,5500673
0,5590579
0,5590579
0,5759771
0,582678
0,582678
0,5901858
0,5959892
0,6025938
0,6025938
0,6165617
0,6216688
0,6216688
0,6290507
0,6338796
0,6338796
0,6425645
0,6466641
0,6489709
0,6489709
0,6537593
0,658955
0,658955
0,664178
0,6655118
0,6655118
0,6734896
0,6784014
0,6805504
0,6805504
0,6811232
0,6829194
0,6829194
0,6924949
0,6997201
0,6997201
0,7112776
0,7081576
0,7081576
0,7022555
0,7078587
0,7134037
0,7134037
0,7223167
0,7206178
0,7206178
0,7121013
0,7127619
0,7127619
0,7099036
0,7079075
0,7079075
0,7069651
0,7068829
0,7036338
0,7036338
0,696425
0,6941121
0,6941121
0,6834274
0,6760665
0,6760665
0,6686906
0,6641737
0,6574324
0,6574324
0,6481782
0,6441501
0,6441501
0,6335492
0,6277962
0,6277962
0,6143287
0,6089362
0,6032289
0,6032289
0,5824517
0,5743623
0,5743623
0,5539984
0,5432401
0,5432401
0,5212838
0,5072315
0,5072315
0,4823819
0,4735666
0,4652997
0,4652997
0,4450136
0,4336599
0,4336599
0,4204626
0,4172792
0,4172792
0,4025451
0,4016231
0,4016216
0,4016216
0,4050148
0,4077803
0,4077803
0,4322089
0,4494028
0,4494028
0,4738098
0,4859714
0,4859714
0,5146382
0,5249549
0,5320661
0,5320661
0,5487033
0,5554817
0,5554817
0,5691378
0,5832833
0,5832833
0,6015421
0,6145868
0,6209176
0,6209176
0,628664
0,6314939
0,6314939
0,6425458
0,6481577
0,6481577
0,6530083
0,6527936
0,6527936
0,6544769
0,6564332
0,6589284
0,6589284
0,6558145
0,6555397
0,6555397
0,660576
0,6623489
0,6623489
0,6611823
0,6587756
0,6554521
0,6554521
0,6527994
0,6485586
0,6485586
0,6324644
0,6289545
0,6289545
0,625576
0,6213723
0,6160933
0,6160933
0,6067662
0,6052732
0,6052732
0,578187
0,5712783
0,5712783
0,5598
0,5540177
0,5540177
0,5409311
0,5318961
0,5212028
0,5212028
0,4988213
0,4876382
0,4876382
0,4627637
0,4530482
0,4530482
0,4246201
0,412276
0,3987856
0,3987856
0,3750108
0,3627045
0,3627045
0,3400021
0,3318002
0,3318002
0,3102658
0,2982424
0,2982424
0,2798989
0,2716906
0,2643109
0,2643109
0,2476437
0,239253
0,239253
0,2266823
0,2204416
0,2204416
0,204742
0,2000326
0,1938707
0,1938707
0,1798238
0,1751554
0,1751554
0,1650165
0,1586633
0,1586633
0,1453859
0,1378075
0,1378075
0,1288172
0,1244145
0,1214787
0,1214787
0,1151252
0,1112728
0,1112728
0,1040429
0,1005357
0,1005357
0,09830773
0,09511209
0,0907114
0,0907114
0,07480966
0,0643638
0,0643638
0,03826396
0,03025773
0,03025773
0,03652215
0,1036194
0,112526
0,112526
0,1381063
0,1488164
0,1488164
0,1760499
0,1924771
0,1924771
0,2166826
0,2238525
0,2238525
0,2482227
0,2635448
0,2786694
0,2786694
0,305647
0,3174375
0,3174375
0,3452224
0,3567096
0,3567096
0,3893593
0,406012
0,4195324
0,4195324
0,4393141
0,4494187
0,4494187
0,4717529
0,499323
0,499323
0,5213369
0,5446379
0,5446379
0,584951
0,6052428
0,6233619
0,6233619
0,6617239
0,6790655
0,6790655
0,7092537
timeStamps
2,924682
2,938773
2,952295
2,966348
2,980158
2,994542
3,008379
3,022771
3,036633
3,050033
3,063969
3,078509
3,091701
3,105892
3,119369
3,133422
3,14729
3,16159
3,17544
3,189415
3,203613
3,217541
3,231394
3,24532
3,258944
3,272979
3,287024
3,30071
3,31462
3,328715
3,34246
3,35629
3,370553
3,384384
3,398345
3,412491
3,426477
3,440078
3,454186
3,468075
3,481874
3,4956
3,509568
3,523626
3,537554
3,551806
3,565674
3,579941
3,593586
3,607475
3,621313
3,635326
3,649269
3,6633
3,676856
3,690927
3,704846
3,719083
3,732744
3,747304
3,761036
3,774555
3,788626
3,802258
3,816588
3,830476
3,844224
3,857989
3,87223
3,886485
3,900088
3,914253
3,928229
3,941967
3,95583
3,970039
3,983933
3,997778
4,011619
4,02563
4,039569
4,053673
4,06778
4,081256
4,094991
4,108936
4,122898
4,136965
4,15091
4,1651
4,178651
4,192502
4,206624
4,220349
4,234408
4,24865
4,262458
4,276429
4,290387
4,304764
4,318971
4,332183
4,345813
4,359455
4,373966
4,387353
4,40168
4,415488
4,429458
4,443539
4,457591
4,47128
4,485498
4,49907
4,513102
4,52693
4,540687
4,554964
4,569272
4,583003
4,596963
4,611269
4,624847
4,638839
4,652404
4,666776
4,680313
4,69416
4,708246
4,722528
4,735752
4,750014
4,764163
4,778347
4,79175
4,805694
4,819841
4,833753
4,847733
4,861444
4,875279
4,889643
4,902825
4,9172
4,931055
4,944954
4,959083
4,973144
4,987273
5,001201
5,014792
5,02883
5,042472
5,056302
5,070457
5,084481
5,098461
5,112164
5,126123
5,140006
5,154238
5,167921
5,182044
5,195693
5,209626
5,223727
5,237802
5,251595
5,265224
5,279492
5,293232
5,30719
5,321049
5,335021
5,349035
5,362688
5,377019
5,390954
5,404638
5,418328
5,432522
5,44627
5,460138
5,474179
5,488083
5,502025
5,516065
5,530037
5,543883
5,557968
5,571751
5,585682
5,599877
5,613409
5,627028
5,641239
5,655158
5,669098
5,68358
5,697064
5,711155
5,724774
5,738706
5,752927
5,766609
5,780752
5,79434
5,808182
5,822307
5,836585
5,850031
5,863966
5,878169
5,891909
5,905917
5,919657
5,933989
5,94749
5,96146
5,975729
5,989498
6,003693
6,017457
6,031067
6,044872
6,059031
6,072829
6,086741
6,101057
6,115149
6,12878
6,142804
6,156767
6,170634
6,184429
6,198204
6,21203
6,226487
6,240338
6,254367
6,268135
6,28181
6,295657
6,310084
6,323719
6,337438
6,351168
6,365045
6,378984
6,393009
6,407232
6,421013
6,435045
6,449116
6,462733
6,476563
6,490594
6,504873
6,51848
6,532804
6,546674
6,560493
6,574873
6,588707
6,6027
6,617076
6,62991
6,644306
6,658245
6,672073
6,685382
6,699376
6,713514
6,727106
6,741276
6,75505
6,769129
6,782988
6,796837
6,810917
6,824526
6,838876
6,85276
6,866617
6,880722
6,894579
6,908382
6,922807
6,936103
6,949839
6,964206
6,977841
6,99216
7,005926
7,020207
7,033839
7,047702
7,062008
7,075649
7,089358
7,103401
7,117124
7,131009
7,144845
7,158804
7,173061
7,186975
7,200963
7,215083
7,228669
7,242595
7,256213
7,270179
7,284214
7,298462
7,312829
7,32609
7,340269
7,353911
7,368073
7,38201
7,395937
7,40949
7,423997
7,437179
7,451183
7,465263
7,479361
7,493239
7,507463
7,521326
7,535582
7,548906
7,56322
7,576955
7,590329
7,604337
7,618299
7,63285
7,646496
7,660081
7,674443
7,687893
7,702149
7,716024
7,730005
7,743668
7,757817
7,771517
7,785747
7,799504
7,813509
7,827655
7,841731
7,855508
7,869321
7,882985
7,896968
7,910736
7,924572
7,938973
7,952346
7,966809
7,981004
7,994779
8,008338
8,022445
8,03649
8,050039
8,064172
8,078007
8,091579
8,105465
8,119704
8,133581
8,147551
8,161594
8,175328
8,18926
8,203343
8,21719
8,231244
8,245205
8,258939
8,273107
8,287366
8,300672
8,314119
8,328171
8,342191
8,35601
8,369982
8,383889
8,397843
8,412021
8,425932
8,439631
8,453832
8,467399
8,481844
8,495616
8,50974
8,52335
8,537354
8,551629
8,565631
8,579245
8,593468
8,607271
8,620857
8,634312
8,648439
8,662462
8,676406
8,690372
8,704554
8,718699
8,732103
8,746419
8,760315
8,773701
8,787951
8,801627
8,816191
8,829739
8,843721
8,857689
8,871489
8,885178
8,899306
8,913264
8,92687
8,940976
8,954783
8,968918
8,982913
8,99665
9,010722
9,024837
9,038697
9,052644
9,066588
9,080346
9,094159
9,108019
9,122081
9,135965
9,150205
9,164049
9,177732
9,191395
9,20564
9,219756
9,233791
9,246972
9,261574
9,275283
9,289023
9,303012
9,317168
9,330674
9,344679
9,358945
9,372864
9,38633
9,400717
9,41455
9,428591
9,442268
9,456673
9,47001
9,483974
9,49785
9,511853
9,525949
9,540139
9,553426
9,568298
9,58148
9,595813
9,609551
9,623327
9,63728
9,650873
9,665429
9,679161
9,692692
9,706947
9,720607
9,735047
9,748834
9,762972
9,776256
9,789914
9,804049
9,818256
9,832332
9,845731
9,859475
9,87383
9,887447
9,901841
9,915713
9,929806
9,943135
9,957328
9,971147
9,985255
9,999191
10,01323
10,02728
10,04107
10,05469
10,06875
10,08273
10,0965
10,11039
10,12443
10,13857
10,15209
10,1662
10,18004
10,19387
10,20779
10,22209
10,23573
10,24959
10,26365
10,27771
10,29131
10,30565
10,31947
10,33348
10,34699
10,36115
10,37494
10,38917
10,40272
10,41693
10,431
10,44458
10,45902
10,47261
10,48661
10,50046
10,51424
10,52793
10,54239
10,55615
10,57018
10,58388
10,59789
10,61159
10,62532
10,63953
10,65333
10,66742
10,6816
10,69515
10,70908
10,72328
10,73704
10,7509
10,76511
10,77874
10,79291
10,80654
10,82063
10,83456
10,84833
10,86219
10,87636
10,89015
10,90419
10,91807
10,9324
10,94588
10,95991
10,9738
10,9877
11,00181
11,01596
11,02978
11,04402
11,05751
11,07113
11,08524
11,09901
11,11307
11,12731
11,14146
11,15479
11,16841
11,18279
11,19699
11,21013
11,22414
11,23807
11,2521
11,26624
11,28032
11,29389
11,30823
11,32171
11,33576
11,34971
11,36352
11,37762
11,39144
11,40547
11,41922
11,43338
11,44699
11,46138
11,47498
11,48891
11,50347
11,51681
11,53046
11,5445
11,55832
11,57233
11,58622
11,60093
11,61423
11,62795
11,64219
11,65596
11,66969
11,68371
11,69794
11,71175
11,7256
11,7395
11,75356
11,76746
11,78108
11,7953
11,80927
11,82353
11,83704
11,85074
11,86468
11,87886
11,89233
11,90639
11,92065
11,93431
11,94807
11,96236
11,97628
11,98999
12,00416
12,01831
12,03166
12,04592
12,05962
12,07371
12,0875
12,10133
12,11533
12,12932
12,14306
12,15695
12,17144
12,18515
12,19896
12,213
12,22671
12,24065
12,25435
12,26868
12,28251
12,29656
12,31027
12,32433
12,33805
12,35196
12,36593
12,38008
12,39428
12,40779
12,42197
12,4357
12,44963
12,46324
12,47714
12,49136
12,50506
12,51887
12,53327
12,54674
12,56068
12,5751
12,58878
12,60254
12,61675
12,63044
12,64453
12,65831
12,67222
12,68645
12,70039
12,71452
12,72819
12,74201
12,75567
12,7698
12,78359
12,79764
12,81127
12,82575
12,83959
12,85402
12,8674
12,88119
12,89493
12,90885
12,92309
12,93657
12,95068
