participantNumber
3
repetitionNum
2
sdfEnabled
1
taskTime
15,02223
numHits
10
positionDifference
0,1056654
angleDifference
48,17654
finalPosX
-0,02376257
finalPosY
-0,05360304
finalPosZ
-0,8054482
finalRotX
22,3077
finalRotY
42,96432
finalRotZ
17,8083
taskType
torus
velocityMagnitude
0,4164135
0,4164135
0,6766737
0,1774536
0,1774536
0,7850626
0,5121724
0,2465616
0,2465616
0,3306101
0,288723
0,288723
0,6653771
0,2396797
0,2396797
0,09936216
0,1692929
0,3282793
0,3282793
0,5499398
0,1920004
0,1920004
0,5200728
0,4058197
0,4058197
0,5111285
0,2542723
0,2542723
0,3211124
0,3321102
0,3245419
0,3245419
0,7374889
0,5667849
0,5667849
0,432184
0,3648639
0,3648639
0,5110781
0,5592295
0,46376
0,46376
0,3174884
0,3327572
0,3327572
0,09320377
0,0699864
0,0699864
0,08762545
0,07656138
0,07813356
0,07813356
0,09172299
0,04303489
0,04303489
0,05103164
0,04703014
0,04703014
0,05938555
0,0838621
0,0838621
0,05924683
0,0446807
0,06697772
0,06697772
0,06434988
0,0553375
0,0553375
0,06730301
0,05854993
0,05854993
0,07061457
0,05908613
0,03994684
0,03994684
0,04381352
0,04031961
0,04031961
0,0444279
0,02860714
0,02860714
0,03045116
0,03770468
0,03770468
0,04307989
0,0375547
0,03229227
0,03229227
0,03433345
0,03557492
0,03557492
0,2898025
0,2404922
0,2404922
0,2978562
0,316322
0,2157536
0,2157536
0,2486713
0,2321354
0,2321354
0,6435173
0,6654647
0,6654647
1,138426
0,9609023
0,9609023
1,175118
0,8902027
0,7590367
0,7590367
1,145037
0,9841886
0,9841886
2,573123
0,5936211
0,5936211
1,01223
0,5275112
0,3969899
0,3969899
0,5585977
0,4419957
0,4419957
0,6814852
0,4686527
0,4686527
0,3146023
0,1272574
0,1272574
0,1299192
0,07020037
0,06633084
0,06633084
0,1732587
0,09690447
0,09690447
0,04469255
0,04669835
0,04669835
0,07304184
0,02662914
0,01234108
0,01234108
0,2284746
0,3801093
0,3801093
0,4495243
0,3287244
0,3287244
0,3014613
0,39755
0,328842
0,328842
0,3235067
0,3438506
0,3438506
0,3802451
0,3857034
0,3857034
0,1401727
0,114757
0,114757
0,1116673
0,09998663
0,1030718
0,1030718
0,1409655
0,1310088
0,1310088
0,1452936
0,1438205
0,1438205
0,1832444
0,1794049
0,1796835
0,1796835
0,2022888
0,2097395
0,2097395
0,4261626
0,448963
0,448963
0,258698
0,2267951
0,2267951
0,4199047
0,6508958
1,176134
1,176134
2,561342
1,508496
1,508496
0,4213103
0,4176711
0,4176711
0,2439889
0,4855675
0,4786395
0,4786395
1,128498
0,9519064
0,9519064
1,444381
1,027483
1,027483
1,183031
0,7274842
0,7274842
0,9165382
0,6557983
0,6834751
0,6834751
1,027121
0,4926221
0,4926221
0,708562
0,4906245
0,4906245
0,4761435
0,3428458
0,2181111
0,2181111
0,06718751
0,07650997
0,07650997
0,109204
0,08128256
0,08128256
0,2609427
0,313673
0,313673
0,6460477
0,3994825
0,4109595
0,4109595
0,32013
0,2121062
0,2121062
0,5726001
0,3152318
0,3152318
0,7923032
0,5753205
0,4896324
0,4896324
0,2289798
0,1388079
0,1388079
0,114189
0,08362071
0,08362071
0,1231993
0,1071221
0,05365102
0,05365102
0,1598609
0,1261329
0,1261329
0,5947585
0,4093186
0,4093186
0,3713516
0,5063086
0,5063086
1,113838
0,8769981
0,916553
0,916553
1,411828
0,7573345
0,7573345
0,8465447
0,3274707
0,3274707
0,1820918
0,2176708
0,2176708
0,3341515
0,3058698
0,3455732
0,3455732
0,2943584
0,1739995
0,1739995
0,4404285
0,3303808
0,2370121
0,2370121
0,2431633
0,2194126
0,2194126
0,3911301
0,2617399
0,2617399
0,3551904
0,2950168
0,2950168
0,6037951
0,5510843
0,4544468
0,4544468
0,7247381
0,6459039
0,6459039
0,4686297
0,47644
0,47644
0,4830936
0,5102554
0,5102554
0,7537748
0,6482419
0,6501703
0,6501703
0,6276384
0,5229508
0,5229508
0,7724183
0,7411177
0,7779737
0,8379074
0,61575
0,4739884
0,5658095
0,5658095
0,05050528
0,05050528
0,2865445
0,2681767
0,247105
0,2750023
0,1055503
0,4007627
0,5654475
0,5654475
0,6109304
0,5459601
0,09924356
0,267341
0,192995
0,1018709
0,1018709
0,1324223
0,08731784
0,1117716
0,2124131
0,114308
0,3956829
0,4460235
0,5113901
0,6741684
0,6741684
0,3940078
0,3463511
0,3245509
0,4890825
0,4501779
0,4501779
0,5723344
0,4619933
0,3636533
0,4874014
0,4072882
0,5473696
0,4876929
0,4876929
0,5758405
0,554172
0,554172
0,7015718
0,5801502
0,5801502
0,2981894
0,2981894
1,091354
1,104975
0,8538021
0,8538021
0,7095523
0,2075605
0,2075605
0,1493341
0,09868008
0,09868008
0,382119
0,4407351
0,4212742
0,4212742
0,3659321
0,3761062
0,3761062
0,3472194
0,3324986
0,3324986
0,2728021
0,2401961
0,2401961
0,4008007
0,3767505
0,3321244
0,3321244
0,222299
0,1878489
0,1878489
0,3331294
0,3491566
0,3491566
0,3630274
0,240354
0,1777183
0,1777183
0,2118207
0,2432036
0,2432036
0,4307162
0,3569829
0,3569829
0,5061435
0,3721066
0,3902886
0,3902886
0,6969171
0,4569806
0,4569806
0,5082287
0,1815564
0,1815564
0,2803074
0,1952395
0,1952395
0,5413014
0,3353082
0,2733425
0,2733425
0,575544
0,3046016
0,3046016
0,6997725
0,543874
0,543874
0,6177337
0,4616735
0,3523499
0,3523499
0,399972
0,3061603
0,3061603
0,2344285
0,1477608
0,1477608
0,141441
0,0952626
0,0952626
0,1168524
0,1073167
0,1267471
0,1267471
0,2737013
0,2426235
0,2426235
0,2240059
0,1655385
0,1655385
0,2368836
0,3274968
0,3600587
0,3600587
0,3078766
0,2163803
0,2163803
0,2765776
0,2987851
0,2987851
0,4926683
0,4990422
0,4990422
0,4936075
0,4727967
0,3278104
0,3278104
0,3582882
0,5257609
0,5257609
0,4067556
0,3787507
0,3787507
0,2147587
0,3496053
0,5150998
0,5150998
0,3868451
0,3336405
0,3336405
0,4088991
0,4105442
0,4105442
0,9478276
0,9022992
0,9991566
0,9991566
1,636823
1,320871
1,320871
2,878979
1,64625
1,64625
2,451432
1,113758
1,113758
1,662576
0,83789
0,8028963
0,8028963
0,790205
0,5576169
0,5576169
1,110519
0,6216972
0,6216972
1,366601
0,7456176
0,7014789
0,7014789
0,969875
0,560468
0,560468
0,9455979
0,6843442
0,6843442
1,274225
0,8672224
0,8672224
1,065444
0,8891227
0,795632
0,795632
0,5092467
0,5092467
0,8345289
0,741934
0,9682053
0,7908634
1,177288
1,150224
0,9239996
0,9239996
1,509574
0,9185587
0,8584809
0,8141251
0,7560045
1,083517
1,069427
1,069427
1,549255
1,278709
1,278709
1,832465
1,024058
1,024058
2,095466
1,340685
1,340685
1,535038
1,058938
0,8558241
0,8558241
1,221904
1,071184
1,071184
2,490374
2,131491
2,131491
3,003936
1,919582
1,101407
1,101407
1,291753
0,915356
0,915356
1,161219
0,987113
0,987113
1,288888
0,9951474
1,163388
1,163388
2,53192
1,447873
1,447873
2,30749
0,9390059
0,9390059
1,035614
0,6438183
0,5729678
0,5729678
1,016251
0,825269
0,825269
1,244884
0,8769019
0,8769019
1,208357
0,9288843
0,9288843
1,529271
1,069237
0,8613196
0,8613196
1,344773
0,9144525
0,9144525
2,754237
1,296624
1,296624
1,821233
0,9734486
0,8607232
0,8607232
1,726009
1,198139
1,198139
2,476685
1,376087
1,376087
1,715704
1,192424
1,192424
1,644644
1,307605
1,222873
1,222873
2,104637
1,250636
1,250636
1,459711
0,9555206
0,8399361
0,6956964
1,148364
0,6794222
0,8650405
0,8650405
0,8975204
0,4936855
0,5360725
0,8128515
0,8128515
0,9201819
0,6987
0,4920098
0,4920098
0,7636909
0,6704213
0,8978807
0,7461082
0,7461082
0,8368155
0,62396
0,4864729
0,4864729
0,2627512
0,2627512
0,8087342
0,5344697
0,5344697
0,8094479
0,5663674
0,5663674
0,8121521
0,5596159
0,3578971
0,3578971
0,3816606
0,309754
0,309754
0,4572554
0,1927875
0,1927875
0,4058687
0,2758224
0,1401926
0,1401926
0,2306708
0,2193451
0,2193451
0,1394012
0,1840069
0,1840069
0,6369663
0,3261851
0,3261851
0,4120065
0,3380564
0,2578224
0,2578224
0,7240152
0,3605956
0,3605956
0,8961267
0,4733715
0,4733715
0,7165206
0,3017973
0,2805669
0,2805669
0,8420494
0,1018911
0,1018911
0,551509
0,5181723
0,5181723
0,7222802
0,3053413
0,2382668
0,3508704
0,3646649
0,3646649
0,8281972
0,4990076
0,4990076
0,7055236
0,8906709
0,8906709
0,9870997
0,5827199
0,5737773
0,5737773
0,8192739
0,7757747
0,7757747
1,076261
0,5999766
0,5999766
0,7970666
0,673365
0,6001081
0,6001081
0,6370268
0,2809511
0,2809511
1,101026
0,7152734
0,7152734
1,100018
0,6381564
0,6381564
1,082608
0,7056758
0,5165117
0,5165117
1,090455
0,7810543
0,7810543
1,173001
0,6568242
0,6568242
1,082365
0,7285451
0,7146581
0,7146581
1,600639
0,9038137
0,9038137
1,332599
0,9313166
0,9313166
1,184563
0,9206924
0,9206924
0,7925744
0,7391254
0,7319157
0,7319157
0,8622969
0,7457697
0,7457697
0,9628217
0,8232185
0,8232185
1,316224
0,7640857
0,6833128
0,6833128
1,272052
0,9982413
0,9982413
1,647357
0,8968004
0,8968004
1,42894
0,9704657
1,149978
1,149978
1,504137
1,355515
1,355515
1,147254
1,053488
1,053488
1,315263
1,144671
1,144671
1,285294
1,064986
1,089618
1,089618
1,881381
1,239918
1,239918
1,962364
0,9698525
0,9698525
1,394548
0,7171361
0,7171361
0,7886201
0,5027164
0,3553959
0,3553959
0,3086216
0,2202311
0,2202311
0,09868023
0,1130992
0,1130992
0,152335
0,0684857
0,0761443
0,0761443
0,2988667
0,3806246
0,3806246
0,7469774
0,4830768
0,4830768
0,7968431
0,6382033
0,4263673
0,4263673
0,363867
0,2209666
0,2209666
0,5981113
0,5211796
0,5211796
0,997404
0,688374
0,688374
1,113725
0,5461141
0,3422403
0,3422403
0,3721377
0,4143268
0,4143268
0,6308319
0,4738788
0,4738788
0,1972832
0,1722123
0,2488178
0,2488178
0,4155266
0,2402575
0,2402575
0,2878927
0,2717834
0,2717834
0,4656637
0,5123088
0,5123088
0,4420841
0,2564627
0,3173742
0,3173742
0,568406
0,3080932
0,3080932
0,3310812
0,1868397
0,1868397
0,6342502
0,5952162
0,5669347
0,5669347
0,4117936
0,281745
0,281745
0,7558872
0,4556885
0,4556885
0,6238743
0,4499333
0,3568843
0,3568843
0,5234516
0,4021588
0,4021588
0,1302233
0,1840951
0,1840951
0,3346664
0,2238652
0,2238652
0,1869065
0,1763598
0,1152335
0,1152335
0,2375831
0,06385979
0,06385979
0,06217876
0,05711995
0,05711995
0,151794
0,1615187
0,1069099
0,1069099
0,1330094
0,148832
0,148832
0,1392844
0,09387754
0,09387754
0,09761938
0,04912393
0,04912393
0,1848226
0,1215208
0,08882219
0,08882219
0,06294136
0,05998811
0,05998811
0,1368733
0,07264528
0,07264528
0,2809827
0,3408213
0,2586176
0,2586176
0,1819355
0,1688396
0,1688396
0,2518135
0,2055914
0,2055914
0,1369262
0,1481941
0,1481941
0,4176203
0,4033357
0,2392929
0,2392929
0,1493614
0,1390953
0,1390953
0,2257964
0,2806639
0,2806639
0,3433746
0,3450134
0,3046003
0,3046003
0,3550571
0,382819
0,382819
0,7328313
0,5853711
0,5853711
0,1236748
0,1960994
0,1960994
0,3710009
0,3802548
0,3233353
0,3233353
1,060184
0,8131356
0,8131356
1,157836
1,338472
1,338472
0,4664263
0,4580069
0,6889552
0,6889552
1,041597
0,9885052
0,9885052
2,913529
2,135483
2,135483
5,181848
0,3184646
0,06746695
0,06746695
0,04040066
0,0601613
0,0601613
0,2453326
0,2373725
0,2373725
0,2939311
0,2927418
0,2927418
0,2899872
0,3394287
0,339629
0,339629
0,3555793
0,2689338
0,2689338
0,154137
0,1477713
0,1477713
0,1922879
0,2105412
0,2493101
0,2493101
0,3029159
0,3040383
0,3040383
0,2517934
0,2749161
0,2749161
0,1398188
0,1071568
0,1071568
0,2751906
0,5247753
0,2908245
0,2908245
0,2310286
0,2009234
0,2009234
0,6834298
1,288722
1,288722
0,7780771
0,9841158
0,5608431
0,5608431
0,8674678
0,9028903
0,9028903
1,393168
1,303273
1,303273
5,716321
velocityComponents
0,09559989
0,2703182
-0,301975
0,09559989
0,2703182
-0,301975
0,06286502
0,5692989
-0,360325
-0,01610518
0,1360126
-0,1128316
-0,01610518
0,1360126
-0,1128316
0,1517355
0,6237254
-0,4519582
0,1869977
0,232368
-0,4163623
0,04374981
0,1790695
-0,1637459
0,04374981
0,1790695
-0,1637459
-0,1850603
0,1709009
0,2141229
-0,1017071
0,2291108
0,1432649
-0,1017071
0,2291108
0,1432649
0,1373863
0,5664797
-0,320862
0,08410592
0,1140521
-0,1932994
0,08410592
0,1140521
-0,1932994
0,002535298
0,06604851
-0,07418898
-0,05387918
0,1503732
0,05608029
-0,1095946
0,2685773
0,1536964
-0,1095946
0,2685773
0,1536964
-0,2227729
0,4152817
0,2834558
-0,04764142
0,1850536
0,01869833
-0,04764142
0,1850536
0,01869833
0,07613964
0,4322816
-0,2789463
0,1115657
0,1846547
-0,3437227
0,1115657
0,1846547
-0,3437227
0,1286998
0,2211359
-0,442479
0,03512577
0,1508935
-0,2016227
0,03512577
0,1508935
-0,2016227
0,01800273
0,1863288
-0,2609036
0,07088538
0,1438872
-0,2908074
0,08791317
0,01796728
-0,3118908
0,08791317
0,01796728
-0,3118908
0,2411546
0,1050371
-0,6889858
0,1819375
0,08542155
-0,52995
0,1819375
0,08542155
-0,52995
0,1137285
-0,02796183
-0,4160132
0,09041313
0,0007409125
-0,3534835
0,09041313
0,0007409125
-0,3534835
0,1448064
-0,02636527
-0,4894249
0,1679127
-0,0533372
-0,5307524
0,1385274
-0,07134543
-0,436799
0,1385274
-0,07134543
-0,436799
0,09299047
-0,03258522
-0,301811
0,09442561
-0,03758061
-0,3168578
0,09442561
-0,03758061
-0,3168578
0,01693962
0,02196899
-0,08897952
-0,00277153
0,03734866
-0,0591227
-0,00277153
0,03734866
-0,0591227
-0,001084454
0,05106732
-0,07119812
-0,01727799
0,05527143
-0,05008179
-0,01567911
0,05223445
-0,0559516
-0,01567911
0,05223445
-0,0559516
-0,007984683
0,05647667
-0,07183132
-0,02330916
0,01658794
-0,03214848
-0,02330916
0,01658794
-0,03214848
-0,01701523
0,02088441
-0,04334226
-0,01270473
0,01960206
-0,0408189
-0,01270473
0,01960206
-0,0408189
-0,01929961
0,02572681
-0,04992294
-0,01505031
0,0486955
-0,06659645
-0,01505031
0,0486955
-0,06659645
-0,01672646
0,007191018
-0,05637997
-0,02376127
-0,007803308
-0,03702533
-0,03978597
-0,01389229
-0,05205858
-0,03978597
-0,01389229
-0,05205858
-0,03807978
-0,01584125
-0,04939526
-0,03049335
-0,01563047
-0,04345208
-0,03049335
-0,01563047
-0,04345208
-0,0280067
-0,0306805
-0,05295306
-0,02990593
-0,01958117
-0,0463714
-0,02990593
-0,01958117
-0,0463714
-0,0349226
-0,02433253
-0,05634499
-0,02780828
-0,02192089
-0,04730058
-0,01783794
-0,0137252
-0,03300267
-0,01783794
-0,0137252
-0,03300267
-0,03015074
-0,001346115
-0,03176075
-0,02393965
-0,006350175
-0,03181571
-0,02393965
-0,006350175
-0,03181571
-0,01892331
-0,01371345
-0,03778476
-0,01813248
-0,004796177
-0,02160043
-0,01813248
-0,004796177
-0,02160043
0,01845533
0,008493438
0,02268338
0,02524725
0,008148178
0,02679229
0,02524725
0,008148178
0,02679229
0,0291352
0,01011254
0,03007913
0,03090056
-0,0003533959
0,02133977
0,02759286
0,0007881373
0,01675719
0,02759286
0,0007881373
0,01675719
0,0282123
0,002374828
0,01942194
0,03146525
-0,00357376
0,0162093
0,03146525
-0,00357376
0,0162093
-0,09034929
0,08071461
-0,2632634
-0,1174781
0,1558951
-0,140471
-0,1174781
0,1558951
-0,140471
-0,19924
0,2062692
-0,08046604
-0,2080756
0,237009
-0,024307
-0,1307853
0,1714508
-0,007028839
-0,1307853
0,1714508
-0,007028839
-0,1659413
0,1841068
-0,02014002
-0,1716067
0,1560405
0,009452854
-0,1716067
0,1560405
0,009452854
-0,4990372
0,2660614
0,307063
-0,4979882
0,2085598
0,3890423
-0,4979882
0,2085598
0,3890423
-0,7918296
0,3143852
0,7551032
-0,6440681
0,2954117
0,6490311
-0,6440681
0,2954117
0,6490311
-0,7332485
0,4598131
0,7948716
-0,54227
0,3428196
0,6171538
-0,4692189
0,2202193
0,5545033
-0,4692189
0,2202193
0,5545033
-0,6917682
-0,06558502
0,9100906
-0,5565974
-0,2692579
0,7657197
-0,5565974
-0,2692579
0,7657197
-1,344648
-1,164031
1,859547
-0,3469446
-0,2460308
0,4141066
-0,3469446
-0,2460308
0,4141066
0,42
0,03217212
-0,9204209
0,2359748
0,04961491
-0,469172
0,171992
0,03249658
-0,3563196
0,171992
0,03249658
-0,3563196
0,1827082
-0,2453434
-0,4673924
0,149448
-0,2112721
-0,358315
0,149448
-0,2112721
-0,358315
0,2098858
-0,4005494
-0,5098335
0,1034669
-0,3574646
-0,2848665
0,1034669
-0,3574646
-0,2848665
0,09361009
-0,1745196
-0,2444477
0,04465181
-0,04073432
-0,1119882
0,04465181
-0,04073432
-0,1119882
-0,0214762
0,1128222
0,06073641
-0,007356261
0,06710164
0,01927039
0,01351811
0,05968143
-0,02559624
0,01351811
0,05968143
-0,02559624
0,07839019
-0,01083702
-0,1541301
0,04282895
-0,02151231
-0,0842222
0,04282895
-0,02151231
-0,0842222
0,001929301
-0,04346407
-0,01022627
-0,01760553
-0,03528264
0,02501834
-0,01760553
-0,03528264
0,02501834
-0,03931356
-0,02768849
0,05498093
-0,01747454
-0,001323308
0,02004995
-0,004824383
0,01103738
-0,002683982
-0,004824383
0,01103738
-0,002683982
0,09121206
0,002435399
-0,2094637
0,1634809
0,009259669
-0,3430326
0,1634809
0,009259669
-0,3430326
0,1904885
-0,009533808
-0,4070569
0,1374525
0,01174756
-0,2983765
0,1374525
0,01174756
-0,2983765
0,1195897
-0,0245766
-0,2756324
0,156274
-0,06177589
-0,360289
0,1327222
-0,03595272
-0,2987127
0,1327222
-0,03595272
-0,2987127
0,1294274
-0,03632148
-0,2942548
0,1412044
-0,01120592
-0,3133192
0,1412044
-0,01120592
-0,3133192
0,1594156
0,009534699
-0,3450828
0,1614854
0,004598255
-0,3502405
0,1614854
0,004598255
-0,3502405
0,05808929
0,0007525158
-0,1275675
0,05523699
0,005901669
-0,1004152
0,05523699
0,005901669
-0,1004152
0,06721292
0,01341715
-0,08815893
0,06284342
0,0151405
-0,07628103
0,06375062
0,01559434
-0,07947618
0,06375062
0,01559434
-0,07947618
0,07864396
0,02711101
-0,1138042
0,07206133
0,02497724
-0,1065205
0,07206133
0,02497724
-0,1065205
0,07421242
0,02558809
-0,122262
0,07269886
0,02729507
-0,1210545
0,07269886
0,02729507
-0,1210545
0,08363549
0,02932693
-0,1603856
0,08867282
0,02806782
-0,1534127
0,09510389
0,03220636
-0,1490106
0,09510389
0,03220636
-0,1490106
0,1086042
0,03952515
-0,166023
0,1161209
0,04829328
-0,1678521
0,1161209
0,04829328
-0,1678521
0,270032
0,1590935
-0,2887674
0,279003
0,1336402
-0,3253697
0,279003
0,1336402
-0,3253697
0,1062041
0,02651963
-0,2343973
0,09545919
0,04604117
-0,2005087
0,09545919
0,04604117
-0,2005087
0,2553523
0,01977053
-0,3327526
0,2126944
0,1221701
-0,6029103
0,3880585
0,2417667
-1,083628
0,3880585
0,2417667
-1,083628
0,870135
0,66325
-2,315909
0,3888449
0,3180895
-1,422385
0,3888449
0,3180895
-1,422385
-0,001868039
0,02086823
-0,420789
0,02915089
0,02649283
-0,4158095
0,02915089
0,02649283
-0,4158095
0,007652193
0,04223953
-0,240183
0,2307706
0,2202189
-0,3660933
0,2291708
0,2126713
-0,3624188
0,2291708
0,2126713
-0,3624188
0,5789202
0,4803971
-0,841176
0,4918885
0,4114236
-0,7034929
0,4918885
0,4114236
-0,7034929
0,7669097
0,5293733
-1,103563
0,554157
0,2632733
-0,8242084
0,554157
0,2632733
-0,8242084
0,6298726
0,2231833
-0,9762233
0,3669221
0,05302076
-0,6259314
0,3669221
0,05302076
-0,6259314
0,366814
-0,212592
-0,812585
0,2055939
-0,1505613
-0,6042631
0,1765189
-0,1744781
-0,6368176
0,1765189
-0,1744781
-0,6368176
0,2122372
-0,304882
-0,9575909
0,09075496
-0,1059167
-0,4724635
0,09075496
-0,1059167
-0,4724635
0,1354009
-0,06145817
-0,692784
0,08856335
-0,02746237
-0,4817829
0,08856335
-0,02746237
-0,4817829
0,07115763
-0,124733
-0,4539724
0,04345814
-0,09084729
-0,3277215
0,0239482
-0,03290357
-0,2142808
0,0239482
-0,03290357
-0,2142808
-0,02825927
-0,06095415
-0,0004079218
-0,03499578
-0,0433023
0,0524784
-0,03499578
-0,0433023
0,0524784
-0,05862731
-0,04597265
0,07984279
-0,0430106
-0,04208522
0,05464226
-0,0430106
-0,04208522
0,05464226
-0,1057049
-0,09377118
0,219373
-0,1152352
-0,1108607
0,2698546
-0,1152352
-0,1108607
0,2698546
-0,2110013
-0,3149389
0,5231344
-0,1288133
-0,2302688
0,2999495
-0,13074
-0,2286984
0,3154233
-0,13074
-0,2286984
0,3154233
-0,1134653
-0,134519
0,26742
-0,06690986
-0,153744
0,1299034
-0,06690986
-0,153744
0,1299034
-0,1710136
-0,438316
0,32635
-0,0881456
-0,2664113
0,1436191
-0,0881456
-0,2664113
0,1436191
-0,1919261
-0,7076116
0,3003242
-0,1699097
-0,4303401
0,3419529
-0,1561751
-0,3421847
0,3134627
-0,1561751
-0,3421847
0,3134627
-0,006122364
-0,08520795
-0,2124473
-0,008545252
-0,09528388
-0,1005763
-0,008545252
-0,09528388
-0,1005763
-0,07677731
-0,07513653
0,03871519
-0,05995546
-0,053101
0,02404267
-0,05995546
-0,053101
0,02404267
-0,1073288
-0,01651069
0,05818929
-0,03478383
0,09005123
-0,04643289
-0,03416922
0,006014796
-0,04092333
-0,03416922
0,006014796
-0,04092333
-0,1303072
-0,08376324
0,03948743
-0,0434169
-0,07656819
-0,09034265
-0,0434169
-0,07656819
-0,09034265
0,0852415
-0,01829648
-0,5883338
0,07390203
0,1879513
-0,3560261
0,07390203
0,1879513
-0,3560261
-0,01429096
0,369917
-0,02931202
-0,04102957
0,4857609
0,1367525
-0,04102957
0,4857609
0,1367525
-0,1397001
0,9543768
0,5570319
-0,1191028
0,7247995
0,479172
-0,0567109
0,8553946
0,3242735
-0,0567109
0,8553946
0,3242735
0,106305
1,405841
-0,07462849
0,1182607
0,7077758
-0,2421226
0,1182607
0,7077758
-0,2421226
0,1261096
0,8118806
-0,2039219
0,06253161
0,3062707
-0,09759669
0,06253161
0,3062707
-0,09759669
0,0402025
0,1775539
-0,00397582
0,05969555
0,1724121
-0,1187057
0,05969555
0,1724121
-0,1187057
0,1092258
0,09085745
-0,3024432
0,07946181
0,1840079
-0,2310482
0,05075161
0,3035116
-0,1572445
0,05075161
0,3035116
-0,1572445
0,03742493
0,2386017
-0,168272
0,007786145
0,1587224
-0,07086888
0,007786145
0,1587224
-0,07086888
0,07221209
0,2331892
-0,3665862
0,06579601
0,03852573
-0,3214625
0,04346694
0,01619351
-0,2324287
0,04346694
0,01619351
-0,2324287
0,02732399
0,122813
-0,2080835
0,01402037
0,1611548
-0,1482378
0,01402037
0,1611548
-0,1482378
0,03122064
0,3106015
-0,235658
0,008257665
0,2372891
-0,1101519
0,008257665
0,2372891
-0,1101519
0,00234228
0,3397175
-0,1036667
0,02138613
0,2449106
-0,163084
0,02138613
0,2449106
-0,163084
0,1139766
0,2780857
-0,5236852
0,09645037
0,3228552
-0,4360686
0,06530216
0,3310156
-0,304444
0,06530216
0,3310156
-0,304444
0,084685
0,5808061
-0,4251329
0,0708917
0,5257691
-0,3684198
0,0708917
0,5257691
-0,3684198
0,03987119
0,4000782
-0,240752
0,03786933
0,4080583
-0,2430009
0,03786933
0,4080583
-0,2430009
0,0112482
0,4577258
-0,1540777
-0,001737853
0,4969262
-0,1158529
-0,001737853
0,4969262
-0,1158529
0,004904485
0,7189223
-0,2265019
0,01298649
0,6007083
-0,2433073
0,02236472
0,5787289
-0,2954558
0,02236472
0,5787289
-0,2954558
0,03206308
0,5152416
-0,3569706
0,02080395
0,4325818
-0,2931173
0,02080395
0,4325818
-0,2931173
0,02348407
0,6311559
-0,444658
0,02931437
0,5851182
-0,4539083
0,03846933
0,5574932
-0,5412619
0,02555948
0,5998861
-0,5844419
0,02770084
0,3610531
-0,4980173
0,02368865
0,2185705
-0,4199176
0,0206327
0,2015005
-0,5283107
0,0206327
0,2015005
-0,5283107
-0,00291316
-0,02159523
-0,04556251
-0,00291316
-0,02159523
-0,04556251
-0,1399418
-0,1428629
0,2052175
-0,114488
0,1613645
0,1810325
-0,09638643
0,201043
0,106547
-0,1130871
0,2505798
-0,006882931
-0,07238472
0,07206258
-0,02661392
-0,1656927
-0,1412704
0,3364511
-0,1581866
-0,2093238
0,5008906
-0,1581866
-0,2093238
0,5008906
-0,2229999
0,02772988
0,5681004
-0,05979984
-0,5160231
0,1679779
-0,02134791
-0,09139607
0,03225383
-0,04184875
-0,251853
-0,0793095
-0,008058644
-0,1239105
-0,1477441
-0,07027634
-0,0665514
-0,0317777
-0,07027634
-0,0665514
-0,0317777
-0,0873255
-0,07733327
0,06268564
-0,07212908
-0,04877741
0,006524243
-0,03959021
-0,03181408
-0,09956589
-0,07830892
-0,1965482
0,0188637
-0,04954708
0,007647639
-0,1027274
-0,001230718
0,03414935
-0,3942046
0,03360533
0,02697588
-0,4439369
0,05986913
0,005563071
-0,5078431
0,0714575
-0,1239292
-0,6588159
0,0714575
-0,1239292
-0,6588159
0,01124293
-0,0554341
-0,3899266
0,01248518
0,04629813
-0,3430156
0,01711055
0,07009479
-0,3164289
0,02905769
0,04823924
-0,4858295
0,03681416
-0,02114398
-0,4481716
0,03681416
-0,02114398
-0,4481716
0,03750799
-0,0373714
-0,56988
0,02133964
-0,01498453
-0,4612568
0,005125123
-0,01199301
-0,3634194
0,003246454
-0,09690101
-0,4776607
-0,006513852
-0,1930352
-0,3585787
-0,009919469
-0,3307278
-0,4360438
-0,01694735
-0,3686445
-0,3188392
-0,01694735
-0,3686445
-0,3188392
-0,009128556
-0,4530992
-0,3552606
-0,004563361
-0,436989
-0,3407733
-0,004563361
-0,436989
-0,3407733
0,003968087
-0,5129611
-0,4786001
0,007513546
-0,3428339
-0,4679559
0,007513546
-0,3428339
-0,4679559
-0,006299355
-0,2234575
-0,1973424
-0,006299355
-0,2234575
-0,1973424
-0,005781909
-1,043069
-0,3209768
0,008811195
-1,039661
-0,3741638
0,01417374
-0,7711797
-0,3661406
0,01417374
-0,7711797
-0,3661406
0,00519084
-0,5738853
-0,4172448
-0,0108685
-0,1268355
-0,163939
-0,0108685
-0,1268355
-0,163939
-0,04087672
0,1045425
0,09849181
-0,0271838
-0,08527293
0,04156112
-0,0271838
-0,08527293
0,04156112
-0,01278812
-0,3738067
-0,07823014
-0,01531312
-0,4368525
-0,05632783
-0,02218555
-0,419755
0,02802541
-0,02218555
-0,419755
0,02802541
-0,02803754
-0,3546737
0,08559664
-0,02781819
-0,3670644
0,07710874
-0,02781819
-0,3670644
0,07710874
-0,02227149
-0,3463667
0,009767768
-0,01647336
-0,3301713
-0,03564942
-0,01647336
-0,3301713
-0,03564942
-0,01219359
-0,2651038
-0,06318433
-0,01639682
-0,2392297
-0,01394461
-0,01639682
-0,2392297
-0,01394461
-0,04270975
-0,3841401
0,1060824
-0,04246078
-0,3541673
0,1212583
-0,03645784
-0,3164601
0,09397057
-0,03645784
-0,3164601
0,09397057
-0,01757122
-0,2212646
0,01225041
-0,01294359
-0,1874016
0,0005551847
-0,01294359
-0,1874016
0,0005551847
-0,02128641
-0,3315512
-0,02441036
-0,02745487
-0,3480711
-0,001750969
-0,02745487
-0,3480711
-0,001750969
-0,03627039
-0,3611684
-0,005542852
-0,02408045
-0,2367081
-0,03405093
-0,01859259
-0,1706461
-0,04602198
-0,01859259
-0,1706461
-0,04602198
-0,03099472
-0,1591004
-0,1363614
-0,02811532
-0,07952329
-0,2281087
-0,02811532
-0,07952329
-0,2281087
-0,03881418
-0,04857041
-0,4262051
-0,04554586
-0,0521853
-0,3501987
-0,04554586
-0,0521853
-0,3501987
-0,1073074
-0,09641197
-0,4851505
-0,0874055
-0,104065
-0,3464016
-0,07928687
-0,0895384
-0,3715127
-0,07928687
-0,0895384
-0,3715127
-0,1283791
-0,3606139
-0,5823829
-0,09690846
-0,27902
-0,3486946
-0,09690846
-0,27902
-0,3486946
-0,1807822
-0,3590824
-0,3109244
-0,1030634
-0,1364701
-0,06096354
-0,1030634
-0,1364701
-0,06096354
-0,1797743
-0,1404595
0,1628636
-0,09002774
-0,1721448
0,01948391
-0,09002774
-0,1721448
0,01948391
-0,1532604
-0,475602
-0,2081375
-0,06006933
-0,1372027
-0,2999978
-0,05918356
-0,1086308
-0,2437473
-0,05918356
-0,1086308
-0,2437473
-0,09519024
-0,2799399
-0,4937848
-0,07117865
-0,1852285
-0,2310976
-0,07117865
-0,1852285
-0,2310976
-0,1149655
-0,2003547
-0,6605471
-0,08521301
-0,1475358
-0,5164987
-0,08521301
-0,1475358
-0,5164987
-0,08894026
-0,0807156
-0,6059452
-0,05159178
0,03961781
-0,457068
-0,03531026
0,01307802
-0,3503321
-0,03531026
0,01307802
-0,3503321
-0,05461873
0,008324942
-0,3961377
-0,03991029
0,01750246
-0,3030429
-0,03991029
0,01750246
-0,3030429
-0,04389885
-0,07167105
-0,2188444
-0,03124662
-0,04876624
-0,1359366
-0,03124662
-0,04876624
-0,1359366
-0,03959737
-0,09337603
-0,09858252
-0,02854778
-0,05964797
-0,06857192
-0,02854778
-0,05964797
-0,06857192
-0,03392157
-0,08588652
-0,07160529
-0,0302042
-0,09039245
-0,04933344
-0,0299966
-0,1122164
-0,05071988
-0,0299966
-0,1122164
-0,05071988
-0,04532605
-0,2387996
-0,1258279
-0,03623104
-0,2056856
-0,1234783
-0,03623104
-0,2056856
-0,1234783
-0,02260437
-0,1315284
-0,179911
-0,0139511
-0,07383361
-0,1475025
-0,0139511
-0,07383361
-0,1475025
-0,007997437
-0,008115178
-0,2366094
-0,004013151
0,03697441
-0,3253782
-0,0006130959
0,07724547
-0,3516746
-0,0006130959
0,07724547
-0,3516746
-0,004388721
0,06501631
-0,3009013
-0,008863159
0,01053302
-0,215942
-0,008863159
0,01053302
-0,215942
-0,02012961
-0,03106919
-0,2740888
-0,02443149
-0,04035765
-0,2950371
-0,02443149
-0,04035765
-0,2950371
-0,03729165
-0,03524802
-0,4899887
-0,03274237
0,01637581
-0,4976976
-0,03274237
0,01637581
-0,4976976
-0,02990258
0,08248796
-0,4857467
-0,03115602
0,09538679
-0,4620253
-0,07045347
0,1107413
-0,300387
-0,07045347
0,1107413
-0,300387
-0,09180776
0,1062976
-0,3296098
-0,179458
0,1353327
-0,4752941
-0,179458
0,1353327
-0,4752941
-0,1095914
0,08097033
-0,383254
-0,07761692
0,06874325
-0,3642829
-0,07761692
0,06874325
-0,3642829
-0,1156504
0,08776232
-0,1582531
-0,1589958
0,1164044
-0,2887806
-0,1510855
0,1268084
-0,4758367
-0,1510855
0,1268084
-0,4758367
-0,1793741
0,1191864
-0,3213544
-0,09317976
0,05226455
-0,3160727
-0,09317976
0,05226455
-0,3160727
0,007007224
0,05436583
-0,4052083
0,003151055
0,05277248
-0,4071262
0,003151055
0,05277248
-0,4071262
-0,01143624
0,1085125
-0,9415261
-0,01623302
0,1243461
-0,8935426
-0,02238445
0,1663121
-0,9849635
-0,02238445
0,1663121
-0,9849635
-0,04977476
0,2913487
-1,609915
-0,04670936
0,2323189
-1,299441
-0,04670936
0,2323189
-1,299441
-0,1409376
0,5993187
-2,812378
-0,1018059
0,3643799
-1,602186
-0,1018059
0,3643799
-1,602186
-0,1801066
0,9767623
-2,241208
-0,08490887
0,605992
-0,9306026
-0,08490887
0,605992
-0,9306026
-0,1103957
1,126396
-1,217869
-0,03454089
0,6867722
-0,4787594
0,009173155
0,7635325
-0,2481461
0,009173155
0,7635325
-0,2481461
0,1660526
0,5205401
0,5708665
0,1028001
0,3831893
0,391835
0,1028001
0,3831893
0,391835
0,1860917
0,8850038
0,644508
0,07804632
0,5653128
0,246653
0,07804632
0,5653128
0,246653
0,2411246
0,8189075
1,067168
0,128758
0,3801554
0,62837
0,1081109
0,4562721
0,5217284
0,1081109
0,4562721
0,5217284
0,1612754
0,5668957
0,7702448
0,08462366
0,3721689
0,410431
0,08462366
0,3721689
0,410431
0,1381713
0,6070813
0,7116997
0,07801089
0,5376591
0,4161297
0,07801089
0,5376591
0,4161297
0,1495475
0,8876157
0,9018998
0,1066026
0,4774573
0,7160622
0,1066026
0,4774573
0,7160622
0,1238364
0,5226462
0,9201497
0,09254003
0,5195352
0,7155827
0,08160635
0,4334112
0,6622126
0,08160635
0,4334112
0,6622126
0,05659302
0,1757124
0,4746099
0,05659302
0,1757124
0,4746099
0,08438139
0,2824435
0,780733
0,07716521
0,1983477
0,710753
0,09911813
0,1537867
0,9507612
0,07876257
-0,001663847
0,7869298
0,1014825
-0,04376453
1,172089
0,08544303
-0,02312721
1,146813
0,06120089
-0,04045537
0,9210826
0,06120089
-0,04045537
0,9210826
0,09604393
-0,3974054
1,453154
0,06093666
-0,2627576
0,8780633
0,05287832
-0,3542939
0,7801726
0,04925701
-0,4092661
0,7020503
0,03749546
-0,36678
0,6600071
0,04554388
-0,5803702
0,9138405
0,04037065
-0,6083125
0,8786359
0,04037065
-0,6083125
0,8786359
0,04265509
-0,957911
1,216872
0,02138555
-0,7845934
1,009481
0,02138555
-0,7845934
1,009481
0,01378464
-1,061449
1,493675
0,02695868
-0,6573391
0,7847765
0,02695868
-0,6573391
0,7847765
0,03982601
-1,759473
1,137386
-0,01246923
-1,161057
0,6702454
-0,01246923
-1,161057
0,6702454
-0,04605996
-1,396755
0,6350551
-0,01961145
-0,9744687
0,4139753
-0,01435041
-0,8104344
0,2746362
-0,01435041
-0,8104344
0,2746362
-0,00620143
-1,218726
0,08785304
-0,01709672
-1,067241
0,09022088
-0,01709672
-1,067241
0,09022088
-0,1425526
-2,474663
0,2401718
-0,1608275
-2,125094
0,03694841
-0,1608275
-2,125094
0,03694841
-0,261217
-2,976673
-0,3079207
-0,2014626
-1,908553
0,04037414
-0,1512552
-1,079357
0,1587692
-0,1512552
-1,079357
0,1587692
-0,1939137
-1,258809
0,215462
-0,1350296
-0,8327314
0,3552495
-0,1350296
-0,8327314
0,3552495
-0,1598278
-0,9396539
0,663276
-0,1507169
-0,8644148
0,4521764
-0,1507169
-0,8644148
0,4521764
-0,2144258
-1,159399
0,5206225
-0,1682342
-0,8688935
0,4550162
-0,2022601
-0,8329808
0,7865781
-0,2022601
-0,8329808
0,7865781
-0,4668654
-1,213901
2,172349
-0,2950608
-0,6629452
1,252908
-0,2950608
-0,6629452
1,252908
-0,4006592
-0,4571396
2,225984
-0,1259705
-0,05781263
0,9287202
-0,1259705
-0,05781263
0,9287202
0,02323399
0,4558592
0,9295961
-0,01457534
0,2013839
0,611338
0,01126369
0,2818954
0,4986985
0,01126369
0,2818954
0,4986985
0,0002699136
0,4844888
0,8933291
-0,04078972
0,3074581
0,764771
-0,04078972
0,3074581
0,764771
-0,1483846
0,3086955
1,19684
-0,06266375
0,33932
0,8061588
-0,06266375
0,33932
0,8061588
0,02177013
0,7462938
0,9501042
0,07372921
0,7264794
0,5741234
0,07372921
0,7264794
0,5741234
0,08761925
1,210336
0,9306347
0,05049462
0,861299
0,6315709
0,01295481
0,6546814
0,5595496
0,01295481
0,6546814
0,5595496
0,1268251
1,203696
0,5860434
0,06614312
0,8191939
0,4009611
0,06614312
0,8191939
0,4009611
0,4205223
2,701987
0,3290108
0,1908118
1,277871
0,1089475
0,1908118
1,277871
0,1089475
0,1807055
1,772729
0,3763857
0,04797984
0,9170933
0,3228621
0,02755239
0,8030872
0,3084417
0,02755239
0,8030872
0,3084417
0,1528967
1,698123
0,2685283
0,1396853
1,189857
0,01627321
0,1396853
1,189857
0,01627321
0,2730062
2,460293
-0,07997257
0,1113026
1,371537
0,0107327
0,1113026
1,371537
0,0107327
0,04142558
1,695828
0,2570846
-0,005344485
1,166905
0,2453147
-0,005344485
1,166905
0,2453147
-0,1337965
1,508625
0,6410957
-0,07927667
1,249741
0,3764204
-0,05769446
1,195313
0,2516266
-0,05769446
1,195313
0,2516266
-0,1140848
2,074272
0,337459
-0,09306926
1,218149
0,2674717
-0,09306926
1,218149
0,2674717
-0,1739227
1,372694
0,4649927
-0,1379893
0,8749432
0,3584035
-0,1399231
0,7547425
0,3409954
-0,1928257
0,4039057
0,5326086
-0,3475289
0,4953337
0,976016
-0,2153682
0,0005543079
0,644384
-0,2695769
-0,009138881
0,8219123
-0,2695769
-0,009138881
0,8219123
-0,2227813
-0,4043623
0,7696769
-0,1335008
-0,1750045
0,4419008
-0,08898459
-0,3887835
0,3581939
-0,1869391
-0,4865353
0,6237506
-0,1869391
-0,4865353
0,6237506
-0,2679032
-0,4058669
0,7811752
-0,2209943
-0,2447414
0,6159909
-0,1505674
-0,1889413
0,4286074
-0,1505674
-0,1889413
0,4286074
-0,251679
-0,2676991
0,6694913
-0,2359954
-0,188409
0,598559
-0,3412178
-0,1433295
0,8180567
-0,296369
-0,02197389
0,6843683
-0,296369
-0,02197389
0,6843683
-0,3459058
0,07026976
0,7587302
-0,2610241
0,02264646
0,5662858
-0,2004361
-0,04338334
0,4411339
-0,2004361
-0,04338334
0,4411339
-0,1093704
-0,03857477
0,2357717
-0,1093704
-0,03857477
0,2357717
-0,3178306
-0,2756075
0,6907063
-0,1968432
-0,2403895
0,4348833
-0,1968432
-0,2403895
0,4348833
-0,2121114
-0,5963518
0,5045584
-0,177672
-0,3641146
0,3957591
-0,177672
-0,3641146
0,3957591
-0,3107642
-0,3924372
0,6395386
-0,2178252
-0,2555155
0,4476985
-0,1462721
-0,1244593
0,3020011
-0,1462721
-0,1244593
0,3020011
-0,08336257
-0,2963874
0,2255437
-0,05860221
-0,2578967
0,1612534
-0,05860221
-0,2578967
0,1612534
-0,05269466
-0,4168786
0,1803276
-0,002293127
-0,1841493
0,05701551
-0,002293127
-0,1841493
0,05701551
0,02912007
-0,4024158
0,04407894
-0,03679942
-0,2412431
0,1285518
-0,03977204
-0,07110513
0,1140886
-0,03977204
-0,07110513
0,1140886
-0,04078461
-0,1455405
0,1742515
-0,05691175
-0,1051071
0,183918
-0,05691175
-0,1051071
0,183918
-0,001783175
0,08853652
0,1076606
-0,03264758
8,503433E-05
0,1810875
-0,03264758
8,503433E-05
0,1810875
-0,1987356
0,08360343
0,599367
-0,0766035
0,1476843
0,2805673
-0,0766035
0,1476843
0,2805673
-0,04076341
0,2031714
0,3561026
-0,05553416
0,2296098
0,2418211
-0,03419315
0,1611506
0,1983273
-0,03419315
0,1611506
0,1983273
0,005968471
0,671381
0,2709427
0,05211357
0,3533748
0,04939251
0,05211357
0,3533748
0,04939251
0,3258705
0,7896274
-0,2708137
0,2521574
0,2942085
-0,2719164
0,2521574
0,2942085
-0,2719164
0,4927158
-0,2556413
-0,4530787
0,2179027
0,06196052
-0,1994014
0,1812279
0,1555562
-0,1472294
0,1812279
0,1555562
-0,1472294
0,5065005
0,3907883
-0,5475297
0,09253247
0,04034234
0,01385734
0,09253247
0,04034234
0,01385734
-0,1654626
0,01724881
0,5258201
0,03473117
0,4987048
0,1363446
0,03473117
0,4987048
0,1363446
0,3429651
0,5821511
-0,2552718
0,225395
0,09485036
-0,1828492
0,2027035
-0,02815723
-0,1220226
0,1899123
-0,2938166
-0,02674162
0,2629274
-0,2493008
0,04121591
0,2629274
-0,2493008
0,04121591
0,5278124
-0,5533009
-0,3180927
0,3757271
-0,1074931
-0,310295
0,3757271
-0,1074931
-0,310295
0,4154972
-0,5477638
-0,1583675
0,3522422
-0,8045232
-0,1481974
0,3522422
-0,8045232
-0,1481974
0,4027398
-0,8966092
-0,09087546
0,3349875
-0,4614722
-0,1199555
0,3129675
-0,4607137
-0,1378934
0,3129675
-0,4607137
-0,1378934
0,1135012
-0,7389035
0,3351848
-0,00961564
-0,6223784
0,4630109
-0,00961564
-0,6223784
0,4630109
0,03906802
-0,8647137
0,6395948
0,05613963
-0,4876201
0,3450318
0,05613963
-0,4876201
0,3450318
-0,0009069216
-0,5796264
0,5471266
-0,03779754
-0,5670311
0,3612029
-0,03573804
-0,5314181
0,2764909
-0,03573804
-0,5314181
0,2764909
-0,04874005
-0,514743
0,3721117
0,001440188
-0,2535059
0,1211042
0,001440188
-0,2535059
0,1211042
0,1313469
-1,088693
-0,09876192
0,1350284
-0,6743103
-0,1966953
0,1350284
-0,6743103
-0,1966953
0,06656647
-1,089331
-0,1377195
0,05840063
-0,6210707
-0,1345515
0,05840063
-0,6210707
-0,1345515
-0,01348257
-1,076309
-0,1158357
-0,1080275
-0,6931911
0,07612109
-0,05342438
-0,513733
-0,002925773
-0,05342438
-0,513733
-0,002925773
0,1014811
-1,009983
-0,3984069
0,02534304
-0,7516937
-0,2106185
0,02534304
-0,7516937
-0,2106185
-0,07500256
-1,158481
-0,1680083
-0,03494787
-0,6445603
-0,1214029
-0,03494787
-0,6445603
-0,1214029
-0,1979666
-1,063567
0,03388799
-0,1226044
-0,7181323
-0,005666641
-0,07709046
-0,7059076
-0,08054573
-0,07709046
-0,7059076
-0,08054573
-0,08448268
-1,563942
-0,3301389
0,05893681
-0,8223717
-0,3702843
0,05893681
-0,8223717
-0,3702843
0,2477226
-1,025393
-0,8142632
0,1646436
-0,7212601
-0,5657092
0,1646436
-0,7212601
-0,5657092
0,1717011
-0,9432829
-0,6956479
0,01238695
-0,8407985
-0,3749385
0,01238695
-0,8407985
-0,3749385
0,03381374
-0,6920996
-0,3847452
0,04118804
-0,6378852
-0,3710962
0,04482706
-0,6282206
-0,3728673
0,04482706
-0,6282206
-0,3728673
0,1486159
-0,622725
-0,5776529
0,1042531
-0,5683337
-0,4714876
0,1042531
-0,5683337
-0,4714876
0,1094929
-0,7561142
-0,5859421
0,06866103
-0,6720892
-0,470394
0,06866103
-0,6720892
-0,470394
0,1628306
-1,001174
-0,8387982
0,2067833
-0,3968933
-0,6193087
0,2070974
-0,3019144
-0,5769531
0,2070974
-0,3019144
-0,5769531
0,532943
-0,1068216
-1,150077
0,4055811
-0,1096414
-0,9055211
0,4055811
-0,1096414
-0,9055211
0,7580311
0,427639
-1,398678
0,4094499
0,3348306
-0,7242169
0,4094499
0,3348306
-0,7242169
0,6041555
0,9676631
-0,8605198
0,3756319
0,7590232
-0,4739072
0,4438421
0,8775707
-0,5960904
0,4438421
0,8775707
-0,5960904
0,6063394
0,909901
-1,032889
0,5301505
0,8540893
-0,9093364
0,5301505
0,8540893
-0,9093364
0,4172032
0,8010783
-0,7073952
0,3599271
0,8045663
-0,5770291
0,3599271
0,8045663
-0,5770291
0,3966551
1,110482
-0,5825914
0,3296905
0,9856096
-0,4797382
0,3296905
0,9856096
-0,4797382
0,3217248
1,16684
-0,4323844
0,2707822
0,9487656
-0,4008926
0,2793509
0,9495247
-0,4556687
0,2793509
0,9495247
-0,4556687
0,5395929
1,373273
-1,167285
0,3694309
0,7603202
-0,9070994
0,3694309
0,7603202
-0,9070994
0,5358008
1,248619
-1,415889
0,2253649
0,7320992
-0,5948574
0,2253649
0,7320992
-0,5948574
0,2954717
1,069374
-0,8449253
0,126525
0,5999815
-0,3718842
0,126525
0,5999815
-0,3718842
0,1430219
0,5829036
-0,5115561
0,09426667
0,3010902
-0,3913851
0,06711873
0,1400373
-0,3196731
0,06711873
0,1400373
-0,3196731
0,04195409
0,127868
-0,2777354
0,01867529
0,1077634
-0,1911544
0,01867529
0,1077634
-0,1911544
-0,04295322
0,08633507
-0,02095388
-0,04533973
0,09923443
0,02980389
-0,04533973
0,09923443
0,02980389
-0,08048768
0,04966896
0,1194181
-0,04386472
-0,003952465
0,05244574
-0,05084001
-0,04256007
0,0374418
-0,05084001
-0,04256007
0,0374418
-0,1507006
-0,176002
0,1887696
-0,1610349
-0,2607672
0,2257063
-0,1610349
-0,2607672
0,2257063
-0,2904777
-0,4916025
0,4815859
-0,2141899
-0,1282948
0,4135532
-0,2141899
-0,1282948
0,4135532
-0,3474589
-0,2781423
0,6609599
-0,2532547
-0,3346856
0,4807817
-0,1834698
-0,2720124
0,2722814
-0,1834698
-0,2720124
0,2722814
-0,1639003
-0,3247182
0,009695839
-0,1100808
-0,184049
0,05323917
-0,1100808
-0,184049
0,05323917
-0,2513628
-0,4490635
0,3047882
-0,1967907
-0,3946422
0,2777753
-0,1967907
-0,3946422
0,2777753
-0,4029942
-0,6431425
0,6471307
-0,2739388
-0,3982088
0,4901491
-0,2739388
-0,3982088
0,4901491
-0,4719976
-0,5347539
0,8553597
-0,2272532
-0,394864
0,3011295
-0,1473215
-0,2833563
0,1230204
-0,1473215
-0,2833563
0,1230204
-0,2254445
-0,2640732
0,1338902
-0,1919363
-0,3457983
0,1234937
-0,1919363
-0,3457983
0,1234937
-0,3262427
-0,4787066
0,2497089
-0,2272498
-0,4070969
0,08479842
-0,2272498
-0,4070969
0,08479842
-0,1916313
0,04688349
0,0001935855
-0,149225
0,08440017
-0,01629654
-0,2032177
0,05980178
0,1305245
-0,2032177
0,05980178
0,1305245
-0,3175388
0,1593736
0,2154798
-0,1738646
0,165379
-0,01202377
-0,1738646
0,165379
-0,01202377
-0,2153011
0,1673462
-0,09231943
-0,1713403
0,2109176
-0,004745714
-0,1713403
0,2109176
-0,004745714
-0,3238834
0,2371947
0,2359679
-0,2800836
0,2814181
0,3237551
-0,2800836
0,2814181
0,3237551
-0,2155118
0,3808078
0,06307479
-0,1023263
0,09719297
-0,21414
-0,05491653
0,07902338
-0,3024332
-0,05491653
0,07902338
-0,3024332
-0,0785203
0,4059877
-0,3899922
-0,08334854
0,2105243
-0,2089354
-0,08334854
0,2105243
-0,2089354
-0,2463902
0,2193117
0,02844348
-0,1812683
0,003807368
0,04512618
-0,1812683
0,003807368
0,04512618
-0,06688231
-0,2380993
-0,5840452
0,00061265
-0,237498
-0,5457808
0,0116298
-0,1730706
-0,5397465
0,0116298
-0,1730706
-0,5397465
-0,1225092
0,001594824
-0,3931449
-0,02902791
0,2030785
-0,1931237
-0,02902791
0,2030785
-0,1931237
0,04310515
0,6348869
-0,4079535
0,02575997
0,3697611
-0,2650757
0,02575997
0,3697611
-0,2650757
0,05220833
0,4010784
-0,4750047
0,04826238
-0,008328852
-0,4472598
0,0401868
0,02025633
-0,3540354
0,0401868
0,02025633
-0,3540354
0,07246261
0,07064781
-0,5135754
0,05447768
0,07354239
-0,3916062
0,05447768
0,07354239
-0,3916062
-0,0556577
0,1148382
0,02593297
-0,07306132
0,06584018
0,1556218
-0,07306132
0,06584018
0,1556218
-0,1386455
0,07097819
0,2962113
-0,1122376
0,03401899
0,1906858
-0,1122376
0,03401899
0,1906858
-0,1180601
0,04463918
0,1378521
-0,026285
0,1724631
-0,02585248
-0,0005807195
0,1080922
-0,0399312
-0,0005807195
0,1080922
-0,0399312
-0,00525763
0,2308533
-0,0559
-0,01474015
0,05727405
-0,02409322
-0,01474015
0,05727405
-0,02409322
-0,01968487
0,03117836
-0,05006609
-0,02141226
-0,02616377
-0,04603978
-0,02141226
-0,02616377
-0,04603978
-0,03343624
-0,111466
-0,09746168
-0,0262311
-0,1231466
-0,1011688
-0,005365299
-0,03909585
-0,09936022
-0,005365299
-0,03909585
-0,09936022
0,003026745
0,08943021
-0,09841021
0,004070569
0,1136772
-0,09597867
0,004070569
0,1136772
-0,09597867
0,007044639
0,05550241
-0,1275539
0,001759698
0,01649841
-0,09239966
0,001759698
0,01649841
-0,09239966
-0,01670004
-0,07333885
-0,06222591
-0,02254638
-0,04355462
0,002795887
-0,02254638
-0,04355462
0,002795887
-0,07781331
-0,04549941
0,1613514
-0,04861716
0,00477857
0,1112692
-0,0369464
0,003702717
0,0806885
-0,0369464
0,003702717
0,0806885
-0,03579693
-0,01917868
0,04808714
-0,02511278
-0,0541895
-0,005605332
-0,02511278
-0,0541895
-0,005605332
-0,02765774
-0,1130803
-0,07198741
-0,01178356
-0,0430625
-0,05730713
-0,01178356
-0,0430625
-0,05730713
0,03804646
0,07200917
-0,2689209
0,06309094
0,1313425
-0,3081037
0,0500573
0,1343416
-0,2152433
0,0500573
0,1343416
-0,2152433
0,03143001
0,1081769
-0,1428652
0,0315628
0,07283136
-0,1490174
0,0315628
0,07283136
-0,1490174
0,04829185
0,02592249
-0,2457763
0,03705572
0,01382662
-0,2017512
0,03705572
0,01382662
-0,2017512
0,02078297
0,03984708
-0,1293409
0,02186912
0,03472855
-0,1423979
0,02186912
0,03472855
-0,1423979
0,06366532
0,001397702
-0,4127366
0,06028294
-0,00943049
-0,3986938
0,03596603
0,01801817
-0,2358875
0,03596603
0,01801817
-0,2358875
0,01800069
0,04644934
-0,1408093
0,01423196
0,03772255
-0,1331239
0,01423196
0,03772255
-0,1331239
0,02319416
0,008819809
-0,2244287
0,02815049
-0,01135069
-0,2790178
0,02815049
-0,01135069
-0,2790178
0,03581672
-0,003045513
-0,3414879
0,03110449
-0,01306303
-0,3433601
0,02615528
0,02027284
-0,3027974
0,02615528
0,02027284
-0,3027974
0,02955353
0,09185724
-0,3416934
0,03209901
0,1211823
-0,3617111
0,03209901
0,1211823
-0,3617111
0,06408784
0,2195566
-0,6962251
-0,083682
0,2286515
-0,5323299
-0,083682
0,2286515
-0,5323299
-0,03902739
0,03428998
-0,1122342
-0,05018131
0,0224142
-0,1882403
-0,05018131
0,0224142
-0,1882403
-0,08039406
0,03219423
-0,360752
-0,1010132
0,03040791
-0,3653292
-0,07695757
0,03331
-0,3122718
-0,07695757
0,03331
-0,3122718
-0,1129457
0,2028325
-1,034452
-0,05449568
0,06222101
-0,808918
-0,05449568
0,06222101
-0,808918
-0,1723901
0,2504413
-1,117204
0,2314716
0,1465725
-1,310132
0,2314716
0,1465725
-1,310132
0,05074637
0,0251594
-0,4629744
0,02835898
0,02213377
-0,4565919
0,09400446
0,07247645
-0,6786528
0,09400446
0,07247645
-0,6786528
0,1196318
0,08927212
-1,030846
0,1050686
0,07935506
-0,9796968
0,1050686
0,07935506
-0,9796968
0,2660581
0,2483486
-2,890707
0,1829979
0,2100783
-2,117231
0,1829979
0,2100783
-2,117231
0,3969351
0,7244791
-5,115576
0,004992257
0,02118727
-0,3177198
0,0009416803
0,03597314
-0,0570687
0,0009416803
0,03597314
-0,0570687
-0,00146332
-0,03996011
-0,005767267
-0,00381796
-0,05257213
-0,02899958
-0,00381796
-0,05257213
-0,02899958
-0,01048087
-0,1184354
-0,2145956
-0,008622359
-0,1041349
-0,2131368
-0,008622359
-0,1041349
-0,2131368
-0,007694873
-0,09327672
-0,2786319
-0,009631094
-0,1024656
-0,2740544
-0,009631094
-0,1024656
-0,2740544
-0,01012035
-0,09425103
-0,2740564
-0,01269144
-0,1096809
-0,3209686
-0,01244467
-0,1015962
-0,3238383
-0,01244467
-0,1015962
-0,3238383
-0,01254791
-0,08909862
-0,3440067
-0,01047324
-0,07242538
-0,2587861
-0,01047324
-0,07242538
-0,2587861
-0,008872268
-0,06610348
-0,1389599
-0,0105131
-0,08137466
-0,1228983
-0,0105131
-0,08137466
-0,1228983
-0,01685371
-0,1239261
-0,1460579
-0,01953946
-0,1397398
-0,1562645
-0,02296951
-0,1532086
-0,1953332
-0,02296951
-0,1532086
-0,1953332
-0,02576468
-0,1351736
-0,2698561
-0,02683715
-0,1286543
-0,2741663
-0,02683715
-0,1286543
-0,2741663
-0,02277307
-0,08745629
-0,2350164
-0,02493449
-0,0880082
-0,2592521
-0,02493449
-0,0880082
-0,2592521
-0,05390804
-0,02249429
-0,1270324
-0,0682236
-0,01008295
-0,08201492
-0,0682236
-0,01008295
-0,08201492
-0,1465651
-0,01363549
-0,2325137
-0,03522183
-0,135726
-0,5056946
-0,1541416
-0,01638255
-0,2460709
-0,1541416
-0,01638255
-0,2460709
-0,1328211
-0,05684386
-0,1802819
-0,09876129
-0,05397161
-0,1664436
-0,09876129
-0,05397161
-0,1664436
-0,2128581
-0,07946305
-0,6445567
-0,03136424
-0,2250802
-1,268526
-0,03136424
-0,2250802
-1,268526
-0,2317326
-0,000939168
-0,7427672
-0,02266734
-0,1553672
-0,9715097
-0,02297153
-0,1013105
-0,5511383
-0,02297153
-0,1013105
-0,5511383
-0,06577659
-0,1593743
-0,8501609
-0,08023422
-0,1454186
-0,8874834
-0,08023422
-0,1454186
-0,8874834
-0,1523225
-0,2210886
-1,367053
-0,1518257
-0,2106848
-1,277138
-0,1518257
-0,2106848
-1,277138
-0,7457201
-0,8577573
-5,602186
closestDistance
0,2397091
0,2397091
0,2311
0,2316168
0,2206902
0,2147003
0,199389
0,1992533
0,1974464
0,201245
0,1975404
0,2073551
0,205819
0,2006781
0,2006781
0,1998364
0,1924985
0,1972794
0,2058109
0,2130743
0,2109434
0,2082253
0,2050472
0,2029921
0,2029921
0,1958673
0,1932667
0,1897818
0,1864538
0,1820433
0,1762903
0,1806012
0,1682902
0,1548785
0,1548785
0,1471109
0,1408675
0,1367632
0,1275976
0,1175247
0,109146
0,1139821
0,1086539
0,1031821
0,1151695
0,1140401
0,1135684
0,1135684
0,1130248
0,1131215
0,1131319
0,1131319
0,1130714
0,1135287
0,1135287
0,1137161
0,1106809
0,1106809
0,1100215
0,1086576
0,1086576
0,1079277
0,1127597
0,1127243
0,1127243
0,112764
0,1127118
0,1127118
0,1127575
0,1128086
0,1128086
0,1128669
0,1128908
0,1129359
0,1129359
0,1130147
0,1130453
0,1130453
0,1129857
0,1073771
0,1073771
0,1073539
0,1073012
0,1073012
0,1072268
0,1071841
0,1071208
0,1071208
0,1070836
0,1070752
0,1070752
0,1038136
0,1032526
0,1090646
0,1137956
0,1127154
0,1105701
0,1105701
0,114384
0,1183635
0,1183635
0,1309847
0,1263537
0,1279343
0,1411132
0,1335219
0,1435679
0,143283
0,1459036
0,1458533
0,1458533
0,157404
0,1861057
0,1861057
0,2055185
0,212163
0,2148586
0,1987709
0,1911783
0,1855385
0,1892651
0,1798052
0,172564
0,172564
0,1617932
0,1555391
0,1555391
0,1504225
0,1484148
0,1484148
0,1502151
0,151035
0,1511471
0,1511471
0,1488721
0,1475206
0,1475206
0,1470039
0,1470377
0,1470377
0,1475199
0,1477486
0,1477597
0,1477597
0,1447512
0,140152
0,1446246
0,1394696
0,1361152
0,1361152
0,1327986
0,1238958
0,1248848
0,1204143
0,1172216
0,1210093
0,1163303
0,1131673
0,1103373
0,1103373
0,1094047
0,1088784
0,1088784
0,1087463
0,1087871
0,1088694
0,1088694
0,1089744
0,1091621
0,1091621
0,1093188
0,1096186
0,1096186
0,1098294
0,1101973
0,1107838
0,1107838
0,1116101
0,1060015
0,1060015
0,1100097
0,1165473
0,108844
0,1094315
0,1100807
0,1100807
0,1133266
0,1059572
0,1173894
0,1222194
0,1316176
0,1189451
0,1019596
0,1080077
0,1117631
0,1047934
0,1076307
0,1087398
0,1096182
0,1208022
0,1205656
0,1234316
0,1467384
0,1655014
0,1775691
0,1655633
0,184761
0,1913325
0,1887626
0,2067408
0,2197558
0,2279527
0,2046182
0,1842023
0,1766562
0,1766562
0,162729
0,1642628
0,1642628
0,1547472
0,1508657
0,1465934
0,1488188
0,1485631
0,1494305
0,1471284
0,1485609
0,1495001
0,1495001
0,1535026
0,1584794
0,1613335
0,170222
0,1636841
0,171553
0,171553
0,1764017
0,1784445
0,1809153
0,1856741
0,1898638
0,1898638
0,1936618
0,1989651
0,2061908
0,2061908
0,2018422
0,1996327
0,1996327
0,2004888
0,2006891
0,2006891
0,202152
0,2017545
0,2011317
0,2011317
0,2020961
0,2002614
0,2002614
0,1885694
0,1822661
0,1822661
0,1835977
0,1887856
0,1864718
0,202292
0,2132822
0,2213868
0,2169051
0,2216982
0,2122349
0,2072141
0,2066384
0,2010515
0,2010515
0,2015808
0,1999041
0,1999041
0,1942031
0,1905734
0,1842133
0,1842133
0,1823486
0,1810448
0,1810448
0,1752931
0,175664
0,1711949
0,1711949
0,1678722
0,1660293
0,1631927
0,1603749
0,1597996
0,1577711
0,158268
0,15717
0,1533478
0,1455777
0,1404241
0,1383456
0,1403885
0,1399346
0,128006
0,1269688
0,1283961
0,130535
0,130535
0,1347442
0,1349426
0,1284605
0,1352188
0,1454539
0,1438697
0,1489478
0,1533801
0,1498313
0,1498313
0,1566229
0,1707639
0,1765857
0,1879076
0,1923881
0,1951357
0,197766
0,198872
0,194867
0,194867
0,1916161
0,1941552
0,1974372
0,2012403
0,2055936
0,2028442
0,1978673
0,1978673
0,1991944
0,1852164
0,1765023
0,1713633
0,1682926
0,1623378
0,1663653
0,1646785
0,1632805
0,1618003
0,1578946
0,1569923
0,155414
0,154196
0,1636643
0,1614881
0,1592212
0,1590505
0,161051
0,1636818
0,1670306
0,1644209
0,1525043
0,1548166
0,1575191
0,159943
0,1621242
0,1620245
0,1608663
0,1561763
0,1545194
0,1503083
0,1469791
0,1469791
0,1451281
0,1546695
0,1546695
0,1527289
0,1527289
0,1436734
0,1372227
0,1385392
0,1428337
0,143863
0,1579942
0,1486215
0,1467641
0,154966
0,1455907
0,146265
0,1468867
0,1462339
0,1498298
0,1480664
0,1432308
0,1432308
0,1436265
0,1451823
0,1344274
0,1362144
0,1371597
0,1356819
0,1345007
0,133378
0,132999
0,132999
0,1339401
0,1350336
0,1412388
0,1433181
0,1423474
0,1423474
0,144337
0,1439182
0,1458956
0,1458956
0,1494253
0,1540489
0,1540489
0,162032
0,1673537
0,1673537
0,1768596
0,1864441
0,1936485
0,1936485
0,2065387
0,2136859
0,2136859
0,2218834
0,2236585
0,2246968
0,2225425
0,2234904
0,2234904
0,231194
0,2328183
0,2284573
0,2284573
0,2195062
0,2175145
0,2175145
0,2058746
0,1943018
0,1943018
0,1839005
0,176453
0,1686184
0,1686184
0,1622798
0,1575783
0,1661053
0,1623588
0,1600709
0,1600709
0,1582862
0,1570987
0,1554381
0,1539703
0,1528442
0,1515901
0,1515901
0,1485561
0,1474835
0,1474835
0,1436859
0,1408043
0,1369114
0,132867
0,127708
0,1269214
0,1313437
0,1268601
0,1316777
0,1316777
0,1271549
0,1223585
0,1223585
0,1148315
0,1276198
0,1276198
0,1240652
0,125066
0,1232204
0,1232204
0,1211873
0,1141081
0,1096006
0,1131693
0,1080895
0,1069595
0,1100819
0,1172844
0,1145437
0,1046882
0,1099897
0,1113395
0,1101443
0,1115808
0,119126
0,1251722
0,125842
0,1269435
0,1253761
0,1448307
0,1674997
0,1657843
0,182699
0,2289516
0,2265224
0,2174055
0,2526163
0,2689285
0,2689285
0,2884778
0,2882557
0,2918342
0,2918342
0,2797495
0,271015
0,271015
0,2580525
0,2536831
0,2536831
0,2345235
0,2310896
0,2208033
0,2208033
0,2077702
0,2015691
0,2015691
0,1916342
0,1866928
0,1925723
0,1827855
0,1753158
0,18284
0,1766659
0,1599504
0,1583613
0,1583613
0,1532582
0,1493767
0,1470313
0,1454223
0,1394899
0,1348863
0,1404147
0,138807
0,138367
0,1538365
0,1563472
0,1526739
0,1581945
0,1549086
0,1582308
0,1570743
0,1689284
0,1689284
0,180025
0,1896439
0,1869832
0,2083678
0,2218866
0,2141801
0,2314393
0,1749701
0,1735465
0,1668607
0,1660154
0,1684666
0,1684666
0,17757
0,1799767
0,165005
0,1861317
0,1918362
0,1552916
0,1403886
0,155932
0,14332
0,1458511
0,1500022
0,1504479
0,1504479
0,1475741
0,1540622
0,1540622
0,1601987
0,1726838
0,1735247
0,1789703
0,1849945
0,195533
0,1859883
0,1976504
0,200641
0,1875637
0,1822983
0,1819881
0,1801849
0,1801849
0,1791714
0,1870066
0,1823659
0,1897684
0,1942366
0,1881821
0,1892484
0,1940032
0,1940032
0,1938226
0,2006537
0,2001908
0,2001908
0,2006338
0,2050276
0,2105918
0,2142855
0,2084747
0,2096265
0,2218707
0,2348554
0,2283201
0,2330313
0,2308943
0,2380596
0,232742
0,2261039
0,2135533
0,2033112
0,1919215
0,1824678
0,1827576
0,1706208
0,1748194
0,1762538
0,1645637
0,1801783
0,192042
0,1875161
0,1985064
0,206525
0,2141703
0,2063403
0,2095287
0,2034362
0,1965723
0,1967251
0,1837157
0,1842346
0,1743865
0,1618133
0,1618133
0,1494359
0,1420891
0,150219
0,1507222
0,1427577
0,1377055
0,1434085
0,1575677
0,1445295
0,151684
0,152859
0,1561508
0,1648831
0,1708955
0,1655922
0,1687706
0,172035
0,172035
0,1686744
0,1738273
0,1738273
0,1819193
0,1877297
0,1851575
0,1802226
0,1816042
0,1867972
0,1867972
0,1863659
0,1857631
0,1857631
0,1831049
0,1838413
0,1856068
0,1856068
0,1879324
0,1908892
0,1908892
0,1932053
0,1965239
0,1965239
0,2088907
0,210779
0,210779
0,2184531
0,2244773
0,2291842
0,2291842
0,238374
0,2453686
0,2453686
0,2449257
0,2414005
0,2414005
0,2281848
0,2292816
0,2244494
0,2287453
0,2253729
0,219651
0,219651
0,2291812
0,2360875
0,23648
0,2402741
0,2322285
0,2299259
0,2255034
0,222844
0,222844
0,2112778
0,2050027
0,2050027
0,1962784
0,1852089
0,1852089
0,175486
0,1683371
0,1676406
0,1592118
0,1588312
0,1625746
0,1687399
0,1751412
0,1872544
0,1911986
0,1991757
0,2083701
0,216348
0,2163298
0,2235737
0,2292657
0,2345802
0,2330671
0,2321605
0,213515
0,2165663
0,2408405
0,2462088
0,2448509
0,2356685
0,2312825
0,2315847
0,2180621
0,2129042
0,2166604
0,2050902
0,1897606
0,1905684
0,1835913
0,1797017
0,1756859
0,1867555
0,1775524
0,1788447
0,1788447
0,1641688
0,1703312
0,1614808
0,1619584
0,1550349
0,1581731
0,161201
0,1623268
0,1593167
0,1564739
0,158985
0,157458
0,154425
0,1603823
0,1678845
0,1678845
0,1802845
0,1890248
0,1911613
0,1911613
0,1881348
0,1895235
0,1898517
0,1806754
0,1888311
0,185228
0,1751122
0,1622534
0,1588687
0,1540196
0,1600112
0,1637402
0,1500215
0,1559037
0,1568674
0,1480196
0,1534198
0,1575577
0,1514799
0,1574195
0,1622455
0,1635946
0,1610879
0,1855162
0,199233
0,1976433
0,2269001
0,2016746
0,1988342
0,1934788
0,1850969
0,177473
0,1746584
0,1673142
0,155626
0,155626
0,1525441
0,1462257
0,1462257
0,1462587
0,1472309
0,1472309
0,1489746
0,1494647
0,1493338
0,1493338
0,1499405
0,1507233
0,1546853
0,1575669
0,1731961
0,1731961
0,1808546
0,1861986
0,1882221
0,1882221
0,1879728
0,1961843
0,1889151
0,1951037
0,2008124
0,2009795
0,2143599
0,2076939
0,2076939
0,1911598
0,1851781
0,1834687
0,1833744
0,1800659
0,1804639
0,1804639
0,1744403
0,1763188
0,1763188
0,1752636
0,1775073
0,1738991
0,1738991
0,1682536
0,1744501
0,1744501
0,1766028
0,1767922
0,1798074
0,1769237
0,169825
0,172361
0,1714429
0,1707886
0,1785457
0,1785457
0,1840475
0,1923297
0,1923297
0,1928191
0,1999519
0,1999519
0,2117068
0,2223229
0,2215534
0,2215534
0,2295568
0,2173333
0,2140761
0,2084085
0,2061648
0,2082461
0,2006647
0,1905436
0,1839749
0,1839749
0,1745379
0,1719805
0,1704092
0,1716377
0,1752288
0,1752288
0,1819067
0,1863587
0,1863587
0,1899417
0,1902447
0,1927816
0,1927816
0,1924843
0,192375
0,192375
0,1917852
0,1897927
0,1911044
0,1893961
0,1875556
0,1857921
0,1857921
0,1843185
0,1829778
0,1829778
0,1809165
0,1793896
0,1793896
0,1782701
0,178412
0,178412
0,1817987
0,1810347
0,1827837
0,1827837
0,1838695
0,1837964
0,1837964
0,1823958
0,181369
0,181369
0,1766697
0,1713642
0,1678586
0,1678586
0,1656925
0,1663412
0,1663412
0,1619626
0,1583958
0,1528507
0,1506978
0,1483176
0,1483176
0,1410339
0,1398085
0,1356666
0,1356666
0,1333927
0,1312763
0,1312763
0,1275388
0,1228752
0,1228752
0,1173127
0,1132311
0,1083045
0,1161756
0,1108827
0,1094816
0,1169263
0,1067731
0,1106149
0,1141301
0,1128841
0,1116291
0,1127985
0,1098558
0,1075157
0,1176767
0,1035345
0,109822
0,1167226
0,1167226
0,1308777
0,1158897
0,1139574
0,1187358
0,117632
0,1181533
0,1184906
0,1293068
0,1381371
0,1403383
0,1819073
0,216636
0,216636
0,3052996
0,1458964
0,1448384
0,1448384
0,1447619
0,1442961
0,1442961
0,1406043
0,1367037
0,1367037
0,1318159
0,1271146
0,1271146
0,1225115
0,1258355
0,1207176
0,1327702
0,1306788
0,1208868
0,1208868
0,1206808
0,1283289
0,1244072
0,1250563
0,1260056
0,1269917
0,1197904
0,1198814
0,1201325
0,1093146
0,1091554
0,1090901
0,1126709
0,1125532
0,1123768
0,1123768
0,1115658
0,1050023
0,1189058
0,1106514
0,1128687
0,1062217
0,1218599
0,1202643
0,1155274
0,1087055
0,1162873
0,1075439
0,1115266
0,1068427
0,1124626
0,1170776
0,1266749
0,1381205
0,14531
0,1598716
0,2395773
timeStamps
4,443468
4,457339
4,471295
4,485265
4,499315
4,513025
4,526703
4,540697
4,554703
4,568568
4,582905
4,597051
4,610696
4,624515
4,638648
4,652517
4,666181
4,680174
4,693688
4,707783
4,721935
4,736103
4,750068
4,764052
4,778051
4,791715
4,805709
4,819158
4,833056
4,847134
4,860842
4,87556
4,889196
4,9032
4,917141
4,930986
4,944674
4,958524
4,972328
4,98667
5,000722
5,014844
5,028316
5,042457
5,056567
5,070017
5,083656
5,09808
5,111841
5,125636
5,140095
5,153993
5,168015
5,181733
5,195816
5,209836
5,223693
5,237538
5,250997
5,265034
5,279489
5,292857
5,306745
5,321144
5,334773
5,348715
5,362757
5,376392
5,390489
5,404387
5,417906
5,431968
5,446052
5,46008
5,474049
5,488015
5,502169
5,515862
5,529619
5,543722
5,557094
5,57121
5,585112
5,599257
5,613247
5,627197
5,641375
5,654878
5,66872
5,682539
5,696688
5,710466
5,724697
5,738628
5,752666
5,766701
5,780449
5,794266
5,808299
5,821921
5,835833
5,849728
5,86374
5,877858
5,89181
5,905698
5,919516
5,933492
5,947614
5,961314
5,974809
5,988807
6,003101
6,016884
6,030898
6,044853
6,059048
6,072826
6,086328
6,100393
6,114228
6,128175
6,142371
6,156119
6,170199
6,184299
6,198208
6,212155
6,225909
6,239888
6,253759
6,267663
6,281321
6,295337
6,309559
6,323213
6,337065
6,351144
6,365033
6,378943
6,392908
6,406769
6,42048
6,434485
6,448342
6,462403
6,476539
6,490458
6,504372
6,51831
6,532188
6,546164
6,560155
6,573891
6,588009
6,601459
6,615716
6,629582
6,643691
6,657561
6,671272
6,685321
6,699317
6,713027
6,727055
6,740803
6,754729
6,768471
6,782745
6,796659
6,810571
6,824624
6,838658
6,852345
6,866574
6,880277
6,894213
6,907719
6,922027
6,936046
6,949774
6,963652
6,977943
6,991534
7,005393
7,019572
7,032994
7,047028
7,061182
7,074757
7,088982
7,103168
7,117126
7,130911
7,14489
7,159111
7,172787
7,186297
7,200737
7,214637
7,228449
7,242265
7,255902
7,270532
7,284127
7,298326
7,311616
7,325741
7,339421
7,353269
7,367091
7,38111
7,395168
7,409222
7,423251
7,437233
7,45112
7,464905
7,479047
7,492349
7,506577
7,520572
7,534302
7,548521
7,562648
7,576655
7,590206
7,604074
7,618556
7,631549
7,645957
7,659584
7,67365
7,687607
7,701545
7,715829
7,729576
7,743418
7,757506
7,77132
7,784683
7,798717
7,813145
7,827162
7,841204
7,855046
7,86903
7,8827
7,896766
7,910861
7,924001
7,937942
7,952365
7,966359
7,980282
7,994283
8,007956
8,021916
8,035925
8,0495
8,063166
8,07715
8,091116
8,105572
8,119349
8,133175
8,147427
8,161019
8,175117
8,189125
8,202506
8,216562
8,230779
8,244476
8,258421
8,272767
8,286041
8,299941
8,313878
8,328036
8,34186
8,356135
8,369721
8,383969
8,397846
8,411855
8,426104
8,4403
8,45333
8,466956
8,480961
8,494831
8,50931
8,52311
8,537004
8,551277
8,564686
8,579329
8,592734
8,606328
8,620339
8,633965
8,648001
8,662186
8,676279
8,689945
8,703926
8,717864
8,731615
8,745415
8,759377
8,773896
8,787418
8,801419
8,81561
8,829823
8,844657
8,858842
8,872299
8,885984
8,911804
8,926588
8,94243
8,967775
8,982296
8,997456
9,023098
9,037896
9,051972
9,066901
9,093222
9,108442
9,134896
9,149014
9,163204
9,178344
9,19278
9,218924
9,246491
9,261881
9,288366
9,302341
9,317199
9,33112
9,346238
9,371795
9,387823
9,413401
9,42877
9,442879
9,468658
9,482862
9,497497
9,512261
9,52736
9,552208
9,567064
9,581736
9,595541
9,609732
9,624004
9,649759
9,665256
9,691393
9,7066
9,720695
9,734376
9,747451
9,760937
9,775491
9,789423
9,80442
9,819201
9,845006
9,858961
9,872427
9,886586
9,900812
9,915185
9,929159
9,943012
9,95697
9,971037
9,985159
9,998265
10,01216
10,0261
10,04021
10,05434
10,06865
10,08212
10,09619
10,11032
10,12386
10,13762
10,15187
10,1658
10,17959
10,19416
10,20763
10,22203
10,2353
10,24936
10,26322
10,27719
10,29084
10,30478
10,31874
10,33274
10,34697
10,36106
10,37494
10,38866
10,40265
10,41671
10,43066
10,44402
10,45812
10,47203
10,48589
10,50006
10,51384
10,52783
10,54225
10,55591
10,56982
10,58354
10,59714
10,61118
10,62503
10,63906
10,65335
10,66702
10,68098
10,6949
10,70878
10,7228
10,7365
10,75036
10,76433
10,77847
10,7926
10,8063
10,82035
10,83433
10,84795
10,86182
10,87599
10,89026
10,90358
10,91748
10,93177
10,9454
10,95963
10,97348
10,98711
11,00147
11,01534
11,02867
11,04285
11,05669
11,0704
11,08465
11,09868
11,11283
11,12656
11,14071
11,15438
11,16818
11,18235
11,19608
11,21011
11,224
11,23755
11,25192
11,26563
11,27951
11,29345
11,30755
11,32115
11,33519
11,34917
11,36305
11,37706
11,39117
11,4049
11,41889
11,43293
11,44684
11,4609
11,47445
11,48856
11,50222
11,51611
11,5301
11,54432
11,55824
11,57221
11,58607
11,60027
11,61384
11,62756
11,64173
11,65549
11,6693
11,68345
11,69733
11,71144
11,72512
11,73908
11,75305
11,76695
11,78074
11,79437
11,80836
11,82247
11,83663
11,85048
11,86472
11,87824
11,89261
11,90718
11,92064
11,93408
11,94775
11,96238
11,97633
11,98924
12,00334
12,01735
12,03094
12,04512
12,05985
12,07376
12,08775
12,10163
12,11651
12,14185
12,15633
12,17144
12,19767
12,21342
12,23947
12,25352
12,26761
12,28156
12,29635
12,311
12,337
12,35197
12,36682
12,39266
12,40692
12,42141
12,43587
12,45022
12,46409
12,47816
12,4918
12,50515
12,51914
12,53227
12,54463
12,55876
12,57311
12,58705
12,60122
12,61532
12,62915
12,64331
12,65748
12,67167
12,68513
12,69953
12,71328
12,72745
12,74119
12,75526
12,76929
12,78333
12,79705
12,81086
12,82481
12,83881
12,85252
12,86663
12,88079
12,89442
12,9084
12,92285
12,93627
12,95029
12,96428
12,97791
12,99182
13,00589
13,02011
13,03399
13,04768
13,06156
13,07562
13,0894
13,10338
13,11678
13,13083
13,14518
13,15894
13,17336
13,18673
13,20084
13,21465
13,22905
13,24232
13,25666
13,27016
13,28434
13,29819
13,31225
13,32645
13,34042
13,35396
13,36784
13,38151
13,39552
13,40964
13,42366
13,43742
13,45156
13,46523
13,47945
13,49359
13,50804
13,52169
13,53461
13,54825
13,56209
13,57631
13,59054
13,60543
13,62005
13,64619
13,66164
13,68747
13,70156
13,7163
13,73089
13,74558
13,77061
13,78482
13,79902
13,81365
13,82743
13,8422
13,85643
13,87043
13,89589
13,91005
13,92464
13,93865
13,95219
13,9666
13,98146
13,99555
14,02115
14,03554
14,04922
14,0637
14,07735
14,09112
14,10529
14,11899
14,13301
14,14737
14,16129
14,17565
14,18896
14,20238
14,21634
14,2307
14,24523
14,25856
14,27259
14,28652
14,30034
14,31442
14,32822
14,34222
14,35595
14,36997
14,38422
14,39815
14,41207
14,42579
14,4397
14,45403
14,46876
14,4825
14,49596
14,50866
14,52271
14,53665
14,55104
14,5655
14,57963
14,59316
14,60675
14,62135
14,63564
14,64848
14,66183
14,67565
14,68984
14,70442
14,71853
14,73213
14,74659
14,76183
14,78718
14,80099
14,81476
14,8291
14,84355
14,85764
14,8711
14,88509
14,89904
14,91278
14,92661
14,94076
14,95513
14,96881
14,9827
14,9969
15,01055
15,02463
15,03918
15,05218
15,06584
15,0802
15,09374
15,10767
15,12183
15,1363
15,14968
15,16377
15,17741
15,19136
15,20555
15,21947
15,23315
15,24744
15,26169
15,27526
15,28969
15,30354
15,31761
15,3311
15,3449
15,35856
15,37255
15,38636
15,40083
15,41446
15,42905
15,44229
15,45632
15,47054
15,48412
15,49797
15,5113
15,52543
15,53959
15,55347
15,56783
15,58164
15,59564
15,60925
15,62309
15,63704
15,65103
15,66474
15,67895
15,6932
15,70679
15,72121
15,73491
15,74841
15,7625
15,77592
15,79025
15,80383
15,81798
15,83193
15,84621
15,86007
15,87395
15,88776
15,90155
15,9156
15,92924
15,94346
15,95764
15,97163
15,98543
15,99899
16,01305
16,02709
16,04048
16,05472
16,0687
16,08312
16,09649
16,11057
16,12469
16,1385
16,1521
16,16597
16,17963
16,1936
16,20781
16,22201
16,23569
16,25008
16,26381
16,27752
16,29161
16,30532
16,3189
16,33341
16,34707
16,36129
16,37495
16,38933
16,403
16,41677
16,43062
16,44506
16,4583
16,47237
16,48612
16,50005
16,51379
16,52801
16,54203
16,55615
16,56994
16,58381
16,59771
16,6118
16,62524
16,63929
16,65319
16,66727
16,6814
16,69552
16,70928
16,72352
16,73754
16,75111
16,76517
16,77859
16,79254
16,80636
16,8204
16,83416
16,84878
16,86247
16,87643
16,89005
16,90389
16,91813
16,9315
16,94559
16,95939
16,97342
16,98793
17,00154
17,01564
17,02972
17,04313
17,05707
17,07084
17,08456
17,09872
17,11263
17,12705
17,141
17,1546
17,16898
17,1824
17,19671
17,21027
17,22396
17,23795
17,25196
17,26623
17,28051
17,29376
17,30816
17,32169
17,33588
17,34947
17,36322
17,37721
17,39099
17,40538
17,41943
17,43292
17,44694
17,46113
17,47488
17,4889
17,50266
17,51643
17,53024
17,54456
17,5583
17,57244
17,5862
17,60041
17,61414
17,62799
17,6419
17,65549
17,66973
17,6834
17,69794
17,71199
17,72551
17,73948
17,75364
17,76721
17,78167
17,79531
17,80867
17,8226
17,83656
17,85079
17,86489
17,87861
17,89252
17,90642
17,92072
17,93446
17,94774
17,96186
17,97587
17,99024
18,00389
18,01781
18,0318
18,04551
18,05951
18,07313
18,08706
18,10101
18,11521
18,12927
18,14337
18,15697
18,17105
18,18457
18,19859
18,21262
18,22674
18,24021
18,25469
18,26849
18,28224
18,29646
18,31001
18,32409
18,33762
18,35199
18,36596
18,37984
18,39384
18,40795
18,42158
18,43549
18,44923
18,46315
18,47716
18,49121
18,50473
18,51868
18,53286
18,5471
18,56118
18,57449
18,58884
18,60275
18,61631
18,6304
18,64412
18,65791
18,67188
18,68576
18,70061
18,71407
18,72769
18,7419
18,75562
18,76954
18,78366
18,79718
18,81103
18,82502
18,83909
18,85331
18,86703
18,88095
18,8949
18,90862
18,92273
18,93631
18,95021
18,9643
18,9787
18,99241
19,00652
19,02071
19,0346
19,04828
19,06179
19,07539
19,08936
19,10321
19,1174
19,1314
19,14557
19,15964
19,17337
19,18714
19,20112
19,2149
19,22869
19,24268
19,25701
19,27094
19,2846
19,29877
19,3124
19,3262
19,3406
19,35398
19,3681
19,38199
19,39625
19,41019
19,42411
19,43785
19,45172
