participantNumber
2
repetitionNum
5
sdfEnabled
1
taskTime
14,67608
numHits
5
positionDifference
0,08209323
angleDifference
50,14625
finalPosX
-0,05656506
finalPosY
0,006480563
finalPosZ
-0,7723852
finalRotX
347,6975
finalRotY
47,86407
finalRotZ
5,32093
taskType
torus
velocityMagnitude
0,4800417
0,2180727
0,2180727
0,659236
0,5352752
0,5352752
1,370898
0,3861231
0,2402416
0,2402416
0,7074235
0,1149421
0,1149421
0,5950858
0,3531965
0,3531965
0,2794997
0,3417563
0,4666785
0,4666785
0,3039803
0,5691093
0,5691093
0,4902594
0,1868972
0,1868972
0,404134
0,1601721
0,04332891
0,04332891
0,3511116
0,1432042
0,1432042
0,1461556
0,05401659
0,05401659
0,3398164
0,07058726
0,07058726
0,1475049
0,08964793
0,2400528
0,2400528
0,4498625
0,1757632
0,1757632
0,2641809
0,3149335
0,3149335
0,8386375
0,3402605
0,2669459
0,2669459
0,2184833
0,06126339
0,06126339
0,08974304
0,06109096
0,06109096
0,2381134
0,1484837
0,1484837
0,3807745
0,5874754
0,5064358
0,5064358
0,2552278
0,1012315
0,1012315
0,3315134
0,2651628
0,2651628
0,1321338
0,0464715
0,06160054
0,06160054
0,2454112
0,3389325
0,3389325
0,3426391
0,1476332
0,1476332
0,06830114
0,03759827
0,1346026
0,1346026
0,3226624
0,1608758
0,1608758
0,07587002
0,05701812
0,05701812
0,1440559
0,1459052
0,1579699
0,1579699
0,1370222
0,08912952
0,08912952
0,03118682
0,04909322
0,04909322
0,2211148
0,2117921
0,2117921
0,09133492
0,06605373
0,04446179
0,04446179
0,06206191
0,0949128
0,0949128
0,117365
0,1255418
0,1255418
0,1765525
0,1216164
0,08799856
0,08799856
0,09603266
0,05984427
0,05984427
0,05208588
0,0970466
0,0970466
0,2211482
0,1442923
0,1442923
0,03757562
0,04054346
0,06483153
0,06483153
0,04664883
0,05820715
0,05820715
0,1430316
0,1138614
0,1138614
0,07575011
0,05567084
0,04290988
0,04290988
0,07431221
0,0915013
0,0915013
0,07519893
0,05845911
0,05845911
0,06952447
0,05566457
0,07450891
0,07450891
0,07267362
0,05451326
0,05451326
0,04284697
0,09678452
0,09678452
0,1617886
0,1533256
0,1533256
0,07878968
0,06443412
0,06978951
0,06978951
0,1058596
0,08147431
0,08147431
0,09727879
0,09301959
0,09301959
0,07216775
0,07577065
0,07938001
0,07938001
0,07287794
0,05196655
0,05196655
0,0310868
0,03214666
0,03214666
0,05887745
0,04313686
0,04313686
0,0181684
0,0215998
0,01585825
0,01585825
0,05446702
0,05668589
0,05668589
0,07228144
0,08925936
0,08925936
0,08834758
0,1224929
0,1495214
0,1495214
0,09868859
0,1177633
0,1177633
0,2441934
0,2499282
0,2499282
0,2490855
0,2399898
0,2489337
0,2489337
0,2780284
0,2905237
0,2905237
0,4156331
0,3970933
0,3970933
0,5641428
0,5621821
0,5621821
0,6658379
0,6069252
0,3086197
0,3086197
0,2147804
0,2348953
0,2348953
0,3250318
0,3442131
0,3442131
0,3431037
0,5444781
0,5237144
0,5237144
1,710531
1,576619
1,576619
4,14681
2,662988
2,662988
3,56597
1,237247
1,237247
0,09930522
0,1213662
0,1452127
0,1452127
0,2315821
0,06695819
0,06695819
0,02329097
0,04702668
0,04702668
0,1080402
0,1362879
0,1774983
0,1774983
0,2999161
0,3002734
0,3002734
0,3688979
0,325837
0,325837
0,5576783
0,5524713
0,5524713
0,5085626
0,4690644
0,5348315
0,5348315
0,7486588
0,6789471
0,6789471
1,250035
1,121834
1,121834
1,342438
1,091827
1,076803
1,076803
1,123287
0,8957409
0,8957409
1,402798
1,161695
1,161695
1,713121
1,212544
0,7532606
0,7532606
0,1598692
0,1598692
1,515744
0,6364368
0,6364368
1,158606
0,7520235
0,7557158
0,7557158
1,730586
0,7553637
0,7553637
1,465293
0,8013098
1,049386
1,752031
1,752031
1,227599
0,8610849
0,6484209
0,6484209
0,8586127
0,659719
0,659719
0,9585021
0,6975614
0,6975614
0,9879698
0,7298877
0,7298877
0,9410521
0,8270375
0,8083857
0,8083857
1,830567
0,6392612
0,6392612
0,7010556
0,4242592
0,4242592
0,7467272
0,2012482
0,200639
0,200639
0,1956796
0,3543763
0,3543763
0,5132127
0,2078664
0,2078664
0,3406486
0,1432032
0,3254245
0,3254245
0,7972238
0,4190812
0,4190812
0,3545035
0,5066121
0,5066121
0,9000649
0,1462445
0,1462445
0,9392639
0,4400246
0,2716107
0,2716107
0,8578846
0,4481846
0,4481846
0,7544347
0,3877746
0,3877746
0,4838983
0,1328329
0,2211768
0,2211768
0,2343423
0,2353579
0,2353579
0,4672852
0,2838533
0,2838533
0,4790418
0,1804997
0,1804997
0,7235909
0,6108761
0,3860007
0,3860007
0,7911896
0,6996749
0,6996749
1,580427
0,9636726
0,9636726
0,3591821
0,8127038
0,6197532
0,6197532
0,5037723
0,4763396
0,4763396
0,4029371
0,3276177
0,3276177
0,279244
0,2491947
0,2491947
0,7488571
0,4018656
0,3862707
0,3862707
0,7788804
0,5678506
0,5678506
1,243387
0,5741283
0,5741283
0,5423822
0,1122855
0,1119674
0,1119674
0,4003308
0,2386192
0,2386192
0,1496695
0,2771122
0,2771122
0,4016432
0,1038797
0,1243139
0,1243139
0,2917767
0,09039885
0,09039885
0,2429108
0,140008
0,140008
0,4946038
0,2814024
0,2814024
0,3107418
0,06607963
0,01595733
0,01595733
0,1825179
0,05279282
0,05279282
0,2142796
0,1451984
0,1451984
0,3317445
0,1976296
0,1976296
0,6843542
0,5667872
0,4692856
0,4692856
1,076644
1,115094
1,115094
1,275827
1,414076
1,414076
0,558526
0,5602235
0,5681747
0,5681747
1,202147
3,375718
3,375718
1,027996
0,9825184
0,9825184
1,466976
1,286194
1,645429
1,645429
2,614642
1,438906
1,438906
1,309541
0,2451701
0,2451701
0,7280631
0,4714236
0,2211196
0,2211196
0,3460991
0,6488938
0,6488938
0,7396931
0,5884522
0,5884522
1,383339
0,4584764
0,4584764
1,457163
0,9274459
0,7035792
0,7035792
0,9307027
0,7528735
0,7528735
0,8659903
0,8880501
0,8880501
1,020162
0,9971011
0,9971011
1,13598
0,9777588
0,9660025
0,9660025
1,876999
1,542904
1,542904
2,332411
1,450325
1,650006
2,493106
1,67197
1,67197
1,947984
0,9795069
0,9795069
1,458579
1,027314
1,027314
2,436213
1,441803
1,441803
2,020835
1,189723
0,5973864
0,5973864
1,203134
0,9479321
0,9479321
0,50281
0,5331607
0,5331607
1,309372
1,129459
1,117278
1,117278
1,762741
1,149442
1,149442
2,085473
1,107635
1,107635
1,09324
0,9604411
0,9604411
1,589207
1,393863
1,04282
1,04282
1,248656
1,173165
1,173165
1,297884
1,242335
1,242335
1,187176
1,158245
1,035968
1,035968
2,067776
1,541163
1,541163
1,632853
1,443045
1,443045
2,877142
1,438667
0,8296854
0,8296854
1,721889
1,324558
1,324558
0,9353737
0,9713526
0,9713526
1,389325
1,288191
1,288191
1,995909
1,273021
1,414769
1,414769
2,452284
0,8993126
0,8993126
1,62935
1,337168
1,337168
2,75982
1,872923
1,449999
1,449999
2,28892
1,591181
1,591181
1,966015
1,476819
1,476819
2,997334
1,710343
0,992506
0,992506
1,517167
0,640869
0,640869
0
0
0,9533581
0,3990184
0,3990184
1,712857
0
0
1,268789
0,5777529
1,023374
0,7732543
1,084402
0,5835423
0,5835423
0,7437629
0,3086875
0,2246686
0,2246686
0,3781297
0,3411233
0,3411233
0,5968007
0,2642238
0,2642238
0,5213541
0,4991649
0,3422859
0,3422859
0,2765793
0,4628833
0,4628833
1,052838
0,516261
0,516261
0,3463461
0,3551484
0,2735027
0,2735027
0,6190628
0,6420403
0,6420403
1,364486
0,4229709
0,4229709
0,4914544
0,182135
0,182135
0,3357657
0,1774108
0,1540484
0,1540484
0,2179625
0,2315885
0,2315885
0,658726
0,2599325
0,2599325
0,7273498
0,4786542
0,4311726
0,4311726
0,2995719
0,3534392
0,3534392
0,8762383
0,4252778
0,4252778
0,4503541
0,2287041
0,2287041
0,2642361
0,3006841
0,3226146
0,3226146
0,2905824
0,1530906
0,1530906
0,1894008
0,09598188
0,09598188
0,3033677
0,149076
0,1434657
0,1434657
1,025944
0,7540231
0,7540231
1,111273
0,5580974
0,5580974
1,143853
0,8008139
0,8008139
1,801092
0,5685439
0,3996953
0,3996953
0,9662428
0,7812867
0,7812867
1,189547
0,4366256
0,4366256
0,8417147
0,7613454
0,8939731
0,8939731
1,908557
1,032926
1,032926
0,8206834
0,6595007
0,6595007
1,417563
1,132606
0,9417745
0,9417745
1,124743
0,7936352
0,7936352
1,232708
0,8783024
0,8783024
1,200994
0,8160489
0,8160489
1,080475
0,8996499
0,8631204
0,8631204
1,451464
0,8554778
0,8554778
1,433387
0,5339352
0,5339352
0,783655
0,4205395
0,5180055
0,5180055
1,373472
1,911137
1,911137
1,141502
0,4678375
0,4678375
1,659349
0,9942783
0,9942783
1,184821
0,3519212
0,4815571
0,4815571
1,323688
0,8169636
0,8169636
1,005117
0,7288675
0,7288675
0,9076888
0,7753319
0,6148965
0,6148965
0,7810891
0,7936991
0,7936991
1,052679
0,9177217
0,9177217
1,053485
0,7935637
0,7935637
1,217556
0,8173901
1,116398
1,116398
1,967217
0,6590102
0,6590102
0,7262391
0,5506716
0,5506716
1,090498
0,4687489
0,5370843
0,5370843
1,093171
0,4744718
0,4744718
1,045721
0,5456572
0,5456572
0,8088555
0,4465899
0,2479629
0,2479629
0,5060896
0,4155893
0,4155893
0,4760627
0,2364983
0,2364983
0,2717516
0,3106221
0,3106221
0,2515289
0,6640596
0,4425268
0,4425268
0,4897652
0,2864664
0,2864664
0,1336457
0,1597785
0,1597785
0,2635461
0,2598235
0,2598235
0,1746905
0,221599
0,1970186
0,1970186
0,3731825
0,07183331
0,07183331
0,07360157
0,05238442
0,05238442
0,03417226
0,06591018
0,0627386
0,0627386
0,05459154
0,09926426
0,09926426
0,09254958
0,06513374
0,06513374
0,09360575
0,0929519
0,07201011
0,07201011
0,05428299
0,03048317
0,03048317
0,01580721
0,06337485
0,06337485
0,06603161
0,03728701
0,03728701
0,06554471
0,0333453
0,02938032
0,02938032
0,02762005
0,03496699
0,03496699
0,05284534
0,03585478
0,03585478
0,05728418
0,05986158
0,04729983
0,04729983
0,04630345
0,02585751
0,02585751
0,03317637
0,03588634
0,03588634
0,05987957
0,03347726
0,03347726
0,1160995
0,06635855
0,07233901
0,07233901
0,132282
0,2680033
0,2680033
0,6582916
0,493685
0,493685
0,7550088
0,868318
0,6741893
0,6741893
0,4939699
0,5638369
0,5638369
0,4870338
0,570277
0,570277
0,1865125
0,2331589
0,2331589
0,39372
0,300699
0,7891102
0,7891102
0,8859912
0,8465768
0,8465768
1,829877
3,066052
3,066052
2,209176
1,71935
1,875128
1,875128
2,24845
0,5933955
0,5933955
0,38829
0,4615818
0,4615818
0,5225805
0,1808275
0,1721505
0,1721505
0,310456
0,2073086
0,2073086
0,3464837
0,2835429
0,2835429
0,5572878
0,4288017
0,4288017
0,4044101
0,06723391
0,04930277
0,04930277
0,141558
0,2097726
0,2097726
0,2120984
0,161254
0,161254
0,1015998
0,2237805
0,2185716
0,2185716
0,07492381
0,06694302
0,06694302
0,1381379
0,07590857
0,07590857
0,07828267
0,2000528
0,2000528
0,1821148
0,2579947
0,07509766
0,07509766
0,1056468
0,06546684
0,06546684
0,02759512
0,08479394
0,08479394
0,1678372
0,0882709
0,09635812
0,09635812
0,06624097
0,1453992
0,1453992
0,172237
0,1019891
0,1019891
0,2614824
0,1129128
0,1129128
0,2014413
0,09412033
0,03398348
0,03398348
0,107007
0,1328181
0,1328181
0,320898
0,1624195
0,1624195
0,1785678
0,07868297
0,1124536
0,1124536
0,1682908
0,04500466
0,04500466
0,06344838
0,1257734
0,1257734
0,04591061
0,01374713
0,02733694
0,02733694
0,09655714
0,08525411
0,08525411
0,3873509
0,3546035
0,3546035
0,8783671
0,6968781
0,6968781
0,7873343
0,7340206
0,6449155
0,6449155
1,240534
1,35163
1,35163
0,7728825
0,8925571
0,8925571
0,4227287
0,3227045
0,2653802
0,2653802
0,2642764
0,1853874
0,1853874
0,2886407
0,1678293
0,1678293
0,07287818
0,05670351
0,05670351
0,1709389
0,5178835
0,4426286
0,4426286
0,7229862
0,6811941
0,6811941
3,188621
2,50559
2,50559
3,736134
velocityComponents
-0,1387775
0,409095
-0,2093375
-0,1063526
0,1809672
-0,05912483
-0,1063526
0,1809672
-0,05912483
-0,1404941
0,6169364
-0,1850486
0,07889271
0,4137941
-0,3302574
0,07889271
0,4137941
-0,3302574
0,3606796
0,8293696
-1,030251
-0,02209544
0,3605716
-0,1363486
-0,1784503
0,1096711
0,1176596
-0,1784503
0,1096711
0,1176596
-0,4756895
0,1470254
0,5025446
-0,07485785
0,08308185
-0,0265591
-0,07485785
0,08308185
-0,0265591
-0,1433461
0,5756068
0,04749596
-0,1395702
0,2816051
0,1611412
-0,1395702
0,2816051
0,1611412
-0,1368761
0,2436757
-0,002679229
-0,03651381
0,3385074
-0,02961159
-0,02254248
0,4653335
-0,02730191
-0,02254248
0,4653335
-0,02730191
-0,1779497
0,2219453
0,1071364
-0,2133965
-0,4682161
0,2431482
-0,2133965
-0,4682161
0,2431482
-0,3151715
0,1498394
0,344339
0,08801222
0,04599765
-0,1583308
0,08801222
0,04599765
-0,1583308
0,1386404
0,2791427
-0,2572596
0,006359816
-0,1571588
-0,03026128
-0,004822016
-0,04247949
-0,007045269
-0,004822016
-0,04247949
-0,007045269
0,01268983
-0,292594
-0,1936674
-0,03274679
-0,1371175
-0,025177
-0,03274679
-0,1371175
-0,025177
-0,135237
0,006208569
0,05508065
-0,02733469
0,01651347
-0,04356503
-0,02733469
0,01651347
-0,04356503
0,02875924
0,217104
-0,2598345
-0,02163649
0,01453757
-0,06559789
-0,02163649
0,01453757
-0,06559789
-0,08878112
-0,02479255
-0,1151562
-0,0621438
-0,004948676
-0,06442368
0,01101494
-0,04881099
-0,2347797
0,01101494
-0,04881099
-0,2347797
-0,0289896
0,4317731
-0,1229142
-0,08364531
-0,1121809
0,1063561
-0,08364531
-0,1121809
0,1063561
-0,09422079
-0,1911624
-0,156112
0,07477287
0,1088294
-0,2859165
0,07477287
0,1088294
-0,2859165
0,2989747
0,2574162
-0,7400432
0,06676535
-0,2071853
-0,2615222
0,01872413
-0,2273579
-0,1386287
0,01872413
-0,2273579
-0,1386287
-0,03078747
-0,1861739
-0,1101198
-0,03006868
0,0411526
-0,03399324
-0,03006868
0,0411526
-0,03399324
-0,06168724
-0,06502327
0,004524677
0,002584639
0,02285229
-0,0565968
0,002584639
0,02285229
-0,0565968
0,0677153
0,07590337
-0,2152935
0,04166831
-0,006011219
-0,1423904
0,04166831
-0,006011219
-0,1423904
-0,08564552
-0,3695846
0,03257693
-0,1388313
-0,561542
0,1025855
-0,03929994
-0,5007253
-0,06486027
-0,03929994
-0,5007253
-0,06486027
0,0599196
-0,1457649
-0,2007573
0,02435715
0,05364627
-0,0823203
0,02435715
0,05364627
-0,0823203
0,1244834
0,05767834
-0,3017917
0,09585764
0,01937021
-0,2464699
0,09585764
0,01937021
-0,2464699
0,03373306
0,01145839
-0,1272404
-0,005760743
0,00241383
-0,04604984
-0,003217943
-0,02140495
-0,05767234
-0,003217943
-0,02140495
-0,05767234
0,0642316
0,07637595
-0,2242045
0,09777692
0,2027607
-0,2533831
0,09777692
0,2027607
-0,2533831
0,07011382
0,2627026
-0,2085018
-0,01740069
0,1459569
-0,01376165
-0,01740069
0,1459569
-0,01376165
-0,0469966
-0,04574699
0,01906773
-0,02079195
0,01549032
-0,0272282
0,01243575
0,097942
-0,09149089
0,01243575
0,097942
-0,09149089
0,09362061
0,1629699
-0,2622727
0,03810982
0,1050247
-0,1157518
0,03810982
0,1050247
-0,1157518
0,01057178
0,04237399
-0,06203985
0,006993527
0,03475136
-0,04465982
0,006993527
0,03475136
-0,04465982
0,0401601
0,03133497
-0,1347494
0,04194209
0,05921508
-0,126581
0,0427919
0,09163683
-0,1213509
0,0427919
0,09163683
-0,1213509
0,01530267
0,1186773
-0,0667579
-0,002187731
0,08521671
-0,02602687
-0,002187731
0,08521671
-0,02602687
-0,007659804
0,0002345833
-0,03023061
0,001665769
-0,01444255
-0,04689118
0,001665769
-0,01444255
-0,04689118
0,03344843
-0,1480684
-0,1607753
0,01822507
-0,1630058
-0,1339882
0,01822507
-0,1630058
-0,1339882
0,002165038
-0,0498141
-0,07652408
-0,0002977659
-0,02442282
-0,06137209
-0,009118707
-0,002490267
-0,04344536
-0,009118707
-0,002490267
-0,04344536
-0,05943488
-0,01392432
0,01119324
-0,07869139
-0,0369856
0,03805484
-0,07869139
-0,0369856
0,03805484
-0,0876126
0,03744845
0,06852875
-0,07038979
0,08688141
0,05707568
-0,07038979
0,08688141
0,05707568
-0,06640264
0,1534199
0,05677873
-0,0369924
0,1144255
0,01813618
-0,01904065
0,08574498
-0,005384924
-0,01904065
0,08574498
-0,005384924
-0,024121
0,09295382
-0,0001912792
-0,01827694
0,05697839
-0,0008680332
-0,01827694
0,05697839
-0,0008680332
-0,0038135
0,02709541
-0,04431969
0,0152409
-0,01319136
-0,09493021
0,0152409
-0,01319136
-0,09493021
0,06219142
0,03655735
-0,209051
0,03181203
0,006999065
-0,1405677
0,03181203
0,006999065
-0,1405677
-0,02440029
-0,01475649
-0,02447037
-0,02906173
-0,02485363
-0,01347162
-0,03535193
-0,0522593
-0,01491087
-0,03535193
-0,0522593
-0,01491087
-0,04218244
-0,0189448
-0,006152194
-0,04865938
-0,03182895
0,002693685
-0,04865938
-0,03182895
0,002693685
-0,09888866
-0,08412558
0,06001629
-0,08583903
-0,0459999
0,05899226
-0,08583903
-0,0459999
0,05899226
-0,06456121
-0,03096487
0,02472054
-0,04639108
-0,0306431
0,002847882
-0,03660374
-0,0223372
-0,001572711
-0,03660374
-0,0223372
-0,001572711
-0,05434008
-0,05006473
0,007936199
-0,05030783
-0,07636111
0,00325439
-0,05030783
-0,07636111
0,00325439
-0,02441298
-0,06237479
-0,03417999
-0,01263069
-0,04384269
-0,03654794
-0,01263069
-0,04384269
-0,03654794
0,005401121
-0,01532955
-0,06759796
0,003131849
-0,01634854
-0,05311743
0,0003196138
-0,04871341
-0,05637801
0,0003196138
-0,04871341
-0,05637801
-0,008429796
-0,06010957
-0,0399654
-0,003818654
-0,04100487
-0,03571715
-0,003818654
-0,04100487
-0,03571715
-0,005402825
-0,0188416
-0,03810074
-0,007344841
-0,08600172
-0,04378357
-0,007344841
-0,08600172
-0,04378357
0,001964531
-0,1452615
-0,07120933
0,02114956
-0,1149678
-0,09921604
0,02114956
-0,1149678
-0,09921604
0,01446852
-0,04005239
-0,06628938
0,008461875
-0,03427736
-0,05390005
0,00534015
-0,04311822
-0,05461573
0,00534015
-0,04311822
-0,05461573
0,009633537
-0,05255974
-0,09138344
0,005538957
-0,03611004
-0,07282478
0,005538957
-0,03611004
-0,07282478
0,01329291
-0,01839175
-0,09459495
0,01348041
-0,02131081
-0,08953643
0,01348041
-0,02131081
-0,08953643
-0,001617961
-0,04421074
-0,05701735
0,005001988
-0,03481219
-0,06711395
0,01316292
-0,01201892
-0,07735289
0,01316292
-0,01201892
-0,07735289
0,01175922
0,007385039
-0,07154282
0,004107106
0,01012537
-0,05080483
0,004107106
0,01012537
-0,05080483
-0,009367271
0,006629879
-0,02889097
-0,006318237
0,01027849
-0,02979665
-0,006318237
0,01027849
-0,02979665
0,006265539
0,01214014
-0,05727053
0,002056875
0,01562253
-0,04015588
0,002056875
0,01562253
-0,04015588
-0,01357203
0,01140416
-0,003979455
-0,0180223
0,008967904
0,007830997
-0,01232702
0,009958751
0,0005932985
-0,01232702
0,009958751
0,0005932985
0,008303577
-0,01008867
-0,05287651
0,01030108
-0,006696014
-0,05533842
0,01030108
-0,006696014
-0,05533842
0,005479319
-0,01994369
-0,06925917
0,006747266
-0,03124793
-0,08333831
0,006747266
-0,03124793
-0,08333831
0,002201183
0,03373055
-0,08162536
0,01211602
0,0327917
-0,1173985
0,02262259
0,04414258
-0,1410543
0,02262259
0,04414258
-0,1410543
0,009748897
0,02694634
-0,09443671
0,01403839
0,01894858
-0,115378
0,01403839
0,01894858
-0,115378
0,05813463
0,04741213
-0,2323852
0,06047545
0,03313425
-0,2402269
0,06047545
0,03313425
-0,2402269
0,05432805
0,02044953
-0,2422269
0,04933845
0,05872897
-0,2274021
0,05064573
0,08188745
-0,2295592
0,05064573
0,08188745
-0,2295592
0,05881128
0,101976
-0,2518768
0,06111912
0,1045006
-0,2640986
0,06111912
0,1045006
-0,2640986
0,07972874
0,1264001
-0,3878366
0,0725788
0,1189449
-0,3718434
0,0725788
0,1189449
-0,3718434
0,1050836
0,2061023
-0,5145254
0,1103742
0,1725378
-0,5235426
0,1103742
0,1725378
-0,5235426
0,1385159
0,06058643
-0,6484464
0,1015515
-0,02667829
-0,597774
0,03376796
-0,05149837
-0,3024132
0,03376796
-0,05149837
-0,3024132
0,03075229
-0,05378085
-0,2056515
0,03555137
-0,08152465
-0,2174066
0,03555137
-0,08152465
-0,2174066
0,005342633
-0,0866781
-0,3132157
0,008345485
-0,08664344
-0,3330254
0,008345485
-0,08664344
-0,3330254
0,02846623
-0,0692631
-0,334832
0,1316186
-0,001509549
-0,5283281
0,1228769
-0,01025282
-0,5089921
0,1228769
-0,01025282
-0,5089921
0,3860209
-0,03967214
-1,665932
0,3518714
-0,01922734
-1,536732
0,3518714
-0,01922734
-1,536732
0,8898835
-0,1084392
-4,048751
0,5484607
-0,1706706
-2,600302
0,5484607
-0,1706706
-2,600302
0,6935571
-0,2691943
-3,4875
0,2323367
-0,02463488
-1,214987
0,2323367
-0,02463488
-1,214987
0,01538964
0,003866411
-0,09802926
0,01620718
-0,0102436
-0,1198422
0,02025071
0,002836823
-0,1437658
0,02025071
0,002836823
-0,1437658
0,03440305
0,05065025
-0,2233411
-0,01445654
-0,02616087
-0,05991675
-0,01445654
-0,02616087
-0,05991675
-0,01315232
0,01858484
-0,004908115
-0,01014944
0,04286498
0,01646483
-0,01014944
0,04286498
0,01646483
-0,01200186
0,09786512
0,04417072
-0,01204493
0,1255058
0,0517455
-0,01167779
0,1741498
0,03226657
-0,01167779
0,1741498
0,03226657
-0,02224294
0,2909253
0,06940768
-0,03423475
0,2684798
0,1300411
-0,03423475
0,2684798
0,1300411
-0,05930392
0,3439623
0,1194095
-0,06488459
0,3042227
0,09699604
-0,06488459
0,3042227
0,09699604
-0,09016104
0,508547
0,2103712
-0,0928435
0,5116609
0,1865683
-0,0928435
0,5116609
0,1865683
-0,09666356
0,4660279
0,1791927
-0,09425545
0,4295208
0,1632456
0,006178266
0,530342
-0,06887571
0,006178266
0,530342
-0,06887571
0,001123466
0,7447428
-0,07646501
-0,006065595
0,6777062
-0,04057911
-0,006065595
0,6777062
-0,04057911
-0,01350518
1,247615
-0,07656223
-0,002270358
1,115133
-0,1224148
-0,002270358
1,115133
-0,1224148
0,01536937
1,318641
-0,251175
0,01322502
1,069893
-0,2173478
0,006261659
1,057193
-0,2044747
0,006261659
1,057193
-0,2044747
0,005402665
1,093766
-0,2557747
0,004415697
0,8646847
-0,2337792
0,004415697
0,8646847
-0,2337792
0,005179818
1,317907
-0,4805584
-0,006776548
1,088517
-0,4057328
-0,006776548
1,088517
-0,4057328
-0,06901419
1,638393
-0,4956726
-0,07723752
1,177064
-0,2807437
-0,04166143
0,7085633
-0,252198
-0,04166143
0,7085633
-0,252198
0,01329104
0,07463732
-0,1407507
0,01329104
0,07463732
-0,1407507
0,1616943
0,4512553
-1,437951
0,06878211
0,1679147
-0,6100209
0,06878211
0,1679147
-0,6100209
0,191146
-0,1860247
-1,127487
0,1233203
-0,1282911
-0,730666
0,1199953
-0,1941182
-0,7204343
0,1199953
-0,1941182
-0,7204343
0,2629723
-0,7985216
-1,512659
0,1004164
-0,3213462
-0,676186
0,1004164
-0,3213462
-0,676186
0,1942641
-0,9825724
-1,06953
0,1010724
-0,6436902
-0,4664169
0,1209854
-0,9173365
-0,4950421
0,1783537
-1,326229
-1,130893
0,1783537
-1,326229
-1,130893
0,0912739
-0,9059948
-0,8233109
0,05463408
-0,5862115
-0,6283616
0,03446605
-0,4368064
-0,4779769
0,03446605
-0,4368064
-0,4779769
0,02242475
-0,6159392
-0,5977723
0,00864304
-0,566557
-0,3378872
0,00864304
-0,566557
-0,3378872
-0,00237419
-0,8988169
-0,3329394
-0,004463525
-0,6553689
-0,23888
-0,004463525
-0,6553689
-0,23888
-0,01687783
-0,9462776
-0,2834754
-0,01734222
-0,7055479
-0,1861115
-0,01734222
-0,7055479
-0,1861115
-0,04001835
-0,9100628
-0,2361426
-0,04847428
-0,8190322
-0,1040556
-0,07530861
-0,7424338
0,3108185
-0,07530861
-0,7424338
0,3108185
-0,1906508
-1,505476
1,023802
-0,09225313
-0,6250048
0,09753624
-0,09225313
-0,6250048
0,09753624
-0,08157931
-0,3326016
-0,6117188
-0,07370309
-0,197025
-0,3684357
-0,07370309
-0,197025
-0,3684357
-0,2056352
-0,7177694
0,01108304
-0,114353
-0,1618504
-0,03505202
-0,1008133
0,03660373
-0,1695667
-0,1008133
0,03660373
-0,1695667
-0,1795405
0,07606628
-0,01642079
-0,1583174
-0,3090251
-0,07086366
-0,1583174
-0,3090251
-0,07086366
-0,1981378
-0,1747901
-0,439974
-0,1003194
0,05632957
-0,1731226
-0,1003194
0,05632957
-0,1731226
-0,1878077
-0,2368452
-0,1570799
-0,1191886
-0,07637128
0,02164844
-0,1294166
-0,2244188
0,1969483
-0,1294166
-0,2244188
0,1969483
-0,250173
-0,4434395
0,6134661
-0,1371569
-0,1059628
0,3815612
-0,1371569
-0,1059628
0,3815612
-0,1899347
0,1425123
0,2632258
-0,05039689
0,4710523
-0,1795149
-0,05039689
0,4710523
-0,1795149
-0,09358416
0,3939122
-0,8038607
-0,08769052
-0,03116356
-0,1128124
-0,08769052
-0,03116356
-0,1128124
-0,2195401
-0,4964184
0,7665427
-0,1236269
-0,2483402
0,3415629
-0,05970684
0,2560371
0,06820919
-0,05970684
0,2560371
0,06820919
-0,06890443
0,1686756
-0,8383118
-0,04503812
0,06848726
-0,4406251
-0,04503812
0,06848726
-0,4406251
-0,1768029
-0,7057846
0,1994508
-0,1062957
-0,2972481
0,2251975
-0,1062957
-0,2972481
0,2251975
-0,1675269
-0,2952019
0,3448886
-0,06473634
-0,1120768
-0,02987613
-0,03825675
0,00834711
-0,2176831
-0,03825675
0,00834711
-0,2176831
-0,05859897
0,2265797
-0,01200434
-0,08859441
-0,1039083
0,1916963
-0,08859441
-0,1039083
0,1916963
-0,1455339
0,2680055
0,3540458
-0,06012434
0,01001092
0,277232
-0,06012434
0,01001092
0,277232
-0,07151405
-0,100995
0,4627816
0,01588919
0,1603813
-0,08127438
0,01588919
0,1603813
-0,08127438
0,04950836
0,7214097
0,02647151
0,007137292
0,4615003
0,4001703
-0,03051665
0,05670679
0,3805911
-0,03051665
0,05670679
0,3805911
0,02294242
0,7864264
-0,08359569
0,0159997
0,6567196
-0,2408493
0,0159997
0,6567196
-0,2408493
0,02347493
1,303211
-0,8937792
-0,002936792
0,7532922
-0,6010051
-0,002936792
0,7532922
-0,6010051
-0,1156192
0,2197836
0,259498
-0,1047542
-0,2569513
0,7638652
-0,1021333
-0,2302288
0,5662663
-0,1021333
-0,2302288
0,5662663
-0,1000623
0,4220349
-0,2562431
-0,07285034
0,3656017
-0,296526
-0,07285034
0,3656017
-0,296526
-0,1591382
-0,1579181
0,3348063
-0,1284491
-0,1700548
0,2488284
-0,1284491
-0,1700548
0,2488284
-0,1325765
-0,2431625
-0,03567487
-0,1088981
-0,1712749
-0,1445827
-0,1088981
-0,1712749
-0,1445827
-0,1897743
-0,5435254
-0,4789079
-0,1290382
-0,3074676
-0,2242962
-0,1264447
-0,340444
-0,1315853
-0,1264447
-0,340444
-0,1315853
-0,1874285
-0,6644087
-0,3606747
-0,117703
-0,413706
-0,3707394
-0,117703
-0,413706
-0,3707394
-0,2278551
-0,9183174
-0,8067126
-0,09799553
-0,1242526
-0,5518889
-0,09799553
-0,1242526
-0,5518889
-0,1477041
-0,05346576
-0,5191372
-0,1051307
-0,03790099
0,01091195
-0,08443615
-0,02204739
0,07015093
-0,08443615
-0,02204739
0,07015093
-0,1711295
-0,2403124
-0,2706093
-0,09791996
0,003064274
-0,2175808
-0,09791996
0,003064274
-0,2175808
-0,05619625
0,0601438
0,1250027
-0,09536219
-0,07544072
0,2490099
-0,09536219
-0,07544072
0,2490099
-0,1353485
-0,165156
0,3401786
-0,04599021
-0,04686659
0,08049488
-0,05611877
-0,08400985
0,07243598
-0,05611877
-0,08400985
0,07243598
-0,09078085
-0,1771549
0,2133276
-0,03312091
-0,07124078
0,0447181
-0,03312091
-0,07124078
0,0447181
-0,06011399
-0,1651434
-0,1676891
-0,03476075
-0,135398
0,007829136
-0,03476075
-0,135398
0,007829136
-0,08290909
-0,4692341
-0,1325835
-0,02264487
-0,08386483
-0,2676587
-0,02264487
-0,08386483
-0,2676587
-0,01653121
0,05884496
-0,304671
-0,007662472
0,0005212141
-0,06563179
-0,004919014
-0,01477854
-0,003469069
-0,004919014
-0,01477854
-0,003469069
-0,03043261
-0,1736307
-0,04731834
-0,008231717
-0,01618424
-0,04957208
-0,008231717
-0,01618424
-0,04957208
-0,02182283
-0,03395454
-0,2104439
-0,007435381
0,01995216
-0,1436287
-0,007435381
0,01995216
-0,1436287
0,009339528
0,1356055
-0,3026191
-0,007464423
-0,1013441
-0,1695025
-0,007464423
-0,1013441
-0,1695025
0,0007221749
0,04597522
-0,6828078
0,01577601
0,2267128
-0,5192304
-0,007110427
-0,01444107
-0,4690095
-0,007110427
-0,01444107
-0,4690095
-0,01432181
0,02259321
-1,076312
-0,01262376
0,0478096
-1,113997
-0,01262376
0,0478096
-1,113997
-0,04836671
-0,1091124
-1,270233
-0,0777151
-0,19252
-1,398752
-0,0777151
-0,19252
-1,398752
0,2432292
-0,3786472
-0,3307827
0,1215392
-0,2295983
-0,4963499
0,3682977
0,1254625
-0,4140512
0,3682977
0,1254625
-0,4140512
0,5447103
0,12648
-1,064166
-0,8572156
-0,0414691
-3,264802
-0,8572156
-0,0414691
-3,264802
-0,2494453
0,003362454
-0,997267
-0,2496452
-0,04270534
-0,9493133
-0,2496452
-0,04270534
-0,9493133
-0,3763739
-0,05317754
-1,416875
-0,3244227
0,05809928
-1,24325
-0,4077855
0,1954857
-1,582066
-0,4077855
0,1954857
-1,582066
-0,595355
0,8459573
-2,401304
-0,310879
0,6176593
-1,261865
-0,310879
0,6176593
-1,261865
-0,3592986
0,08836764
-1,256182
-0,04336506
0,1459616
-0,1921537
-0,04336506
0,1459616
-0,1921537
-0,0833068
0,5426247
-0,47822
-0,004553795
0,4434772
-0,1598358
0,05990863
0,09157136
0,1921445
0,05990863
0,09157136
0,1921445
0,08437634
0,0946708
0,322029
0,04267693
0,6459929
0,04398823
0,04267693
0,6459929
0,04398823
0,08795857
0,6714408
0,2976179
0,1002371
0,4437335
0,3732681
0,1002371
0,4437335
0,3732681
0,1139694
1,332119
0,3551003
0,02215158
0,4476804
0,09639554
0,02215158
0,4476804
0,09639554
0,1707806
1,234533
0,7550405
0,1426509
0,6196287
0,6751792
0,1354188
0,1303651
0,6780047
0,1354188
0,1303651
0,6780047
0,09452303
0,7764749
0,5043409
0,04303235
0,6998802
0,2741064
0,04303235
0,6998802
0,2741064
0,07593955
0,712688
0,4860537
0,08749714
0,6769459
0,5680859
0,08749714
0,6769459
0,5680859
0,1085942
0,6747767
0,7573737
0,1112517
0,592124
0,7944953
0,1112517
0,592124
0,7944953
0,1227725
0,6012157
0,95599
0,1136709
0,4068783
0,8817829
0,09490173
0,4753239
0,8355967
0,09490173
0,4753239
0,8355967
0,1195492
1,115272
1,504992
0,09159189
0,8626035
1,275962
0,09159189
0,8626035
1,275962
0,0816113
1,408104
1,857613
0,04738335
0,7852774
1,218416
0,1063296
0,2636392
1,625334
0,09092556
0,4672766
2,447236
0,03858521
0,2747138
1,648796
0,03858521
0,2747138
1,648796
0,1236252
-0,5830407
1,854567
0,1136422
-0,9298116
0,2863035
0,1136422
-0,9298116
0,2863035
0,185293
-1,423207
0,2600014
0,1145124
-0,9344727
0,411123
0,1145124
-0,9344727
0,411123
0,2176432
-2,256442
0,89232
0,1184067
-1,424054
0,1919587
0,1184067
-1,424054
0,1919587
0,1425654
-1,845853
-0,8101086
0,07822108
-1,028353
-0,5931383
0,05699398
-0,5447514
-0,2384703
0,05699398
-0,5447514
-0,2384703
0,08077684
-1,199791
0,03884454
0,04508318
-0,9456258
-0,04831611
0,04508318
-0,9456258
-0,04831611
0,04746138
-0,4747474
0,1586829
0,03767028
-0,4779467
0,2332558
0,03767028
-0,4779467
0,2332558
0,03361091
-1,0804
0,7389585
0,008047628
-1,022635
0,4794057
-0,007056704
-1,088196
0,2531559
-0,007056704
-1,088196
0,2531559
-0,02112637
-1,580975
0,7793115
-0,03524661
-0,9808828
0,5982001
-0,03524661
-0,9808828
0,5982001
-0,1228483
-1,97678
0,6530273
-0,08462446
-1,069995
0,2735041
-0,08462446
-1,069995
0,2735041
-0,09625874
-1,047971
0,2960818
-0,09091394
-0,8403368
0,4560876
-0,09091394
-0,8403368
0,4560876
-0,1923693
-1,356263
0,8056819
-0,1856221
-1,295309
0,480181
-0,1332635
-1,011737
0,2147139
-0,1332635
-1,011737
0,2147139
-0,1669491
-1,203001
0,2899281
-0,1768931
-1,063122
0,4634632
-0,1768931
-1,063122
0,4634632
-0,2115684
-0,9688424
0,8373094
-0,2107118
-0,8545301
0,8767976
-0,2107118
-0,8545301
0,8767976
-0,1997208
-0,7006297
0,9373458
-0,1951089
-0,5999909
0,9713261
-0,1731327
-0,4823228
0,9003439
-0,1731327
-0,4823228
0,9003439
-0,3033421
-0,6077321
1,953035
-0,2020057
-0,2536979
1,506657
-0,2020057
-0,2536979
1,506657
-0,1734376
0,05349208
1,622734
-0,1799169
0,04980865
1,430919
-0,1799169
0,04980865
1,430919
-0,3626162
0,3557008
2,831949
-0,1594779
0,2862897
1,400845
0,09735767
0,6539192
0,5012873
0,09735767
0,6539192
0,5012873
0,4023738
1,663901
0,185555
0,3103782
1,286667
0,05104963
0,3103782
1,286667
0,05104963
0,1525583
0,8920605
0,2363856
0,1413928
0,9249963
0,2606068
0,1413928
0,9249963
0,2606068
0,2206647
1,36265
0,157208
0,1923268
1,267028
0,1307191
0,1923268
1,267028
0,1307191
0,1958769
1,931702
0,4624017
0,05407643
1,162031
0,5170512
-0,05038105
1,116436
0,8675272
-0,05038105
1,116436
0,8675272
-0,4409983
1,016239
2,187802
-0,05537426
0,7436574
0,5026634
-0,05537426
0,7436574
0,5026634
0,2397318
1,567961
-0,3725708
0,1700945
1,301346
-0,2560957
0,1700945
1,301346
-0,2560957
0,2234115
2,736243
-0,2822563
0,1042093
1,862332
-0,1694117
-0,06139901
1,416234
0,3049705
-0,06139901
1,416234
0,3049705
-0,3299963
1,956844
1,140623
-0,1488184
1,532844
0,4001265
-0,1488184
1,532844
0,4001265
-0,1942102
1,924248
0,3532269
-0,3054597
1,19695
0,8093212
-0,3054597
1,19695
0,8093212
-0,9225788
0,7685064
2,746316
-0,5533232
0,477995
1,546165
-0,2584884
0,7641898
0,5781573
-0,2584884
0,7641898
0,5781573
-0,1026487
1,512592
-0,05764452
-0,1821137
0,4422137
0,4266084
-0,1821137
0,4422137
0,4266084
0
0
0
0
0
0
-0,2709448
0,4551992
0,7926375
-0,06421804
0,3665239
0,1440555
-0,06421804
0,3665239
0,1440555
-0,5944908
-0,00244081
1,60638
0
0
0
0
0
0
-0,4232404
0,1114362
1,190914
-0,1218565
-0,2935576
0,482466
-0,1714997
-0,6570712
0,7655978
0,08751287
-0,7573079
0,1294158
0,1020357
-1,049741
0,2521114
0,0911369
-0,5711344
0,07759611
0,0911369
-0,5711344
0,07759611
-0,04885936
-0,5981131
0,4393823
0,01346527
-0,2238524
0,2121244
0,05980745
-0,1977607
0,08825959
0,05980745
-0,1977607
0,08825959
0,1576388
-0,3397855
0,05174858
0,1268511
-0,3014385
0,09699881
0,1268511
-0,3014385
0,09699881
0,1355865
-0,562031
0,1480152
0,04929136
-0,1316429
0,2237291
0,04929136
-0,1316429
0,2237291
-0,06096389
0,2809231
0,4349434
-0,07771496
0,2280335
0,4371805
0,006592345
-0,05956845
0,3369982
0,006592345
-0,05956845
0,3369982
0,1068097
-0,03528089
0,2526719
-0,07300738
0,0734429
0,4511508
-0,07300738
0,0734429
0,4511508
-0,2911687
0,31445
0,96167
-0,06993474
0,3136709
0,4040361
-0,06993474
0,3136709
0,4040361
0,2377792
-0,1733486
0,1826661
0,1642073
-0,3136103
0,02854699
0,18043
-0,1977043
-0,05622913
0,18043
-0,1977043
-0,05622913
0,3617833
0,4382743
-0,2454938
0,3756261
0,2708709
-0,4446905
0,3756261
0,2708709
-0,4446905
0,7399926
0,5450565
-1,008536
0,3160734
-0,1521422
-0,236336
0,3160734
-0,1521422
-0,236336
0,2439512
-0,4230331
0,05530126
0,1812667
0,003780078
-0,01735659
0,1812667
0,003780078
-0,01735659
0,09729486
0,2367157
0,217343
0,08719982
-0,0005412546
0,1545008
0,1486782
0,03788421
-0,01380117
0,1486782
0,03788421
-0,01380117
0,1604361
0,1464937
-0,01753588
-0,01903145
0,06059528
0,2227089
-0,01903145
0,06059528
0,2227089
-0,1341856
0,08002599
0,6399297
-0,002602665
-0,05445696
0,2541506
-0,002602665
-0,05445696
0,2541506
0,1138638
-0,6885536
0,2048577
-0,1155785
-0,1814995
0,4275622
-0,1293956
-0,0893495
0,4014764
-0,1293956
-0,0893495
0,4014764
0,005670407
-0,06184267
0,2930642
0,1391112
0,1504485
-0,2879802
0,1391112
0,1504485
-0,2879802
0,5779089
-0,04028326
-0,6574131
0,251123
-0,2366191
-0,2486158
0,251123
-0,2366191
-0,2486158
0,2901008
-0,2180481
-0,2666747
0,163063
0,1025944
-0,1232494
0,163063
0,1025944
-0,1232494
0,228762
-0,04685737
-0,1236651
0,2126183
0,05145625
-0,2062926
0,2068589
0,02683768
-0,2461082
0,2068589
0,02683768
-0,2461082
0,2158911
0,07087166
-0,1811253
0,1307299
0,05038297
-0,06170892
0,1307299
0,05038297
-0,06170892
0,07461964
-0,1533333
0,0824226
0,0227611
-0,04339632
0,08253007
0,0227611
-0,04339632
0,08253007
0,0360925
0,2388856
0,1834747
0,05548191
0,1288863
0,05033623
0,01939291
-0,1090134
0,09122718
0,01939291
-0,1090134
0,09122718
-0,1673065
-0,6730297
0,7560428
-0,166843
-0,460025
0,5736647
-0,166843
-0,460025
0,5736647
-0,2752708
-0,6472195
0,8603845
-0,1356355
-0,3274262
0,4311239
-0,1356355
-0,3274262
0,4311239
-0,06508772
-1,063527
0,4160194
-0,06688572
-0,7457367
0,284088
-0,06688572
-0,7457367
0,284088
-0,1718855
-1,683797
0,6158043
-0,075981
-0,4910444
0,276305
0,07190784
-0,3923588
-0,02530083
0,07190784
-0,3923588
-0,02530083
0,2372808
-0,8965827
-0,2710398
-0,01108887
-0,7752088
0,09662958
-0,01108887
-0,7752088
0,09662958
-0,06188888
-1,160439
0,2541082
-0,02931157
-0,4123817
0,1404424
-0,02931157
-0,4123817
0,1404424
0,1470582
-0,8152642
-0,1490026
0,0779808
-0,7481584
-0,1175789
-0,02028461
-0,8929284
0,0381469
-0,02028461
-0,8929284
0,0381469
-0,215855
-1,867728
0,3280084
-0,1143297
-1,017995
0,1324811
-0,1143297
-1,017995
0,1324811
0,08655377
-0,7963721
-0,1783848
0,1388609
-0,5578913
-0,3231347
0,1388609
-0,5578913
-0,3231347
-0,1284494
-1,41043
0,06060122
-0,2173501
-1,090979
0,2128853
-0,1115032
-0,9346078
0,0318498
-0,1115032
-0,9346078
0,0318498
0,2757888
-0,8744568
-0,6513923
0,3084302
-0,3530502
-0,6403774
0,3084302
-0,3530502
-0,6403774
0,171889
-1,074522
-0,5791581
-0,02898673
-0,8620534
-0,1656467
-0,02898673
-0,8620534
-0,1656467
0,06404528
-1,112396
-0,4481731
0,1397582
-0,6498186
-0,4734333
0,1397582
-0,6498186
-0,4734333
0,03337276
-0,9914761
-0,4281219
-0,06313892
-0,8707784
-0,2170906
-0,09527664
-0,8418406
-0,1649353
-0,09527664
-0,8418406
-0,1649353
-0,296422
-1,420434
-0,03532786
-0,1541707
-0,8379689
-0,0766921
-0,1541707
-0,8379689
-0,0766921
0,3834734
-0,7348996
-1,169388
0,04535109
-0,1258268
-0,5169117
0,04535109
-0,1258268
-0,5169117
-0,3056031
-0,5324885
-0,4870092
0,09873885
-0,2532878
-0,3208573
0,07442147
-0,3002899
-0,4154722
0,07442147
-0,3002899
-0,4154722
0,2362655
-0,8293709
-1,068994
0,6680151
-1,342173
-1,18523
0,6680151
-1,342173
-1,18523
0,2319671
-0,5399451
-0,9786099
0,1591921
0,001397729
-0,439918
0,1591921
0,001397729
-0,439918
0,6505728
0,5603462
-1,419932
0,3709555
0,3967926
-0,8327886
0,3709555
0,3967926
-0,8327886
0,4052758
0,6258771
-0,920777
0,1024783
0,1358137
-0,3080606
0,141499
0,07365251
-0,4543684
0,141499
0,07365251
-0,4543684
0,4538333
0,6749179
-1,044352
0,2731935
0,4899701
-0,5939057
0,2731935
0,4899701
-0,5939057
0,2525843
0,9186549
-0,3202105
0,1900223
0,6324298
-0,3084994
0,1900223
0,6324298
-0,3084994
0,2640433
0,6557145
-0,5694019
0,2268429
0,5301413
-0,5182972
0,1781764
0,4160273
-0,4162598
0,1781764
0,4160273
-0,4162598
0,2126148
0,5940403
-0,4604468
0,2158107
0,5887731
-0,4865492
0,2158107
0,5887731
-0,4865492
0,283922
0,6711587
-0,7596491
0,2372548
0,6374388
-0,6161129
0,2372548
0,6374388
-0,6161129
0,2284312
0,874727
-0,5408354
0,1550038
0,683806
-0,3716539
0,1550038
0,683806
-0,3716539
0,2455459
0,9291134
-0,7475949
0,1612443
0,5423768
-0,5898765
0,2153658
0,8511942
-0,6895141
0,2153658
0,8511942
-0,6895141
0,2966431
1,771753
-0,8017706
0,02090659
0,6486583
-0,1144538
0,02090659
0,6486583
-0,1144538
-0,02111319
0,7120336
-0,1413705
-0,008391635
0,5481384
-0,0520882
-0,008391635
0,5481384
-0,0520882
-0,0192611
1,08649
-0,09140896
-0,02885626
0,4571212
-0,09966475
-0,0001906564
0,4969832
-0,2036351
-0,0001906564
0,4969832
-0,2036351
0,03313225
0,9254422
-0,5809321
-0,094042
0,4575238
0,08337588
-0,094042
0,4575238
0,08337588
-0,2881511
0,750917
0,6683005
-0,143239
0,4799038
0,2166027
-0,143239
0,4799038
0,2166027
-0,08526216
0,6701595
-0,4448189
-0,0130499
0,2945171
-0,3354578
-0,03231232
0,1270544
-0,2104726
-0,03231232
0,1270544
-0,2104726
-0,2418386
-0,3419541
0,2840918
-0,1624903
-0,3437886
0,1676924
-0,1624903
-0,3437886
0,1676924
-0,05225075
0,3969889
-0,2574982
-0,04536756
0,1990982
-0,1193026
-0,04536756
0,1990982
-0,1193026
-0,1445473
-0,1010723
0,2067352
-0,1515723
-0,08965556
0,2558785
-0,1515723
-0,08965556
0,2558785
-0,02579216
-0,1887254
-0,164269
0,009237804
-0,2205742
-0,6262881
0,04150215
-0,09299329
-0,4306505
0,04150215
-0,09299329
-0,4306505
-0,1072516
0,2927814
0,3776851
-0,08604419
0,07598843
0,2624598
-0,08604419
0,07598843
0,2624598
-0,01008465
-0,09961314
-0,08852505
0,01247173
0,001535453
-0,1592836
0,01247173
0,001535453
-0,1592836
0,01574468
-0,1942582
-0,1774047
0,02477724
-0,2041322
-0,1588219
0,02477724
-0,2041322
-0,1588219
0,05329821
-0,009466433
-0,1660917
0,05995368
-0,0445047
-0,2086409
0,04477425
-0,1011587
-0,1630292
0,04477425
-0,1011587
-0,1630292
0,0382905
-0,3316482
-0,1667587
0,006103744
-0,0692455
-0,01810605
0,006103744
-0,0692455
-0,01810605
0,02028755
0,0217773
-0,06731534
0,01330475
0,03112984
-0,03997555
0,01330475
0,03112984
-0,03997555
-0,002062181
0,0255462
0,0226027
-0,01369336
0,01482907
0,06274346
-0,01525499
-0,008592158
0,0602461
-0,01525499
-0,008592158
0,0602461
-0,01444521
-0,02589643
0,04583609
-0,01727443
-0,09253626
0,03149648
-0,01727443
-0,09253626
0,03149648
-0,02209519
-0,06783715
0,0589521
-0,01698345
-0,03876691
0,04950851
-0,01698345
-0,03876691
0,04950851
0,01190537
-0,04254192
-0,08252566
0,01217922
-0,04601578
-0,07983903
0,002935783
-0,05803509
-0,04252957
0,002935783
-0,05803509
-0,04252957
-0,01524145
-0,02467606
0,045885
-0,008780948
-0,0009275242
0,02917633
-0,008780948
-0,0009275242
0,02917633
-0,006125448
-0,008401719
0,01190621
0,009801641
-0,01034519
-0,06175173
0,009801641
-0,01034519
-0,06175173
0,009738201
-0,02562012
-0,06007454
0,004499375
-0,01980789
-0,03126858
0,004499375
-0,01980789
-0,03126858
0,001701328
-0,05069907
-0,04150685
-0,00199079
-0,02560236
-0,02127122
-0,001296286
-0,0009254373
-0,02933712
-0,001296286
-0,0009254373
-0,02933712
-0,01068454
0,01345835
-0,02162361
-0,01413009
0,03070356
0,008962278
-0,01413009
0,03070356
0,008962278
-0,00995228
0,03635583
-0,0370383
-0,00486589
0,004607988
-0,03522293
-0,00486589
0,004607988
-0,03522293
-0,005739166
-0,001078819
-0,05698575
-0,0002029582
0,02179767
-0,0557515
0,0004459893
0,02936378
-0,03707888
0,0004459893
0,02936378
-0,03707888
-0,005244618
0,01676182
-0,04284326
-0,005512754
0,01146967
-0,02250926
-0,005512754
0,01146967
-0,02250926
-0,01316199
0,03045283
0,0002427955
-0,01414555
0,02554079
0,02086627
-0,01414555
0,02554079
0,02086627
-0,02722579
-0,02857885
0,04502853
-0,01366916
-0,03025769
-0,004284097
-0,01366916
-0,03025769
-0,004284097
-0,002362188
-0,07539055
-0,08825969
0,001233307
-0,009547018
-0,06565661
0,001248747
0,03095683
-0,06536856
0,001248747
0,03095683
-0,06536856
0,006957033
0,06873272
-0,1128094
0,0270513
0,1573877
-0,215228
0,0270513
0,1573877
-0,215228
0,08486345
0,1379175
-0,6380633
0,05068217
0,1896001
-0,4529989
0,05068217
0,1896001
-0,4529989
0,07238541
0,183322
-0,728829
0,08344066
0,08687251
-0,8599226
0,06381983
0,1438473
-0,6555656
0,06381983
0,1438473
-0,6555656
0,03252455
0,09589184
-0,4834803
0,03322283
0,1234479
-0,5491529
0,03322283
0,1234479
-0,5491529
0,02645549
0,1473358
-0,463459
0,02870794
0,1848214
-0,5387325
0,02870794
0,1848214
-0,5387325
-0,07200308
-0,1151061
-0,1278791
-0,03609708
-0,09449404
-0,2100737
-0,03609708
-0,09449404
-0,2100737
-0,07946046
-0,1605196
-0,3506208
-0,1411229
-0,05064198
-0,2606523
-0,3590641
0,05249233
-0,7007228
-0,3590641
0,05249233
-0,7007228
-0,211418
-0,2683704
-0,8174719
-0,1941168
-0,02829349
-0,8235353
-0,1941168
-0,02829349
-0,8235353
-0,2485366
-0,0179182
-1,812832
0,3557563
0,3967899
-3,019382
0,3557563
0,3967899
-3,019382
0,236703
0,3293532
-2,171625
0,1781339
0,3078759
-1,682155
0,195137
0,4073013
-1,819926
0,195137
0,4073013
-1,819926
0,2191527
0,1559517
-2,232304
0,03712799
-0,0326374
-0,5913329
0,03712799
-0,0326374
-0,5913329
-0,1061589
0,3420857
0,1499224
-0,0518221
0,3552043
0,290176
-0,0518221
0,3552043
0,290176
-0,08293259
0,07084528
0,511071
-0,01513318
-0,173179
-0,04978578
-0,01744483
-0,1632533
-0,05176708
-0,01744483
-0,1632533
-0,05176708
-0,08229383
-0,2951788
-0,04980076
0,01642962
0,1848412
-0,09241566
0,01642962
0,1848412
-0,09241566
0,01395381
0,2499422
-0,239552
0,003342939
0,01237099
-0,2832532
0,003342939
0,01237099
-0,2832532
-0,01432824
-0,407401
-0,3799852
-0,01905702
-0,3884281
-0,1806416
-0,01905702
-0,3884281
-0,1806416
-0,02968145
-0,3430402
-0,2121083
-0,002518196
0,04663597
0,0483647
-0,009954118
0,02584752
0,04078706
-0,009954118
0,02584752
0,04078706
-0,03324428
-0,1081359
0,08508873
-0,04857599
-0,1965432
0,05491545
-0,04857599
-0,1965432
0,05491545
-0,06388424
-0,2022311
-0,002666115
-0,04660449
-0,09968623
-0,1178708
-0,04660449
-0,09968623
-0,1178708
-0,0521447
-0,00309731
0,08714276
-0,06495173
-0,1293274
0,1706851
-0,06230338
-0,1395873
0,1562281
-0,06230338
-0,1395873
0,1562281
-0,03167761
0,006222383
-0,06761204
-0,03609084
0,01212515
-0,05506178
-0,03609084
0,01212515
-0,05506178
-0,09514475
-0,08958051
0,04477587
-0,0630922
-0,02055552
0,03686401
-0,0630922
-0,02055552
0,03686401
-0,04501512
0,0498632
-0,040193
-0,05201491
0,1921742
0,01961235
-0,05201491
0,1921742
0,01961235
-0,0534025
0,1508786
-0,08688851
-0,03952412
0,2025225
-0,1548669
-0,02375523
0,01975814
-0,06844679
-0,02375523
0,01975814
-0,06844679
-0,04128155
-0,09249873
-0,03001785
-0,02405741
-0,03860435
0,04708347
-0,02405741
-0,03860435
0,04708347
-0,01704913
-0,005684674
-0,02094044
-0,01696539
0,02233123
-0,0800219
-0,01696539
0,02233123
-0,0800219
-0,02482438
0,02157006
-0,1645837
-0,01873819
-0,06097474
-0,06101405
-0,01790849
-0,09045501
-0,02796542
-0,01790849
-0,09045501
-0,02796542
-0,01521193
-0,02755731
0,05828429
-0,01796797
-0,031464
0,1408123
-0,01796797
-0,031464
0,1408123
-0,02711129
-0,04901471
0,1628745
-0,02023743
-0,03496864
0,09364513
-0,02023743
-0,03496864
0,09364513
-0,03872069
-0,2122899
0,1476711
-0,02058396
-0,1076686
0,02707558
-0,02058396
-0,1076686
0,02707558
-0,03540521
-0,1982524
-0,004588889
-0,01681887
-0,09259393
-0,001458163
-0,008630135
-0,01839118
-0,02724265
-0,008630135
-0,01839118
-0,02724265
-0,02237423
-0,04592905
-0,09402343
-0,01880496
-0,06033849
-0,1168173
-0,01880496
-0,06033849
-0,1168173
-0,03021197
-0,1395513
-0,2873816
-0,01017058
-0,006797064
-0,1619582
-0,01017058
-0,006797064
-0,1619582
-0,00609582
0,1391529
-0,1117398
-0,004841001
0,06562222
-0,04314276
-0,01372701
0,04736255
-0,1010651
-0,01372701
0,04736255
-0,1010651
-0,02431397
0,08045341
-0,1458008
-0,007041406
0,03827848
-0,02259638
-0,007041406
0,03827848
-0,02259638
-0,01458074
0,06167311
-0,003086533
-0,01401945
0,08821287
-0,08854888
-0,01401945
0,08821287
-0,08854888
-0,02291281
-0,002084194
-0,03972962
-0,008594475
0,003305788
-0,01020736
-0,008782252
0,01573289
-0,02055861
-0,008782252
0,01573289
-0,02055861
-0,03348956
-0,01795125
-0,08876646
-0,021217
0,02807544
-0,07765225
-0,021217
0,02807544
-0,07765225
-0,04723503
0,04427943
-0,3819017
-0,03899345
-0,06874865
-0,345683
-0,03899345
-0,06874865
-0,345683
-0,08050759
-0,1936062
-0,8529735
-0,05448549
0,02073252
-0,6944354
-0,05448549
0,02073252
-0,6944354
-0,07115812
0,0445772
-0,7828439
-0,07284527
0,04704274
-0,7288805
-0,07132198
-0,002348323
-0,6409552
-0,07132198
-0,002348323
-0,6409552
-0,1264291
0,2040678
-1,217085
-0,1348419
0,325739
-1,304843
-0,1348419
0,325739
-1,304843
-0,09528252
0,06328389
-0,7643715
-0,115022
0,06041138
-0,8830508
-0,115022
0,06041138
-0,8830508
0,0445013
-0,04159731
-0,4183166
0,01258484
0,004146174
-0,3224323
-0,003472328
0,02661501
-0,2640194
-0,003472328
0,02661501
-0,2640194
-0,01635158
0,03824569
-0,2609826
-0,01885396
0,03858339
-0,1803451
-0,01885396
0,03858339
-0,1803451
-0,1248867
-0,08269479
-0,2467353
-0,001783863
0,0329567
-0,164552
-0,001783863
0,0329567
-0,164552
0,001229256
-0,02410116
0,06876665
0,003654748
-0,02504036
0,05074358
0,003654748
-0,02504036
0,05074358
-0,0766837
-0,1452318
-0,04740703
0,05160616
-0,08539996
-0,50818
-0,006944209
0,02013713
-0,4421157
-0,006944209
0,02013713
-0,4421157
-0,1402225
0,03006882
-0,7086201
-0,1329862
0,007885586
-0,6680403
-0,1329862
0,007885586
-0,6680403
-0,634192
-0,04724568
-3,12456
-0,5093229
-0,07604137
-2,452099
-0,5093229
-0,07604137
-2,452099
-0,7669992
-0,01880857
-3,656509
closestDistance
0,2408522
0,2643988
0,266657
0,2618167
0,2378713
0,2636957
0,2380243
0,2296931
0,2384539
0,2384539
0,2500516
0,2487907
0,2487907
0,2471308
0,2481712
0,2481712
0,2474021
0,2482243
0,2448162
0,2455758
0,2467754
0,2599463
0,2520888
0,2590706
0,2596349
0,2560739
0,2486798
0,2550673
0,2551548
0,2551548
0,2537194
0,2481227
0,2481227
0,2498872
0,2467942
0,2501006
0,2436535
0,2426204
0,2426204
0,2400384
0,2384443
0,236884
0,2319766
0,227486
0,2359895
0,2359895
0,2335651
0,2287714
0,2243821
0,2130242
0,2052587
0,2049802
0,205236
0,2044319
0,2074895
0,2074895
0,2086162
0,2074662
0,2074662
0,2028131
0,1984499
0,2003259
0,2052466
0,2048983
0,2035083
0,2016216
0,1999887
0,1957543
0,1957543
0,192139
0,1956426
0,1956426
0,1940925
0,1926269
0,1926225
0,1926225
0,1896225
0,1858186
0,1858186
0,182048
0,1778578
0,1778578
0,1779056
0,177155
0,1752815
0,1752815
0,1716031
0,1683689
0,1683689
0,1669266
0,165844
0,165844
0,1632942
0,1605139
0,1587354
0,1587354
0,1563702
0,1536151
0,1536151
0,1532722
0,1527991
0,1527991
0,1521744
0,1529437
0,1529437
0,152438
0,1518835
0,1514019
0,1514019
0,1522462
0,1539016
0,1539016
0,1551963
0,1588635
0,1588635
0,1573908
0,1561999
0,1552041
0,1552041
0,1541646
0,1510775
0,1510775
0,1502177
0,1493119
0,1493119
0,1471614
0,1352225
0,1415541
0,1410378
0,1406783
0,1404452
0,1404452
0,1399625
0,1396169
0,1396169
0,1397943
0,1425111
0,142472
0,1421194
0,1417489
0,1413997
0,1413997
0,1411495
0,1411149
0,1411149
0,140856
0,1405854
0,1405854
0,1399377
0,1394576
0,1391823
0,1391823
0,1391028
0,1348607
0,1348607
0,1344612
0,1344986
0,1344986
0,1348546
0,1349598
0,140999
0,1407013
0,1404425
0,136164
0,136164
0,1355671
0,1350382
0,1350382
0,1342359
0,1335422
0,1335422
0,133217
0,1328077
0,1322248
0,1322248
0,1315384
0,130956
0,130956
0,1304498
0,1299485
0,1299485
0,1293224
0,1287936
0,1287936
0,1284557
0,1281987
0,1279404
0,1279404
0,127586
0,1272152
0,1272152
0,1267522
0,1262801
0,1262801
0,125211
0,1239741
0,1202372
0,1282676
0,1279337
0,1273978
0,1273978
0,1269359
0,1264338
0,1205111
0,1198149
0,1199285
0,1233591
0,1233591
0,124118
0,1203447
0,1203447
0,1209616
0,1242897
0,1273256
0,1285732
0,1170343
0,1170343
0,1182704
0,1151114
0,1136711
0,1026022
0,104371
0,1065622
0,1065622
0,1105607
0,1102295
0,1102295
0,114253
0,1131893
0,1257569
0,1191211
0,1329679
0,158784
0,1488815
0,2044514
0,2811756
0,2029543
0,1404478
0,1178845
0,1095749
0,1078209
0,1058485
0,1033527
0,1163932
0,1135856
0,1065129
0,1065129
0,1063617
0,1063496
0,1063496
0,1062627
0,1060852
0,10699
0,10699
0,1055552
0,1059842
0,1059842
0,1062765
0,1097488
0,1135728
0,1140834
0,1150832
0,1033455
0,1051296
0,1089242
0,1075002
0,1078375
0,1005591
0,1079528
0,1111848
0,1033222
0,1387897
0,1224351
0,1353981
0,1331495
0,1343264
0,1273909
0,1400877
0,1460101
0,1323939
0,1480554
0,1633733
0,1546924
0,1804592
0,2029318
0,2175426
0,2198329
0,225348
0,2178903
0,223011
0,225931
0,225931
0,2240675
0,2208513
0,2266603
0,2266603
0,2189099
0,214447
0,214447
0,2066797
0,2038078
0,1966302
0,1962837
0,1838505
0,1852229
0,1894331
0,1916369
0,1916369
0,1962482
0,1999294
0,1986489
0,1980653
0,2015721
0,1955899
0,1948294
0,1965536
0,1965536
0,1974532
0,1984367
0,1921851
0,1934542
0,1711247
0,181453
0,1843899
0,1953553
0,2055932
0,2055932
0,2042324
0,2104163
0,2138335
0,2274437
0,2270843
0,227781
0,227781
0,2210289
0,217725
0,217725
0,2169321
0,2166748
0,2222488
0,2189225
0,2340046
0,2410291
0,2241545
0,2178772
0,218867
0,2149076
0,2248847
0,2267255
0,2242071
0,2424205
0,2189693
0,2151871
0,2115236
0,223977
0,2309237
0,2344462
0,2439676
0,2507626
0,237576
0,2341545
0,2413613
0,2450781
0,2391445
0,2369067
0,2344746
0,2434197
0,2407728
0,2234159
0,2234159
0,2165441
0,2162353
0,2162353
0,2087575
0,197613
0,1952838
0,1884315
0,1831245
0,1814624
0,1814624
0,1883748
0,196183
0,2006671
0,1949879
0,1801524
0,169413
0,1707168
0,1726117
0,1803477
0,1803477
0,1734961
0,1685423
0,1685423
0,1694891
0,1742211
0,1742211
0,1840691
0,1836619
0,1877773
0,1893338
0,1997715
0,2092714
0,2108541
0,2319737
0,2200827
0,2200827
0,2110958
0,2116419
0,2131307
0,2090142
0,2059684
0,2019974
0,2019974
0,2037568
0,2089345
0,2089345
0,2165544
0,2187051
0,2206585
0,2206585
0,2259299
0,2273193
0,2273193
0,225713
0,2270543
0,2232177
0,2248488
0,21725
0,2186419
0,2126842
0,2114968
0,2115507
0,2115507
0,2121906
0,2114481
0,2114481
0,208038
0,2053403
0,2053403
0,1988545
0,1969118
0,1969118
0,1849302
0,1689169
0,1647205
0,1593376
0,1413396
0,1311018
0,1376171
0,1195675
0,1041586
0,1142311
0,1239353
0,1046012
0,1152331
0,1103967
0,1204694
0,09213785
0,1050433
0,1080571
0,1114125
0,119849
0,139873
0,1423077
0,1593525
0,1593525
0,194392
0,2115276
0,2190939
0,2425927
0,2371401
0,2469198
0,2588231
0,2589596
0,2535018
0,2535018
0,2478621
0,2503617
0,2437999
0,2407599
0,2323661
0,2287797
0,2273297
0,2196222
0,2181629
0,2080343
0,183192
0,1683681
0,1683681
0,1627844
0,1632161
0,1632161
0,1609252
0,1573912
0,1529474
0,1458881
0,141225
0,1431429
0,1354022
0,1283386
0,1304943
0,1304943
0,1332795
0,1470923
0,1615877
0,1897405
0,1962582
0,2088372
0,2248575
0,2475439
0,2464194
0,258395
0,2484024
0,2484024
0,2326928
0,2255722
0,2255722
0,2165649
0,2034474
0,2071723
0,1796507
0,1638776
0,1606552
0,164278
0,167653
0,1708027
0,1562487
0,161407
0,16872
0,16872
0,18978
0,2068368
0,2121619
0,2210218
0,2494165
0,2647851
0,2270818
0,2006005
0,1905316
0,1869286
0,1747503
0,1610477
0,1605979
0,142128
0,1427039
0,1408521
0,1501578
0,1567619
0,1538831
0,1482961
0,146834
0,1484115
0,1471384
0,1462565
0,1377912
0,1474407
0,1474185
0,1477944
0,1558163
0,1558163
0,161481
0,167768
0,167768
0,189903
0,1997541
0,188275
0,188275
0,1714226
0,1552752
0,162184
0,1582476
0,1545552
0,1514533
0,1455507
0,1469524
0,1562135
0,1635369
0,1744435
0,2063672
0,2063672
0,2553412
0,1927227
0,1920655
0,2109895
0,2148443
0,2171519
0,2445215
0,2218907
0,2070572
0,1999055
0,1901222
0,1916073
0,1859652
0,1980464
0,2001349
0,2012979
0,1753126
0,1808363
0,1855042
0,1855042
0,2099611
0,2156553
0,2156553
0,2121266
0,2032286
0,2127284
0,224227
0,224227
0,2317236
0,2231674
0,2231674
0,233375
0,2270688
0,2228
0,2110813
0,2037469
0,1855177
0,1816925
0,1768374
0,1753728
0,1727806
0,1727806
0,166911
0,1638594
0,1624892
0,1555002
0,1619444
0,1619444
0,17105
0,1798399
0,1834662
0,1834662
0,184901
0,1919996
0,1919996
0,2108234
0,2205555
0,2205555
0,2188718
0,2131076
0,20854
0,2096526
0,2085432
0,2006216
0,2048877
0,1930122
0,182824
0,182824
0,1758532
0,1808126
0,1785142
0,1833896
0,1845993
0,1836698
0,1836698
0,1840739
0,1919707
0,1919707
0,2024733
0,2052684
0,2052684
0,1992811
0,2046025
0,210844
0,2068827
0,2108279
0,2067934
0,210619
0,1957024
0,1875362
0,1875362
0,1790491
0,1807523
0,1807523
0,1766741
0,1726417
0,1714979
0,1714979
0,1680987
0,1706875
0,1706875
0,1694502
0,1699493
0,1699493
0,1750621
0,1768799
0,1767789
0,1767789
0,1823233
0,1930858
0,1979281
0,2078963
0,2014473
0,2014473
0,2017965
0,2035928
0,2034302
0,2150154
0,2213893
0,2213641
0,220352
0,2161369
0,2094826
0,2094826
0,220208
0,225458
0,225458
0,2278676
0,2344522
0,2384416
0,2150953
0,2300946
0,2316415
0,2273638
0,2279398
0,2233138
0,2210104
0,2287774
0,2257414
0,2253485
0,2202201
0,2146194
0,1965267
0,2014472
0,1928198
0,1893247
0,1800247
0,1776274
0,1734761
0,1783027
0,178867
0,1792562
0,1863463
0,1863463
0,2052345
0,2195978
0,2164544
0,2094835
0,2075374
0,2075374
0,212933
0,2098266
0,211414
0,2185566
0,2241632
0,2288117
0,2261051
0,2306207
0,234885
0,2325556
0,2219508
0,2153249
0,2146244
0,2061346
0,2040947
0,1918323
0,1918323
0,1861034
0,180844
0,180844
0,1684182
0,1617804
0,1617804
0,15942
0,1604476
0,1544887
0,1544887
0,1540042
0,1446283
0,1507794
0,1561101
0,1498603
0,1547635
0,1572341
0,1601249
0,1601249
0,1695579
0,1785104
0,1984481
0,1984481
0,2196263
0,2087218
0,2067833
0,21239
0,2135905
0,2135905
0,2214894
0,225152
0,2204497
0,2228245
0,2075887
0,2145436
0,217551
0,2271881
0,2228628
0,2259636
0,2140939
0,2067307
0,2055732
0,2055732
0,2143596
0,2170515
0,2237614
0,2166162
0,2075819
0,2075819
0,2127304
0,2187273
0,2222468
0,2205232
0,2105806
0,203351
0,203351
0,2084699
0,2131181
0,2131181
0,2122313
0,2092696
0,2092696
0,2074059
0,2060275
0,2085464
0,2054168
0,2018075
0,1995822
0,1995822
0,1994532
0,1942955
0,1942955
0,1928315
0,1918175
0,1918175
0,1920333
0,1931051
0,1943176
0,1943176
0,1954005
0,1967462
0,1967462
0,1984227
0,1996846
0,1996846
0,198504
0,1974058
0,197115
0,1968814
0,197956
0,1985295
0,1985295
0,1988386
0,1977774
0,1977774
0,1968563
0,1964293
0,1964293
0,1960749
0,1959153
0,1954336
0,1954336
0,1950489
0,1950843
0,1950843
0,1942678
0,1936744
0,1936744
0,1927616
0,1916616
0,1908181
0,1908181
0,1900144
0,1895952
0,1895952
0,1894843
0,1898584
0,1898584
0,1910411
0,1913122
0,1912027
0,1902878
0,1892503
0,1879188
0,1879188
0,1854722
0,1805134
0,1804765
0,1681451
0,1587446
0,155033
0,1409355
0,1354527
0,1294613
0,1294613
0,1243863
0,1186611
0,1079405
0,1035493
0,1052573
0,1115115
0,1090545
0,1123908
0,1123908
0,1064944
0,1131338
0,1074407
0,1126409
0,1038532
0,1120458
0,1074306
0,1248424
0,1400044
0,1299123
0,1534638
0,176315
0,2003045
0,2003045
0,2393526
0,2099057
0,2061807
0,2069975
0,2135081
0,2186811
0,2275985
0,2280541
0,2245279
0,2245279
0,2260021
0,2191664
0,2228346
0,2164957
0,2111707
0,2075492
0,2034914
0,2124527
0,2124527
0,2115941
0,2089456
0,2095102
0,2095102
0,2119992
0,2147127
0,2147127
0,2165341
0,2154289
0,2154289
0,2171567
0,2215088
0,2289844
0,2256925
0,2245425
0,2235796
0,2235796
0,2254821
0,2265297
0,2265297
0,2255376
0,2243864
0,2272812
0,2245084
0,2200563
0,2174324
0,2174324
0,2178465
0,2190867
0,2190867
0,2188113
0,2172395
0,2172395
0,2142176
0,2137804
0,2142129
0,2142129
0,2155272
0,2183157
0,2183157
0,2216819
0,2236951
0,2236951
0,2284024
0,2314811
0,2314811
0,2334928
0,2315235
0,2312704
0,2312704
0,2302082
0,2289008
0,2289008
0,2256203
0,2230573
0,2230573
0,2198174
0,2179155
0,2167886
0,2167886
0,2153424
0,2154082
0,2154082
0,216079
0,2092735
0,2092735
0,2086911
0,2085062
0,2080144
0,2080144
0,206827
0,2052907
0,2052907
0,1986749
0,194021
0,194021
0,1834646
0,1810166
0,174412
0,1647623
0,1560908
0,1523596
0,1523596
0,1434843
0,1316146
0,1266059
0,1216298
0,1048712
0,111443
0,1107302
0,1107588
0,1109872
0,1109872
0,1115126
0,1048658
0,1048658
0,1090793
0,1074914
0,1074914
0,1075858
0,1077151
0,1077151
0,111162
0,1117745
0,108571
0,108571
0,1104083
0,1208627
0,129773
0,1469065
0,1796486
0,1797996
0,2390259
timeStamps
2,770142
2,784044
2,797818
2,811836
2,825741
2,839661
2,853595
2,867518
2,88156
2,895906
2,909429
2,923734
2,937151
2,951647
2,964989
2,978949
2,992962
3,007159
3,020758
3,03478
3,048718
3,062829
3,076521
3,090593
3,10445
3,118444
3,132307
3,146304
3,160215
3,174474
3,188118
3,201993
3,216234
3,229925
3,243806
3,257788
3,271705
3,285631
3,299543
3,313633
3,327784
3,341936
3,355253
3,369395
3,383283
3,397456
3,410967
3,425227
3,438956
3,45334
3,466857
3,480883
3,494653
3,508851
3,522739
3,536436
3,551051
3,564266
3,578516
3,592032
3,606084
3,619984
3,633913
3,647905
3,661915
3,676106
3,689755
3,703992
3,717772
3,73185
3,745613
3,759323
3,773693
3,787507
3,801251
3,815083
3,829145
3,84308
3,856925
3,871135
3,884999
3,899122
3,912601
3,926594
3,94091
3,954551
3,968571
3,982401
3,996521
4,010546
4,024292
4,038009
4,052403
4,065887
4,08007
4,093762
4,107983
4,1218
4,135817
4,1499
4,163672
4,177586
4,191344
4,205217
4,219473
4,23315
4,247081
4,261137
4,275429
4,289252
4,302792
4,316712
4,331083
4,344687
4,35888
4,372403
4,386795
4,400504
4,414206
4,428163
4,442675
4,456183
4,470186
4,48391
4,498198
4,512079
4,526058
4,539851
4,553656
4,567715
4,58149
4,59563
4,609391
4,623278
4,637388
4,651319
4,665002
4,679316
4,692908
4,707114
4,720736
4,735112
4,748747
4,762784
4,776493
4,790728
4,804645
4,818374
4,832688
4,846739
4,86029
4,874157
4,888263
4,901867
4,915761
4,929699
4,94395
4,957698
4,971563
4,985452
4,999545
5,01372
5,027266
5,041357
5,055848
5,069087
5,083277
5,096987
5,11099
5,12494
5,138927
5,152581
5,166478
5,180954
5,194333
5,208454
5,222474
5,236518
5,250181
5,264427
5,278086
5,292137
5,305845
5,32
5,333879
5,347722
5,361849
5,375818
5,38945
5,403602
5,417523
5,431259
5,445505
5,459132
5,473629
5,486988
5,50136
5,515006
5,528737
5,542782
5,556682
5,570662
5,584361
5,598576
5,61233
5,626215
5,640316
5,654218
5,668084
5,682112
5,695796
5,71021
5,723689
5,737921
5,751734
5,765432
5,779519
5,793349
5,807495
5,821241
5,835153
5,849355
5,86321
5,877102
5,890749
5,904836
5,91871
5,933281
5,946556
5,960786
5,974586
5,988702
6,002396
6,016117
6,030075
6,043967
6,058267
6,072011
6,086022
6,0997
6,113934
6,128203
6,142059
6,155485
6,16915
6,183482
6,197182
6,211124
6,224986
6,238984
6,253243
6,266709
6,281019
6,294775
6,30851
6,322491
6,33642
6,350445
6,364754
6,378336
6,392164
6,406304
6,41978
6,434116
6,448363
6,461732
6,475638
6,489946
6,503606
6,517431
6,531823
6,545248
6,559153
6,573507
6,587232
6,601357
6,615407
6,628743
6,642868
6,656472
6,670465
6,684764
6,698824
6,712368
6,726467
6,741176
6,756415
6,781855
6,796088
6,810309
6,824647
6,838518
6,852285
6,865861
6,880154
6,89367
6,907363
6,921084
6,935207
6,948981
6,963701
6,990252
7,003968
7,018036
7,031954
7,046205
7,060496
7,074185
7,088037
7,102232
7,115792
7,12993
7,143957
7,157801
7,171792
7,185749
7,199665
7,213696
7,227683
7,241338
7,255389
7,269479
7,283161
7,29702
7,310921
7,325183
7,339006
7,352952
7,367108
7,380621
7,39469
7,408483
7,42253
7,436265
7,450133
7,464741
7,478149
7,491998
7,506022
7,520037
7,533703
7,54761
7,561635
7,57554
7,589418
7,603508
7,617433
7,631575
7,645185
7,659244
7,672992
7,686968
7,700823
7,714766
7,728637
7,742561
7,756494
7,770926
7,784664
7,798271
7,812394
7,826208
7,840155
7,854039
7,86796
7,881971
7,895875
7,909646
7,92355
7,937452
7,951375
7,965669
7,979475
7,993291
8,007359
8,021496
8,035093
8,048884
8,062744
8,076617
8,090594
8,104684
8,118674
8,132649
8,146454
8,160265
8,174309
8,188168
8,202194
8,216002
8,229906
8,244061
8,258041
8,271684
8,285572
8,299802
8,313617
8,327497
8,341515
8,355223
8,369183
8,383199
8,397129
8,410846
8,424821
8,438701
8,4525
8,466744
8,480766
8,494557
8,508294
8,522278
8,536427
8,550072
8,564323
8,577924
8,592149
8,605808
8,620061
8,633923
8,647689
8,662036
8,675657
8,689973
8,703315
8,717264
8,731024
8,744984
8,758705
8,772979
8,786555
8,800586
8,81487
8,828489
8,843129
8,856574
8,87071
8,884557
8,898283
8,91232
8,926341
8,939838
8,953646
8,967753
8,981516
8,995697
9,00953
9,023614
9,037798
9,05144
9,065029
9,079074
9,093391
9,106853
9,120846
9,134891
9,148938
9,162724
9,176612
9,190775
9,204418
9,218365
9,232448
9,246544
9,260143
9,274218
9,288261
9,302054
9,31587
9,330112
9,343969
9,358417
9,371698
9,385475
9,400026
9,413178
9,427029
9,441352
9,454956
9,46907
9,48296
9,496722
9,510655
9,525001
9,538781
9,55235
9,566662
9,580531
9,594338
9,608624
9,622203
9,636112
9,650247
9,664342
9,677985
9,692073
9,705763
9,719489
9,733657
9,747362
9,761583
9,775486
9,789118
9,803289
9,817695
9,832592
9,847215
9,872251
9,886794
9,900724
9,91483
9,929147
9,94322
9,957234
9,970531
9,983575
9,997223
10,01133
10,02564
10,03922
10,05372
10,06772
10,08132
10,09518
10,10929
10,12318
10,137
10,15115
10,16485
10,17884
10,19294
10,20678
10,22087
10,23475
10,24886
10,26272
10,27697
10,29031
10,30431
10,31825
10,33251
10,34602
10,35998
10,37421
10,38822
10,40219
10,41622
10,43013
10,44369
10,45738
10,47139
10,48629
10,49927
10,51311
10,52723
10,54124
10,555
10,56902
10,58304
10,59679
10,61067
10,62479
10,63871
10,65244
10,66632
10,68059
10,69488
10,70828
10,72225
10,73641
10,74994
10,76382
10,77765
10,79172
10,80577
10,81973
10,83366
10,84733
10,86146
10,8756
10,88936
10,90298
10,91684
10,93106
10,94461
10,95871
10,97279
10,98661
11,00056
11,01443
11,02845
11,04228
11,05623
11,06992
11,0839
11,09799
11,11174
11,12574
11,14018
11,15398
11,1676
11,18262
11,19747
11,22277
11,23676
11,25084
11,26557
11,2799
11,29486
11,32022
11,33478
11,34877
11,37622
11,39147
11,41753
11,43251
11,4458
11,45962
11,47328
11,48796
11,5015
11,5153
11,52913
11,54296
11,55698
11,57093
11,58493
11,59915
11,61298
11,62695
11,64118
11,6548
11,66895
11,68276
11,69668
11,71069
11,72429
11,73832
11,75241
11,76602
11,78001
11,79392
11,80793
11,82176
11,83589
11,84967
11,86363
11,87779
11,89137
11,90553
11,91927
11,93341
11,94752
11,96134
11,97489
11,98892
12,00267
12,01707
12,03069
12,04441
12,05843
12,07237
12,08652
12,10019
12,1141
12,12832
12,14218
12,15591
12,17002
12,18385
12,19773
12,21175
12,22597
12,2396
12,2537
12,26776
12,2815
12,29535
12,30964
12,32321
12,33688
12,35101
12,36472
12,37864
12,39275
12,40658
12,42079
12,43429
12,44835
12,46214
12,47626
12,49003
12,50406
12,51834
12,53191
12,54577
12,55992
12,57391
12,58753
12,60152
12,61558
12,62941
12,64344
12,65714
12,67103
12,68534
12,69915
12,7131
12,72727
12,74079
12,75453
12,76854
12,78266
12,79624
12,81024
12,8244
12,83825
12,85213
12,86621
12,88081
12,89381
12,90785
12,92175
12,93577
12,94946
12,96349
12,97729
12,99168
13,00513
13,01936
13,03323
13,04695
13,06084
13,07493
13,08864
13,10273
13,11682
13,13057
13,14448
13,15863
13,17269
13,18679
13,20025
13,21416
13,22787
13,24185
13,25576
13,27003
13,28364
13,29783
13,31143
13,32538
13,33957
13,35316
13,36716
13,3813
13,39526
13,40889
13,42315
13,43675
13,45064
13,46461
13,47905
13,49275
13,50632
13,52033
13,53426
13,54811
13,56242
13,57595
13,58991
13,60436
13,61785
13,632
13,6459
13,65998
13,67346
13,68742
13,70133
13,71561
13,72943
13,74323
13,75721
13,77094
13,78499
13,79891
13,81284
13,82678
13,84083
13,85441
13,86849
13,88224
13,89644
13,91016
13,92409
13,93808
13,95186
13,96572
13,98013
13,99359
14,00774
14,02171
14,03531
14,04927
14,06346
14,0771
14,09111
14,10534
14,11916
14,13274
14,14696
14,16069
14,17466
14,18863
14,20268
14,21662
14,23037
14,2446
14,25828
14,2721
14,28635
14,29985
14,31409
14,32768
14,34166
14,35581
14,36949
14,38378
14,39766
14,41126
14,42536
14,4394
14,45326
14,4672
14,481
14,49487
14,50906
14,52277
14,53665
14,55064
14,56487
14,57831
14,59253
14,60655
14,62045
14,63432
14,64813
14,66174
14,67582
14,68976
14,70363
14,71756
14,73157
14,74537
14,75968
14,77359
14,78712
14,80107
14,81502
14,82931
14,8429
14,85685
14,87104
14,88488
14,89865
14,91251
14,92647
14,94045
14,95431
14,96842
14,98228
14,99603
15,01021
15,02393
15,03794
15,05178
15,06598
15,0795
15,0938
15,10743
15,12136
15,13556
15,1491
15,16319
15,17704
15,19116
15,20505
15,21919
15,2329
15,24707
15,26118
15,27457
15,28849
15,30231
15,31667
15,33038
15,3441
15,35822
15,372
15,3859
15,39983
15,41378
15,42781
15,44159
15,45551
15,46949
15,48332
15,4974
15,51146
15,5253
15,53913
15,55317
15,56738
15,58103
15,59474
15,60909
15,62281
15,63696
15,6505
15,66423
15,6783
15,69219
15,70624
15,72018
15,73392
15,74782
15,76175
15,77594
15,78988
15,8036
15,81742
15,83159
15,84572
15,85923
15,87329
15,88743
15,90109
15,91536
15,92882
15,94305
15,95673
15,9707
15,98441
15,99847
16,01264
16,02656
16,04032
16,05426
16,06798
16,08233
16,09583
16,10981
16,12401
16,1376
16,15181
16,16585
16,17963
16,19344
16,20745
16,22136
16,23549
16,24944
16,26318
16,27704
16,29077
16,30509
16,31852
16,33254
16,34654
16,36043
16,37433
16,3884
16,4024
16,41643
16,43022
16,44416
16,45824
16,47196
16,48603
16,49996
16,51369
16,5277
16,54143
16,55576
16,56918
16,58357
16,59727
16,61103
16,62503
16,639
16,65271
16,66694
16,68062
16,69458
16,70862
16,72267
16,73652
16,75022
16,76439
16,77811
16,79215
16,80608
16,82002
16,83402
16,84806
16,86193
16,876
16,88969
16,90375
16,91731
16,93121
16,94547
16,95918
16,97321
16,98693
17,0011
17,01507
17,0288
17,04265
17,05675
17,07044
17,08434
17,09836
17,11249
17,12625
17,14029
17,15434
17,16806
17,18192
17,19577
17,20974
17,22395
17,23801
17,25186
17,26543
17,27978
17,29339
17,30742
17,32149
17,33519
17,34904
17,36294
17,37705
17,39091
17,40469
17,41877
17,43257
