ParticipantNumber;Task;SdfState;Repetition;TimeStamp;NumHits;TimeToCompleteTask;InstanteneousVelocityMag;InstanteneousVelocityX;InstanteneousVelocityY;InstanteneousVelocityZ;ClosestDistance
3;torus;0;3;4,665285;6;6,877751;0,7934108;0,1922846;-0,4712537;-0,6086439;0,7300042
3;torus;0;3;4,679164;6;6,877751;0,7934108;0,1922846;-0,4712537;-0,6086439;0,7300042
3;torus;0;3;4,693257;6;6,877751;0,8944667;0,241369;-0,1618922;-0,845933;0,7129033
3;torus;0;3;4,707314;6;6,877751;0,656647;0,2189338;-0,05427748;-0,6166905;0,7002978
3;torus;0;3;4,721124;6;6,877751;0,8124826;0,2615929;-0,2121635;-0,7393807;0,6854158
3;torus;0;3;4,734981;6;6,877751;0,8124826;0,2615929;-0,2121635;-0,7393807;0,6854158
3;torus;0;3;4,749053;6;6,877751;1,618009;0,5654812;-0,06939918;-1,514387;0,6544914
3;torus;0;3;4,762573;6;6,877751;0,6984199;0,2300322;-0,01104027;-0,6593585;0,6410634
3;torus;0;3;4,776608;6;6,877751;0,6984199;0,2300322;-0,01104027;-0,6593585;0,6410634
3;torus;0;3;4,790453;6;6,877751;1,300892;0,4208803;0,09635836;-1,227149;0,6159559
3;torus;0;3;4,804708;6;6,877751;0,8087037;0,2635241;-0,06583259;-0,7617235;0,6006112
3;torus;0;3;4,818667;6;6,877751;0,8087037;0,2635241;-0,06583259;-0,7617235;0,6006112
3;torus;0;3;4,83222;6;6,877751;1,973801;0,6711304;0,05129799;-1,85549;0,5630255
3;torus;0;3;4,846416;6;6,877751;0,5179041;0,1478233;0,2619268;-0,4216246;0,5610744
3;torus;0;3;4,859988;6;6,877751;0,5179041;0,1478233;0,2619268;-0,4216246;0,5610744
3;torus;0;3;4,873983;6;6,877751;0,8511139;-0,165002;0,4312704;-0,714965;0,5459208
3;torus;0;3;4,887921;6;6,877751;0,7608191;-0,05654716;0,3193609;-0,6882273;0,5316314
3;torus;0;3;4,902048;6;6,877751;1,076577;-0,1648947;0,2773744;-1,027079;0,5107759
3;torus;0;3;4,91613;6;6,877751;1,076577;-0,1648947;0,2773744;-1,027079;0,5107759
3;torus;0;3;4,930064;6;6,877751;1,487496;0,1846298;0,3991395;-1,421001;0,4819779
3;torus;0;3;4,943956;6;6,877751;2,973172;1,616102;-1,528444;-1,972771;0,4444929
3;torus;0;3;4,957642;6;6,877751;2,973172;1,616102;-1,528444;-1,972771;0,4444929
3;torus;0;3;4,971656;6;6,877751;0,9491869;0,2250703;0,02686645;-0,9217252;0,4253421
3;torus;0;3;4,985645;6;6,877751;0,5713708;0,1720301;0,09025109;-0,5373313;0,4152396
3;torus;0;3;4,999751;6;6,877751;0,5713708;0,1720301;0,09025109;-0,5373313;0,4152396
3;torus;0;3;5,013854;6;6,877751;1,194692;0,2124292;-0,09468301;-1,171836;0,3932599
3;torus;0;3;5,027232;6;6,877751;0,6905191;0,07581612;0,01217945;-0,6862363;0,3797408
3;torus;0;3;5,041361;6;6,877751;0,6882147;0,507184;-0,1017237;-0,4539341;0,3719234
3;torus;0;3;5,055412;6;6,877751;0,6882147;0,507184;-0,1017237;-0,4539341;0,3719234
3;torus;0;3;5,069225;6;6,877751;0,6589931;0,1548946;0,07838532;-0,6357163;0,3595653
3;torus;0;3;5,083015;6;6,877751;0,5602368;0,1481831;0,1689151;-0,5132005;0,3494891
3;torus;0;3;5,097253;6;6,877751;0,5602368;0,1481831;0,1689151;-0,5132005;0,3494891
3;torus;0;3;5,11073;6;6,877751;1,137349;0,2955496;0,1652785;-1,08577;0,3286785
3;torus;0;3;5,124555;6;6,877751;0,4439065;0,1042664;-0,007808954;-0,4314169;0,3205706
3;torus;0;3;5,138903;6;6,877751;0,4439065;0,1042664;-0,007808954;-0,4314169;0,3205706
3;torus;0;3;5,153007;6;6,877751;0,6754781;0,1508951;0,0318177;-0,6576389;0,3081783
3;torus;0;3;5,166741;6;6,877751;0,3408423;0,07327199;0,01184791;-0,3326625;0,3019423
3;torus;0;3;5,180545;6;6,877751;0,4173258;0,09487867;0,1745172;-0,3670186;0,2948542
3;torus;0;3;5,1944;6;6,877751;0,4173258;0,09487867;0,1745172;-0,3670186;0,2948542
3;torus;0;3;5,208445;6;6,877751;0,7803372;0,1690686;0,1893774;-0,7378876;0,280943
3;torus;0;3;5,221964;6;6,877751;0,2371354;0,03908873;0,1048051;-0,2090961;0,2769177
3;torus;0;3;5,235936;6;6,877751;0,2371354;0,03908873;0,1048051;-0,2090961;0,2769177
3;torus;0;3;5,249892;6;6,877751;0,5574954;0,09536743;0,1331136;-0,5329043;0,2669002
3;torus;0;3;5,264042;6;6,877751;0,3464022;0,06058812;0,1079321;-0,323534;0,2608463
3;torus;0;3;5,277823;6;6,877751;0,3464022;0,06058812;0,1079321;-0,323534;0,2608463
3;torus;0;3;5,291735;6;6,877751;0,8619956;0,1319528;0,6042108;-0,6004617;0,2496251
3;torus;0;3;5,306038;6;6,877751;0,4737514;0,08066297;0,2634741;-0,3853768;0,2427318
3;torus;0;3;5,319869;6;6,877751;0,4737514;0,08066297;0,2634741;-0,3853768;0,2427318
3;torus;0;3;5,333611;6;6,877751;0,8517615;0,1305938;0,559108;-0,6291591;0,2320017
3;torus;0;3;5,347807;6;6,877751;0,4632593;0,07929802;0,2078809;-0,4063331;0,2251854
3;torus;0;3;5,361561;6;6,877751;0,5141557;0,08150339;0,3138475;-0,3990151;0,2189252
3;torus;0;3;5,375874;6;6,877751;0,5141557;0,08150339;0,3138475;-0,3990151;0,2189252
3;torus;0;3;5,389138;6;6,877751;1,031299;0,1545489;0,6309364;-0,8010067;0,2072607
3;torus;0;3;5,403077;6;6,877751;0,4071697;0,03843307;0,3384013;-0,2231471;0,2048936
3;torus;0;3;5,417589;6;6,877751;0,4071697;0,03843307;0,3384013;-0,2231471;0,2048936
3;torus;0;3;5,431152;6;6,877751;0,833306;0,01319051;0,824352;-0,1211144;0,2070206
3;torus;0;3;5,445438;6;6,877751;0,3156998;0,01642704;0,2855904;-0,1335464;0,2065858
3;torus;0;3;5,45891;6;6,877751;0,3156998;0,01642704;0,2855904;-0,1335464;0,2065858
3;torus;0;3;5,472657;6;6,877751;0,8231925;0,02323985;0,8037649;-0,1762606;0,2095058
3;torus;0;3;5,486704;6;6,877751;0,4056317;0,02411604;0,3697064;-0,1651444;0,2100075
3;torus;0;3;5,501447;6;6,877751;0,3551431;-0,002837181;0,3526043;-0,04229397;0,2124026
3;torus;0;3;5,514655;6;6,877751;0,3551431;-0,002837181;0,3526043;-0,04229397;0,2124026
3;torus;0;3;5,528574;6;6,877751;0,943382;-0,03762841;0,9400297;0,06998405;0,2223514
3;torus;0;3;5,542176;6;6,877751;0,5444186;-0,02210736;0,5424231;0,04098862;0,2286105
3;torus;0;3;5,5563;6;6,877751;0,5444186;-0,02210736;0,5424231;0,04098862;0,2286105
3;torus;0;3;5,570211;6;6,877751;1,365365;-0,1253486;1,285972;0,4413448;0,2492041
3;torus;0;3;5,58401;6;6,877751;1,014743;-0,06407499;0,9976156;0,174243;0,2638547
3;torus;0;3;5,598333;6;6,877751;1,014743;-0,06407499;0,9976156;0,174243;0,2638547
3;torus;0;3;5,611963;6;6,877751;1,895698;0,01559258;1,845928;-0,4312485;0,2839107
3;torus;0;3;5,625895;6;6,877751;0,6346848;0,03792644;0,5323611;-0,3434792;0,2879558
3;torus;0;3;5,640004;6;6,877751;0,3033873;0,04665256;0,06389469;-0,2928905;0,2858168
3;torus;0;3;5,653653;6;6,877751;0,3033873;0,04665256;0,06389469;-0,2928905;0,2858168
3;torus;0;3;5,667699;6;6,877751;0,4661881;0,0667572;0,0691697;-0,4561692;0,2822006
3;torus;0;3;5,682007;6;6,877751;0,4135595;0,01993775;0,3317721;-0,2460919;0,2849639
3;torus;0;3;5,695607;6;6,877751;0,4135595;0,01993775;0,3317721;-0,2460919;0,2849639
3;torus;0;3;5,709743;6;6,877751;0,7692692;0,08062124;0,3717355;-0,6686464;0,2848361
3;torus;0;3;5,723635;6;6,877751;0,3572282;0,03440976;0,1508541;-0,3219798;0,2845715
3;torus;0;3;5,737487;6;6,877751;0,3572282;0,03440976;0,1508541;-0,3219798;0,2845715
3;torus;0;3;5,75145;6;6,877751;0,6443295;0,03324151;0,375288;-0,5226992;0,2866258
3;torus;0;3;5,764966;6;6,877751;0,5122584;0,02171993;0,3582343;-0,3655203;0,2900606
3;torus;0;3;5,779355;6;6,877751;0,5122584;0,02171993;0,3582343;-0,3655203;0,2900606
3;torus;0;3;5,79312;6;6,877751;1,088627;0,07027984;0,5826727;-0,9168759;0,294433
3;torus;0;3;5,806727;6;6,877751;0,6465024;-0,0012815;0,513114;-0,3932908;0,3013962
3;torus;0;3;5,82088;6;6,877751;0,3621505;-0,02171993;0,299722;-0,2021089;0,3056686
3;torus;0;3;5,834815;6;6,877751;0,3621505;-0,02171993;0,299722;-0,2021089;0,3056686
3;torus;0;3;5,84867;6;6,877751;0,7459835;0,02097487;0,2885193;-0,6876104;0,3078245
3;torus;0;3;5,862887;6;6,877751;0,7175907;0,004172325;0,4951;-0,519418;0,3150765
3;torus;0;3;5,876563;6;6,877751;0,7175907;0,004172325;0,4951;-0,519418;0,3150765
3;torus;0;3;5,89053;6;6,877751;0,9943876;-0,04885197;0,7551149;-0,6451525;0,3271264
3;torus;0;3;5,904625;6;6,877751;0,6285537;-0,03328919;0,4917473;-0,3900722;0,3354315
3;torus;0;3;5,918535;6;6,877751;0,6285537;-0,03328919;0,4917473;-0,3900722;0,3354315
3;torus;0;3;5,93225;6;6,877751;0,8897505;-0,03812313;0,5212292;-0,7200852;0,3440641
3;torus;0;3;5,946218;6;6,877751;0,5538759;0,01648068;0,1001313;-0,5445004;0,3455744
3;torus;0;3;5,960329;6;6,877751;0,4558827;0,003004074;0,07509738;-0,4496448;0,3468837
3;torus;0;3;5,974291;6;6,877751;0,4558827;0,003004074;0,07509738;-0,4496448;0,3468837
3;torus;0;3;5,988142;6;6,877751;0,697403;-0,002777576;-0,122419;-0,6865688;0,3447052
3;torus;0;3;6,002199;6;6,877751;0,3708794;0,004816055;-0,2984464;-0,2201319;0,339141
3;torus;0;3;6,015758;6;6,877751;0,3708794;0,004816055;-0,2984464;-0,2201319;0,339141
3;torus;0;3;6,029635;6;6,877751;1,058751;0,03052354;-0,2520576;-1,027857;0,3360701
3;torus;0;3;6,043645;6;6,877751;0,575187;0,01579523;-0,1389802;-0,5579203;0,3349071
3;torus;0;3;6,057685;6;6,877751;0,575187;0,01579523;-0,1389802;-0,5579203;0,3349071
3;torus;0;3;6,071541;6;6,877751;1,259113;0,05402565;-0,8317202;-0,9437628;0,3227425
3;torus;0;3;6,085377;6;6,877751;0,5742337;0,01325607;-0,3319442;-0,4683819;0,318703
3;torus;0;3;6,099107;6;6,877751;0,5742337;0,01325607;-0,3319442;-0,4683819;0,318703
3;torus;0;3;6,113489;6;6,877751;1,095821;0,01217127;-0,5320355;-0,9579211;0,3141842
3;torus;0;3;6,127125;6;6,877751;0,6341699;0,01426935;-0,4050717;-0,4877344;0,3100887
3;torus;0;3;6,141065;6;6,877751;0,5629016;0,003546476;-0,3437802;-0,4457138;0,3071675
3;torus;0;3;6,155004;6;6,877751;0,5629016;0,003546476;-0,3437802;-0,4457138;0,3071675
3;torus;0;3;6,169003;6;6,877751;0,889043;-0,01943707;-0,5534738;-0,6954756;0,30295
3;torus;0;3;6,182825;6;6,877751;0,4672319;-0,01620054;-0,1367807;-0,4464686;0,3044267
3;torus;0;3;6,197285;6;6,877751;0,4672319;-0,01620054;-0,1367807;-0,4464686;0,3044267
3;torus;0;3;6,210955;6;6,877751;0,753717;-0,04655123;-0,3174841;-0,6820016;0,3053079
3;torus;0;3;6,224602;6;6,877751;0,2712872;-0,03043413;-0,2646506;-0,05128905;0,3013148
3;torus;0;3;6,238521;6;6,877751;0,2712872;-0,03043413;-0,2646506;-0,05128905;0,3013148
3;torus;0;3;6,252765;6;6,877751;0,779883;-0,04428625;-0,7280641;-0,2760053;0,2922437
3;torus;0;3;6,266437;6;6,877751;0,4211837;-0,02113581;-0,2766021;-0,3169231;0,2912791
3;torus;0;3;6,280535;6;6,877751;0,4442074;-0,02057552;-0,2402641;-0,373055;0,291766
3;torus;0;3;6,294631;6;6,877751;0,4442074;-0,02057552;-0,2402641;-0,373055;0,291766
3;torus;0;3;6,308194;6;6,877751;0,9770657;-0,03843307;-0,7161878;-0,6635174;0,2891359
3;torus;0;3;6,322088;6;6,877751;0,5027242;-0,02417564;-0,2982624;-0,4039638;0,2900639
3;torus;0;3;6,336293;6;6,877751;0,5027242;-0,02417564;-0,2982624;-0,4039638;0,2900639
3;torus;0;3;6,350197;6;6,877751;0,733821;-0,06878972;-0,5378306;-0,494469;0,2891695
3;torus;0;3;6,363721;6;6,877751;0,4946145;-0,03563166;-0,4605904;-0,1767211;0,2855477
3;torus;0;3;6,377684;6;6,877751;0,4946145;-0,03563166;-0,4605904;-0,1767211;0,2855477
3;torus;0;3;6,392019;6;6,877751;1,111675;-0,08015037;-0,9632543;-0,5491257;0,2816794
3;torus;0;3;6,405604;6;6,877751;0,5337757;-0,04543066;-0,5132489;-0,1393847;0,2778742
3;torus;0;3;6,419604;6;6,877751;0,5337757;-0,04543066;-0,5132489;-0,1393847;0,2778742
3;torus;0;3;6,43374;6;6,877751;1,157545;-0,1014709;-1,152479;-0,0375092;0,2660952
3;torus;0;3;6,447177;6;6,877751;0,5763944;-0,05568266;-0,5602956;-0,1232833;0,2626622
3;torus;0;3;6,461077;6;6,877751;0,5931294;-0,06008744;-0,5773112;-0,1220807;0,2595119
3;torus;0;3;6,475101;6;6,877751;0,5931294;-0,06008744;-0,5773112;-0,1220807;0,2595119
3;torus;0;3;6,489496;6;6,877751;1,169461;-0,1302183;-1,151508;-0,1571998;0,253149
3;torus;0;3;6,503389;6;6,877751;0,6668184;-0,07383823;-0,6615594;-0,03916547;0,2494754
3;torus;0;3;6,51694;6;6,877751;0,6668184;-0,07383823;-0,6615594;-0,03916547;0,2494754
3;torus;0;3;6,531004;6;6,877751;1,165902;-0,1533866;-1,134374;-0,2213515;0,2475048
3;torus;0;3;6,544916;6;6,877751;0,440341;-0,07591844;-0,3933899;-0,1827046;0,2492264
3;torus;0;3;6,558866;6;6,877751;0,440341;-0,07591844;-0,3933899;-0,1827046;0,2492264
3;torus;0;3;6,572992;6;6,877751;0,9516596;-0,1612604;-0,9090979;-0,2306342;0,2507003
3;torus;0;3;6,586837;6;6,877751;0,4507096;-0,08301735;-0,4424665;-0,0216946;0,2501584
3;torus;0;3;6,600839;6;6,877751;0,4007476;-0,07781982;-0,3139332;-0,2366193;0,2541785
3;torus;0;3;6,614529;6;6,877751;0,4007476;-0,07781982;-0,3139332;-0,2366193;0,2541785
3;torus;0;3;6,628518;6;6,877751;0,7579347;-0,1527369;-0,4900753;-0,5576402;0,264363
3;torus;0;3;6,642523;6;6,877751;0,4329374;-0,08533597;-0,4192188;-0,06639361;0,2655903
3;torus;0;3;6,656215;6;6,877751;0,4329374;-0,08533597;-0,4192188;-0,06639361;0,2655903
3;torus;0;3;6,670113;6;6,877751;0,8098478;-0,171721;-0,7904791;-0,03883541;0,2669233
3;torus;0;3;6,684042;6;6,877751;0,2667564;-0,07392168;-0,2522685;-0,0453338;0,2681241
3;torus;0;3;6,697964;6;6,877751;0,2667564;-0,07392168;-0,2522685;-0,0453338;0,2681241
3;torus;0;3;6,712152;6;6,877751;0,7563865;-0,1347125;-0,2725631;-0,6925911;0,2818863
3;torus;0;3;6,725961;6;6,877751;0,4788624;-0,05790591;-0,03889948;-0,4737541;0,2910613
3;torus;0;3;6,739748;6;6,877751;0,4788624;-0,05790591;-0,03889948;-0,4737541;0,2910613
3;torus;0;3;6,754074;6;6,877751;0,660025;-0,09726882;-0,04679486;-0,651139;0,3036425
3;torus;0;3;6,767664;6;6,877751;0,4818705;-0,03470182;0,1130603;-0,467132;0,3124161
3;torus;0;3;6,781637;6;6,877751;0,6569359;-0,03349781;0,1718961;-0,6331623;0,3243807
3;torus;0;3;6,795321;6;6,877751;0,6569359;-0,03349781;0,1718961;-0,6331623;0,3243807
3;torus;0;3;6,809161;6;6,877751;1,10442;-0,06982684;0,2381086;-1,076184;0,344977
3;torus;0;3;6,823392;6;6,877751;0,4281318;-0,02601743;0,1636557;-0,3947616;0,3524537
3;torus;0;3;6,837334;6;6,877751;0,4281318;-0,02601743;0,1636557;-0,3947616;0,3524537
3;torus;0;3;6,85142;6;6,877751;0,74106;-0,06885529;0,1627699;-0,7196769;0,3663304
3;torus;0;3;6,865454;6;6,877751;0,4704359;-0,0270009;0,2245024;-0,4125282;0,3741948
3;torus;0;3;6,879012;6;6,877751;0,4704359;-0,0270009;0,2245024;-0,4125282;0,3741948
3;torus;0;3;6,893256;6;6,877751;0,972883;-0,0723958;0,3442876;-0,9070426;0,3917885
3;torus;0;3;6,907348;6;6,877751;0,5348015;-0,04861355;0,1179375;-0,5193651;0,4019656
3;torus;0;3;6,920855;6;6,877751;0,4860673;-0,05279779;0,01583397;-0,4829317;0,4114819
3;torus;0;3;6,93482;6;6,877751;0,4860673;-0,05279779;0,01583397;-0,4829317;0,4114819
3;torus;0;3;6,948668;6;6,877751;1,076084;-0,1197994;-0,006277859;-1,069376;0,4326013
3;torus;0;3;6,962471;6;6,877751;0,5161461;-0,06329417;-0,04702434;-0,5100876;0,4427017
3;torus;0;3;6,976721;6;6,877751;0,5161461;-0,06329417;-0,04702434;-0,5100876;0,4427017
3;torus;0;3;6,990441;6;6,877751;1,387521;-0,3909028;0,3197912;-1,29234;0,4680041
3;torus;0;3;7,004432;6;6,877751;1,287694;0,09713378;-0,003683474;-1,28402;0,49375
3;torus;0;3;7,018305;6;6,877751;1,287694;0,09713378;-0,003683474;-1,28402;0,49375
3;torus;0;3;7,032109;6;6,877751;1,632595;-0,2914865;0,3541031;-1,566848;0,5243217
3;torus;0;3;7,046276;6;6,877751;1,438952;-0,2938172;-0,3860242;-1,354711;0,5511114
3;torus;0;3;7,060014;6;6,877751;0,9171678;0,1756734;0,09414516;-0,8952498;0,5690961
3;torus;0;3;7,073885;6;6,877751;0,9171678;0,1756734;0,09414516;-0,8952498;0,5690961
3;torus;0;3;7,088336;6;6,877751;1,569302;-0,1821578;0,6182663;-1,43083;0,5977529
3;torus;0;3;7,101693;6;6,877751;0,7546657;-0,04086494;0,561323;-0,5027592;0,6081266
3;torus;0;3;7,115586;6;6,877751;0,7546657;-0,04086494;0,561323;-0,5027592;0,6081266
3;torus;0;3;7,129934;6;6,877751;1,240959;-0,0264287;1,057308;-0,6491393;0,622262
3;torus;0;3;7,143871;6;6,877751;0,6511918;-0,0006556511;0,5976446;-0,2585948;0,6283914
3;torus;0;3;7,157444;6;6,877751;0,6511918;-0,0006556511;0,5976446;-0,2585948;0,6283914
3;torus;0;3;7,171459;6;6,877751;1,577424;0,07588863;1,565485;-0,1782209;0,6355594
3;torus;0;3;7,185525;6;6,877751;0,8633596;0,08132458;0,8493245;0,1320004;0,6355725
3;torus;0;3;7,199413;6;6,877751;0,8633596;0,08132458;0,8493245;0,1320004;0,6355725
3;torus;0;3;7,213827;6;6,877751;1,521662;0,1254439;1,504721;0,1885056;0,6376229
3;torus;0;3;7,227097;6;6,877751;0,8121285;0,07653236;0,7807806;0,2099454;0,6370837
3;torus;0;3;7,241012;6;6,877751;0,9086804;0,08655787;0,8545019;0,296706;0,6356792
3;torus;0;3;7,255366;6;6,877751;0,9086804;0,08655787;0,8545019;0,296706;0,6356792
3;torus;0;3;7,268968;6;6,877751;1,764605;0,1648203;1,713665;0,3873186;0,6379881
3;torus;0;3;7,282984;6;6,877751;1,456973;0,1740482;0,7864289;1,214087;0,6205239
3;torus;0;3;7,296843;6;6,877751;1,456973;0,1740482;0,7864289;1,214087;0,6205239
3;torus;0;3;7,311039;6;6,877751;1,002055;0,3020003;0,8859056;0,3578849;0,6260575
3;torus;0;3;7,324977;6;6,877751;1,023396;-0,07410464;0,8148823;0,6146666;0,6228141
3;torus;0;3;7,338887;6;6,877751;1,023396;-0,07410464;0,8148823;0,6146666;0,6228141
3;torus;0;3;7,352718;6;6,877751;1,621212;0,1851888;0,7984052;1,398779;0,6046873
3;torus;0;3;7,366976;6;6,877751;1,612295;0,09582285;0,2855048;1,583919;0,5795281
3;torus;0;3;7,380613;6;6,877751;0,724303;0,06632209;0,437811;0,5731821;0,5739689
3;torus;0;3;7,394309;6;6,877751;0,724303;0,06632209;0,437811;0,5731821;0,5739689
3;torus;0;3;7,408197;6;6,877751;1,580822;0,1107872;0,9990901;1,220059;0,5638826
3;torus;0;3;7,422127;6;6,877751;0,8835682;0,03060699;0,6445318;0,6036013;0,5611623
3;torus;0;3;7,436207;6;6,877751;0,8835682;0,03060699;0,6445318;0,6036013;0,5611623
3;torus;0;3;7,449656;6;6,877751;1,78655;0,1406968;0,6431937;1,660803;0,5424106
3;torus;0;3;7,463773;6;6,877751;0,7105895;0,0759542;0,02390742;0,7061139;0,53184
3;torus;0;3;7,477206;6;6,877751;0,7105895;0,0759542;0,02390742;0,7061139;0,53184
3;torus;0;3;7,491185;6;6,877751;1,395222;0,1745045;-0,4343271;1,314364;0,5064902
3;torus;0;3;7,505553;6;6,877751;0,9289038;0,1200438;-0,7282645;0,5639881;0,4888273
3;torus;0;3;7,519664;6;6,877751;0,9289038;0,1200438;-0,7282645;0,5639881;0,4888273
3;torus;0;3;7,5333;6;6,877751;2,386033;0,2515554;-2,072406;1,155426;0,4457734
3;torus;0;3;7,547135;6;6,877751;1,424717;0,1185834;-1,179236;0,790669;0,4195255
3;torus;0;3;7,561163;6;6,877751;1,340429;0,09123087;-1,070817;0,8011103;0,3945649
3;torus;0;3;7,575228;6;6,877751;1,340429;0,09123087;-1,070817;0,8011103;0,3945649
3;torus;0;3;7,589092;6;6,877751;2,099162;0,1030922;-1,700383;1,226601;0,3560841
3;torus;0;3;7,602982;6;6,877751;1,188426;0,03806949;-1,07725;0,5004406;0,3366947
3;torus;0;3;7,617163;6;6,877751;1,188426;0,03806949;-1,07725;0,5004406;0,3366947
3;torus;0;3;7,630844;6;6,877751;3,591495;0,02557039;-3,130469;1,760212;0,2782708
3;torus;0;3;7,644867;6;6,877751;1,898372;-0,03764033;-1,628791;0,9743907;0,2493034
3;torus;0;3;7,659126;6;6,877751;1,898372;-0,03764033;-1,628791;0,9743907;0,2493034
3;torus;0;3;7,673151;6;6,877751;1,724154;-0,06640553;-1,659323;0,4636213;0,2324312
3;torus;0;3;7,686792;6;6,877751;0,5202258;-0,02040863;-0,5188286;-0,03217533;0,231352
3;torus;0;3;7,701166;6;6,877751;1,115152;-0,05938411;-1,030858;0,4211538;0,2211576
3;torus;0;3;7,714654;6;6,877751;1,115152;-0,05938411;-1,030858;0,4211538;0,2211576
3;torus;0;3;7,728613;6;6,877751;3,887213;-0,310272;-3,513216;1,634463;0,1974175
3;torus;0;3;7,742501;6;6,877751;2,346919;-0,2652645;-2,156669;0,8868166;0,1986478
3;torus;0;3;7,756739;6;6,877751;2,346919;-0,2652645;-2,156669;0,8868166;0,1986478
3;torus;0;3;7,77048;6;6,877751;3,391637;-0,4662991;-3,278144;0,7345334;0,2280369
3;torus;0;3;7,784186;6;6,877751;0,7581481;-0,1143634;-0,6837174;0,3069855;0,2342489
3;torus;0;3;7,797664;6;6,877751;0,7581481;-0,1143634;-0,6837174;0,3069855;0,2342489
3;torus;0;3;7,812357;6;6,877751;2,988607;-0,4826248;-2,131653;2,038357;0,2486383
3;torus;0;3;7,826165;6;6,877751;1,645147;-0,1826279;-1,438211;0,7776277;0,2712254
3;torus;0;3;7,840024;6;6,877751;2,099198;-0,5194803;-1,39709;1,478145;0,2894154
3;torus;0;3;7,853708;6;6,877751;2,099198;-0,5194803;-1,39709;1,478145;0,2894154
3;torus;0;3;7,867791;6;6,877751;1,353866;-0,1623604;-0,1444951;1,336306;0,2878048
3;torus;0;3;7,881616;6;6,877751;0,5277827;-0,05888343;-0,0434652;0,5226836;0,2876092
3;torus;0;3;7,895742;6;6,877751;0,5277827;-0,05888343;-0,0434652;0,5226836;0,2876092
3;torus;0;3;7,909691;6;6,877751;2,019714;-0,4461825;-1,234785;1,534755;0,3113424
3;torus;0;3;7,923306;6;6,877751;1,33958;-0,2677798;-0,4675001;1,226463;0,322262
3;torus;0;3;7,937233;6;6,877751;1,33958;-0,2677798;-0,4675001;1,226463;0,322262
3;torus;0;3;7,95111;6;6,877751;1,79662;-0,2851427;-0,1600042;1,766617;0,3309692
3;torus;0;3;7,965315;6;6,877751;0,7463499;-0,002878904;0,3737748;0,6460049;0,3266098
3;torus;0;3;7,979228;6;6,877751;0,7463499;-0,002878904;0,3737748;0,6460049;0,3266098
3;torus;0;3;7,992897;6;6,877751;2,041681;-0,1843274;0,5667374;1,952766;0,3279463
3;torus;0;3;8,006888;6;6,877751;1,272123;-0,1096129;0,4516378;1,18419;0,3292712
3;torus;0;3;8,020763;6;6,877751;1,293412;-0,0821352;0,6037399;1,140906;0,3294537
3;torus;0;3;8,034948;6;6,877751;1,293412;-0,0821352;0,6037399;1,140906;0,3294537
3;torus;0;3;8,048478;6;6,877751;2,017694;0,05025268;1,447864;1,40437;0,3209802
3;torus;0;3;8,062718;6;6,877751;0,695547;0,07483959;0,5985111;0,3463656;0,3158476
3;torus;0;3;8,076399;6;6,877751;0,695547;0,07483959;0,5985111;0,3463656;0,3158476
3;torus;0;3;8,090072;6;6,877751;1,921056;0,4200578;1,873733;0,05595908;0,2884707
3;torus;0;3;8,104036;6;6,877751;0,8299317;0,190407;0,8071855;-0,03135949;0,276673
3;torus;0;3;8,118336;6;6,877751;0,8299317;0,190407;0,8071855;-0,03135949;0,276673
3;torus;0;3;8,132226;6;6,877751;1,28007;0,2865136;1,247573;0,007069856;0,2603332
3;torus;0;3;8,146171;6;6,877751;0,8729641;0,1940191;0,8442461;-0,1080342;0,2483404
3;torus;0;3;8,160121;6;6,877751;0,803777;0,1144826;0,7797092;0,1581289;0,2421217
3;torus;0;3;8,174062;6;6,877751;0,803777;0,1144826;0,7797092;0,1581289;0,2421217
3;torus;0;3;8,187679;6;6,877751;2,389224;0,2284944;2,29715;0,6158613;0,2320814
3;torus;0;3;8,201776;6;6,877751;1,530245;0,153631;1,507515;0,2131797;0,2270033
3;torus;0;3;8,216003;6;6,877751;1,530245;0,153631;1,507515;0,2131797;0,2270033
3;torus;0;3;8,229547;6;6,877751;2,636096;0,2354503;2,604082;0,3351495;0,2271369
3;torus;0;3;8,243473;6;6,877751;1,252061;0,03715158;1,198632;0,3599413;0,2352162
3;torus;0;3;8,257303;6;6,877751;1,252061;0,03715158;1,198632;0,3599413;0,2352162
3;torus;0;3;8,27151;6;6,877751;3,00766;0,09533167;2,957799;0,5369895;0,2577506
3;torus;0;3;8,285686;6;6,877751;1,771187;0,08550882;1,769051;-0,01581833;0,2706197
3;torus;0;3;8,299558;6;6,877751;1,771187;0,08550882;1,769051;-0,01581833;0,2706197
3;torus;0;3;8,313494;6;6,877751;2,045359;-0,04578233;1,977299;0,5212352;0,2983679
3;torus;0;3;8,327174;6;6,877751;0,8404514;-0,131768;0,5328879;0,6364167;0,3145449
3;torus;0;3;8,3413;6;6,877751;1,101021;-0,1805782;0,7748179;0,7611156;0,3354203
3;torus;0;3;8,354856;6;6,877751;1,101021;-0,1805782;0,7748179;0,7611156;0,3354203
3;torus;0;3;8,368543;6;6,877751;2,824361;-0,2642751;2,67377;0,8707061;0,3803112
3;torus;0;3;8,382605;6;6,877751;1,492162;-0,1106203;1,472722;0,2130762;0,4022515
3;torus;0;3;8,396458;6;6,877751;1,492162;-0,1106203;1,472722;0,2130762;0,4022515
3;torus;0;3;8,411353;6;6,877751;1,954029;-0,2351344;1,85059;0,5815983;0,4356621
3;torus;0;3;8,424784;6;6,877751;0,9052809;-0,1183271;0,8590713;0,2598628;0,4513359
3;torus;0;3;8,439151;6;6,877751;0,9052809;-0,1183271;0,8590713;0,2598628;0,4513359
3;torus;0;3;8,45234;6;6,877751;1,248624;-0,2869189;0,7725716;0,9380147;0,4755353
3;torus;0;3;8,466208;6;6,877751;0,721674;-0,1862466;0,3954977;0,5742013;0,4893093
3;torus;0;3;8,480464;6;6,877751;0,7894347;-0,2197862;0,1043782;0,7510036;0,5016871
3;torus;0;3;8,494253;6;6,877751;0,7894347;-0,2197862;0,1043782;0,7510036;0,5016871
3;torus;0;3;8,50806;6;6,877751;0,8793066;-0,2365708;0,2623096;0,8052379;0,5171874
3;torus;0;3;8,521723;6;6,877751;0,3710743;-0,09614825;-0,002579391;0,3583923;0,522529
3;torus;0;3;8,535636;6;6,877751;0,3710743;-0,09614825;-0,002579391;0,3583923;0,522529
3;torus;0;3;8,549816;6;6,877751;1,312495;-0,2391636;-0,7554039;1,046331;0,5288236
3;torus;0;3;8,563847;6;6,877751;0,7629794;-0,1825869;-0,3412992;0,6575063;0,5350557
3;torus;0;3;8,57798;6;6,877751;0,7629794;-0,1825869;-0,3412992;0,6575063;0,5350557
3;torus;0;3;8,591449;6;6,877751;1,191567;-0,2853274;-0,5687326;1,007454;0,5447719
3;torus;0;3;8,605171;6;6,877751;0,4241849;-0,1387715;0,006216764;0,400795;0,551551
3;torus;0;3;8,619427;6;6,877751;0,4241849;-0,1387715;0,006216764;0,400795;0,551551
3;torus;0;3;8,63331;6;6,877751;1,62903;-0,311029;-1,119259;1,142041;0,5587563
3;torus;0;3;8,647395;6;6,877751;0,9440051;-0,1829684;-0,6719202;0,6373316;0,5631015
3;torus;0;3;8,660936;6;6,877751;0,7614229;-0,2405107;-0,252974;0,6767005;0,5727947
3;torus;0;3;8,675093;6;6,877751;0,7614229;-0,2405107;-0,252974;0,6767005;0,5727947
3;torus;0;3;8,689131;6;6,877751;1,34565;-0,44415;-0,3789812;1,212385;0,5914391
3;torus;0;3;8,702661;6;6,877751;0,7846934;-0,2445459;-0,3208756;0,6730378;0,6010953
3;torus;0;3;8,716697;6;6,877751;0,7846934;-0,2445459;-0,3208756;0,6730378;0,6010953
3;torus;0;3;8,730867;6;6,877751;1,0892;-0,4002631;0,02993792;1,012546;0,6204042
3;torus;0;3;8,74462;6;6,877751;0,4644717;-0,1524746;0,2493128;0,3610104;0,6293513
3;torus;0;3;8,758409;6;6,877751;0,4644717;-0,1524746;0,2493128;0,3610104;0,6293513
3;torus;0;3;8,772307;6;6,877751;1,156389;-0,3953695;-0,3169417;1,039454;0,6464769
3;torus;0;3;8,786263;6;6,877751;0,6226289;-0,235486;-0,04968196;0,5742341;0,6571228
3;torus;0;3;8,800235;6;6,877751;0,5451619;-0,2115428;0,03275424;0,5013764;0,6670752
3;torus;0;3;8,814462;6;6,877751;0,5451619;-0,2115428;0,03275424;0,5013764;0,6670752
3;torus;0;3;8,82856;6;6,877751;1,334494;-0,425303;-0,6622493;1,077691;0,6830706
3;torus;0;3;8,842257;6;6,877751;0,4638012;-0,1592159;-0,2290294;0,3705502;0,6887527
3;torus;0;3;8,856044;6;6,877751;0,4638012;-0,1592159;-0,2290294;0,3705502;0,6887527
3;torus;0;3;8,87001;6;6,877751;1,190014;-0,2497554;-0,9601035;0,6572336;0,6953029
3;torus;0;3;8,883974;6;6,877751;0,5713864;-0,07266998;-0,5083852;0,2504915;0,6970553
3;torus;0;3;8,897623;6;6,877751;0,5713864;-0,07266998;-0,5083852;0,2504915;0,6970553
3;torus;0;3;8,911795;6;6,877751;1,445172;-0,2164245;-1,28029;0,6344616;0,7024496
3;torus;0;3;8,925714;6;6,877751;0,8234106;-0,1928508;-0,6530844;0,4629195;0,7085733
3;torus;0;3;8,93966;6;6,877751;0,8234106;-0,1928508;-0,6530844;0,4629195;0,7085733
3;torus;0;3;8,953444;6;6,877751;1,469955;-0,2943456;-1,249369;0,7163852;0,7176761
3;torus;0;3;8,967436;6;6,877751;0,8334195;-0,1586556;-0,7344164;0,360623;0,722311
3;torus;0;3;8,981441;6;6,877751;0,9153666;-0,203681;-0,7820469;0,4298985;0,7286482
3;torus;0;3;8,995138;6;6,877751;0,9153666;-0,203681;-0,7820469;0,4298985;0,7286482
3;torus;0;3;9,00913;6;6,877751;1,788227;-0,1674414;-1,737627;0,3877789;0,7320183
3;torus;0;3;9,023026;6;6,877751;0,6862579;0,09303689;-0,6685902;-0,1236171;0,7278628
3;torus;0;3;9,036962;6;6,877751;0,6862579;0,09303689;-0,6685902;-0,1236171;0,7278628
3;torus;0;3;9,050886;6;6,877751;1,191049;0,07324815;-1,188105;-0,04048049;0,7249114
3;torus;0;3;9,064948;6;6,877751;0,7952288;-0,1956463;-0,6702703;0,3805906;0,7323701
3;torus;0;3;9,078547;6;6,877751;0,7952288;-0,1956463;-0,6702703;0,3805906;0,7323701
3;torus;0;3;9,092531;6;6,877751;1,653617;-0,4362643;-1,386029;0,7893324;0,7487962
3;torus;0;3;9,106561;6;6,877751;0,6403778;-0,1066089;-0,6001025;0,1964569;0,7530777
3;torus;0;3;9,120477;6;6,877751;0,375892;0,08889437;-0,3484622;-0,1093924;0,7506888
3;torus;0;3;9,134723;6;6,877751;0,375892;0,08889437;-0,3484622;-0,1093924;0,7506888
3;torus;0;3;9,148426;6;6,877751;0,8482665;0,1850128;-0,7960864;-0,2270967;0,7460022
3;torus;0;3;9,162353;6;6,877751;0,6842722;-0,06583929;-0,6714314;0,1143396;0,7491512
3;torus;0;3;9,176548;6;6,877751;0,6842722;-0,06583929;-0,6714314;0,1143396;0,7491512
3;torus;0;3;9,190035;6;6,877751;1,431419;-0,2550066;-1,351941;0,3952056;0,7598946
3;torus;0;3;9,203953;6;6,877751;0,3804427;0,009411573;-0,3802672;0,006705523;0,7607324
3;torus;0;3;9,218088;6;6,877751;0,3804427;0,009411573;-0,3802672;0,006705523;0,7607324
3;torus;0;3;9,232364;6;6,877751;0,1365105;0,1312733;0,033696;-0,01634061;0,7598471
3;torus;0;3;9,245924;6;6,877751;0,2453445;0,07175803;0,234168;-0,01449287;0,7588326
3;torus;0;3;9,259592;6;6,877751;0,2453445;0,07175803;0,234168;-0,01449287;0,7588326
3;torus;0;3;9,273479;6;6,877751;0,4422366;0,116992;0,4162878;0,09268522;0,7594633
3;torus;0;3;9,287512;6;6,877751;0,4777065;0,2043605;0,4202418;-0,09918213;0,7561129
3;torus;0;3;9,301495;6;6,877751;0,459628;0,1560688;0,4226983;-0,09070039;0,7532009
3;torus;0;3;9,315832;6;6,877751;0,459628;0,1560688;0,4226983;-0,09070039;0,7532009
3;torus;0;3;9,329865;6;6,877751;0,4327634;-0,1442492;-0,05834848;0,4038215;0,7617162
3;torus;0;3;9,343899;6;6,877751;0,225165;-0,05745292;0,1554668;0,1524091;0,7647218
3;torus;0;3;9,357302;6;6,877751;0,225165;-0,05745292;0,1554668;0,1524091;0,7647218
3;torus;0;3;9,371254;6;6,877751;0,7735693;-0,2203703;0,4550092;0,5855024;0,7765301
3;torus;0;3;9,385103;6;6,877751;0,5759345;-0,244689;0,1937561;0,4840314;0,7867601
3;torus;0;3;9,399071;6;6,877751;0,5759345;-0,244689;0,1937561;0,4840314;0,7867601
3;torus;0;3;9,413196;6;6,877751;1,047881;-0,4216909;0,5040102;0,8162141;0,8040173
3;torus;0;3;9,426859;6;6,877751;0,3563527;-0,1239896;0,2255931;0,2464175;0,8092148
3;torus;0;3;9,440618;6;6,877751;0,4249121;-0,162226;0,2492756;0,3034711;0,8157019
3;torus;0;3;9,454529;6;6,877751;0,4249121;-0,162226;0,2492756;0,3034711;0,8157019
3;torus;0;3;9,468584;6;6,877751;0,8295382;-0,3548503;0,4032962;0,6321132;0,8294093
3;torus;0;3;9,482854;6;6,877751;0,3635509;-0,08538961;0,3083453;0,17263;0,8331209
3;torus;0;3;9,496701;6;6,877751;0,3635509;-0,08538961;0,3083453;0,17263;0,8331209
3;torus;0;3;9,510392;6;6,877751;0,7996679;-0,1572669;0,7132128;0,3256738;0,8402783
3;torus;0;3;9,524347;6;6,877751;0,5007539;-0,1516938;0,3889553;0,2765089;0,8464895
3;torus;0;3;9,538422;6;6,877751;0,5007539;-0,1516938;0,3889553;0,2765089;0,8464895
3;torus;0;3;9,552125;6;6,877751;1,042627;-0,2369344;0,9052314;0,4598796;0,8571488
3;torus;0;3;9,566031;6;6,877751;0,6462538;-0,06117821;0,6231703;0,1598746;0,8612166
3;torus;0;3;9,580238;6;6,877751;0,7547665;0,03376007;0,7534977;0,02782047;0,8626912
3;torus;0;3;9,593797;6;6,877751;0,7547665;0,03376007;0,7534977;0,02782047;0,8626912
3;torus;0;3;9,607959;6;6,877751;1,703046;0,4132748;1,588682;-0,453499;0,8553078
3;torus;0;3;9,621899;6;6,877751;0,7490931;0,2501309;0,645338;-0,2865553;0,8503679
3;torus;0;3;9,635515;6;6,877751;0,7490931;0,2501309;0,645338;-0,2865553;0,8503679
3;torus;0;3;9,649429;6;6,877751;1,233109;0,4281998;1,072454;-0,4324853;0,8434846
3;torus;0;3;9,663336;6;6,877751;0,5462769;0,2997279;0,316602;-0,3291577;0,8370432
3;torus;0;3;9,677706;6;6,877751;0,5462769;0,2997279;0,316602;-0,3291577;0,8370432
3;torus;0;3;9,691547;6;6,877751;1,490343;0,7923186;0,8157946;-0,9632409;0,8185903
3;torus;0;3;9,705443;6;6,877751;0,9205018;0,4703164;0,5176075;-0,5985051;0,8075798
3;torus;0;3;9,719283;6;6,877751;0,9205018;0,4703164;0,5176075;-0,5985051;0,8075798
3;torus;0;3;9,732934;6;6,877751;1,185035;0,6970465;0,5833112;-0,7603824;0,7933646
3;torus;0;3;9,746896;6;6,877751;0,6028249;0,3273964;0,3735684;-0,3415495;0,7876167
3;torus;0;3;9,760653;6;6,877751;0,7686828;0,4037499;0,4509121;-0,4738539;0,7796668
3;torus;0;3;9,774722;6;6,877751;0,7686828;0,4037499;0,4509121;-0,4738539;0,7796668
3;torus;0;3;9,788898;6;6,877751;1,753507;1,038879;0,3986701;-1,355204;0,7534016
3;torus;0;3;9,802744;6;6,877751;1,01634;0,595814;-0,1733065;-0,8049339;0,735906
3;torus;0;3;9,816658;6;6,877751;1,01634;0,595814;-0,1733065;-0,8049339;0,735906
3;torus;0;3;9,830467;6;6,877751;2,032382;1,14494;-0,5787991;-1,576287;0,7008057
3;torus;0;3;9,844396;6;6,877751;0,9806454;0,4273891;-0,7113174;-0,5225241;0,6865377
3;torus;0;3;9,858302;6;6,877751;0,9806454;0,4273891;-0,7113174;-0,5225241;0,6865377
3;torus;0;3;9,87276;6;6,877751;1,657782;0,7979631;-1,022638;-1,032332;0,6609278
3;torus;0;3;9,886125;6;6,877751;0,3535524;0,1153767;-0,332956;0,02877116;0,6599063
3;torus;0;3;9,90008;6;6,877751;0,54562;0,0438273;-0,5173624;0,1676798;0,6609257
3;torus;0;3;9,914004;6;6,877751;0,54562;0,0438273;-0,5173624;0,1676798;0,6609257
3;torus;0;3;9,928393;6;6,877751;2,072959;-0,07410049;-1,999266;0,5427748;0,6645505
3;torus;0;3;9,941891;6;6,877751;1,024974;0,04900098;-1,023642;0,01813471;0,6621959
3;torus;0;3;9,956094;6;6,877751;1,024974;0,04900098;-1,023642;0,01813471;0,6621959
3;torus;0;3;9,969931;6;6,877751;1,334072;0,2671719;-1,25033;-0,3808469;0,6520648
3;torus;0;3;9,983818;6;6,877751;0,8595939;-0,1273096;-0,803202;0,2784967;0,6565853
3;torus;0;3;9,9978;6;6,877751;0,8595939;-0,1273096;-0,803202;0,2784967;0,6565853
3;torus;0;3;10,0117;6;6,877751;1,813514;-0,4459321;-1,530724;0,8642107;0,6731269
3;torus;0;3;10,02571;6;6,877751;0,5499021;-0,1161575;-0,4910387;0,2185881;0,6775677
3;torus;0;3;10,0392;6;6,877751;0,5499021;-0,1161575;-0,4910387;0,2185881;0,6775677
3;torus;0;3;10,05324;6;6,877751;1,563395;-0,1124978;-1,559021;0,03167987;0,6792074
3;torus;0;3;10,06748;6;6,877751;1,037898;-0,08896589;-1,034042;0,008666515;0,6808508
3;torus;0;3;10,08115;6;6,877751;1,197062;-0,1987815;-1,170189;0,1552433;0,68644
3;torus;0;3;10,09505;6;6,877751;1,197062;-0,1987815;-1,170189;0,1552433;0,68644
3;torus;0;3;10,10942;6;6,877751;2,230915;-0,5586982;-2,070627;0,6142825;0,7051519
3;torus;0;3;10,12347;6;6,877751;0,8904289;-0,2261102;-0,83372;0,2159834;0,7127235
3;torus;0;3;10,13686;6;6,877751;0,8904289;-0,2261102;-0,83372;0,2159834;0,7127235
3;torus;0;3;10,15078;6;6,877751;1,262121;-0,2623498;-1,226386;0,1417667;0,720991
3;torus;0;3;10,16471;6;6,877751;0,913251;-0,1991212;-0,8865044;0,0921309;0,7272691
3;torus;0;3;10,17879;6;6,877751;0,913251;-0,1991212;-0,8865044;0,0921309;0,7272691
3;torus;0;3;10,19278;6;6,877751;2,251169;-0,4628956;-2,201338;0,08717775;0,741825
3;torus;0;3;10,2069;6;6,877751;0,9563553;0,02561212;-0,8691445;-0,3981799;0,739718
3;torus;0;3;10,22039;6;6,877751;0,9144297;0,08513331;-0,7665768;-0,4912168;0,7355436
3;torus;0;3;10,23439;6;6,877751;0,9144297;0,08513331;-0,7665768;-0,4912168;0,7355436
3;torus;0;3;10,24847;6;6,877751;1,27685;0,005471706;-1,149142;-0,5565882;0,7336155
3;torus;0;3;10,2625;6;6,877751;0,6707363;-0,04933476;-0,6305203;-0,2233773;0,734522
3;torus;0;3;10,27618;6;6,877751;0,6707363;-0,04933476;-0,6305203;-0,2233773;0,734522
3;torus;0;3;10,29009;6;6,877751;1,124407;0,2225041;-0,6853834;-0,8631527;0,7240979
3;torus;0;3;10,30402;6;6,877751;0,6164377;0,1956642;-0,179626;-0,5562782;0,7153051
3;torus;0;3;10,31777;6;6,877751;0,6164377;0,1956642;-0,179626;-0,5562782;0,7153051
3;torus;0;3;10,33174;6;6,877751;1,544414;0,5023837;-0,3942057;-1,406211;0,6929982
3;torus;0;3;10,34566;6;6,877751;0,7588443;0,2664268;-0,08385926;-0,70557;0,6809692
3;torus;0;3;10,35955;6;6,877751;0,7588443;0,2664268;-0,08385926;-0,70557;0,6809692
3;torus;0;3;10,37362;6;6,877751;1,60891;0,4780769;-0,4111543;-1,480198;0,6585598
3;torus;0;3;10,38782;6;6,877751;0,7016976;0,2134025;-0,09900928;-0,661087;0,6479545
3;torus;0;3;10,4013;6;6,877751;0,6780016;0,1803041;-0,1604915;-0,6335765;0,638615
3;torus;0;3;10,41532;6;6,877751;0,6780016;0,1803041;-0,1604915;-0,6335765;0,638615
3;torus;0;3;10,42997;6;6,877751;1,793527;0,6098449;0,03804415;-1,686233;0,6093546
3;torus;0;3;10,4431;6;6,877751;0,8675963;0,2779365;0,01636893;-0,8217096;0,5953856
3;torus;0;3;10,45718;6;6,877751;0,8675963;0,2779365;0,01636893;-0,8217096;0,5953856
3;torus;0;3;10,47114;6;6,877751;1,613569;0,5538344;0,4756004;-1,438984;0,5662485
3;torus;0;3;10,48481;6;6,877751;0,6978223;0,2238154;0,379549;-0,5411148;0,5530943
3;torus;0;3;10,49885;6;6,877751;0,6978223;0,2238154;0,379549;-0,5411148;0,5530943
3;torus;0;3;10,51277;6;6,877751;1,67864;0,5358517;1,019987;-1,220787;0,5217416
3;torus;0;3;10,52662;6;6,877751;0,6867737;0,1945198;0,3776535;-0,5396277;0,5087546
3;torus;0;3;10,54052;6;6,877751;0,8037477;0,2325058;0,3664285;-0,6765217;0,4937245
3;torus;0;3;10,55455;6;6,877751;0,8037477;0,2325058;0,3664285;-0,6765217;0,4937245
3;torus;0;3;10,56879;6;6,877751;1,657338;0,4563987;0,7850915;-1,386398;0,4627194
3;torus;0;3;10,58257;6;6,877751;0,8750514;0,2229035;0,352782;-0,7691383;0,4465416
3;torus;0;3;10,59637;6;6,877751;0,8750514;0,2229035;0,352782;-0,7691383;0,4465416
3;torus;0;3;10,61009;6;6,877751;1,515691;0,3249586;0,8994743;-1,175869;0,4178222
3;torus;0;3;10,62433;6;6,877751;0,8770666;0,124687;0,7896259;-0,3608182;0,4033564
3;torus;0;3;10,63792;6;6,877751;0,8770666;0,124687;0,7896259;-0,3608182;0,4033564
3;torus;0;3;10,65218;6;6,877751;2,155294;0,2136886;2,104443;-0,413458;0,3751715
3;torus;0;3;10,66583;6;6,877751;0,9301142;0,05978942;0,9150103;-0,1558647;0,3641458
3;torus;0;3;10,68003;6;6,877751;0,92235;0,09477735;0,8502439;-0,3447205;0,351019
3;torus;0;3;10,69365;6;6,877751;0,92235;0,09477735;0,8502439;-0,3447205;0,351019
3;torus;0;3;10,70762;6;6,877751;1,428519;0,06352663;1,323615;-0,5335495;0,3313386
3;torus;0;3;10,72149;6;6,877751;0,5832951;-0,01672506;0,5506851;-0,1915708;0,3239416
3;torus;0;3;10,73559;6;6,877751;0,5832951;-0,01672506;0,5506851;-0,1915708;0,3239416
3;torus;0;3;10,74962;6;6,877751;1,225596;0,02833009;0,9643264;-0,7558823;0,3039614
3;torus;0;3;10,76345;6;6,877751;0,6359912;0,03006458;0,3822118;-0,5074397;0,2924072
3;torus;0;3;10,77729;6;6,877751;0,6359912;0,03006458;0,3822118;-0,5074397;0,2924072
3;torus;0;3;10,79128;6;6,877751;1,806947;0,183934;1,119285;-1,406565;0,2611707
3;torus;0;3;10,80512;6;6,877751;0,7080178;0,03523827;0,2480038;-0,6622248;0,2477983
3;torus;0;3;10,81934;6;6,877751;0,7080178;0,03523827;0,2480038;-0,6622248;0,2477983
3;torus;0;3;10,83308;6;6,877751;0,7265001;-0,1248419;0,2600141;-0,6667905;0,2334945
3;torus;0;3;10,84712;6;6,877751;0,5118763;-0,02822876;0,3082559;-0,4076749;0,2244491
3;torus;0;3;10,86106;6;6,877751;0,6617069;0,009292364;0,3681839;-0,5497366;0,212855
3;torus;0;3;10,8754;6;6,877751;0,6617069;0,009292364;0,3681839;-0,5497366;0,212855
3;torus;0;3;10,88876;6;6,877751;1,15091;-0,02372265;0,4298955;-1,067343;0,1913775
3;torus;0;3;10,90278;6;6,877751;0,7845277;0,01345277;-0,06355569;-0,7818334;0,1771294
3;torus;0;3;10,91683;6;6,877751;0,7845277;0,01345277;-0,06355569;-0,7818334;0,1771294
3;torus;0;3;10,93035;6;6,877751;1,300639;-0,0105083;0,1140177;-1,295589;0,1530842
3;torus;0;3;10,9443;6;6,877751;0,3236293;-0,09529591;-0,140582;-0,2754837;0,1478714
3;torus;0;3;10,95852;6;6,877751;0,3236293;-0,09529591;-0,140582;-0,2754837;0,1478714
3;torus;0;3;10,97232;6;6,877751;1,018999;-0,04309416;0,4381046;-0,9190023;0,1297523
3;torus;0;3;10,9861;6;6,877751;0,6179521;-0,100896;0,4621063;-0,3976715;0,1207201
3;torus;0;3;10,99998;6;6,877751;0,6179521;-0,100896;0,4621063;-0,3976715;0,1207201
3;torus;0;3;11,0142;6;6,877751;0,5908862;-0,221378;0,3098395;-0,451816;0,1102567
3;torus;0;3;11,02804;6;6,877751;0,3335675;-0,1124349;0,1403548;-0,2809381;0,1041587
3;torus;0;3;11,04233;6;6,877751;0,3779125;-0,1265694;0,1535025;-0,3213021;0,09730075
3;torus;0;3;11,05577;6;6,877751;0,3779125;-0,1265694;0,1535025;-0,3213021;0,09730075
3;torus;0;3;11,06959;6;6,877751;1,10898;-0,2976606;0,4418675;-0,9726188;0,07823452
3;torus;0;3;11,08346;6;6,877751;0,6875812;-0,2603543;-0,06756586;-0,6327863;0,06475563
3;torus;0;3;11,09745;6;6,877751;0,6875812;-0,2603543;-0,06756586;-0,6327863;0,06475563
3;torus;0;3;11,11137;6;6,877751;1,634803;-0,5142651;0,1914403;-1,539955;0,0364458
3;torus;0;3;11,1254;6;6,877751;2,68743;0,69574;-1,592618;-2,049828;0,04844208
3;torus;0;3;11,13917;6;6,877751;2,68743;0,69574;-1,592618;-2,049828;0,04844208
3;torus;0;3;11,15311;6;6,877751;2,730767;0,02923971;0,5921828;-2,665624;0,08380859
3;torus;0;3;11,16724;6;6,877751;1,457967;0,3067486;-0,0567591;-1,424202;0,1118832
3;torus;0;3;11,18143;6;6,877751;1,931847;0,6529594;-0,3387094;-1,786324;0,1503273
3;torus;0;3;11,19543;6;6,877751;1,931847;0,6529594;-0,3387094;-1,786324;0,1503273
3;torus;0;3;11,20901;6;6,877751;2,553501;-0,05990863;0,1087293;-2,550481;0,1974685
3;torus;0;3;11,22299;6;6,877751;1,282446;-0,06270409;-0,02334639;-1,2807;0,2217284
3;torus;0;3;11,23664;6;6,877751;1,282446;-0,06270409;-0,02334639;-1,2807;0,2217284
3;torus;0;3;11,25108;6;6,877751;2,342595;-0,1487374;0,2682969;-2,322422;0,2659503
3;torus;0;3;11,26454;6;6,877751;1,255766;-0,07702708;0,3108561;-1,214242;0,2893448
3;torus;0;3;11,27827;6;6,877751;1,255766;-0,07702708;0,3108561;-1,214242;0,2893448
3;torus;0;3;11,29239;6;6,877751;2,335518;-0,2186775;0,169903;-2,319042;0,3344007
3;torus;0;3;11,30615;6;6,877751;1,335458;-0,1049936;0,3395028;-1,287308;0,3596962
3;torus;0;3;11,32045;6;6,877751;1,259121;-0,1384199;0,1279242;-1,244934;0,3841382
3;torus;0;3;11,33426;6;6,877751;1,259121;-0,1384199;0,1279242;-1,244934;0,3841382
3;torus;0;3;11,34859;6;6,877751;2,370201;-0,3163338;0,1128055;-2,346286;0,4302619
3;torus;0;3;11,36177;6;6,877751;0,9967528;-0,1698375;-0,1431644;-0,9716868;0,4492925
3;torus;0;3;11,3762;6;6,877751;0,9967528;-0,1698375;-0,1431644;-0,9716868;0,4492925
3;torus;0;3;11,38964;6;6,877751;1,989694;-0,3655732;-0,3343061;-1,927039;0,4872113
3;torus;0;3;11,40369;6;6,877751;0,5940429;-0,05948089;0,06727761;-0,5872161;0,4990286
3;torus;0;3;11,41765;6;6,877751;0,5940429;-0,05948089;0,06727761;-0,5872161;0,4990286
3;torus;0;3;11,43168;6;6,877751;2,491548;-0,6781299;0,07418498;-2,396341;0,5450977
3;torus;0;3;11,44555;6;6,877751;1,973472;0,005146582;-0,1885116;-1,964441;0,5843626
3;torus;0;3;11,45979;6;6,877751;1,973472;0,005146582;-0,1885116;-1,964441;0,5843626
3;torus;0;3;11,4735;6;6,877751;2,508092;-0,5223095;0,04290193;-2,452728;0,6333735
3;torus;0;3;11,48763;6;6,877751;1,17835;-0,2688527;-0,0116542;-1,147211;0,6563607
3;torus;0;3;11,50149;6;6,877751;1,359305;-0,3278315;-0,1283929;-1,312917;0,6827238
3;torus;0;3;11,51504;6;6,877751;1,359305;-0,3278315;-0,1283929;-1,312917;0,6827238
3;torus;0;3;11,52924;6;6,877751;2,780446;-0,6879449;0,09421855;-2,692348;0,7369614
