participantNumber
1
repetitionNum
3
sdfEnabled
1
taskTime
14,5771
numHits
5
positionDifference
0,1143987
angleDifference
48,02986
finalPosX
-0,04327509
finalPosY
-0,0123015
finalPosZ
-0,7276492
finalRotX
358,4247
finalRotY
46,9927
finalRotZ
9,438104
taskType
torus
velocityMagnitude
0,1441341
0,1441341
0,2401946
0,1449115
0,1449115
0,4691614
0,3281309
0,2860219
0,2860219
0,7728361
0,3794377
0,3794377
0,7322316
0,2087318
0,2087318
0,8109866
0,2933897
0,2084664
0,2084664
0,4297301
0,239733
0,239733
0,3130494
0,2767435
0,2767435
0,750532
0,237781
0,237781
0,3674052
0,2561284
0,2433836
0,2433836
0,6904725
0,2912366
0,2912366
0,3032689
0,1799956
0,1799956
0,5178631
0,1698228
0,1143187
0,1143187
0,4367931
0,2125325
0,2125325
0,598613
0,32
0,32
0,4168567
0,1503499
0,1503499
0,2326983
0,1247352
0,1303421
0,1303421
0,1876568
0,1561872
0,1561872
0,4603618
0,2178897
0,2178897
0,1335691
0,0852902
0,1256226
0,1256226
0,2518613
0,1708766
0,1708766
0,3024408
0,1205539
0,1205539
0,1645028
0,09694854
0,1482639
0,1482639
0,1909342
0,1120724
0,1120724
0,07846141
0,1058672
0,1058672
0,1879947
0,1341699
0,1341699
0,1911522
0,1435048
0,07903934
0,07903934
0,13472
0,1333934
0,1333934
0,2196675
0,1770097
0,1770097
0,1683303
0,09420757
0,1082345
0,1082345
0,1922517
0,1956641
0,1956641
0,1193633
0,1019133
0,1019133
0,1699919
0,2183512
0,2183512
0,221977
0,1385101
0,08038991
0,08038991
0,09811075
0,1341734
0,1341734
0,1580896
0,117429
0,117429
0,05847448
0,06971423
0,06787573
0,06787573
0,09159566
0,0886581
0,0886581
0,1192583
0,1264007
0,1264007
0,06720689
0,0667678
0,0667678
0,08098485
0,08641881
0,08190301
0,08190301
0,1044027
0,103661
0,103661
0,06814152
0,07610444
0,07610444
0,07390659
0,06779253
0,04663844
0,04663844
0,04083005
0,03657761
0,03657761
0,04209643
0,03811232
0,03811232
0,04926067
0,04830695
0,04830695
0,05938932
0,06484921
0,06828872
0,06828872
0,08680894
0,07916861
0,07916861
0,1039438
0,08827737
0,08827737
0,09426259
0,08851401
0,09289847
0,09289847
0,1010039
0,09216638
0,09216638
0,08577432
0,06985902
0,06985902
0,09030671
0,09262621
0,09262621
0,1132051
0,1133638
0,111625
0,111625
0,137336
0,1795481
0,1795481
0,5092976
0,5270051
0,5270051
1,166324
1,049344
1,734199
1,734199
0,9645553
0,8393109
0,8393109
1,217239
0,9808764
0,9808764
1,470205
0,9599553
0,8096131
0,8096131
0,6703172
0,2547557
0,2547557
0,1785908
0,03750263
0,03750263
0,2274189
0,2757947
0,2757947
0,2524216
0,06315049
0,0775711
0,0775711
0,1084223
0,03155314
0,03155314
0,05394072
0,0316875
0,0316875
0,05270858
0,03412446
0,06219541
0,06219541
0,2919462
0,35855
0,35855
0,5028444
0,1949782
0,1949782
0,2436432
0,1285129
0,1285129
0,4278079
0,475525
0,1355471
0,1355471
0,1867319
0,0828338
0,0828338
0,2215119
0,1337141
0,1337141
0,312997
0,2519125
0,2266355
0,2266355
0,7321485
0,5979869
0,5979869
0,823624
0,6657056
0,6657056
0,9446002
0,4850796
0,4850796
0,2675213
0,2083323
0,2429996
0,2429996
0,5905553
0,7489086
0,7489086
1,135407
0,9744326
0,9744326
0,7771287
0,796261
0,9411281
0,9411281
1,269159
1,084616
1,084616
0,9432746
0,6795347
0,6795347
0,9131414
0,8726952
0,8355146
0,8355146
0,9362751
0,6033443
0,6033443
0,8898985
0,7595128
0,7197709
0,8437861
0,8437861
0,8301942
0,6227396
0,505518
0,505518
0,5573868
0,4812436
0,4812436
0,5417057
0,4583761
0,4583761
0,3615912
0,3749291
0,2469429
0,2469429
0,4075897
0,3899471
0,3899471
0,3494841
0,3682708
0,3682708
0,5641837
0,5554861
0,5554861
1,011338
0,8005905
0,8043112
0,8043112
1,216248
0,7122244
0,7122244
0,9934024
0,5409535
0,5409535
0,8541542
0,3886146
0,4461435
0,4461435
0,6448131
0,3748806
0,3748806
0,7663361
0,4394043
0,4394043
0,5433707
0,2979516
0,2979516
0,7440045
0,1536105
0,121438
0,121438
0,1941409
0,1450377
0,1450377
0,3644063
0,1053111
0,1053111
0,1446058
0,08282828
0,05331033
0,05331033
0,2278072
0,198974
0,198974
0,2414684
0,1276597
0,1276597
0,1357046
0,1879451
0,1879451
0,3103784
0,1261135
0,08693802
0,08693802
0,1685093
0,1634066
0,1634066
0,603714
0,3313659
0,3313659
0,3777234
0,3684916
0,3049012
0,3049012
0,4006231
0,3370126
0,3370126
0,3899377
0,322459
0,322459
0,3483513
0,27874
0,1717745
0,1717745
0,09687704
0,1143382
0,1143382
0,1601535
0,1515236
0,1515236
0,1183319
0,1313053
0,1313053
0,2318719
0,1962319
0,2000199
0,2000199
0,2878251
0,254698
0,254698
0,301736
0,2415003
0,2415003
0,2584351
0,293763
0,2822287
0,2822287
0,1555291
0,1642428
0,1642428
0,09095969
0,09343478
0,09343478
0,1072775
0,107758
0,107758
0,1165526
0,1287226
0,0742322
0,0742322
0,0803129
0,0737448
0,0737448
0,09931022
0,1062741
0,1062741
0,07382821
0,06562505
0,04733664
0,04733664
0,04471171
0,04699259
0,04699259
0,06948345
0,07894485
0,07894485
0,089918
0,09212477
0,09694296
0,09694296
0,08894649
0,05424672
0,05424672
0,08782163
0,05067933
0,05067933
0,03293672
0,02226285
0,02226285
0,05838168
0,03893996
0,03167101
0,03167101
0,0231746
0,01432221
0,01432221
0,03133824
0,02525571
0,02525571
0,03171606
0,009069329
0,01803009
0,01803009
0,02184165
0,01451548
0,01451548
0,56416
0,6370384
0,6370384
0,7383184
0,6973546
0,6973546
1,185058
1,062994
2,03346
2,03346
1,094744
0,9442876
0,9442876
1,297542
0,9820778
0,9820778
1,338037
0,7156907
0,5173809
0,5173809
0,5139021
0,3000491
0,3000491
0,5665622
0,2376135
0,2376135
0,7433147
0,5190818
0,5190818
1,300251
0,7922956
0,7771956
0,7771956
1,29244
0,9973498
0,9973498
1,455672
0,7811378
0,7811378
1,273649
1,048676
0,7419036
0,7419036
0,6202143
0,5669538
0,5669538
0,8009323
0,7365472
0,7365472
0,9643941
0,7138217
0,7952403
0,7952403
0,8294004
0,7211002
0,7211002
1,090711
0,9053561
0,9053561
1,274935
0,9121895
0,9121895
1,416992
1,02823
0,9921809
0,9921809
1,246403
0,6143221
0,6143221
1,185245
0,8600082
0,8600082
0,9074695
0,5074883
0,5765595
0,5765595
1,039545
0,6518366
0,6518366
0,7307109
0,5797876
0,5797876
1,176595
0,6743982
0,6743982
0,9311482
0,5598761
0,5145055
0,5145055
0,8101606
0,4657104
0,4657104
0,7535805
0,6451215
0,6451215
0,6647409
0,4744085
0,4846978
0,4846978
1,005568
0,4921466
0,4921466
0,9582595
0,7498181
0,7498181
1,000484
0,6227372
0,6227372
0,7639655
0,5766634
0,561994
0,561994
0,8835823
0,7024118
0,7024118
1,0381
0,6520095
0,6520095
0,5872067
0,4616515
0,3934566
0,3934566
0,5740159
0,465247
0,465247
0,6024232
0,5803799
0,5803799
1,036566
0,8451253
0,8451253
0,8260069
0,6365566
0,5832153
0,5832153
1,001586
0,7981806
0,7981806
1,098119
0,7880272
0,7880272
1,499506
1,056596
1,105718
1,105718
1,485177
0,6689282
0,6689282
1,554304
0,8590021
0,8590021
1,449625
0,8209209
0,7235589
0,7235589
1,64032
1,013323
1,013323
0,8974881
0,6596948
0,6596948
1,520541
0,9968053
0,9968053
1,451893
0,7097639
0,7793448
0,7793448
1,2
0,9796634
0,9796634
1,590849
1,182536
1,182536
1,67469
1,111087
0,9118121
0,9118121
1,907867
1,265486
1,265486
1,629501
1,001427
1,001427
1,300559
1,034442
1,034442
1,165982
1,063945
1,08355
1,08355
0,8989514
0,8827931
0,8827931
0,7779323
0,8248746
0,8248746
1,130669
1,007736
1,160273
1,160273
1,919232
1,239017
1,239017
1,994563
1,010051
1,010051
1,50089
0,5065612
0,5065612
1,571191
0,6981445
0,5422168
0,5422168
0,6666019
0,4670137
0,4670137
0,6712334
0,447511
0,447511
0,7390784
0,4932421
0,2816262
0,2816262
0,4732617
0,4278516
0,4278516
0,4996357
0,4040793
0,4040793
0,6596363
0,479913
0,479913
0,8204192
0,5335731
0,4700286
0,4700286
0,2544459
0,246675
0,246675
0,5519618
0,225428
0,225428
0,4507917
0,3402272
0,3376097
0,3376097
0,5985605
0,2855151
0,2855151
0,7905027
0,6604913
0,6604913
1,218946
0,7360266
0,6648641
0,6648641
1,571584
0,8566014
0,8566014
1,122447
0,6399158
0,6399158
1,136931
0,6811874
0,6811874
1,190434
0,5341508
0,5050305
0,5050305
1,223874
0,6491722
0,6491722
1,291366
0,5143065
0,5143065
1,16625
0,7881237
0,6461123
0,6461123
1,089748
0,5236933
0,5236933
1,140361
0,7630804
0,7630804
1,085656
0,8752145
0,8752145
0,7517529
0,6932284
0,4393224
0,4393224
0,6530727
0,7386095
0,7386095
0,4242911
0,4555221
0,4555221
0,6339434
0,5936787
0,5145665
0,5145665
0,956645
0,7859206
0,7859206
1,113748
1,03244
1,03244
1,180357
0,9823859
0,6969853
0,6969853
0,7020321
0,6872454
0,6872454
0,6130058
0,5812144
0,5812144
0,762446
0,6934381
0,6934381
1,225946
1,041498
1,208427
1,208427
1,44994
0,7500228
0,7500228
1,395865
0,7343593
0,7343593
0,9992379
0,6379988
0,4489703
0,4489703
0,6269172
0,4319881
0,4319881
0,6606648
0,4845788
0,4845788
0,3780175
0,1846225
0,1846225
0,3161379
0,2187131
0,2928453
0,2928453
0,2722791
0,1824269
0,1824269
0,1708752
0,1109414
0,1109414
0,1960546
0,07449521
0,1195528
0,1195528
0,2640257
0,1994574
0,1994574
0,1998847
0,2399248
0,2399248
0,3193232
0,2655845
0,2655845
0,2249173
0,2504296
0,259554
0,259554
0,2721224
0,2385438
0,2385438
0,1421145
0,1407993
0,1407993
0,1589773
0,1228974
0,08858616
0,08858616
0,1544774
0,1525169
0,1525169
0,1021113
0,09346411
0,09346411
0,1232857
0,1578868
0,1578868
0,2185512
0,1865306
0,1617835
0,1617835
0,1977109
0,1840073
0,1840073
0,2227938
0,1994605
0,1994605
0,2131397
0,1917727
0,1641271
0,1641271
0,1260167
0,1049391
0,1049391
0,1057397
0,0875489
0,0875489
0,08579084
0,06209549
0,06209549
0,07631556
0,0816521
0,09744273
0,09744273
0,0830228
0,1198293
0,1198293
0,127049
0,2591133
0,2591133
0,4439339
0,3421797
0,2833773
0,2833773
0,2043352
0,2197619
0,2197619
0,1174375
0,1505048
0,1505048
0,2787636
0,2805013
0,1267358
0,1267358
0,07544414
0,08824374
0,08824374
0,1309544
0,1619973
0,1619973
0,3267344
0,3146478
0,3146478
0,2735909
0,4487432
0,4004724
0,4004724
0,6796971
0,6412109
0,6412109
1,718306
1,315191
1,315191
1,864345
0,9722604
0,8005037
0,8005037
0,7661366
0,2582122
0,2582122
0,3523217
0,07064007
0,07064007
0,2074366
0,08228073
0,08228073
0,07162062
0,1119989
0,1719133
0,1719133
0,1221976
0,08668119
0,08668119
0,1285461
0,09314666
0,09314666
0,3899761
0,3191816
0,2601742
0,2601742
0,152097
0,1796213
0,1796213
0,4504491
0,3049241
0,3049241
0,5232796
0,3896169
0,3896169
0,2619985
0,235095
0,2409354
0,2409354
0,285415
0,2016382
0,2016382
0,2348126
0,1643757
0,1643757
0,1799864
0,0953693
0,05340223
0,05340223
0,09761874
0,1384684
0,1384684
0,1010578
0,08415809
0,08415809
0,1042691
0,108007
0,108007
0,1683328
0,1055825
0,07139995
0,07139995
0,113043
0,121644
0,121644
0,184685
0,1335655
0,1335655
0,2066246
0,1744592
0,1451917
0,1451917
0,122143
0,1312929
0,1312929
0,2424553
0,2188897
0,2188897
0,1893103
0,2070077
0,2070077
0,2657028
0,1828159
0,1222456
0,1222456
0,2315019
0,2610442
0,2610442
0,2746201
0,2346034
0,2346034
0,2477214
0,2386769
0,1641654
0,1641654
0,2500126
0,248548
0,248548
0,172533
0,1694722
0,1694722
0,1168307
0,1088707
0,1053233
0,1053233
0,1311348
0,1285428
0,1285428
0,2210601
0,2390043
0,2390043
0,3322161
0,3223538
0,3223538
0,3843027
0,3575543
0,5969075
0,5969075
0,9856417
0,9016275
0,9016275
2,418267
1,78937
1,78937
2,269281
1,106376
velocityComponents
-0,05868673
-0,04039407
-0,1252949
-0,05868673
-0,04039407
-0,1252949
-0,1127064
0,1872748
-0,0995934
-0,07409453
0,1122937
0,05384684
-0,07409453
0,1122937
0,05384684
-0,2401471
0,3964886
0,07237792
-0,03404617
0,3174752
-0,07563233
-0,04626513
0,2807021
-0,02956986
-0,04626513
0,2807021
-0,02956986
-0,02801418
0,7660657
-0,09815395
-0,03330708
0,3776893
-0,01464188
-0,03330708
0,3776893
-0,01464188
-0,168407
0,7009521
0,1283288
-0,0551343
0,1948625
-0,05057454
-0,0551343
0,1948625
-0,05057454
-0,02730489
0,8062676
-0,08298457
-0,09037256
0,276573
0,03765225
-0,07164478
0,1943737
-0,02332628
-0,07164478
0,1943737
-0,02332628
-0,1113653
0,4081219
-0,07551312
-0,1295328
0,181745
0,0875324
-0,1295328
0,181745
0,0875324
-0,1152694
0,2805904
-0,07734299
0,04385114
0,2157673
-0,1676559
0,04385114
0,2157673
-0,1676559
0,2368629
0,4751772
-0,5304724
0,007718801
0,2257347
-0,07432401
0,007718801
0,2257347
-0,07432401
0,0552237
0,1905248
-0,3092527
0,01684427
0,2454236
-0,071311
0,04755855
0,1887992
-0,1460433
0,04755855
0,1887992
-0,1460433
0,2383426
0,390949
-0,516821
0,09434095
0,1228587
-0,2466258
0,09434095
0,1228587
-0,2466258
0,01940097
0,2603354
-0,1543408
0,02430872
0,1072453
-0,1424989
0,02430872
0,1072453
-0,1424989
0,009859431
0,5142971
-0,05986199
-0,03817511
0,1654666
0,001805746
-0,07679359
-0,005601167
0,08449931
-0,07679359
-0,005601167
0,08449931
-0,2412234
0,2171968
0,2922755
-0,1236405
0,1223181
0,1221531
-0,1236405
0,1223181
0,1221531
-0,08647304
0,585571
0,08925511
0,07351637
0,2454315
-0,1917256
0,07351637
0,2454315
-0,1917256
-0,06645617
0,4101673
0,03340553
-0,02327395
-0,1425396
-0,04178371
-0,02327395
-0,1425396
-0,04178371
-0,001792779
0,1784867
-0,149291
-0,01878034
0,08890245
-0,08545478
-0,005212344
-0,05994163
-0,115624
-0,005212344
-0,05994163
-0,115624
-0,03593002
0,1545792
-0,1001468
0,01561167
0,08741912
-0,1284859
0,01561167
0,08741912
-0,1284859
0,1215377
0,1470097
-0,4189866
0,05037403
0,03358069
-0,20931
0,05037403
0,03358069
-0,20931
-0,02799428
-0,08462162
-0,09947973
-0,01014181
0,01504856
-0,08333728
0,009586026
0,08730842
-0,08981308
0,009586026
0,08730842
-0,08981308
0,04313477
0,113633
-0,2205925
0,02452656
0,09293266
-0,1412827
0,02452656
0,09293266
-0,1412827
-0,009228241
0,2916032
-0,07970478
0,02268256
0,06384119
-0,09971488
0,02268256
0,06384119
-0,09971488
0,02433494
0,07110738
-0,1463309
0,01129503
0,0480862
-0,08342158
0,0164251
0,1228995
-0,08129033
0,0164251
0,1228995
-0,08129033
0,03456573
0,1407611
-0,1242876
0,02153199
0,01889771
-0,1083488
0,02153199
0,01889771
-0,1083488
0,006569362
0,01822903
-0,07603117
0,01806188
0,02644383
-0,1009077
0,01806188
0,02644383
-0,1009077
0,03909919
0,08008122
-0,1655302
0,02416768
0,03282087
-0,1278291
0,02416768
0,03282087
-0,1278291
0,03399569
0,009281768
-0,1878758
0,02240714
-0,006186427
-0,1416095
0,003430895
0,0262987
-0,07445686
0,003430895
0,0262987
-0,07445686
-0,000550125
0,09647042
-0,09403522
0,008925734
0,06191057
-0,1178186
0,008925734
0,06191057
-0,1178186
0,02234786
0,04330358
-0,2141943
0,01705575
0,04558115
-0,1701879
0,01705575
0,04558115
-0,1701879
-0,01908486
0,1509865
-0,07192999
-0,01769676
0,05191369
-0,07659543
-0,01749801
0,04691378
-0,09595633
-0,01749801
0,04691378
-0,09595633
-0,01799801
0,1211769
-0,1481653
-0,009659165
0,1318043
-0,1442872
-0,009659165
0,1318043
-0,1442872
-0,02876194
0,07587568
-0,0875399
-0,03291876
0,04296079
-0,08635421
-0,03291876
0,04296079
-0,08635421
-0,03723985
0,1040129
-0,1291966
-0,0320362
0,1707447
-0,1322768
-0,0320362
0,1707447
-0,1322768
-0,02747968
0,1801116
-0,1268009
-0,02895943
0,09776112
-0,09375055
-0,02921801
0,03470962
-0,0663633
-0,02921801
0,03470962
-0,0663633
-0,04281517
0,06106184
-0,06374977
-0,04304883
0,09837546
-0,08044603
-0,04304883
0,09837546
-0,08044603
-0,02643431
0,05789574
-0,1447122
-0,02966206
0,02610736
-0,1105809
-0,02966206
0,02610736
-0,1105809
-0,03136224
0,01253689
-0,04773365
-0,02607247
0,009192477
-0,06399842
-0,020997
0,01275568
-0,06327348
-0,020997
0,01275568
-0,06327348
-0,02617697
-0,01444041
-0,08657948
-0,02478419
-0,01238542
-0,0842176
-0,02478419
-0,01238542
-0,0842176
-0,01770732
-0,01755093
-0,1166232
-0,018638
-0,02836616
-0,1217585
-0,018638
-0,02836616
-0,1217585
-0,02134475
-0,01418743
-0,06212797
-0,02601633
-0,01526996
-0,0595644
-0,02601633
-0,01526996
-0,0595644
-0,02769294
-0,01716626
-0,07414153
-0,03028344
-0,01998767
-0,07843224
-0,03279168
-0,02140404
-0,07193522
-0,03279168
-0,02140404
-0,07193522
-0,04322835
-0,0116208
-0,09431966
-0,04226616
0,001181477
-0,09464557
-0,04226616
0,001181477
-0,09464557
-0,03392304
-0,01855548
-0,05610872
-0,04606088
-0,03753637
-0,04755315
-0,04606088
-0,03753637
-0,04755315
-0,05285316
-0,03717312
-0,0358732
-0,04527983
-0,03131277
-0,03956102
-0,02710979
-0,01872285
-0,03300997
-0,02710979
-0,01872285
-0,03300997
-0,01579916
-0,02776122
-0,02543214
-0,01129494
-0,03067604
-0,01641116
-0,01129494
-0,03067604
-0,01641116
-0,006301321
-0,03437803
-0,02346388
0,0007986072
-0,02717124
-0,02671395
0,0007986072
-0,02717124
-0,02671395
0,00434725
-0,03443684
-0,03495453
0,006331509
-0,03416413
-0,03356019
0,006331509
-0,03416413
-0,03356019
0,01058511
-0,03784307
-0,04453032
0,01620841
-0,03681042
-0,05086945
0,01986012
-0,03714308
-0,05375236
0,01986012
-0,03714308
-0,05375236
0,02613688
-0,04223473
-0,07119609
0,02631124
-0,04257047
-0,06134446
0,02631124
-0,04257047
-0,06134446
0,02372274
-0,05547397
-0,08464144
0,01543614
-0,0465951
-0,07337245
0,01543614
-0,0465951
-0,07337245
0,03009639
-0,03136227
-0,0836424
0,03204275
-0,0198005
-0,08009951
0,02828447
-0,02039164
-0,0861063
0,02828447
-0,02039164
-0,0861063
0,02715439
-0,0314375
-0,09206577
0,02123758
-0,03007398
-0,08449356
0,02123758
-0,03007398
-0,08449356
0,01344202
-0,03503415
-0,07713076
0,00897955
-0,02410138
-0,06495209
0,00897955
-0,02410138
-0,06495209
0,02462135
-0,01120761
-0,08615962
0,02558685
-0,01067889
-0,08837923
0,02558685
-0,01067889
-0,08837923
0,03314559
-0,01131285
-0,1076512
0,03359593
-0,001723651
-0,1082576
0,03703589
0,008083817
-0,1049911
0,03703589
0,008083817
-0,1049911
0,04261029
0,003306456
-0,1305167
0,1089414
-0,04440925
-0,1356359
0,1089414
-0,04440925
-0,1356359
0,07048276
-0,04157097
-0,5026809
0,02343006
-0,04274175
-0,5247462
0,02343006
-0,04274175
-0,5247462
0,06042592
-0,09912171
-1,160532
0,06076813
-0,0912713
-1,043599
0,1126618
-0,1529371
-1,723764
0,1126618
-0,1529371
-1,723764
0,07625026
-0,07882697
-0,9583002
0,07570662
-0,05387779
-0,8341514
0,07570662
-0,05387779
-0,8341514
0,1412804
-0,06929096
-1,207026
0,1244774
-0,0741928
-0,970113
0,1244774
-0,0741928
-0,970113
0,2186399
-0,137572
-1,447333
0,1522198
-0,1321627
-0,9385502
0,1448067
-0,1078374
-0,7892246
0,1448067
-0,1078374
-0,7892246
0,1493477
-0,03748175
-0,6523922
0,04704544
-0,09097663
-0,2332605
0,04704544
-0,09097663
-0,2332605
0,04926462
-0,00671896
-0,1715299
0,009494575
0,03583753
-0,005654315
0,009494575
0,03583753
-0,005654315
0,08039358
0,07973196
-0,1972284
0,09750311
0,1241501
-0,2261474
0,09750311
0,1241501
-0,2261474
0,1041182
0,1133633
-0,200062
0,02992074
-0,01396994
-0,05382912
0,03627981
-0,01397706
-0,06712446
0,03627981
-0,01397706
-0,06712446
0,0434925
-0,08931404
-0,04343735
0,01195751
-0,02540293
-0,01439826
0,01195751
-0,02540293
-0,01439826
0,04041472
-0,007954375
-0,03482785
0,01154363
-0,02834792
0,008199833
0,01154363
-0,02834792
0,008199833
0,01203208
-0,05128904
-0,00169068
0,01548727
-0,001680374
-0,03036115
0,01879187
0,02126463
-0,05534393
0,01879187
0,02126463
-0,05534393
0,07308856
0,1477432
-0,2409618
0,08983724
0,153459
-0,3113482
0,08983724
0,153459
-0,3113482
0,1211002
0,3435753
-0,3466168
0,04349514
0,1653229
-0,09377089
0,04349514
0,1653229
-0,09377089
0,06780521
0,1637269
-0,1672063
0,03795134
0,01253684
-0,1221397
0,03795134
0,01253684
-0,1221397
0,1224511
0,3571804
-0,2011156
0,1373353
0,4003393
-0,2167751
0,04866312
0,1184902
-0,04432824
0,04866312
0,1184902
-0,04432824
-0,03263555
-0,1412078
0,117746
-0,002957689
-0,01024296
0,08214483
-0,002957689
-0,01024296
0,08214483
0,0696478
0,21014
0,007608822
0,04474549
0,1197226
-0,03929134
0,04474549
0,1197226
-0,03929134
0,0322377
0,3046845
0,063994
0,005403679
0,2458399
0,05471262
0,007552871
0,2254845
-0,021525
0,007552871
0,2254845
-0,021525
-0,02109459
0,7318209
0,005878872
-0,0004847776
0,5906571
-0,09333941
-0,0004847776
0,5906571
-0,09333941
0,001365159
0,7947235
-0,2162619
0,02355093
0,6147524
-0,25434
0,02355093
0,6147524
-0,25434
0,05561011
0,7390761
-0,5856139
-0,003402487
0,3976325
-0,2778112
-0,003402487
0,3976325
-0,2778112
-0,0875915
0,2405289
-0,07772525
-0,08575375
0,1880286
-0,02634156
-0,08660551
0,2260569
0,02113211
-0,08660551
0,2260569
0,02113211
-0,07295182
0,5619913
-0,1661304
-0,004778957
0,6836284
-0,305767
-0,004778957
0,6836284
-0,305767
0,05268023
0,9618602
-0,6009988
0,03899173
0,8325989
-0,504755
0,03899173
0,8325989
-0,504755
0,0135932
0,6940585
-0,3493237
0,01410068
0,7133663
-0,3534704
0,02556665
0,8185323
-0,4637599
0,02556665
0,8185323
-0,4637599
0,04159938
1,044875
-0,7192158
0,03016522
0,8863351
-0,6244131
0,03016522
0,8863351
-0,6244131
0,005339932
0,7688692
-0,5464235
-0,0008541829
0,5368801
-0,416565
-0,0008541829
0,5368801
-0,416565
0,01875644
0,6418813
-0,6492025
0,02849706
0,5937106
-0,6389778
0,0420883
0,47832
-0,6837566
0,0420883
0,47832
-0,6837566
0,05570098
0,357443
-0,8635641
0,04257745
0,1061597
-0,5924033
0,04257745
0,1061597
-0,5924033
0,08803243
-0,1629522
-0,8704116
0,07597781
-0,1063905
-0,7481766
0,06770751
-0,212704
-0,6842827
0,0570262
-0,4675695
-0,7000727
0,0570262
-0,4675695
-0,7000727
0,03146554
-0,6454702
-0,521153
0,02698228
-0,4051892
-0,4721211
0,02550132
-0,1999233
-0,4636042
0,02550132
-0,1999233
-0,4636042
0,01635277
-0,2872509
-0,4773882
0,00164674
-0,3519935
-0,3281666
0,00164674
-0,3519935
-0,3281666
-0,01856272
-0,4947497
-0,2198253
-0,01760485
-0,3980321
-0,2266476
-0,01760485
-0,3980321
-0,2266476
-0,008582578
-0,2635434
-0,2474255
-0,007445295
-0,2691703
-0,2608904
-0,006214073
-0,1885413
-0,1593561
-0,006214073
-0,1885413
-0,1593561
-0,01019535
-0,3318962
-0,2363691
-0,007669168
-0,3023665
-0,2461188
-0,007669168
-0,3023665
-0,2461188
-0,00201624
-0,2368866
-0,2569431
-0,002198404
-0,255412
-0,2652985
-0,002198404
-0,255412
-0,2652985
-0,001224329
-0,3654444
-0,4298279
-0,0004829794
-0,3433183
-0,4366888
-0,0004829794
-0,3433183
-0,4366888
-0,002689138
-0,6172392
-0,8011323
-0,003648862
-0,4882993
-0,6344255
-0,007187527
-0,511404
-0,6207501
-0,007187527
-0,511404
-0,6207501
-0,0275529
-0,9288989
-0,784631
-0,01944557
-0,5806956
-0,41192
-0,01944557
-0,5806956
-0,41192
-0,01627255
-0,7173519
-0,6870152
-0,005916791
-0,3590436
-0,4045781
-0,005916791
-0,3590436
-0,4045781
-0,02148052
-0,6799944
-0,5164548
-0,01888285
-0,3834115
-0,0605012
-0,0289126
-0,4392152
-0,07278811
-0,0289126
-0,4392152
-0,07278811
-0,04379079
-0,6314973
-0,1227902
-0,0297463
-0,373237
0,01856815
-0,0297463
-0,373237
0,01856815
-0,0729209
-0,7605581
0,05920207
-0,04480791
-0,436817
0,01610348
-0,04480791
-0,436817
0,01610348
-0,05604702
-0,5209823
-0,1438327
-0,03265185
-0,2938676
0,03675438
-0,03265185
-0,2938676
0,03675438
-0,09163231
-0,716377
0,1787462
-0,0237314
-0,1517027
0,00439128
-0,01935737
-0,09027031
-0,07889073
-0,01935737
-0,09027031
-0,07889073
-0,03554809
-0,1755504
-0,07489388
-0,0261287
-0,1372606
0,03889414
-0,0261287
-0,1372606
0,03889414
-0,06920914
-0,3571818
-0,02057023
-0,0155005
-0,03247171
-0,09897352
-0,0155005
-0,03247171
-0,09897352
-0,020648
0,02560022
-0,140816
-0,01938254
-0,01265998
-0,07952714
-0,01381187
-4,080117E-05
-0,05149002
-0,01381187
-4,080117E-05
-0,05149002
-0,04330547
-0,01428348
-0,2231967
-0,03304455
-0,0217481
-0,1950018
-0,03304455
-0,0217481
-0,1950018
-0,0432047
0,009394852
-0,2373859
-0,03435807
-0,0712775
-0,10018
-0,03435807
-0,0712775
-0,10018
-0,04609055
-0,06360258
-0,1106621
-0,04775249
-0,07176194
-0,1670128
-0,04775249
-0,07176194
-0,1670128
-0,08660436
-0,1692909
-0,245306
-0,04312369
-0,06007256
-0,102158
-0,03035847
-0,007903851
-0,08108089
-0,03035847
-0,007903851
-0,08108089
-0,05931224
-0,03543576
-0,1536937
-0,04658823
-0,03130462
-0,1534642
-0,04658823
-0,03130462
-0,1534642
-0,08585424
0,01429926
-0,597407
-0,04475327
0,0132269
-0,3280633
-0,04475327
0,0132269
-0,3280633
-0,04949018
0,02401037
-0,3736967
-0,03885339
0,0415838
-0,3640704
-0,02772095
0,06202667
-0,2972355
-0,02772095
0,06202667
-0,2972355
-0,05247513
-0,03457824
-0,3956635
-0,04137334
-0,01848059
-0,3339524
-0,04137334
-0,01848059
-0,3339524
-0,05221738
-0,05007358
-0,3831675
-0,043471
-0,02037499
-0,3188651
-0,043471
-0,02037499
-0,3188651
-0,05219629
-0,002414152
-0,3444102
-0,04253272
0,0229212
-0,2745206
-0,02952333
0,02271788
-0,1676865
-0,02952333
0,02271788
-0,1676865
-0,02080662
0,03697219
-0,08709364
-0,02676413
0,01143583
-0,1105718
-0,02676413
0,01143583
-0,1105718
-0,03669669
-0,02156248
-0,1543942
-0,03518368
-0,03857525
-0,1422444
-0,03518368
-0,03857525
-0,1422444
-0,0281851
-0,02840635
-0,1113603
-0,02688807
-0,01838696
-0,1272008
-0,02688807
-0,01838696
-0,1272008
-0,03726684
-0,02275999
-0,227723
-0,02703951
-0,004885279
-0,1942987
-0,02431681
-0,01433022
-0,1980184
-0,02431681
-0,01433022
-0,1980184
-0,02846765
-0,03773785
-0,2839167
-0,025597
-0,05885909
-0,2464781
-0,025597
-0,05885909
-0,2464781
-0,03506623
-0,1755483
-0,2428946
-0,02493932
-0,1666339
-0,1730132
-0,02493932
-0,1666339
-0,1730132
-0,01952468
-0,1322394
-0,2211791
-0,01761315
-0,09777766
-0,2764525
-0,01656188
-0,08569837
-0,2683925
-0,01656188
-0,08569837
-0,2683925
-0,01063023
-0,08269996
-0,1312898
-0,01262957
-0,1173706
-0,1141944
-0,01262957
-0,1173706
-0,1141944
-0,005480419
-0,05744509
-0,07031139
-0,004894089
-0,04866156
-0,07961256
-0,004894089
-0,04866156
-0,07961256
-0,004041444
-0,03495093
-0,1013438
-0,005181464
-0,03874898
-0,1004164
-0,005181464
-0,03874898
-0,1004164
-0,004968935
-0,03404278
-0,1113594
-0,02000479
-0,005178315
-0,1270531
-0,02025578
0,01053644
-0,07063361
-0,02025578
0,01053644
-0,07063361
-0,02872873
0,007471565
-0,07462572
-0,0293598
0,006702085
-0,06731553
-0,0293598
0,006702085
-0,06731553
-0,03751167
0,01262728
-0,09108209
-0,0411794
0,0201782
-0,0958712
-0,0411794
0,0201782
-0,0958712
-0,0340863
0,02017755
-0,06230244
-0,02100242
0,02072373
-0,05861802
-0,005103547
0,01139755
-0,04565969
-0,005103547
0,01139755
-0,04565969
-0,004132729
0,01169383
-0,0429571
-0,001393491
0,01423092
-0,0447643
-0,001393491
0,01423092
-0,0447643
-0,003208121
0,01634338
-0,06745778
-0,001646013
0,02754183
-0,0739664
-0,001646013
0,02754183
-0,0739664
-0,01564847
0,0349857
-0,08134109
-0,02113397
0,04380221
-0,07824126
-0,02066906
0,04610851
-0,0827329
-0,02066906
0,04610851
-0,0827329
-0,02276275
0,01646903
-0,08439258
-0,005438272
0,002663285
-0,05390769
-0,005438272
0,002663285
-0,05390769
-0,001456657
0,008437529
-0,08740324
0,005222151
0,001538485
-0,05038607
0,005222151
0,001538485
-0,05038607
0,01461243
-0,005834505
-0,02893549
0,01119867
-0,005280614
-0,01850241
0,01119867
-0,005280614
-0,01850241
-0,0221694
0,01974899
-0,05026844
-0,00833245
0,004556164
-0,03776416
0,008699153
-0,003996775
-0,03018945
0,008699153
-0,003996775
-0,03018945
0,009692516
-0,00508064
-0,02042803
0,00916476
-0,004876569
-0,009866714
0,00916476
-0,004876569
-0,009866714
0,00983404
-0,005191147
-0,02929896
0,01070055
-0,00553146
-0,02219802
0,01070055
-0,00553146
-0,02219802
-0,002494674
0,009244561
-0,03023612
0,0009855367
0,005430341
-0,007196724
0,01672636
-0,00480932
-0,004709959
0,01672636
-0,00480932
-0,004709959
0,01763514
-0,00441426
-0,01210678
0,007864241
0,001716077
-0,01207924
0,007864241
0,001716077
-0,01207924
-0,04335155
0,3115757
-0,4683137
-0,03453154
0,2882018
-0,5670672
-0,03453154
0,2882018
-0,5670672
-0,04141087
0,3319917
-0,6581647
-0,03973166
0,3162648
-0,620243
-0,03973166
0,3162648
-0,620243
-0,07054447
0,5384978
-1,053284
-0,06482643
0,4866198
-0,9428437
-0,1286271
0,9411263
-1,797969
-0,1286271
0,9411263
-1,797969
-0,0788592
0,516712
-0,9619014
-0,07223124
0,4448771
-0,8297868
-0,07223124
0,4448771
-0,8297868
-0,1040353
0,6110266
-1,139929
-0,08274658
0,4593711
-0,8640649
-0,08274658
0,4593711
-0,8640649
-0,116929
0,6068785
-1,186747
-0,07319612
0,2927766
-0,648951
-0,06495006
0,1666479
-0,4854822
-0,06495006
0,1666479
-0,4854822
-0,08360222
0,1545423
-0,4829313
-0,05054605
0,1131533
-0,2732598
-0,05054605
0,1131533
-0,2732598
-0,06257633
0,3897814
-0,4063833
0,003354083
0,2299235
-0,0598674
0,003354083
0,2299235
-0,0598674
0,00439724
0,723695
-0,1695961
0,04968643
0,511723
0,07153153
0,04968643
0,511723
0,07153153
0,1383007
1,258089
0,2978921
0,1199186
0,6926253
0,3655434
0,1331925
0,611692
0,4605711
0,1331925
0,611692
0,4605711
0,2430698
0,8953097
0,8998547
0,1772196
0,6962094
0,6918037
0,1772196
0,6962094
0,6918037
0,2188091
1,070799
0,9615053
0,1407125
0,4190492
0,6440296
0,1407125
0,4190492
0,6440296
0,2499047
0,3361487
1,202802
0,2066326
0,1104876
1,022163
0,1361628
0,1706824
0,7090474
0,1361628
0,1706824
0,7090474
0,1066443
0,1623968
0,5889992
0,09519842
0,1486052
0,5387861
0,09519842
0,1486052
0,5387861
0,1234903
0,2735697
0,7425647
0,1077911
0,2892953
0,6687235
0,1077911
0,2892953
0,6687235
0,1340483
0,3934639
0,8702145
0,1066374
0,2056298
0,6751935
0,1134463
0,2663692
0,740665
0,1134463
0,2663692
0,740665
0,1022708
0,3498627
0,7450112
0,08771845
0,2567734
0,6681006
0,08771845
0,2567734
0,6681006
0,1203967
0,3241596
1,034445
0,1041368
0,1512993
0,886529
0,1041368
0,1512993
0,886529
0,1482733
0,04939101
1,26532
0,1067665
0,03275001
0,9053276
0,1067665
0,03275001
0,9053276
0,1530589
-0,009134452
1,408671
0,1108992
-0,2738395
0,9848704
0,1030138
-0,5304662
0,8321158
0,1030138
-0,5304662
0,8321158
0,1283538
-0,8897514
0,8633586
0,06458654
-0,4687833
0,3917429
0,06458654
-0,4687833
0,3917429
0,09632268
-0,968453
0,6764815
0,05454214
-0,7520961
0,4135104
0,05454214
-0,7520961
0,4135104
0,06150324
-0,7976592
0,4283201
0,03736443
-0,4752452
0,1740411
0,02759154
-0,5719178
0,06759917
0,02759154
-0,5719178
0,06759917
0,02303818
-1,030064
0,1381692
0,01583498
-0,6361026
0,14147
0,01583498
-0,6361026
0,14147
0,02581152
-0,6724268
0,2848058
0,01314381
-0,5359699
0,2207197
0,01314381
-0,5359699
0,2207197
-0,004050607
-1,128317
0,3335562
-0,003375321
-0,6435353
0,2016528
-0,003375321
-0,6435353
0,2016528
0,005968411
-0,7172592
0,5937512
-0,004000557
-0,4976002
0,2565919
-0,01196281
-0,4674437
0,2146374
-0,01196281
-0,4674437
0,2146374
-0,02670445
-0,7345186
0,3407779
-0,01163327
-0,3999302
0,2383415
-0,01163327
-0,3999302
0,2383415
-0,03551343
-0,7076867
0,2565186
-0,04380194
-0,638117
0,08408177
-0,04380194
-0,638117
0,08408177
-0,03748034
-0,6111225
0,2588533
-0,02933508
-0,4638862
0,0949344
-0,0319694
-0,4811659
-0,04888023
-0,0319694
-0,4811659
-0,04888023
-0,07473465
-0,9826304
-0,2000462
-0,03606311
-0,4898843
0,03034933
-0,03606311
-0,4898843
0,03034933
-0,08734174
-0,9495678
0,09462444
-0,07500982
-0,7452206
0,03531282
-0,07500982
-0,7452206
0,03531282
-0,1034691
-0,9849752
-0,1417267
-0,06367948
-0,6187315
-0,03029587
-0,06367948
-0,6187315
-0,03029587
-0,07329011
-0,745431
0,1503477
-0,05626337
-0,5583385
0,1327901
-0,0627055
-0,5570843
0,03952555
-0,0627055
-0,5570843
0,03952555
-0,09175941
-0,845809
0,2385476
-0,07743987
-0,6477144
0,2604832
-0,07743987
-0,6477144
0,2604832
-0,1327481
-0,9980352
0,2528957
-0,07553831
-0,6264942
0,1640592
-0,07553831
-0,6264942
0,1640592
-0,05814734
-0,570969
0,1241971
-0,0417536
-0,4484667
0,1012737
-0,03270737
-0,3701678
0,1292832
-0,03270737
-0,3701678
0,1292832
-0,06713882
-0,5501394
0,1494432
-0,04670753
-0,4381114
0,1494377
-0,04670753
-0,4381114
0,1494377
-0,05774897
-0,5673966
0,1940099
-0,05996653
-0,5215032
0,2475466
-0,05996653
-0,5215032
0,2475466
-0,1603147
-0,9471488
0,3894582
-0,1245393
-0,7487414
0,3716356
-0,1245393
-0,7487414
0,3716356
-0,07104313
-0,6258232
0,5344021
-0,04142885
-0,4486324
0,4496854
-0,03415649
-0,375165
0,4452243
-0,03415649
-0,375165
0,4452243
-0,06786191
-0,5970525
0,80131
-0,0740997
-0,50815
0,6110525
-0,0740997
-0,50815
0,6110525
-0,04069771
-0,4152624
1,015759
-0,01477329
-0,1856259
0,7657099
-0,01477329
-0,1856259
0,7657099
-0,1080268
-0,3243365
1,460019
-0,1611146
-0,4338049
0,9498689
-0,2583815
-0,7115661
0,8059305
-0,2583815
-0,7115661
0,8059305
-0,1771535
-0,2368565
1,455427
-0,05414362
0,008170929
0,6666833
-0,05414362
0,008170929
0,6666833
-0,06307212
0,3354545
1,516361
-0,07039339
0,129113
0,8463209
-0,07039339
0,129113
0,8463209
-0,09515443
0,3634948
1,400082
0,02876638
0,429455
0,6990365
0,03940696
0,4205005
0,5875065
0,03940696
0,4205005
0,5875065
0,1489163
1,153105
1,157075
0,1159053
0,7746997
0,6428289
0,1159053
0,7746997
0,6428289
0,1406599
0,7363638
0,4934247
0,08591901
0,5368844
0,3735912
0,08591901
0,5368844
0,3735912
0,08175816
1,13164
1,012301
0,08382656
0,8132595
0,5702656
0,08382656
0,8132595
0,5702656
0,1822685
1,297458
0,6256005
0,01006737
0,5432012
0,4567231
-0,0444456
0,5126567
0,5853085
-0,0444456
0,5126567
0,5853085
0,05571897
1,031771
0,6102
0,1738451
0,9598952
0,09010874
0,1738451
0,9598952
0,09010874
0,2521894
1,564952
0,1346329
0,2018989
1,16498
-0,02119143
0,2018989
1,16498
-0,02119143
0,2127647
1,657703
0,1064937
0,1063275
1,097338
0,138048
0,06973797
0,900217
0,127072
0,06973797
0,900217
0,127072
0,1840657
1,898962
-0,004652102
0,1205569
1,258458
-0,05660233
0,1205569
1,258458
-0,05660233
0,0559242
1,620796
0,1586415
-0,006124163
0,9823139
0,1946206
-0,006124163
0,9823139
0,1946206
-0,07404706
1,232798
0,4076518
-0,1007261
0,9350713
0,4307737
-0,1007261
0,9350713
0,4307737
-0,1169494
1,069628
0,4491468
-0,09542416
0,9978948
0,3564805
-0,09088077
1,031926
0,3177251
-0,09088077
1,031926
0,3177251
-0,09637444
0,84372
0,2948935
-0,1110272
0,8098638
0,3333425
-0,1110272
0,8098638
0,3333425
-0,1145592
0,6951445
0,3298926
-0,1358197
0,718308
0,3821055
-0,1358197
0,718308
0,3821055
-0,1936423
0,9888914
0,5128429
-0,1758487
0,8775921
0,4630775
-0,2110704
1,002175
0,545278
-0,2110704
1,002175
0,545278
-0,4027836
1,574185
1,021351
-0,2973277
0,893933
0,8047623
-0,2973277
0,893933
0,8047623
-0,5838975
0,8036031
1,729614
-0,2954106
0,5811887
0,7714635
-0,2954106
0,5811887
0,7714635
-0,420962
1,021483
1,015891
-0,1187124
-0,1484821
0,4695366
-0,1187124
-0,1484821
0,4695366
-0,1806909
-1,173116
1,029462
-0,1377821
-0,4011437
0,5545318
-0,07038876
-0,3882935
0,3718503
-0,07038876
-0,3882935
0,3718503
-0,002793404
-0,559612
0,3621943
0,01580564
-0,41317
0,2171232
0,01580564
-0,41317
0,2171232
-0,004170617
-0,5796847
0,3383822
-0,07196596
-0,2367066
0,3729035
-0,07196596
-0,2367066
0,3729035
-0,02667987
-0,6208981
0,4000132
-0,002205479
-0,4219022
0,2555023
-0,01827733
-0,1930151
0,2042655
-0,01827733
-0,1930151
0,2042655
-0,103505
-0,1717161
0,4286921
-0,09103706
-0,1878033
0,3734958
-0,09103706
-0,1878033
0,3734958
-0,08570234
-0,230048
0,4351653
-0,07200371
-0,1879168
0,3504038
-0,07200371
-0,1879168
0,3504038
-0,1527224
-0,2499674
0,5910265
-0,1286118
-0,09596068
0,4522909
-0,1286118
-0,09596068
0,4522909
-0,2490591
-0,07622999
0,7779757
-0,1078843
-0,315667
0,416432
-0,00680565
-0,4190274
0,21283
-0,00680565
-0,4190274
0,21283
0,08161739
-0,2167283
0,1054046
0,04480804
-0,2234966
0,09428718
0,04480804
-0,2234966
0,09428718
-0,01459075
-0,4420283
0,3302423
0,01977234
-0,1592584
0,1583148
0,01977234
-0,1592584
0,1583148
0,2394034
-0,373912
-0,07803212
0,1025453
-0,3195428
0,05595865
0,06122094
-0,3174956
0,09710215
0,06122094
-0,3174956
0,09710215
0,2435752
-0,546626
-0,01207739
0,1471871
-0,243786
0,02057209
0,1471871
-0,243786
0,02057209
0,3075977
-0,7229216
-0,08753587
0,1546182
-0,6414167
0,03043953
0,1546182
-0,6414167
0,03043953
0,0209839
-1,137851
0,4366741
0,01574731
-0,6812907
0,2780829
0,0856683
-0,645346
0,1350326
0,0856683
-0,645346
0,1350326
0,2352199
-1,553231
-0,04496966
0,01042347
-0,842559
0,1541156
0,01042347
-0,842559
0,1541156
-0,07112139
-1,049061
0,3928097
-0,03950566
-0,5994809
0,2203499
-0,03950566
-0,5994809
0,2203499
0,0597495
-1,131497
0,09358329
0,01367702
-0,6796739
0,04327292
0,01367702
-0,6796739
0,04327292
-0,07697215
-1,162047
0,2466883
0,1010119
-0,5074022
-0,1328781
0,03609573
-0,5028607
-0,02973378
0,03609573
-0,5028607
-0,02973378
0,01416206
-1,223002
-0,0439465
-0,09235144
-0,6310806
0,1209676
-0,09235144
-0,6310806
0,1209676
-0,199163
-1,255517
0,2272338
0,01974106
-0,5063429
-0,08796751
0,01974106
-0,5063429
-0,08796751
0,02728977
-1,142865
-0,2307669
-0,07199756
-0,7823594
-0,06220239
0,01953615
-0,6194569
-0,1826269
0,01953615
-0,6194569
-0,1826269
0,2674787
-0,7994994
-0,6905123
0,07383625
-0,4359079
-0,2806906
0,07383625
-0,4359079
-0,2806906
0,07098155
-0,9870558
-0,5666615
0,1208152
-0,5503229
-0,5146261
0,1208152
-0,5503229
-0,5146261
0,3505051
-0,3632465
-0,9611692
0,2677637
-0,2962232
-0,7788163
0,2677637
-0,2962232
-0,7788163
0,1138267
-0,4221301
-0,6115407
0,07205826
-0,4154986
-0,5502129
0,03865667
-0,2395674
-0,3662203
0,03865667
-0,2395674
-0,3662203
0,05724606
-0,3464727
-0,5506211
0,08199909
-0,3612821
-0,63898
0,08199909
-0,3612821
-0,63898
0,05909123
-0,1321784
-0,3988234
0,05708892
-0,1418855
-0,4290801
0,05708892
-0,1418855
-0,4290801
0,07989692
-0,1627943
-0,6074527
0,07024474
-0,122834
-0,576569
0,04991533
-0,1142567
-0,499232
0,04991533
-0,1142567
-0,499232
0,04329831
-0,2682332
-0,9172491
0,03715037
-0,1416789
-0,7721516
0,03715037
-0,1416789
-0,7721516
0,1200631
0,1436291
-1,097903
0,1263555
0,1050252
-1,019282
0,1263555
0,1050252
-1,019282
0,1358526
0,08933441
-1,169105
0,1188469
0,1338662
-0,9659385
0,09090737
0,1772069
-0,6679237
0,09090737
0,1772069
-0,6679237
0,09951406
0,2487798
-0,6488873
0,09118419
0,1988192
-0,651508
0,09118419
0,1988192
-0,651508
0,0652
0,2220749
-0,5676336
0,05941683
0,258354
-0,5172359
0,05941683
0,258354
-0,5172359
0,06281469
0,4108967
-0,639173
0,05050424
0,3426639
-0,6007388
0,05050424
0,3426639
-0,6007388
0,1004139
0,7807001
-0,9398772
0,09096569
0,7557687
-0,7108136
0,1077773
0,9020041
-0,7969124
0,1077773
0,9020041
-0,7969124
0,0765506
1,130699
-0,904427
-0,001066499
0,5879393
-0,4656827
-0,001066499
0,5879393
-0,4656827
0,02125429
1,224707
-0,6693891
0,005033968
0,7112647
-0,1826491
0,005033968
0,7112647
-0,1826491
-0,01439022
0,8862136
-0,4614051
-0,03044567
0,6355466
-0,0468615
-0,02025041
0,4329548
-0,1171082
-0,02025041
0,4329548
-0,1171082
-0,03819307
0,3806553
-0,4966568
-0,03971864
0,4081891
-0,1357122
-0,03971864
0,4081891
-0,1357122
-0,03700072
0,6148213
-0,2389639
0,003507677
0,4139176
-0,2519454
0,003507677
0,4139176
-0,2519454
-0,05670256
0,09972053
-0,3601915
-0,06328008
0,006248264
-0,1733264
-0,06328008
0,006248264
-0,1733264
-0,07339575
0,2959616
-0,08344457
-0,03274456
0,1046354
-0,1892476
-0,004127095
-0,05982555
-0,2866395
-0,004127095
-0,05982555
-0,2866395
-0,02431205
0,003612345
-0,2711675
-0,03967978
-0,0535045
-0,1698304
-0,03967978
-0,0535045
-0,1698304
-0,04839286
-0,03280033
-0,1605634
-0,0476112
-0,07131547
-0,07039366
-0,0476112
-0,07131547
-0,07039366
-0,06713317
-0,1499544
-0,1069777
-0,04086782
-0,0301754
-0,05448672
-0,01660997
0,02668534
-0,1153467
-0,01660997
0,02668534
-0,1153467
-0,01378572
-0,07416842
-0,2530189
-0,02144541
-0,0891725
-0,1771203
-0,02144541
-0,0891725
-0,1771203
-0,00467309
-0,03816598
-0,1961515
0,01529735
0,005093056
-0,2393825
0,01529735
0,005093056
-0,2393825
0,03727566
0,04346203
-0,3141479
0,02461681
-0,01360806
-0,2640908
0,02461681
-0,01360806
-0,2640908
0,02706224
0,03481481
-0,2205524
0,03626193
0,08480404
-0,2328268
0,03970397
0,113432
-0,2300544
0,03970397
0,113432
-0,2300544
0,03980605
0,08862791
-0,2541872
0,03338918
0,06387201
-0,2273954
0,03338918
0,06387201
-0,2273954
0,02061559
0,06613106
-0,1240895
0,02016624
0,06897987
-0,1210766
0,02016624
0,06897987
-0,1210766
0,01940949
0,05059706
-0,1494556
0,01412294
0,04305307
-0,1142398
0,00928392
0,03601258
-0,08040155
0,00928392
0,03601258
-0,08040155
0,01954908
0,1018564
-0,1144831
0,01969734
0,1082438
-0,1056253
0,01969734
0,1082438
-0,1056253
0,01264636
0,05644357
-0,08414815
0,01116908
0,05099053
-0,07752908
0,01116908
0,05099053
-0,07752908
0,01605064
0,07764743
-0,09440659
0,02300634
0,1049842
-0,1156601
0,02300634
0,1049842
-0,1156601
0,03404737
0,1283904
-0,1735549
0,02986238
0,0958204
-0,1572271
0,02693045
0,06420285
-0,1460365
0,02693045
0,06420285
-0,1460365
0,03496688
0,07194564
-0,1808058
0,03228252
0,06412189
-0,1694252
0,03228252
0,06412189
-0,1694252
0,03681634
0,07011255
-0,2082447
0,03174827
0,06700647
-0,1851666
0,03174827
0,06700647
-0,1851666
0,0310825
0,07130522
-0,1984388
0,0260854
0,07327986
-0,1752894
0,0202675
0,06320398
-0,1501072
0,0202675
0,06320398
-0,1501072
0,01047061
0,04999685
-0,1151993
0,005558605
0,05025358
-0,09195591
0,005558605
0,05025358
-0,09195591
-0,005363763
0,054976
-0,09016512
-0,02646114
0,03282294
-0,07672856
-0,02646114
0,03282294
-0,07672856
-0,03932533
-0,00418397
-0,076132
-0,02805964
-0,006522246
-0,05500878
-0,02805964
-0,006522246
-0,05500878
-0,01827877
-0,01295596
-0,07295269
-0,009317502
-0,01685439
-0,07934846
-0,01063935
-0,02712152
-0,09298556
-0,01063935
-0,02712152
-0,09298556
-0,01103579
-0,01742086
-0,08042084
-0,005720031
-0,006624714
-0,1195092
-0,005720031
-0,006624714
-0,1195092
-0,04333407
-0,02451736
-0,1168867
-0,05290084
-0,01424799
-0,2532552
-0,05290084
-0,01424799
-0,2532552
-0,1034249
0,03331609
-0,4304307
-0,0681946
-0,03044265
-0,3339306
-0,05734822
-0,04016773
-0,2745914
-0,05734822
-0,04016773
-0,2745914
-0,06220938
-0,01963042
-0,1936427
-0,04428732
-0,02604291
-0,213672
-0,04428732
-0,02604291
-0,213672
-0,05922836
-0,01858095
-0,09969106
-0,0368809
-0,008738697
-0,1456542
-0,0368809
-0,008738697
-0,1456542
-0,04321585
0,006936226
-0,275306
-0,04439832
-0,009871255
-0,2767893
-0,07309208
-0,007068096
-0,1032935
-0,07309208
-0,007068096
-0,1032935
-0,07247673
0,0004385819
-0,02094635
-0,04426617
0,005187372
-0,07616137
-0,04426617
0,005187372
-0,07616137
-0,05501749
-0,0248216
-0,1162153
-0,0687377
0,003483281
-0,1466496
-0,0687377
0,003483281
-0,1466496
-0,03597002
-0,002395306
-0,3247396
-0,03043846
0,01832048
-0,3126357
-0,03043846
0,01832048
-0,3126357
-0,142982
0,003842736
-0,2332238
0,01064468
0,01627498
-0,4483216
0,06416225
0,04154252
-0,3931102
0,06416225
0,04154252
-0,3931102
0,09810498
0,07932179
-0,6678859
0,08663245
0,06365349
-0,6321348
0,08663245
0,06365349
-0,6321348
0,2076583
0,1358151
-1,700296
0,1514721
0,12036
-1,300883
0,1514721
0,12036
-1,300883
0,2083439
0,1947026
-1,842408
0,1030167
0,08712649
-0,9628535
0,05575844
0,03067002
-0,7979702
0,05575844
0,03067002
-0,7979702
0,02307293
0,149034
-0,751147
0,001453721
0,06939878
-0,2487071
0,001453721
0,06939878
-0,2487071
-0,02474691
-0,03325422
-0,3498747
-0,01068538
-0,05755872
0,03953272
-0,01068538
-0,05755872
0,03953272
-0,03969468
-0,1884389
-0,07710405
-0,01550171
-0,06113992
-0,05283679
-0,01550171
-0,06113992
-0,05283679
-0,02328145
-0,06643791
-0,01317161
-0,02422573
-0,08031521
-0,07420474
-0,02929848
-0,08230387
-0,1480603
-0,02929848
-0,08230387
-0,1480603
-0,03460591
-0,02455383
-0,114594
-0,02903047
-0,0641965
-0,05049428
-0,02903047
-0,0641965
-0,05049428
-0,05043657
-0,1132508
-0,03397806
-0,0268257
-0,005794811
-0,08901181
-0,0268257
-0,005794811
-0,08901181
-0,0785117
-0,1169721
-0,363641
-0,05608046
-0,09617954
-0,2991344
-0,05486195
-0,1114076
-0,2286244
-0,05486195
-0,1114076
-0,2286244
-0,0542023
-0,06941626
-0,1240041
-0,04253136
-0,02907462
-0,1720743
-0,04253136
-0,02907462
-0,1720743
-0,08000635
0,05282405
-0,4401284
-0,05247966
0,02877706
-0,2989924
-0,05247966
0,02877706
-0,2989924
-0,05373623
0,1630103
-0,4943295
-0,03704687
0,1240931
-0,3674639
-0,03704687
0,1240931
-0,3674639
-0,04055496
0,04595609
-0,2547284
-0,03486019
0,03627247
-0,2296491
-0,02564492
0,08373147
-0,2244577
-0,02564492
0,08373147
-0,2244577
-0,0275658
0,1224863
-0,2563181
-0,03059808
0,02266938
-0,1980096
-0,03059808
0,02266938
-0,1980096
-0,03324881
0,05853813
-0,224955
-0,0309867
-0,01234409
-0,1609559
-0,0309867
-0,01234409
-0,1609559
-0,04829193
-0,135823
-0,1077735
-0,03075182
-0,07180101
-0,05471969
-0,02178071
-0,03291399
-0,03597316
-0,02178071
-0,03291399
-0,03597316
-0,04065299
-0,07097869
-0,05328018
-0,04713289
-0,08559028
-0,09811371
-0,04713289
-0,08559028
-0,09811371
-0,04141746
-0,05854035
-0,07120597
-0,03668614
-0,05631875
-0,05064493
-0,03668614
-0,05631875
-0,05064493
-0,04792298
-0,06467289
-0,06627853
-0,04294082
-0,04650124
-0,08751701
-0,04294082
-0,04650124
-0,08751701
-0,04790659
-0,01655423
-0,1605206
-0,03331548
-0,01628721
-0,09885578
-0,02518354
-0,01127527
-0,06585295
-0,02518354
-0,01127527
-0,06585295
-0,03358698
-0,007602305
-0,10767
-0,02977864
-0,006426346
-0,1177676
-0,02977864
-0,006426346
-0,1177676
-0,0348715
0,01663585
-0,1805984
-0,02494524
0,01734586
-0,1300638
-0,02494524
0,01734586
-0,1300638
-0,03508315
0,01697956
-0,2029153
-0,02931414
0,009129805
-0,1717362
-0,02738862
-0,01424887
-0,1418713
-0,02738862
-0,01424887
-0,1418713
-0,02630923
-0,0224181
-0,1171502
-0,02390052
-0,006092665
-0,1289553
-0,02390052
-0,006092665
-0,1289553
-0,02684833
0,04474894
-0,2367727
-0,02602208
0,0059808
-0,2172551
-0,02602208
0,0059808
-0,2172551
-0,02009575
-0,001604969
-0,1882339
-0,01484366
0,03788173
-0,20297
-0,01484366
0,03788173
-0,20297
-0,007045191
0,1057189
-0,2436634
-0,006197278
0,05192831
-0,1751762
-0,00526656
0,0148102
-0,1212308
-0,00526656
0,0148102
-0,1212308
-0,003332332
0,0607969
-0,2233512
-0,003495767
0,07338452
-0,2504927
-0,003495767
0,07338452
-0,2504927
-0,006978407
0,03531853
-0,2722501
-0,004208759
0,01868776
-0,23382
-0,004208759
0,01868776
-0,23382
-0,005113102
-0,005032428
-0,2476175
-0,005284655
-0,01772796
-0,2379589
-0,001992177
-0,01345792
-0,1636007
-0,001992177
-0,01345792
-0,1636007
-0,006546522
-0,001952718
-0,2499193
-0,006750784
-0,0002072919
-0,2484563
-0,006750784
-0,0002072919
-0,2484563
-0,005083823
-0,01140872
-0,1720803
-0,003862709
-0,008914373
-0,1691936
-0,003862709
-0,008914373
-0,1691936
-0,001747159
0,008915821
-0,1164769
0,0002974039
-0,002199249
-0,1088481
0,001859177
-0,008158332
-0,1049904
0,001859177
-0,008158332
-0,1049904
-0,002846817
-0,01054234
-0,1306793
0,003482476
-0,02338582
-0,1263496
0,003482476
-0,02338582
-0,1263496
0,03005527
-0,04942243
-0,2133581
0,03077378
-0,02746767
-0,2354178
0,03077378
-0,02746767
-0,2354178
0,03193883
-0,01773355
-0,3302014
0,0367501
-0,0380415
-0,3179847
0,0367501
-0,0380415
-0,3179847
-0,03322433
-0,009647603
-0,3827422
-0,01055836
-0,008690099
-0,3572927
-0,09854052
0,01075013
-0,5886194
-0,09854052
0,01075013
-0,5886194
-0,1676788
-0,04024203
-0,9704401
-0,1563335
-0,07271777
-0,8849882
-0,1563335
-0,07271777
-0,8849882
-0,4236995
-0,2316643
-2,369563
-0,316981
-0,1187782
-1,75706
-0,316981
-0,1187782
-1,75706
-0,4276272
-0,1513099
-2,223483
-0,2218939
-0,1694945
-1,070562
closestDistance
0,2504268
0,2504268
0,2466606
0,2458814
0,2458814
0,2452246
0,2397491
0,2375245
0,2396228
0,2335162
0,2315581
0,2315581
0,232052
0,2352933
0,2352933
0,2313453
0,2414538
0,2411044
0,2421188
0,240532
0,2383542
0,2436597
0,2423977
0,2373285
0,2463753
0,2378848
0,220526
0,2109446
0,2052632
0,204596
0,2022616
0,2022616
0,1929869
0,191248
0,191248
0,1897178
0,1881245
0,1881245
0,1897861
0,1910965
0,1930922
0,1930922
0,2013231
0,205147
0,2020383
0,2078631
0,2056898
0,2216626
0,2259355
0,2242816
0,2242816
0,223268
0,2187276
0,2163896
0,2029874
0,2025415
0,2108257
0,2108257
0,2040252
0,196436
0,200463
0,1984099
0,1931413
0,1923258
0,1923258
0,1893938
0,1919392
0,1919392
0,1934694
0,1923606
0,192416
0,1905871
0,1896553
0,1894075
0,1894075
0,1885717
0,1869698
0,1920674
0,1907352
0,1888664
0,1888664
0,1853068
0,1813389
0,1813389
0,1784596
0,1762232
0,175433
0,175433
0,1751271
0,1740958
0,1737758
0,1702607
0,1696555
0,1676765
0,1650403
0,163515
0,1617887
0,1617887
0,1584912
0,1619666
0,1550726
0,1532663
0,1519113
0,1580609
0,155162
0,1517676
0,1371846
0,1334645
0,1373336
0,136236
0,136236
0,1349598
0,1330148
0,1330148
0,1306176
0,1250591
0,1250591
0,1245026
0,1311257
0,1300342
0,1300342
0,128886
0,127778
0,1178265
0,1167054
0,1157194
0,1190762
0,1181767
0,1172624
0,1172624
0,1161824
0,1150572
0,1139995
0,1210053
0,1194948
0,1178946
0,1063182
0,1053579
0,1044933
0,1044933
0,1036743
0,1101167
0,1095338
0,1095338
0,1092787
0,1092152
0,1092152
0,1091943
0,1091901
0,1091901
0,1092107
0,1092875
0,1092875
0,1093654
0,1094795
0,1096228
0,1096228
0,1098577
0,1102972
0,1102972
0,1102321
0,1104021
0,1104021
0,1106614
0,1107476
0,110809
0,110809
0,1109786
0,1110794
0,1110794
0,1112977
0,1113794
0,1113794
0,1114727
0,1116269
0,1116269
0,1118836
0,1121119
0,1123357
0,1123357
0,1127172
0,1143565
0,1084251
0,1078824
0,1163614
0,1213464
0,1184022
0,1301172
0,1395433
0,120749
0,1286211
0,1355716
0,1377217
0,148451
0,169373
0,169373
0,1909896
0,2027576
0,2147757
0,2110891
0,2219938
0,2251551
0,2251551
0,2281626
0,2286438
0,2286438
0,2330514
0,2384515
0,2384515
0,2433265
0,242746
0,2438568
0,2438568
0,2438508
0,2438869
0,2438869
0,244523
0,2441411
0,2441411
0,2437155
0,2442707
0,2454873
0,2454873
0,2512826
0,2326255
0,2238483
0,2197207
0,2272006
0,2272006
0,2250624
0,2137582
0,2159017
0,2138081
0,1966184
0,1987977
0,1987977
0,2022343
0,2037535
0,2037535
0,2017177
0,1998035
0,1998035
0,1983189
0,1991173
0,1968819
0,1968819
0,1917706
0,184647
0,1864007
0,1776341
0,1698855
0,1721119
0,1574345
0,1790536
0,1676294
0,1681783
0,1694626
0,1650545
0,1650545
0,1659842
0,1620393
0,1549988
0,1515277
0,1429829
0,1465472
0,1473447
0,1440322
0,1381629
0,1424244
0,1445922
0,1437027
0,1437027
0,150541
0,1477964
0,1518473
0,1577464
0,1647189
0,1637948
0,1662943
0,1692589
0,1663899
0,1663899
0,1630264
0,1710263
0,1676552
0,1607671
0,1614898
0,1545529
0,1473568
0,1489201
0,1436521
0,1440296
0,1411627
0,1423656
0,1377525
0,1352653
0,1269963
0,1267739
0,1196201
0,1194802
0,1194802
0,1190236
0,1252951
0,1240522
0,124745
0,1257352
0,1257352
0,1287325
0,1377943
0,1350608
0,1418337
0,1489397
0,1569528
0,1566251
0,1673524
0,1868573
0,1874717
0,2021998
0,2097229
0,2097229
0,2216095
0,211072
0,2133602
0,2167527
0,212345
0,2227014
0,224552
0,2234547
0,2161552
0,2161552
0,2175128
0,217189
0,217189
0,2264704
0,2290406
0,2330022
0,2330022
0,2308717
0,2310054
0,2310054
0,2292932
0,2328938
0,2328938
0,2306712
0,2285258
0,2284732
0,2284732
0,224713
0,2213584
0,2193568
0,215177
0,2155878
0,2155878
0,2135794
0,2108456
0,2105045
0,2056004
0,207565
0,2063741
0,2029976
0,2004539
0,1978892
0,2063243
0,1967947
0,1916109
0,1836691
0,1782575
0,1732411
0,1656358
0,1735062
0,1672878
0,1585113
0,1622508
0,1563585
0,1551417
0,1551417
0,1505482
0,1466625
0,1442281
0,1442281
0,1426283
0,1411387
0,1411387
0,1396586
0,1377639
0,1377639
0,1367726
0,1399895
0,1399895
0,1375365
0,1415079
0,1392566
0,1392566
0,1364314
0,134559
0,134559
0,1348716
0,1391145
0,1324084
0,12908
0,1261322
0,1258358
0,1236077
0,121842
0,1196723
0,1149888
0,1138484
0,1128033
0,1128033
0,1118743
0,1109177
0,1109177
0,1100196
0,1092457
0,108868
0,108868
0,1083317
0,1078118
0,1078118
0,1072168
0,1066919
0,1079144
0,1074677
0,1072565
0,1072556
0,1072556
0,1072664
0,107342
0,107342
0,1073956
0,1076457
0,1076457
0,1078232
0,1080546
0,1083518
0,1083518
0,1081497
0,1088173
0,1088173
0,1087414
0,1086788
0,1086788
0,1086394
0,1090077
0,1090077
0,1089462
0,108785
0,1089997
0,1089997
0,1090226
0,1090229
0,1090229
0,1089948
0,108973
0,108973
0,1089808
0,1090107
0,1089906
0,1089906
0,108974
0,1089854
0,1089854
0,1129493
0,1084292
0,1102132
0,1076223
0,1044858
0,1236567
0,1241974
0,1287477
0,130679
0,1184859
0,1297711
0,1361341
0,1361341
0,1528876
0,163605
0,163605
0,1825431
0,1938298
0,202699
0,202699
0,211682
0,2167431
0,2167431
0,2238722
0,2246548
0,2246548
0,227371
0,2359449
0,2362839
0,2303369
0,2276792
0,2125129
0,2125129
0,2010044
0,1941272
0,1949603
0,1895519
0,1803267
0,1803267
0,1648551
0,1512785
0,1435816
0,1435816
0,1380191
0,1337385
0,1400484
0,1356293
0,1387199
0,1387199
0,1379957
0,1405473
0,1471741
0,1471741
0,1547372
0,1598459
0,1505587
0,1593361
0,1664939
0,1733367
0,1817
0,1857602
0,1857602
0,198415
0,2017547
0,2028434
0,2018265
0,2008592
0,2006122
0,2006122
0,2002282
0,1962883
0,2016876
0,2006558
0,1999514
0,1964428
0,1964428
0,1920745
0,1885926
0,1921239
0,1927786
0,1939866
0,1955129
0,1977415
0,2046728
0,2089036
0,2177862
0,2034276
0,2014165
0,2014165
0,199199
0,1975849
0,1975849
0,1986385
0,1982595
0,2015156
0,2020513
0,1999827
0,2053722
0,2046113
0,2183028
0,2061732
0,2061732
0,1961617
0,1931749
0,1972675
0,1922443
0,18296
0,18296
0,1754114
0,1724795
0,1697282
0,1817121
0,1733586
0,1687894
0,1662527
0,1639944
0,1647553
0,1637593
0,1641511
0,1524328
0,1523926
0,1523926
0,1537755
0,1549728
0,1549728
0,1573304
0,1564713
0,1564713
0,1598387
0,1647488
0,1659295
0,1657174
0,1657193
0,1656246
0,1656246
0,1661673
0,1702143
0,1702143
0,1673244
0,1646994
0,1646994
0,1630649
0,1812448
0,2023835
0,1990339
0,2058844
0,208259
0,208259
0,2111703
0,2032502
0,2032502
0,2122757
0,215715
0,2100886
0,2100886
0,2088357
0,2087015
0,2159261
0,2135068
0,2129521
0,2129521
0,2186736
0,2222764
0,2170386
0,2190033
0,206005
0,1922995
0,1922995
0,1773358
0,1799789
0,1908041
0,1870533
0,1841489
0,1753198
0,1865556
0,1955548
0,1908707
0,1991912
0,2219951
0,2033325
0,2003206
0,1850017
0,1695227
0,1727829
0,1577812
0,1458744
0,1513075
0,1398148
0,141519
0,1408561
0,1408561
0,1442071
0,1283919
0,1283919
0,1321525
0,1296665
0,1313961
0,137838
0,1435992
0,1537859
0,1520312
0,168673
0,1822668
0,1826754
0,1901992
0,2111615
0,2121004
0,2335222
0,2288074
0,2292038
0,2088251
0,2040825
0,1986363
0,1986363
0,190492
0,1845031
0,1845031
0,1768412
0,171362
0,1763395
0,1682722
0,1643845
0,1630605
0,1630605
0,1645014
0,1655801
0,1735902
0,1749263
0,1699997
0,1712918
0,1746745
0,186328
0,1912077
0,2034539
0,1984364
0,1984724
0,1984724
0,1973788
0,1964427
0,1964427
0,1980983
0,1993189
0,1993189
0,1934159
0,1950196
0,1905138
0,1976971
0,1918304
0,1841567
0,188044
0,179703
0,1783013
0,1823549
0,1857226
0,1937942
0,2043688
0,2049018
0,2021012
0,1899839
0,1925146
0,207545
0,2121887
0,2166342
0,2288108
0,2368142
0,2368142
0,2529324
0,2439018
0,2407636
0,2430403
0,2490979
0,2355347
0,2262473
0,2244024
0,2135307
0,2135307
0,2055896
0,2043986
0,2190204
0,2080271
0,192207
0,1952186
0,1912916
0,1885276
0,1728716
0,1702779
0,1546529
0,1432788
0,1465843
0,1413954
0,1391494
0,1367328
0,1305177
0,1270194
0,1165865
0,1227647
0,1192085
0,1086372
0,1188099
0,1133727
0,1137174
0,1061129
0,1110597
0,1067583
0,115899
0,1179637
0,112417
0,1117134
0,1217208
0,1301939
0,1310067
0,1243456
0,1221747
0,1296164
0,1244343
0,1244343
0,1309653
0,1291089
0,1342234
0,1406169
0,1480862
0,1440671
0,1543625
0,162884
0,1743163
0,1743163
0,1898788
0,2089482
0,2089482
0,2218264
0,2073381
0,2059059
0,1999705
0,2022775
0,2020588
0,2020588
0,195301
0,1986826
0,1954111
0,1955433
0,194024
0,194024
0,1891039
0,1831321
0,1915105
0,1929021
0,1875148
0,1815302
0,1780595
0,173587
0,1705343
0,1705343
0,1678896
0,1664759
0,1664759
0,1640015
0,163165
0,1657122
0,1657122
0,1610673
0,1576044
0,1538285
0,1503088
0,1463755
0,1463755
0,141527
0,1370882
0,1370882
0,1338614
0,1310013
0,1286152
0,1307833
0,1274417
0,1216802
0,1286815
0,1274222
0,126292
0,1210436
0,1192197
0,1179172
0,1170901
0,1170901
0,1164445
0,1160663
0,122884
0,1222118
0,1216126
0,1216126
0,121076
0,114837
0,114837
0,1135958
0,1190599
0,1175518
0,1175518
0,1156769
0,1131835
0,1131835
0,1109345
0,1091142
0,1153174
0,1132719
0,1117066
0,1112572
0,1143692
0,1121102
0,1101791
0,1101791
0,1082532
0,1070854
0,1070854
0,1067366
0,1064864
0,1064864
0,1059714
0,1054049
0,1049399
0,1049399
0,1044062
0,1113524
0,1113524
0,1113031
0,1099539
0,1147354
0,1106647
0,1106035
0,1036752
0,1036752
0,1056455
0,1073242
0,1073242
0,1087196
0,1102988
0,117676
0,1199258
0,1096336
0,1115563
0,1055505
0,1069059
0,1097276
0,1097276
0,1116844
0,1137438
0,1100877
0,1130351
0,1096343
0,1096343
0,1134282
0,112775
0,1063509
0,1096502
0,1116934
0,1278553
0,1278553
0,1421552
0,1705418
0,1705418
0,1982583
0,2066362
0,219954
0,219954
0,2316009
0,2353532
0,2353532
0,2417805
0,2282032
0,2282032
0,2285113
0,2281357
0,2281357
0,2285367
0,2279949
0,2385029
0,2385029
0,2365642
0,2341686
0,2341686
0,2347689
0,2333494
0,2332906
0,2265982
0,2221992
0,2207222
0,2205615
0,2193683
0,2156423
0,2156423
0,2094626
0,2053051
0,2053051
0,1994741
0,1931813
0,1913324
0,1869092
0,1830235
0,1786074
0,1786074
0,1732274
0,1634505
0,1634505
0,1593712
0,1572093
0,1647285
0,1649465
0,165139
0,1650916
0,1639224
0,164086
0,1638208
0,1638208
0,1636095
0,1636828
0,1641669
0,1642189
0,1637341
0,1637341
0,161855
0,1608188
0,1601529
0,1601529
0,1589078
0,1575274
0,1575274
0,1550311
0,1519555
0,1519555
0,1491481
0,1469046
0,1454401
0,1439654
0,1427577
0,1411794
0,1411794
0,1374849
0,141024
0,141024
0,138633
0,1355004
0,1355004
0,1308465
0,1438164
0,1262621
0,1262621
0,1227159
0,1287061
0,1260499
0,1242406
0,1230036
0,1230036
0,1221048
0,1215448
0,1213083
0,1213083
0,120873
0,1070504
0,1070504
0,1070964
0,1071533
0,1071533
0,1070066
0,1070205
0,1071463
0,1071463
0,1072889
0,1077145
0,1077145
0,1091233
0,1095566
0,1095566
0,1109086
0,1128266
0,1115446
0,1119586
0,113134
0,1144879
0,1185818
0,1202253
0,1250715
0,1250715
0,1437192
0,1793932
0,1797648
0,213302
0,2266315
timeStamps
3,583364
3,597235
3,611235
3,625347
3,639249
3,653129
3,666923
3,680807
3,694499
3,708452
3,722551
3,736461
3,750485
3,764417
3,778253
3,792087
3,806172
3,820029
3,833883
3,847716
3,861734
3,875618
3,889664
3,903597
3,917622
3,931534
3,945411
3,959265
3,973342
3,986969
4,000824
4,014799
4,029004
4,042895
4,056826
4,071157
4,084867
4,098644
4,112376
4,126339
4,140085
4,154102
4,167897
4,181975
4,196072
4,210203
4,223917
4,238076
4,252172
4,265585
4,279657
4,293575
4,307138
4,321229
4,335225
4,349134
4,362978
4,376958
4,390963
4,404774
4,419182
4,432665
4,44679
4,460806
4,474142
4,488323
4,502247
4,516157
4,530291
4,544267
4,557919
4,572082
4,586029
4,600089
4,613658
4,627811
4,641306
4,655271
4,669148
4,683031
4,697335
4,711256
4,725088
4,739229
4,753113
4,766937
4,781074
4,794601
4,808549
4,822247
4,836473
4,850218
4,864366
4,878269
4,892438
4,906172
4,920138
4,934356
4,947869
4,961639
4,975591
4,989389
5,003382
5,017418
5,031422
5,045321
5,059322
5,073498
5,087032
5,101021
5,115231
5,128727
5,142658
5,156522
5,170488
5,184663
5,198479
5,212586
5,226627
5,24027
5,254249
5,268116
5,282048
5,295673
5,309926
5,323929
5,337382
5,351515
5,365497
5,379468
5,393389
5,407139
5,421082
5,435111
5,448997
5,462688
5,476567
5,490495
5,504764
5,518759
5,532535
5,546761
5,562303
5,57383
5,588002
5,601896
5,615746
5,62955
5,643577
5,657727
5,671714
5,685545
5,699608
5,713446
5,727474
5,741636
5,755219
5,769068
5,783
5,796911
5,810772
5,82488
5,838805
5,852771
5,86685
5,880633
5,894816
5,908371
5,922375
5,935941
5,949923
5,964047
5,978005
5,992618
6,005884
6,01978
6,033684
6,04778
6,061545
6,075257
6,089528
6,103271
6,117137
6,131509
6,145091
6,159044
6,172943
6,187128
6,200778
6,214767
6,228844
6,242526
6,256292
6,270467
6,284514
6,298495
6,312206
6,326242
6,340056
6,353992
6,368133
6,381715
6,395693
6,409261
6,423429
6,437731
6,451805
6,465131
6,479039
6,493406
6,506872
6,521228
6,534868
6,548708
6,562577
6,57679
6,590786
6,604386
6,618312
6,632383
6,646439
6,660283
6,673902
6,687862
6,702185
6,715657
6,729697
6,743862
6,757774
6,771723
6,78563
6,799459
6,813346
6,827199
6,841252
6,855067
6,868983
6,882953
6,897235
6,910793
6,925019
6,938712
6,952742
6,966446
6,980376
6,994345
7,008206
7,022512
7,036026
7,049974
7,063989
7,078359
7,092188
7,105917
7,119797
7,134136
7,147616
7,161618
7,175363
7,189359
7,203478
7,217371
7,231017
7,244935
7,259056
7,272847
7,286667
7,300855
7,314473
7,328461
7,342645
7,35614
7,370379
7,384382
7,397964
7,412203
7,42643
7,440213
7,454153
7,467755
7,481621
7,495584
7,510188
7,525002
7,551166
7,565001
7,578888
7,592843
7,607095
7,621034
7,635099
7,64852
7,662545
7,676282
7,69031
7,704222
7,718584
7,732059
7,746081
7,76014
7,774316
7,787975
7,802299
7,815963
7,829917
7,843536
7,857656
7,871429
7,885459
7,899449
7,913256
7,927408
7,9411
7,95492
7,969109
7,982778
7,996784
8,010938
8,024506
8,038427
8,052906
8,066773
8,08056
8,094436
8,108792
8,12224
8,136178
8,150159
8,164405
8,177731
8,191653
8,205835
8,219654
8,233373
8,247265
8,261237
8,275353
8,289342
8,303542
8,316915
8,330835
8,344785
8,358531
8,372583
8,386536
8,400427
8,414366
8,428367
8,442396
8,456189
8,470174
8,48411
8,497953
8,511842
8,525788
8,539697
8,553733
8,567863
8,581657
8,595493
8,609522
8,623202
8,637126
8,651366
8,665776
8,679273
8,693255
8,707074
8,721365
8,735099
8,748916
8,762429
8,77677
8,790261
8,804245
8,818386
8,832506
8,846463
8,860288
8,874312
8,888033
8,901834
8,915775
8,929766
8,943437
8,95735
8,971268
8,985175
8,999187
9,013136
9,027308
9,041063
9,054934
9,069028
9,08304
9,096787
9,110803
9,124726
9,138575
9,152585
9,166462
9,180411
9,194331
9,208262
9,222216
9,236524
9,250017
9,263966
9,277893
9,292221
9,305518
9,31978
9,333588
9,347456
9,361732
9,375811
9,389406
9,403321
9,417112
9,430997
9,445152
9,459126
9,472733
9,486748
9,50075
9,514615
9,528554
9,542525
9,556482
9,570271
9,584181
9,598153
9,612089
9,626171
9,640119
9,654178
9,667889
9,681755
9,695896
9,709508
9,723533
9,73746
9,751388
9,765338
9,779363
9,793174
9,807281
9,821094
9,835004
9,848919
9,863025
9,876735
9,89075
9,904559
9,918835
9,932505
9,946446
9,960251
9,97451
9,988048
10,00209
10,01616
10,03015
10,0442
10,05779
10,07176
10,086
10,09977
10,11411
10,12761
10,14138
10,1554
10,16915
10,18356
10,197
10,21135
10,22478
10,23884
10,25321
10,26678
10,28071
10,29439
10,30834
10,3224
10,33667
10,3503
10,36432
10,3782
10,39191
10,40583
10,41984
10,43374
10,44766
10,46164
10,4758
10,48942
10,50331
10,51722
10,5312
10,54504
10,55904
10,57294
10,58679
10,60074
10,61517
10,62903
10,64261
10,6565
10,67054
10,68466
10,69866
10,71225
10,72656
10,74133
10,75568
10,76877
10,78256
10,79613
10,8096
10,82336
10,83688
10,85115
10,86483
10,87893
10,89331
10,90795
10,92157
10,93551
10,94896
10,9623
10,97654
10,99025
11,00444
11,01862
11,03244
11,04624
11,06034
11,07395
11,08792
11,10226
11,11579
11,12979
11,14372
11,15764
11,17185
11,18559
11,19952
11,21335
11,22729
11,2411
11,25512
11,26904
11,28296
11,29694
11,31089
11,3248
11,33929
11,35285
11,36659
11,3807
11,39434
11,40829
11,42231
11,43615
11,45036
11,46397
11,47789
11,49187
11,50578
11,51977
11,53354
11,54744
11,56155
11,57546
11,58932
11,6032
11,61756
11,6311
11,64539
11,65916
11,67296
11,6867
11,70063
11,71484
11,72852
11,74251
11,75631
11,77031
11,78434
11,79838
11,81198
11,82618
11,83996
11,85376
11,8678
11,88197
11,89564
11,90945
11,92331
11,93727
11,95141
11,96519
11,9793
11,99319
12,00715
12,02107
12,03515
12,0488
12,06279
12,07674
12,0906
12,10493
12,1186
12,13222
12,14653
12,16002
12,17425
12,18777
12,20223
12,21584
12,22976
12,24351
12,25747
12,27172
12,2854
12,29938
12,31328
12,32731
12,34164
12,35505
12,36917
12,38325
12,39703
12,41083
12,42475
12,43857
12,45251
12,46648
12,48032
12,49422
12,50818
12,52211
12,53592
12,54984
12,56404
12,57802
12,59176
12,60563
12,61962
12,63397
12,64738
12,66134
12,67531
12,68915
12,70315
12,71717
12,73114
12,74478
12,75884
12,77268
12,78658
12,80074
12,81437
12,82827
12,84219
12,85611
12,87013
12,88419
12,898
12,91187
12,92563
12,93962
12,95365
12,96746
12,98177
12,99543
13,00948
13,02349
13,03711
13,05116
13,06506
13,07969
13,09343
13,10698
13,12097
13,13472
13,14867
13,16238
13,17679
13,19079
13,20465
13,21841
13,23206
13,24583
13,25967
13,27371
13,2876
13,30195
13,31574
13,32942
13,34359
13,35726
13,37117
13,38526
13,39916
13,41303
13,42697
13,44105
13,45493
13,46883
13,48307
13,49711
13,51037
13,5243
13,53871
13,55197
13,56608
13,58021
13,59399
13,60777
13,62191
13,63586
13,64959
13,66362
13,67756
13,69174
13,70528
13,71927
13,73346
13,74722
13,76132
13,77498
13,78944
13,80317
13,8167
13,83089
13,84462
13,85863
13,87268
13,88621
13,9002
13,91408
13,92813
13,94223
13,95609
13,96978
13,98369
13,99785
14,01169
14,02562
14,03947
14,05337
14,06732
14,08153
14,09547
14,10933
14,12338
14,13699
14,15071
14,16475
14,17878
14,19264
14,20633
14,22075
14,23433
14,24828
14,26211
14,27621
14,2903
14,30405
14,31801
14,33175
14,34581
14,36005
14,37363
14,38757
14,4019
14,41557
14,42926
14,44328
14,45728
14,47098
14,48489
14,49902
14,51307
14,52689
14,54046
14,55468
14,56847
14,58268
14,59657
14,61027
14,62437
14,63833
14,65209
14,66601
14,68013
14,69385
14,70822
14,72179
14,73562
14,74952
14,76343
14,77737
14,79144
14,80509
14,81932
14,83283
14,84689
14,86074
14,87498
14,88876
14,90262
14,91683
14,93063
14,94469
14,95867
14,97249
14,98621
15,00013
15,01429
15,02863
15,04198
15,05572
15,06987
15,08351
15,0976
15,11137
15,12536
15,13959
15,15303
15,167
15,18125
15,1948
15,20877
15,22272
15,2371
15,25083
15,26457
15,27854
15,29241
15,30654
15,32042
15,3341
15,34832
15,36194
15,37613
15,39005
15,40379
15,41792
15,43161
15,4457
15,45951
15,47346
15,48726
15,50131
15,51545
15,5292
15,54299
15,5571
15,57109
15,58499
15,59869
15,61287
15,62663
15,64037
15,65437
15,66849
15,6823
15,6963
15,71007
15,72396
15,73789
15,75184
15,766
15,77989
15,79389
15,80779
15,82146
15,83548
15,84921
15,86319
15,87707
15,89101
15,90524
15,91899
15,93307
15,94694
15,96099
15,97478
15,98849
16,00273
16,01636
16,03028
16,04436
16,05812
16,07226
16,08622
16,10017
16,1138
16,12792
16,14152
16,15576
16,16963
16,18333
16,19744
16,21128
16,22543
16,23948
16,25319
16,26711
16,28116
16,29485
16,30882
16,32314
16,33667
16,35086
16,36458
16,3785
16,39261
16,40631
16,42017
16,43443
16,44782
16,46189
16,47618
16,48981
16,50347
16,51795
16,53125
16,54534
16,55921
16,5732
16,58713
16,60086
16,61482
16,62911
16,64299
16,65666
16,67064
16,68453
16,69863
16,71238
16,72635
16,74028
16,75418
16,76826
16,78204
16,79606
16,80987
16,82427
16,8377
16,85185
16,86579
16,87944
16,89335
16,90742
16,92135
16,93543
16,94925
16,96333
16,97691
16,99099
17,00481
17,01878
17,03268
17,0468
17,06049
17,07462
17,08825
17,10223
17,11637
17,13001
17,14392
17,15829
17,17187
17,1857
17,19987
17,21389
17,22766
17,24147
17,25592
17,26917
17,2832
17,29733
17,31107
17,32496
17,33915
17,35301
17,3667
17,38062
17,39458
17,40848
17,42281
17,4368
17,45016
17,46446
17,47816
17,4919
17,50621
17,51989
17,53376
17,548
17,5616
17,57578
17,58972
17,60378
17,61751
17,63136
17,64512
17,65902
17,67315
17,68707
17,70102
17,71486
17,72862
17,74282
17,75641
17,77043
17,78428
17,79863
17,81216
17,82606
17,84012
17,854
17,86793
17,88202
17,89607
17,90989
17,92398
17,93768
17,95151
17,96561
17,97934
17,99335
18,0072
18,02137
18,03508
18,04903
18,06312
18,07711
18,09141
18,10452
18,11885
18,13246
18,14637
