participantNumber
6
repetitionNum
1
sdfEnabled
1
taskTime
18,50333
numHits
10
positionDifference
0,09888303
angleDifference
45,12444
finalPosX
0,04959261
finalPosY
0,003239155
finalPosZ
-0,8862798
finalRotX
357,1298
finalRotY
44,0768
finalRotZ
8,402565
taskType
torus
velocityMagnitude
0,1010253
0,1426333
0,1426333
0,3872198
0,09559809
0,09559809
0,3698911
0,1192484
0,1192484
0,3761665
0,100474
0,2536479
0,2536479
0,5027792
0,19289
0,19289
0,4347393
0,1165282
0,1165282
0,3213193
0,2867068
0,2091319
0,2091319
0,3616685
0,129536
0,129536
0,3555043
0,2705981
0,2705981
0,4887776
0,1795752
0,1422562
0,2484498
0,1729511
0,1729511
0,1758172
0,1336834
0,1336834
0,1944598
0,1554781
0,1554781
0,2932987
0,2315194
0,3015388
0,3015388
0,4950955
0,1955736
0,1955736
0,3525147
0,2387658
0,2387658
0,4088751
0,3987894
0,3987894
0,4800172
0,3670835
0,2643636
0,2643636
0,2866168
0,2742483
0,2742483
0,3080397
0,3194088
0,3194088
0,3427869
0,3425651
0,2798148
0,2798148
0,2517742
0,2650326
0,2650326
0,04955868
0,04766664
0,04766664
0,053563
0,05265718
0,05197861
0,05197861
0,06641921
0,06457376
0,06457376
0,07797199
0,07953312
0,07953312
0,09170873
0,08610728
0,08610728
0,09413541
0,0892441
0,08799151
0,08799151
0,1017516
0,6018128
0,6018128
1,479905
0,8256564
0,8256564
1,618884
1,259237
0,9951314
0,9951314
0,5767295
0,417969
0,417969
0,1312846
0,173667
0,173667
0,1710831
0,1581386
0,2356579
0,2356579
0,2077426
0,1999954
0,1999954
0,3220917
0,2999875
0,2999875
0,4492476
0,4095461
0,4095461
0,60234
0,5194868
0,5928149
0,5928149
1,003721
0,7060129
0,7060129
1,157133
0,5305237
0,5305237
0,7715754
0,2661448
0,3172324
0,3172324
0,7811368
0,3902957
0,3902957
0,5832694
0,5135558
0,5135558
1,03862
0,6399164
0,6399164
1,228513
0,6362335
0,4516504
0,4516504
0,9102836
0,4050798
0,3188699
0,5500328
0,5500328
0,4194381
0,09641241
0,09641241
1,080232
0,7333759
0,7333759
0,6356602
0,4419866
0,4024905
0,6005661
0,521405
0,5126522
0,6765528
0,4458109
0,5109908
0,5109908
0,3335984
0,3963224
0,3930446
0,3116893
0,4627437
0,4383119
0,3084454
0,4440375
0,3971645
0,5579178
0,4001984
0,5365634
0,4544849
0,6036698
0,4723553
0,6301886
0,3946674
0,5114815
0,5476098
0,6175836
0,5413112
0,4994186
0,6068096
0,6055013
0,6855197
0,6184884
0,7332704
0,6939462
0,9134446
0,6476463
0,6476463
0,1857607
0,1857607
0,9178607
0,4996367
0,4079506
0,4079506
0,8289409
0,3678655
0,3678655
0,3908339
0,1065271
0,1065271
0,1245712
0,1231646
0,2664149
0,2664149
0,9645856
1,470975
1,803848
1,385996
1,354447
1,648062
0,7248548
1,484138
0,6732827
0,6598494
1,219537
0,9507899
1,226641
0,4917751
0,7069438
0,2627674
0,3651322
0,1200926
0,3487092
0,2745722
0,4518502
0,3373843
0,109569
0,2111559
0,1690025
0,1131326
0,1752205
0,4334981
0,07681648
0,1959524
0,2832292
0,3168468
0,1663423
0,3497559
0,1068811
0,3369279
0,3678202
0,05933171
0,12739
0,1568511
0,2636165
0,2651054
0,2651054
0,5284566
0,5284566
0,6957081
0,9677215
1,313422
1,027015
1,064743
1,399748
1,399748
1,249299
0,7583821
0,7583821
0,9156899
0,5469512
0,8053393
0,07168423
0,07168423
0,6798993
0,2662702
0,2662702
0,5076103
0,399855
0,399855
0,3474642
0,3499307
0,306318
0,306318
0,2412402
0,1524343
0,1524343
0,3025566
0,1365248
0,1365248
0,1757732
0,180325
0,180325
0,2709795
0,283406
0,290306
0,290306
0,4870621
0,3301015
0,3301015
0,2723251
0,07577206
0,07577206
0,1039762
0,05864325
0,1205377
0,1205377
0,1021849
0,05622988
0,05622988
0,07441926
0,06922165
0,06922165
0,1129842
0,1263035
0,1263035
0,4460484
0,1901281
0,09599988
0,09599988
0,1970202
0,3370508
0,3370508
0,7709368
0,1877162
0,1877162
0,3478031
0,04098631
0,06649461
0,06649461
0,2755136
0,2985101
0,2985101
0,3998168
0,3263604
0,3263604
0,4071757
0,2728367
0,151191
0,151191
0,08801633
0,0373936
0,0373936
0,09586105
0,04188151
0,04188151
0,2706864
0,3329649
0,3329649
0,4127484
0,4249012
0,5670113
0,5670113
0,6615403
0,4684671
0,4684671
0,4074951
0,3488128
0,3488128
0,3336289
0,3806479
0,3837472
0,3837472
0,3343126
0,2122141
0,2122141
0,1259085
0,109132
0,109132
0,1202003
0,1822797
0,1822797
0,2980859
0,3276226
0,2820053
0,2820053
0,2737447
0,2666443
0,2666443
0,2816607
0,300301
0,300301
0,3995987
0,3836286
0,1011404
0,1011404
0,1251669
0,1221699
0,1221699
0,03665883
0,04204885
0,04204885
0,05258183
0,04505598
0,06447264
0,06447264
0,1900903
0,1575196
0,1575196
0,1764016
0,3229914
0,3229914
0,4102987
0,3324362
0,3324362
0,3223929
0,2815518
0,3390894
0,3390894
0,3417392
0,2541351
0,2541351
0,1394224
0,09167328
0,09167328
0,8651807
0,6418173
0,6418173
0,1277727
0,1211432
0,279901
0,279901
0,1662952
0,1755549
0,1755549
0,6283987
0,6258906
0,6258906
1,409688
1,257748
0,5107044
0,5107044
1,539827
1,339977
1,339977
3,585984
1,91
1,91
2,67923
0,6333262
0,6023554
0,6023554
1,357924
0,8333297
0,8333297
2,194212
1,116573
1,116573
1,910054
0,9315155
0,7613541
0,8967597
1,335865
0,5718
0,882088
0,1572444
0,5628239
0,5628239
0,5755931
0,6098073
0,8085654
0,5149874
0,4767682
0,8362842
0,6097158
0,8565824
0,6148391
0,5187334
0,667945
0,6918574
0,8386719
0,7879075
0,5132632
0,6524393
0,6855417
0,6725428
0,8545688
0,6962665
0,3998576
0,3998576
0,4853403
0,6138796
0,7192352
0,4855503
0,6716881
0,7260888
0,4397809
1,085107
1,243403
1,439772
0,9621412
1,221303
1,221303
1,456396
1,096812
1,096812
1,624967
0,991644
0,854192
0,854192
1,763643
1,186702
1,186702
1,68173
1,090796
1,090796
1,600925
1,169079
1,169079
0,7131985
0,6358943
0,4834499
0,4834499
0,4002151
0,4250857
0,4250857
0,2705482
0,2965134
0,2965134
0,2726992
0,2431949
0,2136
0,2136
0,2435234
0,2172568
0,2172568
0,2429175
0,2206101
0,2206101
0,2579396
0,2411826
0,2411826
0,2558872
0,2408447
0,2307213
0,2307213
0,2587772
0,2341957
0,2341957
0,1368168
0,1426979
0,1426979
0,1798257
0,1481821
0,1257346
0,1257346
0,1295002
0,438528
0,438528
0,4918315
0,9265393
0,9265393
4,212009
2,61303
2,572099
2,572099
1,158393
0,6166791
0,6166791
1,115956
0,3442855
0,3442855
0,1313599
0,2308773
0,2308773
0,7913917
0,3567694
0,3109711
0,3109711
0,8679669
0,7832546
0,7832546
1,949688
0,9672513
0,9672513
1,802802
1,286851
1,659205
1,659205
2,402294
1,31762
1,31762
1,710007
1,385031
1,385031
2,096877
0,8391951
0,8391951
0,594092
0,5131761
0,4319378
0,4319378
0,4782123
0,3801696
0,3801696
0,4682485
0,3294757
0,3294757
0,5879664
0,5866227
0,7022584
0,7022584
1,176604
0,9174038
0,9174038
1,746682
1,088038
1,088038
1,503555
1,103515
1,103515
1,870373
1,408866
1,136157
1,136157
1,76559
1,107011
1,107011
1,959854
0,9182327
0,9182327
1,60719
0,8360489
0,7431395
0,7431395
1,738306
0,7475962
1,358893
0,5971011
0,3151852
0,829659
0,5749092
0,1025126
0,5385661
0,3400722
0,109039
1,040807
0,9254743
0,3486083
0,3847067
0,1198335
0,05689153
0,4615735
0,1481399
1,020531
0,9725237
0,5268499
0,8262085
0,6625533
0,9105037
0,5396693
0,9344429
0,5595531
0,7399231
0,8942911
0,8942911
0,8426176
0,7937616
0,7937616
0,7404544
0,4631631
0,2348415
0,2348415
0,3993165
0,3947077
0,3947077
0,1401616
0,1232467
0,3001069
0,5115526
0,5115526
0,3283982
0,3411366
0,2057638
0,2057638
0,2294359
0,3065466
0,2247624
0,04755398
0,04755398
0,08224008
0,120297
0,05154356
0,05154356
0,2357645
0,5564795
0,5538601
0,4464394
0,4464394
0,6244597
0,3556726
0,3556726
0,6814978
0,2906905
0,2166956
0,1437186
0,1814561
0,1814561
0,2833703
0,02592838
0,02592838
0,04442121
0,3477778
0,3477778
0,3095036
0,1100319
0,1100319
0,05014673
0,3445701
0,3445701
0,9880288
0,5685136
0,4421087
0,5334823
0,9031659
0,5160299
0,9860507
0,6511301
0,7721206
0,5084583
0,2251808
0,2251808
0,2875997
0,2875997
0,289357
0,5100205
0,2728834
0,4744272
0,5457025
0,5172282
0,6693606
0,5632637
0,8428571
0,8366377
0,3701707
0,3701707
0,3826293
0,3826293
0,3778783
0,4599616
0,2235817
0,2685782
0,3674881
0,3499263
0,4119729
0,325955
0,5094045
0,5711378
0,2388126
0,2388126
0,320392
0,320392
0,6053643
0,500937
0,500937
0,5256199
0,3990476
0,5222449
0,4135419
0,4015314
0,5916168
0,4815526
0,6813685
0,5033772
0,5046924
0,435286
0,6395748
0,6395748
0,7196486
0,4760484
0,4760484
0,5191395
0,4103793
0,4103793
0,6753049
0,4755269
0,4755269
0,4913112
0,2617969
0,230866
0,230866
0,1916799
0,08926392
0,08926392
0,1192733
0,13507
0,1302011
0,1302011
0,2992191
0,2571244
0,2571244
0,3538112
0,2174164
0,2174164
0,3210604
0,1978653
0,1978653
0,3156478
0,2124264
0,1916561
0,1916561
0,4151367
0,2948981
0,2948981
0,6044774
0,4500214
0,4500214
0,53348
0,3230101
0,2811943
0,2811943
0,425654
0,3999761
0,3999761
0,5167399
0,4075911
0,4075911
0,4940856
0,4515501
0,4515501
0,5437968
0,4924677
0,4440652
0,4440652
0,4528421
0,3709193
0,3709193
0,2133768
0,2112607
0,2112607
0,2580051
0,175188
0,175188
0,1250678
0,1156371
0,08311053
0,08311053
0,0734158
0,0914489
0,0914489
0,2177147
0,3082597
0,3082597
0,5353696
0,5314869
0,6479385
0,6479385
0,9514098
0,7695779
0,7695779
0,8562757
0,7375664
0,7375664
0,8348624
0,630449
0,5838886
0,5838886
0,4741393
0,2407763
0,2407763
0,2485204
0,08266941
0,08266941
0,04720208
0,04308606
0,04308606
0,1653947
0,2524182
0,3181913
0,3181913
1,306581
0,282492
0,282492
0,4285719
0,1701278
0,1701278
0,3211328
0,5083635
0,3540254
0,3540254
0,3295222
0,2194956
0,2194956
0,487049
0,304029
0,304029
0,3868566
0,4267074
0,2942103
0,2942103
0,5968859
0,484223
0,484223
0,8506376
0,415702
0,415702
0,8576707
0,5600428
0,5600428
0,4056221
0,2369897
0,4315922
0,4315922
0,9110138
0,485763
0,485763
0,9289789
0,5872178
0,5872178
0,7887347
0,6159576
0,5366536
0,5366536
0,7258712
0,5704691
0,5704691
0,6047301
0,4729578
0,4729578
0,5440017
0,4638956
0,4534756
0,4534756
0,4415716
0,4455295
0,4455295
0,5780731
0,4728767
0,4728767
0,4329547
0,3636561
0,3636561
0,4893426
0,4950046
0,5650892
0,5650892
0,7288516
0,6143928
0,6143928
0,6870304
0,6335171
0,6335171
1,081759
0,8067537
0,8067537
1,016757
0,7012364
0,611837
0,611837
0,7427796
0,5819371
0,5819371
0,5792426
0,5292118
0,5292118
0,6616538
0,5781243
0,5783238
0,5783238
0,6694513
0,6085253
0,6085253
0,9003673
0,7499658
0,7499658
0,7746926
0,6356707
0,6356707
0,7123647
0,5759891
0,430932
0,430932
0,5806597
0,3471993
0,3471993
0,4439867
0,2841175
0,2841175
0,4702591
0,4586393
0,3327245
0,3327245
0,4427257
0,3479067
0,3479067
0,285818
0,1938828
0,1938828
0,4499732
0,2954025
0,2170844
0,2170844
0,5055903
0,3872524
0,3872524
0,6463313
0,3911192
0,3911192
0,4814141
0,1947925
0,1947925
0,6965441
0,5183963
0,4255689
0,4255689
0,3774098
0,2657428
0,2657428
0,2030992
0,1066688
0,1066688
0,1545106
0,210983
0,1514353
0,1514353
0,1742333
0,2825055
0,2825055
0,5694493
0,2894009
0,2894009
0,3876757
0,155038
0,155038
0,262421
0,06212676
0,1415429
0,1415429
0,2977396
0,08296309
0,08296309
0,136337
0,1198001
0,1198001
0,1987179
0,07581628
0,05107652
0,05107652
0,2220005
0,1693468
0,1693468
0,4129416
0,2872943
0,2872943
0,1835146
0,1910808
0,1910808
0,4026648
0,2397113
0,1571507
0,1571507
0,1679118
0,1185878
0,1185878
0,1524324
0,08934598
0,08934598
0,06200721
0,1063119
0,291014
0,291014
0,3332004
0,1477402
0,1477402
0,1809388
0,2048187
0,2048187
0,3090609
0,2598952
0,2598952
0,2615038
0,2298127
0,2242755
0,2242755
0,3022145
0,1947684
0,1947684
0,07097661
0,06527518
0,06527518
0,07958151
0,1212702
0,1496155
0,1496155
0,2272107
0,2322901
0,2322901
0,2083833
0,1395931
0,1395931
0,04760806
0,0341085
0,0341085
0,06057608
0,06502175
0,06553595
0,06553595
0,07137103
0,08420207
0,1044475
0,1044475
0,1163329
0,09018288
0,09018288
0,08613247
0,1476088
0,1476088
0,2793571
0,2821133
0,2821133
0,4592029
0,394281
0,394281
0,4946065
0,4492921
0,5113257
0,5113257
0,5178339
0,5171744
0,5171744
0,2011865
0,2299178
0,2299178
0,2437713
0,1566989
0,1554954
0,1554954
0,2375945
0,2349614
0,2349614
0,2485413
0,1960405
0,1960405
0,3393596
0,3891708
0,3891708
0,7099034
1,092906
0,7693884
0,7693884
0,4699874
0,4847962
0,4847962
0,9864607
0,9143242
0,9143242
3,392293
2,347482
2,638595
2,638595
2,676409
1,060757
1,060757
0,4234195
0,5079024
0,5079024
0,450952
0,4939543
0,155182
0,155182
0,08919897
0,1009378
0,1009378
0,1429885
0,1465676
0,1465676
0,1582077
0,144109
0,144109
0,1566777
0,1329152
0,08955437
0,08955437
0,2965852
0,1899252
0,1899252
0,1083733
0,1169302
0,1169302
0,2728747
0,2408789
0,2075488
0,2075488
0,1694507
0,1667765
0,1667765
0,2156314
1,201835
1,201835
1,289603
2,218275
2,218275
1,573401
2,634875
0,6660928
0,6660928
4,072199
2,957903
2,957903
velocityComponents
-0,09629726
-0,002370775
0,03045201
-0,01234412
0,0763543
-0,1198411
-0,01234412
0,0763543
-0,1198411
0,04329085
0,144162
-0,3567666
-0,0444591
0,05626082
-0,06322265
-0,0444591
0,05626082
-0,06322265
0,00461936
0,160557
-0,3331959
-0,07146001
0,08352548
-0,04622936
-0,07146001
0,08352548
-0,04622936
-0,1478732
0,3406249
-0,0600785
-0,08677244
0,02769157
0,04241168
-0,1643896
0,1875259
0,04633963
-0,1643896
0,1875259
0,04633963
-0,1643181
0,4727088
-0,04830062
-0,06341338
0,1748286
-0,05118847
-0,06341338
0,1748286
-0,05118847
-0,199306
0,3857166
0,02231896
-0,06340146
0,06274655
-0,07497966
-0,06340146
0,06274655
-0,07497966
-0,08123517
0,2507105
-0,1838237
-0,01695752
0,2534881
-0,1328796
-0,02432466
0,1711294
-0,1177251
-0,02432466
0,1711294
-0,1177251
-0,01237392
0,1610354
-0,3236026
-0,04315376
-0,02552867
-0,1194388
-0,04315376
-0,02552867
-0,1194388
-0,004535913
-0,03362224
-0,3538817
0,0381887
0,1836911
-0,1949936
0,0381887
0,1836911
-0,1949936
0,09267411
-0,1033289
-0,4686557
0,00553575
0,08861922
-0,1560873
-0,09620053
0,09784257
0,03753803
-0,1848693
-0,02571684
0,1639795
-0,1366046
0,1022822
-0,02810058
-0,1366046
0,1022822
-0,02810058
-0,1021371
0,01467894
-0,1423524
-0,02256979
0,04568678
-0,1235904
-0,02256979
0,04568678
-0,1235904
-0,1905368
-0,01092833
0,037295
-0,1288488
-0,08629885
0,01113269
-0,1288488
-0,08629885
0,01113269
-0,1179471
-0,2106813
-0,1665112
-0,0135535
-0,1147992
-0,2005958
0,0653449
-0,008721892
-0,2942442
0,0653449
-0,008721892
-0,2942442
0,0915276
-0,07355453
-0,4809698
-0,01066151
0,02270321
-0,1939586
-0,01066151
0,02270321
-0,1939586
0,02051841
0,1990666
-0,2902036
0,01396456
0,07275602
-0,2269816
0,01396456
0,07275602
-0,2269816
0,08446799
0,1272126
-0,3792901
0,100531
0,14842
-0,3562274
0,100531
0,14842
-0,3562274
0,1221472
0,1502134
-0,4392409
0,0814651
0,1465314
-0,3265614
0,04925185
0,08221441
-0,2463801
0,04925185
0,08221441
-0,2463801
0,04026862
0,008047553
-0,2836598
0,03268673
-0,06403639
-0,2646565
0,03268673
-0,06403639
-0,2646565
0,02439096
-0,1444425
-0,2709795
0,0232799
-0,1728368
-0,2675957
0,0232799
-0,1728368
-0,2675957
0,02804836
-0,216815
-0,2640216
0,04145213
-0,1868325
-0,2841235
0,03847788
-0,1324382
-0,2434664
0,03847788
-0,1324382
-0,2434664
0,0299685
-0,1202583
-0,2191577
0,03131629
-0,1262132
-0,2309368
0,03131629
-0,1262132
-0,2309368
-0,02268665
-0,01105888
-0,04265068
-0,02977011
0,00626589
-0,03669589
-0,02977011
0,00626589
-0,03669589
-0,02554469
0,02169629
-0,04178199
-0,02113003
0,02548371
-0,04094973
-0,01840372
0,02703974
-0,04039717
-0,01840372
0,02703974
-0,04039717
-0,01510097
0,04113046
-0,0499175
-0,01318393
0,04054969
-0,0484941
-0,01318393
0,04054969
-0,0484941
-0,01159155
0,05073924
-0,05805856
-0,007949308
0,05329894
-0,058494
-0,007949308
0,05329894
-0,058494
-0,005288973
0,06264877
-0,06676564
-0,0035595
0,05829971
-0,06326878
-0,0035595
0,05829971
-0,06326878
-0,0008966178
0,06401746
-0,06901041
0,0003536344
0,05982802
-0,06621927
0,002455056
0,0589371
-0,06529087
0,002455056
0,0589371
-0,06529087
0,0003448874
0,07283683
-0,07104981
0,1722363
0,0194093
-0,576313
0,1722363
0,0194093
-0,576313
0,4171433
0,08341568
-1,417446
-0,1138364
0,3418747
-0,7428805
-0,1138364
0,3418747
-0,7428805
0,1510541
0,2728729
-1,588556
0,1523066
0,1315835
-1,243047
0,3933615
0,0372416
-0,9133271
0,3933615
0,0372416
-0,9133271
0,1592026
0,1404519
-0,5362319
0,0504608
0,04900885
-0,4120072
0,0504608
0,04900885
-0,4120072
-0,01938196
0,07901137
-0,1030397
-0,04866254
0,0405995
-0,1616906
-0,04866254
0,0405995
-0,1616906
0,08936211
0,07308685
-0,1262622
0,08328586
0,06582844
-0,1172088
0,1259527
0,08132319
-0,1818162
0,1259527
0,08132319
-0,1818162
0,1116459
0,04509705
-0,1692881
0,1017859
0,03076931
-0,1693843
0,1017859
0,03076931
-0,1693843
0,1346858
-0,006715456
-0,2925025
0,1138416
-0,04401089
-0,2740358
0,1138416
-0,04401089
-0,2740358
0,1478349
-0,08312722
-0,4160026
0,1275828
-0,06534314
-0,3836417
0,1275828
-0,06534314
-0,3836417
0,1544167
-0,1576923
-0,5604481
0,1247498
-0,1322175
-0,4866442
0,1512034
-0,06171082
-0,5698761
0,1512034
-0,06171082
-0,5698761
0,2591172
-0,01843969
-0,9695228
0,1780394
0,03706232
-0,6821895
0,1780394
0,03706232
-0,6821895
0,2722682
0,1037667
-1,119848
0,1195001
0,1403819
-0,4974616
0,1195001
0,1403819
-0,4974616
0,1441331
0,5284155
-0,5434439
0,04811464
0,110194
-0,2374349
0,05745882
0,2028472
-0,2370399
0,05745882
0,2028472
-0,2370399
0,07293066
0,7577857
-0,1749759
0,03356623
0,3762697
-0,09810776
0,03356623
0,3762697
-0,09810776
0,03611521
0,5586204
-0,1638358
0,01566776
0,5121784
-0,03416552
0,01566776
0,5121784
-0,03416552
0,08060691
1,035295
-0,01992466
0,08312541
0,622052
-0,1250383
0,08312541
0,622052
-0,1250383
0,1421098
1,202344
-0,208368
0,09047841
0,6021515
-0,1844462
0,06296424
0,4248913
-0,1396101
0,06296424
0,4248913
-0,1396101
0,0888602
0,8789073
-0,2196409
0,06635392
0,3323329
-0,2219046
0,03695168
0,284998
-0,138162
0,06441721
0,480768
-0,2593235
0,06441721
0,480768
-0,2593235
0,06622799
0,2627638
-0,320152
0,01319635
0,07354217
-0,06093242
0,01319635
0,07354217
-0,06093242
0,1542436
0,8515021
-0,646571
0,09231369
0,6045854
-0,4047158
0,09231369
0,6045854
-0,4047158
0,05874949
0,5222371
-0,3576043
0,03457413
0,353791
-0,262657
0,03824139
0,2954625
-0,2706254
0,06430063
0,4127666
-0,4314728
0,0528726
0,3634032
-0,370143
0,03255824
0,3468747
-0,3760721
0,01493005
0,3829726
-0,5575238
-0,02216253
0,1345466
-0,4244447
-0,01047197
0,2743567
-0,4309644
-0,01047197
0,2743567
-0,4309644
0,0120743
0,143607
-0,300864
0,0678473
0,3287683
-0,2106647
0,06669992
0,2721815
-0,2755947
0,06209822
0,1802829
-0,2465606
0,07902299
0,1398989
-0,4339532
0,06596889
0,1499074
-0,4065627
0,04395639
0,04868738
-0,30139
0,05758031
-0,0004909734
-0,440288
0,04351133
0,0912467
-0,3840839
0,05820042
0,1309793
-0,5391933
0,04404622
-0,06747425
-0,3920024
0,05080963
-0,1281996
-0,5185398
0,04865495
-0,236666
-0,3849396
0,06852364
-0,1483524
-0,581131
0,0589762
-0,07848811
-0,46204
0,06974995
-0,2155385
-0,588061
0,03609027
-0,2191395
-0,326248
0,04532556
-0,315698
-0,399867
0,04126507
-0,435265
-0,3297242
0,04288721
-0,4735019
-0,3941652
0,03514173
-0,4157695
-0,3448457
0,03231565
-0,3614762
-0,3430883
0,03839226
-0,392548
-0,4611399
0,03565629
-0,3788541
-0,4709883
0,03256502
-0,41871
-0,5418106
0,02804956
-0,3301431
-0,5222516
0,02843732
-0,3726959
-0,6308523
0,02796215
-0,30867
-0,6208884
0,03163195
-0,3765234
-0,8316312
0,0186289
-0,2855144
-0,5810165
0,0186289
-0,2855144
-0,5810165
-0,002343067
-0,1518474
-0,1069762
-0,002343067
-0,1518474
-0,1069762
-0,02476059
-0,8661825
-0,302627
-0,01486435
-0,4872197
-0,1096943
-0,01186407
-0,4009845
-0,074124
-0,01186407
-0,4009845
-0,074124
-0,03624497
-0,819825
-0,1171169
-0,01770949
-0,3674377
-0,0009795673
-0,01770949
-0,3674377
-0,0009795673
-0,007323247
-0,3749317
-0,1101079
0,002528965
-0,09546988
-0,04719248
0,002528965
-0,09546988
-0,04719248
0,00780639
0,1239288
0,009934851
0,01063882
0,120257
-0,02438436
0,02247919
0,2623807
-0,0403479
0,02247919
0,2623807
-0,0403479
0,03464044
0,9548251
0,1324176
0,05283882
1,469465
-0,0405937
0,04563137
1,794839
-0,1741713
-0,006732884
1,384077
0,07260557
-0,07714208
1,26471
0,4786264
-0,1116983
1,593122
0,4069341
-0,09077876
0,6146417
0,3733488
-0,1916242
1,203255
0,8474208
-0,1261102
0,3383038
0,5682925
-0,1380139
0,2133287
0,6089698
-0,2362173
0,3544074
1,142745
-0,1648359
-0,3162629
0,8813673
-0,2497071
0,1111632
1,1958
-0,09897842
-0,1905655
0,4424148
-0,1639755
-0,1066542
0,6793427
-0,08482527
0,0419636
0,2451335
-0,1269652
0,03169232
0,3408767
-0,07320815
0,009016497
0,0947708
-0,1345918
0,1440138
0,2876511
-0,1090361
0,06240237
0,2441453
-0,1661263
0,1603874
0,3883897
-0,1325174
0,1090402
0,2904781
-0,04950093
0,04065712
0,08889327
-0,1158468
0,1462801
0,09883554
-0,134437
0,05978992
0,0831487
-0,09375728
0,06320462
0,003705149
-0,1350371
-0,08799925
0,06872658
-0,1261365
-0,2930794
0,2934531
-0,04111389
-0,01804008
0,06232957
-0,05215924
-0,04056093
-0,1844764
-0,06495157
-0,07423204
-0,2654989
-0,01104945
0,03161523
-0,3150718
-0,0007102158
-0,002485371
-0,1663223
-0,02178383
0,06679723
-0,3426263
-0,01952902
0,05766098
-0,08784869
-0,03114015
0,1853695
-0,2796226
-0,0255379
0,1259825
-0,3446272
-0,01903802
-0,02861729
-0,04836173
-0,05083098
-0,06112188
0,09954169
-0,04087656
-0,1507252
-0,01460502
-0,01900069
-0,2246345
-0,1366455
0,01273334
-0,2189167
-0,1489772
0,01273334
-0,2189167
-0,1489772
0,05238786
-0,2638074
-0,4548928
0,05238786
-0,2638074
-0,4548928
0,05092559
-0,4655223
-0,5144952
0,05978051
-0,6885055
-0,6774004
0,07343646
-0,9188001
-0,9356762
0,05896779
-0,7228601
-0,727156
0,06170045
-0,801366
-0,6983426
0,05355087
-1,072262
-0,8981541
0,05355087
-1,072262
-0,8981541
0,02964005
-1,069564
-0,6449063
0,01977041
-0,6244044
-0,429967
0,01977041
-0,6244044
-0,429967
0,02540918
-0,638893
-0,6554832
-0,0124352
-0,4919144
-0,2387911
-0,02866021
-0,7385833
-0,3197573
-0,003697319
-0,0660027
-0,02772366
-0,003697319
-0,0660027
-0,02772366
-0,05231671
-0,6766911
-0,04018862
-0,0265167
-0,2564889
0,06640881
-0,0265167
-0,2564889
0,06640881
-0,05659425
-0,5002834
0,06466696
-0,04509503
-0,3940746
0,05055319
-0,04509503
-0,3940746
0,05055319
0,0106943
-0,3294936
-0,1097768
0,02434384
-0,2055913
-0,282119
0,03821272
-0,09092779
-0,2900046
0,03821272
-0,09092779
-0,2900046
0,02999054
-0,1658979
-0,1725552
0,02280989
-0,1160465
-0,09617238
0,02280989
-0,1160465
-0,09617238
0,01913881
-0,288525
-0,08903673
0,03508615
-0,1276975
0,03318632
0,03508615
-0,1276975
0,03318632
0,05891426
-0,1478844
0,07453544
0,02861389
-0,1666663
0,06261549
0,02861389
-0,1666663
0,06261549
0,02150194
-0,2343591
0,1343255
-0,006360743
-0,2749913
0,06825156
-0,02349694
-0,2766753
0,08471277
-0,02349694
-0,2766753
0,08471277
-0,07970373
-0,4558568
0,1518929
-0,06168257
-0,3136664
0,08231445
-0,06168257
-0,3136664
0,08231445
-0,07305782
-0,2481134
0,08522469
-0,03393384
-0,01280884
0,06652693
-0,03393384
-0,01280884
0,06652693
-0,06607375
-0,01420962
0,07901519
-0,04597273
-0,004167546
0,03616863
-0,06039493
-0,04999463
0,0915551
-0,06039493
-0,04999463
0,0915551
-0,07588491
-0,02732591
0,06274183
-0,04186419
-0,03687422
-0,007034256
-0,04186419
-0,03687422
-0,007034256
-0,04248321
-0,0007167886
-0,06109738
-0,02671122
-0,01346701
-0,06242425
-0,02671122
-0,01346701
-0,06242425
-0,0154831
0,1119183
6,615554E-06
-0,004221626
0,1025145
0,07365818
-0,004221626
0,1025145
0,07365818
-0,0131871
0,1303447
0,4263749
-0,0262415
-0,05973091
0,1785842
-0,01655459
-0,09326751
0,0155915
-0,01655459
-0,09326751
0,0155915
-0,005478758
-0,1015643
-0,1687354
-0,02715252
-0,2226636
-0,2515689
-0,02715252
-0,2226636
-0,2515689
-0,05569144
-0,5487939
-0,5385789
-0,02731242
-0,1854489
0,01000517
-0,02731242
-0,1854489
0,01000517
-0,04911049
-0,3030739
0,1634056
0,01868135
0,03077172
0,01959556
0,02059476
0,02297327
-0,05890346
0,02059476
0,02297327
-0,05890346
0,00442983
-0,1810563
-0,2076217
-0,02074284
-0,2689974
-0,1277435
-0,02074284
-0,2689974
-0,1277435
-0,0340905
-0,3683389
-0,1517161
-0,02508229
-0,2700191
-0,1815811
-0,02508229
-0,2700191
-0,1815811
-0,01375528
-0,222722
-0,3405845
-0,005402605
-0,1020036
-0,2529939
-0,005097476
-0,04234973
-0,1450491
-0,005097476
-0,04234973
-0,1450491
-0,01154344
-0,06539022
-0,0577732
0,01463818
-0,02277957
-0,02578946
0,01463818
-0,02277957
-0,02578946
0,02891406
-0,07322397
-0,05469524
0,03140084
0,01008647
-0,025813
0,03140084
0,01008647
-0,025813
0,06347025
0,2251914
-0,1361303
0,06285445
0,3004092
-0,1291095
0,06285445
0,3004092
-0,1291095
0,06261512
0,3901715
-0,1191922
0,05818648
0,3933091
-0,1498776
0,07081862
0,5066403
-0,2445447
0,07081862
0,5066403
-0,2445447
0,07390815
0,553653
-0,3544595
0,04787861
0,3725383
-0,2799718
0,04787861
0,3725383
-0,2799718
0,03923915
0,3169335
-0,253112
0,03544287
0,2805017
-0,2042866
0,03544287
0,2805017
-0,2042866
0,01003143
0,1073593
-0,3157239
0,01438394
0,1333376
-0,3562401
0,01510036
0,1425758
-0,355958
0,01510036
0,1425758
-0,355958
0,006056616
0,07824173
-0,3249715
0,008084279
0,07418774
-0,1986597
0,008084279
0,07418774
-0,1986597
-0,004066113
0,002610605
-0,1258157
-0,009174011
-0,01915296
-0,1070457
-0,009174011
-0,01915296
-0,1070457
-0,01009334
-0,04307259
-0,1117631
-0,01688213
-0,1019512
-0,150156
-0,01688213
-0,1019512
-0,150156
-0,02397602
-0,198379
-0,2211925
-0,02549184
-0,2296583
-0,2322581
-0,0198
-0,2065383
-0,1909891
-0,0198
-0,2065383
-0,1909891
-0,01497823
-0,2081407
-0,1771701
-0,0158087
-0,2132494
-0,159292
-0,0158087
-0,2132494
-0,159292
-0,0211618
-0,2111542
-0,1851994
-0,0245298
-0,2192342
-0,2037531
-0,0245298
-0,2192342
-0,2037531
-0,03380362
-0,250912
-0,3091596
-0,05160695
-0,2350677
-0,2987487
-0,08550588
-0,0461774
-0,02803168
-0,08550588
-0,0461774
-0,02803168
-0,07755904
-0,06658589
-0,0722335
-0,07403284
-0,06878796
-0,0686502
-0,07403284
-0,06878796
-0,0686502
-0,0292908
-0,01539437
-0,01577757
-0,02253236
-0,02633539
-0,02380852
-0,02253236
-0,02633539
-0,02380852
-0,02511448
-0,03624053
-0,02864848
-0,02011315
-0,03212656
-0,02435952
-0,03237141
-0,04441625
-0,03370474
-0,03237141
-0,04441625
-0,03370474
-0,1354324
-0,09653682
-0,092049
-0,1029324
-0,08476311
-0,08386043
-0,1029324
-0,08476311
-0,08386043
-0,1124039
-0,07677141
-0,1122009
-0,1939941
-0,1590414
-0,203459
-0,1939941
-0,1590414
-0,203459
-0,2134736
-0,09733829
-0,3365996
-0,1784327
-0,05788776
-0,2744533
-0,1784327
-0,05788776
-0,2744533
-0,1600377
-0,01517525
-0,2794545
-0,1255758
0,004980713
-0,251947
-0,1318088
-0,0007858872
-0,3124219
-0,1318088
-0,0007858872
-0,3124219
-0,09470101
0,01780537
-0,3278725
-0,06089051
0,002761424
-0,2467172
-0,06089051
0,002761424
-0,2467172
-0,03827272
0,01998913
-0,1325678
-0,01371522
0,03362596
-0,0841735
-0,01371522
0,03362596
-0,0841735
-0,131047
-0,1948317
-0,8327094
-0,1680857
-0,08714041
-0,6132563
-0,1680857
-0,08714041
-0,6132563
-0,06564293
0,08671011
0,06706882
-0,1013011
0,06426065
-0,01686221
-0,09530105
-0,01233202
-0,2628882
-0,09530105
-0,01233202
-0,2628882
-0,1170516
0,06350169
-0,09960189
-0,09979165
0,04189105
-0,1382255
-0,09979165
0,04189105
-0,1382255
0,09498332
-0,1835855
-0,5934302
0,07974439
-0,1592295
-0,6000215
0,07974439
-0,1592295
-0,6000215
0,1264121
-0,2420262
-1,382991
0,09589989
-0,1745097
-1,241885
0,03440183
-0,04305995
-0,5077217
0,03440183
-0,04305995
-0,5077217
0,07739609
0,07020687
-1,536277
0,0448147
0,1148476
-1,334293
0,0448147
0,1148476
-1,334293
-0,01203263
0,5839245
-3,538103
-0,04266874
0,4785473
-1,848586
-0,04266874
0,4785473
-1,848586
-0,2100528
0,9876743
-2,481663
-0,02545714
0,5202465
-0,3602743
0,0138998
0,5609803
-0,2189517
0,0138998
0,5609803
-0,2189517
0,04763007
1,303368
-0,3780484
0,03862381
0,8159988
-0,1645982
0,03862381
0,8159988
-0,1645982
0,1941323
2,185401
0,03004074
0,1000643
1,106518
0,1110941
0,1000643
1,106518
0,1110941
0,2460539
1,763282
0,6918103
0,1326025
0,7689245
0,5088151
0,1340032
0,442829
0,6046534
0,1449943
0,2763852
0,8406937
0,2492487
0,6364547
1,147753
0,05746484
0,05365461
0,5663693
0,1509868
0,3948895
0,7741734
-0,01405397
0,1073615
0,1140255
0,07292394
0,4169564
0,370945
0,07292394
0,4169564
0,370945
0,07491813
0,348467
0,4519573
0,09206763
0,1400593
0,5863206
0,1401114
0,2385561
0,7597616
0,0782675
0,2623405
0,4361923
0,04852441
0,3353486
0,3354021
0,1146061
0,473093
0,6800145
0,08497208
0,211319
0,565577
0,1144561
0,3594269
0,7690549
0,07997209
0,2164401
0,5698993
0,06146149
0,2221644
0,4647039
0,07382791
0,3164254
0,583588
0,08130828
0,2030396
0,6563768
0,09967989
0,1865773
0,8115561
0,07952324
0,1557534
0,7682546
0,04582318
0,04016268
0,5096335
0,05400306
0,002285995
0,6501965
0,0566502
-0,07674866
0,6788725
0,04957625
-0,2217943
0,6329796
0,05965783
-0,2854942
0,803257
0,04065556
-0,2027642
0,6648464
0,02151268
-0,04726824
0,3964707
0,02151268
-0,04726824
0,3964707
0,01976093
-0,06953668
0,4799264
0,01398906
-0,1921092
0,5828778
0,01449298
-0,2744557
0,6646527
0,004013581
-0,2220343
0,4317913
0,006505564
-0,3041173
0,5988617
0,0005393496
-0,3570039
0,6322601
-0,005082242
-0,2544674
0,3586471
-0,02889831
-0,7466986
0,7868062
-0,04883525
-0,9832331
0,7595512
-0,07226973
-1,203281
0,7872949
-0,03948628
-0,9611188
0,02018205
-0,07387333
-1,191267
0,2588522
-0,07387333
-1,191267
0,2588522
-0,1000616
-1,393553
0,4112015
-0,09089623
-1,030497
0,364433
-0,09089623
-1,030497
0,364433
-0,1663844
-1,496524
0,610943
-0,105644
-0,8765106
0,4515822
-0,1015065
-0,8139222
0,2384762
-0,1015065
-0,8139222
0,2384762
-0,2361812
-1,729149
0,2543583
-0,1685464
-1,168657
0,1187197
-0,1685464
-1,168657
0,1187197
-0,2680858
-1,62449
0,3426078
-0,189818
-1,042068
0,2605764
-0,189818
-1,042068
0,2605764
-0,2980079
-1,417377
0,6820527
-0,2378825
-1,078586
0,3831581
-0,2378825
-1,078586
0,3831581
-0,1500231
-0,6294121
0,299976
-0,1334677
-0,5371445
0,3130875
-0,105802
-0,413763
0,226561
-0,105802
-0,413763
0,226561
-0,09075981
-0,3266049
0,2127534
-0,09812551
-0,3424833
0,231893
-0,09812551
-0,3424833
0,231893
-0,06557258
-0,2155567
0,1497727
-0,0727595
-0,2320779
0,1696057
-0,0727595
-0,2320779
0,1696057
-0,03306567
-0,2615994
0,06955038
-0,03093494
-0,2344829
0,05660895
-0,02740607
-0,2037303
0,05803306
-0,02740607
-0,2037303
0,05803306
-0,03274332
-0,228576
0,07735977
-0,031956
-0,1944245
0,09153402
-0,031956
-0,1944245
0,09153402
-0,02787593
-0,2191699
0,1009773
-0,025552
-0,1917329
0,1060869
-0,025552
-0,1917329
0,1060869
-0,03314064
-0,2236597
0,1241405
-0,03577241
-0,2008123
0,1287005
-0,03577241
-0,2008123
0,1287005
-0,03889202
-0,2092952
0,1419901
-0,04096064
-0,1900308
0,1421854
-0,04399924
-0,1760536
0,1424834
-0,04399924
-0,1760536
0,1424834
-0,06049733
-0,194485
0,1596287
-0,05595565
-0,1620441
0,1595567
-0,05595565
-0,1620441
0,1595567
-0,02868563
-0,0984053
0,09062219
-0,03088088
-0,08751476
0,1083985
-0,03088088
-0,08751476
0,1083985
-0,05000506
-0,1103692
0,1328736
-0,04405041
-0,1007399
0,09934264
-0,04530351
-0,0719938
0,09259421
-0,04530351
-0,0719938
0,09259421
-0,05882807
-0,07543188
0,08729023
-0,04080471
-0,4311063
-0,06920373
-0,04080471
-0,4311063
-0,06920373
-0,1270922
-0,4704304
0,06664115
-0,3134627
-0,5678162
0,6616653
-0,3134627
-0,5678162
0,6616653
-1,424299
-2,626359
2,968945
-0,8961976
-1,692352
1,777837
-0,9017993
-1,782722
1,619985
-0,9017993
-1,782722
1,619985
-0,3170885
-1,094822
-0,2066247
0,03892169
-0,2431813
-0,5653681
0,03892169
-0,2431813
-0,5653681
0,1300655
-0,2889678
-1,070018
0,04689693
-0,08739531
-0,3296896
0,04689693
-0,08739531
-0,3296896
0,08159876
0,05720854
-0,08558184
0,01286864
0,09979308
0,2077982
0,01286864
0,09979308
0,2077982
-0,1399457
-0,02970397
0,7783532
-0,07552505
-0,03201962
0,3472105
-0,05428791
0,007790327
0,3060967
-0,05428791
0,007790327
0,3060967
-0,2060533
-0,1028448
0,8368582
-0,1501799
0,03209114
0,768052
-0,1501799
0,03209114
0,768052
-0,4498065
-0,01236796
1,897052
-0,2025723
0,1132399
0,9389974
-0,2025723
0,1132399
0,9389974
0,1649737
1,260608
1,27818
0,321269
1,152787
0,473132
0,4251063
1,519385
0,5135313
0,4251063
1,519385
0,5135313
0,4957654
2,191765
0,8493514
0,2449246
1,196828
0,4936976
0,2449246
1,196828
0,4936976
0,3585748
1,61103
0,4473575
0,1950338
1,259733
0,5416133
0,1950338
1,259733
0,5416133
1,004126
-0,7201965
-1,69409
0,7061898
-0,0693232
-0,4480386
0,7061898
-0,0693232
-0,4480386
0,5371962
0,1450043
0,2081809
0,3733069
0,1856822
0,2991887
0,3067344
0,2073895
0,2224273
0,3067344
0,2073895
0,2224273
0,4513029
0,09485244
0,1265533
0,319644
0,1424986
0,1484951
0,319644
0,1424986
0,1484951
0,4510466
0,1242869
0,01914033
0,3217947
0,06521617
-0,0273729
0,3217947
0,06521617
-0,0273729
0,4246863
0,3809351
0,1422478
0,313062
0,4856981
0,101073
0,2301924
0,6549235
0,1060827
0,2301924
0,6549235
0,1060827
0,2399899
1,141692
0,1527722
0,1873795
0,8966598
0,05019827
0,1873795
0,8966598
0,05019827
0,3909485
1,690886
0,197379
0,2487475
1,050952
0,1320987
0,2487475
1,050952
0,1320987
0,3487073
1,456027
0,1380843
0,2300151
1,074081
0,1057774
0,2300151
1,074081
0,1057774
0,3895817
1,829346
-0,003951247
0,3060377
1,364246
-0,1734304
0,234758
1,103636
-0,1331508
0,234758
1,103636
-0,1331508
0,191228
1,739929
0,2310497
0,0468114
1,04294
0,3681841
0,0468114
1,04294
0,3681841
-0,06941262
1,718823
0,9390727
0,05606007
0,8946609
0,1989736
0,05606007
0,8946609
0,1989736
0,2184445
1,586169
-0,1393127
0,04728341
0,8320704
0,06633937
0,006699455
0,7243857
0,1657613
0,006699455
0,7243857
0,1657613
0,04351203
1,732308
0,1375581
-0,01681505
0,7319418
0,1512566
-0,1216057
1,1824
0,6585822
-0,1247497
0,2830569
0,5107309
-0,07642732
0,06172372
0,2994842
-0,08946017
0,6558445
0,5001989
-0,06653021
0,5168313
0,2428575
-0,0227179
0,04448232
0,08952128
-0,219096
0,1121288
0,4790381
-0,3063177
-0,0007542105
-0,1477091
-0,02998631
0,05593047
0,08866854
-0,1100354
0,3643352
0,9687262
-0,1342481
0,2368495
0,8845239
-0,01483018
-0,005289326
0,3482526
-0,03908437
0,1196412
0,3635349
0,06677411
0,08827174
-0,04592811
0,02396342
0,02262364
-0,04637426
0,1490443
0,02573561
-0,4360889
0,04287066
-0,04243721
-0,135302
0,2824135
0,008232453
-0,9806416
0,2596994
-0,3320039
-0,8764314
0,09581459
-0,2883433
-0,4304051
0,1690351
-0,4762638
-0,653621
0,0315252
-0,6488857
-0,1301167
0,07258841
-0,8487528
-0,3215069
-0,01558492
-0,5389079
-0,02405032
0,03619249
-0,9084122
-0,2160115
-0,04273091
-0,5521193
0,08023727
-0,1057808
-0,6592569
0,3188682
-0,101494
-0,8602992
0,2221282
-0,101494
-0,8602992
0,2221282
-0,03184624
-0,841939
0,01134986
-0,01452993
-0,7930323
-0,03075767
-0,01452993
-0,7930323
-0,03075767
0,0011126
-0,7294174
-0,1273643
0,004235743
-0,4497121
-0,1107299
-0,01118975
-0,2309124
-0,04128915
-0,01118975
-0,2309124
-0,04128915
-0,1417641
-0,1552096
0,3395093
-0,08265638
-0,3479115
0,1670919
-0,08265638
-0,3479115
0,1670919
0,02709157
0,1105939
-0,08173309
0,02488059
0,08985829
-0,08059899
0,01508417
0,2929816
-0,06323282
-0,04256896
0,4928941
0,1301128
-0,04256896
0,4928941
0,1301128
-0,004385671
0,324627
0,0494311
0,001648781
0,3391695
0,03654498
-0,0009793526
0,2023445
0,0373428
-0,0009793526
0,2023445
0,0373428
-0,05427055
0,1172736
0,1895849
-0,06943036
0,2001575
0,2215563
-0,03026204
0,198248
0,1014892
0,001722254
0,04722481
-0,005313383
0,001722254
0,04722481
-0,005313383
-0,03385928
-0,01630711
0,07315093
-0,04818277
0,03326691
0,1050861
-0,02696535
-0,0275705
0,0341976
-0,02696535
-0,0275705
0,0341976
-0,03358946
-0,115432
-0,2028105
0,006873353
-0,3626898
-0,4219933
0,02119505
-0,3296142
-0,4445968
-0,007575114
-0,2974046
-0,3328682
-0,007575114
-0,2974046
-0,3328682
-0,1052918
-0,5917511
-0,1693935
-0,09722485
-0,3419477
-0,01104835
-0,09722485
-0,3419477
-0,01104835
-0,1582134
-0,6619301
-0,03544467
-0,05533443
-0,245741
-0,1450877
-0,01517366
0,01684532
-0,2155063
-0,05870096
-0,09255787
-0,09296376
-0,1527098
-0,0914877
-0,03515719
-0,1527098
-0,0914877
-0,03515719
-0,1669073
0,207172
0,09757277
-0,02232869
0,01180922
0,005852586
-0,02232869
0,01180922
0,005852586
-0,01886517
0,03900306
-0,009803605
-0,05110118
0,3022222
-0,1643161
-0,05110118
0,3022222
-0,1643161
-0,05941659
0,290507
-0,08870069
-0,04558136
0,09943766
0,01189619
-0,04558136
0,09943766
0,01189619
-0,01574346
0,04460471
-0,01665105
-0,006055737
0,3238657
-0,1174856
-0,006055737
0,3238657
-0,1174856
0,03210832
0,9621434
-0,2223736
-0,001809365
0,567642
-0,03141795
-0,05815772
0,4048134
0,16794
-0,1161802
0,3568498
0,379162
-0,1083657
0,850144
0,2849923
-0,03624802
0,4963608
0,1363777
-0,1650681
0,8302027
0,5057785
-0,1350091
0,4482254
0,452589
-0,1796363
0,4621534
0,5918744
-0,1164089
0,2794636
0,4085082
-0,05386131
0,1087825
0,1896621
-0,05386131
0,1087825
0,1896621
-0,06709524
0,1475902
0,2375478
-0,06709524
0,1475902
0,2375478
-0,07784904
0,03863434
0,275997
-0,1406197
0,07174383
0,484974
-0,07733177
0,05524384
0,2557993
-0,1393877
0,05527064
0,4501082
-0,1622671
0,06370144
0,5171099
-0,1645804
0,007694143
0,4902848
-0,2167799
0,02172068
0,6329126
-0,1838948
-0,03897835
0,5309702
-0,2856339
-0,0564997
0,7909672
-0,291258
-0,08493394
0,7796908
-0,1341227
-0,03697366
0,3430312
-0,1341227
-0,03697366
0,3430312
-0,144099
-0,05183171
0,3506482
-0,144099
-0,05183171
0,3506482
-0,1434477
-0,09746123
0,3357322
-0,1894192
-0,07579994
0,4122371
-0,1132125
-0,0595239
0,183381
-0,1395808
-0,08294502
0,213943
-0,1783682
-0,110483
0,3017048
-0,1585501
-0,176336
0,2573245
-0,1855861
-0,1679956
0,3271956
-0,1430185
-0,1684821
0,2395958
-0,2248622
-0,2528936
0,3807555
-0,243128
-0,2859227
0,430506
-0,09698075
-0,1431476
0,164727
-0,09698075
-0,1431476
0,164727
-0,1287463
-0,1894944
0,2239805
-0,1287463
-0,1894944
0,2239805
-0,223781
-0,3934309
0,4019952
-0,1715932
-0,3560342
0,3077878
-0,1715932
-0,3560342
0,3077878
-0,1939164
-0,3586521
0,3317249
-0,1223794
-0,3226249
0,200438
-0,1373347
-0,4492391
0,2281735
-0,108159
-0,3606161
0,171098
-0,1156627
-0,348158
0,1632042
-0,142231
-0,5364292
0,2049988
-0,09725046
-0,454892
0,124533
-0,1178025
-0,6554055
0,1443231
-0,08619579
-0,4857497
0,1000308
-0,0953078
-0,4839475
0,1068912
-0,0884298
-0,4154184
0,09529733
-0,1078565
-0,622691
0,09838119
-0,1078565
-0,622691
0,09838119
-0,140507
-0,6937525
0,1298437
-0,1046249
-0,4520985
0,1062196
-0,1046249
-0,4520985
0,1062196
-0,118242
-0,489594
0,1257872
-0,09406514
-0,3862281
0,1019352
-0,09406514
-0,3862281
0,1019352
-0,1561905
-0,6362333
0,163855
-0,1255759
-0,438361
0,134893
-0,1255759
-0,438361
0,134893
-0,0789483
-0,4817846
0,05511259
0,04287616
-0,2374978
-0,1014596
0,06045378
-0,1832414
-0,1267558
0,06045378
-0,1832414
-0,1267558
0,03472013
-0,1636437
-0,09357586
-0,001129315
-0,08582031
-0,0245285
-0,001129315
-0,08582031
-0,0245285
0,01863333
-0,1023942
-0,05826106
-0,0233878
-0,1329182
0,005446906
-0,01749799
-0,128958
0,003996455
-0,01749799
-0,128958
0,003996455
-0,002589643
-0,2944456
-0,05317098
-0,02076078
-0,2555915
-0,01884043
-0,02076078
-0,2555915
-0,01884043
0,02189054
-0,3364233
-0,1073429
-0,001962386
-0,2127068
-0,04496473
-0,001962386
-0,2127068
-0,04496473
-0,04399271
-0,3179132
-0,008694495
-0,0190298
-0,1967059
-0,009763842
-0,0190298
-0,1967059
-0,009763842
0,00695056
-0,3070275
-0,07293378
0,002117743
-0,2088868
-0,03855899
-0,00660229
-0,1902507
-0,0222065
-0,00660229
-0,1902507
-0,0222065
-0,1143241
-0,3833078
0,1111017
-0,07752806
-0,2785706
0,05790268
-0,07752806
-0,2785706
0,05790268
-0,02404729
-0,5904445
-0,1272397
0,01677859
-0,4230655
-0,1524906
0,01677859
-0,4230655
-0,1524906
-0,01157967
-0,5133534
-0,1446899
-0,02869009
-0,3156173
-0,06243514
-0,0309573
-0,2755436
-0,04677178
-0,0309573
-0,2755436
-0,04677178
0,01622328
-0,3907549
-0,1680141
0,02848288
-0,3568608
-0,1783815
0,02848288
-0,3568608
-0,1783815
0,01821068
-0,4727872
-0,2077516
0,001113903
-0,379614
-0,1483998
0,001113903
-0,379614
-0,1483998
0,01836316
-0,4478636
-0,2078497
0,01960272
-0,4062344
-0,1961805
0,01960272
-0,4062344
-0,1961805
-0,02813916
-0,5173346
-0,1651911
-0,0571724
-0,4776044
-0,1055924
-0,05579314
-0,4313106
-0,0897341
-0,05579314
-0,4313106
-0,0897341
-0,01218925
-0,4241026
-0,1582855
-0,002674
-0,342428
-0,1425378
-0,002674
-0,342428
-0,1425378
0,01872882
-0,1786179
-0,1152152
0,01131446
-0,180723
-0,1088221
0,01131446
-0,180723
-0,1088221
0,008241144
-0,2224071
-0,1305137
0,006577079
-0,1488142
-0,09220571
0,006577079
-0,1488142
-0,09220571
0,00207568
-0,1077196
-0,06351471
-0,001343427
-0,1020653
-0,05433965
0,01038693
-0,06207319
-0,05428066
0,01038693
-0,06207319
-0,05428066
0,03341349
-0,001088331
-0,06536233
0,04375451
0,06051934
-0,05278117
0,04375451
0,06051934
-0,05278117
0,05400078
0,210875
-0,003916142
0,06822679
0,3004877
0,008732094
0,06822679
0,3004877
0,008732094
0,113587
0,5229238
0,0164119
0,091288
0,5211284
0,05069539
0,05888169
0,6292925
0,1426468
0,05888169
0,6292925
0,1426468
0,03755793
0,9110011
0,2717477
0,03147903
0,7390918
0,2121377
0,03147903
0,7390918
0,2121377
0,004585292
0,8121834
0,271192
-0,03818344
0,6768259
0,2906077
-0,03818344
0,6768259
0,2906077
-0,1301004
0,693385
0,4464149
-0,09228988
0,5292007
0,3299927
-0,06746546
0,5058367
0,2837314
-0,06746546
0,5058367
0,2837314
-0,07662069
0,3808116
0,2718822
-0,05599327
0,1658526
0,1653206
-0,05599327
0,1658526
0,1653206
-0,08692841
0,1015668
0,2094994
-0,009492312
0,05388607
0,06197112
-0,009492312
0,05388607
0,06197112
0,03265196
0,03333889
0,007099582
0,03266678
-0,02302178
-0,01610242
0,03266678
-0,02302178
-0,01610242
0,001366317
-0,1650175
0,01107911
-0,06364987
-0,2287968
0,08553163
-0,1045229
-0,2632603
0,1449643
-0,1045229
-0,2632603
0,1449643
0,1127494
1,074829
0,7342917
0,165685
0,1080595
0,2016763
0,165685
0,1080595
0,2016763
0,2512365
-0,3225372
0,1285452
0,08640742
-0,01803354
0,1454373
0,08640742
-0,01803354
0,1454373
0,2428477
0,1332947
0,1624309
0,3290094
0,3864725
0,02872713
0,2357433
0,2611674
0,0393781
0,2357433
0,2611674
0,0393781
0,159912
0,02319128
0,287185
0,1003862
0,03979467
0,1910951
0,1003862
0,03979467
0,1910951
0,4155983
0,2504906
-0,04182347
0,2645051
0,1254379
-0,08207331
0,2645051
0,1254379
-0,08207331
0,357492
-0,1428866
-0,03795889
0,06230019
-0,4174073
0,06300002
0,1032032
-0,2727411
0,03900131
0,1032032
-0,2727411
0,03900131
0,4066395
-0,3936583
-0,1896052
0,3373733
-0,2257044
-0,2640242
0,3373733
-0,2257044
-0,2640242
0,3820793
-0,7176386
-0,2501892
0,2286104
-0,330408
-0,1066584
0,2286104
-0,330408
-0,1066584
0,4568075
-0,4552727
-0,5653784
0,3327336
-0,1518212
-0,4241304
0,3327336
-0,1518212
-0,4241304
0,2784573
-0,1106492
-0,2734
0,01793574
-0,2271961
0,06499501
-0,09925464
-0,3780881
0,1829472
-0,09925464
-0,3780881
0,1829472
-0,1544258
-0,871159
0,2172115
0,002871726
-0,485271
-0,02166604
0,002871726
-0,485271
-0,02166604
-0,06115532
-0,9257645
-0,04713682
-0,09584396
-0,5779923
0,0395419
-0,09584396
-0,5779923
0,0395419
-0,1330039
-0,7773513
-0,01171977
-0,05041761
-0,6020437
-0,1200215
-0,04895415
-0,519398
-0,1258026
-0,04895415
-0,519398
-0,1258026
-0,1634893
-0,703607
-0,07139648
-0,1508252
-0,5489783
-0,03618961
-0,1508252
-0,5489783
-0,03618961
-0,1588016
-0,5765893
-0,08958357
-0,06131362
-0,4343977
-0,1767153
-0,06131362
-0,4343977
-0,1767153
-0,04376934
-0,4782987
-0,2554456
-0,06811509
-0,4231409
-0,1775143
-0,1186966
-0,4303425
-0,07972799
-0,1186966
-0,4303425
-0,07972799
-0,06488334
-0,385296
-0,2057244
-0,007077707
-0,3562647
-0,2674357
-0,007077707
-0,3562647
-0,2674357
0,04157099
-0,4178322
-0,3973118
0,03041739
-0,344006
-0,3230279
0,03041739
-0,344006
-0,3230279
0,02666509
-0,2945093
-0,3162325
0,00914872
-0,2570432
-0,2570814
0,00914872
-0,2570432
-0,2570814
0,03499086
-0,3161612
-0,371852
0,09476119
-0,2382629
-0,4234154
0,1256551
-0,2423426
-0,4947794
0,1256551
-0,2423426
-0,4947794
0,1949127
-0,2070009
-0,6711068
0,1772211
-0,1323247
-0,5732027
0,1772211
-0,1323247
-0,5732027
0,190771
-0,1306383
-0,646955
0,1754824
-0,1231719
-0,5961363
0,1754824
-0,1231719
-0,5961363
0,2916053
-0,2460432
-1,012241
0,2246311
-0,1389078
-0,7622972
0,2246311
-0,1389078
-0,7622972
0,265488
-0,1467214
-0,9704553
0,1934188
-0,03803132
-0,6729601
0,1831249
0,02825771
-0,5831048
0,1831249
0,02825771
-0,5831048
0,2180396
0,0853036
-0,7049138
0,1560018
0,04981365
-0,5584199
0,1560018
0,04981365
-0,5584199
0,1693236
0,1668365
-0,5282207
0,14865
0,1400182
-0,4882245
0,14865
0,1400182
-0,4882245
0,1848467
0,2061115
-0,6009455
0,1575852
0,190815
-0,522479
0,1618732
0,240496
-0,500417
0,1618732
0,240496
-0,500417
0,1836343
0,3329529
-0,5509862
0,1640012
0,325363
-0,4873865
0,1640012
0,325363
-0,4873865
0,2466716
0,5749684
-0,6474765
0,1953277
0,5218866
-0,5019264
0,1953277
0,5218866
-0,5019264
0,1406232
0,6974798
-0,3064239
0,08124894
0,6099184
-0,1596099
0,08124894
0,6099184
-0,1596099
0,04408499
0,7045944
-0,09521912
0,0396542
0,5660755
-0,09873971
0,03540396
0,4066373
-0,1381849
0,03540396
0,4066373
-0,1381849
0,05064823
0,5086107
-0,275528
0,01068581
0,2805844
-0,2042194
0,01068581
0,2805844
-0,2042194
0,0008635105
0,3869598
-0,2176822
-0,02528852
0,2485734
-0,1352572
-0,02528852
0,2485734
-0,1352572
-0,06638783
0,4550544
-0,09829412
-0,008988651
0,4445548
-0,1124288
0,002269809
0,2992534
-0,1454231
0,002269809
0,2992534
-0,1454231
-0,04489034
0,420305
-0,1316611
-0,03574457
0,3341631
-0,08998031
-0,03574457
0,3341631
-0,08998031
-0,08176061
0,2509276
-0,109738
-0,07672976
0,169462
-0,05464171
-0,07672976
0,169462
-0,05464171
-0,02286555
0,3756868
-0,2466019
-0,006443208
0,1647449
-0,2451127
-0,01423745
0,08947068
-0,1972763
-0,01423745
0,08947068
-0,1972763
0,03247277
0,3040133
-0,4026698
0,039731
0,2030333
-0,3273582
0,039731
0,2030333
-0,3273582
0,08802678
0,3017843
-0,5647315
0,05192449
0,2191039
-0,3197992
0,05192449
0,2191039
-0,3197992
0,08746197
-0,005805791
-0,4733669
0,01457312
0,110313
-0,1598836
0,01457312
0,110313
-0,1598836
0,06803034
0,5028313
-0,4771857
-0,007490354
0,1273205
-0,502462
-0,02976543
0,06323323
-0,419791
-0,02976543
0,06323323
-0,419791
-0,06448033
0,1461739
-0,3419264
-0,03573316
0,1466841
-0,218692
-0,03573316
0,1466841
-0,218692
-0,06776013
0,1408191
-0,1297222
-0,05418484
0,08641288
-0,03122576
-0,05418484
0,08641288
-0,03122576
-0,07454743
0,1291431
-0,04047543
-0,04229364
0,1814526
-0,09899502
-0,02451248
0,1200138
-0,08904199
-0,02451248
0,1200138
-0,08904199
-0,1100898
0,08838566
0,1021051
-0,1431653
0,1229875
0,2102074
-0,1431653
0,1229875
0,2102074
-0,1542685
0,4620708
0,2948972
-0,07527849
0,2632058
0,0938549
-0,07527849
0,2632058
0,0938549
-0,1130581
0,3463449
0,1324973
-0,06817877
0,1363229
0,02836335
-0,06817877
0,1363229
0,02836335
-0,07548023
0,2509924
-0,0130504
-0,06127338
0,01011982
0,001701743
-0,06922247
0,1179404
0,03650615
-0,06922247
0,1179404
0,03650615
-0,03092864
0,267814
-0,1263645
-0,0183704
0,02937179
-0,07538369
-0,0183704
0,02937179
-0,07538369
-0,1328168
0,01842224
0,02465959
-0,1028373
-0,05301458
0,03108091
-0,1028373
-0,05301458
0,03108091
-0,05009356
0,03990859
-0,1881136
-0,02674165
0,01473442
-0,06939661
-0,03890033
-0,008302395
0,03204131
-0,03890033
-0,008302395
0,03204131
-0,1648578
-0,02494554
0,1465736
-0,06028698
0,1559134
0,0271078
-0,06028698
0,1559134
0,0271078
0,03445291
0,2700143
-0,3105254
0,02613589
0,09545169
-0,2697108
0,02613589
0,09545169
-0,2697108
-0,01478995
0,04123651
-0,1782089
-0,003405256
0,08958118
-0,1687469
-0,003405256
0,08958118
-0,1687469
0,03977849
0,2108132
-0,3407556
0,01781851
0,1523893
-0,184178
-0,002036702
0,1307842
-0,08710746
-0,002036702
0,1307842
-0,08710746
-0,03020405
0,1592644
-0,04378277
-0,04581077
0,1092058
0,00620729
-0,04581077
0,1092058
0,00620729
-0,07177629
0,1239771
0,05209103
-0,05255611
0,07043321
0,01611585
-0,05255611
0,07043321
0,01611585
-0,01824757
0,01113851
-0,05820528
-0,002515588
0,03142914
-0,1015288
0,02524509
0,08069491
-0,2784603
0,02524509
0,08069491
-0,2784603
0,03042252
-0,0004950546
-0,3318083
-0,01284892
0,009537597
-0,1468711
-0,01284892
0,009537597
-0,1468711
-0,01766335
0,1547232
-0,09212807
-0,006546306
0,1750943
-0,1060653
-0,006546306
0,1750943
-0,1060653
-0,01192773
0,2995234
-0,07524703
-0,02520211
0,2573182
-0,02641393
-0,02520211
0,2573182
-0,02641393
-0,04576641
0,256523
0,02203654
-0,02494406
0,2269146
-0,02648474
0,002340647
0,2002771
-0,1009112
0,002340647
0,2002771
-0,1009112
0,03797833
0,1781481
-0,2411525
0,02074609
0,08110601
-0,1758583
0,02074609
0,08110601
-0,1758583
-0,005926123
-0,01890962
-0,06815413
-0,008777305
-0,03065432
-0,05695718
-0,008777305
-0,03065432
-0,05695718
-0,006266896
-0,02554145
-0,07511043
0,003678403
-0,01990953
-0,1195682
0,01231497
-0,006720293
-0,1489563
0,01231497
-0,006720293
-0,1489563
0,03277003
-0,03777705
-0,2216387
0,03339466
-0,05763442
-0,2225349
0,03339466
-0,05763442
-0,2225349
0,03806983
-0,0209011
-0,2038074
0,02148457
-0,04497468
-0,1303915
0,02148457
-0,04497468
-0,1303915
0,008760802
-0,02489895
-0,03962094
0,004787447
-0,02435617
-0,02339332
0,004787447
-0,02435617
-0,02339332
0,007227179
-0,04320247
-0,04184227
0,008995166
-0,04934793
-0,04137266
0,01152402
-0,04776052
-0,04337154
0,01152402
-0,04776052
-0,04337154
0,0108426
-0,05291844
-0,04664655
0,01303964
-0,05867858
-0,05896422
0,01439784
-0,07792693
-0,06803948
0,01439784
-0,07792693
-0,06803948
0,01902485
-0,08519711
-0,07689504
0,0138681
-0,07092388
-0,05394841
0,0138681
-0,07092388
-0,05394841
0,01193248
-0,07846736
-0,03345582
0,02321034
-0,1120087
-0,09329351
0,02321034
-0,1120087
-0,09329351
0,03365277
-0,2357346
-0,1460721
0,02712024
-0,2472319
-0,1331495
0,02712024
-0,2472319
-0,1331495
0,03399238
-0,4127325
-0,1984027
0,02713888
-0,35514
-0,1691052
0,02713888
-0,35514
-0,1691052
0,02228801
-0,4477904
-0,2088601
0,01874068
-0,3986739
-0,2063281
0,02220442
-0,4397992
-0,2598799
0,02220442
-0,4397992
-0,2598799
0,04744473
-0,3702521
-0,3589073
0,06677137
-0,3034749
-0,4134174
0,06677137
-0,3034749
-0,4134174
0,03607657
-0,07238729
-0,1842134
0,04204759
-0,07383811
-0,2136402
0,04204759
-0,07383811
-0,2136402
0,03285311
-0,04578835
-0,2371677
-0,02730211
0,03448232
-0,1503998
-0,006184876
0,04972134
-0,1472017
-0,006184876
0,04972134
-0,1472017
0,009488605
0,06160385
-0,2292729
0,002101198
0,0695281
-0,2244288
0,002101198
0,0695281
-0,2244288
0,01373285
0,05726539
-0,241464
0,006432384
0,04797843
-0,1899699
0,006432384
0,04797843
-0,1899699
-0,01700617
0,07996432
-0,3293652
-0,04668748
0,08388564
-0,3771437
-0,04668748
0,08388564
-0,3771437
-0,0636307
0,1155014
-0,6975482
0,2835375
0,008043531
-1,055454
0,1059918
0,04968386
-0,7604313
0,1059918
0,04968386
-0,7604313
-0,07092443
0,1076465
-0,4519625
-0,06907769
0,04040362
-0,4781456
-0,06907769
0,04040362
-0,4781456
0,2787449
0,05113725
-0,9448762
0,2651863
0,0432835
-0,8739517
0,2651863
0,0432835
-0,8739517
0,9336433
0,1641362
-3,257149
0,6139257
0,1324381
-2,261908
0,6295938
0,1696327
-2,55676
0,6295938
0,1696327
-2,55676
0,466557
0,02982152
-2,635261
0,1279644
-0,05360469
-1,051645
0,1279644
-0,05360469
-1,051645
0,03225048
0,007401736
-0,4221246
0,02960004
-0,03083709
-0,5061006
0,02960004
-0,03083709
-0,5061006
0,02373395
0,01133466
-0,4501843
0,02315837
0,008182057
-0,4933433
-0,03765474
0,1217197
-0,08858836
-0,03765474
0,1217197
-0,08858836
-0,0151423
0,07427622
-0,04701287
-0,0118393
0,07640386
-0,06489012
-0,0118393
0,07640386
-0,06489012
-0,01658477
0,09998693
-0,1008627
-0,02399996
0,09909366
-0,1052926
-0,02399996
0,09909366
-0,1052926
-0,0299567
0,1042118
-0,1152049
-0,04323034
0,08466371
-0,1083078
-0,04323034
0,08466371
-0,1083078
-0,07564446
0,08213142
-0,1099102
-0,07589343
0,06523167
-0,08747268
-0,06535092
-0,0445519
-0,04200441
-0,06535092
-0,0445519
-0,04200441
-0,07263048
-0,2224608
-0,1822053
-0,09963912
-0,0996857
-0,1273043
-0,09963912
-0,0996857
-0,1273043
-0,07408905
-0,0458886
-0,06441903
-0,06582335
-0,05250433
-0,0811373
-0,06582335
-0,05250433
-0,0811373
-0,1684273
-0,1242266
-0,1751016
-0,1767037
-0,04264895
-0,1580491
-0,153675
-0,03179716
-0,1358287
-0,153675
-0,03179716
-0,1358287
-0,1100114
-0,03434813
-0,1242225
-0,1164168
-0,02576819
-0,1166084
-0,1164168
-0,02576819
-0,1166084
-0,1239244
-0,05272565
-0,1684033
-0,009971753
-0,04459805
-1,200966
-0,009971753
-0,04459805
-1,200966
-0,6680117
-0,04382914
-1,102233
-0,2726366
0,3487337
-2,17366
-0,2726366
0,3487337
-2,17366
-0,02230713
-0,2503045
-1,553204
0,2244236
-0,01593436
-2,625251
0,07629979
0,003725938
-0,6616979
0,07629979
0,003725938
-0,6616979
0,3491674
0,1184151
-4,055473
0,206748
0,1032024
-2,948864
0,206748
0,1032024
-2,948864
closestDistance
0,2592639
0,2568899
0,2568899
0,2495561
0,2503816
0,2503816
0,2436841
0,2430826
0,2430826
0,241983
0,2473165
0,2257159
0,2257159
0,2282582
0,2287134
0,2504432
0,2507882
0,2321931
0,2578026
0,2538632
0,2502726
0,2302798
0,246092
0,2397159
0,2238841
0,2238841
0,2177208
0,2156117
0,2156117
0,2063295
0,2044798
0,2212111
0,2257877
0,2164266
0,212371
0,2108932
0,2214511
0,2093656
0,2114627
0,2120862
0,2120862
0,2088434
0,2043221
0,2015459
0,1949984
0,1857698
0,1915009
0,1871444
0,1847651
0,1813136
0,1813136
0,1758974
0,1710733
0,1710733
0,1651405
0,1562051
0,1531754
0,1531754
0,1490833
0,1446367
0,1503744
0,1453108
0,1352116
0,1353769
0,1295605
0,1223982
0,1235893
0,1235893
0,1193898
0,1087641
0,1087641
0,1084168
0,1083589
0,1083589
0,1083791
0,1084196
0,1084647
0,1084647
0,1085195
0,1086487
0,1086487
0,1087264
0,108795
0,108795
0,1088737
0,1089511
0,1089511
0,1090291
0,1091002
0,1091784
0,1091784
0,1097451
0,1030516
0,119379
0,1178957
0,1260044
0,1260044
0,1272518
0,1208575
0,1146251
0,0988269
0,1028335
0,1122725
0,1122725
0,1148335
0,111505
0,111505
0,112794
0,110828
0,1115123
0,1137307
0,1139518
0,1145987
0,115145
0,1163363
0,1185299
0,1185299
0,1233226
0,1326683
0,1326079
0,1401717
0,1523643
0,1600458
0,155121
0,1687869
0,1787484
0,1787484
0,196007
0,2034227
0,2034227
0,2096195
0,223707
0,2177884
0,2177884
0,2173816
0,212554
0,212554
0,2118127
0,2088394
0,2069841
0,2105017
0,2032789
0,2012161
0,2024466
0,1973195
0,1940254
0,2024581
0,2032099
0,1960008
0,1919069
0,1902373
0,185556
0,1812774
0,1784339
0,1784339
0,1747246
0,1661931
0,1661931
0,16666
0,1671963
0,1683955
0,1677007
0,1614255
0,1613881
0,1603419
0,1502587
0,149902
0,1476855
0,145624
0,1495553
0,1523855
0,1577733
0,1576563
0,1613554
0,1599577
0,1587377
0,1611376
0,1623275
0,1618629
0,1591337
0,1552528
0,1624685
0,1611249
0,1581345
0,1539369
0,1516985
0,1474255
0,1497503
0,1413975
0,1421917
0,1410058
0,1411739
0,1430489
0,1506183
0,1545711
0,1603688
0,1741624
0,1872927
0,1849224
0,1850018
0,1814641
0,1841205
0,1852539
0,1862825
0,1834927
0,1851401
0,1827533
0,1824091
0,1847204
0,1857494
0,1757288
0,175582
0,1858988
0,1866985
0,1866985
0,1852192
0,1918216
0,2049959
0,2240408
0,2275722
0,2390444
0,2372533
0,2443445
0,2326126
0,228523
0,223914
0,2035757
0,19546
0,1953599
0,1879755
0,1868844
0,1850628
0,1844526
0,1853414
0,1851594
0,1864221
0,1808245
0,1822209
0,1956201
0,1867497
0,1876078
0,1852481
0,1785499
0,1764234
0,17586
0,1749167
0,1765364
0,179382
0,1777194
0,183006
0,187788
0,1919067
0,1907718
0,1889373
0,187268
0,183781
0,1732523
0,1719237
0,1712468
0,1700542
0,1639408
0,1622998
0,1630055
0,1719076
0,1719364
0,1907428
0,1832666
0,1921284
0,1996222
0,2002551
0,2123542
0,2072337
0,2113071
0,2020959
0,2033143
0,2015953
0,2050491
0,2050491
0,2060909
0,2072529
0,2073216
0,2050305
0,2018674
0,1960279
0,1960279
0,1925033
0,1907061
0,1907061
0,1887252
0,1894238
0,1894238
0,1904257
0,1941463
0,1945912
0,1967555
0,1979243
0,200455
0,200455
0,2032141
0,2053436
0,2061959
0,207769
0,2092157
0,2092157
0,2110936
0,2120549
0,214087
0,214087
0,2157106
0,2157918
0,2167013
0,215823
0,2147939
0,2212714
0,2216138
0,2222345
0,2222345
0,230715
0,2245835
0,224814
0,2203577
0,2242469
0,2165126
0,2268304
0,2160493
0,2168053
0,2168053
0,219821
0,2220706
0,2209025
0,2209025
0,2164483
0,2135101
0,2148204
0,2111534
0,1960849
0,2055716
0,1985527
0,1856153
0,182781
0,182781
0,1815412
0,1808891
0,1808891
0,1794388
0,1787949
0,1787949
0,1766775
0,184473
0,1825417
0,1814178
0,1809105
0,1782902
0,1759618
0,1716727
0,1613546
0,1613546
0,1575337
0,1527215
0,1512929
0,1456544
0,1382248
0,1296301
0,1296301
0,1239398
0,1297089
0,1269931
0,1246695
0,1223279
0,1223279
0,1201068
0,1169681
0,1169681
0,1122168
0,107297
0,1087479
0,1141656
0,1102421
0,1084617
0,1203998
0,1218421
0,1150575
0,1150575
0,11628
0,1090543
0,1097662
0,1132374
0,1137752
0,1141633
0,1141633
0,114349
0,1145291
0,1145291
0,1148253
0,1140327
0,114405
0,1114617
0,1122878
0,1129712
0,1129712
0,1131962
0,1230392
0,1230392
0,12253
0,1132681
0,1176251
0,1161686
0,1165205
0,1143112
0,1231473
0,1207896
0,1228875
0,121586
0,1203077
0,1192711
0,1192711
0,1170542
0,1065592
0,1065592
0,1104741
0,1150967
0,109575
0,109575
0,1123721
0,1131165
0,1122732
0,1099211
0,1169351
0,1168221
0,1291171
0,1231544
0,1243218
0,1325971
0,152464
0,1651503
0,1651503
0,227736
0,2589532
0,2573848
0,295746
0,2988299
0,2996852
0,2991553
0,3004369
0,3024001
0,2944158
0,2881379
0,2855568
0,2855568
0,2749242
0,2753933
0,2633415
0,2479766
0,2290572
0,2186208
0,2068262
0,205448
0,202017
0,2111197
0,2059924
0,1925981
0,1817769
0,1851964
0,1849216
0,1752347
0,1707522
0,1676178
0,1655207
0,1652932
0,1613444
0,1507751
0,14929
0,1504795
0,1505652
0,1504162
0,1483324
0,1539842
0,1495406
0,1478896
0,1598046
0,1598046
0,1729438
0,1724586
0,1766609
0,1753889
0,1729847
0,1836685
0,1939191
0,2007503
0,2050006
0,2119419
0,2085291
0,2127586
0,2040024
0,2103823
0,2008477
0,1991004
0,1937018
0,192182
0,1970931
0,1930598
0,2040347
0,1967863
0,1904191
0,198776
0,1982189
0,1833619
0,1852967
0,1401412
0,1433748
0,1359978
0,1294814
0,1253771
0,1253771
0,1218995
0,1213923
0,1100891
0,1077625
0,1053457
0,1053457
0,1052958
0,1056697
0,1060415
0,1060415
0,1064296
0,1065335
0,1065335
0,1069551
0,1072117
0,1072117
0,1077437
0,1081572
0,1081572
0,1086854
0,1092507
0,1097175
0,1097175
0,1105129
0,1033349
0,1033349
0,1038405
0,1039033
0,1039033
0,1040057
0,1046566
0,1048469
0,1048469
0,1050749
0,1129521
0,1122762
0,1183159
0,1186789
0,1314543
0,1709956
0,1892282
0,2295394
0,2121565
0,2336156
0,2362349
0,2362349
0,239244
0,2506285
0,2506285
0,2490662
0,2481854
0,24731
0,2500346
0,2409738
0,2419038
0,2419038
0,2478705
0,2517178
0,2517178
0,267019
0,2741881
0,2784313
0,2682671
0,2478918
0,2291217
0,2291217
0,2107413
0,2019324
0,2019324
0,1936504
0,1917742
0,1938394
0,1659708
0,160102
0,1623112
0,1619863
0,1658128
0,1686286
0,1731675
0,1727969
0,1746957
0,1767359
0,1741171
0,1720048
0,1720048
0,1703996
0,1727695
0,1760488
0,1760488
0,1711001
0,1762276
0,1818312
0,1763718
0,183328
0,2005965
0,1945809
0,1879304
0,185845
0,1958458
0,1799368
0,1920199
0,1847421
0,201686
0,2000322
0,1947658
0,2253512
0,222673
0,2112029
0,2232099
0,2253615
0,2254367
0,2254367
0,2390812
0,2439452
0,2452568
0,2361483
0,2318985
0,2322688
0,2376769
0,2242836
0,2252003
0,2188202
0,2156987
0,2110486
0,2048949
0,2062767
0,2045367
0,2117271
0,2166966
0,2171029
0,2189968
0,2296786
0,2373753
0,2398005
0,2480106
0,2418936
0,2352571
0,2292601
0,223188
0,2189521
0,2066479
0,1929689
0,1904427
0,182681
0,1808829
0,1790623
0,1764361
0,1775526
0,1769555
0,1769555
0,1693344
0,164175
0,1679665
0,1702497
0,1723909
0,1738665
0,1718599
0,1718599
0,1732974
0,1763907
0,1774306
0,1733335
0,1706707
0,1697395
0,1696049
0,1701354
0,1701354
0,1685921
0,1669101
0,1659662
0,1659662
0,1683319
0,1728175
0,1785787
0,1815609
0,1815609
0,1813496
0,1821941
0,1821941
0,1797016
0,1932663
0,1975363
0,1989475
0,1991986
0,2079259
0,2046049
0,2043359
0,2043359
0,204465
0,1945657
0,1945657
0,1975516
0,1954132
0,1954132
0,1959032
0,1996545
0,1974684
0,2063953
0,2113882
0,2109279
0,2064908
0,208808
0,2074805
0,2087957
0,208543
0,1980276
0,1946793
0,19017
0,19017
0,1854695
0,1847351
0,1736827
0,1685744
0,163557
0,1646058
0,1515279
0,1527333
0,1466693
0,1428788
0,1388386
0,1456548
0,1380809
0,1422017
0,1417411
0,1441728
0,1437761
0,1409149
0,1388582
0,1386276
0,1388341
0,1379243
0,1429091
0,1419409
0,135709
0,1352128
0,1431523
0,1449999
0,1441094
0,1488646
0,1527204
0,1602453
0,1480907
0,1513582
0,1528313
0,1544016
0,1507791
0,1589293
0,1600285
0,1524099
0,148032
0,1578805
0,1542281
0,163381
0,1585118
0,1585118
0,1539832
0,1557818
0,1600707
0,1576158
0,1621451
0,1664193
0,1632596
0,1656175
0,1724608
0,1778256
0,1706298
0,1633856
0,1696756
0,1693602
0,1774734
0,1697453
0,1696374
0,1711411
0,1725795
0,1725795
0,1747616
0,1667523
0,1707464
0,1661704
0,1637153
0,1781467
0,1814729
0,1835011
0,1812185
0,1834506
0,1609136
0,1590829
0,1590829
0,1580905
0,1823838
0,1716861
0,1758274
0,1648417
0,1610672
0,162386
0,1620413
0,1633534
0,1550353
0,1486686
0,1505504
0,1505504
0,1430726
0,1377589
0,1377589
0,1311602
0,1366572
0,1400771
0,1340257
0,1351163
0,1185952
0,1191471
0,1185714
0,1183037
0,1222989
0,1214985
0,1210278
0,1210278
0,1207523
0,1206062
0,1211042
0,1209528
0,1209785
0,1205847
0,1205847
0,1192804
0,1175262
0,1175262
0,1151614
0,1123107
0,1116152
0,1065962
0,1032429
0,1133984
0,1228034
0,1186552
0,1245578
0,1310979
0,1428164
0,1340071
0,1419153
0,1571054
0,1614497
0,1488607
0,1518108
0,1538796
0,1584308
0,1584308
0,1610895
0,159201
0,159201
0,1593003
0,1592895
0,1592895
0,1604661
0,1657678
0,1695454
0,1814201
0,2033385
0,1795176
0,1817093
0,1869801
0,1854568
0,1854568
0,1890284
0,1822498
0,1805249
0,1805249
0,1866816
0,1906744
0,1906744
0,1913704
0,1949612
0,1949612
0,1974004
0,2012325
0,2014062
0,2014062
0,2034259
0,2001304
0,2047365
0,2088275
0,2114027
0,2059387
0,2036478
0,1850242
0,1698287
0,1662789
0,1805706
0,1809386
0,1657035
0,1624981
0,1674435
0,1891523
0,192596
0,185121
0,1806733
0,1825509
0,1799811
0,1727863
0,1698859
0,1729351
0,165974
0,1624366
0,1648132
0,157218
0,157218
0,1568504
0,1581595
0,1697588
0,1615189
0,1621586
0,1565505
0,1565505
0,1543553
0,1532671
0,1606093
0,1592403
0,1525714
0,1525714
0,1511222
0,1481452
0,1485617
0,154369
0,1482197
0,1405821
0,1405821
0,1344443
0,1298726
0,1298726
0,1254146
0,150343
0,1428261
0,1447657
0,1425028
0,1435116
0,1435116
0,1483964
0,1422508
0,1422508
0,1444214
0,1474012
0,1366194
0,1410525
0,1468682
0,1440931
0,1440931
0,1472139
0,1505316
0,14369
0,1474173
0,1527186
0,145087
0,1433778
0,1422158
0,1472216
0,1421895
0,1394901
0,142824
0,142824
0,1445689
0,1467648
0,1587012
0,1605532
0,1617583
0,1617583
0,1615077
0,1630389
0,1667474
0,1667474
0,1706435
0,1737249
0,1737249
0,1767158
0,1662731
0,1662731
0,1728126
0,1756051
0,1797138
0,1797138
0,1890186
0,1964471
0,1964471
0,2091083
0,2165886
0,2148626
0,2240184
0,2039739
0,2039739
0,1973037
0,1878825
0,180564
0,180564
0,1754693
0,1726237
0,1726237
0,171625
0,1719887
0,1719887
0,1726507
0,1758247
0,1754296
0,1754296
0,1786498
0,180792
0,180792
0,1907017
0,1951043
0,1942362
0,2001668
0,206569
0,2031196
0,2053796
0,202031
0,2040047
0,2040047
0,2041237
0,2118397
0,2118397
0,2128294
0,2144885
0,205559
0,2031004
0,2022686
0,20303
0,20303
0,2065419
0,2129841
0,216066
0,2080589
0,2019999
0,2053853
0,2022117
0,1985798
0,1985798
0,1906703
0,1859733
0,1831335
0,1831335
0,1808103
0,1799456
0,1773225
0,1771162
0,1768649
0,1768649
0,175904
0,1739533
0,1685161
0,1685161
0,1631702
0,1608648
0,1608648
0,1577628
0,1541738
0,1541738
0,1497672
0,1440276
0,1440276
0,1419983
0,1444805
0,1384897
0,1384897
0,1324785
0,1340887
0,1340887
0,1332445
0,1327351
0,1271383
0,1262074
0,1244672
0,1220958
0,1220958
0,1188825
0,1159837
0,1159837
0,1129976
0,107975
0,1140105
0,1136982
0,1136397
0,1136397
0,1135622
0,1072496
0,1071255
0,1071255
0,1068784
0,1067185
0,1135924
0,1075052
0,1072108
0,1072265
0,1072265
0,1076262
0,1075664
0,1149315
0,1155243
0,1167494
0,1132009
0,1154932
0,12455
0,12455
0,1280035
0,1276937
0,1333359
0,120277
0,1107743
0,1208433
0,1138836
0,1123226
0,1108052
0,1108052
0,1095956
0,1044895
0,1043243
0,1043243
0,1041897
0,1042516
0,1129674
0,1128089
0,1128644
0,1128644
0,1135964
0,1140624
0,1157004
0,1144953
0,1198524
0,09940733
0,1035523
0,1100858
0,1097004
0,1113676
0,1184968
0,1275444
0,1342052
0,1648732
0,2163017
0,2623868
0,2094212
0,16181
0,1382244
0,1334504
0,1262404
0,1174686
0,1256765
0,1182449
0,1075956
0,1080923
0,1080923
0,1084672
0,1084372
0,1084372
0,1081901
0,1080103
0,1080103
0,1078426
0,1148022
0,1087128
0,1087886
0,1088194
0,105229
0,105229
0,1000595
0,1048864
0,1048864
0,1035957
0,1100409
0,1045877
0,104404
0,1036278
0,102641
0,1074804
0,1061482
0,1078274
0,10501
0,1037248
0,0900499
0,1058757
0,1211587
0,09728742
0,09122519
0,1044194
0,1377553
0,1526837
0,1402283
0,2046804
0,2538944
0,2545359
timeStamps
4,208017
4,221632
4,235625
4,249667
4,264002
4,277961
4,291694
4,305403
4,319524
4,333256
4,347215
4,360695
4,374784
4,388701
4,40263
4,416702
4,430759
4,444679
4,458517
4,472855
4,486364
4,500657
4,514071
4,528212
4,542202
4,556407
4,569819
4,584135
4,597782
4,613066
4,625678
4,642819
4,66734
4,681203
4,694995
4,709052
4,723052
4,736928
4,750947
4,76476
4,778635
4,792436
4,806474
4,820416
4,83461
4,848506
4,862789
4,876621
4,890692
4,904567
4,918238
4,931982
4,946019
4,959895
4,973796
4,98776
5,001587
5,015555
5,029726
5,04353
5,057505
5,071534
5,085457
5,099705
5,113523
5,127291
5,141147
5,155102
5,168687
5,182921
5,1969
5,210432
5,224876
5,238754
5,252546
5,266466
5,280686
5,294486
5,308652
5,322193
5,336262
5,350061
5,364054
5,37778
5,391755
5,405714
5,419671
5,433545
5,447553
5,461347
5,475359
5,489179
5,503648
5,516935
5,531003
5,544907
5,558885
5,573009
5,586679
5,600478
5,614574
5,62824
5,642669
5,656506
5,67065
5,684676
5,698255
5,71229
5,72651
5,740313
5,754247
5,767771
5,781396
5,795363
5,809541
5,82332
5,83764
5,851568
5,865487
5,879292
5,893262
5,906959
5,920951
5,935375
5,948856
5,962729
5,9766
5,99043
6,004499
6,018196
6,032156
6,046757
6,060349
6,074455
6,088582
6,102114
6,116122
6,130371
6,144831
6,159039
6,171592
6,18534
6,199384
6,213471
6,227232
6,241339
6,256193
6,27055
6,284877
6,310608
6,325323
6,339762
6,354463
6,380035
6,394186
6,407489
6,421582
6,435725
6,449972
6,465499
6,491485
6,506098
6,521234
6,547248
6,563014
6,589011
6,604166
6,618621
6,644593
6,67278
6,688304
6,714264
6,729665
6,756119
6,784339
6,80015
6,825656
6,841682
6,867013
6,883386
6,908904
6,925044
6,950541
6,965832
6,99276
7,008391
7,034141
7,049139
7,06471
7,089851
7,10518
7,132064
7,147277
7,173706
7,189747
7,215167
7,229048
7,243904
7,259064
7,28497
7,299965
7,313505
7,327285
7,341306
7,354661
7,368905
7,38253
7,396569
7,41031
7,424316
7,438265
7,452512
7,466788
7,480914
7,49552
7,510201
7,535707
7,549584
7,566095
7,591419
7,607806
7,633004
7,647381
7,662407
7,688805
7,705211
7,730375
7,746327
7,772221
7,787868
7,814253
7,830019
7,855539
7,870986
7,897913
7,913873
7,939672
7,967166
7,995355
8,010849
8,036716
8,052016
8,078774
8,106892
8,134804
8,150693
8,176481
8,204686
8,232723
8,260267
8,289469
8,31574
8,343789
8,371526
8,399592
8,41512
8,440718
8,456479
8,482562
8,498721
8,524495
8,55217
8,567517
8,582081
8,607916
8,622463
8,636772
8,650513
8,664714
8,679159
8,693048
8,719822
8,735365
8,761027
8,775034
8,788591
8,802288
8,816397
8,830395
8,844266
8,85835
8,87245
8,886687
8,900553
8,914829
8,928307
8,942594
8,956366
8,970341
8,983894
8,997845
9,011822
9,02601
9,039702
9,053658
9,067908
9,081881
9,096016
9,109704
9,123907
9,137438
9,151334
9,165163
9,179246
9,193261
9,207404
9,220516
9,234892
9,248664
9,262468
9,276389
9,29054
9,304208
9,318317
9,332816
9,345976
9,359881
9,373894
9,387443
9,401406
9,415544
9,429509
9,443463
9,457665
9,471249
9,485283
9,499456
9,512979
9,527023
9,541247
9,5548
9,568877
9,582497
9,596419
9,610267
9,624696
9,638486
9,652517
9,666689
9,680208
9,694113
9,708101
9,722039
9,735998
9,750391
9,763805
9,77739
9,791466
9,805403
9,819458
9,833426
9,847474
9,861076
9,875151
9,888988
9,903038
9,916778
9,930465
9,944508
9,958546
9,972705
9,986574
10,0006
10,01427
10,02854
10,04236
10,05625
10,07
10,08418
10,09827
10,11211
10,1256
10,13936
10,15339
10,16758
10,18143
10,19548
10,20943
10,22326
10,23723
10,2512
10,26559
10,27876
10,29286
10,30659
10,32069
10,33469
10,34818
10,36202
10,37627
10,39004
10,40419
10,41816
10,43196
10,44578
10,46013
10,47374
10,4878
10,50168
10,51544
10,52955
10,54354
10,55702
10,57095
10,58541
10,59885
10,61294
10,62694
10,64085
10,65493
10,66897
10,68264
10,69656
10,71046
10,72436
10,7382
10,75181
10,76602
10,77975
10,79418
10,80796
10,82187
10,83578
10,84992
10,86358
10,87773
10,89144
10,9055
10,91943
10,93338
10,94688
10,96114
10,97495
10,9889
11,00334
11,01719
11,03122
11,04463
11,05855
11,0725
11,08665
11,10027
11,11415
11,12806
11,14163
11,15573
11,1697
11,18363
11,19763
11,21201
11,2262
11,24142
11,26747
11,28258
11,30897
11,32426
11,35082
11,36552
11,37984
11,39394
11,4197
11,43442
11,44914
11,47576
11,49118
11,51746
11,53253
11,54731
11,5731
11,58845
11,61513
11,63116
11,65741
11,68467
11,71235
11,7279
11,75431
11,77016
11,79636
11,82389
11,83918
11,86629
11,89359
11,90876
11,93518
11,9506
11,97761
12,00517
12,02053
12,04701
12,06238
12,08808
12,10199
12,11615
12,12997
12,14402
12,15844
12,17254
12,18614
12,20041
12,21426
12,22822
12,24227
12,25689
12,27021
12,28393
12,29753
12,31154
12,3255
12,33965
12,3535
12,36755
12,38136
12,39526
12,40963
12,42325
12,43693
12,45114
12,46474
12,47915
12,49249
12,50664
12,52047
12,53422
12,54806
12,56276
12,5761
12,59016
12,6041
12,61815
12,63213
12,64582
12,65944
12,67364
12,68807
12,70114
12,71534
12,72928
12,74352
12,75692
12,77082
12,78493
12,79874
12,81268
12,8266
12,84061
12,85449
12,86856
12,88235
12,89646
12,91023
12,92405
12,9379
12,95179
12,96631
12,98015
12,99409
13,0078
13,02193
13,03566
13,04915
13,06335
13,07729
13,09085
13,10534
13,11905
13,13307
13,14692
13,16084
13,17496
13,18898
13,20291
13,21659
13,23111
13,24466
13,25836
13,27258
13,28621
13,3
13,31405
13,32788
13,34166
13,35547
13,3695
13,38408
13,39746
13,41135
13,42551
13,43953
13,4533
13,46714
13,48105
13,49477
13,50866
13,52285
13,53698
13,55065
13,56458
13,57859
13,59239
13,60628
13,62054
13,63453
13,64787
13,66188
13,67561
13,68958
13,70381
13,71772
13,73239
13,74568
13,75964
13,77374
13,78769
13,80144
13,81534
13,8288
13,84289
13,85676
13,87076
13,88501
13,89904
13,91287
13,92682
13,94157
13,95623
13,97038
13,99548
14,01039
14,02523
14,05113
14,066
14,09345
14,12125
14,14917
14,17741
14,20522
14,23275
14,24799
14,27442
14,29048
14,31631
14,34404
14,37215
14,40008
14,42725
14,44255
14,46965
14,48564
14,51073
14,52583
14,55267
14,56768
14,58291
14,60808
14,6223
14,63621
14,6502
14,66434
14,67856
14,6924
14,70675
14,7207
14,73574
14,74947
14,76325
14,77687
14,79047
14,80457
14,83017
14,84419
14,85835
14,87269
14,88751
14,9015
14,91663
14,93054
14,95594
14,96959
14,98362
14,99757
15,01194
15,026
15,0404
15,05519
15,06982
15,09541
15,10928
15,1239
15,13841
15,15254
15,16604
15,17983
15,19434
15,20861
15,22241
15,24862
15,26269
15,27734
15,29109
15,3052
15,3198
15,3461
15,36185
15,37556
15,38801
15,40105
15,41552
15,42947
15,44337
15,45765
15,47178
15,48653
15,50161
15,52722
15,54341
15,56864
15,5842
15,61047
15,62626
15,65239
15,68031
15,69624
15,72214
15,7385
15,76394
15,79214
15,82004
15,84778
15,86393
15,8891
15,90508
15,93089
15,95903
15,97437
16,00035
16,01624
16,04241
16,05835
16,08458
16,11224
16,14052
16,16782
16,18284
16,2096
16,22508
16,25148
16,27927
16,29554
16,32077
16,33632
16,36232
16,37741
16,39136
16,40517
16,41966
16,43384
16,45951
16,47493
16,48908
16,51595
16,53134
16,55735
16,57182
16,58512
16,60101
16,62667
16,6406
16,655
16,66869
16,68289
16,69668
16,71093
16,72492
16,73887
16,75436
16,76728
16,77998
16,79395
16,80826
16,82189
16,83621
16,85048
16,86397
16,87803
16,89188
16,9058
16,92032
16,93358
16,94758
16,96152
16,97515
16,98914
17,00331
17,01722
17,03126
17,04541
17,05942
17,07327
17,08691
17,10097
17,11482
17,12876
17,14241
17,15629
17,17026
17,18451
17,19831
17,21271
17,22644
17,24056
17,25435
17,26813
17,28182
17,29576
17,30987
17,3235
17,3378
17,35165
17,36507
17,37896
17,39315
17,40727
17,4211
17,43503
17,44898
17,4631
17,47673
17,49056
17,50446
17,51871
17,53206
17,54618
17,55997
17,57449
17,58803
17,60213
17,61604
17,63017
17,64383
17,6582
17,67182
17,68586
17,69959
17,7131
17,72748
17,74108
17,75549
17,76929
17,78322
17,79733
17,81093
17,8251
17,83923
17,85266
17,86681
17,88056
17,8946
17,90847
17,92201
17,93593
17,95004
17,9644
17,97786
17,99218
18,00585
18,01988
18,03382
18,04756
18,06152
18,07589
18,08957
18,10291
18,1172
18,131
18,14494
18,15903
18,17337
18,18689
18,20085
18,21494
18,22907
18,24236
18,25641
18,27053
18,28412
18,29853
18,31191
18,32755
18,3415
18,35437
18,36757
18,38157
18,39532
18,40941
18,42355
18,43729
18,4509
18,46494
18,47893
18,49311
18,5069
18,52078
18,53477
18,54883
18,5625
18,57693
18,59104
18,60472
18,61847
18,63241
18,64636
18,6602
18,67442
18,68798
18,70185
18,71566
18,72955
18,74372
18,75781
18,77164
18,78557
18,80003
18,81336
18,82742
18,84129
18,85548
18,86923
18,88303
18,89691
18,91043
18,92464
18,93848
18,95236
18,96677
18,98069
18,99447
19,00855
19,02234
19,03657
19,05023
19,06535
19,07757
19,09155
19,10532
19,11926
19,13323
19,14717
19,16132
19,17524
19,18924
19,20329
19,21703
19,23153
19,2447
19,25881
19,27301
19,28634
19,30043
19,31433
19,32822
19,34252
19,35645
19,37017
19,38408
19,39815
19,41194
19,4262
19,43967
19,45365
19,46748
19,48143
19,49508
19,50945
19,5232
19,53729
19,55111
19,56517
19,57897
19,59297
19,60686
19,62086
19,63545
19,64886
19,66249
19,67614
19,69008
19,70413
19,71792
19,73234
19,74608
19,76003
19,77397
19,78778
19,80178
19,81562
19,82974
19,84364
19,85732
19,87133
19,88618
19,89889
19,91267
19,92673
19,94081
19,95475
19,96885
19,98261
19,99651
20,01049
20,02434
20,03828
20,05231
20,066
20,08004
20,09389
20,10827
20,12193
20,13584
20,15003
20,16353
20,17752
20,19168
20,20533
20,21936
20,23347
20,24689
20,26114
20,27523
20,28856
20,30289
20,31678
20,33093
20,3446
20,35864
20,37286
20,38642
20,40037
20,41453
20,42809
20,44176
20,45567
20,47009
20,48368
20,49783
20,51181
20,52566
20,53978
20,55338
20,56767
20,58132
20,59494
20,60935
20,62282
20,63711
20,65075
20,66496
20,67918
20,6928
20,70823
20,72152
20,73439
20,74837
20,76212
20,77612
20,79017
20,80359
20,81786
20,83202
20,8457
20,8593
20,87369
20,8877
20,9014
20,91573
20,92945
20,9432
20,95727
20,97108
20,98501
20,99885
21,01247
21,02658
21,04074
21,05448
21,06862
21,08272
21,09636
21,11068
21,12453
21,13828
21,15204
21,16648
21,17974
21,19409
21,20811
21,22177
21,23559
21,26895
21,29391
21,32115
21,33483
21,34739
21,3612
21,37511
21,38859
21,40255
21,41602
21,43004
21,4437
21,45755
21,47195
21,486
21,49939
21,51413
21,5271
21,54128
21,5552
21,56897
21,58284
21,59803
21,61034
21,62442
21,63835
21,65271
21,66652
21,68034
21,69447
21,70814
21,72262
21,73613
21,75
21,76382
21,77778
21,79176
21,8057
21,81986
21,83338
21,84785
21,86149
21,87597
21,88908
21,90337
21,91708
21,93109
21,94544
21,95885
21,97284
21,98673
22,00069
22,01424
22,02883
22,04257
22,05638
22,07036
22,08458
22,0984
22,11243
22,12597
22,14006
22,15357
22,16751
22,18131
22,19549
22,20975
22,22332
22,23759
22,25172
22,26523
22,27898
22,29304
22,30692
22,32112
22,33467
22,34877
22,36374
22,37656
22,3901
22,40437
22,41837
22,43275
22,44642
22,4601
22,47439
22,48818
22,50177
22,51574
22,52961
22,54329
22,55772
22,57157
22,5855
22,5995
22,61337
22,6273
22,64128
22,65531
22,66923
22,68302
22,69719
