participantNumber
12
repetitionNum
2
sdfEnabled
1
taskTime
14,00745
numHits
8
positionDifference
0,1533183
angleDifference
42,39161
finalPosX
-0,1479868
finalPosY
0,02193587
finalPosZ
-0,7844379
finalRotX
357,6416
finalRotY
41,40422
finalRotZ
8,151976
taskType
torus
velocityMagnitude
0,4733449
0,4733449
0,6196032
0,3186963
0,3186963
0,5876391
0,1582327
0,2604691
0,2604691
0,07877605
0,03660015
0,03660015
0,1918882
0,1959014
0,1959014
0,3547371
0,2474164
0,2474164
0,1364415
0,1017523
0,1614364
0,1614364
0,7506301
0,6721894
0,6721894
0,726872
0,4434819
0,4434819
0,3319487
0,1838386
0,08211657
0,08211657
0,05353314
0,1110389
0,1110389
0,1517682
0,06033823
0,06033823
0,2254601
0,1277369
0,1796895
0,1796895
0,2811886
0,1446714
0,1446714
0,2573389
0,2055943
0,2055943
0,3309202
0,1061865
0,1061865
0,1435402
0,2819988
0,3710265
0,3710265
0,2663885
0,09289039
0,09289039
0,174537
0,09581613
0,09581613
0,1005221
0,1082231
0,09402664
0,09402664
0,2369214
0,1523898
0,1523898
0,09512537
0,08626504
0,08626504
0,1149653
0,09211251
0,0718713
0,0718713
0,08034597
0,05280472
0,05280472
0,02700285
0,02896587
0,02896587
0,03925076
0,04078678
0,04078678
0,1067446
0,1043075
0,08470211
0,08470211
0,1246768
0,1535682
0,1535682
0,2207256
0,2180184
0,2180184
0,1736622
0,1832636
0,1976856
0,1976856
0,1639554
0,1769676
0,1769676
0,05764097
0,04102361
0,04102361
0,03731773
0,03485726
0,03474725
0,03474725
0,04232974
0,03677808
0,03677808
0,05262407
0,05190665
0,05190665
0,1112002
0,06368145
0,06368145
0,06258102
0,05629019
0,05398543
0,05398543
0,06783306
0,05529579
0,05529579
0,07326698
0,08022572
0,08022572
0,006779991
0,004280429
0,09077312
0,09077312
0,1274155
0,131115
0,131115
0,1231191
0,1089583
0,1089583
0,1532022
0,4976439
0,4976439
0,9029191
2,343356
1,201821
1,201821
0,7681811
0,8500847
0,8500847
1,934984
2,268937
2,268937
9,747594
5,462352
1,152529
1,152529
0,1261857
0,1683901
0,1683901
0,2855247
0,2242346
0,2242346
0,2678612
0,2854012
0,2854012
0,1354394
0,0191495
0,05618751
0,05618751
0,01721417
0,01517325
0,01517325
0,1505583
0,1057961
0,1057961
0,2346257
0,2115877
0,1291418
0,1291418
0,8582
1,239209
1,239209
0,4244249
0,3984184
0,3984184
0,2525593
0,2412363
0,2412363
0,2406053
0,2361241
0,2340161
0,2340161
0,3264396
0,3038435
0,3038435
0,3426407
0,3336605
0,3336605
0,3726407
0,356593
0,3665711
0,3665711
0,9367858
0,8307307
0,8307307
2,110269
1,32032
1,32032
2,087362
0,6038135
0,4521858
0,4521858
1,079141
0,5400789
0,5400789
0,9992217
0,3987657
0,3987657
0,8881299
0,5245126
0,5245126
1,246503
0,7247894
0,81581
0,81581
1,401399
0,9965547
0,9965547
1,505253
1,235989
1,235989
1,444937
0,7938038
0,9588306
0,9626986
1,024431
1,024431
0,6075717
0,242449
0,3726165
0,7227806
0,6078924
0,6751552
0,8033137
0,8033137
1,587445
0,7655397
0,7655397
0,6484305
0,7677436
0,7677436
1,027169
0,6268238
0,6268238
0,4902577
0,4689784
0,6038231
0,6038231
0,6869696
0,3030751
0,3030751
0,18296
0,1623358
0,1623358
0,7160012
0,5470609
0,5447077
0,5447077
0,7430521
0,520257
0,520257
0,6773489
0,5486631
0,5486631
0,7363
0,5894334
0,5113508
0,5113508
0,8832011
0,4568478
0,4568478
0,5011583
0,3077206
0,3077206
0,7609312
0,4153392
0,09958683
0,09958683
0,0684213
0,2865582
0,2865582
0,3761632
0,1604493
0,1604493
0,3166719
0,2904497
0,2904497
0,5139956
0,1414625
0,09980968
0,09980968
0,2079603
0,3871839
0,3871839
0,4630194
0,1367418
0,1367418
0,4433008
0,224797
0,1466471
0,1466471
0,3984518
0,1597163
0,1597163
0,7868327
0,2758607
0,2758607
0,3266405
0,1620445
0,1620445
0,4745139
0,33765
0,2546212
0,2546212
0,3299635
0,03181876
0,03181876
0,2965267
0,1461198
0,1461198
0,6020165
0,3144381
0,2896201
0,2896201
0,2896048
0,2036236
0,2036236
0,2478062
0,1920172
0,1920172
0,3047574
0,122045
0,111066
0,111066
0,2082114
0,1089703
0,1089703
0,0830178
0,05512502
0,05512502
0,01542601
0,01747325
0,01747325
0,03481791
0,01682568
0,01275457
0,01275457
0,005214914
0,04096064
0,04096064
0,1942734
0,1512408
0,1512408
0,09584394
0,1182002
0,2059741
0,2059741
0,2177777
0,06742734
0,06742734
0,09971062
0,1180382
0,1180382
0,2350367
0,1513435
0,1513435
0,1053655
0,1376606
0,2088402
0,2088402
0,2312453
0,1881611
0,1881611
0,2643364
0,2576032
0,2576032
0,4515569
0,4226876
0,4130661
0,4130661
0,4801606
0,5415235
0,5415235
0,5632387
0,4125465
0,4125465
0,152873
0,1849678
0,1849678
0,1076996
0,1077487
0,1083585
0,1083585
0,1509032
0,1447836
0,1447836
0,1522108
0,1145127
0,1145127
0,1233588
0,1049972
0,0752429
0,0752429
0,0696141
0,05539634
0,05539634
0,07171509
0,07865316
0,07865316
0,0783001
0,09249082
0,09249082
0,4910332
0,7386976
0,4860952
0,4860952
0,112236
0,3627037
0,3627037
0,442285
0,383976
0,383976
0,5260784
1,074269
1,017039
1,017039
3,200771
2,426863
2,426863
3,775098
1,6909
1,6909
1,043727
0,3365283
0,3365283
0,9788216
0,2395863
0,6915318
0,6915318
1,650764
0,7118061
0,7118061
0,6995414
0,4438654
0,4438654
1,147312
0,9138759
0,5737847
0,5737847
1,081868
0,7047157
0,7047157
0,9734242
0,2886538
0,2886538
0,6454655
0,5221478
0,6548819
0,6548819
0,6414466
0,7178478
0,7178478
0,9342252
0,3419622
0,3419622
0,7961471
0,3572647
0,3572647
0,5811723
0,7188874
0,5539404
0,5539404
0,9450101
0,7069558
0,7069558
0,4535613
0,1849428
0,1849428
0,5542542
0,5243933
0,5719394
0,5719394
0,4531563
0,2881724
0,2881724
0,640413
0,4611613
0,4611613
0,7412874
0,5606306
0,7354749
0,7354749
1,377385
0,704358
0,704358
1,330019
0,5331774
0,7386147
0,4890263
0,4890263
1,518396
0,5593892
0,2860278
0,2860278
0,7442511
0,7319872
0,9229805
0,3784618
0,3784618
0,5770412
0,4941899
0,6363157
0,05025202
0,05025202
0,7890186
0,4578065
0,2874715
0,5120798
0,5120798
1,052703
0,8594496
0,2875019
0,2875019
0,2775594
0,2408814
0,2408814
0,2672597
0,1182163
0,1182163
0,2812549
0,3148459
0,340078
0,340078
0,2523816
0,1110888
0,1110888
0,5645027
0,411567
0,411567
0,9190246
0,9175712
0,7784493
0,7784493
0,3649563
0,2322141
0,2322141
0,7034445
0,6423391
0,6423391
0,9497049
0,7049814
0,7049814
1,354043
1,007856
0,9937032
0,9937032
0,9383396
0,4953128
0,4953128
1,111315
0,5129397
0,5129397
0,14257
0,1022061
0,1022061
1,076464
0,3853208
0,2089682
0,2089682
0,3374386
0,6744452
0,6744452
1,257067
0,6306069
0,6306069
0,3981426
0,2785175
0,5394279
0,5394279
1,177188
0,4453116
0,4453116
1,159624
0,9005898
0,9005898
1,315377
0,7433948
0,7433948
0,9566789
0,8521233
0,9458889
0,9458889
1,018617
0,3818064
0,3818064
0,7883638
0,7003567
0,7003567
0,7493909
0,5694272
0,5997111
0,5997111
1,222575
0,8358392
0,8358392
1,120409
1,101501
1,101501
1,503344
0,5404047
0,5404047
0,9057631
0,7542455
0,5929843
0,5929843
0,9291769
0,5906643
0,5906643
0,8465394
0,3557251
0,3557251
1,010241
0,5712226
0,2607697
0,2607697
0,9202685
0,6146945
0,6146945
1,442952
0,7488142
0,7488142
1,236015
0,6800456
0,788314
0,788314
1,514037
0,6563215
0,6563215
1,068056
0,5811421
0,5811421
1,81619
0,8819538
0,8819538
1,457675
0,7853399
0,418009
0,418009
1,076557
1,211553
1,211553
1,696786
0,4148894
0,4148894
0,9810809
1,006242
1,28636
1,28636
1,864342
0,5210222
0,5210222
1,03194
0,5360417
0,5360417
1,3428
0,5515628
0,5515628
1,146289
0,7879257
0,6459535
0,6459535
0,7763347
0,6750155
0,6750155
1,365412
0,5511631
0,5511631
0,8892539
0,545892
0,4468302
0,4468302
0,8482656
0,7158011
0,7158011
1,282536
0,9793671
0,9793671
0,5796731
0,4994423
0,4994423
0,892796
0,9107959
0,8094744
0,8094744
0,5811433
0,2045314
0,2045314
0,4410429
0,6646553
0,6646553
0,4569883
0,1615539
0,6202923
0,73837
0,2850778
0,2850778
0,5591916
0,4964695
0,4964695
1,013119
0,6973798
0,6973798
1,262113
0,7620992
0,5989716
0,5989716
0,6797526
0,6328903
0,9713404
1,48162
1,48162
1,13998
0,6872818
0,9489789
0,9489789
1,302938
0,6388019
0,6388019
0,1218235
0,1218235
1,741208
1,030087
0,7759668
0,7759668
1,635968
1,113031
1,113031
1,364838
0,441197
0,441197
1,897801
1,085471
1,085471
2,228606
1,023026
0,2175129
0,2175129
1,22337
1,373551
1,373551
1,729838
0,8581937
0,8581937
1,574655
1,21563
0,7755389
0,7755389
1,051198
0,1793645
0,1793645
1,206118
0,6748976
0,6748976
0,8845693
0,4365607
0,4365607
0,9680555
0,7536141
0,7690536
0,7690536
1,384898
0,7090707
0,7090707
0,8195741
0,8918021
0,8918021
1,164773
0,5369424
0,6237844
0,6237844
1,377142
1,133874
1,133874
0,7301877
0,5679732
0,5679732
0,9745153
1,197699
1,263008
1,263008
1,386252
0,8783067
0,8783067
1,345838
1,265171
1,265171
1,421322
1,036388
1,036388
1,254424
0,8682286
0,865369
0,865369
1,81355
1,235645
1,235645
1,099465
0,9286563
0,9286563
1,846112
1,122814
0,8809692
0,8809692
0,6959026
0,2847885
0,2847885
0,5082704
0,12053
0,12053
0,2646471
0,3515448
0,3515448
0,6993868
0,1802308
0,17177
0,17177
0,2014069
0,9852415
0,9852415
0,3411386
0,526901
0,526901
1,583533
0,5024638
0,2122176
0,2122176
0,5778543
0,212413
0,212413
0,4863095
0,1624077
0,1624077
0,5106344
0,3143776
0,3143776
0,4844436
0,3412579
0,1867852
0,1867852
0,574145
0,3088509
0,3088509
0,3382894
0,2427771
0,2427771
0,2920955
0,1529653
0,3370683
0,3370683
0,5243186
0,3138836
0,3138836
0,3775062
0,3792631
0,3792631
0,2154882
0,5049102
0,5049102
0,8249596
0,5105603
0,2446283
0,2446283
0,2340053
0,3705934
0,3705934
0,4521755
0,09789485
0,09789485
0,1926832
0,07371116
0,223443
0,223443
0,2890046
0,1987609
0,1987609
0,10065
0,09640823
0,09640823
0,2481506
0,1775711
0,1775711
0,1848058
0,1970804
0,2136908
0,2136908
0,4210648
0,2917127
0,2917127
0,1136915
0,1106953
0,1106953
0,5349687
0,5984446
0,4467326
0,4467326
0,249876
0,3966468
0,3966468
0,559262
0,5299987
0,5299987
0,8116273
0,7895538
0,4357665
0,4357665
0,4452962
0,5197692
0,5197692
0,6456314
0,6539765
0,6539765
1,103946
1,074758
1,074758
0,9044169
0,8775508
1,128867
1,128867
2,280388
1,732986
1,732986
2,239398
1,029732
1,029732
1,929411
0,7390948
0,4764367
0,4764367
0,3443235
0,3816475
0,3816475
0,5330061
0,7148371
0,7148371
0,4850635
0,321978
0,321978
0,5302684
0,6748981
0,5601207
0,5601207
0,4828483
0,53474
0,53474
0,6344973
0,3847178
0,3847178
0,07605331
0,06817866
0,09997434
0,09997434
0,3702742
0,3398338
0,3398338
0,2719804
0,2312899
0,2312899
0,3472539
0,3437581
0,3262433
0,3262433
0,4844123
0,6288879
0,6288879
0,8249862
0,6597784
0,6597784
0,2903347
0,987967
0,987967
0,6996858
0,6944907
3,395312
3,395312
2,708945
2,082546
2,082546
velocityComponents
-0,0001549721
0,4727043
0,02461672
-0,0001549721
0,4727043
0,02461672
0,04666448
0,5937632
-0,170809
0,03761053
0,2792511
-0,1489013
0,03761053
0,2792511
-0,1489013
0,0869751
0,4771322
-0,3318131
0,02369285
0,1154374
-0,1055956
0,04700422
0,1609717
-0,199306
0,04700422
0,1609717
-0,199306
-0,0100553
-0,07261187
0,02884567
-0,009405613
0,01221783
0,03319383
-0,009405613
0,01221783
0,03319383
0,02662539
0,1379527
-0,1306951
0,02846122
0,1588751
-0,1110226
0,02846122
0,1588751
-0,1110226
0,07635951
0,1600444
-0,3072351
0,05388856
-0,02854429
-0,2397835
0,05388856
-0,02854429
-0,2397835
0,03010767
0,002110994
-0,1330615
0,02122878
0,01626352
-0,09817514
0,03176757
0,06308204
-0,1451661
0,03176757
0,06308204
-0,1451661
0,1292261
0,4650915
-0,5748357
0,07531703
0,5928547
-0,3077161
0,07531703
0,5928547
-0,3077161
0,1318441
0,3402823
-0,6286239
0,06818213
0,2736922
-0,3422279
0,06818213
0,2736922
-0,3422279
0,0489172
-0,00326786
-0,3283083
0,01990843
-0,02337163
-0,1812569
-0,0009520411
-0,04927977
-0,06567898
-0,0009520411
-0,04927977
-0,06567898
-0,008532054
0,05283245
0,001316256
0,00109148
0,09619416
-0,05545385
0,00109148
0,09619416
-0,05545385
-0,003581059
0,1415004
-0,05475761
-0,01558216
0,05216681
0,02601003
-0,01558216
0,05216681
0,02601003
-0,06874117
-0,03167064
0,2123767
-0,03566437
0,06805298
0,1020469
-0,01341937
0,1772307
0,02641115
-0,01341937
0,1772307
0,02641115
0,002327611
0,2802378
-0,02298701
-0,005175885
0,1438177
0,01481468
-0,005175885
0,1438177
0,01481468
-0,01835707
0,2481406
0,06567026
-0,008878714
0,2038714
0,02503198
-0,008878714
0,2038714
0,02503198
0,011767
0,3174053
-0,09286362
0,004351672
0,09552464
-0,04617006
0,004351672
0,09552464
-0,04617006
-0,0008793756
0,1369207
-0,04307822
0,0154445
0,2542468
-0,1210099
0,03262349
0,3098026
-0,2015408
0,03262349
0,3098026
-0,2015408
0,04339676
0,09626129
-0,2445676
0,01537079
-0,02304979
-0,08866268
0,01537079
-0,02304979
-0,08866268
0,0218323
-0,1089825
-0,1345709
0,01257795
-0,05307112
-0,07877805
0,01257795
-0,05307112
-0,07877805
0,01535996
0,01073003
-0,0987605
0,0175924
0,007560262
-0,1065157
0,01549906
-0,01530034
-0,0914696
0,01549906
-0,01530034
-0,0914696
0,03302229
-0,1384203
-0,189423
0,01861266
-0,103649
-0,1101503
0,01861266
-0,103649
-0,1101503
0,01228888
-0,05953215
-0,07316927
0,01179011
-0,05139973
-0,06826945
0,01179011
-0,05139973
-0,06826945
0,01282102
-0,08876031
-0,07193223
0,01106961
-0,06949452
-0,05943644
0,008064793
-0,0578646
-0,04185845
0,008064793
-0,0578646
-0,04185845
0,006522772
-0,07261769
-0,03375794
0,005097336
-0,04540519
-0,02647121
0,005097336
-0,04540519
-0,02647121
0,005303683
-0,003009477
-0,02630529
0,005734703
0,0009670379
-0,02837604
0,005734703
0,0009670379
-0,02837604
0,008027053
-0,003897606
-0,038223
0,008248479
0,01310805
-0,03773199
0,008248479
0,01310805
-0,03773199
0,02061937
0,03366023
-0,09917782
0,02066514
0,007566447
-0,1019595
0,01682617
-0,003098176
-0,08295619
0,01682617
-0,003098176
-0,08295619
0,02417734
0,02041449
-0,1205944
0,02943212
0,02944725
-0,1478167
0,02943212
0,02944725
-0,1478167
0,04156357
-0,005813878
-0,216699
0,04072463
-0,01841074
-0,2133883
0,04072463
-0,01841074
-0,2133883
0,0325301
0,005222866
-0,1705083
0,03412349
0,01078446
-0,1797355
0,03656715
0,001619846
-0,1942673
0,03656715
0,001619846
-0,1942673
0,02956968
0,01800057
-0,1602592
0,03156719
0,01140081
-0,1737557
0,03156719
0,01140081
-0,1737557
-0,005496319
0,01481529
-0,05543265
-0,0151124
0,01631267
-0,03447389
-0,0151124
0,01631267
-0,03447389
-0,01766397
0,01466898
-0,02941799
-0,01595583
0,0136492
-0,02782336
-0,01448778
0,01600685
-0,02722603
-0,01448778
0,01600685
-0,02722603
-0,01533498
0,01971226
-0,03417706
-0,01088183
0,01846804
-0,02988553
-0,01088183
0,01846804
-0,02988553
-0,01159647
0,03216425
-0,04000345
-0,01249441
0,02992159
-0,04053256
-0,01249441
0,02992159
-0,04053256
-0,02833192
0,04799567
-0,09622473
-0,04501598
-0,01394314
-0,0428308
-0,04501598
-0,01394314
-0,0428308
-0,04393061
-0,01294128
-0,04264984
-0,03909472
-0,01138634
-0,03886566
-0,03697778
-0,01054173
-0,03789383
-0,03697778
-0,01054173
-0,03789383
-0,03912145
-0,02153252
-0,05106062
-0,03630561
-0,01059205
-0,04034024
-0,03630561
-0,01059205
-0,04034024
-0,04973662
-0,0103051
-0,05280268
-0,05276877
-0,01431171
-0,05870944
-0,05276877
-0,01431171
-0,05870944
0,004720263
-0,003122147
-0,003733575
0,0001460537
0,003640823
-0,002246141
-0,05934277
-0,01255321
-0,0675323
-0,05934277
-0,01255321
-0,0675323
-0,08173123
-0,01734365
-0,09619731
-0,07194494
-0,03058857
-0,1052588
-0,07194494
-0,03058857
-0,1052588
-0,07243377
-0,01607872
-0,09825039
-0,0609947
-0,01215066
-0,08946466
-0,0609947
-0,01215066
-0,08946466
-0,08685708
-0,01262516
-0,1255682
-0,06843486
-0,2659202
-0,4150333
-0,06843486
-0,2659202
-0,4150333
-0,6223543
0,2337597
-0,6109781
-0,03137714
0,7947555
-2,204246
0,1832218
0,09086994
-1,184291
0,1832218
0,09086994
-1,184291
0,06153258
-0,1133398
-0,7572781
-0,112504
0,006434955
-0,8425826
-0,112504
0,006434955
-0,8425826
-0,06261092
-0,0414089
-1,933528
0,2928525
0,00739541
-2,249946
0,2928525
0,00739541
-2,249946
0,9209877
-0,8472336
-9,666931
0,5591371
-0,5625476
-5,404461
-0,5011379
0,6424342
-0,815145
-0,5011379
0,6424342
-0,815145
-0,06908419
-0,09735505
0,04089239
-0,1139211
-0,03933631
-0,1176005
-0,1139211
-0,03933631
-0,1176005
-0,1056247
0,04809144
-0,2608735
-0,05786288
0,04529767
-0,2118518
-0,05786288
0,04529767
-0,2118518
-0,02322987
0,04191183
-0,2635401
-0,01094249
0,01672248
-0,2847007
-0,01094249
0,01672248
-0,2847007
-0,02658004
0,03397869
-0,1283853
-0,001374066
0,01174465
-0,01506248
0,01124328
-0,007235125
0,0545736
0,01124328
-0,007235125
0,0545736
-0,00146234
0,001633719
-0,01707396
-0,002107859
0,002909198
-0,01474181
-0,002107859
0,002909198
-0,01474181
0,04634866
-0,04346929
0,1364918
0,02250203
-0,007270113
0,1031194
0,02250203
-0,007270113
0,1031194
0,06697351
0,001055554
0,2248614
0,07431507
-0,03410135
0,1951506
0,04917011
0,007225178
0,1191961
0,04917011
0,007225178
0,1191961
0,3256891
0,2279718
0,7605673
0,5470236
0,317145
1,065751
0,5470236
0,317145
1,065751
0,1353896
0,05645863
0,3982695
0,1462901
0,1169398
0,3516554
0,1462901
0,1169398
0,3516554
0,05381658
0,1798325
0,1689683
0,02775121
0,1301346
0,2012208
0,02775121
0,1301346
0,2012208
0,01192401
0,1504001
0,1874261
0,009342708
0,1607806
0,1726758
0,01115846
0,174996
0,1549691
0,01115846
0,174996
0,1549691
0,02122197
0,2407932
0,2193881
0,02457097
0,2292031
0,1979471
0,02457097
0,2292031
0,1979471
0,0743095
0,3065721
0,1337696
0,06907719
0,3070803
0,110722
0,06907719
0,3070803
0,110722
0,08646245
0,3231643
0,1641649
0,0828125
0,2701579
0,217521
0,0783641
0,2194791
0,282953
0,0783641
0,2194791
0,282953
0,1689643
0,4799302
0,7865658
0,1370182
0,48602
0,6596393
0,1370182
0,48602
0,6596393
0,309126
0,9037065
1,881752
0,1654488
0,6357298
1,145303
0,1654488
0,6357298
1,145303
0,1164127
1,805052
1,041784
0,007349647
0,5865336
-0,143231
-0,01971839
0,4281158
-0,1442221
-0,01971839
0,4281158
-0,1442221
-0,08832864
1,060245
0,1806182
-0,04277329
0,5191533
-0,1426026
-0,04277329
0,5191533
-0,1426026
-0,06039588
0,7935307
-0,6042395
-0,0323655
0,3763465
-0,1277884
-0,0323655
0,3763465
-0,1277884
-0,05045408
0,5688965
-0,6801367
-0,03363
0,3633265
-0,3767975
-0,03363
0,3633265
-0,3767975
-0,1112285
1,080171
-0,6120707
-0,06469685
0,5978051
-0,4046764
-0,05766151
0,5060854
-0,6372587
-0,05766151
0,5060854
-0,6372587
-0,09687336
0,711765
-1,203297
-0,08903338
0,625068
-0,771028
-0,08903338
0,625068
-0,771028
-0,182163
1,148543
-0,955747
-0,163463
0,9722997
-0,7453745
-0,163463
0,9722997
-0,7453745
-0,19482
1,114174
-0,8991677
-0,08923006
0,4423206
-0,6530811
-0,1343065
0,6153651
-0,722941
-0,1577832
0,6904284
-0,6520749
-0,1431497
0,5572411
-0,8476135
-0,1431497
0,5572411
-0,8476135
0,01166631
-0,163953
-0,5849159
0,01218319
-0,10297
-0,2191581
-0,0202179
-0,03781319
-0,3701411
-0,04771948
-0,002755225
-0,7211983
0,02915859
-0,3714398
-0,4803285
0,1052916
-0,6427318
-0,1778878
0,08087158
-0,6431267
-0,4745111
0,08087158
-0,6431267
-0,4745111
0,08747067
-1,174042
-1,064873
0,03436021
-0,556663
-0,5244013
0,03436021
-0,556663
-0,5244013
-0,001868769
-0,3586252
-0,5402282
-0,02231556
-0,3754182
-0,6693231
-0,02231556
-0,3754182
-0,6693231
0,02962695
-0,7616026
-0,6885929
0,06362918
-0,5908816
-0,1992947
0,06362918
-0,5908816
-0,1992947
0,04533227
-0,4678577
-0,1393084
-0,01751316
-0,2758526
-0,3788659
-0,06879936
-0,1394777
-0,5834509
-0,06879936
-0,1394777
-0,5834509
-0,08811198
-0,1084243
-0,6726125
-0,02860385
-0,09288521
-0,2870691
-0,02860385
-0,09288521
-0,2870691
-0,01043787
-0,09083697
-0,1584741
-0,002498213
-0,1147082
-0,1148421
-0,002498213
-0,1147082
-0,1148421
-0,03750853
-0,4618676
-0,5458288
-0,007146274
-0,4394271
-0,3257735
0,02254185
-0,5104023
-0,1889123
0,02254185
-0,5104023
-0,1889123
0,04437512
-0,7245635
-0,1586347
0,03098896
-0,5100876
-0,09755835
0,03098896
-0,5100876
-0,09755835
0,03981195
-0,6692376
-0,09663139
0,04410972
-0,546886
0,00113031
0,04410972
-0,546886
0,00113031
0,05313693
-0,734202
0,01617314
0,01670382
-0,5791417
-0,1083865
-0,01877233
-0,4517634
-0,2388242
-0,01877233
-0,4517634
-0,2388242
-0,06038507
-0,7287235
-0,4953381
0,01434602
-0,4565659
-0,007188569
0,01434602
-0,4565659
-0,007188569
0,03658253
-0,4646948
0,1840655
-0,03370404
-0,2613669
-0,1588816
-0,03370404
-0,2613669
-0,1588816
-0,09995183
-0,546772
-0,519679
-0,04728622
-0,3440879
-0,2277591
-0,01920918
0,0958573
-0,01897159
-0,01920918
0,0958573
-0,01897159
-0,009666976
0,02274869
0,06380063
-0,01969315
-0,2858275
-0,005512967
-0,01969315
-0,2858275
-0,005512967
-0,02860431
-0,374874
-0,01224803
-0,0287747
-0,1519718
-0,04266807
-0,0287747
-0,1519718
-0,04266807
-0,09086497
-0,1934301
-0,2336866
-0,0711351
-0,2067213
-0,1912255
-0,0711351
-0,2067213
-0,1912255
-0,0361153
-0,4990427
0,1176588
-0,02691507
-0,1328645
0,04042586
-0,0400435
-0,0878145
-0,02543824
-0,0400435
-0,0878145
-0,02543824
-0,07263971
-0,1908702
-0,03923685
-0,05019023
-0,3774748
0,07003627
-0,05019023
-0,3774748
0,07003627
-0,1529416
-0,2641439
-0,3481721
-0,06584414
-0,0828268
-0,08661743
-0,06584414
-0,0828268
-0,08661743
-0,1368121
-0,4098741
-0,09900158
-0,03083759
-0,1808982
0,1298406
-0,03522367
-0,1389177
0,03108913
-0,03522367
-0,1389177
0,03108913
-0,1482779
-0,2663671
-0,2565659
-0,05212457
0,1470601
-0,03414183
-0,05212457
0,1470601
-0,03414183
-0,2863097
-0,2642044
-0,6836143
-0,09788384
-0,1860783
-0,1785855
-0,09788384
-0,1860783
-0,1785855
-0,06721849
-0,2833063
0,1480311
-0,0135561
-0,02945474
0,1587673
-0,0135561
-0,02945474
0,1587673
-0,1494126
-0,3712539
-0,2549703
-0,1083706
-0,2131799
-0,2383645
-0,08237574
-0,1729115
-0,1677731
-0,08237574
-0,1729115
-0,1677731
0,005503112
0,1402693
0,2986138
-0,02529096
-0,003613133
-0,01896698
-0,02529096
-0,003613133
-0,01896698
-0,1154564
-0,1068152
-0,2513731
-0,05850541
0,03768078
-0,1284845
-0,05850541
0,03768078
-0,1284845
-0,1734019
0,2737241
-0,5073764
-0,09042387
0,09092827
-0,2871009
-0,08013161
-0,04902381
-0,2739624
-0,08013161
-0,04902381
-0,2739624
-0,08795002
0,007381721
-0,2758283
-0,05334285
0,07076758
-0,1833277
-0,05334285
0,07076758
-0,1833277
-0,05788207
0,004423767
-0,2409108
-0,04468539
-0,013198
-0,1862784
-0,04468539
-0,013198
-0,1862784
-0,06599411
-0,02754941
-0,296248
-0,02082852
-0,03977258
-0,113487
-0,010805
-0,08053211
-0,0757198
-0,010805
-0,08053211
-0,0757198
-0,03298904
-0,0808871
-0,189
-0,01758612
0,01314402
-0,1067356
-0,01758612
0,01314402
-0,1067356
-0,005847172
0,05736556
-0,05972401
-0,001667062
0,04385358
-0,03335944
-0,001667062
0,04385358
-0,03335944
0,003500925
-0,009642446
-0,01152078
0,00442087
-0,01676126
0,002197882
0,00442087
-0,01676126
0,002197882
0,009526058
-0,02332636
0,02402961
0,005872039
0,006357127
0,01442947
0,002985177
0,009865103
0,007513152
0,002985177
0,009865103
0,007513152
0,001833622
-0,003630616
0,003263708
-0,007810046
0,004530821
-0,03995309
-0,007810046
0,004530821
-0,03995309
-0,0325603
0,09901048
-0,1639478
-0,0253191
0,07297883
-0,1300262
-0,0253191
0,07297883
-0,1300262
-0,01430848
0,02890678
-0,09025368
-0,0200392
0,01559702
-0,1154402
-0,04026536
0,01824642
-0,2011743
-0,04026536
0,01824642
-0,2011743
-0,04157527
-0,06257805
-0,204408
-0,0111978
-0,01613481
-0,06450368
-0,0111978
-0,01613481
-0,06450368
-0,01827638
-0,0159844
-0,09670926
-0,02290543
-0,004973321
-0,1156876
-0,02290543
-0,004973321
-0,1156876
-0,04823446
0,02563288
-0,2286015
-0,03141391
0,004964392
-0,1479641
-0,03141391
0,004964392
-0,1479641
-0,02085541
0,02370699
-0,1005232
-0,02797198
0,03426149
-0,1303617
-0,04409354
0,06042539
-0,194984
-0,04409354
0,06042539
-0,194984
-0,05315485
0,0004844202
-0,2250527
-0,04229068
-0,03524928
-0,1799266
-0,04229068
-0,03524928
-0,1799266
-0,06060723
-0,03394314
-0,2550458
-0,05975461
-0,01347059
-0,2502145
-0,05975461
-0,01347059
-0,2502145
-0,1087603
-0,02221726
-0,4376999
-0,1017892
-0,04667025
-0,4075851
-0,09925724
-0,08318941
-0,3922386
-0,09925724
-0,08318941
-0,3922386
-0,1214103
-0,04311009
-0,462553
-0,139978
-0,052426
-0,5204856
-0,139978
-0,052426
-0,5204856
-0,1489798
-0,1156131
-0,530732
0,03236844
-0,2234366
-0,3452869
0,03236844
-0,2234366
-0,3452869
0,0354998
-0,05297842
-0,138936
0,02377968
-0,05237166
-0,1757976
0,02377968
-0,05237166
-0,1757976
0,03751539
-0,004635135
-0,1008479
0,02531549
-0,001874289
-0,1047157
0,02204295
0,002372268
-0,1060663
0,02204295
0,002372268
-0,1060663
0,02797319
-0,001974168
-0,1482746
0,006635994
-0,01089186
-0,1442207
0,006635994
-0,01089186
-0,1442207
-0,003761977
-0,02272275
-0,1504582
-0,001368985
-0,007235987
-0,1142757
-0,001368985
-0,007235987
-0,1142757
0,001618072
0,001631476
-0,1233374
-0,008535489
0,006584978
-0,1044424
-0,008646101
0,005584129
-0,07453561
-0,008646101
0,005584129
-0,07453561
-0,01523764
-0,003063474
-0,06785685
-0,01512152
-0,0002565682
-0,05329192
-0,01512152
-0,0002565682
-0,05329192
-0,009837717
-0,006366052
-0,07075131
0,006309927
-0,02062821
-0,07563716
0,006309927
-0,02062821
-0,07563716
0,02669868
-0,04508653
-0,05818325
0,02399915
-0,04493822
-0,07719553
0,02399915
-0,04493822
-0,07719553
-0,0274069
-0,06478451
-0,4859686
-0,2043397
0,02337605
-0,7094879
-0,07505932
-0,2042906
-0,4346492
-0,07505932
-0,2042906
-0,4346492
-0,01684266
-0,01516977
-0,1099232
0,05678049
0,2056627
-0,2933134
0,05678049
0,2056627
-0,2933134
-0,1408784
0,172915
-0,381929
-0,09842445
0,141922
-0,3429407
-0,09842445
0,141922
-0,3429407
-0,1167123
0,02028957
-0,5125671
-0,3945994
-0,3406394
-0,9393137
-0,3630377
-0,3403469
-0,8869814
-0,3630377
-0,3403469
-0,8869814
-1,072053
-0,9427218
-2,864771
-0,8087174
-0,6271638
-2,200525
-0,8087174
-0,6271638
-2,200525
-1,277248
-0,1933387
-3,547199
-0,5391673
0,1297685
-1,597374
-0,5391673
0,1297685
-1,597374
-0,2703961
0,08370243
-1,004612
0,1515627
-0,02793856
0,2991647
0,1515627
-0,02793856
0,2991647
-0,440371
-0,4635826
-0,7411182
0,05027652
0,1909971
0,1356244
0,1776755
0,5375397
0,397113
0,1776755
0,5375397
0,397113
0,3468633
1,410993
0,7834584
-0,02362728
0,710862
-0,02801716
-0,02362728
0,710862
-0,02801716
-0,1720071
0,6012231
-0,3135324
0,1266837
0,3255058
0,2738863
0,1266837
0,3255058
0,2738863
0,2998054
0,8953912
0,6517023
0,1258731
0,85673
0,2921283
-0,1250565
0,5038118
-0,2444655
-0,1250565
0,5038118
-0,2444655
-0,1064062
1,064718
-0,15966
0,1506209
0,5752918
0,3781229
0,1506209
0,5752918
0,3781229
0,01642108
0,9597797
0,1615793
-0,1183152
0,1429353
-0,2211154
-0,1183152
0,1429353
-0,2211154
0,2462745
0,1299709
0,5823076
0,1949668
0,1479924
0,4612207
0,1778305
0,4265845
0,4639745
0,1778305
0,4265845
0,4639745
-0,09932243
0,6260363
-0,09832238
-0,2523366
0,4705468
-0,4798098
-0,2523366
0,4705468
-0,4798098
0,02022623
0,9124962
0,1992944
0,111472
0,1703227
0,2747769
0,111472
0,1703227
0,2747769
0,3283084
-0,08074455
0,7207941
0,139698
0,02760044
0,3276595
0,139698
0,02760044
0,3276595
-0,144169
0,5206708
-0,2141926
-0,02959923
0,7126877
0,08943827
0,0433118
0,5074756
0,2178132
0,0433118
0,5074756
0,2178132
0,07977153
0,8488174
0,4076636
0,04281356
0,6456996
0,2846497
0,04281356
0,6456996
0,2846497
0,02992657
0,3976011
0,2161843
-0,01090796
-0,1739093
-0,06197094
-0,01090796
-0,1739093
-0,06197094
0,1887538
0,1195984
0,507214
0,1279634
0,3043633
0,4074023
0,03317535
0,5162302
0,2439682
0,03317535
0,5162302
0,2439682
-0,01959665
0,4410015
0,1023928
-0,02193492
0,2837428
0,0453013
-0,02193492
0,2837428
0,0453013
0,06076623
0,5416927
0,3361626
0,08981965
0,3122328
0,3272811
0,08981965
0,3122328
0,3272811
0,1319742
0,5130947
0,5184821
0,06521329
0,44144
0,3393887
0,01638852
0,6638202
0,3162239
0,01638852
0,6638202
0,3162239
0,03501104
1,219779
0,6388293
0,008884646
0,6247396
0,3251793
0,008884646
0,6247396
0,3251793
0,1873056
0,8871663
0,9730387
0,188307
-0,1624824
0,4716122
0,2140004
0,1214311
0,6964266
0,154978
0,01449287
0,463593
0,154978
0,01449287
0,463593
0,396651
0,393863
1,41176
0,1096427
0,2328053
0,4966855
0,08915663
-0,08481443
0,2582043
0,08915663
-0,08481443
0,2582043
0,2099514
-0,618726
0,3563821
0,2273738
-0,5442172
0,4335135
0,2976396
-0,4731378
0,7344688
0,109832
-0,05002428
0,358703
0,109832
-0,05002428
0,358703
0,1488788
0,03620928
0,5563278
0,139037
-0,03584299
0,4728717
0,1901552
-0,2134183
0,5684991
0,01325297
-0,01661167
0,04553764
0,01325297
-0,01661167
0,04553764
0,225088
-0,1986522
0,7296732
0,126757
-0,09337977
0,4298833
0,07991955
-0,1512529
0,231031
0,1405333
-0,190735
0,4539782
0,1405333
-0,190735
0,4539782
0,2339115
0,1062877
1,020869
0,1558299
0,2501219
0,8073474
0,04701283
0,09297631
0,26796
0,04701283
0,09297631
0,26796
0,06930596
-0,04433523
0,2650854
0,06050313
-0,1997021
0,1203425
0,06050313
-0,1997021
0,1203425
0,06826717
-0,04667107
0,2541439
0,03423323
-0,04830128
0,1023238
0,03423323
-0,04830128
0,1023238
0,07763534
-0,2236371
0,1518667
0,08835309
-0,1974537
0,2287657
0,09162427
-0,210798
0,2506436
0,09162427
-0,210798
0,2506436
0,06037868
-0,08626539
0,2293669
0,01653624
-0,107375
0,02319227
0,01653624
-0,107375
0,02319227
0,06531909
-0,5603146
-0,02107751
0,07081479
-0,3952425
0,09031065
0,07081479
-0,3952425
0,09031065
0,1881975
-0,8113689
0,3884178
0,1715376
-0,8483768
0,3045796
0,1362818
-0,7307826
0,2310138
0,1362818
-0,7307826
0,2310138
0,06191005
-0,3378645
0,1233203
0,04305315
-0,2009532
0,1081092
0,04305315
-0,2009532
0,1081092
0,1256913
-0,6314185
0,2834547
0,1092259
-0,5832347
0,2459805
0,1092259
-0,5832347
0,2459805
0,1702685
-0,7858883
0,5052994
0,1018782
-0,6472114
0,2602632
0,1018782
-0,6472114
0,2602632
0,1307456
-1,329666
0,2198306
0,1207681
-0,9453678
0,3278249
0,1321111
-0,8767246
0,4487167
0,1321111
-0,8767246
0,4487167
0,1260311
-0,7727419
0,5171725
0,06722593
-0,3961483
0,289624
0,06722593
-0,3961483
0,289624
0,0860263
-1,073611
0,273825
0,05455376
-0,4569243
0,2266079
0,05455376
-0,4569243
0,2266079
-0,0198473
-0,09072661
-0,108171
-0,01012852
-0,0706108
-0,07319572
-0,01012852
-0,0706108
-0,07319572
-0,0231328
-1,042651
-0,2666803
0,03529005
-0,3580454
0,1379502
0,03687381
0,04809975
0,1999861
0,03687381
0,04809975
0,1999861
0,03915923
-0,2725122
0,1951115
-0,02048578
-0,6551908
-0,1586872
-0,02048578
-0,6551908
-0,1586872
-0,05225145
-1,207864
-0,3443131
0,01698144
-0,6239752
0,08961979
0,01698144
-0,6239752
0,08961979
0,06656003
-0,15207
0,3618868
0,01626571
-0,2494172
0,1228758
-0,01983299
-0,5381563
-0,03125531
-0,01983299
-0,5381563
-0,03125531
-0,120286
-1,070899
-0,4737904
-0,009384166
-0,4420176
0,05324317
-0,009384166
-0,4420176
0,05324317
-0,03542083
-1,150022
0,1446435
-0,0304695
-0,8882489
0,1454212
-0,0304695
-0,8882489
0,1454212
-0,01476477
-1,226931
0,4739617
-0,01725612
-0,6980975
0,2549471
-0,01725612
-0,6980975
0,2549471
-0,07366429
-0,9473377
0,1111724
-0,1174728
-0,8186935
-0,2050734
-0,1301613
-0,9158807
-0,1972976
-0,1301613
-0,9158807
-0,1972976
-0,01630813
-0,901561
0,4738165
0,05593335
-0,06073548
0,3727718
0,05593335
-0,06073548
0,3727718
0,001957704
-0,6312722
0,4722384
0,02765484
-0,458127
0,5290127
0,02765484
-0,458127
0,5290127
-0,01661682
-0,6217771
0,4179758
-0,03943944
-0,5261249
0,2142066
-0,04431573
-0,5540131
0,2252973
-0,04431573
-0,5540131
0,2252973
-0,09845272
-1,11588
0,4897023
-0,052861
-0,7222456
0,4173657
-0,052861
-0,7222456
0,4173657
-0,05235923
-0,8740449
0,6990144
-0,1056291
-0,9696206
0,5118431
-0,1056291
-0,9696206
0,5118431
-0,1448619
-1,27654
0,7807081
0,01107584
-0,2358422
0,4860998
0,01107584
-0,2358422
0,4860998
-0,03664235
-0,5612634
0,709963
0,01603771
-0,2938743
0,6944545
0,05333243
-0,02870278
0,5898832
0,05333243
-0,02870278
0,5898832
0,003118726
-0,3770344
0,8492379
0,02566081
-0,1310223
0,5753772
0,02566081
-0,1310223
0,5753772
0,03482663
-0,1272489
0,836196
0,04312674
0,1098065
0,3355935
0,04312674
0,1098065
0,3355935
0,1097186
0,2122506
0,9815798
0,09351373
0,346078
0,4447252
-0,01790361
-0,1163571
0,2326829
-0,01790361
-0,1163571
0,2326829
-0,1588659
-0,8339822
0,355147
0,07475019
0,2189964
0,5694755
0,07475019
0,2189964
0,5694755
0,2119899
0,8045673
1,178916
0,05050898
0,1334578
0,7350922
0,05050898
0,1334578
0,7350922
-0,1516168
-0,8400792
0,8938748
-0,04553778
-0,2709907
0,6220549
0,05478896
0,2206832
0,7548087
0,05478896
0,2206832
0,7548087
0,2037704
0,9980381
1,120136
0,09343028
0,4944161
0,4214041
0,09343028
0,4944161
0,4214041
0,1524985
0,8623973
0,6113582
0,06297827
0,3969237
0,4197754
0,06297827
0,3969237
0,4197754
0,2571067
1,625696
0,7678242
0,1166492
0,8108456
0,3267491
0,1166492
0,8108456
0,3267491
0,1966669
1,431641
0,1911569
0,09824666
0,7717232
0,1074698
0,03201572
0,3225088
0,2639975
0,03201572
0,3225088
0,2639975
0,09754245
0,9553655
0,4865572
0,1197717
1,172635
0,2800751
0,1197717
1,172635
0,2800751
0,1477944
1,671999
0,2483133
0,02608489
0,3780334
0,1689484
0,02608489
0,3780334
0,1689484
0,04476172
0,8557172
0,4777699
0,06326635
0,9957829
0,1301374
0,07959764
1,283193
-0,04246016
0,07959764
1,283193
-0,04246016
0,07308364
1,847692
0,2376257
-0,005217744
0,401032
0,3325812
-0,005217744
0,401032
0,3325812
-0,02208531
0,7468998
0,7117252
0,01063192
0,5356339
-0,01799933
0,01063192
0,5356339
-0,01799933
0,02400716
1,336484
-0,1278512
0,001339379
0,5515599
0,001193108
0,001339379
0,5515599
0,001193108
0,01302404
1,084763
-0,3702657
-0,005692566
0,7878913
-0,004655803
-0,01229363
0,6414222
0,07538214
-0,01229363
0,6414222
0,07538214
-0,02345678
0,7585728
0,1634399
-0,01699616
0,6734127
-0,04327187
-0,01699616
0,6734127
-0,04327187
-0,04309605
1,351916
-0,1865909
-0,02567497
0,549423
-0,03543896
-0,02567497
0,549423
-0,03543896
-0,06610053
0,7183776
0,5199392
-0,04334367
0,4786816
0,2588114
-0,03328294
0,440791
0,06521349
-0,03328294
0,440791
0,06521349
-0,06476405
0,8443431
0,04944569
-0,06816562
0,6240694
0,3438926
-0,06816562
0,6240694
0,3438926
-0,1376085
0,9861956
0,808319
-0,1116414
0,8575292
0,459717
-0,1116414
0,8575292
0,459717
-0,06113824
0,5764322
0,002973304
-0,05513464
0,4957615
0,0249662
-0,05513464
0,4957615
0,0249662
-0,1203084
0,7311389
0,4980427
-0,1294495
0,7756068
0,4595933
-0,1193471
0,7341672
0,3193801
-0,1193471
0,7341672
0,3193801
-0,07621536
0,5760874
-0,006488877
-0,02278372
0,1981814
-0,04514596
-0,02278372
0,1981814
-0,04514596
-0,0671259
0,2885652
0,3267156
-0,1108456
0,570234
0,3229754
-0,1108456
0,570234
0,3229754
-0,07914121
0,3031193
0,3327066
-0,0186909
0,003156109
0,160438
-0,1117196
0,5810073
0,1863109
-0,1380581
0,5767726
0,439845
-0,02629345
-0,01688205
0,2833602
-0,02629345
-0,01688205
0,2833602
0,07159903
-0,5359257
0,1426618
-0,04755257
-0,001340528
0,4941851
-0,04755257
-0,001340528
0,4941851
-0,130273
0,165926
0,9909121
-0,08961468
0,08363152
0,6865228
-0,08961468
0,08363152
0,6865228
-0,2233595
0,5138431
1,130931
-0,1383331
0,2582096
0,7035531
-0,1164478
0,2169695
0,5460138
-0,1164478
0,2169695
0,5460138
-0,1094921
0,0005276994
0,6708762
-0,04470592
-0,2907926
0,5603492
-0,1433539
-0,1264043
0,9523517
-0,309781
0,302018
1,417046
-0,309781
0,302018
1,417046
-0,2677637
0,3398291
1,054691
-0,09655128
-0,2109219
0,6469514
-0,1537409
-0,2168911
0,9109791
-0,1537409
-0,2168911
0,9109791
-0,2330523
-0,2664014
1,253939
-0,1153187
-0,1451469
0,6113116
-0,1153187
-0,1451469
0,6113116
0,007439655
-0,1138814
0,04262214
0,007439655
-0,1138814
0,04262214
-0,1765972
-1,058065
1,371538
-0,1211499
-0,604103
0,8255064
-0,03749733
-0,618094
0,4676305
-0,03749733
-0,618094
0,4676305
0,1730095
-1,623926
0,09656008
0,07588432
-1,096202
0,177263
0,07588432
-1,096202
0,177263
-0,1571554
-0,9709406
0,9462337
-0,09813096
-0,1624927
0,3982728
-0,09813096
-0,1624927
0,3982728
0,01006978
-1,832345
0,4940206
0,06503809
-1,082807
0,03932486
0,06503809
-1,082807
0,03932486
-0,1152772
-2,072533
0,8111715
-0,1253188
-0,8568063
0,5447567
-0,06732941
0,03425777
0,2039731
-0,06732941
0,03425777
0,2039731
0,30545
-0,5950749
-1,024315
0,2576292
-1,067157
-0,8254975
0,2576292
-1,067157
-0,8254975
-0,04837953
-1,713043
0,2355532
-0,1592392
-0,6353569
0,5544915
-0,1592392
-0,6353569
0,5544915
-0,1235089
-1,539958
0,3046513
0,1306415
-1,067401
-0,566873
0,06923079
-0,6956577
-0,33575
0,06923079
-0,6956577
-0,33575
-0,1076221
-1,021973
0,2213746
0,04491806
0,01961552
-0,1725376
0,04491806
0,01961552
-0,1725376
0,3089607
-0,06940588
-1,163808
0,05357265
-0,5933821
-0,3170401
0,05357265
-0,5933821
-0,3170401
-0,1014597
-0,8535971
0,2086645
-0,03992255
-0,431921
0,04935285
-0,03992255
-0,431921
0,04935285
0,08521039
-0,801711
-0,5358452
-0,009774364
-0,7331434
-0,1741823
-0,07663324
-0,7636666
0,04882616
-0,07663324
-0,7636666
0,04882616
-0,2242526
-1,316895
0,3652934
-0,09216989
-0,6987232
0,07792226
-0,09216989
-0,6987232
0,07792226
0,06571324
-0,6404781
-0,5071207
0,06316831
-0,699441
-0,549639
0,06316831
-0,699441
-0,549639
0,01179263
-1,034034
-0,5360337
-0,03740163
-0,5267124
-0,0973776
-0,002224013
-0,5560859
-0,2826136
-0,002224013
-0,5560859
-0,2826136
0,2193937
-0,5513456
-1,24274
0,2049614
-0,3092688
-1,071454
0,2049614
-0,3092688
-1,071454
0,1474632
-0,09832649
-0,7083506
0,1264695
0,01937333
-0,5533748
0,1264695
0,01937333
-0,5533748
0,1641613
-0,1669384
-0,9459718
0,1842015
-0,2248761
-1,161888
0,1791878
-0,2436891
-1,226253
0,1791878
-0,2436891
-1,226253
0,2115761
-0,1352832
-1,363316
0,1422577
-0,01601568
-0,8665615
0,1422577
-0,01601568
-0,8665615
0,1310542
-0,3522293
-1,2923
0,1274147
-0,2483252
-1,234001
0,1274147
-0,2483252
-1,234001
0,1875083
0,0802455
-1,406612
0,1469929
0,171154
-1,011533
0,1469929
0,171154
-1,011533
0,0859149
-0,2429208
-1,227676
0,08883037
0,02291464
-0,8633684
0,1464399
0,5195413
-0,6763843
0,1464399
0,5195413
-0,6763843
0,2904794
1,721178
-0,4920667
0,1703652
1,222003
-0,06709205
0,1703652
1,222003
-0,06709205
0,1232778
1,090458
0,06728702
0,111998
0,9027433
-0,1868513
0,111998
0,9027433
-0,1868513
0,2082577
1,658796
-0,7830418
0,1192372
1,003274
-0,4898311
0,07738507
0,8695216
-0,1185348
0,07738507
0,8695216
-0,1185348
0,02316984
0,6502359
0,2468539
0,01788756
0,19216
-0,2094255
0,01788756
0,19216
-0,2094255
0,02801085
0,2193258
-0,4576576
-0,001683069
0,1204515
-0,004008436
-0,001683069
0,1204515
-0,004008436
-0,03958474
-0,2276635
0,128998
-0,04081734
-0,3474616
-0,03446952
-0,04081734
-0,3474616
-0,03446952
-0,09749348
-0,6283665
-0,2911913
-0,02610048
0,0973784
-0,1493967
-0,006350311
0,1705109
0,01976432
-0,006350311
0,1705109
0,01976432
-0,07788311
-0,1094869
-0,1500385
-0,1164545
-0,7099534
-0,6731311
-0,1164545
-0,7099534
-0,6731311
-0,1490054
-0,3046193
-0,03714813
-0,0230398
0,5257177
0,02673505
-0,0230398
0,5257177
0,02673505
-0,0358584
0,3233338
-1,549757
-0,06356022
-0,1212913
-0,4834443
-0,06995784
-0,1224672
0,1585686
-0,06995784
-0,1224672
0,1585686
-0,1617393
-0,3688087
0,4144106
-0,06429058
0,1953839
-0,05302013
-0,06429058
0,1953839
-0,05302013
-0,1177428
0,07952531
-0,4650906
-0,0962072
-0,1147339
0,06290112
-0,0962072
-0,1147339
0,06290112
-0,07964825
0,4673387
0,1897319
-0,05008067
0,3100863
-0,01310481
-0,05008067
0,3100863
-0,01310481
-0,1328304
-0,3351665
-0,3235817
-0,09699211
-0,3199216
-0,06855383
-0,04866074
0,1120637
0,141289
-0,04866074
0,1120637
0,141289
-0,03000882
0,5722769
0,03522996
-0,0318887
0,3071615
-0,004874738
-0,0318887
0,3071615
-0,004874738
-0,07682515
0,2659849
-0,1943955
-0,05267895
0,1183938
-0,2053011
-0,05267895
0,1183938
-0,2053011
-0,08472405
-0,07874926
-0,2682167
-0,05096743
0,0396645
-0,138663
-0,05255498
0,06907858
-0,325701
-0,05255498
0,06907858
-0,325701
-0,0540863
0,459414
-0,2468268
-0,05645474
0,3052166
-0,04667549
-0,05645474
0,3052166
-0,04667549
-0,09335949
0,1894374
0,3129032
-0,08709048
0,1203167
0,3489694
-0,08709048
0,1203167
0,3489694
-0,1036426
0,1811317
0,05370931
-0,06590203
0,4977863
-0,05291571
-0,06590203
0,4977863
-0,05291571
-0,06094846
0,8225986
-0,01323905
-0,05429274
0,4847683
0,1507443
-0,05779855
0,1659405
0,1701942
-0,05779855
0,1659405
0,1701942
-0,06515061
0,2034753
0,09545518
-0,04339286
0,357921
-0,08572664
-0,04339286
0,357921
-0,08572664
-0,04470364
0,4498396
-0,01042333
-0,01847311
0,05904984
0,07586344
-0,01847311
0,05904984
0,07586344
-0,0331688
0,01645548
0,1890922
-0,01864158
0,05969413
0,03901843
-0,01338374
0,1929015
-0,1119673
-0,01338374
0,1929015
-0,1119673
-0,01157496
0,113271
-0,2656301
-0,01308947
-0,1274054
-0,1519947
-0,01308947
-0,1274054
-0,1519947
-0,00942805
0,00283031
-0,1001675
-0,002329302
0,04143215
-0,0870201
-0,002329302
0,04143215
-0,0870201
0,003229666
0,1744504
-0,1764521
-4,261969E-06
0,0296076
-0,1750853
-4,261969E-06
0,0296076
-0,1750853
-0,003062892
0,01461211
-0,1842017
-0,002178705
0,02988993
-0,1947884
-0,002110708
0,05632046
-0,2061245
-0,002110708
0,05632046
-0,2061245
-0,004061038
0,135038
-0,398803
-0,0006664891
0,1931538
-0,2186034
-0,0006664891
0,1931538
-0,2186034
-0,005618623
0,05150247
-0,1012012
-0,007212234
-0,02078137
-0,1084877
-0,007212234
-0,02078137
-0,1084877
-0,02578408
-0,06634989
-0,5302117
-0,03091608
-0,2524056
-0,5417302
-0,02711944
-0,251818
-0,3679976
-0,02711944
-0,251818
-0,3679976
-0,01475033
0,03867914
-0,2464231
-0,01630228
0,08348303
-0,387419
-0,01630228
0,08348303
-0,387419
-0,02739012
-0,03783975
-0,5573077
-0,02902589
-0,07691672
-0,5235838
-0,02902589
-0,07691672
-0,5235838
-0,04624093
-0,1182338
-0,8016367
-0,0428806
-0,02286077
-0,788057
-0,02322973
0,01204421
-0,4349802
-0,02322973
0,01204421
-0,4349802
-0,0243396
0,05711906
-0,4409463
-0,02984948
0,08914746
-0,5111964
-0,02984948
0,08914746
-0,5111964
-0,04035716
0,1282427
-0,6314785
-0,04345142
0,1103345
-0,6431357
-0,04345142
0,1103345
-0,6431357
-0,08323786
0,1049178
-1,095792
-0,08837376
0,04193344
-1,070297
-0,08837376
0,04193344
-1,070297
-0,07979705
0,00687344
-0,9008635
-0,08122702
-0,01316611
-0,8736843
-0,105907
0,04633201
-1,122933
-0,105907
0,04633201
-1,122933
-0,2335135
0,2747216
-2,251704
-0,1797263
0,3254878
-1,69263
-0,1797263
0,3254878
-1,69263
-0,2331843
0,3149609
-2,204841
-0,1148248
-0,05650631
-1,021749
-0,1148248
-0,05650631
-1,021749
-0,2760206
0,2244696
-1,896326
-0,0858123
0,4225754
-0,6002728
-0,07175417
0,176607
-0,4366385
-0,07175417
0,176607
-0,4366385
-0,05297265
0,01392435
-0,3399393
-0,048108
-0,2657103
-0,2697008
-0,048108
-0,2657103
-0,2697008
-0,09757735
-0,0944797
-0,5154102
-0,139312
-0,1187833
-0,6909955
-0,139312
-0,1187833
-0,6909955
-0,09170481
0,001297349
-0,4763142
-0,05739939
-0,1030245
-0,2996016
-0,05739939
-0,1030245
-0,2996016
-0,1085069
-0,07547757
-0,5135309
-0,1451294
-0,06603461
-0,6557929
-0,1214268
-0,01744396
-0,5465221
-0,1214268
-0,01744396
-0,5465221
-0,106323
-0,06217924
-0,4668744
-0,1197836
-0,03089182
-0,5202349
-0,1197836
-0,03089182
-0,5202349
-0,1503107
-0,007042605
-0,616396
0,03425702
-0,2420992
-0,2970222
0,03425702
-0,2420992
-0,2970222
0,06559163
0,009615162
-0,03727454
0,04219097
-0,009859105
-0,05264077
0,05705996
-0,01741679
-0,08022273
0,05705996
-0,01741679
-0,08022273
0,2181375
-0,04182914
-0,2962589
0,1614485
-0,009050518
-0,2988971
0,1614485
-0,009050518
-0,2988971
0,09323061
-0,01109163
-0,2552614
0,08610213
0,004153341
-0,2146257
0,08610213
0,004153341
-0,2146257
0,1321452
-0,04006293
-0,3186188
0,07251012
-0,02652526
-0,3349751
0,05032241
-0,005933821
-0,3222842
0,05032241
-0,005933821
-0,3222842
0,07358855
0,0249336
-0,4781405
0,2163073
-0,1466295
-0,5720235
0,2163073
-0,1466295
-0,5720235
-0,1419951
0,4248011
-0,6928085
-0,06621981
-0,4426993
-0,4847059
-0,06621981
-0,4426993
-0,4847059
-0,008919477
-0,01004115
-0,2900239
-0,2496469
0,02663335
-0,9555343
-0,2496469
0,02663335
-0,9555343
-0,3522086
0,09252758
-0,5974512
-0,3432242
0,08876247
-0,5971899
-1,647526
0,4352151
-2,936731
-1,647526
0,4352151
-2,936731
-1,237099
0,6254625
-2,327395
-0,9305913
0,4461204
-1,80886
-0,9305913
0,4461204
-1,80886
closestDistance
0,2542414
0,2404611
0,2378864
0,2481312
0,252079
0,2433298
0,2251583
0,2420246
0,2159695
0,2163359
0,2170559
0,2170559
0,214889
0,2132117
0,2209347
0,2167925
0,2027289
0,2125624
0,2103542
0,198188
0,1963901
0,1963901
0,1868314
0,2018431
0,1872638
0,1775298
0,1695454
0,1695454
0,1635118
0,1600996
0,1586357
0,1586357
0,1591039
0,158867
0,158867
0,159062
0,1641424
0,1641424
0,1679655
0,1704575
0,1723683
0,1723683
0,1742584
0,1716684
0,1716684
0,1748596
0,1849316
0,1854764
0,181039
0,182619
0,182619
0,1828988
0,1827249
0,1777423
0,1724196
0,1672141
0,1658939
0,1658939
0,1646622
0,1726272
0,1675402
0,1659377
0,1641769
0,1624918
0,1624918
0,1581435
0,1554492
0,1554492
0,1537399
0,1521779
0,1521779
0,150268
0,1527418
0,1515424
0,1515424
0,1503599
0,1456671
0,1456671
0,1451867
0,1446992
0,1446992
0,1440026
0,1434355
0,1434355
0,1419622
0,1402656
0,1388223
0,1388223
0,1369309
0,1346772
0,1346772
0,1310453
0,1218984
0,1218984
0,1191301
0,1163036
0,1132104
0,1132104
0,1108692
0,1083095
0,1083095
0,1077257
0,10753
0,10753
0,1074739
0,107443
0,1074451
0,1074451
0,1073914
0,1073523
0,1073523
0,1073465
0,1073205
0,1108445
0,1092333
0,1094655
0,1094655
0,1095213
0,1095433
0,1095596
0,1095596
0,1095638
0,1096013
0,1129026
0,1129914
0,112934
0,1060671
0,1058915
0,1128895
0,1130101
0,1130101
0,1131937
0,1130206
0,1130206
0,1132534
0,1136066
0,1136066
0,1143021
0,1098742
0,09870616
0,1046175
0,104278
0,1151047
0,1138332
0,1231564
0,1239325
0,1043225
0,1260244
0,1388228
0,1443499
0,3040594
0,07738545
0,1090531
0,1043545
0,1060268
0,1117119
0,1117119
0,1102943
0,1091412
0,1091412
0,1074551
0,1172559
0,1172559
0,1169658
0,1170791
0,1174062
0,1086214
0,1086113
0,1087446
0,1174863
0,1177166
0,1097801
0,1139525
0,1124183
0,1039286
0,1110445
0,1110445
0,1039474
0,1177656
0,1043801
0,1100387
0,1137176
0,1062041
0,1062851
0,114669
0,1074037
0,1114842
0,1092903
0,1096286
0,1096286
0,1107645
0,1089982
0,1089982
0,1073255
0,1052845
0,1115742
0,1094866
0,1093368
0,1269926
0,1269926
0,1349634
0,1520722
0,1482512
0,1844211
0,20121
0,1982982
0,2285666
0,21535
0,2157404
0,2122564
0,2236466
0,2237083
0,2227892
0,2387736
0,2174483
0,2174483
0,2110472
0,2073706
0,2073706
0,2106731
0,1984673
0,1962646
0,1899537
0,1824074
0,1822143
0,185256
0,1938013
0,1991539
0,2020934
0,2151566
0,2220869
0,2225047
0,232374
0,2404711
0,2404711
0,2366049
0,2345232
0,2336778
0,2340566
0,2366569
0,2242108
0,2128129
0,2128129
0,1941848
0,1794179
0,1794179
0,1777865
0,1781135
0,1781135
0,1743352
0,1676046
0,1676046
0,1624961
0,1553698
0,1613533
0,1626503
0,1708467
0,1740062
0,1803326
0,1815332
0,1818481
0,1742341
0,1768923
0,1772691
0,1753373
0,1803828
0,1761161
0,1679147
0,1679147
0,1637893
0,1634742
0,1634742
0,1579512
0,1567177
0,1704444
0,1730887
0,1790595
0,1776091
0,1806909
0,1787276
0,1826581
0,1826581
0,1947162
0,1884735
0,1883954
0,1883954
0,1870489
0,1881649
0,1881649
0,1899637
0,1914079
0,1914079
0,1964558
0,2009281
0,2009281
0,2016992
0,2017615
0,2027018
0,2027018
0,2045528
0,2060397
0,2060397
0,2139997
0,2176367
0,2176367
0,2224367
0,2172702
0,2177962
0,2227051
0,2289959
0,2299076
0,2343424
0,2252678
0,2181893
0,2181893
0,2235168
0,2313236
0,2313236
0,2302151
0,2269549
0,2258045
0,2271312
0,231026
0,2294801
0,2294801
0,2263303
0,2253908
0,2238808
0,2129525
0,2109786
0,2070621
0,2070621
0,202612
0,1989572
0,197076
0,193081
0,1902124
0,1902124
0,1857931
0,184467
0,1842422
0,1842422
0,1823053
0,1805052
0,1805052
0,1788691
0,1778056
0,1778056
0,1777413
0,1779782
0,1779782
0,1786288
0,1787646
0,1787539
0,1787539
0,1788472
0,1781812
0,1781812
0,1744484
0,1715618
0,1654465
0,1636855
0,161698
0,1583792
0,1583792
0,1560618
0,1623421
0,1623421
0,1610223
0,1592873
0,1592873
0,1554612
0,15316
0,15316
0,1513476
0,1489643
0,1453064
0,1453064
0,1420546
0,1400005
0,1400005
0,1369869
0,1338789
0,1333043
0,1272608
0,1293784
0,1277826
0,1241718
0,1192057
0,1053822
0,1053822
0,1015971
0,1132193
0,1043407
0,1056332
0,1064869
0,1086052
0,1089294
0,1091432
0,10941
0,10941
0,1097083
0,1096558
0,1096558
0,1094389
0,1094872
0,1094872
0,1097991
0,1100563
0,1103373
0,1103373
0,1103678
0,1104022
0,1104022
0,1104953
0,1106207
0,1106207
0,1107296
0,1110813
0,1032431
0,1039823
0,105797
0,1076508
0,1057769
0,1082219
0,10814
0,1087376
0,1114134
0,1078839
0,1033619
0,1068779
0,1092847
0,1368568
0,1389013
0,1898262
0,1804148
0,1710079
0,2388256
0,2625403
0,2623211
0,2822692
0,2740732
0,2740732
0,2867947
0,2849992
0,2793062
0,279221
0,2722413
0,2713955
0,2684193
0,2777537
0,2695703
0,276668
0,269663
0,260799
0,2616163
0,2589741
0,26584
0,2570847
0,2427601
0,2429015
0,2432692
0,2432692
0,2324821
0,2242537
0,2143479
0,212316
0,2162129
0,2275009
0,2255204
0,2255941
0,2213905
0,2213905
0,2069407
0,1982815
0,1982815
0,2054209
0,2093224
0,2091248
0,2182343
0,2180643
0,2096917
0,2065501
0,2060516
0,2056351
0,2056351
0,1972521
0,1928607
0,1942083
0,195614
0,1990773
0,2018395
0,2039913
0,2047013
0,2032867
0,1970413
0,1953682
0,1964233
0,2018723
0,2018723
0,2135222
0,2206264
0,232594
0,2370223
0,2307967
0,226542
0,2153532
0,2153532
0,2128988
0,2307769
0,2290051
0,2290051
0,2162849
0,2052974
0,1964389
0,1858322
0,1858322
0,1875082
0,1882198
0,1847823
0,1843437
0,1843437
0,1849459
0,1807127
0,1793056
0,1789405
0,1789405
0,1892283
0,1990865
0,2028074
0,2033892
0,2054997
0,2054418
0,2065522
0,2084924
0,203131
0,203131
0,2009905
0,2002944
0,1998535
0,1998535
0,2013141
0,1999552
0,2011585
0,1924179
0,1878095
0,1894746
0,1836445
0,17779
0,1691369
0,1778944
0,1757641
0,1751771
0,1751771
0,1731878
0,1720916
0,1676192
0,1694179
0,1782315
0,1782315
0,1731853
0,1814325
0,1907396
0,1915858
0,2041113
0,1995711
0,1980032
0,2072757
0,2141576
0,2141576
0,2125867
0,2115878
0,2115878
0,2135034
0,2156828
0,2201074
0,2201074
0,2255639
0,2278747
0,2217777
0,2252377
0,2325235
0,2344445
0,2418499
0,2407498
0,233276
0,2335506
0,2341146
0,2178968
0,2157668
0,2124863
0,2126448
0,2126448
0,1979685
0,191013
0,2032173
0,198954
0,2025069
0,2066004
0,2202734
0,2336991
0,1886118
0,1886118
0,183874
0,1779917
0,1779917
0,1763854
0,1781953
0,1831452
0,1779232
0,1821109
0,185072
0,185072
0,1881214
0,1964327
0,1964327
0,2083224
0,2078676
0,2125437
0,2159542
0,2106944
0,2068958
0,2068958
0,2086613
0,208453
0,208453
0,2080981
0,2052795
0,2163243
0,2105281
0,2041284
0,2108205
0,2012341
0,2169261
0,2180006
0,2143973
0,2051934
0,2074209
0,2074209
0,2279571
0,2374682
0,2447619
0,2406879
0,2345014
0,231347
0,231347
0,2259895
0,2258924
0,2258924
0,2172249
0,205922
0,2063639
0,1942339
0,1895323
0,1916194
0,1916194
0,1922738
0,190192
0,1984499
0,1941178
0,1920396
0,1920396
0,1977359
0,200959
0,2018495
0,2089545
0,2085593
0,2182229
0,2222346
0,2153873
0,2240545
0,2240545
0,2390974
0,2340694
0,2322063
0,2199942
0,2185668
0,2158291
0,2163007
0,2169555
0,2147216
0,2147561
0,2095205
0,2125733
0,2125733
0,203491
0,2006251
0,1892883
0,1877086
0,1895791
0,1872417
0,1863692
0,1766337
0,1750955
0,1706988
0,1755323
0,1835777
0,1855033
0,1836752
0,1846716
0,1823268
0,189882
0,1970522
0,2002541
0,2020523
0,2010186
0,2043491
0,2043491
0,2043586
0,2043619
0,2107564
0,2148325
0,208554
0,208554
0,1986322
0,2012463
0,1984801
0,1901833
0,1849681
0,1849681
0,1851813
0,1938838
0,1967116
0,1967116
0,1959845
0,1905337
0,1884009
0,1882536
0,1882536
0,1993631
0,1995745
0,2075294
0,2037575
0,2088023
0,2131607
0,2131607
0,2012636
0,2093565
0,2098234
0,2139291
0,2124318
0,2124318
0,1955311
0,195248
0,1996114
0,2091126
0,210377
0,210377
0,2086441
0,2103083
0,2103083
0,2292584
0,2296724
0,2334474
0,2334474
0,2173622
0,2122837
0,2072327
0,2255528
0,2457236
0,2470332
0,2613229
0,2540226
0,2262829
0,2415085
0,248618
0,2171151
0,238851
0,2231769
0,1843632
0,1843632
0,184772
0,2125203
0,2061067
0,1985735
0,1918543
0,1878575
0,1837535
0,1990819
0,188561
0,1803917
0,1749313
0,1707003
0,1677452
0,1695602
0,1710665
0,1725808
0,1725808
0,1601275
0,1453009
0,1447706
0,1359959
0,1283373
0,1342566
0,1251031
0,1336674
0,1274306
0,1329662
0,1305068
0,1279273
0,1279273
0,1446237
0,1565044
0,1435705
0,1591311
0,16179
0,16179
0,1814413
0,1936433
0,1967367
0,1942139
0,1839199
0,1755345
0,1756024
0,1657854
0,1606145
0,1606145
0,1707224
0,1902828
0,195292
0,181439
0,1798565
0,1823514
0,1823514
0,1922057
0,1928738
0,1928738
0,1891542
0,1881445
0,1881445
0,1913515
0,1964111
0,1964989
0,1964989
0,1987342
0,2099149
0,2179876
0,2195056
0,217884
0,217884
0,1880863
0,1911022
0,1899347
0,1899347
0,2002435
0,1895556
0,1895556
0,1815052
0,1929351
0,1897449
0,1918172
0,1958779
0,1861122
0,179431
0,1935288
0,1899279
0,1958241
0,1941137
0,1824993
0,1824993
0,1802928
0,1653905
0,1653905
0,1603767
0,1581916
0,1526884
0,1620477
0,1600763
0,149266
0,149266
0,1566035
0,1641713
0,1641713
0,1668423
0,1696322
0,1696322
0,17639
0,1868376
0,1870286
0,1951096
0,1987306
0,2004453
0,1965604
0,2002079
0,2020868
0,2020868
0,2056139
0,2068868
0,2067397
0,2067397
0,2034848
0,2000149
0,2000149
0,1985037
0,1974977
0,1974977
0,1962744
0,1892593
0,1892593
0,1864983
0,1837358
0,181088
0,181088
0,1764031
0,1751653
0,1743571
0,1722794
0,1710244
0,1749499
0,1666824
0,1567793
0,1442855
0,1442855
0,1413305
0,1370913
0,1370913
0,1298642
0,1295624
0,1321446
0,1235313
0,1205258
0,1179439
0,1207665
0,1186477
0,1057299
0,1222372
0,1199461
0,1202944
0,1202944
0,118269
0,123314
0,116789
0,1239253
0,1303013
0,1419637
0,1386321
0,1727383
0,1862024
0,1825604
0,2156223
0,236313
0,236313
0,2679725
0,1982215
0,1891228
0,1891228
0,1833567
0,1804176
0,1804176
0,1732063
0,1640346
0,1640346
0,1570175
0,147341
0,1469188
0,1405781
0,1323762
0,1251155
0,1320862
0,1266402
0,1122824
0,1191863
0,1109779
0,1067233
0,1140103
0,1157278
0,1087559
0,1090557
0,1090557
0,1106242
0,1123275
0,1195602
0,1171513
0,1149982
0,1067033
0,1086651
0,1101165
0,112731
0,1108439
0,1131003
0,1163283
0,1101967
0,1174914
0,0986391
0,09762605
0,1042012
0,1083026
0,1095476
0,1064934
0,1170923
0,1309812
0,1300205
0,1635464
0,1918905
0,1824372
timeStamps
3,14313
3,156788
3,170695
3,184546
3,198486
3,212693
3,226646
3,240364
3,254708
3,268263
3,282074
3,296205
3,310093
3,323908
3,337806
3,352124
3,365805
3,379613
3,393517
3,40764
3,421567
3,435546
3,449291
3,463558
3,477306
3,491271
3,505218
3,519149
3,532852
3,546945
3,560942
3,574697
3,588697
3,60256
3,616602
3,630457
3,64476
3,65864
3,672613
3,686332
3,700131
3,714108
3,727812
3,742156
3,756043
3,769855
3,783691
3,797543
3,811559
3,825681
3,839538
3,853297
3,867556
3,881173
3,895248
3,909207
3,922975
3,937218
3,951076
3,964753
3,979102
3,992631
4,006605
4,020495
4,034496
4,048312
4,062517
4,076185
4,090482
4,104119
4,118293
4,132343
4,145968
4,160112
4,173967
4,187652
4,201835
4,215757
4,229648
4,243896
4,257629
4,271262
4,285719
4,299144
4,313475
4,327211
4,340965
4,354751
4,368803
4,382833
4,396881
4,41084
4,424978
4,438741
4,452323
4,466408
4,480442
4,494173
4,50813
4,522198
4,536364
4,54997
4,564104
4,577934
4,591959
4,605593
4,620044
4,633422
4,647594
4,661492
4,675382
4,689573
4,703289
4,717219
4,731286
4,745317
4,758979
4,772841
4,786801
4,800774
4,814571
4,828684
4,842493
4,856651
4,870391
4,884324
4,898741
4,912252
4,926181
4,940273
4,954181
4,968125
4,981752
4,995855
5,009848
5,023569
5,037487
5,051706
5,065732
5,079312
5,093482
5,107174
5,121243
5,135173
5,148978
5,162992
5,176967
5,190784
5,205244
5,219056
5,232771
5,246795
5,260787
5,274435
5,288807
5,302158
5,316359
5,330317
5,344001
5,358298
5,372316
5,385676
5,399886
5,413555
5,427588
5,441525
5,455454
5,469357
5,48356
5,497325
5,511375
5,525199
5,539151
5,552831
5,567071
5,580645
5,594534
5,608668
5,622651
5,636375
5,650511
5,664238
5,678476
5,692199
5,705997
5,719917
5,733942
5,747907
5,761758
5,775846
5,78968
5,80365
5,817516
5,831303
5,845499
5,85922
5,873522
5,887369
5,901359
5,914883
5,928686
5,942856
5,956674
5,970576
5,984757
5,998513
6,012477
6,026616
6,040377
6,054181
6,068244
6,082049
6,096025
6,109969
6,124212
6,138145
6,152333
6,165741
6,17947
6,193328
6,207346
6,221344
6,235248
6,24906
6,263079
6,276983
6,291169
6,305234
6,319876
6,333276
6,347462
6,362375
6,388032
6,402683
6,416706
6,430657
6,445621
6,471176
6,486283
6,500875
6,527046
6,541297
6,555248
6,569749
6,583425
6,597256
6,612367
6,625978
6,639672
6,65292
6,666167
6,679733
6,693684
6,707824
6,721936
6,735963
6,750226
6,764075
6,777998
6,791941
6,80583
6,81995
6,833752
6,847541
6,862288
6,875664
6,889593
6,903994
6,919478
6,931819
6,944666
6,958712
6,97279
6,986784
7,000669
7,014719
7,029071
7,042778
7,056612
7,070718
7,084516
7,09846
7,112497
7,126126
7,14022
7,15444
7,167974
7,181952
7,196279
7,210107
7,223901
7,237823
7,251682
7,265587
7,279682
7,293404
7,307495
7,321655
7,335287
7,349198
7,363286
7,376976
7,390948
7,404708
7,418735
7,432697
7,446631
7,460728
7,4743
7,488219
7,502227
7,516077
7,530293
7,544314
7,558049
7,571978
7,585729
7,599855
7,613497
7,627468
7,641592
7,655743
7,66923
7,683184
7,697142
7,711214
7,725426
7,738976
7,752759
7,766741
7,780636
7,7947
7,808818
7,822632
7,836456
7,850243
7,86429
7,878599
7,892265
7,905935
7,920092
7,934061
7,947851
7,961916
7,975873
7,989532
8,003267
8,017283
8,0313
8,04508
8,059098
8,07304
8,086939
8,101375
8,114758
8,128595
8,142577
8,156582
8,170474
8,184299
8,198726
8,212393
8,226149
8,240127
8,254243
8,267963
8,281901
8,295643
8,309621
8,32391
8,337413
8,351453
8,365429
8,37944
8,393341
8,407079
8,421172
8,435106
8,449095
8,462931
8,476997
8,490788
8,50445
8,51865
8,53233
8,546524
8,56028
8,574418
8,588155
8,601958
8,616028
8,63004
8,643954
8,657857
8,671653
8,685457
8,699581
8,713369
8,727391
8,741265
8,755397
8,769243
8,783319
8,796872
8,810851
8,824768
8,838956
8,85292
8,866613
8,880825
8,894757
8,908367
8,922352
8,936117
8,950169
8,963959
8,978003
8,992142
9,005926
9,019629
9,033792
9,047581
9,061353
9,075462
9,089473
9,103316
9,11745
9,131696
9,145122
9,159153
9,17283
9,187211
9,200823
9,214618
9,228892
9,242524
9,256598
9,270294
9,28433
9,298183
9,312099
9,326141
9,339936
9,353959
9,3677
9,381657
9,395647
9,409595
9,423607
9,437786
9,451418
9,465322
9,479427
9,493277
9,507294
9,520989
9,534919
9,548676
9,562667
9,576568
9,590484
9,604334
9,618429
9,63237
9,646199
9,660309
9,674269
9,687899
9,701977
9,716337
9,729977
9,743647
9,757908
9,771521
9,785542
9,799922
9,813531
9,827087
9,841455
9,85517
9,868824
9,882986
9,896853
9,910793
9,924938
9,9387
9,952641
9,966635
9,980319
9,994382
10,00822
10,0222
10,03629
10,04998
10,06382
10,07778
10,09196
10,10607
10,12021
10,13364
10,14755
10,16302
10,17691
10,19052
10,21674
10,23064
10,24487
10,25858
10,27254
10,28621
10,30044
10,31559
10,32984
10,35592
10,37079
10,38507
10,3995
10,41325
10,43951
10,45499
10,48056
10,49535
10,50983
10,52468
10,55033
10,56424
10,57823
10,59256
10,60679
10,62089
10,63439
10,6483
10,6623
10,67634
10,69053
10,70441
10,71879
10,73238
10,74606
10,76008
10,77435
10,78762
10,80178
10,81533
10,82968
10,84404
10,8587
10,87239
10,88696
10,90069
10,91411
10,92708
10,94015
10,95401
10,96832
10,98246
10,99617
11,01012
11,02435
11,0383
11,05214
11,06643
11,08015
11,09396
11,10818
11,12199
11,13576
11,15005
11,16368
11,17759
11,1918
11,20576
11,21975
11,23384
11,24746
11,26165
11,27564
11,28955
11,3033
11,31726
11,33109
11,34508
11,35875
11,37241
11,38635
11,40029
11,41449
11,42819
11,44228
11,45598
11,47031
11,48391
11,49778
11,5118
11,52569
11,53985
11,55372
11,56754
11,58158
11,59585
11,60962
11,62334
11,6376
11,65122
11,66512
11,67904
11,69277
11,70704
11,72072
11,73485
11,74854
11,7626
11,77662
11,79016
11,80441
11,81821
11,83205
11,84596
11,85988
11,87416
11,88791
11,90171
11,9156
11,92958
11,94361
11,95785
11,97129
11,98528
11,9991
12,01301
12,02698
12,04084
12,05471
12,06877
12,08249
12,09686
12,11038
12,12461
12,13829
12,1523
12,16607
12,18012
12,19388
12,20809
12,22185
12,23634
12,24988
12,26365
12,27763
12,29142
12,30521
12,3193
12,33326
12,34717
12,36112
12,37522
12,38915
12,4032
12,41717
12,43075
12,44489
12,45852
12,47243
12,48635
12,50025
12,51414
12,52794
12,54199
12,55634
12,57023
12,58382
12,59773
12,61191
12,62556
12,63952
12,65376
12,66733
12,68117
12,6954
12,70921
12,72326
12,73698
12,75124
12,7647
12,77906
12,79264
12,80664
12,82079
12,83472
12,84845
12,86246
12,87626
12,89005
12,90403
12,91783
12,93182
12,94613
12,95964
12,97363
12,98759
13,00158
13,01555
13,03003
13,04412
13,05842
13,07209
13,08622
13,09981
13,11371
13,127
13,15415
13,16878
13,18285
13,19641
13,21013
13,22451
13,23809
13,25201
13,26625
13,27986
13,2939
13,30776
13,32193
13,33651
13,35019
13,36541
13,39052
13,40498
13,41918
13,43267
13,44752
13,46183
13,47603
13,4901
13,50408
13,51812
13,54336
13,55754
13,57173
13,5857
13,60008
13,61399
13,62813
13,64268
13,65605
13,66971
13,68347
13,69763
13,71144
13,72574
13,73936
13,75384
13,76721
13,78146
13,79548
13,80902
13,8231
13,83703
13,85101
13,86502
13,87876
13,89301
13,90659
13,92057
13,93465
13,94881
13,96244
13,9765
13,99038
14,0042
14,01842
14,03219
14,04581
14,05976
14,07375
14,08817
14,10165
14,1156
14,12938
14,14338
14,15752
14,17109
14,18502
14,19912
14,21303
14,22704
14,2409
14,2547
14,26864
14,28271
14,29673
14,31023
14,32452
14,33843
14,35221
14,36663
14,38021
14,39425
14,40819
14,42151
14,43574
14,44968
14,46376
14,4775
14,49142
14,50577
14,51925
14,53324
14,54719
14,56141
14,57505
14,58877
14,60277
14,61683
14,63088
14,64472
14,65831
14,67249
14,68631
14,70078
14,71437
14,72779
14,74205
14,75579
14,76997
14,78366
14,79754
14,81164
14,8257
14,83945
14,85334
14,86715
14,88113
14,89546
14,90904
14,92294
14,93678
14,95114
14,96464
14,97883
14,99248
15,00675
15,02024
15,03433
15,04854
15,06211
15,07631
15,09011
15,10404
15,11797
15,13169
15,14574
15,15975
15,17362
15,18734
15,20172
15,21518
15,22922
15,24321
15,25729
15,27089
15,28488
15,29888
15,3128
15,32691
15,34064
15,35456
15,36858
15,38244
15,39641
15,41018
15,42439
15,43832
15,45203
15,46611
15,48
15,49406
15,50785
15,52163
15,53559
15,54937
15,56357
15,57735
15,59129
15,60527
15,61923
15,63311
15,64762
15,66073
15,67481
15,68872
15,70239
15,71649
15,73042
15,74416
15,75832
15,7722
15,78621
15,79992
15,81386
15,82774
15,842
15,8557
15,86964
15,88345
15,89777
15,9113
15,9254
15,9394
15,95309
15,96713
15,98097
15,99476
16,00879
16,02274
16,03657
16,05085
16,06441
16,07843
16,09231
16,10626
16,12031
16,1342
16,14807
16,16195
16,17598
16,18994
16,20364
16,21772
16,23171
16,24541
16,25934
16,27327
16,28747
16,30128
16,31529
16,32906
16,34365
16,35681
16,37108
16,38505
16,39919
16,41236
16,42631
16,44038
16,45476
16,46832
16,48217
16,49624
16,51017
16,52403
16,53803
16,55191
16,56577
16,57956
16,59346
16,60758
16,62173
16,63549
16,64948
16,66328
16,67721
16,69089
16,70497
16,71885
16,73289
16,7469
16,76063
16,77446
16,78836
16,80259
16,8163
16,8301
16,84437
16,85793
16,87192
16,88595
16,9001
16,9138
16,92788
16,94177
16,95556
16,96939
16,98347
16,99751
17,01124
17,02524
17,03892
17,05284
17,06709
17,08078
17,09515
17,10876
17,12282
17,13668
