participantNumber
11
repetitionNum
3
sdfEnabled
1
taskTime
17,48762
numHits
6
positionDifference
0,08459228
angleDifference
43,53463
finalPosX
-0,0677294
finalPosY
0,06798939
finalPosZ
-0,7670108
finalRotX
6,932573
finalRotY
41,65896
finalRotZ
13,87733
taskType
torus
velocityMagnitude
0,1963086
0,1963086
0,6291919
0,1812781
0,1812781
0,42193
0,1067542
0,2017901
0,2017901
0,8823533
0,3963438
0,3963438
0,1836753
0,4141832
0,4141832
0,6373889
0,6210732
0,3276273
0,3276273
0,5658488
0,5340996
0,5340996
0,8246812
0,4035114
0,4035114
0,416609
0,2653861
0,3173929
0,3173929
0,5660837
0,1916419
0,1916419
0,7554465
0,1567305
0,1567305
0,4138903
0,11065
0,11065
0,428687
0,3656972
0,1287413
0,1287413
0,597328
0,2768719
0,2768719
0,09149757
0,07253907
0,07253907
0,1841578
0,05707118
0,1714916
0,1714916
0,8922663
0,3019924
0,3019924
0,1690808
0,1334201
0,1334201
0,08134648
0,2557901
0,3105359
0,3105359
0,3417663
0,1078264
0,1078264
0,1180753
0,1049073
0,1049073
0,282829
0,2388429
0,2388429
0,2160666
0,1725305
0,2131393
0,2131393
0,2695735
0,1663721
0,1663721
0,1244038
0,134343
0,134343
0,2410509
0,2161097
0,2161097
0,3519704
0,2755016
0,1791451
0,1791451
0,1056724
0,1101488
0,1101488
0,2110045
0,2530423
0,2530423
0,1614279
0,1279847
0,1223905
0,1223905
0,09620105
0,1021826
0,1021826
0,1202585
0,09925084
0,09925084
0,2014503
0,2009913
0,142161
0,142161
0,124239
0,1390796
0,1390796
0,06324313
0,04537752
0,04537752
0,03910607
0,03763838
0,03763838
0,03652769
0,03073143
0,02641388
0,02641388
0,02330959
0,02547011
0,02547011
0,02471335
0,02356841
0,02356841
0,02540941
0,03099519
0,03423132
0,03423132
0,04948692
0,03903674
0,03903674
0,03686012
0,03112291
0,03112291
0,03793255
0,03302971
0,03302971
0,03484405
0,02754029
0,02607891
0,02607891
0,04597625
0,0553363
0,0553363
0,07623855
0,06852296
0,06852296
0,08298144
0,09041356
0,0989632
0,0989632
0,1281326
0,1267811
0,1267811
0,1402497
0,1330246
0,1330246
0,1636601
0,1591272
0,1502518
0,1502518
0,1688396
0,767601
0,767601
1,490467
1,45243
1,45243
0,6553975
0,5422983
0,5422983
0,454996
0,4682542
0,406964
0,406964
0,6396559
0,5819397
0,5819397
1,228647
1,039216
1,039216
2,413087
1,33417
1,221568
1,221568
0,4813635
0,1482324
0,1482324
0,413161
0,603812
0,603812
0,855515
0,4925129
0,4925129
0,1155174
0,09491884
0,06711683
0,06711683
0,2269302
0,2664187
0,2664187
0,1658382
0,07798734
0,07798734
0,1058191
0,1152579
0,1345078
0,1345078
0,3291183
0,2675663
0,2675663
0,4792199
0,44805
0,44805
0,4788172
0,367714
0,4754413
0,4754413
0,630071
0,5083928
0,5083928
0,649525
0,3945807
0,3945807
0,5876882
0,5021999
0,5021999
0,8573698
0,6172845
0,4560221
0,4560221
0,6887458
0,5998892
0,5998892
0,6812416
0,5583315
0,5583315
0,6770747
0,5995382
0,496718
0,496718
0,6244552
0,5050824
0,5050824
0,71192
0,4934233
0,4934233
0,7892455
0,5829832
0,3845537
0,3845537
0,3620946
0,3020889
0,3020889
0,665061
0,4819061
0,3511892
0,6319709
0,6319709
0,4683329
0,4013686
0,3177561
0,3177561
0,487539
0,3638397
0,3638397
0,3035658
0,3035658
0,6948991
0,4872499
0,3666044
0,3666044
0,551576
0,5010064
0,5010064
0,6081491
0,5630035
0,5630035
0,4906011
0,4071266
0,4071266
0,4152345
0,4300252
0,4266308
0,4266308
0,3652744
0,2856439
0,2856439
0,376765
0,3750285
0,3750285
0,4224956
0,3787324
0,315815
0,315815
0,3187895
0,3377169
0,3377169
0,3350397
0,3546154
0,3546154
0,4067691
0,3307437
0,3307437
0,5261266
0,4843661
0,5573477
0,5573477
0,8215082
0,6275357
0,6275357
1,061831
0,6025929
0,6025929
0,7447425
0,4557885
0,3852853
0,3852853
0,8690733
0,4774743
0,4774743
0,7221897
0,3574254
0,3574254
0,4302537
0,05300329
0,05300329
0,5901533
0,605527
0,329145
0,329145
0,4907482
0,100788
0,100788
0,499463
0,3937643
0,3937643
0,2803348
0,2570642
0,2860296
0,2860296
0,3113881
0,3742822
0,3742822
0,6149001
0,149145
0,149145
0,3879032
0,2465975
0,2465975
0,7788986
0,4256468
0,3142493
0,3142493
0,3007014
0,2506374
0,2506374
0,3666886
0,2505331
0,2505331
0,474594
0,2394358
0,09098169
0,09098169
0,1241889
0,09515963
0,09515963
0,4989542
0,4136869
0,4136869
0,4360476
0,2845028
0,2845028
0,07557738
0,08302803
0,1407131
0,1407131
0,2983992
0,2470504
0,2470504
0,2520387
0,2882319
0,2882319
0,3026806
0,2140565
0,2709786
0,2709786
0,2482009
0,174668
0,174668
0,3073531
0,266648
0,266648
0,2278285
0,2643725
0,1943523
0,1943523
0,2102587
0,228787
0,228787
0,2676518
0,1802609
0,1802609
0,1435109
0,1395677
0,1395677
0,1782089
0,1717792
0,09763797
0,09763797
0,09252478
0,1156916
0,1156916
0,05088909
0,03906067
0,03906067
0,04886618
0,06562838
0,04171545
0,04171545
0,02236669
0,01218001
0,01218001
0,02078787
0,03005349
0,03005349
0,03769503
0,03388271
0,03388271
0,03082824
0,02779926
0,0221944
0,0221944
0,02752073
0,0312779
0,0312779
0,06088229
0,05262349
0,05262349
0,04702448
0,05634677
0,06441864
0,06441864
0,1055609
0,1037132
0,1037132
0,150684
0,1450442
0,1450442
0,1534364
0,1506928
0,1506928
0,1082049
0,1439371
0,1451501
0,1451501
0,2121865
0,210686
0,210686
0,2253901
0,1978807
0,1978807
0,1999398
0,1571489
0,1430235
0,1430235
0,3608767
0,1986371
0,1986371
0,07645518
0,0114811
0,0114811
0,06813741
0,06534963
0,0374648
0,0374648
0,01433875
0,02747034
0,02747034
0,08140827
0,04000962
0,04000962
0,01151735
0,01479747
0,01479747
0,05995816
0,05502582
0,04313027
0,04313027
0,01819696
0,007830544
0,007830544
0,04813493
0,06377213
0,06377213
0,07586692
0,03934155
0,03423567
0,03423567
0,04022288
0,02559927
0,02559927
0,01051843
0,01723065
0,01723065
0,08230728
0,0550803
0,0550803
0,0536169
0,04781895
0,0367887
0,0367887
0,9077085
1,108773
1,108773
3,30146
2,772531
2,772531
7,964311
3,69333
2,901506
2,901506
0,6461793
0,7957219
0,7957219
4,550175
0,4883908
0,4883908
2,981736
0,688396
0,688396
0,9973903
0,1407977
0,3034579
0,3034579
0,6892223
0,4959165
0,4959165
1,329888
0,6138222
0,6138222
0,6671571
0,6636781
0,5106038
0,5106038
0,7987716
0,7193704
0,7193704
0,6804363
0,04119013
0,04119013
1,020488
0,7372154
0,4024886
0,4024886
0,9097301
0,5739449
0,5739449
0,9622555
0,4808258
0,4808258
0,9023632
0,1836157
0,1836157
0,4675667
0,5686982
0,6209508
0,6209508
0,8804226
0,3850347
0,3850347
0,231662
0,3298962
0,3298962
1,033297
0,520411
0,4690189
0,4690189
1,132078
0,9795246
0,9795246
0,8046229
0,544072
0,544072
0,2693198
0,3967137
0,3967137
0,5752599
0,6813437
0,6784514
0,6784514
0,7268768
0,4781134
0,4781134
0,5441038
0,4576744
0,661225
0,7531045
0,737231
0,737231
0,6718346
0,6708282
0,6708282
0,6434191
0,5612759
0,5612759
1,002762
0,6267331
0,6924215
0,4198354
0,4797654
0,4797654
0,8843189
0,5816224
0,5816224
0,871917
0,7783875
0,8834289
0,8999286
0,8999286
0,559011
0,4151395
0,2803624
0,2803624
0,6591001
0,4930529
0,4930529
0,8858023
0,5346007
0,5346007
0,3698514
0,349741
0,2788374
0,2788374
0,6019778
0,697488
0,697488
1,025494
0,6523566
0,6523566
0,6209008
0,650235
0,8493415
0,8493415
0,876447
0,5334716
0,5334716
0,5595329
0,4981966
0,4981966
1,635794
1,255718
1,39489
1,39489
1,833934
0,3812709
0,3812709
1,034763
0,6532681
0,6532681
1,788167
0,9346209
0,9346209
1,009552
0,699786
0,5096679
0,5096679
0,8757426
0,5222653
0,5222653
1,349428
0,4508668
0,4508668
0,3342231
0,3468228
0,4829461
0,4829461
0,9261178
0,6536819
0,6536819
0,2729428
0,237908
0,237908
0,7115813
0,6698664
0,6698664
0,738848
0,5753801
0,4025979
0,4025979
0,6369177
0,6358981
0,6358981
1,260813
1,358024
1,358024
1,725634
0,2575215
0,3871104
0,3871104
0,9233063
1,016873
1,016873
1,779008
0,3693919
0,3693919
1,184801
0,4199408
0,4199408
0,2490927
0,517584
0,6535536
0,6535536
1,362495
0,7211074
0,7211074
0,8504372
0,5895044
0,5895044
0,8236682
0,7566943
0,714862
0,714862
1,042343
0,6290718
0,6290718
1,586716
0,7327409
0,7327409
0,863495
0,5400256
0,6217162
0,6217162
1,317893
0,8841974
0,8841974
1,521106
0,696721
0,696721
1,076271
0,6120058
0,6120058
1,532083
0,7715747
0,6743751
0,6743751
1,011388
0,6742768
0,6742768
1,277841
0,9108605
0,9108605
1,616869
1,099255
0,7293289
0,7293289
0,890313
0,7196889
0,7196889
0,8371137
0,8344879
0,8344879
1,05044
0,7794486
0,7794486
0,8544914
0,6620602
0,5105298
0,5105298
0,8133547
0,8844177
0,8844177
0,9784844
0,6652853
0,6652853
0,6146795
0,5854449
0,4795628
0,4795628
0,4422163
0,4422163
0,7836924
0,7727473
0,7727473
0,7069508
0,6652127
0,7117969
0,7117969
0,7867164
0,7603499
1,078844
0,8153075
0,8153075
0,3912135
0,4210453
0,572032
0,7975473
0,7279105
0,8737911
0,8737911
0,826577
0,6690374
0,6690374
1,133339
0,5972752
0,2401544
0,2401544
0,1907074
0,1907074
1,216912
0,5745791
0,5745791
0,7596357
0,7357473
0,7357473
1,51183
0,7646175
0,6019157
0,6019157
0,9364907
0,6113523
0,6113523
1,234593
0,4419707
0,4419707
0,7504336
0,4042325
0,3816214
0,3816214
1,057519
0,366004
0,366004
0,9432502
0,4487141
0,4487141
0,9739357
0,4718605
0,4718605
1,018392
0,6453954
0,4375119
0,4375119
0,8312677
0,6363025
0,6363025
0,9448026
0,5938227
0,5938227
0,7049348
0,5392669
0,4300517
0,4300517
0,6457705
0,4762642
0,4762642
0,6245865
0,4319125
0,4319125
0,5593393
0,3457827
0,3457827
0,3916061
0,4321792
0,3280523
0,3280523
0,3794715
0,3504256
0,3504256
0,4606435
0,4265674
0,4265674
0,3009836
0,2461084
0,2953587
0,2953587
0,3593072
0,3733561
0,3733561
0,2989399
0,3316504
0,3316504
0,3850202
0,3472074
0,3472074
0,4084997
0,366232
0,4019835
0,4019835
0,3477408
0,310085
0,310085
0,5797601
0,5688493
0,5688493
0,9508573
0,7243459
0,5737153
0,5737153
0,6936377
0,5585514
0,5585514
1,055307
0,4991017
0,4991017
0,3406079
0,5689313
0,5689313
1,129675
0,6249143
0,269357
0,269357
0,5257674
0,3598387
0,3598387
0,4400398
0,3089314
0,3089314
0,5027353
0,3791078
0,2574271
0,2574271
0,2307777
0,1771273
0,1771273
0,1473765
0,1796078
0,1796078
0,4260813
0,3705584
0,2490367
0,2490367
0,2926436
0,2774618
0,2774618
0,2597714
0,2958023
0,2958023
0,555973
0,5508365
0,5508365
0,7376164
0,6178433
0,5995319
0,5995319
0,8368502
0,7382232
0,7382232
0,9812018
0,5759928
0,5759928
0,7077101
0,3682122
0,3323169
0,3323169
0,7386962
0,3337155
0,3337155
0,5235643
0,435573
0,435573
0,4155205
0,1904386
0,1904386
0,1984675
0,3348504
0,2630174
0,2630174
0,08671843
0,05047507
0,05047507
0,1827099
0,1540276
0,1540276
0,1560149
0,09572246
0,06931549
0,06931549
0,06326223
0,0407998
0,0407998
0,1006351
0,09595495
0,09595495
0,08407115
0,1012319
0,1012319
0,1217853
0,0583522
0,02705922
0,02705922
0,1042884
0,09385472
0,09385472
0,1113458
0,1619279
0,1619279
0,2840379
0,3193682
0,4118111
0,4118111
0,3349316
0,312812
0,312812
0,3139399
0,1868082
0,1868082
0,454069
0,3173275
0,3173275
0,3182694
0,2392856
0,1969679
0,1969679
0,1864121
0,1839437
0,1839437
0,2506009
0,2680359
0,2680359
0,2103939
0,2088849
0,1988865
0,1988865
0,1637587
0,1916201
0,1916201
0,1892967
0,1943956
0,1943956
0,2615835
0,2025041
0,08623062
0,08623062
0,09283715
0,07521848
0,07521848
0,07896902
0,06856637
0,06856637
0,08861282
0,08336779
0,08336779
0,07014991
0,05861894
0,04730736
0,04730736
0,0800205
0,07278304
0,07278304
0,06383082
0,06369948
0,06369948
0,08258668
0,05648794
0,04378843
0,04378843
0,07569925
0,08597672
0,08597672
0,1101397
0,09713323
0,09713323
0,1146125
0,1133373
0,1133373
0,1935101
0,2802759
0,2038254
0,2038254
0,1977678
0,1985138
0,1985138
0,255395
0,7246775
0,7246775
1,88252
1,567266
1,411097
1,411097
2,087549
1,723804
1,723804
2,723187
1,443588
1,443588
1,490786
0,4934405
0,4934405
0,3155764
0,379422
0,1603184
0,1603184
0,2374811
0,1042749
0,1042749
0,2175808
0,1194335
0,1194335
0,1969373
0,194214
0,1379574
0,1379574
0,2104869
0,2506798
0,2506798
0,08408036
0,07374524
0,07374524
0,08959098
0,05744161
0,09497447
0,09497447
0,0969115
0,1342947
0,1342947
0,258488
0,1529911
0,1529911
0,1101773
0,08853067
0,08853067
0,3134217
0,3394248
0,3971871
0,3971871
0,3249995
0,203341
0,203341
0,2069365
0,2270683
0,2270683
0,1390003
0,1530896
0,141754
0,141754
0,1311028
0,1306725
0,1306725
0,1098995
0,09096274
0,09096274
0,1010342
0,09711763
0,09711763
0,06231992
0,06084428
0,08278854
0,08278854
0,09223214
0,07711361
0,07711361
0,0341357
0,03829919
0,03829919
0,06024773
0,06081291
0,05469479
0,05469479
0,07084825
0,06713483
0,06713483
0,07961415
0,07303665
0,07303665
0,06011846
0,05622537
0,05622537
0,07278742
0,06482206
0,06255388
0,06255388
0,03310653
0,03387401
0,03387401
0,04217055
0,04761003
0,04761003
0,04646538
0,04487805
0,07700506
0,07700506
0,1069036
0,1000896
0,1000896
0,1280539
0,1220568
0,1220568
0,0576612
0,0716118
0,0716118
0,09645622
0,1020216
0,09731754
0,09731754
0,08309914
0,08618203
0,08618203
0,1151198
0,1269406
0,1269406
0,1501772
0,1354456
0,1110618
0,1110618
0,1073272
0,09773208
0,09773208
0,09960401
0,08771422
0,08771422
0,05727093
0,04954785
0,04954785
0,07987326
0,06284853
0,05667321
0,05667321
0,07977517
0,08401609
0,08401609
0,1057083
0,1564394
0,1564394
0,3858001
0,3289427
0,1024839
0,1024839
0,2263419
0,231405
0,231405
0,2743308
0,2719702
0,2719702
0,3773108
0,7070166
0,8158228
0,8158228
2,26105
1,867442
1,867442
2,659166
1,87376
1,87376
velocityComponents
0,02589226
0,1886427
-0,04775524
0,02589226
0,1886427
-0,04775524
0,131315
0,2271771
-0,5718648
0,03141761
0,1033351
-0,1455903
0,03141761
0,1033351
-0,1455903
-0,08245111
0,2459049
0,3328025
-0,02211332
-0,09250045
-0,04848838
0,01847744
0,1337603
-0,1499534
0,01847744
0,1337603
-0,1499534
0,09461641
0,8340865
-0,2718359
-0,06908178
0,2889305
0,2623647
-0,06908178
0,2889305
0,2623647
-0,05726218
0,1725629
-0,02607107
0,02985001
0,400506
-0,1012504
0,02985001
0,400506
-0,1012504
0,08858442
0,4493028
-0,4433334
0,09645224
0,5766839
-0,2094388
0,02575811
0,2995691
-0,1301326
0,02575811
0,2995691
-0,1301326
-0,01871561
0,5655187
0,004811805
0,01331195
0,5329824
0,03185878
0,01331195
0,5329824
0,03185878
0,03280064
0,8184282
-0,09590888
0,01192812
0,4013793
-0,03967198
0,01192812
0,4013793
-0,03967198
-0,02937463
0,410233
-0,06640058
-0,01103899
0,2647325
-0,01498795
-0,03550065
0,2879274
0,1287469
-0,03550065
0,2879274
0,1287469
-0,1446053
0,3457534
0,4242578
0,03015534
-0,01885671
-0,1883128
0,03015534
-0,01885671
-0,1883128
0,1276531
0,4391905
-0,6012619
0,01157522
-0,03315359
-0,1527458
0,01157522
-0,03315359
-0,1527458
0,03814527
-0,07587858
-0,4050834
-0,02208108
0,04269115
0,09966597
-0,02208108
0,04269115
0,09966597
-0,09610052
0,2406536
0,3415012
-0,1003391
0,1421584
0,3216481
-0,03317408
-0,121423
0,0270235
-0,03317408
-0,121423
0,0270235
0,1233461
0,05501551
-0,5818589
0,05654367
0,1750915
-0,2068908
0,05654367
0,1750915
-0,2068908
-0,002824616
0,08423106
0,03562241
-0,02165156
0,007102994
0,06886707
-0,02165156
0,007102994
0,06886707
-0,04267796
0,09880985
0,1494299
0,008717187
0,02461698
-0,05074579
0,02453362
-0,03390191
-0,1663073
0,02453362
-0,03390191
-0,1663073
0,2021968
0,2431063
-0,834359
0,06839985
0,1780622
-0,2341254
0,06839985
0,1780622
-0,2341254
0,02128948
0,1608597
-0,04753114
-0,02229137
0,07660453
0,1069381
-0,02229137
0,07660453
0,1069381
-0,002888226
0,08112605
-0,005241472
0,03891912
0,2230218
-0,1190596
0,05923174
0,2293313
-0,2008266
0,05923174
0,2293313
-0,2008266
0,07298984
0,1071248
-0,3162293
0,02003833
0,05734968
-0,0890843
0,02003833
0,05734968
-0,0890843
0,01495249
0,08536521
-0,08019336
0,01573225
0,06776209
-0,07852603
0,01573225
0,06776209
-0,07852603
0,04198033
0,2345124
-0,1524265
0,03789392
0,1818379
-0,1501497
0,03789392
0,1818379
-0,1501497
0,03381794
0,1353394
-0,1649981
0,02594989
0,03917972
-0,166007
0,02779593
-0,01849426
-0,2105083
0,02779593
-0,01849426
-0,2105083
0,04118377
0,09288336
-0,2496928
0,02124136
0,07033852
-0,1492682
0,02124136
0,07033852
-0,1492682
0,008948199
0,07377473
-0,09976741
0,006480672
0,1140465
-0,07070664
0,006480672
0,1140465
-0,07070664
0,01967366
0,1976048
-0,1366412
0,02291484
0,1526309
-0,1512684
0,02291484
0,1526309
-0,1512684
0,04899963
0,1408679
-0,3188078
0,03621148
0,1471999
-0,230048
0,0177087
0,1382788
-0,1125092
0,0177087
0,1382788
-0,1125092
0,002461887
0,09417133
-0,04787855
0,003296035
0,09497967
-0,05568446
0,003296035
0,09497967
-0,05568446
0,01763263
0,1384429
-0,1582579
0,0277985
0,1391299
-0,2095245
0,0277985
0,1391299
-0,2095245
0,01446266
0,07289796
-0,1433028
0,00924973
0,06030045
-0,1125095
0,00718009
0,06977882
-0,1002935
0,00718009
0,06977882
-0,1002935
0,003591258
0,06121249
-0,07412675
0,00357381
0,05083952
-0,08856551
0,00357381
0,05083952
-0,08856551
0,000210791
0,06542608
-0,1009033
-0,003101512
0,04663477
-0,08755746
-0,003101512
0,04663477
-0,08755746
-0,0009123904
-0,05408502
-0,1940521
0,006622653
0,004490542
-0,200832
0,006322282
0,03933468
-0,1364646
0,006322282
0,03933468
-0,1364646
7,142757E-05
-0,002253644
-0,1242185
-0,002259271
-0,03738089
-0,1339429
-0,002259271
-0,03738089
-0,1339429
-0,01418825
-0,01157106
-0,06053509
-0,01919598
0,01158515
-0,03945147
-0,01919598
0,01158515
-0,03945147
-0,01788289
0,01403051
-0,03182188
-0,02042471
0,01033879
-0,02987622
-0,02042471
0,01033879
-0,02987622
-0,01428795
0,01641386
-0,02933788
-0,009353578
0,0157159
-0,024697
-0,01015159
0,01294046
-0,0206684
-0,01015159
0,01294046
-0,0206684
-0,01315173
0,006179031
-0,01822605
-0,01225189
0,00830864
-0,02072641
-0,01225189
0,00830864
-0,02072641
-0,01325529
0,009383075
-0,01862807
-0,01404918
0,008740569
-0,01678371
-0,01404918
0,008740569
-0,01678371
-0,01410203
0,008585168
-0,01931491
-0,01404228
0,01251433
-0,0246355
-0,01364997
0,01856642
-0,02531303
-0,01364997
0,01856642
-0,02531303
-0,02662335
0,02346908
-0,03448702
-0,01414322
0,01804769
-0,03159299
-0,01414322
0,01804769
-0,03159299
-0,01191682
0,01543984
-0,0312773
-0,01210376
0,01120512
-0,0263928
-0,01210376
0,01120512
-0,0263928
-0,01816223
0,009721912
-0,03185116
-0,01548214
0,008031556
-0,02804923
-0,01548214
0,008031556
-0,02804923
-0,01304571
0,01288984
-0,02962717
-0,01102496
0,008650387
-0,0237084
-0,0106431
0,007809699
-0,02249095
-0,0106431
0,007809699
-0,02249095
-0,02186706
0,01130214
-0,0388318
-0,02737017
0,01358053
-0,0461362
-0,02737017
0,01358053
-0,0461362
-0,03206149
0,02240605
-0,06543964
-0,02829905
0,01804032
-0,059742
-0,02829905
0,01804032
-0,059742
-0,02748928
0,02846118
-0,07293984
-0,02207641
0,03997828
-0,07803193
-0,01758938
0,04737765
-0,08508635
-0,01758938
0,04737765
-0,08508635
-0,02315887
0,05950024
-0,1110916
-0,02394814
0,05634926
-0,1110167
-0,02394814
0,05634926
-0,1110167
-0,02023907
0,06259274
-0,1238649
-0,0196996
0,05703396
-0,1185521
-0,0196996
0,05703396
-0,1185521
-0,01805803
0,06721544
-0,1481236
-0,0181528
0,0688419
-0,1423121
-0,005434455
0,07302286
-0,1312011
-0,005434455
0,07302286
-0,1312011
-0,01341315
0,07459541
-0,1508722
0,02338926
0,03207358
-0,7665739
0,02338926
0,03207358
-0,7665739
-0,176057
-0,2377543
-1,460811
-0,1666524
-0,2457743
-1,42175
-0,1666524
-0,2457743
-1,42175
0,05049297
0,08616504
-0,6477438
0,008263152
0,06098955
-0,5387944
0,008263152
0,06098955
-0,5387944
-0,05551799
0,002525937
-0,4515891
-0,05485919
-0,01144078
-0,4648888
0,03891971
0,03025549
-0,4039673
0,03891971
0,03025549
-0,4039673
0,05932879
0,04394082
-0,635381
0,0543293
0,03286109
-0,5784655
0,0543293
0,03286109
-0,5784655
0,1147464
0,0350443
-1,222775
0,09713349
0,02568366
-1,034348
0,09713349
0,02568366
-1,034348
0,23035
0,06340756
-2,40123
0,1206843
-0,09601043
-1,325227
0,1071883
-0,1344291
-1,209408
0,1071883
-0,1344291
-1,209408
0,05602706
0,0427376
-0,4761778
0,007271767
-0,07781461
-0,1259558
0,007271767
-0,07781461
-0,1259558
0,007186937
-0,2413629
-0,3352526
0,03597563
0,07611576
-0,597914
0,03597563
0,07611576
-0,597914
0,04184911
0,09897561
-0,8487393
0,02170787
0,03621119
-0,4906999
0,02170787
0,03621119
-0,4906999
0,0005077933
-0,114996
-0,01095087
0,002062932
-0,04123351
0,08547004
0,006863121
0,03222951
0,05847072
0,006863121
0,03222951
0,05847072
0,02170864
0,0220063
-0,224815
0,02781595
0,1405599
-0,2246066
0,02781595
0,1405599
-0,2246066
0,02022893
0,118608
-0,1141282
0,01300099
0,07230911
-0,02616088
0,01300099
0,07230911
-0,02616088
0,01620917
0,1045404
0,002499281
0,01488109
0,1126088
0,01954973
0,01583737
0,1316293
0,02269929
0,01583737
0,1316293
0,02269929
0,02628086
0,2967791
0,1398224
0,01813456
0,2368204
0,1232031
0,01813456
0,2368204
0,1232031
0,02858282
0,4572311
0,1406218
0,02276584
0,4270138
0,1337527
0,02276584
0,4270138
0,1337527
0,01703452
0,4701251
0,0892079
0,009244132
0,3562191
0,09075265
0,008128057
0,439893
0,1802012
0,008128057
0,439893
0,1802012
0,01243248
0,625743
-0,07266716
0,008738472
0,4887474
-0,1396883
0,008738472
0,4887474
-0,1396883
-0,004691247
0,6492029
-0,01990937
-0,009439787
0,3918779
-0,04512706
-0,009439787
0,3918779
-0,04512706
-0,02078701
0,5853693
-0,04783332
-0,01727111
0,5017506
-0,01236414
-0,01727111
0,5017506
-0,01236414
-0,02930663
0,8297912
-0,213707
-0,02583756
0,5888883
-0,1832569
-0,02720327
0,4415382
-0,1107257
-0,02720327
0,4415382
-0,1107257
-0,05139068
0,6276475
-0,2789058
-0,04683161
0,5603986
-0,2088713
-0,04683161
0,5603986
-0,2088713
-0,07060173
0,6505154
-0,1895658
-0,06019651
0,5000239
-0,2410116
-0,06019651
0,5000239
-0,2410116
-0,07996915
0,5540738
-0,3808376
-0,07166765
0,4970386
-0,3275094
-0,06519118
0,4348925
-0,2309705
-0,06519118
0,4348925
-0,2309705
-0,1033125
0,5400443
-0,2960117
-0,08763647
0,4567803
-0,1969259
-0,08763647
0,4567803
-0,1969259
-0,1253438
0,6727733
-0,1962018
-0,0964948
0,4576877
-0,1570903
-0,0964948
0,4576877
-0,1570903
-0,1357104
0,7015051
-0,3352338
-0,1000909
0,4940645
-0,2928336
-0,07706361
0,3274327
-0,1863615
-0,07706361
0,3274327
-0,1863615
-0,09585868
0,1845045
-0,2964485
-0,07217695
0,2082448
-0,206597
-0,07217695
0,2082448
-0,206597
-0,104322
0,3507966
-0,555306
-0,07442078
0,2790852
-0,3857544
-0,05112128
0,1363773
-0,3195648
-0,07659502
-0,02452162
-0,6268326
-0,07659502
-0,02452162
-0,6268326
-0,06900032
0,02343549
-0,4626289
-0,04079604
-0,1528039
-0,3688948
-0,03438468
-0,09791017
-0,3003335
-0,03438468
-0,09791017
-0,3003335
-0,052338
-0,1358845
-0,4652853
-0,04522758
-0,04869379
-0,3577187
-0,04522758
-0,04869379
-0,3577187
-0,02782034
-0,06497074
-0,2952237
-0,02782034
-0,06497074
-0,2952237
-0,0575687
-0,3325298
-0,6074492
-0,03348772
-0,3084894
-0,3756665
-0,0253287
-0,2300919
-0,2842798
-0,0253287
-0,2300919
-0,2842798
-0,04310665
-0,2807381
-0,4728255
-0,03436281
-0,2966153
-0,4023009
-0,03436281
-0,2966153
-0,4023009
-0,05492609
-0,2725048
-0,540897
-0,05564491
-0,2066272
-0,5207512
-0,05564491
-0,2066272
-0,5207512
-0,05161873
-0,2074827
-0,4415607
-0,04963252
-0,1390568
-0,37941
-0,04963252
-0,1390568
-0,37941
-0,05595138
-0,1101972
-0,3964161
-0,0617326
-0,04044513
-0,4236449
-0,06277043
0,002807014
-0,4219785
-0,06277043
0,002807014
-0,4219785
-0,05146034
-0,09919766
-0,34776
-0,03944087
-0,1053533
-0,2625596
-0,03944087
-0,1053533
-0,2625596
-0,04954961
-0,179794
-0,3273695
-0,04676302
-0,2038704
-0,3112819
-0,04676302
-0,2038704
-0,3112819
-0,04306763
-0,3093296
-0,2845398
-0,03670436
-0,2954665
-0,234074
-0,03607208
-0,2300951
-0,2132936
-0,03607208
-0,2300951
-0,2132936
-0,03637787
-0,2465251
-0,1988184
-0,03043892
-0,2974007
-0,1570954
-0,03043892
-0,2974007
-0,1570954
-0,03179513
-0,2879049
-0,168379
-0,03667655
-0,2851216
-0,2076357
-0,03667655
-0,2851216
-0,2076357
-0,04413077
-0,3120678
-0,2571521
-0,03594129
-0,2495711
-0,2140418
-0,03594129
-0,2495711
-0,2140418
-0,06435879
-0,3227015
-0,410525
-0,06258483
-0,2613861
-0,4029528
-0,07071838
-0,3093423
-0,458195
-0,07071838
-0,3093423
-0,458195
-0,1093477
-0,4141732
-0,7009846
-0,07930656
-0,372295
-0,4989068
-0,07930656
-0,372295
-0,4989068
-0,1092096
-0,8392139
-0,6413102
-0,05449047
-0,526256
-0,2884504
-0,05449047
-0,526256
-0,2884504
-0,0536891
-0,7155054
-0,1995263
-0,0209031
-0,4521843
-0,05325004
-0,01747208
-0,3808402
-0,05567907
-0,01747208
-0,3808402
-0,05567907
-0,0650086
-0,8205784
-0,278771
-0,02760945
-0,4621317
-0,1168493
-0,02760945
-0,4621317
-0,1168493
-0,02497999
-0,7121292
-0,1174986
-0,0153962
-0,3468924
-0,08474398
-0,0153962
-0,3468924
-0,08474398
0,007072787
-0,4295937
0,02274785
0,01320777
-0,03460828
0,03791002
0,01320777
-0,03460828
0,03791002
0,06398038
-0,4661127
0,3562672
0,05878364
-0,472573
0,3740083
-0,003035412
-0,3291259
0,001819637
-0,003035412
-0,3291259
0,001819637
-0,04862181
0,2540558
-0,4170436
-0,001350137
0,06035551
-0,08070695
-0,001350137
0,06035551
-0,08070695
0,07545198
-0,3730801
0,3233906
0,03383024
-0,3691217
0,1328723
0,03383024
-0,3691217
0,1328723
-0,02497716
0,02080584
-0,2784437
-0,01834762
-0,1075017
-0,2327848
-0,01137463
-0,2382205
-0,1579068
-0,01137463
-0,2382205
-0,1579068
0,03171381
-0,3097016
0,00645841
-0,005430904
-0,3391797
-0,1581606
-0,005430904
-0,3391797
-0,1581606
-0,06155211
-0,1775208
-0,5854911
-0,002793901
-0,02882473
-0,1463064
-0,002793901
-0,02882473
-0,1463064
-0,002461991
-0,3771909
-0,09049767
0,005820416
-0,2436219
-0,03774683
0,005820416
-0,2436219
-0,03774683
-0,06962275
-0,5673317
-0,5291223
-0,04967484
-0,1004912
-0,4106204
-0,03424361
-0,05652258
-0,3072217
-0,03424361
-0,05652258
-0,3072217
-0,02329724
-0,13448
-0,2679435
-0,02315746
-0,1458865
-0,2024845
-0,02315746
-0,1458865
-0,2024845
-0,02740203
-0,2409075
-0,2750877
-0,02134388
-0,1006668
-0,2284238
-0,02134388
-0,1006668
-0,2284238
-0,05761278
-0,08878093
-0,4626426
-0,02041068
-0,003659323
-0,2385362
0,0005041305
-0,02493063
-0,08749788
0,0005041305
-0,02493063
-0,08749788
0,01080324
-0,08953659
-0,08537778
0,02482696
-0,09122466
-0,01081845
0,02482696
-0,09122466
-0,01081845
0,03784945
-0,4958434
0,04076871
-0,02237169
-0,3559121
-0,2096733
-0,02237169
-0,3559121
-0,2096733
-0,03643171
0,09265433
-0,4245296
-0,01227089
0,08411502
-0,2715068
-0,01227089
0,08411502
-0,2715068
0,01825911
0,03517532
-0,06435248
0,01711043
0,01134517
-0,08044982
0,009947348
0,02177978
-0,138661
0,009947348
0,02177978
-0,138661
0,008697276
0,1432634
-0,2616143
0,01733969
0,1503509
-0,1952635
0,01733969
0,1503509
-0,1952635
0,01303729
0,1024325
-0,2299154
0,001840112
0,09132581
-0,2733749
0,001840112
0,09132581
-0,2733749
0,03707863
0,2408216
-0,1795707
0,03098836
0,1610381
-0,1375742
0,04504807
0,2258239
-0,1428414
0,04504807
0,2258239
-0,1428414
0,05640001
0,207645
-0,1237186
0,03744489
0,1076104
-0,1323888
0,03744489
0,1076104
-0,1323888
0,06620315
0,2611904
-0,1478604
0,0640585
0,239999
-0,0969441
0,0640585
0,239999
-0,0969441
0,05352661
0,179023
-0,1303515
0,04687441
0,2169775
-0,143584
0,03019671
0,1436389
-0,1273924
0,03019671
0,1436389
-0,1273924
0,02024162
0,09916409
-0,1842973
0,007782761
0,06172653
-0,2201653
0,007782761
0,06172653
-0,2201653
0,03643642
0,2118181
-0,1595084
0,0340149
0,1410858
-0,1069195
0,0340149
0,1410858
-0,1069195
0,02245363
0,08965325
-0,1097884
0,01544808
0,06308182
-0,1235361
0,01544808
0,06308182
-0,1235361
0,01148053
0,04094017
-0,1730621
0,007892175
0,01658296
-0,1707947
0,006131496
0,01062655
-0,0968641
0,006131496
0,01062655
-0,0968641
0,01014173
0,01159735
-0,09123312
0,00499075
-0,008173171
-0,1152946
0,00499075
-0,008173171
-0,1152946
0,00532744
0,005491289
-0,05031068
0,004618831
0,001998146
-0,03873513
0,004618831
0,001998146
-0,03873513
0,006135099
-0,01099204
-0,04721693
0,00738651
-0,01713012
-0,06292124
0,009998518
-0,008333329
-0,03963287
0,009998518
-0,008333329
-0,03963287
0,006853397
-0,007255335
-0,0200165
0,004878848
-0,001756558
-0,01102107
0,004878848
-0,001756558
-0,01102107
0,004114087
-0,007914275
-0,01877696
0,002722873
-0,01422999
-0,0263307
0,002722873
-0,01422999
-0,0263307
0,008818218
-0,008133003
-0,03573526
0,007024969
-0,006616111
-0,03247946
0,007024969
-0,006616111
-0,03247946
0,007802851
-0,008641298
-0,02854512
0,005435931
-0,009096889
-0,02570011
0,006927039
-0,003579912
-0,0207796
0,006927039
-0,003579912
-0,0207796
0,005906881
-0,008812979
-0,02539352
0,006155518
-0,009193366
-0,02925575
0,006155518
-0,009193366
-0,02925575
0,01268206
-0,005791598
-0,05926445
0,01541412
-0,001984529
-0,05027622
0,01541412
-0,001984529
-0,05027622
0,005548423
-0,02148205
-0,04146129
-0,006291825
-0,03563064
-0,04319525
-0,004030788
-0,0307048
-0,05648653
-0,004030788
-0,0307048
-0,05648653
0,04410887
-0,02898451
-0,09141892
0,04437557
-0,0192837
-0,09173541
0,04437557
-0,0192837
-0,09173541
0,05567271
-0,03391321
-0,1358533
0,05730795
-0,03031592
-0,1297481
0,05730795
-0,03031592
-0,1297481
0,06345531
-0,01039725
-0,1393127
0,06419159
-0,009161799
-0,1360288
0,06419159
-0,009161799
-0,1360288
0,05876755
-0,01713109
-0,08922558
0,04394751
-0,04609159
-0,1290816
0,04999067
-0,006617334
-0,1361091
0,04999067
-0,006617334
-0,1361091
0,04709232
0,02102426
-0,2058237
0,05374771
0,01254921
-0,203328
0,05374771
0,01254921
-0,203328
0,06254718
0,06914313
-0,2052018
0,06341156
0,09962848
-0,1587763
0,06341156
0,09962848
-0,1587763
0,05443284
0,03224811
-0,1896656
0,016504
0,02310085
-0,154563
0,01548527
0,03850912
-0,1368685
0,01548527
0,03850912
-0,1368685
0,06798562
0,0884054
-0,3432119
-0,07209971
0,02477111
-0,183425
-0,07209971
0,02477111
-0,183425
0,007210882
-0,02712607
0,07111663
0,003735008
-3,91677E-05
0,01085651
0,003735008
-3,91677E-05
0,01085651
-0,001262415
0,01931781
-0,06532943
0,001233678
0,0191077
-0,06248158
0,001382681
0,01123953
-0,03571236
0,001382681
0,01123953
-0,03571236
0,002472611
0,005723298
-0,01291239
0,003128778
0,01108243
-0,02494013
0,003128778
0,01108243
-0,02494013
0,0002723187
0,02717221
-0,07673919
-0,002446964
0,01515746
-0,03694636
-0,002446964
0,01515746
-0,03694636
0,01141069
-0,001369804
0,0007543564
-0,003928876
0,00775446
-0,01197487
-0,003928876
0,00775446
-0,01197487
-0,01207849
0,02167678
-0,05458212
-0,01715944
0,0234855
-0,04671001
-0,01407597
0,0197331
-0,03567481
-0,01407597
0,0197331
-0,03567481
-0,01313171
0,007030845
-0,01045251
0,00341085
0,005417466
0,004509389
0,00341085
0,005417466
0,004509389
-0,007930893
0,02238482
-0,04186875
-0,01197193
0,02978674
-0,05510271
-0,01197193
0,02978674
-0,05510271
-0,01652434
0,04197738
-0,06099701
-0,01920693
0,02536048
-0,02314514
-0,01342945
0,0195495
-0,02468902
-0,01342945
0,0195495
-0,02468902
-0,008560337
0,01939669
-0,03418142
-0,008694552
0,01985949
-0,01361352
-0,008694552
0,01985949
-0,01361352
-0,00473161
0,007616401
0,005499065
-0,01181743
0,0125393
-9,918213E-05
-0,01181743
0,0125393
-9,918213E-05
-0,02133767
0,04262722
-0,06709778
-0,02389952
0,01451403
-0,04745519
-0,02389952
0,01451403
-0,04745519
0,001669817
0,01228939
-0,05216277
-0,0002273396
0,02203561
-0,04243857
6,303191E-06
0,004179463
-0,03655052
6,303191E-06
0,004179463
-0,03655052
-0,1885807
0,000904128
-0,8879027
-0,1578059
0,1472935
-1,087557
-0,1578059
0,1472935
-1,087557
-0,4135168
0,3180437
-3,259984
-0,3615192
0,3268832
-2,729355
-0,3615192
0,3268832
-2,729355
-1,221155
1,401453
-7,74435
-0,5926146
0,7483688
-3,567834
-0,4548557
0,3639478
-2,842426
-0,4548557
0,3639478
-2,842426
0,2532363
-0,4011422
0,4387528
-0,3484249
0,1416385
-0,7012218
-0,3484249
0,1416385
-0,7012218
-1,975137
2,085295
-3,52909
0,06486177
-0,479576
0,06576777
0,06486177
-0,479576
0,06576777
1,195771
-1,832386
2,025646
0,3308654
-0,1387876
0,5874991
0,3308654
-0,1387876
0,5874991
0,3851295
0,5954936
0,7013202
0,05283356
0,005108863
0,130409
0,1302898
-0,03868528
0,2713203
0,1302898
-0,03868528
0,2713203
0,2994657
-0,001695752
0,6207615
0,2170444
-0,04191548
0,4439235
0,2170444
-0,04191548
0,4439235
0,589186
0,1235012
1,185837
0,2621889
0,1145545
0,5430579
0,2621889
0,1145545
0,5430579
0,2324164
0,3360234
0,5274177
0,2206564
0,4284911
0,4562616
0,2135336
0,1116898
0,4501611
0,2135336
0,1116898
0,4501611
0,280875
0,4467119
0,5996615
0,2152443
0,5176045
0,4508317
0,2152443
0,5176045
0,4508317
0,002539158
-0,6773267
0,06492734
0,01024008
0,02148636
0,03361702
0,01024008
0,02148636
0,03361702
0,2066016
0,8770227
0,4791051
0,1492321
0,6403528
0,3334135
0,1311421
0,2283871
0,3043652
0,1311421
0,2283871
0,3043652
0,2026021
-0,7385411
0,491038
0,2155244
-0,1845561
0,4988998
0,2155244
-0,1845561
0,4988998
0,3454268
-0,318595
0,8397102
0,08234978
0,4194327
0,2202004
0,08234978
0,4194327
0,2202004
0,2004802
0,696367
0,5377173
0,01720786
-0,1564965
0,09448528
0,01720786
-0,1564965
0,09448528
0,130403
-0,1884721
0,4075438
0,1931489
-0,1286611
0,5191892
0,2212822
-0,006055832
0,5801529
0,2212822
-0,006055832
0,5801529
0,1264534
0,7502196
0,4430846
0,01340641
0,3631597
0,1272281
0,01340641
0,3631597
0,1272281
0,02030675
0,04200992
0,2269143
0,03701578
0,2533323
0,2080482
0,03701578
0,2533323
0,2080482
0,1422973
0,8370328
0,588923
0,1387849
0,1163022
0,4878936
0,1213335
0,05760696
0,4493755
0,1213335
0,05760696
0,4493755
0,1488256
0,8626383
0,7178481
0,1206952
0,7740248
0,5880363
0,1206952
0,7740248
0,5880363
0,06767128
0,6360348
0,4881581
0,04518324
0,4019214
0,3639121
0,04518324
0,4019214
0,3639121
-0,04799117
0,2386952
0,1151288
-0,009439954
0,3354124
0,2116392
-0,009439954
0,3354124
0,2116392
0,01473751
0,4567564
0,3494
-0,003898095
0,6065527
0,3103351
-0,02714854
0,6279517
0,2554133
-0,02714854
0,6279517
0,2554133
-0,04566614
0,6541053
0,3137048
0,0004272192
0,3576515
0,3172974
0,0004272192
0,3576515
0,3172974
0,0190295
0,3391792
0,4250227
-0,002321459
0,3290935
0,3180534
0,03216975
0,4388781
0,4935278
0,05006673
0,495296
0,5651032
0,0554394
0,4712251
0,5642543
0,0554394
0,4712251
0,5642543
0,01413205
0,3606644
0,566642
0,02276425
0,4479113
0,4988665
0,02276425
0,4479113
0,4988665
0,01909435
0,2446417
0,594789
0,001134543
0,3541228
0,4354612
0,001134543
0,3541228
0,4354612
0,1345598
0,04492453
0,9926772
0,09408328
-0,2821895
0,5516446
0,03649075
0,3602503
0,5901997
0,004927433
0,2014805
0,3682975
-0,01608732
-0,1878712
0,4411581
-0,01608732
-0,1878712
0,4411581
0,05689739
0,2473874
0,8471022
0,07875441
-0,29538
0,4948061
0,07875441
-0,29538
0,4948061
0,08125372
-0,6728193
0,5485902
0,1356188
-0,3420285
0,6859382
0,1366515
-0,6921282
0,5317249
0,1115686
-0,5568774
0,6980771
0,1115686
-0,5568774
0,6980771
0,03350235
-0,4033781
0,3855607
0,002031403
-0,3698988
0,1884451
-0,003372466
-0,2038562
0,192443
-0,003372466
-0,2038562
0,192443
-0,004005729
-0,6352696
0,1755828
0,01585905
-0,4436062
0,2146235
0,01585905
-0,4436062
0,2146235
0,01207052
-0,8724045
0,1530047
0,02536144
-0,4711471
0,2513466
0,02536144
-0,4711471
0,2513466
0,01162414
-0,2314561
0,2882412
-0,007098393
-0,312113
0,1576509
-0,01245726
-0,2470924
0,1286098
-0,01245726
-0,2470924
0,1286098
0,06614896
-0,1525052
0,5785705
0,09093866
-0,2247007
0,6540101
0,09093866
-0,2247007
0,6540101
0,0971887
-0,6571544
0,7812427
0,04302883
-0,4259852
0,4921934
0,04302883
-0,4259852
0,4921934
-0,004865312
-0,4465041
0,4314258
-0,007603532
-0,5948039
0,2625948
-0,0141984
-0,8303819
0,1778908
-0,0141984
-0,8303819
0,1778908
-0,01424434
-0,8204521
0,3079199
-0,04361748
-0,5215616
0,1032622
-0,04361748
-0,5215616
0,1032622
-0,1018769
-0,550176
-0,002138436
-0,0444442
-0,4649975
0,1732106
-0,0444442
-0,4649975
0,1732106
-0,05346945
-1,557702
0,4965154
-0,0248383
-1,163191
0,472439
-0,02562991
-1,274083
0,5672513
-0,02562991
-1,274083
0,5672513
-0,2260704
-1,819217
-0,05154461
-0,07334493
-0,3731762
0,02697367
-0,07334493
-0,3731762
0,02697367
-0,162969
-1,021016
0,04123917
-0,06878836
-0,6300644
0,15826
-0,06878836
-0,6300644
0,15826
-0,1739198
-1,753583
0,3037083
-0,06816835
-0,8831476
0,2981938
-0,06816835
-0,8831476
0,2981938
-0,02488252
-0,8041987
0,6097879
-0,1103082
-0,6884344
-0,05992227
-0,1057751
-0,448454
-0,2178578
-0,1057751
-0,448454
-0,2178578
-0,163864
-0,8320846
-0,2184238
-0,07093475
-0,5167087
0,02722865
-0,07093475
-0,5167087
0,02722865
-0,1662854
-1,332078
0,1373756
-0,03426782
-0,4209245
0,1578897
-0,03426782
-0,4209245
0,1578897
-0,02387597
-0,3047896
0,1350495
-0,03997437
-0,33723
0,07045618
-0,02468074
-0,4167679
0,2427598
-0,02468074
-0,4167679
0,2427598
-0,06792735
-0,8268673
0,4115465
-0,05958602
-0,6010434
0,2499929
-0,05958602
-0,6010434
0,2499929
-0,03419745
-0,2609927
0,07218792
0,001707492
-0,1470848
0,1869849
0,001707492
-0,1470848
0,1869849
-0,01227443
-0,4941283
0,511893
-0,05263401
-0,5682946
0,350702
-0,05263401
-0,5682946
0,350702
0,03686647
-0,3107961
0,6692854
-0,0101734
-0,3716948
0,439092
-0,03265131
-0,3293015
0,2293021
-0,03265131
-0,3293015
0,2293021
-0,02459445
-0,4421089
0,4578198
-0,02482252
-0,4364493
0,4618032
-0,02482252
-0,4364493
0,4618032
-0,06150521
-0,8754235
0,9052632
-0,1146616
-1,042743
0,8624209
-0,1146616
-1,042743
0,8624209
-0,116949
-1,199048
1,235484
0,009153075
-0,1119354
0,2317413
0,09863722
0,3149062
0,2023838
0,09863722
0,3149062
0,2023838
-0,07155408
-0,606666
0,6923373
-0,129717
-0,7792005
0,6403513
-0,129717
-0,7792005
0,6403513
-0,09868933
-0,8581758
1,555206
0,05640388
0,1962334
0,3078334
0,05640388
0,1962334
0,3078334
0,2160728
0,7414922
0,8984737
0,07448196
0,2914831
0,2929851
0,07448196
0,2914831
0,2929851
-0,01661527
-0,03536652
0,2460088
0,08894325
0,3593422
0,3617395
-0,01771611
-0,1478325
0,6363678
-0,01771611
-0,1478325
0,6363678
0,1102619
0,3437829
1,313791
0,106474
0,4469347
0,5557954
0,106474
0,4469347
0,5557954
0,1573563
0,7955924
0,2559594
0,08596186
0,4314627
0,3923849
0,08596186
0,4314627
0,3923849
0,0150426
0,09719066
0,8177757
0,02744185
0,1552186
0,7400948
-0,01864607
-0,04624116
0,7131212
-0,01864607
-0,04624116
0,7131212
0,07400029
0,4462334
0,9390835
0,1003423
0,5527146
0,2831418
0,1003423
0,5527146
0,2831418
0,2805636
1,547427
0,2107609
0,1013105
0,6218413
0,3741106
0,1013105
0,6218413
0,3741106
0,08406048
0,614298
0,6009953
0,05649501
0,4260312
0,3270067
0,0654683
0,4876075
0,3801104
0,0654683
0,4876075
0,3801104
0,1531423
1,135042
0,6519726
0,1249239
0,8668152
0,1217806
0,1249239
0,8668152
0,1217806
0,2106645
1,505276
-0,05939094
0,08081467
0,6591353
0,2107834
0,08081467
0,6591353
0,2107834
0,03370476
0,5252338
0,938804
0,05728185
0,5337268
0,2939483
0,05728185
0,5337268
0,2939483
0,1897217
1,514559
-0,1318897
0,07474601
0,7256361
0,2513818
0,06678499
0,6534161
0,1528687
0,06678499
0,6534161
0,1528687
0,0934738
0,9845399
0,2117787
0,04049534
0,5796823
0,3420201
0,04049534
0,5796823
0,3420201
0,06767932
1,147312
0,5585452
0,04907309
0,8538502
0,3133663
0,04907309
0,8538502
0,3133663
0,09506456
1,604675
0,1739093
0,06875436
1,092039
-0,1052806
0,03844338
0,7282776
-0,007383904
0,03844338
0,7282776
-0,007383904
0,01284502
0,7431049
0,4901913
0,01067449
0,6324268
0,3433285
0,01067449
0,6324268
0,3433285
0,01489447
0,7892731
0,2785417
0,01996926
0,8247193
0,1257356
0,01996926
0,8247193
0,1257356
0,02659699
1,049902
0,02057556
0,0149371
0,7726597
0,1015576
0,0149371
0,7726597
0,1015576
-0,004113497
0,6785211
0,5193723
-0,005599003
0,5542816
0,362028
-0,008222917
0,4421956
0,2550219
-0,008222917
0,4421956
0,2550219
-0,0136999
0,8044363
0,1193333
-0,01902499
0,8815846
0,06812749
-0,01902499
0,8815846
0,06812749
-0,03855797
0,956072
0,2046247
-0,02914268
0,6324676
0,2043037
-0,02914268
0,6324676
0,2043037
-0,04423358
0,3609381
0,4955784
-0,04886065
0,320181
0,487691
-0,04267618
0,3454373
0,3298973
-0,04267618
0,3454373
0,3298973
-0,04210203
0,368856
0,2402663
-0,04210203
0,368856
0,2402663
-0,08756431
0,18895
0,7555158
-0,08992681
0,1135471
0,7590511
-0,08992681
0,1135471
0,7590511
-0,09411921
0,1591765
0,6823371
-0,09657619
0,3200458
0,5751101
-0,1065514
0,4106268
0,5715656
-0,1065514
0,4106268
0,5715656
-0,1221844
0,3042475
0,7151413
-0,1121916
0,1259892
0,7413985
-0,1701158
0,2186226
1,042674
-0,1359258
0,2363946
0,7683541
-0,1359258
0,2363946
0,7683541
-0,07054046
0,177684
0,3413216
-0,01571428
-0,3321859
0,2582339
-0,08856495
-0,06425796
0,5614693
-0,1184135
-0,1803306
0,7678156
-0,09991221
-0,2541645
0,6747382
-0,08934052
-0,5284508
0,6901224
-0,08934052
-0,5284508
0,6901224
-0,06515608
-0,6067736
0,5575034
-0,07993048
-0,3995885
0,530614
-0,07993048
-0,3995885
0,530614
-0,1338432
-0,7328623
0,854082
-0,04033361
-0,4928344
0,3350003
-0,02883407
-0,1459869
0,1884956
-0,02883407
-0,1459869
0,1884956
-0,02478167
-0,1248796
0,1419869
-0,02478167
-0,1248796
0,1419869
-0,09186205
-1,048275
0,611192
0,009340915
-0,5694579
0,07597042
0,009340915
-0,5694579
0,07597042
0,0429063
-0,7574138
-0,03911278
-0,07197827
-0,606302
0,4105377
-0,07197827
-0,606302
0,4105377
-0,1505394
-1,302729
0,7522411
-0,06145732
-0,7014765
0,2979826
-0,05244369
-0,5514718
0,2354378
-0,05244369
-0,5514718
0,2354378
-0,03900781
-0,9239527
0,1476636
-0,06760635
-0,5538424
0,2498793
-0,06760635
-0,5538424
0,2498793
-0,08466198
-1,207137
0,2446896
-0,05738418
-0,3918419
0,1962272
-0,05738418
-0,3918419
0,1962272
-0,08845949
-0,6927114
0,2747297
-0,02571344
-0,3989291
0,05998611
-0,01149178
-0,3814142
0,005099177
-0,01149178
-0,3814142
0,005099177
0,07923841
-0,9578485
-0,441128
0,02368689
-0,3379419
-0,1385391
0,02368689
-0,3379419
-0,1385391
-0,05400181
-0,9397798
0,06015599
0,01091957
-0,4328772
-0,1176536
0,01091957
-0,4328772
-0,1176536
0,09120703
-0,8210294
-0,5158901
0,00385046
-0,4561901
-0,1205325
0,00385046
-0,4561901
-0,1205325
0,04409584
-0,9178568
-0,4389953
0,06016668
-0,4942754
-0,4106179
-0,003477553
-0,4177255
-0,1300382
-0,003477553
-0,4177255
-0,1300382
-0,06058743
-0,8269982
-0,05838823
-0,07696439
-0,6261873
0,08274498
-0,07696439
-0,6261873
0,08274498
-0,01778234
-0,902597
-0,2786654
0,08321813
-0,3506361
-0,4719687
0,08321813
-0,3506361
-0,4719687
0,03213713
-0,5924124
-0,3807202
-0,01823456
-0,5156771
-0,1566953
-0,03793234
-0,4260512
-0,04456388
-0,03793234
-0,4260512
-0,04456388
-0,07792735
-0,6407808
0,01862457
-0,01631391
-0,4518013
-0,1497899
-0,01631391
-0,4518013
-0,1497899
-0,01081092
-0,5800643
-0,2313371
0,01944484
-0,3527372
-0,2484889
0,01944484
-0,3527372
-0,2484889
0,05747514
-0,3599094
-0,4242903
0,03197252
-0,2334359
-0,2530832
0,03197252
-0,2334359
-0,2530832
0,01969556
-0,3033875
-0,2468267
0,009082962
-0,3538873
-0,2479114
0,017543
-0,2443838
-0,2181448
0,017543
-0,2443838
-0,2181448
0,01984347
-0,2833087
-0,2516764
0,008093113
-0,288247
-0,1991138
0,008093113
-0,288247
-0,1991138
0,01152338
-0,3714719
-0,2721549
0,005308651
-0,3503987
-0,2432126
0,005308651
-0,3503987
-0,2432126
-0,01688275
-0,2814059
-0,1054363
-0,01512434
-0,2331374
-0,07737915
-0,01179401
-0,2674145
-0,1248484
-0,01179401
-0,2674145
-0,1248484
0,01395408
-0,2670045
-0,2400324
0,01801262
-0,2628739
-0,2645139
0,01801262
-0,2628739
-0,2645139
0,009525702
-0,2214777
-0,200554
0,002584394
-0,2571985
-0,2093662
0,002584394
-0,2571985
-0,2093662
-0,003044365
-0,3020147
-0,2387853
-0,005612067
-0,2758384
-0,2107954
-0,005612067
-0,2758384
-0,2107954
-0,01281686
-0,3309
-0,2391922
-0,006284922
-0,2818445
-0,2337735
0,003535864
-0,2766794
-0,2915935
0,003535864
-0,2766794
-0,2915935
0,005389748
-0,216136
-0,2723598
0,001619186
-0,1909636
-0,2443011
0,001619186
-0,1909636
-0,2443011
0,0337717
-0,2024724
-0,5422049
0,03745094
-0,1562146
-0,5456959
0,03745094
-0,1562146
-0,5456959
0,05523882
-0,2082872
-0,9261181
0,01826935
-0,2082762
-0,6935158
-0,007666447
-0,1853823
-0,5428848
-0,007666447
-0,1853823
-0,5428848
-0,03257299
-0,1554351
-0,6752127
-0,01337993
-0,0717022
-0,5537684
-0,01337993
-0,0717022
-0,5537684
-0,01122753
-0,148745
-1,044712
-0,02416924
-0,04733546
-0,4962638
-0,02416924
-0,04733546
-0,4962638
-0,01961033
0,2052455
-0,2711153
-0,02910054
-0,1224432
-0,5548366
-0,02910054
-0,1224432
-0,5548366
0,1066752
0,4021799
-1,050256
0,05434376
0,3451965
-0,5180772
-0,01423074
0,1077613
-0,2464511
-0,01423074
0,1077613
-0,2464511
-0,01947319
0,2474418
-0,4634918
-0,01831274
0,2765824
-0,2294574
-0,01831274
0,2765824
-0,2294574
-0,03771864
0,4235956
-0,1130444
-0,05384254
0,3009591
-0,04430804
-0,05384254
0,3009591
-0,04430804
-0,04760662
0,4978288
-0,05140872
-0,05161663
0,3644133
-0,0908923
-0,05085958
0,2397142
-0,07886157
-0,05085958
0,2397142
-0,07886157
-0,08134306
0,215653
0,01163684
-0,08726481
0,1450407
0,05217416
-0,08726481
0,1450407
0,05217416
-0,09745412
0,1059218
0,03167167
-0,07644233
0,1618369
-0,01497793
-0,07644233
0,1618369
-0,01497793
-0,05065715
0,4082988
-0,1107758
-0,04659423
0,3565736
-0,08942999
-0,04169428
0,2358649
-0,06818058
-0,04169428
0,2358649
-0,06818058
-0,04787478
0,2615833
-0,1221576
-0,04161401
0,242944
-0,127403
-0,04161401
0,242944
-0,127403
-0,04195124
0,2300745
-0,1130796
-0,02990615
0,2498627
-0,1554775
-0,02990615
0,2498627
-0,1554775
-0,01601683
0,4607756
-0,3107013
-0,004014177
0,4628055
-0,2986902
-0,004014177
0,4628055
-0,2986902
0,002213432
0,5979224
-0,431928
0,002913461
0,5212744
-0,3316547
-0,004747915
0,5610512
-0,2112759
-0,004747915
0,5610512
-0,2112759
0,002230248
0,7101395
-0,4427361
0,02673919
0,603733
-0,423987
0,02673919
0,603733
-0,423987
0,03057879
0,718648
-0,6673583
0,02060043
0,3911512
-0,422308
0,02060043
0,3911512
-0,422308
0,01122944
0,4512532
-0,5450671
-0,002598688
0,161307
-0,3309887
-0,00232104
0,1455104
-0,2987572
-0,00232104
0,1455104
-0,2987572
-0,01112099
0,1697017
-0,7188531
-0,009113842
0,08028658
-0,3237855
-0,009113842
0,08028658
-0,3237855
-0,03542659
0,008273305
-0,5222989
-0,02617186
-0,004485049
-0,4347629
-0,02617186
-0,004485049
-0,4347629
-0,02997126
0,1752016
-0,3755841
-0,03140819
0,1063368
-0,1548317
-0,03140819
0,1063368
-0,1548317
-0,04731039
0,1241468
-0,1474403
-0,0162718
0,27649
-0,1881841
-0,01192181
0,2144975
-0,151746
-0,01192181
0,2144975
-0,151746
-0,04102957
-0,0192847
0,07392402
-0,03959792
-0,01953619
0,02445557
-0,03959792
-0,01953619
0,02445557
-0,02094932
0,1699023
-0,06385336
-0,02259001
0,150397
-0,0243909
-0,02259001
0,150397
-0,0243909
-0,02796732
0,1463134
0,04637773
-0,03034353
0,08513274
0,03153532
-0,02465855
0,06075343
-0,02248588
-0,02465855
0,06075343
-0,02248588
-0,02772029
0,03804341
-0,04226575
-0,02392502
0,02726531
-0,01867672
-0,02392502
0,02726531
-0,01867672
-0,03489399
0,09210125
0,02066849
-0,02251879
0,08924241
0,02713023
-0,02251879
0,08924241
0,02713023
-0,02896342
0,07491599
-0,02483291
-0,02518285
0,06424511
-0,07406943
-0,02518285
0,06424511
-0,07406943
-0,04309255
-0,004448904
-0,1138196
-0,0287164
-0,02449492
-0,04450108
-0,0222739
-0,006610865
-0,01386979
-0,0222739
-0,006610865
-0,01386979
-0,03233499
0,0932409
-0,03371434
-0,02702437
0,08866084
0,01475291
-0,02702437
0,08866084
0,01475291
-0,03714706
0,1004075
-0,03059929
-0,0241284
0,1384115
-0,08050288
-0,0241284
0,1384115
-0,08050288
-0,02304704
0,1985071
-0,2018448
-0,01830466
0,1549578
-0,2786559
-0,016644
0,1140457
-0,3953542
-0,016644
0,1140457
-0,3953542
-0,01071919
0,1144337
-0,3145937
-0,01149477
0,07762641
-0,3028091
-0,01149477
0,07762641
-0,3028091
-0,009091103
0,1275842
-0,2867017
-0,006390638
0,09248555
-0,1621817
-0,006390638
0,09248555
-0,1621817
-0,02491269
0,04889352
-0,450741
-0,01569691
0,05295343
-0,3124841
-0,01569691
0,05295343
-0,3124841
-0,01866311
0,05288237
-0,3132899
-0,01515328
0,05176551
-0,2331272
-0,01198327
0,07153741
-0,1831261
-0,01198327
0,07153741
-0,1831261
-0,01854817
0,05510777
-0,1771118
-0,01569028
0,08877021
-0,1603401
-0,01569028
0,08877021
-0,1603401
-0,02060703
0,0881692
-0,2336715
-0,02029051
0,1051086
-0,2457309
-0,02029051
0,1051086
-0,2457309
-0,02006402
0,05101814
-0,2031261
-0,01922303
0,05616013
-0,2002733
-0,01703941
0,07119188
-0,1849249
-0,01703941
0,07119188
-0,1849249
-0,01622162
0,03839757
-0,1583647
-0,01700968
0,0463075
-0,1851608
-0,01700968
0,0463075
-0,1851608
-0,01358851
0,04591228
-0,1831411
-0,01348507
0,0473014
-0,1880701
-0,01348507
0,0473014
-0,1880701
-0,01968958
0,03860143
-0,2579693
-0,008664371
0,01834808
-0,201485
0,004914422
0,01606107
-0,08457902
0,004914422
0,01606107
-0,08457902
0,01790259
0,02661953
-0,08711851
0,01808172
0,01729568
-0,0709347
0,01808172
0,01729568
-0,0709347
0,02202855
0,01157292
-0,0749461
0,01804355
0,01431199
-0,06458285
0,01804355
0,01431199
-0,06458285
0,03032555
0,01965726
-0,08090849
0,02431778
0,01274217
-0,07871766
0,02431778
0,01274217
-0,07871766
0,02436783
0,005856477
-0,06552038
0,01389199
0,01500364
-0,05493709
0,01111959
0,007776566
-0,0453196
0,01111959
0,007776566
-0,0453196
0,02070327
0,008364774
-0,07684195
0,01374516
0,009957436
-0,07077634
0,01374516
0,009957436
-0,07077634
0,009977892
0,008012161
-0,06253496
0,008592024
0,004250631
-0,06297407
0,008592024
0,004250631
-0,06297407
0,01665088
0,005493823
-0,08070394
0,008366078
0,01184697
-0,05459437
0,007007163
0,005737096
-0,0428417
0,007007163
0,005737096
-0,0428417
0,007446542
0,0001496412
-0,07533196
0,005721651
-0,004806463
-0,08565137
0,005721651
-0,004806463
-0,08565137
0,00618488
0,003252421
-0,1099178
0,009963635
-0,02152744
-0,09419215
0,009963635
-0,02152744
-0,09419215
-0,002299614
-0,009770226
-0,1141721
0,005497117
-0,007603277
-0,1129482
0,005497117
-0,007603277
-0,1129482
0,03406975
0,02132652
-0,1892897
0,1284614
0,06721172
-0,2398641
0,01065499
-0,05090234
-0,1970792
0,01065499
-0,05090234
-0,1970792
0,007713519
-0,03630136
-0,1942545
0,02369118
-0,0190402
-0,1961732
0,02369118
-0,0190402
-0,1961732
0,02314831
0,008782476
-0,2541921
-0,08441357
0,1109057
-0,7111482
-0,08441357
0,1109057
-0,7111482
-0,2171928
0,2759273
-1,849479
-0,1801672
0,1556199
-1,549079
-0,1606952
0,08272494
-1,399474
-0,1606952
0,08272494
-1,399474
-0,2346285
0,1087495
-2,07147
-0,2011026
0,08160824
-1,710088
-0,2011026
0,08160824
-1,710088
-0,317016
0,1268842
-2,701694
-0,1698184
-0,03737054
-1,433077
-0,1698184
-0,03737054
-1,433077
-0,1658715
-0,07880882
-1,479432
-0,05092621
0,05937475
-0,4872009
-0,05092621
0,05937475
-0,4872009
-0,03402304
-0,1359935
-0,2827307
-0,05294945
-0,1498139
-0,3445478
-0,01545786
-0,04899937
-0,1518621
-0,01545786
-0,04899937
-0,1518621
-0,02588628
-0,06521486
-0,2268793
-0,005098942
-0,04728363
-0,09279824
-0,005098942
-0,04728363
-0,09279824
-0,02617249
-0,1046982
-0,1889304
-0,01132545
-0,05598292
-0,1048904
-0,01132545
-0,05598292
-0,1048904
-0,01709071
-0,1274209
-0,1491848
-0,0190458
-0,124661
-0,1477023
-0,01017488
-0,09710984
-0,09745967
-0,01017488
-0,09710984
-0,09745967
-0,007340225
-0,1843323
-0,1013531
-0,02068213
-0,2129739
-0,1305937
-0,02068213
-0,2129739
-0,1305937
0,003029027
-0,07980853
-0,02628556
0,008815654
-0,07320677
-0,001188778
0,008815654
-0,07320677
-0,001188778
0,01318113
-0,08778957
-0,01207445
0,01347138
-0,05414243
-0,01366229
0,005959382
-0,05651671
-0,07609532
0,005959382
-0,05651671
-0,07609532
0,0179662
-0,07807651
-0,05452625
0,03580597
-0,1280798
0,01866996
0,03580597
-0,1280798
0,01866996
0,03710032
-0,2556945
-0,007739497
0,02240234
-0,1337809
-0,07076085
0,02240234
-0,1337809
-0,07076085
0,04064532
-0,005719488
-0,1022462
0,04230683
0,004299248
-0,07764876
0,04230683
0,004299248
-0,07764876
0,01905542
0,06302954
-0,3064267
0,01047095
0,1478575
-0,3053485
0,01465655
0,2409859
-0,3153865
0,01465655
0,2409859
-0,3153865
0,03102251
0,233562
-0,2238551
0,01696639
0,07528366
-0,1881278
0,01696639
0,07528366
-0,1881278
0,008868828
0,04979582
-0,20066
0,01046336
0,1026873
-0,2022519
0,01046336
0,1026873
-0,2022519
0,02139327
0,08894054
-0,1046566
0,007723851
0,05960943
-0,1407959
0,006850638
0,05234836
-0,1315558
0,006850638
0,05234836
-0,1315558
0,004588244
0,0110859
-0,1305526
0,00353821
0,003674111
-0,1305729
0,00353821
0,003674111
-0,1305729
0,009037288
-0,0090225
-0,1091551
0,01237327
-0,01728955
-0,08844317
0,01237327
-0,01728955
-0,08844317
0,008115958
0,02109504
-0,09847352
0,01443835
0,04390803
-0,08541343
0,01443835
0,04390803
-0,08541343
0,02121249
0,02867836
-0,05110141
0,02004515
0,02669631
-0,05086772
0,02340507
0,0529378
-0,05919235
0,02340507
0,0529378
-0,05919235
0,02587442
0,05905203
-0,06595559
0,02714274
0,05330103
-0,04867012
0,02714274
0,05330103
-0,04867012
0,01425972
0,0154159
-0,02691201
0,01530832
0,02114407
-0,0280252
0,01530832
0,02114407
-0,0280252
0,01967158
0,04521663
-0,0346161
0,02161931
0,04837601
-0,02984255
0,02272912
0,04321103
-0,02465186
0,02272912
0,04321103
-0,02465186
0,04087761
0,05023863
-0,02871544
0,0383277
0,04694787
-0,02887855
0,0383277
0,04694787
-0,02887855
0,04093738
0,04654962
-0,04995675
0,03899581
0,0412475
-0,04596001
0,03899581
0,0412475
-0,04596001
0,04169549
0,008259522
-0,04251465
0,03943707
0,01371874
-0,03765377
0,03943707
0,01371874
-0,03765377
0,04236034
0,02546024
-0,05343581
0,04026823
0,01685701
-0,04791879
0,03989765
-0,0005626378
-0,04817518
0,03989765
-0,0005626378
-0,04817518
0,02454972
-0,006096219
-0,0213586
0,02620857
-0,01007868
-0,01894675
0,02620857
-0,01007868
-0,01894675
0,02776376
-0,0197207
-0,02487213
0,02774093
-0,02144069
-0,03220951
0,02774093
-0,02144069
-0,03220951
0,03044118
-0,02171276
-0,02758482
0,03138775
-0,02056001
-0,02461979
0,06440631
-0,03075378
-0,02891042
0,06440631
-0,03075378
-0,02891042
0,07330078
-0,07410099
-0,02375762
0,06576016
-0,06140058
-0,04385772
0,06576016
-0,06140058
-0,04385772
0,05882698
-0,000719044
-0,1137395
0,06053943
0,02532094
-0,1029159
0,06053943
0,02532094
-0,1029159
0,03482755
-0,023726
-0,03935648
0,03403318
-0,04267775
-0,04635301
0,03403318
-0,04267775
-0,04635301
0,02735121
-0,01751151
-0,09082434
0,026681
-0,002461364
-0,09844021
0,02870721
0,01025958
-0,09241937
0,02870721
0,01025958
-0,09241937
0,0301769
-0,002297981
-0,07739212
0,02955875
-0,0114058
-0,08014692
0,02955875
-0,0114058
-0,08014692
0,0276694
0,002397439
-0,1117194
0,02584136
0,01419024
-0,1234697
0,02584136
0,01419024
-0,1234697
0,02125993
0,005811542
-0,1485511
0,02790973
0,01409418
-0,1317873
0,02854507
0,008040478
-0,1070292
0,02854507
0,008040478
-0,1070292
0,009105816
0,01600878
-0,1057352
0,012274
0,01544429
-0,09572034
0,012274
0,01544429
-0,09572034
0,0127184
0,01976489
-0,09679127
0,01097805
0,01538897
-0,08565305
0,01097805
0,01538897
-0,08565305
0,00535084
0,004321624
-0,05685641
0,002196779
0,005326882
-0,04921167
0,002196779
0,005326882
-0,04921167
0,001304787
0,01539003
-0,0783657
0,0009913305
0,00519865
-0,0626253
-0,004475563
0,0014682
-0,05647713
-0,004475563
0,0014682
-0,05647713
-0,005080331
0,00726926
-0,07928067
-0,006159801
0,01396538
-0,08261797
-0,006159801
0,01396538
-0,08261797
-0,001750425
0,0233626
-0,1030794
0,03367295
0,07351261
-0,1339228
0,03367295
0,07351261
-0,1339228
0,0132573
0,06369973
-0,3802739
0,02094443
0,04093253
-0,3257133
0,05602884
-0,01939893
-0,08359072
0,05602884
-0,01939893
-0,08359072
0,1081488
-0,02584119
-0,1971465
0,07700876
-0,01919807
-0,2173691
0,07700876
-0,01919807
-0,2173691
0,02304982
0,002085172
-0,2733528
-0,001371682
0,009486988
-0,2718012
-0,001371682
0,009486988
-0,2718012
-0,02461641
0,04491822
-0,3738179
-0,1052385
0,1024224
-0,6915975
-0,1929613
0,1641353
-0,775495
-0,1929613
0,1641353
-0,775495
-0,5499539
0,4650568
-2,143273
-0,4605519
0,3869725
-1,767904
-0,4605519
0,3869725
-1,767904
-0,6741495
0,5858513
-2,504688
-0,4852727
0,4215262
-1,760058
-0,4852727
0,4215262
-1,760058
closestDistance
0,2568108
0,2597886
0,2484367
0,2452012
0,2448215
0,248998
0,2436836
0,240033
0,2451057
0,2334984
0,2315932
0,2328794
0,2313916
0,2266333
0,2266333
0,2151918
0,2100382
0,2085872
0,2085872
0,2058681
0,2071902
0,2126081
0,2075942
0,2150068
0,2216958
0,2192918
0,2198957
0,2095968
0,223283
0,230863
0,2332016
0,2140773
0,2035738
0,2012531
0,1980013
0,1904964
0,2118202
0,1952824
0,2030757
0,2053343
0,1982878
0,1982878
0,1868348
0,1862141
0,1862141
0,1872633
0,188702
0,188702
0,1921751
0,1912991
0,1879222
0,1879222
0,1726614
0,1690665
0,1690665
0,1691129
0,1719877
0,1719877
0,1723686
0,1713102
0,1688756
0,1688756
0,1636558
0,1624149
0,1663104
0,1654949
0,1645924
0,1609509
0,1597094
0,1583118
0,1583118
0,1564527
0,1584291
0,1547683
0,1547683
0,1513971
0,149608
0,149608
0,1487467
0,1487572
0,1516987
0,1511116
0,1500086
0,1500086
0,1462362
0,1391559
0,1387023
0,1387023
0,1389441
0,1391097
0,1298818
0,1285252
0,1264693
0,1264693
0,125001
0,1239482
0,1232191
0,1232191
0,1228266
0,12217
0,12217
0,1215835
0,126643
0,126643
0,1247465
0,1166967
0,1152308
0,1198341
0,1183489
0,1057722
0,1057722
0,1050294
0,1048687
0,1048687
0,1048259
0,104806
0,104806
0,1048003
0,1047991
0,1048016
0,1048016
0,1048311
0,1048395
0,1048395
0,1048718
0,1049285
0,1049285
0,1049874
0,1050295
0,1050875
0,1050875
0,1049228
0,1049145
0,1049145
0,1049498
0,1049601
0,1049601
0,1049541
0,104966
0,104966
0,1049972
0,1050033
0,105012
0,105012
0,1050218
0,1052194
0,1052194
0,105302
0,105334
0,105334
0,1053347
0,1054511
0,105519
0,105519
0,105625
0,105804
0,105804
0,1059338
0,1061501
0,1061501
0,1063293
0,1066907
0,1072628
0,1072628
0,1078966
0,10521
0,1096385
0,1020787
0,1157778
0,1123009
0,1183796
0,1151938
0,1095205
0,1150386
0,1153565
0,1134753
0,109677
0,1140703
0,1310681
0,1310681
0,1436684
0,1495337
0,1688205
0,2053121
0,2345392
0,2562152
0,2463489
0,2378431
0,2365738
0,232005
0,2246417
0,2142681
0,2142681
0,1998872
0,1916531
0,1916531
0,190684
0,1918344
0,1916022
0,1929773
0,1891519
0,1861476
0,1861476
0,1849597
0,1826166
0,1826166
0,1815569
0,1807334
0,1798092
0,1798092
0,1794385
0,1814342
0,175255
0,1734592
0,1762713
0,1762713
0,1740292
0,1707265
0,1744079
0,1726386
0,1673772
0,1622322
0,1647644
0,1612191
0,1892547
0,186625
0,1890893
0,1804417
0,1775835
0,1792736
0,1694845
0,1671539
0,1636248
0,1637742
0,162185
0,1624554
0,1646685
0,1580027
0,1580027
0,1574222
0,1581064
0,1576281
0,1514907
0,1543454
0,1586289
0,1563618
0,1630272
0,1638933
0,1638933
0,1702042
0,1773442
0,1854343
0,177281
0,1767648
0,1779001
0,1779001
0,1786292
0,1803462
0,1804432
0,1760221
0,1788528
0,1763556
0,17402
0,1704421
0,1704421
0,1655353
0,1631155
0,1655059
0,1592771
0,1630234
0,1554891
0,1495709
0,1448732
0,1448732
0,1394663
0,1372313
0,1372313
0,1370214
0,1387504
0,1387504
0,1403878
0,1366275
0,1227081
0,125759
0,1306437
0,1364718
0,1370075
0,1400128
0,1420547
0,1352218
0,1370191
0,1386431
0,139512
0,1397156
0,1458074
0,13842
0,13842
0,1384899
0,1376126
0,1376126
0,13735
0,1430348
0,1430348
0,1443335
0,141781
0,141781
0,1457259
0,1506618
0,1612236
0,1612236
0,1709574
0,1780473
0,1790405
0,1874359
0,2027054
0,2045181
0,2059087
0,209737
0,2092757
0,2092757
0,2174187
0,2078577
0,2119486
0,213184
0,2136189
0,2136189
0,2168399
0,2177703
0,2177703
0,2276677
0,2108146
0,2131666
0,2131666
0,2186769
0,2197365
0,2197365
0,2168573
0,2161517
0,2161517
0,2208403
0,2256879
0,2301975
0,2266695
0,2288548
0,2296893
0,2431112
0,2546811
0,2266423
0,2266423
0,2289449
0,2309048
0,2309982
0,2287248
0,2173517
0,2106774
0,2106774
0,2049255
0,2001002
0,2001002
0,1930564
0,1883508
0,1866003
0,1783856
0,1746798
0,1730182
0,1730182
0,1705678
0,1692099
0,1692099
0,1639522
0,1566826
0,1566826
0,1509922
0,1477614
0,1477614
0,1471181
0,1459534
0,1440732
0,1380571
0,1356572
0,1420972
0,1420972
0,1397988
0,136912
0,136912
0,1374309
0,1376638
0,1388586
0,1372699
0,1382061
0,1399992
0,1339042
0,1364921
0,1315369
0,1394448
0,1413312
0,1310778
0,1319681
0,1367692
0,1328284
0,1289919
0,1286342
0,1305648
0,1203122
0,1203122
0,1174987
0,1111703
0,1111703
0,1099952
0,1090787
0,1086224
0,1086224
0,1082864
0,1079607
0,1079607
0,1078124
0,1077339
0,1077339
0,1077762
0,1078431
0,1079332
0,1079332
0,1081154
0,1082011
0,1082011
0,1083116
0,1084407
0,1084407
0,1086037
0,1087316
0,1087316
0,1089181
0,1090851
0,1092478
0,1092478
0,1094385
0,1096354
0,1096354
0,1098556
0,1101204
0,1101204
0,1104499
0,1107326
0,1110082
0,1110082
0,1119649
0,1079584
0,1079584
0,1078106
0,1078353
0,1078353
0,1082528
0,1103278
0,1103278
0,110675
0,110356
0,1125072
0,1125072
0,1134435
0,1059905
0,1059905
0,1071244
0,107808
0,107808
0,1092819
0,1101849
0,1121372
0,1121372
0,1115088
0,1070158
0,1067268
0,1070942
0,107155
0,107155
0,1072197
0,1072211
0,1072825
0,1072825
0,1073345
0,1073618
0,1073618
0,1074413
0,107683
0,107683
0,1074288
0,1073862
0,1073862
0,107484
0,1075937
0,1076839
0,1076839
0,1082123
0,1082664
0,1082664
0,1084336
0,1087848
0,1087848
0,1086667
0,1086226
0,1089937
0,1089937
0,109189
0,1091792
0,1091792
0,1090921
0,1091296
0,1091296
0,1094246
0,1097784
0,1076996
0,1085857
0,1086772
0,1097427
0,1097427
0,1157094
0,1221546
0,1150673
0,1425148
0,183237
0,179771
0,3172019
0,3771417
0,4437298
0,4328403
0,4250246
0,4499342
0,448072
0,5208752
0,5060797
0,5066915
0,465679
0,4653483
0,4670918
0,4503134
0,4384739
0,4331696
0,4331696
0,4209344
0,4239067
0,4239067
0,4041167
0,3785096
0,3785096
0,3674209
0,3572492
0,3482529
0,3479435
0,3354436
0,3266072
0,3266072
0,3264909
0,3257873
0,3257873
0,3150722
0,307344
0,3012655
0,3012655
0,291913
0,2823488
0,2823488
0,2665796
0,2610202
0,2610202
0,250023
0,2482087
0,2482087
0,2403913
0,2305284
0,2184849
0,2184849
0,2095893
0,2172219
0,2172219
0,2127128
0,2085022
0,2085022
0,1975304
0,1872422
0,1786844
0,1859115
0,1785795
0,1615694
0,1615694
0,1600666
0,1590826
0,1611796
0,1620406
0,1627327
0,1566876
0,1567716
0,1603596
0,1661123
0,1587005
0,164437
0,1645569
0,1645569
0,1646212
0,1663834
0,1688258
0,1770037
0,1759596
0,1767083
0,1785924
0,183543
0,183543
0,1849165
0,1898659
0,1898659
0,1882047
0,1984565
0,205705
0,199811
0,1969056
0,1969056
0,2044785
0,2015239
0,2015239
0,192715
0,1922628
0,1869534
0,1797151
0,1831019
0,1802666
0,1763275
0,175191
0,175191
0,1677854
0,1655049
0,1655049
0,1552022
0,1525584
0,1525584
0,153744
0,1448276
0,1442258
0,1442258
0,1524254
0,1672255
0,1672255
0,1753362
0,175685
0,175685
0,1804765
0,181945
0,1849702
0,181104
0,1821628
0,1838082
0,1859414
0,1840124
0,188539
0,190078
0,1968653
0,2060989
0,2295016
0,2242512
0,2394436
0,2361433
0,2361433
0,2344057
0,2377639
0,23081
0,2297847
0,1995317
0,1995317
0,1825261
0,1794914
0,1815024
0,1913856
0,1944282
0,193971
0,193971
0,1941257
0,1792327
0,1792327
0,1775282
0,1791877
0,176512
0,176512
0,1738805
0,1740131
0,178937
0,1795001
0,1773605
0,1734194
0,1682245
0,1674026
0,1674026
0,1599722
0,1576096
0,1595121
0,1595121
0,1581177
0,1576074
0,1644554
0,1655135
0,1717809
0,169892
0,1796431
0,180122
0,1732034
0,1732034
0,1805979
0,2063632
0,2063632
0,2233054
0,2143189
0,2188673
0,207077
0,1973661
0,202764
0,2041518
0,199366
0,1975251
0,1975251
0,2000654
0,1968341
0,1968341
0,1854693
0,1778844
0,1726665
0,1797922
0,1861943
0,196233
0,196233
0,2031427
0,1990491
0,2059032
0,1885164
0,1882867
0,1882867
0,1923915
0,1998733
0,2065592
0,2024346
0,2037775
0,2060897
0,2060897
0,1959717
0,2055912
0,2080816
0,2230161
0,2106448
0,2081494
0,2144195
0,2069773
0,2073884
0,2073884
0,2126276
0,2113914
0,2061791
0,2099154
0,1827431
0,2101316
0,2281421
0,1925577
0,18225
0,1793803
0,1655988
0,1587208
0,1587208
0,149508
0,1484678
0,1521746
0,1482143
0,1506563
0,1506563
0,1415199
0,1449824
0,1474856
0,134012
0,141461
0,1432699
0,1367847
0,1465886
0,1456931
0,1542408
0,1527849
0,1438664
0,1434026
0,1458127
0,152832
0,152832
0,148585
0,1480709
0,1463355
0,1427826
0,1441152
0,1577885
0,1600395
0,1622699
0,1635115
0,1749354
0,1825951
0,1682403
0,1859718
0,1816014
0,1843986
0,1877178
0,1932241
0,1859816
0,1859816
0,1823521
0,1847299
0,1847299
0,1860934
0,1858942
0,1866666
0,1866666
0,1890446
0,1890446
0,1881217
0,1934901
0,1851057
0,1774656
0,1794234
0,1794234
0,1850502
0,1977126
0,2001503
0,2054601
0,2052113
0,2129736
0,2139398
0,2175682
0,2306543
0,2403058
0,2450404
0,2421427
0,2467497
0,2240727
0,2221213
0,2428628
0,2241544
0,2337334
0,233356
0,2445917
0,2319842
0,2291003
0,2272763
0,2146597
0,2070497
0,2070129
0,2034632
0,1988187
0,1897156
0,1897156
0,1810097
0,1683513
0,1646686
0,1553271
0,1606838
0,1602403
0,1614132
0,1609273
0,1578943
0,1549101
0,1501308
0,145462
0,145462
0,1376366
0,147902
0,1488407
0,1474766
0,1455217
0,1486808
0,1363515
0,1354728
0,1358811
0,1313731
0,1322707
0,1339014
0,1400945
0,1426923
0,1382294
0,1336736
0,1336736
0,1342609
0,1237469
0,1237469
0,1246065
0,1317155
0,1317155
0,1337166
0,1280536
0,1280536
0,1310454
0,1336457
0,1354983
0,1367056
0,1374124
0,1419927
0,1383136
0,1371962
0,1361752
0,1365573
0,1346938
0,1473012
0,1475112
0,1396765
0,1419756
0,1547946
0,1547946
0,1599206
0,1633835
0,150446
0,1490092
0,1646737
0,1561046
0,1615783
0,1658672
0,165702
0,165702
0,16794
0,1603232
0,1629267
0,1584237
0,1547795
0,1547795
0,1490375
0,1458503
0,1441347
0,1441347
0,1411953
0,1414988
0,1414988
0,1392809
0,1424591
0,1424591
0,1398104
0,1331108
0,1327726
0,1327726
0,1320099
0,1352197
0,1352197
0,1350178
0,1310094
0,1310094
0,13258
0,1379814
0,1379814
0,142183
0,1461344
0,1533952
0,1642829
0,1702347
0,1774516
0,1817152
0,1935466
0,1896125
0,186946
0,1996926
0,2085787
0,2150022
0,2150022
0,2294617
0,2011146
0,2011146
0,1916813
0,1838277
0,1838277
0,1783022
0,1764354
0,1764354
0,1749875
0,1739038
0,1764895
0,1764895
0,1778627
0,1784007
0,1749903
0,1754801
0,1765384
0,1809333
0,1830452
0,1844529
0,1847083
0,1847083
0,1844681
0,1845252
0,1845252
0,1858667
0,1831879
0,1831879
0,1835263
0,1829271
0,1829271
0,1812413
0,1804868
0,1803535
0,1803535
0,1807618
0,1819296
0,1819296
0,1825241
0,182559
0,1792228
0,1778407
0,1749284
0,1699336
0,1699336
0,1663875
0,1627954
0,1627954
0,1601791
0,1643632
0,1643632
0,1585728
0,1549511
0,1549511
0,1515242
0,1492639
0,1421043
0,1421043
0,1405441
0,1337481
0,1337481
0,1319703
0,1304516
0,1304516
0,1288572
0,1274843
0,1265904
0,1265904
0,1255954
0,124575
0,1116069
0,1105893
0,113634
0,113634
0,1116899
0,1036182
0,1033211
0,1033211
0,103338
0,1034439
0,1034439
0,1035472
0,1035112
0,1035112
0,1037263
0,1037561
0,1037561
0,1038848
0,1040373
0,1040943
0,1040943
0,1041246
0,1042149
0,1042149
0,1043594
0,1044544
0,1044544
0,1045259
0,1047044
0,1049762
0,1049762
0,1050777
0,1050891
0,1050891
0,1050488
0,1048913
0,1048913
0,1048058
0,1049527
0,1049527
0,1057628
0,1082707
0,1096542
0,1096542
0,1106252
0,1116799
0,1116799
0,1128248
0,1085059
0,119751
0,1136926
0,1327506
0,1408427
0,1319066
0,1628701
0,1773057
0,180317
0,2260292
0,2522589
0,2169092
0,1919925
0,1831654
0,1831654
0,1800219
0,1762384
0,174434
0,174434
0,1717163
0,170888
0,170888
0,1693947
0,1685765
0,1685765
0,1681174
0,1677342
0,1608339
0,1608339
0,1618998
0,163056
0,1634025
0,1640656
0,1659463
0,1659463
0,1669737
0,1675365
0,154026
0,154026
0,1521832
0,1517371
0,1517371
0,1484922
0,145749
0,145749
0,143938
0,1426469
0,1426469
0,1385082
0,1356638
0,1342325
0,1415484
0,1413487
0,1232599
0,1232599
0,121786
0,1210675
0,1210675
0,1213994
0,1209271
0,1144577
0,1144577
0,1134867
0,1124661
0,1124661
0,111594
0,1108667
0,1108667
0,1104881
0,1106043
0,1106043
0,1108988
0,1111669
0,1117668
0,1117668
0,112458
0,1132228
0,1132228
0,1134635
0,1137892
0,1137892
0,1144521
0,1152183
0,1090448
0,1058592
0,1068231
0,1077197
0,1077197
0,1085058
0,1092433
0,1092433
0,1096402
0,1101174
0,1101174
0,1106926
0,1111794
0,1114531
0,1114531
0,1116046
0,111748
0,111748
0,1117648
0,1117253
0,1117253
0,1117559
0,1045825
0,1049322
0,1049322
0,1049135
0,1048741
0,1048741
0,1051547
0,1058912
0,1085836
0,1085724
0,1082961
0,1082961
0,1079812
0,1078229
0,1079136
0,1079136
0,1079829
0,103134
0,1107194
0,1109194
0,1109971
0,1109971
0,1111123
0,1113689
0,111784
0,111784
0,1118198
0,1119731
0,1119731
0,1121224
0,1123307
0,1123307
0,1125293
0,1126678
0,1126678
0,1127715
0,1130109
0,1131921
0,1131921
0,1133613
0,1134999
0,1134999
0,1137144
0,114258
0,1056077
0,1069391
0,1060795
0,1076025
0,1076025
0,1107447
0,1109288
0,1109288
0,1126907
0,1142845
0,1116168
0,1129299
0,1071051
0,118173
0,123892
0,1469396
0,1567549
0,140931
0,1798719
0,2054124
0,2069514
timeStamps
3,803849
3,817672
3,831869
3,84583
3,85981
3,873621
3,887511
3,901668
3,915298
3,929517
3,943038
3,957418
3,971169
3,984873
3,9991
4,012875
4,026646
4,04057
4,054544
4,068718
4,082612
4,096606
4,110397
4,124219
4,138422
4,152105
4,166327
4,180054
4,194119
4,208307
4,221799
4,235913
4,249581
4,263472
4,277439
4,291665
4,305375
4,319455
4,333461
4,347446
4,361115
4,375288
4,388943
4,403314
4,41677
4,431072
4,444666
4,458908
4,472742
4,486599
4,500519
4,514695
4,52825
4,542434
4,556159
4,570584
4,583984
4,598119
4,611962
4,625922
4,640066
4,653828
4,667663
4,681699
4,695448
4,709431
4,723508
4,737547
4,751298
4,765452
4,779293
4,793058
4,807057
4,821227
4,835025
4,849078
4,86336
4,876875
4,891001
4,904282
4,918731
4,932136
4,946233
4,95996
4,973939
4,988327
5,00237
5,015997
5,030272
5,044077
5,057738
5,071846
5,085328
5,099501
5,113434
5,127264
5,141182
5,155014
5,169065
5,182853
5,197038
5,210719
5,225122
5,238392
5,252414
5,266374
5,280573
5,294489
5,308241
5,32241
5,336142
5,350177
5,363996
5,377928
5,391957
5,4057
5,419696
5,433763
5,447593
5,461646
5,475759
5,489353
5,503343
5,517045
5,53107
5,544901
5,559232
5,572725
5,587029
5,601001
5,615016
5,628753
5,642991
5,656391
5,670473
5,68444
5,698154
5,712238
5,726159
5,739918
5,753854
5,768041
5,781708
5,795674
5,809598
5,823446
5,837697
5,85167
5,865488
5,879437
5,893149
5,907101
5,920862
5,934891
5,948755
5,963201
5,976768
5,990558
6,004712
6,018508
6,032309
6,046657
6,060265
6,074296
6,088038
6,101933
6,116104
6,130044
6,144394
6,158031
6,171835
6,185808
6,19931
6,213292
6,227298
6,241391
6,255342
6,269228
6,283337
6,297268
6,311259
6,324735
6,33878
6,352749
6,366518
6,380549
6,394397
6,408401
6,422565
6,436321
6,450606
6,464337
6,478113
6,491823
6,505915
6,51975
6,533728
6,54758
6,561714
6,575454
6,589422
6,603394
6,617372
6,631217
6,645233
6,659068
6,673005
6,687182
6,700843
6,714884
6,728655
6,742521
6,756599
6,770419
6,784798
6,798462
6,812476
6,826412
6,840381
6,854066
6,867807
6,882249
6,896
6,909941
6,92377
6,937466
6,951644
6,965355
6,979348
6,993287
7,007246
7,021393
7,034993
7,048908
7,063462
7,076913
7,090889
7,104854
7,11861
7,132586
7,146588
7,160317
7,174486
7,188036
7,2021
7,216116
7,230018
7,244377
7,257867
7,271644
7,285995
7,300601
7,315017
7,328795
7,342527
7,356872
7,370617
7,384306
7,409873
7,424142
7,438293
7,452433
7,466833
7,481632
7,495527
7,509038
7,522976
7,537843
7,563122
7,578031
7,592013
7,606129
7,620037
7,633437
7,647113
7,66105
7,675316
7,688903
7,70299
7,717003
7,730848
7,744897
7,75891
7,772717
7,786812
7,800828
7,815091
7,828548
7,842644
7,856688
7,870422
7,884274
7,89848
7,91221
7,926114
7,940152
7,95441
7,968027
7,98208
7,996417
8,009631
8,02355
8,037567
8,051507
8,065356
8,079455
8,093197
8,107093
8,121196
8,135283
8,148825
8,162735
8,176969
8,190649
8,204827
8,218968
8,232413
8,246292
8,260698
8,274136
8,288183
8,302172
8,316145
8,330143
8,344376
8,357867
8,371684
8,385967
8,399575
8,413551
8,42779
8,441546
8,455651
8,469485
8,483071
8,497236
8,510857
8,524739
8,538722
8,552779
8,566879
8,580488
8,594701
8,608477
8,622634
8,636054
8,650256
8,663952
8,678114
8,692092
8,705689
8,719878
8,733758
8,747746
8,761426
8,775255
8,789459
8,803096
8,817451
8,830928
8,845494
8,859065
8,873055
8,886868
8,901097
8,914846
8,928443
8,942458
8,956434
8,970496
8,984273
8,998157
9,012419
9,025857
9,039951
9,053817
9,067874
9,081641
9,09563
9,109486
9,123712
9,137748
9,151299
9,165377
9,179425
9,193069
9,206944
9,221146
9,235034
9,248932
9,262603
9,276628
9,290511
9,304375
9,318339
9,332438
9,346392
9,360369
9,374118
9,388102
9,402063
9,415669
9,42969
9,443933
9,45784
9,471616
9,48534
9,499684
9,513307
9,527142
9,541144
9,555099
9,568926
9,582901
9,596977
9,610655
9,624833
9,638848
9,652563
9,666523
9,680483
9,694237
9,708249
9,722027
9,736033
9,750158
9,764401
9,778461
9,791606
9,805892
9,819484
9,833409
9,84746
9,861449
9,875298
9,889091
9,903204
9,917227
9,93082
9,944794
9,958746
9,972787
9,986756
10,00067
10,01489
10,02832
10,04234
10,05638
10,07013
10,08431
10,09803
10,11206
10,12617
10,13964
10,15361
10,1677
10,1819
10,19546
10,20938
10,22328
10,23719
10,25113
10,26521
10,27936
10,29289
10,30693
10,3209
10,33496
10,3488
10,36278
10,3766
10,39061
10,40438
10,41868
10,43238
10,44627
10,46013
10,47396
10,48778
10,50185
10,51581
10,52991
10,54371
10,55752
10,57142
10,58567
10,59937
10,61324
10,62703
10,64112
10,65497
10,66883
10,68277
10,69683
10,71059
10,725
10,73872
10,75259
10,76647
10,78026
10,79407
10,80793
10,82202
10,83605
10,84978
10,86387
10,87777
10,89192
10,90564
10,91957
10,93338
10,9473
10,96147
10,97523
10,98928
11,00315
11,01712
11,03088
11,04489
11,05874
11,073
11,08683
11,10071
11,11443
11,12856
11,1423
11,15645
11,17054
11,18414
11,1981
11,21204
11,22594
11,23988
11,2539
11,26777
11,28149
11,29563
11,30936
11,32345
11,33757
11,3513
11,36514
11,37931
11,393
11,40711
11,42099
11,43461
11,44846
11,46285
11,47634
11,49033
11,50466
11,51815
11,53211
11,54658
11,56008
11,57394
11,5881
11,60175
11,61561
11,62999
11,64346
11,65808
11,67186
11,68537
11,69905
11,71362
11,72728
11,74103
11,75507
11,76864
11,78265
11,79695
11,81081
11,82453
11,83858
11,85229
11,86626
11,88031
11,89419
11,90813
11,92236
11,93609
11,95012
11,96368
11,97787
11,99168
12,00561
12,01937
12,03327
12,0474
12,06149
12,07531
12,0894
12,10357
12,11801
12,1328
12,15833
12,17212
12,18644
12,20014
12,21415
12,2281
12,24205
12,25606
12,27003
12,28433
12,29902
12,31258
12,32658
12,34089
12,36731
12,38245
12,39641
12,41035
12,42441
12,43822
12,45211
12,46599
12,49146
12,50584
12,51967
12,53397
12,54819
12,56202
12,57615
12,59051
12,60439
12,61785
12,63156
12,64592
12,6596
12,67387
12,68772
12,7013
12,71581
12,72965
12,74318
12,7571
12,77123
12,78496
12,79893
12,81316
12,82688
12,84077
12,85515
12,86862
12,88282
12,89661
12,91071
12,92446
12,93852
12,95229
12,96637
12,98024
12,99399
13,00797
13,02191
13,03599
13,05035
13,06353
13,07752
13,09178
13,10544
13,11943
13,13316
13,14723
13,16123
13,17515
13,18922
13,20326
13,21677
13,2308
13,24491
13,25873
13,27261
13,28674
13,30052
13,31422
13,3282
13,34216
13,3563
13,37026
13,38407
13,39779
13,41183
13,42558
13,43954
13,45377
13,46742
13,48144
13,49534
13,50919
13,52332
13,53702
13,55112
13,56492
13,57893
13,5927
13,60701
13,62065
13,63448
13,64853
13,66288
13,67646
13,69086
13,70402
13,71792
13,73187
13,74578
13,75983
13,77365
13,78759
13,80165
13,81539
13,82943
13,84355
13,85744
13,87118
13,88524
13,89897
13,91315
13,92725
13,94095
13,95474
13,96845
13,98264
13,99632
14,01059
14,0243
14,03847
14,05226
14,06618
14,08043
14,09391
14,10814
14,12189
14,13573
14,14958
14,16378
14,17754
14,19146
14,20534
14,21938
14,23305
14,2471
14,26113
14,2753
14,28872
14,30276
14,31687
14,33062
14,34459
14,35857
14,37212
14,38621
14,40004
14,41406
14,42797
14,44225
14,45606
14,46998
14,48424
14,49782
14,5117
14,52588
14,53947
14,55353
14,56774
14,58185
14,59501
14,60961
14,62286
14,63682
14,65066
14,66505
14,67934
14,69283
14,70633
14,72059
14,73623
14,76193
14,77571
14,78979
14,80377
14,81801
14,83159
14,84568
14,86058
14,87564
14,88949
14,91517
14,9294
14,94417
14,9594
14,98479
15,00033
15,02617
15,0418
15,0676
15,08213
15,09693
15,11029
15,12401
15,13812
15,15192
15,16714
15,18111
15,19527
15,2209
15,23445
15,24864
15,26243
15,27663
15,2906
15,30466
15,31909
15,33312
15,34699
15,36031
15,37436
15,38834
15,40247
15,41643
15,43038
15,44432
15,45853
15,47204
15,48619
15,50025
15,51411
15,52801
15,54217
15,55575
15,56974
15,58372
15,59765
15,61155
15,62547
15,6397
15,65375
15,66708
15,68109
15,6949
15,70884
15,72289
15,73687
15,75096
15,76487
15,7786
15,79298
15,80689
15,82033
15,83418
15,84836
15,86186
15,87584
15,88984
15,90406
15,91761
15,93158
15,94586
15,95946
15,97381
15,98733
16,00121
16,01515
16,02921
16,04312
16,05726
16,07117
16,08507
16,09911
16,11307
16,12691
16,14034
16,15432
16,16833
16,18238
16,19647
16,21004
16,22422
16,23814
16,25195
16,26583
16,27987
16,29364
16,30766
16,32133
16,33547
16,3498
16,36329
16,37753
16,39116
16,40503
16,41904
16,4328
16,44675
16,461
16,47472
16,48856
16,50252
16,51642
16,53039
16,54432
16,55832
16,57231
16,58595
16,59999
16,61398
16,62844
16,6418
16,65553
16,66948
16,68367
16,69737
16,71188
16,72535
16,73932
16,75323
16,76695
16,78099
16,79483
16,80874
16,82262
16,8367
16,85086
16,86462
16,87833
16,89242
16,90623
16,92033
16,93404
16,94777
16,96218
16,97573
16,99015
17,00349
17,0176
17,03156
17,04556
17,05937
17,07324
17,08717
17,10139
17,11536
17,12948
17,14346
17,15699
17,17104
17,18494
17,1986
17,21265
17,2264
17,24033
17,25418
17,26851
17,28193
17,29632
17,30994
17,32392
17,33777
17,35167
17,36592
17,37942
17,39347
17,40742
17,42135
17,43535
17,44918
17,46323
17,47719
17,49125
17,50496
17,51882
17,53273
17,5467
17,56057
17,57448
17,5883
17,60256
17,61618
17,63013
17,6441
17,65809
17,67208
17,68583
17,69991
17,7141
17,72751
17,7415
17,75541
17,76955
17,78323
17,79759
17,8113
17,82496
17,83898
17,85307
17,86701
17,88085
17,89487
17,90857
17,92281
17,93639
17,95053
17,96449
17,97824
17,99232
18,0062
18,01987
18,03393
18,04777
18,06174
18,07587
18,0898
18,10344
18,1176
18,13149
18,14527
18,15913
18,17309
18,18721
18,201
18,21487
18,22936
18,24282
18,25659
18,271
18,28438
18,29854
18,31236
18,32619
18,34028
18,35429
18,36814
18,38189
18,39592
18,40996
18,42391
18,43756
18,4516
18,46556
18,4793
18,49322
18,5073
18,52151
18,53514
18,54937
18,56305
18,57674
18,59067
18,60475
18,61866
18,63272
18,64648
18,66051
18,67462
18,68825
18,70207
18,71595
18,73007
18,74389
18,75763
18,772
18,78558
18,79942
18,81338
18,82723
18,84134
18,85523
18,8694
18,88317
18,89686
18,91088
18,92498
18,93861
18,95257
18,967
18,9806
18,99448
19,00867
19,02268
19,03619
19,0501
19,064
19,07815
19,09213
19,10604
19,11976
19,13393
19,14766
19,16165
19,17564
19,18947
19,20322
19,2174
19,23139
19,24517
19,25918
19,27271
19,28684
19,30066
19,31483
19,32876
19,34254
19,35632
19,37028
19,38422
19,39842
19,41222
19,42609
19,44001
19,45411
19,46782
19,48175
19,49548
19,50961
19,52344
19,53736
19,55129
19,56508
19,57936
19,59305
19,60704
19,6209
19,6348
19,64879
19,66265
19,67651
19,69068
19,70496
19,71828
19,73248
19,74633
19,76013
19,77412
19,78839
19,80223
19,81594
19,82976
19,84396
19,8578
19,87154
19,88571
19,89949
19,91331
19,9271
19,941
19,95511
19,96923
19,98281
19,99687
20,01093
20,02499
20,03847
20,05246
20,06651
20,08052
20,09436
20,10826
20,12204
20,13614
20,14997
20,16427
20,17785
20,19209
20,20558
20,21991
20,23371
20,24743
20,26166
20,27518
20,28958
20,30321
20,31685
20,33088
20,34481
20,35872
20,37282
20,38661
20,40051
20,41475
20,42837
20,44227
20,45636
20,47016
20,48422
20,49811
20,51217
20,52588
20,53976
20,55402
20,56759
20,58149
20,59544
20,60955
20,62338
20,63737
20,65168
20,66528
20,67901
20,69297
20,70695
20,72071
20,73474
20,74888
20,7626
20,77645
20,79048
20,80457
20,81816
20,83247
20,84641
20,85997
20,87387
20,88793
20,90189
20,91557
20,92972
20,94352
20,9578
20,97136
20,98532
20,99939
21,01315
21,02735
21,04092
21,05539
21,06886
21,08294
21,09677
21,11109
21,12453
21,13849
21,15256
21,16644
21,18051
21,19434
21,20823
21,22186
21,23588
21,24975
21,26404
21,27754
