participantNumber
6
repetitionNum
5
sdfEnabled
1
taskTime
16,13586
numHits
8
positionDifference
0,1482148
angleDifference
60,08877
finalPosX
-0,05695924
finalPosY
-0,08706115
finalPosZ
-0,8285133
finalRotX
345,5934
finalRotY
58,83316
finalRotZ
356,6179
taskType
torus
velocityMagnitude
0,6817852
0,4256307
0,4256307
0,3552339
0,1379592
0,1616263
0,1616263
0,456914
0,1536681
0,1536681
0,3760897
0,2714306
0,2714306
0,4580769
0,2666875
0,2409247
0,2409247
0,1824564
0,1146095
0,1146095
0,2676986
0,200537
0,200537
0,1419979
0,08176942
0,1907694
0,1907694
0,2282669
0,09939092
0,09939092
0,1138254
0,07093724
0,07093724
0,02110588
0,06570014
0,06570014
0,2806656
0,09535468
0,03516115
0,03516115
0,1142206
0,09419956
0,09419956
0,1590416
0,1628345
0,1628345
0,2669933
0,1836496
0,0608107
0,0608107
0,03409255
0,06472377
0,06472377
0,1069539
0,0805214
0,0805214
0,1684498
0,13433
0,13433
0,2781129
0,20705
0,1806858
0,1806858
0,2269405
0,2276566
0,2276566
0,327953
0,2652538
0,2652538
0,2677301
0,1899629
0,1524787
0,1524787
0,1616354
0,1211269
0,1211269
0,09667946
0,09306445
0,09306445
0,1184083
0,09132647
0,09132647
0,05783185
0,04370786
0,04226113
0,04226113
0,1121545
0,1214076
0,1214076
0,1692251
0,191649
0,191649
0,212488
0,1884732
0,2154358
0,2154358
0,1907619
0,1706167
0,1706167
0,1532609
0,1276612
0,1276612
0,1607811
0,144854
0,144854
0,1544845
0,1593868
0,1806995
0,1806995
0,1819336
0,1832441
0,1832441
0,260633
0,2292839
0,2292839
0,2214329
0,2204742
0,2023702
0,2023702
0,2056535
0,1900765
0,1900765
0,1879152
0,1822974
0,1822974
0,2370692
0,2265153
0,2128201
0,2128201
0,2341409
0,2077736
0,2077736
0,252576
0,2382362
0,2382362
0,3120151
0,2594685
0,2594685
0,236387
0,2415473
0,1959754
0,1959754
0,1810894
0,1658367
0,1658367
0,112785
0,1167858
0,1167858
0,1086021
0,1109153
0,1118079
0,1118079
0,07440384
0,07543775
0,07543775
0,08187018
0,08493605
0,08493605
0,1012259
0,1037591
0,1037591
0,09011379
0,09184648
0,09667077
0,09667077
0,1057087
0,1558994
0,1558994
0,2183596
0,2761646
0,2761646
0,2515715
0,2524195
0,202641
0,202641
0,2899375
0,2732996
0,2732996
0,4412392
0,4029174
0,4029174
0,7039395
0,5484132
0,5484132
0,6587323
0,454522
0,4936375
0,4936375
0,5075162
0,310928
0,310928
0,378462
0,2863833
0,2863833
0,4140141
0,2979953
0,2776271
0,2776271
0,4195556
0,28789
0,28789
0,4762857
0,3273781
0,3273781
0,5045416
0,2902034
0,2902034
0,5683839
0,3592948
0,2414986
0,2414986
0,1114084
0,1039076
0,1039076
0,4458211
0,05704979
0,05704979
0,2458514
0,08073327
0,1302402
0,1302402
0,3073353
0,148716
0,148716
0,3461407
0,1804244
0,1804244
0,04038713
0,07779427
0,2178184
0,2178184
0,5981972
0,5155333
0,5155333
1,238836
0,6945084
0,6945084
1,223194
0,6296666
0,6296666
0,9151921
0,7270408
0,6765948
0,6765948
0,9943972
0,5277836
0,5277836
0,8133789
0,5669192
0,5669192
0,9120724
0,6873569
0,5006602
0,5006602
0,6049224
0,4478896
0,4478896
0,6037779
0,5980114
0,6037234
0,5162156
0,4400595
0,4400595
0,646069
0,5805055
0,7183225
0,5730919
0,5730919
0,3948207
0,6084399
0,6730434
0,8023175
0,8023175
0,9336697
0,7242658
0,7242658
0,6850919
0,6145324
0,5380508
0,5942455
0,5704634
0,5704634
0,7590632
0,6092738
0,6092738
0,6991934
0,5685082
0,5685082
0,718554
0,5342847
0,5342847
0,6608648
0,4782863
0,4782863
0,5764779
0,4351268
0,4105212
0,4105212
0,5109951
0,3153091
0,3153091
0,4108062
0,2424152
0,169236
0,169236
0,3099317
0,1803891
0,1803891
0,2558028
0,1578802
0,1578802
0,3139876
0,1682054
0,1682054
0,2465638
0,2536984
0,176484
0,176484
0,1797491
0,2253598
0,2253598
0,348612
0,2774131
0,2774131
0,4296723
0,2440646
0,2750168
0,2750168
0,4294858
0,1865564
0,1865564
0,363472
0,06011083
0,06011083
0,4501415
0,2487473
0,2487473
0,3998116
0,3384328
0,2972534
0,2972534
0,5809137
0,4105293
0,4105293
0,4993364
0,3975175
0,3975175
0,4139406
0,2933964
0,2499498
0,2499498
0,312001
0,2489181
0,2489181
0,2001179
0,1295209
0,1295209
0,1858958
0,1461004
0,1461004
0,1769911
0,140369
0,116743
0,116743
0,1405969
0,114909
0,114909
0,1365063
0,1259159
0,1259159
0,1026579
0,1055408
0,1320848
0,1320848
0,1129588
0,0901135
0,0901135
0,1287959
0,127608
0,127608
0,1754647
0,1671695
0,1630827
0,1630827
0,221097
0,2184424
0,2184424
0,2128842
0,2114722
0,2114722
0,287671
0,2668487
0,2668487
0,3288279
0,3378408
0,3279311
0,3279311
0,1550145
0,1224109
0,1224109
0,1093578
0,1168257
0,1168257
0,07071301
0,0881177
0,1008064
0,1008064
0,07208686
0,08433178
0,08433178
0,09848887
0,1049872
0,1049872
0,2287429
0,1290969
0,1290969
0,01923495
0,02152097
0,02332837
0,02332837
0,01833084
0,01895756
0,01895756
0,03031091
0,03614754
0,03614754
0,03305724
0,02057596
0,01519455
0,01519455
0,02023413
0,0297497
0,0297497
0,0510204
0,05929155
0,05929155
0,03629703
0,03533069
0,03533069
0,05307301
0,05053516
0,05644028
0,05644028
0,04560299
0,03995547
0,03995547
0,04938746
0,05830066
0,05830066
0,04911955
0,5031368
0,5381171
0,5381171
0,5965725
0,7928486
0,7928486
0,914337
0,749584
0,749584
1,28656
0,9371578
0,9371578
0,8348845
0,7846122
0,6299502
0,6299502
0,7200353
0,5876835
0,5876835
1,126037
0,6943395
0,6943395
0,6478164
0,2339037
0,2855859
0,2855859
0,9968537
0,4347352
0,4347352
1,199123
0,9969468
0,9969468
1,038743
0,5699365
0,7337848
0,7337848
1,101402
0,6526836
0,6526836
0,8988687
0,4913667
0,4913667
0,545561
0,4043254
0,4043254
0,7348357
0,5376837
0,4622396
0,4622396
0,5853826
0,5308646
0,5308646
0,5805998
0,5469443
0,5469443
0,6845521
0,6654404
0,6299729
0,6299729
0,8121639
0,6945904
0,8888523
0,8015692
0,8015692
0,4824782
0,4824782
0,8007495
0,607163
0,429557
0,429557
0,4880676
0,424392
0,424392
0,6354697
0,5210163
0,4092655
0,5778674
0,5567195
0,5567195
0,7504884
0,6949581
0,7871096
0,6196962
0,6196962
0,4918779
0,5179195
0,5179195
0,607484
0,5943806
0,4126129
0,4126129
0,5280155
0,5404162
0,5404162
0,7360144
0,6616782
0,6616782
0,8875548
0,7950891
0,9814275
0,9814275
1,258626
0,9898943
0,9898943
1,215626
0,9664329
0,9664329
1,573725
1,137191
1,107139
1,107139
1,802917
1,17936
1,17936
1,969484
0,8709541
0,8709541
1,321996
1,026396
1,026396
1,616197
0,9252855
0,5883185
0,5883185
0,8893886
0,780003
0,780003
1,0632
0,7620901
0,7620901
0,7869744
0,7038341
0,7224305
0,7224305
1,024026
0,7375469
0,7375469
1,076458
0,8482387
0,8482387
1,34663
0,8101412
0,8101412
1,171505
0,6782011
0,5789711
0,5789711
0,8612345
0,4759798
0,4759798
0,8073632
0,5537143
0,5537143
0,8786123
0,5914109
0,431232
0,431232
0,7836683
0,6049677
0,6049677
0,8267181
0,7217076
0,7217076
0,7735857
0,6800051
0,6800051
0,9355368
0,7298636
0,6345453
0,6345453
0,840733
0,7043197
0,7043197
1,195829
0,9185071
0,9185071
0,9855711
0,7585869
0,8562202
0,8562202
1,584752
1,151498
1,151498
1,693529
0,7636396
0,7636396
1,849434
1,301321
1,287346
1,287346
1,79952
1,046157
1,046157
1,429723
1,181641
1,181641
1,366726
1,064223
0,8606226
0,6139218
0,8521867
1,452847
1,452847
0,2934626
0,9683651
1,188875
0,5011171
0
0
1,803674
0,3674607
0,8732258
0,9421346
1,358433
0,0152826
0,0152826
1,081559
0,7094593
0,7094593
0,2074763
0,2074763
1,263758
0,6571313
0,3561023
0,6689847
0,6025296
0,6025296
1,004846
0,4858085
0,4478763
0,800776
0,800776
0,8552725
0,5796724
0,5283571
0,5283571
0,8792854
0,7006888
0,7006888
1,001221
0,6006223
0,6006223
1,01436
0,7366249
0,7366249
0,751478
0,6336441
0,6059632
0,6059632
1,012525
0,6721229
0,6721229
0,8977862
0,6963736
0,6963736
0,994656
0,6813014
0,5792767
0,5792767
0,9221117
0,68003
0,68003
0,9143711
0,6126322
0,6126322
0,8182982
0,5972535
0,4693017
0,4693017
0,7856762
0,5203381
0,5203381
0,5685995
0,4073838
0,4073838
0,5427806
0,5473131
0,5473131
0,5113404
0,304008
0,3083666
0,3083666
0,3363042
0,2094204
0,2094204
0,05055099
0,04078117
0,04078117
0,2633362
0,3184497
0,4024704
0,4024704
0,6757047
0,7061375
0,7061375
1,248714
1,102468
1,102468
1,613989
1,205836
1,205836
1,624251
1,023033
0,7894582
0,7894582
1,177678
0,7467424
0,7467424
0,702909
0,6393818
0,6393818
0,5477309
0,4159629
0,2605162
0,2605162
0,2265239
0,2050518
0,2050518
0,2090275
0,1569599
0,1569599
0,1394316
0,1304685
0,168532
0,168532
0,2899426
0,2334556
0,2334556
0,4227388
0,441028
0,441028
0,7706897
0,5866822
0,5866822
0,7126592
0,6901757
0,7357611
0,7357611
0,8246078
0,4520596
0,4520596
0,7918796
0,6194142
0,6194142
0,7735309
0,3548536
0,3002017
0,3002017
0,5623401
0,3561778
0,3561778
0,470186
0,3100162
0,3100162
0,3472889
0,2906843
0,2906843
0,4101538
0,3536732
0,2780849
0,2780849
0,3714949
0,3706897
0,3706897
0,4068135
0,3489396
0,3489396
0,3998037
0,4038112
0,4086313
0,4086313
0,3608938
0,326153
0,326153
0,3898541
0,3150303
0,3150303
0,4019438
0,3263769
0,3263769
0,3322441
0,2249706
0,2075243
0,2075243
0,2360124
0,1909686
0,1909686
0,2950083
0,2143851
0,2143851
0,3098104
0,2697313
0,2043374
0,2043374
0,4236521
0,3351549
0,3351549
0,5258719
0,4030927
0,4030927
0,6008075
0,440902
0,4198776
0,4198776
0,5803025
0,491569
0,491569
0,6295413
0,506026
0,506026
0,6592874
0,636493
0,636493
0,6430833
0,6162718
0,5604511
0,5604511
0,4977991
0,4725569
0,4725569
0,6089769
0,6174208
0,6174208
0,5820058
0,5802451
0,7336904
0,7336904
1,036161
0,8257331
0,8257331
1,138229
0,9336712
0,9336712
1,450662
0,818158
0,818158
1,199226
0,7965908
0,8192468
0,8192468
0,9622191
0,2462257
0,2462257
0,4290181
0,3453932
0,3453932
0,5404397
0,3005551
0,2849951
0,2849951
0,1750838
0,08166116
0,08166116
0,1732865
0,1008736
0,1008736
0,1170987
0,06404161
0,06404161
0,1316564
0,2068602
0,3492315
0,3492315
0,4555228
0,3140529
0,3140529
0,3382374
0,3723372
0,3723372
0,3911064
0,3105838
0,2342172
0,2342172
0,2628683
0,2360978
0,2360978
0,1400004
0,159776
0,159776
0,2025847
0,1791993
0,1791993
0,1397685
0,1642458
0,1846274
0,1846274
0,1292508
0,1363206
0,1363206
0,1232758
0,1389823
0,1389823
0,189569
0,1908331
0,1923648
0,1923648
0,3102248
0,2875743
0,2875743
0,2230945
0,2288823
0,2288823
0,4109409
0,3557364
0,3557364
0,3558689
0,3315468
0,3978478
0,3978478
0,2170742
0,2212497
0,2212497
0,2564391
0,2297312
0,2297312
0,2211913
0,2216867
0,1118444
0,1118444
0,1880897
0,2727445
0,2727445
0,05400362
0,04334281
0,04334281
0,06114688
0,06615512
0,2097354
0,2097354
0,1755876
0,1663066
0,1663066
0,3117759
0,2790515
0,2790515
0,1594806
0,3520068
0,3520068
0,6571783
0,608919
0,7834049
0,7834049
1,040217
0,8455812
0,8455812
1,461906
1,010146
1,010146
1,316596
0,6498975
0,4823383
0,4823383
0,4381805
0,3680442
0,3680442
0,6019156
0,2197457
0,2197457
0,5429553
0,3135982
0,232329
0,232329
0,5089742
0,2946678
0,2946678
0,4018642
0,2788781
0,2788781
0,2577415
0,1333355
0,1333355
0,2609093
0,1952202
0,1223587
0,1223587
0,2630246
0,2266916
0,2266916
0,2573952
0,1931707
0,1931707
0,3253396
0,2590895
0,2590895
0,2396602
0,2030223
0,1961176
0,1961176
0,1915686
0,1956483
0,1956483
0,2576105
0,2449277
0,2449277
0,2362726
0,2361773
0,1764506
0,1764506
0,1639913
0,159022
0,159022
0,1562756
0,1616373
0,1616373
0,2191045
0,2092631
0,2009518
0,2009518
0,1371258
0,1429777
0,1429777
0,1948027
0,1901601
0,1901601
0,2439778
0,1407248
0,1407248
0,1568767
0,1344579
0,1099122
0,1099122
0,183147
0,1194678
0,1194678
0,1672981
0,1627361
0,1627361
0,2077843
0,1544015
0,111359
0,111359
0,053763
0,04824965
0,04824965
0,06243508
0,1361361
0,1361361
0,0938421
0,07482113
0,07482113
0,07875673
0,0701428
0,07775602
0,07775602
0,0805318
0,07534814
0,07534814
0,1060888
0,1168257
0,1168257
0,1421807
0,08815721
0,09285024
0,09285024
0,1395642
0,06973439
0,06973439
0,02690434
0,00639872
0,00639872
0,01609803
0,01627076
0,01627076
0,03124133
0,03429119
0,03625569
0,03625569
0,05460491
0,03874285
0,03874285
0,03549868
0,02989365
0,02989365
0,05022896
0,0584442
0,05211459
0,05211459
0,3086043
0,2912475
0,2912475
1,419283
1,355617
1,355617
2,074826
1,918203
1,918203
5,899072
velocityComponents
0,1536429
0,4105426
-0,5221874
0,05078316
0,3740124
-0,1967162
0,05078316
0,3740124
-0,1967162
-0,03454089
0,2461717
-0,2537668
-0,0672698
-0,09285957
-0,07671118
-0,02955794
0,1227625
-0,1008898
-0,02955794
0,1227625
-0,1008898
0,04066229
0,2713487
-0,3653586
-0,008648634
0,02540573
-0,1513064
-0,008648634
0,02540573
-0,1513064
0,01844168
0,1524635
-0,3433049
0,06150603
0,06497502
-0,2562612
0,06150603
0,06497502
-0,2562612
0,06993873
-0,1149228
-0,4378764
0,05326767
0,09488275
-0,243479
0,03190329
0,1676086
-0,1701008
0,03190329
0,1676086
-0,1701008
-0,0518979
0,1128447
-0,1336526
-0,02601361
0,06433551
-0,09121167
-0,02601361
0,06433551
-0,09121167
0,03556377
0,1556763
-0,2148549
0,04651005
0,08478442
-0,1756801
0,04651005
0,08478442
-0,1756801
0,02001673
0,04961154
-0,1315349
0,002314489
0,05998017
-0,05552711
0,05553989
0,1198847
-0,1376079
0,05553989
0,1198847
-0,1376079
0,08673541
0,03175123
-0,2087453
0,01676048
-0,07075002
-0,06776486
0,01676048
-0,07075002
-0,06776486
0,007463504
-0,09497646
-0,06228964
0,01401624
-0,02137016
-0,06617366
0,01401624
-0,02137016
-0,06617366
-0,01833427
-0,00782405
-0,006935214
-0,02668058
-0,05561082
0,02262945
-0,02668058
-0,05561082
0,02262945
-0,08409607
-0,238976
0,1207953
-0,03035276
-0,06647929
0,06125136
-0,005326772
-0,02076322
0,0278715
-0,005326772
-0,02076322
0,0278715
0,02125535
-0,1120225
-0,006746985
0,02746161
-0,08725177
-0,02250657
0,02746161
-0,08725177
-0,02250657
0,06927489
-0,1263038
-0,06739853
0,0672052
-0,1219194
-0,08446429
0,0672052
-0,1219194
-0,08446429
0,1446041
-0,06988168
-0,2132876
0,09717831
-0,03308352
-0,1522795
0,02932141
-0,01950385
-0,04957617
0,02932141
-0,01950385
-0,04957617
-0,000844187
-0,03283291
-0,009142706
0,0213609
-0,03484908
-0,05018385
0,0213609
-0,03484908
-0,05018385
0,04117338
-0,02245649
-0,09612282
0,03077074
-0,004582468
-0,07426883
0,03077074
-0,004582468
-0,07426883
0,05491745
-0,04917834
-0,1514626
0,04768173
-0,0135377
-0,1248509
0,04768173
-0,0135377
-0,1248509
0,1020641
0,08014029
-0,2459822
0,07057998
0,07205889
-0,1808195
0,05085972
0,1027137
-0,1396802
0,05085972
0,1027137
-0,1396802
0,03892136
0,1694485
-0,1458572
0,02787197
0,1928024
-0,1178045
0,02787197
0,1928024
-0,1178045
0,03184752
0,2904943
-0,1488354
0,03429929
0,2209506
-0,1427025
0,03429929
0,2209506
-0,1427025
0,02125034
0,2399948
-0,1167491
0,01198187
0,1667641
-0,09017802
0,00447212
0,1343233
-0,07202078
0,00447212
0,1343233
-0,07202078
-0,006719497
0,1490465
-0,06217714
-0,005803785
0,1065662
-0,05728602
-0,005803785
0,1065662
-0,05728602
-0,008165228
0,07121868
-0,06487023
-0,005094395
0,06500524
-0,06640299
-0,005094395
0,06500524
-0,06640299
0,005136521
0,0803569
-0,08681539
0,0007922667
0,05703976
-0,07131874
0,0007922667
0,05703976
-0,07131874
-0,009724972
0,005207286
-0,05677
-0,009525489
0,001472677
-0,04263183
-0,003690451
-0,01587334
-0,03899257
-0,003690451
-0,01587334
-0,03899257
0,02653712
-0,04642628
-0,0985851
0,02898032
-0,06819806
-0,09617157
0,02898032
-0,06819806
-0,09617157
0,05115133
-0,094451
-0,1307658
0,05603566
-0,1213356
-0,1373572
0,05603566
-0,1213356
-0,1373572
0,04718089
-0,1681109
-0,1210943
0,03616206
-0,1580287
-0,09613214
0,02960316
-0,1934545
-0,09006449
0,02960316
-0,1934545
-0,09006449
0,02490753
-0,1693719
-0,08415992
0,01832495
-0,153208
-0,07281164
0,01832495
-0,153208
-0,07281164
0,00324818
-0,1442411
-0,0516998
0,001559482
-0,1184265
-0,04764556
0,001559482
-0,1184265
-0,04764556
0,01053001
-0,1335935
-0,0888394
0,01799173
-0,1019401
-0,1013271
0,01799173
-0,1019401
-0,1013271
0,02980833
-0,07718797
-0,1304566
0,031425
-0,07564984
-0,136725
0,03965734
-0,07128521
-0,1612391
0,03965734
-0,07128521
-0,1612391
0,04582933
-0,03814019
-0,1718861
0,04737995
-0,02677901
-0,1749755
0,04737995
-0,02677901
-0,1749755
0,06986164
-0,008685979
-0,2509452
0,05992945
-0,008552001
-0,221148
0,05992945
-0,008552001
-0,221148
0,0590289
0,009743046
-0,2131976
0,05982459
0,01590805
-0,2116054
0,05603211
0,01495747
-0,1938824
0,05603211
0,01495747
-0,1938824
0,05753241
0,02672301
-0,1956253
0,05239839
0,02421288
-0,1811001
0,05239839
0,02421288
-0,1811001
0,0496238
0,03108035
-0,1785598
0,04764119
0,03600654
-0,1722387
0,04764119
0,03600654
-0,1722387
0,05918828
0,04129661
-0,2258167
0,05629784
0,04304698
-0,2151434
0,05268722
0,04155627
-0,2019642
0,05268722
0,04155627
-0,2019642
0,05464447
0,01525211
-0,2271636
0,04732391
0,009558717
-0,2020865
0,04732391
0,009558717
-0,2020865
0,05801578
0,008811698
-0,2456647
0,05473407
0,01381552
-0,2314515
0,05473407
0,01381552
-0,2314515
0,07174513
0,006223147
-0,3035907
0,05627291
-0,001130607
-0,2532903
0,05627291
-0,001130607
-0,2532903
0,05153879
0,01363021
-0,2302972
0,05522015
0,02447409
-0,2338735
0,04526072
0,01093711
-0,1903633
0,04526072
0,01093711
-0,1903633
0,03990101
0,005150734
-0,1765638
0,02080175
0,009469216
-0,1642541
0,02080175
0,009469216
-0,1642541
0,002269212
0,01036613
-0,1122847
-0,0007243194
0,006893131
-0,1165799
-0,0007243194
0,006893131
-0,1165799
0,006726149
0,01625623
-0,1071677
0,005596522
0,01431311
-0,1098455
0,003440145
0,003296614
-0,1117063
0,003440145
0,003296614
-0,1117063
-0,009081382
0,002707016
-0,07379791
-0,007909421
0,00340196
-0,07494479
-0,007909421
0,00340196
-0,07494479
-0,007523626
-0,005709068
-0,0813236
-0,007649366
-0,006907953
-0,08430836
-0,007649366
-0,006907953
-0,08430836
-0,006511047
-0,003169007
-0,1009665
-0,007974077
-0,007496024
-0,1031803
-0,007974077
-0,007496024
-0,1031803
-0,01394517
-0,0009819809
-0,08902282
-0,01292478
-0,003960841
-0,09084623
-0,0116648
-0,008206179
-0,09561291
-0,0116648
-0,008206179
-0,09561291
-0,01104131
-0,007625114
-0,1048536
-0,02394367
-0,02657398
-0,1517404
-0,02394367
-0,02657398
-0,1517404
-0,01668341
-0,01865485
-0,2169207
0,006051712
-0,01057968
-0,2758955
0,006051712
-0,01057968
-0,2758955
0,0416851
-0,005489976
-0,2480331
0,06174969
-0,0004269844
-0,2447497
0,05437024
0,0008409268
-0,195209
0,05437024
0,0008409268
-0,195209
0,07205226
0,001723327
-0,2808367
0,06555716
0,006618528
-0,2652379
0,06555716
0,006618528
-0,2652379
0,09659632
0,02324401
-0,429908
0,08267159
0,02750584
-0,3933843
0,08267159
0,02750584
-0,3933843
0,1266913
0,08094397
-0,6876978
0,08827947
0,06944084
-0,5367884
0,08827947
0,06944084
-0,5367884
0,0725871
0,1306544
-0,6415519
0,03502313
0,1049351
-0,440854
0,01935382
0,1498168
-0,4699557
0,01935382
0,1498168
-0,4699557
0,007305126
0,1316962
-0,490077
-0,001041329
0,09397539
-0,2963845
-0,001041329
0,09397539
-0,2963845
0,005549411
0,127805
-0,3561862
0,006861717
0,1414
-0,2489465
0,006861717
0,1414
-0,2489465
0,02147101
0,2348605
-0,3402752
0,02046013
0,1607952
-0,250055
0,01163585
0,1950367
-0,1972361
0,01163585
0,1950367
-0,1972361
-0,00383178
0,3624762
-0,211242
-0,004233059
0,2645872
-0,1133859
-0,004233059
0,2645872
-0,1133859
0,005157461
0,441102
-0,1795843
0,02324055
0,2710866
-0,182067
0,02324055
0,2710866
-0,182067
0,04804713
0,3908846
-0,3153775
0,02852065
0,2107824
-0,1974218
0,02852065
0,2107824
-0,1974218
0,03210824
0,5099622
-0,2489334
0,01848511
0,325714
-0,1505373
0,01860829
0,1745439
-0,1658606
0,01860829
0,1745439
-0,1658606
-0,01522128
0,01352151
-0,1095323
-0,007040529
0,04588317
-0,0929621
-0,007040529
0,04588317
-0,0929621
-0,01472749
0,4051232
-0,1855121
-0,01635644
-0,05459378
0,002581582
-0,01635644
-0,05459378
0,002581582
-0,06065824
0,2355708
-0,03563526
-0,06532439
0,02528859
0,04013817
-0,06959282
-0,040594
0,1023302
-0,06959282
-0,040594
0,1023302
-0,1116159
-0,1793446
0,2232317
-0,06076805
-0,06382065
0,1197941
-0,06076805
-0,06382065
0,1197941
-0,1512107
-0,133814
0,2811449
-0,07802369
0,04504424
0,1563211
-0,07802369
0,04504424
0,1563211
-0,01812894
0,03338466
0,01370862
-0,002593234
0,0732149
-0,02616871
-0,005732329
0,2111766
-0,05307036
-0,005732329
0,2111766
-0,05307036
0,03423058
0,5620105
-0,2020208
0,03597811
0,4862172
-0,1675501
0,03597811
0,4862172
-0,1675501
0,08677714
1,187096
-0,3434927
0,0604599
0,644337
-0,2520246
0,0604599
0,644337
-0,2520246
0,08982237
1,137661
-0,4403004
0,04175252
0,5768214
-0,2490256
0,04175252
0,5768214
-0,2490256
0,06927625
0,7985654
-0,441668
0,04764944
0,6416972
-0,3384415
0,04220724
0,5943719
-0,3205014
0,04220724
0,5943719
-0,3205014
0,07466415
0,8083737
-0,5742672
0,03944145
0,4035094
-0,3379055
0,03944145
0,4035094
-0,3379055
0,06214676
0,5875145
-0,5590615
0,07090136
0,2770801
-0,4894865
0,07090136
0,2770801
-0,4894865
0,0987707
0,4986463
-0,7572795
0,08061796
0,3221527
-0,6018122
0,05894351
0,1948836
-0,4573912
0,05894351
0,1948836
-0,4573912
0,04909707
0,2714875
-0,5383448
0,04140167
0,1175787
-0,4301932
0,04140167
0,1175787
-0,4301932
0,04893153
0,1376959
-0,5858271
0,0460359
0,1850184
-0,5668038
0,04377639
0,1530873
-0,5823486
0,03226945
0,1250665
-0,4997955
0,02277059
0,1182011
-0,4232758
0,02277059
0,1182011
-0,4232758
0,04033696
0,06802811
-0,64121
0,0386291
0,03892929
-0,5779091
0,04371732
0,0532387
-0,7150116
0,03010412
0,04624148
-0,5704295
0,03010412
0,04624148
-0,5704295
0,02247632
-0,04729641
-0,3913327
0,03419389
-0,1098954
-0,5974553
0,0431141
-0,1635514
-0,6514442
0,04984757
-0,2396756
-0,7640577
0,04984757
-0,2396756
-0,7640577
0,05185879
-0,2215899
-0,9055097
0,04104387
-0,2639256
-0,6732158
0,04104387
-0,2639256
-0,6732158
0,02907628
-0,2299813
-0,6446814
0,02405161
-0,238143
-0,5660031
0,01534448
-0,263991
-0,468585
0,01310464
-0,2695603
-0,5294272
0,01566993
-0,2693687
-0,5026165
0,01566993
-0,2693687
-0,5026165
0,0207646
-0,4954667
-0,5746813
0,009454248
-0,4193058
-0,4419364
0,009454248
-0,4193058
-0,4419364
-0,003790157
-0,4999284
-0,4888033
-0,008826924
-0,4530776
-0,3432847
-0,008826924
-0,4530776
-0,3432847
-0,03085196
-0,6132024
-0,3732973
-0,02444195
-0,4798126
-0,2337576
-0,02444195
-0,4798126
-0,2337576
-0,04115517
-0,6353759
-0,1770481
-0,04021246
-0,4631533
-0,1123823
-0,04021246
-0,4631533
-0,1123823
-0,05973188
-0,5352886
-0,2054873
-0,04996528
-0,4091444
-0,1394262
-0,0543628
-0,3947107
-0,09887278
-0,0543628
-0,3947107
-0,09887278
-0,08111616
-0,456044
-0,2157778
-0,05693439
-0,2684898
-0,1552145
-0,05693439
-0,2684898
-0,1552145
-0,1003133
-0,3640828
-0,161687
-0,06857244
-0,1998553
-0,1188309
-0,06084087
-0,1310592
-0,08810614
-0,06084087
-0,1310592
-0,08810614
-0,1055321
-0,2899359
0,02928845
-0,06601388
-0,1666635
0,0201419
-0,06601388
-0,1666635
0,0201419
-0,07747976
-0,2437509
0,004175138
-0,04643853
-0,150271
-0,01372068
-0,04643853
-0,150271
-0,01372068
-0,0640964
-0,2925473
-0,09431822
-0,03719975
-0,1486978
-0,06926887
-0,03719975
-0,1486978
-0,06926887
-0,04590306
-0,2409915
-0,02469178
-0,0368067
-0,2475248
-0,04170847
-0,02221378
-0,1721314
-0,03199907
-0,02221378
-0,1721314
-0,03199907
-0,01745311
-0,1689891
-0,05871825
-0,01566688
-0,2236999
-0,02235988
-0,01566688
-0,2236999
-0,02235988
-0,02359767
-0,3468155
-0,02631519
-0,01781551
-0,2682465
-0,06844278
-0,01781551
-0,2682465
-0,06844278
-0,02623424
-0,3874365
-0,1839104
-0,01938003
-0,2269377
-0,08769963
-0,02479216
-0,267873
-0,05712827
-0,02479216
-0,267873
-0,05712827
-0,04009931
-0,4275881
-0,004304899
-0,01884792
-0,1656782
-0,08365875
-0,01884792
-0,1656782
-0,08365875
-0,04186443
-0,2812011
-0,2264623
-0,0153273
-0,01090325
-0,05709208
-0,0153273
-0,01090325
-0,05709208
-0,060283
-0,2644864
-0,3592218
-0,02820126
-0,03512331
-0,244635
-0,02820126
-0,03512331
-0,244635
-0,05607698
-0,0854157
-0,3865344
-0,0454015
-0,1310361
-0,308715
-0,03275345
-0,09466193
-0,2798677
-0,03275345
-0,09466193
-0,2798677
-0,05170119
-0,1076787
-0,5685007
-0,03870128
-0,1106029
-0,3934508
-0,03870128
-0,1106029
-0,3934508
-0,05622665
-0,2104309
-0,4493264
-0,04204448
-0,1063082
-0,3807243
-0,04204448
-0,1063082
-0,3807243
-0,04671428
-0,1702099
-0,3744238
-0,03531979
-0,1121525
-0,2688043
-0,03115078
-0,08681598
-0,2323091
-0,03115078
-0,08681598
-0,2323091
-0,03963011
-0,1429826
-0,2744633
-0,03113125
-0,08690057
-0,2311696
-0,03113125
-0,08690057
-0,2311696
-0,02770966
-0,08590659
-0,178604
-0,01928209
-0,0671836
-0,1090424
-0,01928209
-0,0671836
-0,1090424
-0,0217505
-0,09567698
-0,1578927
-0,01402424
-0,04359546
-0,1387375
-0,01402424
-0,04359546
-0,1387375
-0,01340095
-0,02823531
-0,1742097
-0,009816703
-0,0344313
-0,1357261
-0,006796971
-0,03671128
-0,110612
-0,006796971
-0,03671128
-0,110612
-0,006578466
-0,06029973
-0,1268391
-0,003733918
-0,05402836
-0,1013463
-0,003733918
-0,05402836
-0,1013463
0,007001556
-0,01925378
-0,1349601
0,00810537
-0,03558542
-0,1205106
0,00810537
-0,03558542
-0,1205106
0,01052701
-0,04934048
-0,08940553
0,0101481
-0,04131376
-0,09658703
0,008372005
-0,05911039
-0,117823
0,008372005
-0,05911039
-0,117823
0,006622819
-0,07155389
-0,08715426
0,00675991
-0,05630786
-0,07002979
0,00675991
-0,05630786
-0,07002979
0,01029295
-0,0493582
-0,1185167
0,008127566
-0,04224702
-0,1201372
0,008127566
-0,04224702
-0,1201372
0,005166001
-0,05794586
-0,1655399
0,003698833
-0,04567397
-0,1607665
0,002667513
-0,03841274
-0,1584718
0,002667513
-0,03841274
-0,1584718
0,000685943
-0,05137834
-0,2150434
-0,000219737
-0,05287044
-0,2119476
-0,000219737
-0,05287044
-0,2119476
-0,003377567
-0,08431727
-0,1954453
-0,004422662
-0,07944731
-0,1959313
-0,004422662
-0,07944731
-0,1959313
-0,008266773
-0,08701115
-0,2740718
-0,009514936
-0,08525631
-0,2526837
-0,009514936
-0,08525631
-0,2526837
-0,01589089
-0,08938722
-0,3160461
-0,01984443
-0,08618594
-0,3260592
-0,02045541
-0,06078047
-0,3215993
-0,02045541
-0,06078047
-0,3215993
-0,05104123
0,009275291
-0,1460762
-0,04649501
-0,00551378
-0,1131028
-0,04649501
-0,00551378
-0,1131028
-0,04411689
3,436208E-05
-0,1000641
-0,04716607
0,000545457
-0,1068798
-0,04716607
0,000545457
-0,1068798
-0,04534576
-0,004577828
-0,05406603
-0,04783127
-0,001210369
-0,07399617
-0,05046108
-3,153691E-05
-0,08726744
-0,05046108
-3,153691E-05
-0,08726744
-0,05212541
0,0070857
-0,04928742
-0,04902984
0,00869194
-0,06806155
-0,04902984
0,00869194
-0,06806155
-0,04832697
0,01477887
-0,08453488
-0,04696998
0,01650941
-0,09243149
-0,04696998
0,01650941
-0,09243149
-0,05644933
0,04245025
-0,2175655
-0,002368312
0,01338195
-0,1283796
-0,002368312
0,01338195
-0,1283796
-0,001516051
0,002896
-0,01895516
-0,01165776
-0,004788868
-0,01744464
-0,0001844438
0,001152925
-0,02329913
-0,0001844438
0,001152925
-0,02329913
0,007181647
-0,00316323
-0,01656616
0,009063112
-0,002668411
-0,01643559
0,009063112
-0,002668411
-0,01643559
0,007568041
-0,0008356124
-0,02933902
0,007444419
-0,0007663742
-0,03536436
0,007444419
-0,0007663742
-0,03536436
-0,0119484
-0,00651864
-0,03012514
0,003035933
-0,01032394
-0,01753765
0,007763435
-0,009193711
-0,00927788
0,007763435
-0,009193711
-0,00927788
0,007632859
-0,008996755
-0,01643831
0,007614157
-0,008870788
-0,02735651
0,007614157
-0,008870788
-0,02735651
0,00465342
-0,008543767
-0,05008423
-0,01751682
0,02252854
-0,05197224
-0,01751682
0,02252854
-0,05197224
0,002932512
-0,002700977
-0,03607741
0,01084976
-0,005985066
-0,03308654
0,01084976
-0,005985066
-0,03308654
0,01052987
-0,006732866
-0,05158037
0,02341014
-0,01178636
-0,04320705
-0,01288266
0,01585676
-0,05261278
-0,01288266
0,01585676
-0,05261278
-0,004227086
-0,002934739
-0,04531172
0,01189089
-0,009296447
-0,0369949
0,01189089
-0,009296447
-0,0369949
0,01515991
-0,01137781
-0,0456053
0,0148969
-0,003092811
-0,0562804
0,0148969
-0,003092811
-0,0562804
0,006563962
-0,002738252
-0,04860193
-0,002697192
0,2283681
-0,4483162
-0,0451198
0,1576955
-0,5125098
-0,0451198
0,1576955
-0,5125098
-0,06508328
0,2224408
-0,5497117
0,0450367
0,2555816
-0,749172
0,0450367
0,2555816
-0,749172
0,06639636
0,2943128
-0,8631244
0,07002217
0,2339021
-0,7087051
0,07002217
0,2339021
-0,7087051
0,1664231
0,4020094
-1,210755
0,1290181
0,2903639
-0,8816507
0,1290181
0,2903639
-0,8816507
0,07012272
0,2754977
-0,7849942
0,03690036
0,2340396
-0,747984
0,02017339
0,05764931
-0,6269823
0,02017339
0,05764931
-0,6269823
0,05779945
-0,2312712
-0,6794289
0,02702314
-0,2047224
-0,5502094
0,02702314
-0,2047224
-0,5502094
-0,04685191
-0,32459
-1,077221
-0,05394363
-0,2306875
-0,6526719
-0,05394363
-0,2306875
-0,6526719
-0,0552706
-0,2449844
-0,5971549
-0,02501572
0,002189083
-0,2325518
-0,04800806
0,08322905
-0,2689376
-0,04800806
0,08322905
-0,2689376
-0,1345063
0,731841
-0,6633508
-0,004246337
0,4293343
-0,06818151
-0,004246337
0,4293343
-0,06818151
0,08810014
1,145366
0,3439039
0,0182569
0,9935187
0,08056164
0,0182569
0,9935187
0,08056164
-0,05421962
1,034524
-0,07620599
-0,0926438
0,4913343
-0,2735604
-0,08348656
0,6944121
-0,2219504
-0,08348656
0,6944121
-0,2219504
-0,06960647
1,09893
-0,02435366
-0,0198263
0,6469454
0,08405057
-0,0198263
0,6469454
0,08405057
0,05897915
0,7468369
0,4967102
0,06630153
0,2690839
0,4057575
0,06630153
0,2690839
0,4057575
0,05268002
0,3486803
0,4162735
0,03205528
0,2887804
0,2811714
0,03205528
0,2887804
0,2811714
0,04778031
0,5772635
0,4521807
0,05225626
0,3513037
0,4036815
0,07326674
0,1475384
0,431891
0,07326674
0,1475384
0,431891
0,08056926
0,2468855
0,5246227
0,04945924
0,3366397
0,4074858
0,04945924
0,3366397
0,4074858
0,01012466
0,4992556
0,2962052
0,01485117
0,4515063
0,3083335
0,01485117
0,4515063
0,3083335
0,04851874
0,4520521
0,5117679
0,05346185
0,4026788
0,5270698
0,05215009
0,3613216
0,5134131
0,05215009
0,3613216
0,5134131
0,04127782
0,5469537
0,5989558
0,02309815
0,5022268
0,4792605
0,03389318
0,5990779
0,6557555
0,05041688
0,4467572
0,6636108
0,05041688
0,4467572
0,6636108
0,04747577
0,1637297
0,4513578
0,04747577
0,1637297
0,4513578
0,06994912
0,2612957
0,7536786
0,06446474
0,1162732
0,5924286
0,05292122
0,02440021
0,4255857
0,05292122
0,02440021
0,4255857
0,05272929
0,0797283
0,4786157
0,04892872
0,05092539
0,4184748
0,04892872
0,05092539
0,4184748
0,09637835
-0,1327555
0,6139291
0,08181208
-0,1545361
0,4907987
0,06462535
-0,1385015
0,3796566
0,08759347
-0,2174612
0,5281749
0,08530253
-0,2732049
0,4775135
0,08530253
-0,2732049
0,4775135
0,1116113
-0,4728561
0,571999
0,1008505
-0,4837245
0,4886784
0,1076787
-0,5338911
0,5682491
0,08328556
-0,4234762
0,4446963
0,08328556
-0,4234762
0,4446963
0,06382526
-0,3708525
0,3167628
0,06391466
-0,3985665
0,3245
0,06391466
-0,3985665
0,3245
0,0695385
-0,4787153
0,3674683
0,0657402
-0,4840858
0,3385669
0,04538807
-0,3337739
0,2382945
0,04538807
-0,3337739
0,2382945
0,0559909
-0,4319713
0,2984395
0,0548624
-0,4441357
0,3029576
0,0548624
-0,4441357
0,3029576
0,06952747
-0,6326792
0,3695946
0,06220412
-0,5767702
0,3182528
0,06220412
-0,5767702
0,3182528
0,07864951
-0,7999082
0,3764501
0,06615391
-0,7148141
0,3418057
0,07517254
-0,8789847
0,4300405
0,07517254
-0,8789847
0,4300405
0,08202008
-1,108275
0,59088
0,05542137
-0,8892052
0,4314318
0,05542137
-0,8892052
0,4314318
0,05353276
-1,124434
0,4588355
0,03895263
-0,9065696
0,3325759
0,03895263
-0,9065696
0,3325759
0,04438751
-1,51945
0,4073232
0,01517263
-1,105379
0,2666618
-0,001306828
-1,077667
0,2537505
-0,001306828
-1,077667
0,2537505
-0,05557264
-1,725337
0,5202239
-0,05893371
-1,093129
0,438733
-0,05893371
-1,093129
0,438733
-0,1478682
-1,870691
0,5979291
-0,06889579
-0,8458911
0,1956595
-0,06889579
-0,8458911
0,1956595
-0,1321671
-1,300155
0,1995019
-0,1180067
-0,9634869
0,3335499
-0,1180067
-0,9634869
0,3335499
-0,2105728
-1,445075
0,6924646
-0,1290686
-0,8349319
0,3773369
-0,08574971
-0,5480517
0,1959722
-0,08574971
-0,5480517
0,1959722
-0,1434776
-0,8411685
0,2507225
-0,1306099
-0,7218433
0,2651187
-0,1306099
-0,7218433
0,2651187
-0,1865169
-0,8921159
0,5474809
-0,1320691
-0,5846705
0,4706373
-0,1320691
-0,5846705
0,4706373
-0,1289711
-0,5121279
0,5834553
-0,1224548
-0,4500084
0,5271429
-0,1313505
-0,4469767
0,5521455
-0,1313505
-0,4469767
0,5521455
-0,1865509
-0,5485856
0,8443237
-0,1093886
-0,2611014
0,6810548
-0,1093886
-0,2611014
0,6810548
-0,1946394
-0,5043783
0,9308488
-0,1582587
-0,3858709
0,7386249
-0,1582587
-0,3858709
0,7386249
-0,2269794
-0,4193874
1,259367
-0,1314988
-0,2197096
0,7686121
-0,1314988
-0,2197096
0,7686121
-0,1734453
-0,2350364
1,134504
-0,1114143
-0,1580539
0,6500481
-0,04843238
0,05186164
0,5746062
-0,04843238
0,05186164
0,5746062
0,06145042
0,4539749
0,7292843
0,005063964
0,1936865
0,4347605
0,005063964
0,1936865
0,4347605
-0,01758598
0,2766639
0,7582765
0,04394333
0,3546647
0,4229439
0,04394333
0,3546647
0,4229439
0,1225188
0,6963508
0,5215786
0,09054398
0,4958317
0,3093857
0,02992203
0,2950322
0,3130842
0,02992203
0,2950322
0,3130842
0,1197376
0,6853958
0,360599
0,05621003
0,4731992
0,3727047
0,05621003
0,4731992
0,3727047
-0,04242896
0,3883272
0,7286046
-0,03968205
0,3421229
0,6342233
-0,03968205
0,3421229
0,6342233
0,008236166
0,5029536
0,5877113
0,01992453
0,4749776
0,4862162
0,01992453
0,4749776
0,4862162
0,08510162
0,7822944
0,5059667
0,07584739
0,6282699
0,3636277
0,06071797
0,5453113
0,3187421
0,06071797
0,5453113
0,3187421
0,05367937
0,7027494
0,4583599
0,04525911
0,5982227
0,3689817
0,04525911
0,5982227
0,3689817
0,1522171
1,137133
0,337294
0,1446066
0,8967404
0,1363847
0,1446066
0,8967404
0,1363847
0,0943267
0,9251031
0,3265535
0,04255946
0,6893586
0,3137317
0,0551227
0,8026444
0,2929787
0,0551227
0,8026444
0,2929787
0,1370834
1,544351
0,3280671
0,1217521
1,141333
0,09210537
0,1217521
1,141333
0,09210537
0,04018487
1,603049
0,5446654
-0,06387168
0,5889326
0,4818965
-0,06387168
0,5889326
0,4818965
-0,06025427
1,681031
0,7687068
0,06189328
1,294941
0,1128448
0,06688513
1,285341
0,02617282
0,06688513
1,285341
0,02617282
-0,004200042
1,773953
0,302234
-0,08535843
0,9624431
0,4010759
-0,08535843
0,9624431
0,4010759
-0,08007576
1,391445
0,318708
-0,03062266
1,176261
0,1083854
-0,03062266
1,176261
0,1083854
-0,0410042
1,365455
0,04232407
-0,07120242
1,050973
0,1515163
-0,1140811
0,8002915
0,29528
-0,09122876
0,567777
0,2149573
-0,1331505
0,7858407
0,3015748
-0,2212405
1,378716
0,4011941
-0,2212405
1,378716
0,4011941
-0,07130533
0,220623
0,1798926
-0,2818624
0,6165487
0,6914856
-0,3233857
0,8977284
0,7091743
-0,1448208
0,3386804
0,3397659
0
0
0
0
0
0
-0,582999
-0,042817
1,706317
-0,1031876
0,2836451
0,2095833
-0,2925867
0,08178632
0,8186741
-0,1825875
-0,5737796
0,7246077
-0,3587186
-0,5838811
1,172921
-0,004679371
-0,002343164
0,01435866
-0,004679371
-0,002343164
0,01435866
-0,2925241
-0,4066958
0,9585392
-0,1718024
-0,3733284
0,57831
-0,1718024
-0,3733284
0,57831
-0,05421674
-0,1007745
0,173065
-0,05421674
-0,1007745
0,173065
-0,310228
-0,7358165
0,9794977
-0,1660379
-0,3642207
0,521149
-0,08729547
-0,1879221
0,2896095
-0,1758229
-0,3656096
0,5319365
-0,1390341
-0,3989004
0,4296393
-0,1390341
-0,3989004
0,4296393
-0,2167794
-0,728037
0,657787
-0,1142633
-0,3131916
0,3533622
-0,03070172
-0,4035167
0,1918982
-0,1011658
-0,6862892
0,4000186
-0,1011658
-0,6862892
0,4000186
-0,08266094
-0,7704142
0,3621052
-0,05071966
-0,5284196
0,2328525
-0,04988698
-0,4840299
0,2058823
-0,04988698
-0,4840299
0,2058823
-0,06801516
-0,830473
0,2807692
-0,05485548
-0,6664932
0,2091471
-0,05485548
-0,6664932
0,2091471
-0,01036575
-0,9874666
0,1650643
0,009801435
-0,5965708
0,06895131
0,009801435
-0,5965708
0,06895131
-0,03323375
-1,00163
0,1567148
-0,02472199
-0,7285424
0,1059764
-0,02472199
-0,7285424
0,1059764
0,06713127
-0,7468494
-0,04927919
0,05538487
-0,6292132
-0,0502808
0,01679663
-0,6057297
0,0008614459
0,01679663
-0,6057297
0,0008614459
-0,07947314
-0,9980496
0,1509543
-0,03466837
-0,66796
0,06615664
-0,03466837
-0,66796
0,06615664
-0,02919461
-0,896477
0,03868645
-0,02492841
-0,6956169
0,02078407
-0,02492841
-0,6956169
0,02078407
-0,02888296
-0,9942092
-0,007385748
-0,005345298
-0,6799543
-0,04248571
-0,005923742
-0,5776232
-0,04333418
-0,005923742
-0,5776232
-0,04333418
-0,03594751
-0,9200891
-0,04933471
-0,03084548
-0,6782066
-0,03905411
-0,03084548
-0,6782066
-0,03905411
-0,0869184
-0,9102212
0,004131007
-0,04486237
-0,6104213
-0,02629354
-0,04486237
-0,6104213
-0,02629354
-0,008070045
-0,80505
-0,1464284
-0,04017778
-0,5928029
-0,06068085
-0,06403253
-0,4649068
-0,002347649
-0,06403253
-0,4649068
-0,002347649
-0,1305414
-0,7745062
0,01965317
-0,06924332
-0,5151436
-0,02416969
-0,06924332
-0,5151436
-0,02416969
-0,01624155
-0,5506507
-0,1408027
-0,01584017
-0,3942693
-0,1013033
-0,01584017
-0,3942693
-0,1013033
-0,08300194
-0,5352041
-0,03575101
-0,11064
-0,5359384
0,008966402
-0,11064
-0,5359384
0,008966402
-0,05612928
-0,5014452
-0,08289306
0,05373656
-0,2355061
-0,184581
0,05371356
-0,2383395
-0,1881464
0,05371356
-0,2383395
-0,1881464
-0,02693307
-0,3242372
-0,08511976
-0,0304921
-0,2046552
-0,03230144
-0,0304921
-0,2046552
-0,03230144
0,009887753
-0,0361785
-0,03389323
0,02022894
0,01200371
-0,03331374
0,02022894
0,01200371
-0,03331374
0,08317165
0,2416565
-0,0634867
0,08031955
0,3060609
-0,03585675
0,06981499
0,3962025
0,01148354
0,06981499
0,3962025
0,01148354
0,08784103
0,6673528
0,05916906
0,07954736
0,6974875
0,07624674
0,07954736
0,6974875
0,07624674
0,1096277
1,233372
0,1614363
0,083818
1,089409
0,1469611
0,083818
1,089409
0,1469611
0,05509256
1,587144
0,2879222
0,06809945
1,194515
0,150121
0,06809945
1,194515
0,150121
0,2070616
1,610761
-0,02764044
0,1379923
1,013256
-0,02946349
0,1432293
0,7720479
-0,08167931
0,1432293
0,7720479
-0,08167931
0,2521601
1,132146
-0,2039245
0,1912151
0,7035799
-0,1613579
0,1912151
0,7035799
-0,1613579
0,2712053
0,5879349
-0,2736079
0,264925
0,5013213
-0,295467
0,264925
0,5013213
-0,295467
0,2961105
0,3198596
-0,3316888
0,2446549
0,2169193
-0,2571287
0,1750676
0,09973575
-0,1651448
0,1750676
0,09973575
-0,1651448
0,1711385
-0,01938146
-0,1471362
0,1519178
-0,08025266
-0,111923
0,1519178
-0,08025266
-0,111923
0,1285375
-0,1631518
-0,02349704
0,1046981
-0,11669
0,007627334
0,1046981
-0,11669
0,007627334
0,1319492
-0,04097053
0,01876156
0,08415151
-0,06524424
0,07539058
0,04675836
-0,1070581
0,1214713
0,04675836
-0,1070581
0,1214713
0,04177085
-0,242776
0,1529109
0,04840497
-0,1980021
0,1138141
0,04840497
-0,1980021
0,1138141
0,06023622
-0,3927803
0,1442336
0,02027996
-0,4109141
0,1588836
0,02027996
-0,4109141
0,1588836
-0,03125281
-0,7208657
0,2708108
-0,01446952
-0,5624408
0,1662738
-0,01446952
-0,5624408
0,1662738
-0,02631513
-0,6889689
0,1803123
-0,09495284
-0,6475081
0,2192254
-0,1477518
-0,672903
0,2582931
-0,1477518
-0,672903
0,2582931
-0,1621182
-0,7707047
0,2443562
-0,04994244
-0,4463696
0,05116449
-0,04994244
-0,4463696
0,05116449
-0,09349179
-0,7846493
0,05155634
-0,09281576
-0,6099325
0,05514981
-0,09281576
-0,6099325
0,05514981
-0,160649
-0,7483234
0,1120444
-0,04545339
-0,3515747
-0,01582253
0,004638914
-0,2838301
-0,09767302
0,004638914
-0,2838301
-0,09767302
-0,09958814
-0,5533641
-0,0098349
-0,05871273
-0,3501571
-0,02838022
-0,05871273
-0,3501571
-0,02838022
-0,02325767
-0,4472384
-0,1432192
0,0004002467
-0,2808575
-0,1312591
0,0004002467
-0,2808575
-0,1312591
0,03364923
-0,2674085
-0,2190205
0,02105851
-0,2295558
-0,1770821
0,02105851
-0,2295558
-0,1770821
-0,01449855
-0,3678859
-0,1807648
-0,02985939
-0,3263067
-0,1331057
-0,02603182
-0,2510713
-0,1166908
-0,02603182
-0,2510713
-0,1166908
-0,04400041
-0,3434599
-0,1345648
-0,05464777
-0,3484769
-0,1139662
-0,05464777
-0,3484769
-0,1139662
-0,03288723
-0,3582314
-0,189963
-0,01503615
-0,2925276
-0,1896321
-0,01503615
-0,2925276
-0,1896321
-0,03578144
-0,3586906
-0,1729271
-0,03827311
-0,3661497
-0,1659308
-0,04677283
-0,3759874
-0,1530531
-0,04677283
-0,3759874
-0,1530531
-0,02325602
-0,3153616
-0,1739268
-0,01039533
-0,2740812
-0,1764859
-0,01039533
-0,2740812
-0,1764859
-0,03446316
-0,3468399
-0,1746441
-0,0181221
-0,2679771
-0,1646328
-0,0181221
-0,2679771
-0,1646328
-0,009531776
-0,3274454
-0,2329109
-0,01484843
-0,2710195
-0,1812453
-0,01484843
-0,2710195
-0,1812453
-0,01947763
-0,2817841
-0,1749414
0,00306327
-0,1688176
-0,1486708
0,01311414
-0,1396207
-0,1529719
0,01311414
-0,1396207
-0,1529719
0,001036889
-0,1772314
-0,155852
-0,003861786
-0,1466753
-0,122231
-0,003861786
-0,1466753
-0,122231
-0,02119539
-0,2432099
-0,1656189
0,002767247
-0,1512709
-0,1518895
0,002767247
-0,1512709
-0,1518895
0,03264947
-0,169174
-0,2574813
0,01297789
-0,1749422
-0,2048945
0,01140774
-0,1241334
-0,1619091
0,01140774
-0,1241334
-0,1619091
0,02489938
-0,2640142
-0,3303901
0,04704876
-0,1542066
-0,2938291
0,04704876
-0,1542066
-0,2938291
0,1007869
-0,1850197
-0,4818205
0,08179585
-0,1253538
-0,3742721
0,08179585
-0,1253538
-0,3742721
0,1137168
-0,1956758
-0,5565511
0,08646459
-0,1182158
-0,4158647
0,09080262
-0,05655783
-0,4060213
0,09080262
-0,05655783
-0,4060213
0,1598454
0,1266921
-0,5432767
0,1387689
0,07114577
-0,4661776
0,1387689
0,07114577
-0,4661776
0,1885951
0,186446
-0,5709572
0,1467346
0,1363818
-0,4646841
0,1467346
0,1363818
-0,4646841
0,2050223
0,235802
-0,580537
0,2049806
0,2750303
-0,5361573
0,2049806
0,2750303
-0,5361573
0,1991666
0,2510599
-0,5575461
0,190496
0,2306474
-0,5387986
0,1769028
0,2296043
-0,4796798
0,1769028
0,2296043
-0,4796798
0,1531994
0,2427978
-0,4066732
0,1380498
0,226771
-0,3909311
0,1380498
0,226771
-0,3909311
0,1647487
0,2966203
-0,5056947
0,1682612
0,289
-0,5190141
0,1682612
0,289
-0,5190141
0,1603772
0,2627726
-0,4939235
0,1573749
0,2932201
-0,4753309
0,1934273
0,4066908
-0,579215
0,1934273
0,4066908
-0,579215
0,255812
0,6174929
-0,7917657
0,1962723
0,4901693
-0,6348593
0,1962723
0,4901693
-0,6348593
0,2550234
0,7474999
-0,8196167
0,2022527
0,6871787
-0,59885
0,2022527
0,6871787
-0,59885
0,2927003
1,108284
-0,889075
0,1622633
0,6228573
-0,5050762
0,1622633
0,6228573
-0,5050762
0,2385193
0,9254337
-0,7244465
0,1691501
0,5776284
-0,5218147
0,1727197
0,5873169
-0,544419
0,1727197
0,5873169
-0,544419
0,1758402
0,4758207
-0,8176432
0,006410361
0,1488753
-0,1960158
0,006410361
0,1488753
-0,1960158
-0,02133903
0,4044111
-0,1416079
0,009036699
0,2939433
-0,1811413
0,009036699
0,2939433
-0,1811413
0,02106764
0,4186015
-0,3411804
-0,002792622
0,22083
-0,203862
-0,002874471
0,244254
-0,1468125
-0,002874471
0,244254
-0,1468125
-0,06574925
0,1242305
-0,1043942
-0,07549156
0,01255377
-0,02849513
-0,07549156
0,01255377
-0,02849513
-0,1114866
0,13264
-0,002357196
-0,06349505
0,07525434
-0,0219236
-0,06349505
0,07525434
-0,0219236
-0,07266595
0,08923802
-0,02164098
-0,06282609
0,0122533
-0,002016749
-0,06282609
0,0122533
-0,002016749
-0,101322
0,03537432
-0,07626213
-0,06552311
0,08855332
-0,175089
-0,03147349
0,1662071
-0,3055279
-0,03147349
0,1662071
-0,3055279
0,001337824
0,1627428
-0,4254575
-0,007628349
0,06637767
-0,3068632
-0,007628349
0,06637767
-0,3068632
0,007068406
0,08820857
-0,3264565
0,02520838
0,1399041
-0,3441313
0,02520838
0,1399041
-0,3441313
0,02404531
0,1349863
-0,366285
0,01199854
0,07558396
-0,3010073
0,008803058
0,04594848
-0,2294971
0,008803058
0,04594848
-0,2294971
0,01535664
0,07580231
-0,2512329
0,00873959
0,05162321
-0,2302191
0,00873959
0,05162321
-0,2302191
-0,005925364
0,01208053
-0,1393524
-0,004605822
0,04591965
-0,1529658
-0,004605822
0,04591965
-0,1529658
-0,003770547
0,05889142
-0,1937992
-0,00579669
0,05729776
-0,1696931
-0,00579669
0,05729776
-0,1696931
-0,008846914
0,06148806
-0,1252046
-0,008491416
0,08012506
-0,1431242
-0,006707472
0,09969061
-0,1552549
-0,006707472
0,09969061
-0,1552549
-0,00556317
0,07599889
-0,1043983
-0,005684128
0,08283047
-0,1081208
-0,005684128
0,08283047
-0,1081208
-0,005062765
0,06916559
-0,1019187
-0,003802353
0,0782614
-0,1147902
-0,003802353
0,0782614
-0,1147902
-0,002061321
0,1145645
-0,1510203
-0,001766665
0,1111972
-0,1550785
-0,001297433
0,1101718
-0,1576855
-0,001297433
0,1101718
-0,1576855
0,001275332
0,1722002
-0,2580404
-3,980557E-05
0,1559757
-0,2415999
-3,980557E-05
0,1559757
-0,2415999
-0,002830551
0,1071996
-0,1956307
-0,002424102
0,1085429
-0,2014936
-0,002424102
0,1085429
-0,2014936
-0,005473129
0,182007
-0,3683964
-0,008406194
0,1343387
-0,3292884
-0,008406194
0,1343387
-0,3292884
-0,01415587
0,122436
-0,3338439
-0,01486694
0,09853999
-0,3162153
-0,02255252
0,09546388
-0,3855657
-0,02255252
0,09546388
-0,3855657
-0,05631787
0,01086985
-0,2093594
-0,06184436
0,01828267
-0,2116423
-0,06184436
0,01828267
-0,2116423
-0,07034864
0,009554945
-0,2464158
-0,06877201
0,007083546
-0,2190814
-0,06877201
0,007083546
-0,2190814
-0,0704101
0,01449534
-0,2091838
-0,07065272
0,01091067
-0,2098431
-0,03594704
0,01988005
-0,1040277
-0,03594704
0,01988005
-0,1040277
-0,01003756
0,04158994
-0,1831591
-0,09202572
-0,01898725
-0,2560475
-0,09202572
-0,01898725
-0,2560475
-0,04930991
0,008825026
-0,02017531
-0,02818325
0,01732505
-0,0280026
-0,02818325
0,01732505
-0,0280026
-0,02715414
0,007562316
-0,05426237
-0,02248921
0,00308641
-0,06213863
-0,006147277
0,006380673
-0,2095482
-0,006147277
0,006380673
-0,2095482
-0,01708267
-0,01622504
-0,1739998
-0,01831671
-0,02459473
-0,1634548
-0,01831671
-0,02459473
-0,1634548
-0,1149848
-0,1068141
-0,2693946
-0,07623847
-0,05269406
-0,2632124
-0,07623847
-0,05269406
-0,2632124
-0,081038
-0,04565385
-0,1295478
0,04939834
-0,00219044
-0,3485166
0,04939834
-0,00219044
-0,3485166
0,08587785
-0,005062511
-0,6515234
0,0770083
-0,01057067
-0,6039374
0,09668901
-0,01569308
-0,7772569
0,09668901
-0,01569308
-0,7772569
0,1221926
-0,05223503
-1,031694
0,0980275
-0,04401511
-0,8387257
0,0980275
-0,04401511
-0,8387257
0,1569495
-0,1128554
-1,449068
0,1004464
-0,06069182
-1,003306
0,1004464
-0,06069182
-1,003306
0,1114914
-0,06134404
-1,310431
0,04965222
-0,02151853
-0,6476406
0,03013314
-0,02678121
-0,4806506
0,03013314
-0,02678121
-0,4806506
0,009587936
-0,1265167
-0,4194088
0,006787379
-0,0537196
-0,3640394
0,006787379
-0,0537196
-0,3640394
0,001641584
-0,1289644
-0,5879353
-0,006311642
-0,08288381
-0,2034174
-0,006311642
-0,08288381
-0,2034174
-0,01046314
-0,1153938
-0,5304482
-0,002308008
0,02464117
-0,3126201
-0,005868122
0,01108454
-0,2319902
-0,005868122
0,01108454
-0,2319902
-0,01512398
-0,007538997
-0,5086936
-0,0118276
-0,02713446
-0,2931774
-0,0118276
-0,02713446
-0,2931774
-0,01949955
-0,01739379
-0,4010138
-0,01414492
0,0125669
-0,2782355
-0,01414492
0,0125669
-0,2782355
-0,0199559
0,0137691
-0,2565987
-0,01257272
0,03058853
-0,1291689
-0,01257272
0,03058853
-0,1291689
-0,02158425
0,04822165
-0,2555043
-0,01518352
0,04244936
-0,1899432
-0,01341387
-0,009155027
-0,1212762
-0,01341387
-0,009155027
-0,1212762
-0,02332444
0,02455374
-0,2608352
-0,01944948
0,01697364
-0,225217
-0,01944948
0,01697364
-0,225217
-0,0249
-0,01826195
-0,2555363
-0,01746144
-0,008205353
-0,1922048
-0,01746144
-0,008205353
-0,1922048
-0,02186251
0,01673236
-0,3241726
-0,01809318
-0,006139154
-0,2583841
-0,01809318
-0,006139154
-0,2583841
-0,01650393
-0,02326645
-0,2379565
-0,0126405
-0,02180229
-0,2014521
-0,009558264
-0,00558774
-0,1958048
-0,009558264
-0,00558774
-0,1958048
-0,006978766
-0,02437744
-0,1898831
-0,006081864
-0,03849412
-0,1917276
-0,006081864
-0,03849412
-0,1917276
-0,001167258
-0,01243934
-0,2573074
0,0009784389
-0,03142534
-0,2429013
0,0009784389
-0,03142534
-0,2429013
0,004969276
-0,04061655
-0,2327023
0,004189774
-0,0577777
-0,2289626
0,001793657
-0,05814897
-0,1665842
0,001793657
-0,05814897
-0,1665842
0,004256107
-0,04429037
-0,1578397
0,004853477
-0,03712951
-0,1545505
0,004853477
-0,03712951
-0,1545505
0,005291724
-0,05122321
-0,1475475
0,004747523
-0,05864754
-0,1505474
0,004747523
-0,05864754
-0,1505474
0,005306312
-0,05936491
-0,2108422
0,005099843
-0,06259198
-0,1996178
0,004179064
-0,07197537
-0,1875732
0,004179064
-0,07197537
-0,1875732
0,003216377
-0,05926318
-0,1236164
0,003414203
-0,0588063
-0,1302797
0,003414203
-0,0588063
-0,1302797
0,007279799
-0,06195268
-0,1845452
0,00822578
-0,06481844
-0,1785827
0,00822578
-0,06481844
-0,1785827
0,01388336
-0,077731
-0,230847
-0,032059
0,02416918
-0,1348761
-0,032059
0,02416918
-0,1348761
-0,02505086
0,02020384
-0,1535401
-0,05153027
0,02345349
-0,1219569
-0,03813559
0,02660204
-0,09959267
-0,03813559
0,02660204
-0,09959267
-0,03840876
0,02348809
-0,1775272
-0,03575917
0,02521795
-0,1111661
-0,03575917
0,02521795
-0,1111661
-0,01660961
-0,01648522
-0,1656533
-0,0228577
0,01013634
-0,1608037
-0,0228577
0,01013634
-0,1608037
-0,05034965
0,01696073
-0,200877
-0,04315555
-0,00853464
-0,1480019
-0,04001389
-0,003715232
-0,1038553
-0,04001389
-0,003715232
-0,1038553
0,01557358
-0,02400355
-0,04551652
-0,01114659
0,01147665
-0,04551998
-0,01114659
0,01147665
-0,04551998
-0,01145641
0,005215824
-0,06115296
-0,04825482
0,01055014
-0,126859
-0,04825482
0,01055014
-0,126859
-0,01579473
0,002755702
-0,09246227
-0,002831392
-0,001174107
-0,07475832
-0,002831392
-0,001174107
-0,07475832
-0,003772892
0,004847914
-0,07851678
0,003592063
0,001370072
-0,07003736
0,01794322
-0,01277614
-0,07457083
0,01794322
-0,01277614
-0,07457083
-0,008963754
0,004126221
-0,07992494
0,01339146
-0,007015526
-0,07381594
0,01339146
-0,007015526
-0,07381594
-0,001030765
-0,02236868
-0,1036986
-0,04177522
-0,02495612
-0,1062086
-0,04177522
-0,02495612
-0,1062086
0,03307087
-0,03820361
-0,132899
-0,03209782
-0,01234335
-0,08117306
0,002613116
-0,004541785
-0,09270227
0,002613116
-0,004541785
-0,09270227
0,008798914
0,01899924
0,1379847
0,004699662
0,002631098
0,06952608
0,004699662
0,002631098
0,06952608
-0,0003799349
-0,001860708
0,02683723
-2,57045E-06
-0,001055531
0,006311059
-2,57045E-06
-0,001055531
0,006311059
-0,001305327
-0,002674058
-0,01582062
-0,0006643534
-0,002822913
-0,01601022
-0,0006643534
-0,002822913
-0,01601022
-0,001835603
-0,004304647
-0,03088886
-0,002056085
-0,005018897
-0,03385955
-0,00202933
-0,005765632
-0,03573674
-0,00202933
-0,005765632
-0,03573674
-0,003423706
-0,007846206
-0,05392969
-0,002293214
-0,007161587
-0,03800607
-0,002293214
-0,007161587
-0,03800607
-0,002681166
-0,009495154
-0,0341
-0,002493709
-0,00880225
-0,02845931
-0,002493709
-0,00880225
-0,02845931
-0,003361642
-0,01280661
-0,04845244
0,006483376
-0,004788354
-0,05788577
0,005854726
-0,02270697
-0,0465408
0,005854726
-0,02270697
-0,0465408
-0,02588159
-0,04812251
-0,3037285
-0,03909145
-0,05634759
-0,2830582
-0,03909145
-0,05634759
-0,2830582
-0,2392128
-0,223849
-1,380954
-0,2332744
-0,2201851
-1,317117
-0,2332744
-0,2201851
-1,317117
-0,3737687
-0,3498986
-2,010664
-0,3545954
-0,3020196
-1,860792
-0,3545954
-0,3020196
-1,860792
-1,153059
-1,009286
-5,696564
closestDistance
0,2387116
0,2345492
0,2339033
0,2309814
0,2294122
0,228512
0,228512
0,2248375
0,2211737
0,2211737
0,2168256
0,2141409
0,2141409
0,208455
0,2045312
0,2091167
0,2091167
0,2057752
0,2036702
0,1986338
0,1945621
0,1867458
0,1867458
0,1845732
0,1912084
0,1888522
0,1837798
0,181061
0,1805998
0,1805998
0,1803138
0,1795556
0,1795556
0,1793119
0,1797804
0,1797804
0,1825595
0,1802363
0,1807692
0,1858809
0,1867229
0,187354
0,1821161
0,1826211
0,1828606
0,1793896
0,1780173
0,1750463
0,1743641
0,1766498
0,1767271
0,1764478
0,1764478
0,1756257
0,1749029
0,1749029
0,1736631
0,1673815
0,1673815
0,1655218
0,1744876
0,1586558
0,1654906
0,1628495
0,1638326
0,1638326
0,1602229
0,1542837
0,1542837
0,1511859
0,1489529
0,1444261
0,1516481
0,1490743
0,1470774
0,1470774
0,1454111
0,1417516
0,1417516
0,140005
0,1393436
0,1393436
0,1386489
0,1446075
0,1443202
0,1443202
0,1433875
0,1365476
0,1360365
0,1360544
0,1364095
0,1347929
0,135064
0,1357202
0,1337689
0,135817
0,13664
0,1374502
0,1374502
0,138276
0,13893
0,140041
0,1374738
0,1352927
0,1352927
0,1332914
0,1313085
0,1292916
0,1292916
0,1277461
0,1203719
0,1203719
0,1188645
0,1176791
0,1176791
0,1169602
0,1200867
0,1195259
0,1235099
0,1229442
0,1225233
0,1225233
0,1222943
0,1269093
0,1269093
0,1265222
0,1263729
0,1263961
0,1263961
0,1260548
0,1283704
0,1283704
0,1278506
0,1276272
0,1276272
0,1274208
0,1199436
0,1105536
0,1107689
0,1205262
0,1177387
0,1177387
0,1182916
0,1190465
0,1060007
0,1067701
0,1077014
0,1077014
0,1083786
0,1091519
0,1101476
0,1055801
0,1062823
0,1069901
0,1069901
0,107893
0,1088562
0,1088562
0,1099345
0,1111313
0,10658
0,107531
0,1085436
0,109664
0,109664
0,1108768
0,1119321
0,1119321
0,1142007
0,1172602
0,1120169
0,1140897
0,1106743
0,109569
0,109569
0,1111021
0,1204132
0,1204132
0,123653
0,1272113
0,1307684
0,1369781
0,1412615
0,1452518
0,1537773
0,1602999
0,1674038
0,1674038
0,1733977
0,1960535
0,1960535
0,2000416
0,2023981
0,1997638
0,2028579
0,2054544
0,2069268
0,2069268
0,2072096
0,2069058
0,2069058
0,2066433
0,202871
0,202871
0,2057559
0,2115652
0,2115652
0,2126394
0,2134733
0,2156445
0,2156445
0,2175369
0,2189919
0,2189919
0,2204124
0,2067214
0,2067214
0,2052501
0,2060778
0,2083707
0,2083707
0,2136381
0,2128262
0,2128262
0,2074896
0,2039539
0,2039539
0,203436
0,2035392
0,2034888
0,2034888
0,2052067
0,2071312
0,2071312
0,212578
0,2157709
0,2136509
0,2105872
0,2068332
0,2009972
0,1985277
0,1980679
0,1973257
0,1973257
0,1949365
0,1919166
0,1851016
0,182655
0,1796855
0,1872525
0,1824027
0,1729793
0,1707888
0,1707888
0,1694515
0,1674062
0,1674062
0,1649318
0,1595098
0,1580767
0,1574228
0,1575774
0,1514591
0,1496987
0,1503918
0,1452868
0,14554
0,1462172
0,143719
0,1512334
0,1499194
0,1490654
0,1484846
0,1539856
0,1506111
0,1506111
0,1551116
0,1525004
0,1482729
0,1521573
0,1564337
0,1627388
0,1657063
0,1657263
0,1657263
0,1682766
0,1697698
0,1746054
0,1753495
0,1707267
0,1701824
0,1681202
0,1669417
0,1669417
0,1677129
0,1711418
0,1708723
0,1829858
0,1850565
0,1884499
0,1870847
0,1891811
0,1946322
0,1965407
0,1965407
0,1966309
0,1949106
0,1949106
0,1954154
0,1846399
0,1863169
0,1888577
0,1906106
0,1906106
0,1919073
0,1937083
0,1950969
0,1950969
0,1970447
0,1986711
0,1986711
0,2012121
0,2042129
0,2042129
0,2102907
0,2135544
0,2166397
0,2166397
0,2202085
0,2188345
0,2188345
0,2251494
0,2286787
0,2286787
0,2246576
0,2153777
0,2153777
0,2092604
0,2050517
0,1964536
0,1964536
0,1875185
0,1905158
0,1905158
0,1850247
0,17987
0,17987
0,1757746
0,1718524
0,1693186
0,1693186
0,1669976
0,164747
0,167246
0,1655891
0,1648092
0,1648092
0,1637052
0,162252
0,162252
0,1601164
0,1586533
0,1576023
0,1576023
0,1566806
0,1537036
0,1537036
0,1515428
0,1493743
0,1465145
0,1445563
0,1426127
0,1401504
0,1401504
0,1379506
0,1361928
0,1361928
0,1338571
0,138488
0,138488
0,1353699
0,1325102
0,1345164
0,1345164
0,1307223
0,1269959
0,1269959
0,1231205
0,1193368
0,1193368
0,1144481
0,1099513
0,1166733
0,1111849
0,1057574
0,1274136
0,1274136
0,1262869
0,1252649
0,1252649
0,1243839
0,1235187
0,1094653
0,1086656
0,1078554
0,1070186
0,1143247
0,113562
0,112866
0,112866
0,1122688
0,1117424
0,1059493
0,1051756
0,1050894
0,1050894
0,1050682
0,1047441
0,1047025
0,1047025
0,1046595
0,1046686
0,1046686
0,1046706
0,10466
0,10466
0,1042015
0,1041457
0,1041673
0,1041673
0,1041565
0,1041399
0,1041399
0,1040811
0,1042143
0,1042143
0,1041343
0,1041048
0,1041048
0,1040489
0,1040932
0,1042334
0,1042334
0,1040751
0,104003
0,104003
0,1039403
0,1039518
0,1039518
0,1039739
0,1080408
0,1026971
0,103009
0,1078542
0,1135508
0,1166384
0,1210455
0,1365585
0,1282254
0,138184
0,140141
0,1329534
0,1400221
0,148487
0,1559866
0,1559866
0,1695393
0,1801557
0,1801557
0,2014212
0,2147945
0,2147945
0,2274503
0,2374457
0,2429706
0,2404956
0,2586863
0,2415883
0,2462447
0,229879
0,2115
0,2115
0,2064077
0,2092555
0,2250408
0,2211374
0,2227825
0,2214856
0,2206477
0,2121562
0,1921867
0,1921867
0,1848964
0,1804006
0,1804006
0,1743351
0,1686912
0,1614854
0,1707925
0,1627095
0,1538761
0,1502736
0,1484409
0,1468306
0,1468306
0,1425618
0,1465824
0,1366467
0,1366467
0,1347288
0,1421703
0,1491545
0,1403062
0,156429
0,158239
0,1491258
0,1519433
0,1537
0,1546064
0,1425288
0,1435756
0,1446912
0,1446912
0,1435191
0,1505069
0,1482138
0,1460446
0,1435393
0,1435393
0,1392428
0,1320244
0,1293126
0,1290655
0,1375083
0,1365515
0,1285004
0,1212754
0,1201963
0,1198145
0,1172617
0,1251047
0,1244238
0,1161998
0,1277208
0,1258969
0,1253982
0,1322662
0,1313336
0,1382012
0,1433813
0,1450208
0,1613925
0,174667
0,1589715
0,174829
0,1840109
0,1844677
0,2053046
0,2158683
0,223983
0,2121302
0,233289
0,2376997
0,2140199
0,1934865
0,1888768
0,2010828
0,194263
0,1884236
0,1884236
0,1769148
0,1705362
0,1715486
0,1715486
0,1754537
0,179346
0,1772507
0,1778162
0,1778913
0,1778913
0,1766838
0,1763106
0,1757189
0,1757189
0,1748234
0,1773293
0,1750523
0,1738867
0,1745799
0,1745799
0,1748911
0,187794
0,1898006
0,1905483
0,193107
0,1997776
0,1997776
0,1938155
0,1921674
0,1921674
0,1913604
0,1882544
0,1882544
0,1813056
0,1719051
0,16556
0,16556
0,1589578
0,150956
0,1594308
0,1647828
0,1627141
0,155099
0,1582148
0,161241
0,1581978
0,1583507
0,1633339
0,1645622
0,1645622
0,168531
0,1683012
0,169965
0,1701256
0,1718597
0,1753317
0,1796747
0,1955097
0,2031453
0,2064566
0,2119977
0,222742
0,2288203
0,2362446
0,248391
0,2400381
0,2467526
0,2032258
0,1981747
0,1957525
0,1798959
0,1756692
0,1756692
0,1718396
0,175413
0,1606768
0,1676909
0,1736275
0,1712163
0,1832584
0,1894711
0,2017658
0,2017658
0,2076422
0,2110888
0,2204135
0,2229718
0,2169596
0,2220098
0,2126562
0,2175689
0,2175851
0,2058316
0,1949984
0,1937745
0,1937745
0,1882395
0,1934845
0,1840773
0,1823457
0,1823457
0,1807837
0,1844553
0,1803069
0,1771971
0,1771859
0,1732773
0,1731488
0,17458
0,17218
0,1705904
0,1705904
0,1689727
0,168652
0,1724913
0,1645308
0,1626088
0,1621576
0,1621576
0,1605297
0,1646204
0,1646204
0,1682962
0,1722823
0,1722823
0,1740563
0,1734457
0,1617646
0,1617646
0,1719074
0,1764546
0,1808986
0,1895219
0,191863
0,1852709
0,1950291
0,1750925
0,1777357
0,1746872
0,1796164
0,1674996
0,1641415
0,1702427
0,1665311
0,1722726
0,1750691
0,1745151
0,1738806
0,1589182
0,1614881
0,1642861
0,1642861
0,1637585
0,161545
0,1597996
0,1615774
0,1561042
0,1561042
0,1582125
0,156354
0,1546762
0,15949
0,1605192
0,1617671
0,1618737
0,1614645
0,1606532
0,1606532
0,1572948
0,1536308
0,1544197
0,1492842
0,1450822
0,1422942
0,1500286
0,1479524
0,1495886
0,1474755
0,1535455
0,1616226
0,1661104
0,1608411
0,1623862
0,1535209
0,1522394
0,1460379
0,1544394
0,1528007
0,147487
0,1515014
0,1569442
0,1466524
0,1389192
0,137367
0,137367
0,1339047
0,131765
0,1352252
0,1353725
0,1358633
0,1358633
0,1356844
0,1370172
0,1430462
0,1430462
0,1475887
0,1510907
0,1388212
0,144577
0,1556204
0,1517578
0,1611938
0,1717798
0,1730095
0,1807251
0,1804363
0,1844192
0,1828079
0,189888
0,1866955
0,1840219
0,1883796
0,1891256
0,1860631
0,191208
0,1751917
0,1751365
0,1679085
0,1698721
0,1711453
0,1680084
0,1681765
0,1611447
0,1605023
0,1588582
0,1545662
0,1545662
0,1526603
0,151939
0,1513806
0,1489432
0,148545
0,1489899
0,1334017
0,1324573
0,1313798
0,1313798
0,1316614
0,1405504
0,1373582
0,1373582
0,1377218
0,1329165
0,1329165
0,1339703
0,1345893
0,1419219
0,1421749
0,1371192
0,1371192
0,1380828
0,1381024
0,137754
0,137754
0,1380947
0,1448273
0,1448273
0,1461676
0,1395748
0,1395748
0,1384863
0,1443266
0,1440457
0,1440457
0,1439783
0,1428948
0,1428948
0,1405039
0,1388329
0,1430585
0,1408891
0,1550987
0,154291
0,154291
0,1504086
0,1483672
0,1483672
0,1448231
0,1409851
0,144453
0,139984
0,1378749
0,1357515
0,133206
0,1365849
0,1254418
0,1229355
0,1245448
0,1268586
0,1204937
0,1237067
0,1278336
0,1214791
0,1252227
0,1324612
0,1402224
0,1295454
0,1366609
0,1532215
0,1455534
0,1554113
0,1636561
0,1637149
0,1770852
0,1961923
0,1940851
0,2114466
0,2128096
0,2224024
0,2145877
0,1972076
0,1984699
0,1984699
0,1949628
0,195841
0,1973716
0,1897262
0,1692986
0,1683506
0,1683506
0,1676266
0,1674857
0,1674857
0,1689254
0,1717418
0,1717418
0,1724788
0,170405
0,170405
0,1698254
0,167861
0,1643085
0,1671185
0,1617042
0,1575337
0,1575337
0,1533441
0,149551
0,1440016
0,1397762
0,143508
0,1405711
0,1373217
0,1344375
0,1317272
0,1255764
0,1237035
0,122078
0,122078
0,1201044
0,118555
0,118555
0,117757
0,117044
0,1096871
0,1096871
0,1093975
0,1092178
0,1156603
0,1152612
0,108271
0,108271
0,1077635
0,1072886
0,1131544
0,1171538
0,1162645
0,1156641
0,1108934
0,1097825
0,108788
0,1190605
0,1170054
0,1209262
0,1209262
0,118938
0,1102044
0,1089281
0,10157
0,1023282
0,10328
0,10328
0,1048144
0,1064713
0,113355
0,1149366
0,1100153
0,1108409
0,1175851
0,1182425
0,1211494
0,1144217
0,1153239
0,1156958
0,1156958
0,116333
0,1141465
0,1088058
0,1017553
0,1033653
0,1051214
0,1051214
0,1101136
0,1101556
0,1069346
0,1095186
0,1111751
0,1160492
0,1185325
0,1278506
0,1318259
0,1267625
0,1340019
0,1418867
0,1567949
0,1784949
0,1944266
0,1935866
0,2141097
0,2118177
0,2250517
0,219953
0,2257615
0,2315056
0,2315056
0,2405873
0,2434515
0,2391739
0,2288249
0,2235372
0,2195992
0,2195992
0,2107781
0,2055487
0,2055487
0,1986631
0,1941868
0,1941868
0,1901657
0,1884206
0,1884206
0,1848852
0,1823772
0,1804194
0,1804194
0,1767204
0,1771154
0,1771154
0,1731833
0,1703342
0,1640544
0,1595202
0,1557588
0,1535305
0,1498323
0,146717
0,1510447
0,1510447
0,1480093
0,1447907
0,1382231
0,1343059
0,1304138
0,1304138
0,126588
0,1297789
0,1268027
0,1268027
0,1241588
0,1216913
0,1209556
0,1182073
0,1153376
0,1153376
0,1116805
0,1148304
0,1112626
0,1090287
0,1064823
0,117779
0,117779
0,114369
0,1110243
0,1178499
0,1134966
0,1121935
0,1121935
0,1104072
0,1094168
0,1090177
0,1090177
0,1074659
0,1151765
0,1151765
0,1132107
0,1192569
0,1192569
0,1185894
0,1178011
0,1030741
0,1030741
0,1030725
0,1031589
0,1031589
0,1030211
0,1026834
0,1026834
0,1026297
0,1026679
0,1026679
0,1028943
0,1031973
0,1033503
0,1033503
0,103609
0,1040455
0,1040455
0,1039411
0,1038053
0,1038053
0,1045932
0,1046278
0,1115038
0,1115038
0,1108842
0,110616
0,110616
0,1105531
0,1105995
0,1105995
0,1107209
0,1108241
0,1108241
0,1110159
0,1112264
0,1114415
0,1114415
0,1117761
0,1120103
0,1120103
0,1122008
0,1123825
0,1123825
0,1126229
0,112868
0,1102475
0,1102475
0,113218
0,1145952
0,1145952
0,1231471
0,1114452
0,1137373
0,1255771
0,1555789
0,1489591
0,252554
timeStamps
6,451864
6,466082
6,479654
6,493608
6,507539
6,521696
6,535482
6,549444
6,563218
6,577494
6,591331
6,605337
6,618841
6,632845
6,646712
6,660728
6,674658
6,688642
6,702657
6,716664
6,731041
6,744339
6,758521
6,772171
6,78608
6,800078
6,814185
6,827697
6,841621
6,855725
6,869559
6,88343
6,897395
6,911729
6,925216
6,939403
6,953102
6,966979
6,980882
6,994833
7,008877
7,022798
7,036769
7,05116
7,064642
7,078366
7,092231
7,106249
7,120222
7,134261
7,148254
7,162088
7,176013
7,189822
7,2039
7,217581
7,23143
7,245428
7,259292
7,27335
7,28764
7,301204
7,315135
7,329059
7,342956
7,357136
7,370967
7,384708
7,398672
7,412562
7,426769
7,440655
7,454518
7,468493
7,482266
7,496303
7,510036
7,524319
7,537796
7,55167
7,566077
7,579908
7,593384
7,607898
7,621649
7,635395
7,649054
7,663279
7,676946
7,69105
7,705008
7,718795
7,73276
7,746897
7,760643
7,774862
7,788692
7,802468
7,816288
7,830218
7,844126
7,85802
7,872088
7,885952
7,899747
7,91373
7,927947
7,941698
7,955936
7,969509
7,983676
7,997415
8,011273
8,02534
8,039226
8,053211
8,067677
8,081016
8,094783
8,10867
8,122645
8,136703
8,150536
8,16443
8,178508
8,192633
8,206045
8,220014
8,233997
8,247969
8,261756
8,275755
8,289725
8,303728
8,317556
8,331412
8,345534
8,359702
8,373156
8,387256
8,401235
8,415154
8,42904
8,442921
8,456868
8,47088
8,484988
8,498491
8,512418
8,526423
8,540484
8,554361
8,568199
8,582414
8,595962
8,610082
8,624175
8,637764
8,651697
8,665581
8,679544
8,693548
8,707523
8,72148
8,73533
8,749628
8,763209
8,77716
8,790986
8,805372
8,819271
8,833139
8,847211
8,86118
8,87472
8,888832
8,902444
8,916509
8,930124
8,944717
8,957956
8,971699
8,985871
8,99997
9,01388
9,028121
9,041748
9,055377
9,069441
9,083512
9,097296
9,110921
9,124939
9,138933
9,152781
9,167009
9,180828
9,1951
9,208992
9,222763
9,236509
9,250509
9,26428
9,278164
9,292004
9,306162
9,319724
9,333787
9,348065
9,362108
9,375922
9,389887
9,403794
9,41783
9,431581
9,445721
9,459613
9,473333
9,486761
9,500963
9,514586
9,529379
9,542717
9,556712
9,570536
9,584668
9,598503
9,612655
9,626282
9,640454
9,654082
9,667843
9,681849
9,695846
9,709766
9,723956
9,73803
9,751513
9,765727
9,779911
9,793568
9,808621
9,821551
9,835436
9,8499
9,863884
9,87768
9,89141
9,90534
9,919632
9,933067
9,947026
9,960628
9,974385
9,988378
10,00224
10,01636
10,03108
10,05643
10,07113
10,08588
10,10021
10,11405
10,12809
10,15448
10,1695
10,18403
10,19876
10,22422
10,24011
10,26571
10,2805
10,29515
10,30874
10,32296
10,3372
10,35106
10,36491
10,39127
10,40602
10,4203
10,43447
10,44849
10,46267
10,47649
10,49004
10,50433
10,51773
10,53078
10,54415
10,55865
10,57179
10,58558
10,59962
10,61389
10,62781
10,64182
10,6559
10,67
10,68397
10,69822
10,71194
10,72611
10,7401
10,75379
10,76786
10,7819
10,79585
10,8094
10,82384
10,83736
10,85134
10,8653
10,87948
10,89308
10,90727
10,92102
10,93491
10,94886
10,96278
10,97681
10,99115
11,00522
11,01875
11,03233
11,04627
11,06027
11,07411
11,0881
11,10215
11,11641
11,12981
11,14403
11,15778
11,17195
11,18553
11,19941
11,21379
11,22736
11,24127
11,25509
11,26906
11,28309
11,29734
11,31082
11,32496
11,33871
11,35287
11,36666
11,38059
11,39465
11,40884
11,42246
11,43619
11,45032
11,46403
11,47828
11,49161
11,50582
11,51987
11,5339
11,54757
11,56136
11,57527
11,58926
11,60316
11,61715
11,63111
11,6449
11,65882
11,67281
11,68669
11,70098
11,71462
11,72858
11,74302
11,75635
11,77038
11,78415
11,79826
11,8119
11,82601
11,84019
11,85378
11,8677
11,88159
11,89553
11,90951
11,92353
11,93765
11,95168
11,96527
11,97912
11,993
12,00702
12,0209
12,03503
12,04893
12,06269
12,07668
12,09064
12,10439
12,11867
12,13215
12,14614
12,16036
12,17403
12,18792
12,20178
12,21584
12,22975
12,24361
12,25761
12,27147
12,28569
12,29934
12,31323
12,3275
12,34107
12,35503
12,36922
12,38296
12,39694
12,41069
12,42484
12,43843
12,45233
12,46626
12,48067
12,4941
12,50818
12,52221
12,53621
12,55007
12,56385
12,57815
12,59163
12,60561
12,61958
12,63342
12,64737
12,66133
12,67559
12,68917
12,70323
12,717
12,73123
12,74481
12,75875
12,77263
12,78665
12,80072
12,81433
12,82877
12,84269
12,85655
12,87042
12,88425
12,89824
12,91234
12,92642
12,93986
12,95415
12,96756
12,98154
12,99603
13,00949
13,02324
13,03723
13,05108
13,06498
13,07897
13,09309
13,10674
13,12064
13,1347
13,14847
13,16243
13,17642
13,19041
13,20447
13,21828
13,23215
13,24618
13,26023
13,27398
13,28811
13,30212
13,31597
13,32982
13,34341
13,35731
13,37138
13,38521
13,39909
13,41313
13,42684
13,44069
13,45509
13,46858
13,48256
13,49651
13,51069
13,52424
13,53823
13,55229
13,56658
13,58102
13,59578
13,60994
13,63586
13,65131
13,66494
13,6794
13,70442
13,71845
13,73271
13,74673
13,76059
13,77427
13,78831
13,80275
13,81803
13,83209
13,8465
13,87163
13,88608
13,90123
13,91532
13,92978
13,95484
13,96939
13,98324
13,99705
14,01157
14,02548
14,03931
14,05313
14,06768
14,08279
14,09677
14,10997
14,12278
14,13615
14,15025
14,16422
14,17824
14,19221
14,20628
14,22034
14,23422
14,24845
14,26209
14,27609
14,29015
14,30402
14,31807
14,33196
14,34606
14,3601
14,37429
14,38785
14,40151
14,41575
14,42967
14,44353
14,45776
14,47118
14,48523
14,49885
14,51308
14,527
14,54095
14,55449
14,56875
14,58266
14,59641
14,61059
14,62418
14,63803
14,65218
14,66637
14,6801
14,69382
14,70784
14,72158
14,73555
14,74953
14,76359
14,77754
14,7915
14,80538
14,8193
14,83328
14,84825
14,86139
14,87564
14,88906
14,90301
14,91685
14,93081
14,94492
14,95856
14,97236
14,98618
15,00028
15,01396
15,02807
15,04195
15,05583
15,07032
15,08433
15,09782
15,11147
15,12563
15,1393
15,15338
15,16698
15,18097
15,19488
15,20927
15,22304
15,23698
15,2508
15,26454
15,27852
15,29266
15,30642
15,32022
15,33441
15,34811
15,36214
15,37622
15,39019
15,40398
15,41789
15,43194
15,44598
15,46024
15,47344
15,48725
15,5018
15,51509
15,5293
15,5434
15,55807
15,5718
15,58671
15,61283
15,64083
15,66849
15,68281
15,69805
15,72418
15,75197
15,76777
15,79354
15,82113
15,83561
15,85013
15,87681
15,89272
15,91845
15,93361
15,96018
15,97473
15,98938
16,00331
16,01749
16,04359
16,058
16,07278
16,08729
16,1131
16,12775
16,14235
16,15689
16,17056
16,18464
16,21064
16,22495
16,23989
16,25405
16,26772
16,28133
16,29471
16,30824
16,32178
16,3359
16,35009
16,36398
16,37798
16,39192
16,40587
16,41995
16,43427
16,44779
16,46171
16,47621
16,48969
16,50368
16,51755
16,53177
16,54546
16,5599
16,5732
16,58721
16,60153
16,61526
16,62903
16,64294
16,65675
16,67079
16,68464
16,69881
16,7124
16,72641
16,74054
16,75447
16,7687
16,78218
16,79616
16,81003
16,82385
16,83787
16,85173
16,86576
16,87959
16,89361
16,9077
16,92179
16,93531
16,94931
16,96312
16,9774
16,99095
17,00494
17,01875
17,03286
17,04685
17,06061
17,07467
17,0885
17,10249
17,11624
17,13014
17,14416
17,15814
17,17204
17,18623
17,1999
17,21387
17,2276
17,2416
17,25545
17,26951
17,28334
17,29732
17,31109
17,32511
17,33972
17,35299
17,36698
17,38095
17,39517
17,40881
17,42252
17,43648
17,45064
17,46448
17,47822
17,49243
17,50605
17,52005
17,53396
17,54786
17,56207
17,57565
17,5897
17,6043
17,61761
17,63142
17,64534
17,65929
17,67307
17,68701
17,70092
17,71502
17,72885
17,7428
17,75685
17,77103
17,78474
17,79906
17,81261
17,82656
17,84031
17,85432
17,86825
17,88211
17,89622
17,91047
17,92432
17,93771
17,95203
17,96538
17,97935
17,99325
18,00724
18,02145
18,03517
18,04919
18,06297
18,07699
18,09079
18,10478
18,11866
18,1328
18,14646
18,1607
18,17433
18,18828
18,20232
18,21678
18,23054
18,24396
18,25787
18,27223
18,28587
18,29957
18,31347
18,32744
18,34183
18,35528
18,36943
18,38311
18,39701
18,41123
18,42495
18,43923
18,45298
18,46677
18,48096
18,49476
18,50868
18,52251
18,53651
18,55039
18,56429
18,57873
18,59201
18,60604
18,62018
18,63402
18,64814
18,66147
18,6755
18,68931
18,70332
18,71757
18,73114
18,74506
18,759
18,77319
18,78693
18,80099
18,81493
18,82937
18,84366
18,85765
18,87183
18,88528
18,89904
18,91315
18,9262
18,94063
18,95415
18,9679
18,98148
18,99578
19,0098
19,02328
19,03736
19,05139
19,06553
19,07927
19,09309
19,10766
19,12094
19,13516
19,14936
19,16273
19,17673
19,19065
19,20444
19,2187
19,23258
19,24655
19,2606
19,27479
19,2884
19,30232
19,3164
19,33015
19,34355
19,35769
19,3716
19,38555
19,39943
19,41375
19,42764
19,44184
19,45576
19,46937
19,48351
19,49717
19,51106
19,52465
19,53873
19,55258
19,56662
19,58057
19,59465
19,60856
19,62236
19,63627
19,65023
19,66421
19,67825
19,6922
19,70587
19,7196
19,73374
19,74753
19,76133
19,7756
19,78946
19,80354
19,81758
19,83128
19,84519
19,85919
19,87313
19,88696
19,90127
19,91447
19,92843
19,9423
19,95643
19,97053
19,98446
19,99821
20,01221
20,02612
20,03995
20,05416
20,06796
20,08149
20,09557
20,10977
20,1234
20,13755
20,15166
20,16565
20,17948
20,19335
20,20735
20,22113
20,23506
20,24919
20,26265
20,27661
20,29049
20,30455
20,31861
20,33251
20,34634
20,36039
20,37412
20,38827
20,40215
20,41605
20,4299
20,44388
20,45747
20,47144
20,48546
20,49976
20,51384
20,52787
20,54135
20,5555
20,56933
20,58303
20,5969
20,61063
20,62434
20,63865
20,65224
20,66652
20,68073
20,6945
20,70844
20,72232
20,73663
20,74996
20,76389
20,77778
20,79155
20,80552
20,82012
20,83424
20,8476
20,86163
20,87565
20,88938
20,90326
20,91725
20,93116
20,94529
20,95851
20,97254
20,98698
21,00049
21,01445
21,02872
21,04232
21,05632
21,07012
21,08405
21,09809
21,11234
21,12599
21,13982
21,15447
21,16764
21,18175
21,19629
21,20971
21,22339
21,23767
21,25121
21,26505
21,27925
21,29289
21,3066
21,32064
21,33445
21,34856
21,36273
21,37652
21,39056
21,40444
21,4185
21,43239
21,44626
21,46034
21,47386
21,48778
21,50169
21,51553
21,52948
21,54347
21,55765
21,57172
21,58546
21,59934
21,6132
21,62716
21,64102
21,65507
21,6689
21,68245
21,6968
21,71052
21,72439
21,73855
21,75245
21,76665
21,78086
21,79424
21,80842
21,8221
21,8361
21,85001
21,86383
21,87732
21,89153
21,90528
21,91917
21,93351
21,94728
21,96123
21,97508
21,98934
22,00294
22,01677
22,03086
22,04445
22,05833
22,07226
22,08618
22,1003
22,11447
22,12844
22,1426
22,15622
22,17048
22,18413
22,19851
22,21213
22,22548
22,23968
22,25335
22,26719
22,28122
22,29542
22,30922
22,32319
22,33713
22,35121
22,36487
22,37886
22,39285
22,40643
22,42032
22,43439
22,44838
22,46222
22,47625
22,49025
22,50446
22,51852
22,53191
22,54589
22,55983
22,57376
