participantNumber
17
repetitionNum
2
sdfEnabled
1
taskTime
21,98319
numHits
7
positionDifference
0,122988
angleDifference
46,31572
finalPosX
-0,04732508
finalPosY
-0,02108414
finalPosZ
-0,7246994
finalRotX
359,1341
finalRotY
44,6671
finalRotZ
12,193
taskType
torus
velocityMagnitude
0,9451851
0,9451851
2,054896
0,7485721
0,3968676
0,3968676
0,3632758
0,4351089
0,4351089
0,9583303
0,4066946
0,4066946
0,8638523
0,7665258
0,7767664
0,7767664
2,046887
1,05034
1,05034
1,151383
0,6983747
0,6983747
0,7316245
0,5943825
0,8551347
0,8551347
0,7974417
0,5865673
0,5865673
1,187678
0,04265694
0,04265694
0,1859989
0,3497612
0,3497612
0,1579619
0,1957678
0,2482036
0,2482036
0,3505692
0,1103765
0,1103765
0,2673732
0,1197611
0,1197611
0,3179215
0,2803465
0,2469225
0,2469225
0,2041361
0,236764
0,236764
0,8610411
0,5973653
0,5973653
1,012326
0,3539965
0,3539965
0,3464743
0,4509014
0,6406848
0,6406848
0,8872365
0,04150422
0,04150422
0,4819663
0,4248349
0,4248349
0,3622958
0,01803577
0,2681339
0,2681339
0,2838078
0,1156296
0,1156296
0,1399713
0,2263077
0,2263077
0,6469488
0,5984203
0,5984203
1,233704
0,6532309
0,5406275
0,5406275
1,246957
0,7913502
0,7913502
1,588628
0,6717904
0,6717904
0,7048495
0,5816302
0,2084642
0,2084642
0,7505168
0,2459085
0,2459085
0,8603665
0,7675649
0,7675649
0,2210248
0,2853663
0,2853663
0,2378454
0,07223868
0,06960176
0,06960176
0,292752
0,2401355
0,2401355
0,9368479
0,7907682
0,7907682
0,6713358
0,09490868
0,09924433
0,09924433
0,7792436
0,5649087
0,5649087
1,431679
0,8766441
0,8766441
1,29556
0,515327
0,2729582
0,2729582
0,4891326
0,4832039
0,4832039
0,3237237
0,2236875
0,2236875
0,7951897
0,3424307
0,3424307
0,2343693
0,1931989
0,05023975
0,05023975
0,0473546
0,1084545
0,1084545
0,150731
0,3908326
0,3908326
0,7732533
0,1519096
0,271012
0,271012
0,3859421
0,6314218
0,6314218
0,9704055
1,197416
1,197416
2,224845
0,8293822
0,8293822
1,108575
0,8172271
1,599473
1,599473
2,082756
0,832381
0,832381
1,040296
0,6326495
0,6326495
1,347585
0,552837
0,8128574
0,8128574
0,6945523
0,2098807
0,2098807
0,349677
0,2983418
0,2983418
0,7549291
0,06291516
0,06291516
0,7685289
0,4266029
0,5138201
0,5138201
0,7732113
0,409359
0,409359
0,4127584
0,3198645
0,3198645
0,9703444
0,3001446
0,2156555
0,2156555
0,4683851
0,3631488
0,3631488
1,601964
0,8590905
0,8590905
0,7338856
0,4703808
0,4703808
1,88777
0,2042768
0,2802414
0,2802414
0,5138766
1,386566
1,386566
2,099062
0,4726913
0,4726913
0,2762672
0,4241707
0,166501
0,166501
0,1111905
0,3249978
0,3249978
0,221615
0,03969079
0,03969079
0,2072897
0,1661157
0,1701487
0,1701487
0,4676835
0,1352884
0,1352884
0,1952231
0,08017809
0,08017809
0,156449
0,07823655
0,07823655
0,244773
0,2411948
0,1926062
0,1926062
0,5946563
0,1329969
0,1329969
0,5014881
0,3187121
0,3187121
0,2914701
0,1285082
0,1114408
0,1114408
0,1014609
0,04065972
0,04065972
0,1060346
0,03902841
0,03902841
0,1552059
0,1027554
0,1027554
0,2485096
0,08106576
0,1452118
0,1452118
0,1717049
0,07969284
0,07969284
0,1718883
0,1035454
0,1035454
0,2114422
0,09083449
0,2735629
0,2735629
0,4576499
0,05963817
0,05963817
0,09328647
0,09061366
0,09061366
0,2502393
0,1522687
0,1522687
0,1565637
0,198473
0,2026166
0,2026166
0,3808797
0,1642515
0,1642515
0,362166
0,1706077
0,1706077
0,2301499
0,2080068
0,1553145
0,1553145
0,2460179
0,1138608
0,1138608
0,2082497
0,1315669
0,1315669
0,3337093
0,304766
0,2205126
0,2205126
0,1271394
0,1377095
0,1377095
0,6271849
0,1992711
0,1992711
0,3518312
0,2459297
0,2459297
0,365044
0,1430809
0,14182
0,14182
0,5322663
0,3150496
0,3150496
0,5802941
0,1785932
0,1785932
0,6114891
0,2887482
0,1592163
0,1592163
0,1322429
0,1252761
0,1252761
0,1608804
0,4170672
0,4170672
0,704756
0,1235897
0,1235897
0,315845
0,2216458
0,2628394
0,2628394
0,4286032
0,1686197
0,1686197
0,2569315
0,1514101
0,1514101
0,2705113
0,07870052
0,2277703
0,2277703
0,4151737
0,137094
0,137094
0,1957601
0,05235657
0,05235657
0,2461956
0,1111858
0,1111858
0,3086251
0,1422842
0,06191918
0,06191918
0,1597838
0,2050074
0,2050074
0,247646
0,1372287
0,1372287
0,1399246
0,09345695
0,1312573
0,1312573
0,2310938
0,176866
0,176866
0,3737473
0,1096759
0,1096759
0,2809591
0,1935772
0,1101435
0,1101435
0,1940003
0,1033332
0,1033332
0,2727064
0,2042387
0,2042387
0,3982798
0,04750356
0,04750356
0,3106344
0,176454
0,1724306
0,1724306
0,3488883
0,07267712
0,07267712
0,0570511
0,06471601
0,06471601
0,07432608
0,05236872
0,05021797
0,05021797
0,1812024
0,09225641
0,09225641
0,196138
0,1348401
0,1348401
0,3979471
0,1710459
0,1710459
0,2070184
0,1107883
0,1249999
0,1249999
0,2831806
0,1927798
0,1927798
0,408615
0,08405717
0,08405717
0,09077392
0,3158709
0,2344683
0,2344683
0,2565464
0,1208446
0,1208446
0,1769799
0,09901571
0,09901571
0,1589445
0,113369
0,113369
0,1414162
0,1159948
0,08197307
0,08197307
0,1400601
0,1709759
0,1709759
0,5399905
0,3474924
0,3474924
0,4079599
0,3460063
0,262181
0,262181
0,213324
0,1269377
0,1269377
0,1885095
0,1831384
0,1831384
0,1598545
0,158547
0,158547
0,1530243
0,1563238
0,1105336
0,1105336
0,07298784
0,1027076
0,1027076
0,1432291
0,1398877
0,1398877
0,1798803
0,1888896
0,194677
0,194677
0,2132961
0,2072219
0,2072219
0,3012937
0,2664827
0,2664827
0,1889345
0,2020606
0,2410721
0,2410721
0,205093
0,08936063
0,08936063
0,131645
0,121284
0,121284
0,0922256
0,08933433
0,08933433
0,01586699
0,02221538
0,02955341
0,02955341
0,02716903
0,02563921
0,02563921
0,01374434
0,009924575
0,009924575
0,0129269
0,01259468
0,01447844
0,01447844
0,01628793
0,01675089
0,01675089
0,01209145
0,02209347
0,02209347
0,1263006
0,0621715
0,0621715
0,0660113
0,07633084
0,0628645
0,0628645
0,08787774
0,09352136
0,09352136
0,110126
0,1158509
0,1158509
0,1321267
0,1059296
0,08611057
0,08611057
0,07334936
0,0639345
0,0639345
0,0875591
0,1381878
0,1381878
0,1250221
0,1140805
0,1140805
0,09439892
0,10362
0,1161012
0,1161012
0,1138919
0,1054469
0,1054469
0,1285216
0,1432495
0,1432495
0,1151467
0,08819483
0,06580415
0,06580415
0,06824039
0,08977342
0,08977342
0,2126961
0,2283142
0,2283142
0,3584105
0,3228689
0,3228689
0,3405774
0,3408849
0,2580892
0,2580892
0,3510566
0,3763039
0,3763039
0,476824
0,4105763
0,4105763
0,4612458
0,3809348
0,5514112
0,5514112
0,5675573
0,3162963
0,3162963
0,2124784
0,08608396
0,08608396
0,03326836
0,03563911
0,04500178
0,04500178
0,09901228
0,1002954
0,1002954
0,1373336
0,142264
0,142264
0,08966315
0,1170529
0,1170529
0,142703
0,154369
0,1636212
0,1636212
0,0582955
0,05388442
0,05388442
0,05910005
0,05243491
0,05243491
0,2028942
0,1728135
0,1829528
0,1829528
0,4403279
0,2600202
0,2600202
0,1209368
0,2613669
0,2613669
0,1517362
0,2268893
0,2268893
0,320525
0,3196398
0,3121055
0,3121055
0,2929071
0,2850862
0,2850862
0,5236515
0,4792308
0,4792308
0,7680454
0,6823336
1,11515
1,11515
1,513125
0,9073156
0,9073156
1,063063
0,4085575
0,4085575
0,4271346
0,1472266
0,1472266
0,1954352
0,1886402
0,1790666
0,1790666
0,131536
0,1545533
0,1545533
0,1909708
0,1417809
0,1417809
0,1497205
0,1540454
0,3373167
0,3373167
0,3091413
0,3346148
0,3346148
0,2070515
0,1102382
0,1102382
0,2289691
0,1346499
0,1244334
0,1244334
0,2229656
0,1890997
0,1890997
0,2618122
0,1901732
0,1901732
0,6086258
0,2968316
0,2968316
0,5048776
0,3494242
0,3528766
0,3528766
0,7710695
0,5450337
0,5450337
0,6150939
0,5533955
0,5533955
0,5931781
0,4588654
0,433795
0,433795
0,6177194
0,48106
0,48106
0,6345037
0,5285371
0,5285371
0,3838556
0,3448676
0,3448676
0,4280657
0,4026858
0,4241012
0,4241012
0,5708327
0,5642887
0,5642887
0,6282068
0,5561054
0,5561054
0,8090158
0,6650815
0,5090514
0,5090514
0,4350786
0,4265167
0,4265167
0,6106377
0,5565806
0,5565806
0,6059967
0,5196767
0,5639961
0,5639961
0,6171733
0,3723193
0,3332022
0,3328268
0,3328268
0,4817844
0,4049967
0,4049967
0,5075651
0,4236348
0,4482405
0,6181723
0,493172
0,493172
0,4962895
0,3998197
0,3998197
0,4517092
0,3810357
0,3810357
0,4449956
0,3611183
0,311439
0,311439
0,3606254
0,3046702
0,3046702
0,2312228
0,2376074
0,2376074
0,2087055
0,183346
0,1560356
0,1560356
0,2303819
0,2509682
0,2509682
0,2778527
0,2839566
0,2839566
0,4096393
0,4036033
0,3719156
0,3719156
0,4056704
0,3824564
0,3824564
0,5788813
0,4993687
0,4993687
0,659671
0,5000246
0,5000246
0,6488464
0,4672135
0,36628
0,36628
0,5745001
0,4194764
0,4194764
0,4908834
0,4126685
0,4126685
0,4606781
0,3645576
0,3190122
0,3190122
0,3903364
0,2737525
0,2737525
0,41445
0,3112212
0,3112212
0,3631217
0,3436001
0,3436001
0,5226253
0,2913357
0,1723189
0,1723189
0,4065935
0,3063735
0,3063735
0,3564891
0,2450881
0,2450881
0,2871137
0,1285097
0,2296422
0,2296422
0,6030975
0,305219
0,305219
0,3281237
0,3010304
0,3010304
0,4726563
0,3159615
0,3159615
0,4992278
0,3773875
0,2965407
0,2965407
0,3665326
0,3068437
0,3068437
0,4018866
0,3422555
0,3422555
0,4081921
0,4062826
0,3967727
0,3967727
0,4105398
0,2746693
0,2746693
0,2188418
0,1529349
0,1529349
0,1799491
0,1728769
0,1728769
0,2188508
0,2061406
0,218095
0,218095
0,3228682
0,3193962
0,3193962
0,3185317
0,2883463
0,2883463
0,2367419
0,1978792
0,1480313
0,1480313
0,08727613
0,08869154
0,08869154
0,09635582
0,09955467
0,09955467
0,1040717
0,113865
0,113865
0,1549966
0,1521212
0,1744671
0,1744671
0,1293663
0,1308972
0,1308972
0,1671598
0,1623294
0,1623294
0,112214
0,1055776
0,1039587
0,1039587
0,1209087
0,124984
0,124984
0,1419423
0,1235127
0,1235127
0,0885464
0,05601406
0,0411749
0,0411749
0,03802029
0,03034604
0,03034604
0,03277282
0,02536895
0,02536895
0,02277573
0,01486938
0,01486938
0,02398569
0,02110279
0,02253123
0,02253123
0,03329531
0,03155164
0,03155164
0,04288744
0,03752967
0,03752967
0,05028465
0,1163683
0,3308211
0,3308211
0,5337067
0,5197979
0,5197979
0,9483116
0,8777379
0,8777379
3,003361
2,186069
2,186069
3,128069
1,779638
1,656449
1,656449
0,5155302
0,1304431
0,1304431
0,3207105
0,1123389
0,1123389
0,1525494
0,104211
0,2495479
0,2495479
0,5033525
0,3093479
0,3093479
0,8676609
0,489623
0,489623
1,062481
0,5470411
0,5470411
1,013557
0,5423194
0,5174699
0,5174699
0,9518593
0,4771747
0,4771747
0,5056907
0,307761
0,307761
0,5233209
0,4650963
0,4030187
0,4030187
0,6027262
0,2726961
0,2726961
0,460157
0,2775753
0,2775753
0,4878376
0,4282343
0,3912247
0,3912247
0,8537586
0,73725
0,73725
1,004889
0,5712613
0,5712613
0,7886354
0,7883717
0,7883717
1,009327
0,5120041
0,353113
0,353113
0,4507951
0,3295742
0,3295742
0,4473612
0,481689
0,481689
0,695846
0,6047716
0,5580546
0,5580546
0,7664063
0,6667181
0,6667181
0,4523259
0,4523259
1,113494
0,7667615
0,7667615
0,7113335
0,5788742
0,4666976
0,4666976
0,6390885
0,6881468
0,6881468
0,8850753
0,8482125
0,8482125
1,126475
0,8247472
0,7615501
0,7615501
0,9579427
0,5756778
0,5756778
0,4928604
0,4266932
0,4266932
0,5926905
0,4366089
0,4366089
0,6673188
0,5049978
0,4315099
0,4315099
0,4611729
0,3498678
0,3498678
0,5028877
0,4138743
0,4138743
0,624366
0,4312638
0,3545363
0,3545363
0,6449267
0,4801139
0,4801139
0,634558
0,5044981
0,5044981
0,7590104
0,7175048
0,7175048
1,474806
1,135298
1,202052
1,202052
1,35721
0,3754296
0,3754296
0,8232765
0,6139029
0,6139029
0,8243762
0,5197
0,4338259
0,4338259
0,8452619
0,379204
0,379204
0,705479
0,536278
0,536278
0,6636145
0,3301221
0,3136874
0,3136874
0,7377606
0,3625319
0,3625319
0,542518
0,3778372
0,3778372
0,5064332
0,4219998
0,4219998
0,7188491
0,5710646
0,4034304
0,4034304
0,4919782
0,5016739
0,5016739
0,5308074
0,4821288
0,4821288
0,5489673
0,4680674
0,4080742
0,4080742
0,6343628
0,585976
0,585976
0,8576999
0,6758523
0,6758523
0,7354487
0,5912847
0,5912847
0,8854054
0,5610254
0,4732215
0,4732215
0,6742626
0,4934682
0,4934682
0,8250224
0,4623192
0,4623192
0,6972882
0,4613693
0,4526021
0,4526021
0,768561
0,4393631
0,4393631
0,6429595
0,3708198
0,3708198
0,6438861
0,4536746
0,3825828
0,3825828
0,6067891
0,4666333
0,4666333
0,5202116
0,4768097
0,4768097
0,6942694
0,6159558
0,6159558
0,8307727
0,6458964
0,5087008
0,5087008
0,8652578
0,6923524
0,6923524
1,036928
0,7261123
0,7261123
1,037683
0,7004352
0,6713415
0,6713415
1,126639
0,6279808
0,6279808
1,384203
0,6671247
0,6671247
1,004307
0,6137633
0,6137633
1,112495
0,8003945
0,8373811
0,8373811
1,683148
0,7110176
0,7110176
0,8003169
0,348888
0,348888
0,7749755
0,5218704
0,496013
0,496013
0,9087988
0,3938656
0,3938656
0,5390826
0,400221
0,400221
0,803463
0,6342123
0,6342123
1,328642
0,7996191
0,6440186
0,6440186
0,8732141
0,3999113
0,3999113
0,3815783
0,3155294
0,3155294
0,6374912
0,519586
0,6007468
0,6007468
1,077365
0,8502684
0,8502684
0,75054
0,446445
0,446445
0,4909876
0,4664997
0,555253
0,555253
0,8573439
0,6772611
0,6772611
0,8800939
0,6946531
0,6946531
0,9813842
0,6756656
0,6756656
0,7962787
0,6197194
0,5385087
0,5385087
0,5707132
0,4220529
0,4220529
0,4853148
0,4108166
0,2447228
0,2900007
0,3623159
0,5147927
0,5147927
0,5968543
0,5123682
0,5123682
0,5850618
0,4953761
0,4263557
0,5354973
0,3850424
0,3850424
0,5512967
0,4654239
0,4654239
0,5965234
0,429298
0,429298
0,6379277
0,5790585
0,5495753
0,5495753
0,6176268
0,4251808
0,4251808
0,7738915
0,4586008
0,4586008
0,6083064
0,3775859
0,3775859
0,6155474
0,4118747
0,3761887
0,3761887
0,7310074
0,4210974
0,4210974
0,5762643
0,3727391
0,3727391
0,7017916
0,4551459
0,3576499
0,3576499
0,4247034
0,2846824
0,2846824
0,4568818
0,2350418
0,2350418
0,3908319
0,2753608
0,2753608
0,5509565
0,3654174
0,2550433
0,2550433
0,5448377
0,3808746
0,3808746
0,6110317
0,4881218
0,4881218
0,8450515
0,391639
0,3371101
0,3371101
0,6445166
0,3628057
0,3628057
0,5362557
0,3885964
0,3885964
0,6241109
0,4568548
0,4568548
0,6149869
0,4090455
0,4455551
0,4455551
0,568032
0,4554499
0,4554499
0,4587287
0,4628643
0,4628643
0,5261036
0,5069396
0,4509293
0,4509293
0,4044142
0,3731658
0,3731658
0,2753442
0,2863017
0,2863017
0,2711502
0,2801445
0,3777712
0,3777712
0,4170275
0,3920223
0,3920223
0,4937571
0,4581987
0,4581987
0,7537154
0,6405293
0,6405293
1,008597
0,6969329
0,6476623
0,6476623
1,147018
0,7537123
0,7537123
1,063754
0,4433504
0,4433504
0,4042208
0,2899884
0,3635743
0,3635743
0,739475
0,5434366
0,5434366
0,6858546
0,6230965
0,6230965
0,7282597
0,5058828
0,5058828
0,6239533
0,4913692
0,3964853
0,3964853
0,6277452
0,560598
0,560598
0,5478853
0,4243356
0,4243356
0,5137036
0,4579732
0,4176703
0,4176703
0,5925204
0,4617344
0,4617344
0,7125404
0,546024
0,546024
0,8252505
0,5838521
0,5838521
0,9820088
0,5866965
0,4361093
0,4361093
0,4559702
0,1725567
0,1725567
0,38761
0,280145
0,280145
0,4265641
0,2766573
0,2374972
0,2374972
0,444422
0,2667247
0,2667247
0,2801165
0,1261321
0,1261321
0,0948693
0,1491507
0,1491507
0,3973253
0,1976352
0,1780389
0,1780389
0,3888327
0,2797031
0,2797031
0,241556
0,2525884
0,2525884
0,3347022
0,2290908
0,1056442
0,1056442
0,07428979
0,0649287
0,0649287
0,1509482
0,1251899
0,1251899
0,2090933
0,1692654
0,1692654
0,1890941
0,2189761
0,1731587
0,1731587
0,2592308
0,2310737
0,2310737
0,2267592
0,2068401
0,2068401
0,2168737
0,207333
0,1852918
0,1852918
0,212541
0,18096
0,18096
0,1603138
0,1334865
0,1334865
0,1040395
0,09576276
0,1197508
0,1197508
0,2154785
0,2323635
0,2323635
0,3062212
0,3168074
0,3168074
0,3465025
0,3678182
0,3678182
0,3237299
0,3358679
0,3498911
0,3498911
0,3564828
0,3608243
0,3608243
0,4109367
0,4098729
0,4098729
0,7415429
0,6823704
0,4667394
0,4667394
0,2265623
0,2138027
0,2138027
0,1539401
0,2651207
0,2651207
0,479901
0,4605171
0,4605171
0,8522279
0,7575364
0,8144708
0,8144708
1,296285
0,965088
0,965088
1,298613
0,8429049
0,8429049
1,13538
0,4655801
0,3739411
0,3739411
0,7377598
0,3987747
0,3987747
0,6491622
0,4421533
0,4421533
0,6527506
0,3966454
0,2686966
0,2686966
0,3800274
0,3403977
0,3403977
0,4657085
0,3620853
0,3620853
0,3658063
0,3237247
0,3237247
0,3894722
0,3759676
0,3458291
0,3458291
0,39439
0,3830758
0,3830758
0,4599375
0,4542888
0,4542888
0,4728461
0,4569995
0,4569995
0,4498935
0,4373665
0,3274263
0,3274263
0,2810923
0,2719362
0,2719362
0,1518038
0,1641443
0,1641443
0,1562457
0,1529077
0,1526294
0,1526294
0,1337627
0,1269252
0,1269252
0,1400112
0,1289542
0,1289542
0,148378
0,1437767
0,3594664
0,3594664
0,5697181
0,5488262
0,5488262
1,225444
1,085943
1,085943
1,682285
1,336176
1,336176
1,700396
1,169116
1,154512
1,154512
velocityComponents
0,4957974
0,6201386
-0,5128235
0,4957974
0,6201386
-0,5128235
0,9308457
1,687141
-0,7139176
0,2741039
0,6847918
-0,1276225
0,1436651
0,3628179
-0,07230043
0,1436651
0,3628179
-0,07230043
-0,1776576
-0,06745607
0,3096074
-0,2183914
-0,26232
0,2698392
-0,2183914
-0,26232
0,2698392
-0,4232049
-0,7914647
0,3359735
-0,170356
-0,3569692
0,09461641
-0,170356
-0,3569692
0,09461641
-0,4288495
-0,6396294
0,3914118
-0,3973186
-0,5237639
0,3941715
-0,4269123
-0,3803536
0,5257785
-0,4269123
-0,3803536
0,5257785
-0,9161055
0,3446311
1,7977
-0,5809903
-0,183931
0,8554727
-0,5809903
-0,183931
0,8554727
-0,1711428
-1,062089
-0,4103154
0,3778219
0,3789246
-0,4487693
0,3778219
0,3789246
-0,4487693
0,2636611
0,6656274
-0,1506567
-0,2632439
0,1906216
0,4976511
-0,3320277
0,3644422
0,6987095
-0,3320277
0,3644422
0,6987095
-0,5247295
-0,3979266
0,4496962
0,2182007
-0,1556814
-0,5217403
0,2182007
-0,1556814
-0,5217403
0,6172776
0,6222859
-0,8014411
-0,001233816
0,002633035
-0,04255772
-0,001233816
0,002633035
-0,04255772
-0,1277387
-0,07882714
0,1098394
0,07975698
0,3382236
0,03970563
0,07975698
0,3382236
0,03970563
0,04383922
-0,08614808
-0,1249343
-0,02592206
-0,1865849
-0,05328357
-0,1063108
-0,2070457
0,08622706
-0,1063108
-0,2070457
0,08622706
-0,1703799
-0,05726218
0,3009826
0,05587339
0,08635819
-0,0400424
0,05587339
0,08635819
-0,0400424
0,1643836
0,1309946
-0,1652479
0,07681251
0,02209842
-0,08918643
0,07681251
0,02209842
-0,08918643
0,01299977
-0,2970114
-0,1126468
-0,09897947
-0,2567679
0,05354881
-0,126189
-0,1410708
0,1585752
-0,126189
-0,1410708
0,1585752
-0,03128648
0,1186743
0,163123
0,1372755
0,1318082
-0,1408517
0,1372755
0,1318082
-0,1408517
0,4896104
0,2311856
-0,6694973
0,3005803
-0,02334118
-0,5157053
0,3005803
-0,02334118
-0,5157053
0,3264308
-0,4797354
-0,8295178
-0,0413537
-0,3318191
-0,1161873
-0,0413537
-0,3318191
-0,1161873
-0,1620293
0,001654029
0,3062487
0,155741
0,4223838
-0,02546906
0,2688766
0,5590558
-0,1601219
0,2688766
0,5590558
-0,1601219
0,4313588
0,6240115
-0,4601389
0,005894899
0,0410676
-0,001141429
0,005894899
0,0410676
-0,001141429
-0,2538323
-0,3122628
0,2652407
-0,1760423
-0,3761396
0,08951426
-0,1760423
-0,3761396
0,08951426
-0,1878023
-0,2273068
0,2105236
0,01248121
0,01092553
-0,007081032
0,1430392
0,1842618
-0,132224
0,1430392
0,1842618
-0,132224
0,1562715
0,142692
-0,1891166
-0,02889633
-0,110811
-0,01600385
-0,02889633
-0,110811
-0,01600385
-0,07699728
-0,06959289
0,09391606
-0,1170099
-0,01557916
0,1930833
-0,1170099
-0,01557916
0,1930833
-0,1152635
0,4484192
0,4518598
-0,2035141
0,2616361
0,4982322
-0,2035141
0,2616361
0,4982322
-0,5376875
0,3115624
1,065761
-0,3035188
0,1331925
0,5628914
-0,2164483
0,2036527
0,4516125
-0,2164483
0,2036527
0,4516125
-0,2863348
0,8356184
0,880146
-0,297904
0,3584102
0,6395549
-0,297904
0,3584102
0,6395549
-0,5703151
0,8442432
1,218906
-0,0562489
0,5934119
0,3098398
-0,0562489
0,5934119
0,3098398
0,3230929
0,5281344
-0,3368944
0,1633704
-0,346972
-0,4372805
0,05350113
-0,1178414
-0,163427
0,05350113
-0,1178414
-0,163427
-0,03097653
0,6890297
0,2958953
-0,1461267
-0,003890693
0,1977444
-0,1461267
-0,003890693
0,1977444
0,3443837
-0,3067866
-0,7263005
0,3617883
-0,1332909
-0,6637007
0,3617883
-0,1332909
-0,6637007
0,1039803
0,02861321
-0,1929283
-0,1628518
-0,06027967
0,22645
-0,1628518
-0,06027967
0,22645
-0,05523562
0,1788408
0,1467496
0,00924468
0,06918907
0,01859665
-0,03279448
-0,0507772
0,03450513
-0,03279448
-0,0507772
0,03450513
-0,07890463
-0,2813384
-0,01806915
0,05881786
-0,1581952
-0,170821
0,05881786
-0,1581952
-0,170821
0,2832711
-0,5383894
-0,7124454
0,1490533
-0,5747467
-0,5222678
0,1490533
-0,5747467
-0,5222678
0,1077652
-0,5206853
-0,4098356
0,0041008
0,07733405
0,05486608
-0,03300309
-0,08268803
0,04385114
-0,03300309
-0,08268803
0,04385114
0,01162291
-0,7115096
-0,3175527
0,2520263
-0,1553148
-0,4811257
0,2520263
-0,1553148
-0,4811257
0,7728696
0,8699685
-0,8339852
0,374186
0,7506609
-0,2549469
0,374186
0,7506609
-0,2549469
0,6105363
0,9668887
-0,6089717
0,1114368
0,5010873
0,04533529
0,05894303
0,2657935
0,01963973
0,05894303
0,2657935
0,01963973
-0,07339716
-0,4682958
-0,1206756
-0,2068341
-0,4056484
0,1617253
-0,2068341
-0,4056484
0,1617253
-0,1291931
-0,2834275
0,08817613
-0,1108408
-0,1310825
0,1434147
-0,1108408
-0,1310825
0,1434147
-0,2250731
-0,7624343
0,01904666
-0,09589195
-0,3286079
0,008964539
-0,09589195
-0,3286079
0,008964539
-0,09220839
-0,1980543
0,08485913
0,09530783
0,1473308
-0,08084476
0,02633333
0,0296101
-0,03088415
0,02633333
0,0296101
-0,03088415
-0,03133416
-0,03052652
0,01813173
-0,05022883
0,04221648
0,08635521
-0,05022883
0,04221648
0,08635521
-0,1021922
-0,04658848
0,1005292
-0,2079308
0,04129261
0,3283441
-0,2079308
0,04129261
0,3283441
-0,2777278
0,388667
0,6080508
-0,09775758
-0,09643734
0,06496012
0,02877712
-0,1837969
-0,1970738
0,02877712
-0,1837969
-0,1970738
0,1756847
0,2233341
-0,2611667
0,1681089
0,608632
-0,0001966953
0,1681089
0,608632
-0,0001966953
-0,2113998
0,67821
0,6610811
-0,6037116
0,05556643
1,032594
-0,6037116
0,05556643
1,032594
0,1077771
-1,859407
-1,216933
0,4254997
0,1643986
-0,6926745
0,4254997
0,1643986
-0,6926745
0,2910256
1,068862
-0,04214048
-0,3938437
0,1292929
0,7042944
-0,8072495
0,09940863
1,377237
-0,8072495
0,09940863
1,377237
-1,032388
-1,6221
0,8005232
0,1811922
-0,5357102
-0,6107718
0,1811922
-0,5357102
-0,6107718
0,4982352
0,7656738
-0,4977167
-0,03484488
0,5573183
0,2973676
-0,03484488
0,5573183
0,2973676
-0,3121078
0,9592235
0,893569
0,2758503
0,04778951
-0,476709
0,4290581
0,2979994
-0,6227702
0,4290581
0,2979994
-0,6227702
0,2210319
0,6398886
-0,1552105
0,02265573
0,2074704
0,02219677
0,02265573
0,2074704
0,02219677
-0,1894832
-0,2362922
0,1747459
-0,1416445
-0,2261311
0,1334518
-0,1416445
-0,2261311
0,1334518
0,2784431
-0,3164917
-0,6262749
0,0331223
-0,01015514
-0,05251765
0,0331223
-0,01015514
-0,05251765
-0,3165722
-0,6462291
0,2698272
-0,09827614
-0,4146442
-0,020051
-0,1375377
-0,4949927
0,008755922
-0,1375377
-0,4949927
0,008755922
-0,2091646
-0,7440254
0,023067
-0,1499414
-0,3720626
0,08161962
-0,1499414
-0,3720626
0,08161962
-0,136596
-0,3821298
0,07541776
0,1792073
0,02021641
-0,2641767
0,1792073
0,02021641
-0,2641767
0,5600095
0,3242403
-0,7230669
0,1528263
-0,03551096
-0,2558708
0,09787083
-0,07398129
-0,1773566
0,09787083
-0,07398129
-0,1773566
-0,2081931
-0,1716048
0,3828734
-0,1746118
-0,1577795
0,2765745
-0,1746118
-0,1577795
0,2765745
-0,8470774
-0,6897002
1,171777
-0,464797
-0,4458293
0,5685389
-0,464797
-0,4458293
0,5685389
-0,3539741
-0,5510077
0,3311813
-0,2554357
-0,3069714
0,2485543
-0,2554357
-0,3069714
0,2485543
-1,059031
-1,288055
0,8848965
-0,1664893
0,07884675
0,08828086
-0,03787959
0,1237288
0,2485791
-0,03787959
0,1237288
0,2485791
0,2207237
-0,1915552
-0,4226781
0,8722862
0,2757252
-1,041949
0,8722862
0,2757252
-1,041949
1,224749
0,7976487
-1,506588
0,2230883
0,3816634
-0,1673371
0,2230883
0,3816634
-0,1673371
0,1277387
0,1069367
-0,2203882
-0,2550483
-0,1920551
0,2792597
-0,08666515
-0,1386389
0,03148019
-0,08666515
-0,1386389
0,03148019
-0,01730323
-0,102587
-0,03924072
0,1263559
-0,05432963
-0,2944589
0,1263559
-0,05432963
-0,2944589
0,1141965
0,1074404
-0,1566172
0,01911521
0,01809597
-0,02970695
0,01911521
0,01809597
-0,02970695
-0,07541776
-0,1925454
-0,01440346
-0,0420332
-0,1573771
-0,03255904
-0,08445978
-0,1387596
0,05062521
-0,08445978
-0,1387596
0,05062521
-0,2153158
-0,3976688
0,1192749
0,0427088
-0,07374539
-0,105074
0,0427088
-0,07374539
-0,105074
0,05106363
-0,09183238
-0,1645338
0,03777489
0,01524713
-0,06905874
0,03777489
0,01524713
-0,06905874
0,06892076
0,007665157
-0,1402408
-0,04566754
-0,06351723
0,0009974428
-0,04566754
-0,06351723
0,0009974428
0,01768097
-0,144258
-0,1969539
0,07843897
0,2101347
-0,08868873
0,03623366
0,1889825
-0,008359551
0,03623366
0,1889825
-0,008359551
0,04549623
0,5754828
0,1427084
0,02072453
0,1292154
-0,02370775
0,02072453
0,1292154
-0,02370775
0,2226651
0,342384
-0,2910048
0,09131432
0,3047258
-0,01952648
0,09131432
0,3047258
-0,01952648
-0,07407069
0,2088994
0,1892865
-0,07737279
-0,07003546
0,07498562
-0,0420332
0,04970431
0,09045303
-0,0420332
0,04970431
0,09045303
-0,04321337
-0,03990382
0,08267164
-0,02020001
0,0007033348
0,03527999
-0,02020001
0,0007033348
0,03527999
-0,04740357
0,01674443
0,09335876
-0,01722574
0,003451109
0,03485084
-0,01722574
0,003451109
0,03485084
-0,06059408
0,03736764
0,1379162
-0,04547834
0,01092702
0,09149313
-0,04547834
0,01092702
0,09149313
-0,1157761
0,01613349
0,2193004
0,007337332
0,07358938
0,03320277
0,03468394
0,1389995
0,02371967
0,03468394
0,1389995
0,02371967
0,05292296
0,1633242
-0,002637506
0,02483726
0,07495582
-0,01075566
0,02483726
0,07495582
-0,01075566
-0,004255772
0,1627564
0,05511642
0,03584027
0,08708835
-0,04304349
0,03584027
0,08708835
-0,04304349
0,01395941
0,2106607
0,01161993
-0,01864433
0,08568019
0,02371073
0,01118183
0,2698079
0,04376471
0,01118183
0,2698079
0,04376471
0,08178949
0,4472837
-0,0518769
0,004607439
0,054802
-0,02306998
0,004607439
0,054802
-0,02306998
-0,05542636
0,04770905
0,05791485
-0,03147125
0,08043498
0,02739727
-0,03147125
0,08043498
0,02739727
0,04362464
0,2399579
-0,0560075
0,01226068
0,1517504
-0,00269115
0,01226068
0,1517504
-0,00269115
0,03921986
0,1404941
-0,05688071
0,06740689
0,1690254
-0,07923543
0,08559227
0,1454741
-0,1120925
0,08559227
0,1454741
-0,1120925
0,1578212
0,2842188
-0,1984477
0,05867481
0,1405239
-0,06155372
0,05867481
0,1405239
-0,06155372
0,1291275
0,3053933
-0,1456887
0,05373955
0,1497045
-0,06170571
0,05373955
0,1497045
-0,06170571
0,0005602837
0,2288699
0,02423227
0,008225441
0,2068341
0,02046525
0,009214878
0,1550406
0,0002831221
0,009214878
0,1550406
0,0002831221
0,04727244
0,2300188
-0,07335842
-0,02792478
0,1030579
0,03954172
-0,02792478
0,1030579
0,03954172
0,008183718
0,2068117
-0,02301931
-0,02468824
0,1241982
0,03570914
-0,02468824
0,1241982
0,03570914
-0,07690191
0,2964303
0,1325786
-0,008136034
0,300312
0,05127192
0,01707077
0,2196118
0,01024902
0,01707077
0,2196118
0,01024902
-0,07392168
0,07258803
0,07369518
-0,03625751
0,1224205
0,05159974
-0,03625751
0,1224205
0,05159974
0,004649162
0,6268546
0,01981258
0,002020597
0,1986369
-0,01575649
0,002020597
0,1986369
-0,01575649
-0,01763701
0,3469139
-0,05590022
-0,03926754
0,2379328
0,048244
-0,03926754
0,2379328
0,048244
-0,0884831
0,3514841
0,04343688
-0,05943179
0,1273468
0,02688468
-0,03269911
0,1359388
-0,02375543
-0,03269911
0,1359388
-0,02375543
0,06851554
0,4926369
-0,1895308
0,06043911
0,2802819
-0,130558
0,06043911
0,2802819
-0,130558
0,08358359
0,5325019
-0,2149343
0,01060963
0,1434669
-0,105831
0,01060963
0,1434669
-0,105831
0,1662612
0,4054889
-0,4264444
0,08518696
0,1292348
-0,2437562
0,0164628
0,04840195
-0,1507849
0,0164628
0,04840195
-0,1507849
-0,1164317
-0,06106347
-0,01425147
-0,07025003
-0,0764519
0,07010102
-0,07025003
-0,0764519
0,07010102
-0,05871058
0,09120107
-0,1188189
0,08192062
0,2274811
-0,3398329
0,08192062
0,2274811
-0,3398329
0,2013505
0,408192
-0,538069
-0,06136894
0,107266
-0,001505017
-0,06136894
0,107266
-0,001505017
-0,1084745
0,2961144
-0,01753867
-0,008863211
0,2093047
-0,07238686
-0,02540946
0,2609998
-0,01783371
-0,02540946
0,2609998
-0,01783371
-0,1088381
0,4124239
0,04197061
-0,0572145
0,1576319
0,01764297
-0,0572145
0,1576319
0,01764297
-0,1009285
0,2356499
0,01721382
-0,01417994
0,1318201
-0,07312596
-0,01417994
0,1318201
-0,07312596
-0,02017021
0,2555072
-0,08651912
-0,01568794
0,06296784
-0,04452765
-0,02266169
0,2258196
-0,0192672
-0,02266169
0,2258196
-0,0192672
0,01890659
0,3925532
-0,1338422
0,02723932
0,06152838
-0,1194447
0,02723932
0,06152838
-0,1194447
0,00462532
0,1328945
-0,1436651
-0,02443194
0,04593432
-0,005859137
-0,02443194
0,04593432
-0,005859137
-0,09356141
0,2266839
0,02174675
-0,03861785
0,1039848
-0,007623434
-0,03861785
0,1039848
-0,007623434
-0,04383326
0,2845109
-0,1112729
-0,03154874
0,1342863
-0,03488064
-0,04984736
0,0361532
0,006493926
-0,04984736
0,0361532
0,006493926
-0,1554489
0,03696531
-0,0002682209
-0,1677513
-0,07644445
0,08968711
-0,1677513
-0,07644445
0,08968711
-0,2127051
-0,1133084
0,05697608
-0,1136243
-0,07647127
0,008565187
-0,1136243
-0,07647127
0,008565187
-0,1267254
0,03833622
-0,04527569
-0,05757213
0,07325113
0,007343292
-0,122869
0,03785342
0,02643466
-0,122869
0,03785342
0,02643466
-0,2160728
-0,04778504
-0,06658435
-0,1323998
0,1111358
-0,03742576
-0,1323998
0,1111358
-0,03742576
-0,2070904
0,286074
-0,1223207
-0,09378195
0,006127357
-0,05653501
-0,09378195
0,006127357
-0,05653501
-0,157851
-0,1333326
-0,1903772
-0,0780046
-0,1443535
-0,1027107
-0,06989837
-0,08139908
-0,02489984
-0,06989837
-0,08139908
-0,02489984
-0,09012222
-0,1195699
-0,1233578
-0,07902384
-0,06550699
-0,01190901
-0,07902384
-0,06550699
-0,01190901
-0,08090138
-0,1946688
-0,1729965
-0,03951788
-0,1344994
-0,1485318
-0,03951788
-0,1344994
-0,1485318
-0,1454476
-0,3479025
-0,1282015
-0,007291077
-0,03333449
-0,03304907
-0,007291077
-0,03333449
-0,03304907
0,09001943
-0,002809381
-0,2972917
0,05273175
-0,01157939
-0,167992
0,03492152
-0,07304103
-0,1522426
0,03492152
-0,07304103
-0,1522426
0,1205087
0,05789777
-0,3222555
0,01352149
0,002152782
-0,07137576
0,01352149
0,002152782
-0,07137576
-0,01509858
-0,02331916
-0,0498305
0,004641397
0,01342361
-0,06313815
0,004641397
0,01342361
-0,06313815
-0,02118478
0,01932214
-0,06857278
-0,04848067
-0,01849546
0,007072846
-0,04555416
-0,005992877
0,02026691
-0,04555416
-0,005992877
0,02026691
-0,1438331
-0,07425676
0,0814387
-0,07600154
-0,03577031
0,03815096
-0,07600154
-0,03577031
0,03815096
-0,1599085
-0,03491374
0,108076
-0,1001211
0,01768176
0,08857183
-0,1001211
0,01768176
0,08857183
-0,2705292
0,02984981
0,2903185
-0,1150992
0,06225488
0,1101508
-0,1150992
0,06225488
0,1101508
-0,1646197
0,05397577
0,1133295
-0,08413616
0,05896374
0,04145407
-0,08070911
0,09348664
0,01926831
-0,08070911
0,09348664
0,01926831
-0,02706983
0,2524634
-0,1253821
0,03463996
0,1069458
-0,15661
0,03463996
0,1069458
-0,15661
0,09768113
0,2178567
-0,3316068
0,01129445
0,04972589
-0,06682349
0,01129445
0,04972589
-0,06682349
-0,01518985
-0,005323508
-0,08933551
0,07357286
0,162034
-0,2609721
0,0553876
0,1298898
-0,1871798
0,0553876
0,1298898
-0,1871798
0,05622977
0,07206421
-0,2397103
0,01141931
-0,00795259
-0,1200407
0,01141931
-0,00795259
-0,1200407
-0,03672723
-0,1041282
-0,1383123
-0,006363565
-0,02043607
-0,09667463
-0,006363565
-0,02043607
-0,09667463
-0,07583661
-0,1286892
-0,05432542
-0,06117096
-0,08977518
-0,03242015
-0,06117096
-0,08977518
-0,03242015
-0,03173756
-0,04426119
-0,1305075
-0,01997423
0,004501404
-0,1141733
-0,009449463
0,01336595
-0,08032212
-0,009449463
0,01336595
-0,08032212
-0,02676348
-0,00471939
-0,1373982
0,009335432
0,04431366
-0,1648694
0,009335432
0,04431366
-0,1648694
0,1428939
0,1984836
-0,4814305
0,09004132
0,117555
-0,3143634
0,09004132
0,117555
-0,3143634
0,1133624
0,07982557
-0,3836771
0,09787617
0,09896675
-0,3167747
0,06894673
0,1133689
-0,2261254
0,06894673
0,1133689
-0,2261254
0,03246954
0,1028684
-0,1840407
0,006165972
0,04196396
-0,1196419
0,006165972
0,04196396
-0,1196419
0,01343393
0,02787818
-0,185952
0,01551799
0,01177688
-0,1820994
0,01551799
0,01177688
-0,1820994
-0,001293896
-0,04228782
-0,1541543
-0,01035629
-0,0683114
-0,1427006
-0,01035629
-0,0683114
-0,1427006
-0,04485374
-0,1118976
-0,09425246
-0,052386
-0,1199342
-0,08549047
-0,05106212
-0,07558783
-0,0624244
-0,05106212
-0,07558783
-0,0624244
-0,0673371
0,009565528
-0,02648473
-0,09179012
0,03763917
0,02658429
-0,09179012
0,03763917
0,02658429
-0,09966394
0,09398573
0,04181321
-0,08522235
0,1081957
0,02448327
-0,08522235
0,1081957
0,02448327
-0,08500879
0,1577687
0,01547456
-0,08080802
0,1704946
0,008995636
-0,08388925
0,1752089
0,01278814
-0,08388925
0,1752089
0,01278814
-0,06356004
0,2000462
-0,03790627
-0,03552707
0,1902376
-0,07408372
-0,03552707
0,1902376
-0,07408372
0,001091974
0,2631602
-0,1467086
0,00738932
0,2265572
-0,1401081
0,00738932
0,2265572
-0,1401081
0,006253856
0,1456059
-0,1202334
0,02116613
0,1424368
-0,141747
0,04641577
0,1504761
-0,182533
0,04641577
0,1504761
-0,182533
0,0568996
0,09897048
-0,1703831
0,07533065
-0,01762632
-0,04472056
0,07533065
-0,01762632
-0,04472056
0,09560013
-0,04923075
-0,07594316
0,08362639
-0,04632448
-0,07463557
0,08362639
-0,04632448
-0,07463557
0,05185478
-0,04936562
-0,05813499
0,04796624
-0,04014574
-0,0637823
0,04796624
-0,04014574
-0,0637823
-0,003508672
-0,006828479
-0,01388605
0,001735486
-0,01424159
-0,01696138
0,01696058
-0,01647391
-0,01773001
0,01696058
-0,01647391
-0,01773001
0,01506628
-0,007648238
-0,021276
-0,004825316
0,002768151
-0,02502844
-0,004825316
0,002768151
-0,02502844
-0,002341643
-0,004633211
-0,01272623
-0,00108394
-0,004478017
-0,008790314
-0,00108394
-0,004478017
-0,008790314
-0,0007357299
-0,007108618
-0,01077177
0,0006307736
-0,006301943
-0,0108864
0,000272803
-0,007962959
-0,01208892
0,000272803
-0,007962959
-0,01208892
-0,005789891
-0,009965584
-0,01150917
-0,01150895
-0,010052
-0,006862476
-0,01150895
-0,010052
-0,006862476
0,003362633
-0,0115748
0,0009591579
-0,01527892
0,005989783
-0,01479183
-0,01527892
0,005989783
-0,01479183
0,02955255
-0,07659652
-0,09597635
0,04585719
-0,0290456
-0,03031117
0,04585719
-0,0290456
-0,03031117
0,02733185
-0,05980176
0,005849063
0,04041481
-0,06458297
-0,004698992
0,03086871
-0,05454746
-0,004862368
0,03086871
-0,05454746
-0,004862368
0,02143833
-0,07733166
0,03581493
0,02142524
-0,08083256
0,04187246
0,02142524
-0,08083256
0,04187246
0,0194854
-0,09746982
0,04740977
0,02511629
-0,1079183
0,03382656
0,02511629
-0,1079183
0,03382656
0,06366035
-0,1067235
0,044888
0,07671127
-0,07113321
0,01662895
0,0721544
-0,04631685
0,007970072
0,0721544
-0,04631685
0,007970072
0,06387916
-0,03602865
-0,001231648
0,06012465
-0,01443478
0,01625682
0,06012465
-0,01443478
0,01625682
0,06970663
-0,05262696
0,006163199
0,0917785
-0,1001746
-0,02525105
0,0917785
-0,1001746
-0,02525105
0,08898106
-0,08737979
-0,008812897
0,07369465
-0,08636871
0,01113172
0,07369465
-0,08636871
0,01113172
0,05079601
-0,07150742
0,03489429
0,05726142
-0,08586318
0,009259857
0,06769527
-0,09401967
-0,00755905
0,06769527
-0,09401967
-0,00755905
0,08216468
-0,07875309
-0,004275762
0,07229613
-0,07569966
0,0127233
0,07229613
-0,07569966
0,0127233
0,05321616
-0,1130032
0,03026735
0,06005584
-0,1296425
0,01032286
0,06005584
-0,1296425
0,01032286
0,0665286
-0,09109936
-0,02310021
0,06168202
-0,06303589
0,0003642119
0,05465602
-0,03273776
0,01646648
0,05465602
-0,03273776
0,01646648
0,06520174
0,002111988
0,02002556
0,08248622
-0,02392927
-0,02612816
0,08248622
-0,02392927
-0,02612816
0,1392267
-0,03903927
-0,1559855
0,1521363
0,008899583
-0,170008
0,1521363
0,008899583
-0,170008
0,2487672
0,06882618
-0,2486683
0,2291856
0,03775479
-0,2242607
0,2291856
0,03775479
-0,2242607
0,2341489
0,02527139
-0,2460257
0,2316134
0,06225905
-0,2422427
0,1694355
0,07721823
-0,1787149
0,1694355
0,07721823
-0,1787149
0,2110032
0,1743922
-0,2197857
0,213255
0,2197214
-0,2187451
0,213255
0,2197214
-0,2187451
0,2729993
0,2748827
-0,2779783
0,2557024
0,1726093
-0,2709154
0,2557024
0,1726093
-0,2709154
0,3280346
0,05547782
-0,3194734
0,2834174
0,04288184
-0,2508925
0,40887
0,07954334
-0,3613204
0,40887
0,07954334
-0,3613204
0,4111862
0,07656582
-0,3836468
0,1380444
-0,1363009
-0,2498183
0,1380444
-0,1363009
-0,2498183
0,1178453
-0,111579
-0,1371483
0,0570855
-0,05450391
-0,03436592
0,0570855
-0,05450391
-0,03436592
0,01772282
-0,02056971
-0,01922427
0,00564833
-0,01000337
-0,03373685
0,003121406
-0,01387522
-0,04269537
0,003121406
-0,01387522
-0,04269537
0,01559588
-0,05564409
-0,0803986
0,01427118
-0,0337391
-0,09336579
0,01427118
-0,0337391
-0,09336579
0,00333038
-0,03836171
-0,131825
-0,0008229613
-0,008002415
-0,1420363
-0,0008229613
-0,008002415
-0,1420363
-0,002183899
-0,01411596
-0,08851808
0,007878587
-0,02597714
-0,1138617
0,007878587
-0,02597714
-0,1138617
-0,004553139
-0,008103713
-0,1423999
-0,008725524
-0,01855779
-0,1530008
-0,01279777
-0,02028848
-0,1618533
-0,01279777
-0,02028848
-0,1618533
-0,002027541
-0,01628057
-0,05593923
0,009985462
-0,0006255955
-0,05294743
0,009985462
-0,0006255955
-0,05294743
0,01076254
-0,003222302
-0,05802241
0,006871641
-0,004000001
-0,05182856
0,006871641
-0,004000001
-0,05182856
0,03430127
-0,01140622
-0,1996481
0,02987835
-0,01921546
-0,1691229
-0,1546966
0,07165997
-0,06637421
-0,1546966
0,07165997
-0,06637421
-0,0463898
0,05020275
-0,43499
-0,006068558
0,01173334
-0,2596844
-0,006068558
0,01173334
-0,2596844
-0,05592011
0,01574466
-0,1060696
-0,0862022
0,03897925
-0,2436441
-0,0862022
0,03897925
-0,2436441
-0,05347872
0,01206115
-0,1414865
-0,08803248
0,02071558
-0,2080863
-0,08803248
0,02071558
-0,2080863
-0,0337979
-0,008263502
-0,318631
0,06200471
0,02983569
-0,3121456
0,1026581
0,04201099
-0,2917297
0,1026581
0,04201099
-0,2917297
0,08898219
0,02719762
-0,2777356
0,08323406
0,02412772
-0,2715954
0,08323406
0,02412772
-0,2715954
0,136076
0,05413743
-0,5027558
0,1183732
0,0779847
-0,4577864
0,1183732
0,0779847
-0,4577864
0,1718111
0,1975535
-0,7220439
0,1456381
0,1965959
-0,6369606
0,228868
0,3578607
-1,031075
0,228868
0,3578607
-1,031075
0,2822252
0,4563839
-1,414783
0,1566315
0,2720152
-0,8512907
0,1566315
0,2720152
-0,8512907
0,1485337
0,4224345
-0,9641526
0,04574843
0,2187372
-0,3420239
0,04574843
0,2187372
-0,3420239
0,0302789
0,1910613
-0,3808185
-7,023384E-06
0,04609104
-0,1398259
-7,023384E-06
0,04609104
-0,1398259
-0,00410532
-0,08482721
-0,1760183
0,01270898
0,04074697
-0,1837479
0,01146955
0,0146359
-0,1780985
0,01146955
0,0146359
-0,1780985
-0,004709527
-0,009517173
-0,1311067
-0,002708848
-0,06839593
-0,1385691
-0,002708848
-0,06839593
-0,1385691
-0,001795024
-0,05229243
-0,1836631
-0,004799408
-0,0576286
-0,1294516
-0,004799408
-0,0576286
-0,1294516
-0,04582248
-0,137738
-0,03667102
-0,03961471
-0,1446749
-0,0350691
-0,05614434
-0,3065367
-0,1290952
-0,05614434
-0,3065367
-0,1290952
-0,107339
-0,2844235
0,05612443
-0,1083658
-0,3086891
0,07024927
-0,1083658
-0,3086891
0,07024927
-0,09443941
-0,1721107
0,06579836
-0,05797918
-0,08666334
0,03578174
-0,05797918
-0,08666334
0,03578174
-0,1166685
-0,1695858
0,1002795
-0,05771165
-0,1135963
0,04354115
-0,0324701
-0,1114186
-0,04489177
-0,0324701
-0,1114186
-0,04489177
0,02801454
0,08646324
-0,2035999
0,03016794
0,1159548
-0,1462979
0,03016794
0,1159548
-0,1462979
0,05528094
0,1524007
-0,2055813
0,04267087
0,03465367
-0,1820554
0,04267087
0,03465367
-0,1820554
0,1489925
0,301782
-0,5071037
0,06800745
0,2296633
-0,1753247
0,06800745
0,2296633
-0,1753247
0,08758908
0,4634157
-0,1802095
0,04527878
0,3399059
-0,06716486
0,04265388
0,3394873
-0,08631887
0,04265388
0,3394873
-0,08631887
0,08774327
0,7360407
-0,2123523
0,04259388
0,5360004
-0,08916903
0,04259388
0,5360004
-0,08916903
0,04470832
0,5928071
-0,1578653
0,0432047
0,525713
-0,1673494
0,0432047
0,525713
-0,1673494
0,03450864
0,5646981
-0,1782848
0,01979975
0,4428765
-0,1184307
0,02738965
0,3936101
-0,1802748
0,02738965
0,3936101
-0,1802748
0,04713872
0,5127215
-0,3412797
0,03106144
0,4011609
-0,2636737
0,03106144
0,4011609
-0,2636737
0,03694765
0,5274769
-0,3507105
0,03218815
0,4133249
-0,3278382
0,03218815
0,4133249
-0,3278382
0,007002557
0,3246438
-0,2047009
0,002951629
0,2889369
-0,1882562
0,002951629
0,2889369
-0,1882562
0,003826653
0,373714
-0,2087185
0,00495163
0,3421558
-0,2122752
0,007704696
0,3531573
-0,2346964
0,007704696
0,3531573
-0,2346964
0,0187122
0,4580139
-0,340181
0,0195187
0,4466744
-0,3442712
0,0195187
0,4466744
-0,3442712
0,01693927
0,5065331
-0,3711888
0,01300121
0,4451151
-0,3331017
0,01300121
0,4451151
-0,3331017
0,01305952
0,6447701
-0,4884747
0,009998205
0,5212022
-0,4130154
0,008273914
0,3838969
-0,3341977
0,008273914
0,3838969
-0,3341977
0,007210592
0,3196264
-0,2950939
0,006202167
0,3061552
-0,2968957
0,006202167
0,3061552
-0,2968957
0,008044252
0,4080801
-0,4541854
0,006314677
0,3632998
-0,4216104
0,006314677
0,3632998
-0,4216104
0,006290118
0,3494524
-0,4950509
0,004391518
0,2809084
-0,4371899
0,003964636
0,2868291
-0,4855975
0,003964636
0,2868291
-0,4855975
0,001950328
0,2075392
-0,5812284
-0,00826118
0,06024001
-0,3673208
-0,01338303
0,01484228
-0,3326023
-0,01504467
0,006184608
-0,3324291
-0,01504467
0,006184608
-0,3324291
-0,01985054
-0,0294265
-0,480475
-0,01901746
-0,03216262
-0,4032694
-0,01901746
-0,03216262
-0,4032694
-0,03374654
-0,09466878
-0,4975151
-0,02782563
-0,09646111
-0,411567
-0,02618531
-0,1128872
-0,4330016
-0,0390259
-0,1266901
-0,6037911
-0,03692267
-0,1335347
-0,4733115
-0,03692267
-0,1335347
-0,4733115
-0,04886773
-0,1462078
-0,4717399
-0,04155674
-0,1221874
-0,3784165
-0,04155674
-0,1221874
-0,3784165
-0,04519149
-0,2335685
-0,3839852
-0,03996394
-0,2072301
-0,3172487
-0,03996394
-0,2072301
-0,3172487
-0,04818833
-0,2277473
-0,3792494
-0,04426621
-0,2059061
-0,2933422
-0,04463987
-0,2311742
-0,2038627
-0,04463987
-0,2311742
-0,2038627
-0,05334669
-0,3203916
-0,1566972
-0,04802378
-0,2528913
-0,1629834
-0,04802378
-0,2528913
-0,1629834
-0,05066663
-0,153147
-0,1656589
-0,04961786
-0,16491
-0,1637071
-0,04961786
-0,16491
-0,1637071
-0,05098631
-0,1508029
-0,1349698
-0,04649889
-0,1352597
-0,1147102
-0,04067711
-0,1143627
-0,09804929
-0,04067711
-0,1143627
-0,09804929
-0,05100029
-0,1752993
-0,1405168
-0,05029973
-0,217171
-0,1152897
-0,05029973
-0,217171
-0,1152897
-0,05516662
-0,2435199
-0,1218887
-0,05224467
-0,242203
-0,1387068
-0,05224467
-0,242203
-0,1387068
-0,05865333
-0,356649
-0,1927839
-0,04851812
-0,3759717
-0,1385169
-0,03854451
-0,3578875
-0,09355228
-0,03854451
-0,3578875
-0,09355228
-0,03647863
-0,3920814
-0,09751935
-0,03158831
-0,362247
-0,1185419
-0,03158831
-0,362247
-0,1185419
-0,04006544
-0,5217965
-0,2474402
-0,0320367
-0,4473588
-0,2195742
-0,0320367
-0,4473588
-0,2195742
-0,04347432
-0,599696
-0,2713677
-0,03447975
-0,471651
-0,1624224
-0,03447975
-0,471651
-0,1624224
-0,05215041
-0,6220526
-0,1770099
-0,04132074
-0,4600062
-0,07053614
-0,03675572
-0,3636452
0,02392079
-0,03675572
-0,3636452
0,02392079
-0,05869262
-0,5600929
0,1135852
-0,04710032
-0,4116215
0,06564877
-0,04710032
-0,4116215
0,06564877
-0,0593221
-0,4872811
-0,002114704
-0,05014332
-0,4093877
-0,01351382
-0,05014332
-0,4093877
-0,01351382
-0,05960044
-0,4542353
-0,04839819
-0,04745281
-0,3543938
-0,07110192
-0,04171456
-0,3026057
-0,0919699
-0,04171456
-0,3026057
-0,0919699
-0,05446604
-0,3517003
-0,1603212
-0,04117167
-0,2428048
-0,1195454
-0,04117167
-0,2428048
-0,1195454
-0,06546916
-0,3941941
-0,1099709
-0,04920883
-0,3040551
-0,04458266
-0,04920883
-0,3040551
-0,04458266
-0,05577397
-0,3441147
-0,101645
-0,04709137
-0,3259173
-0,09808851
-0,04709137
-0,3259173
-0,09808851
-0,056463
-0,4642237
-0,2333355
-0,02725682
-0,2444922
-0,1560676
-0,01242441
-0,1252111
-0,1177354
-0,01242441
-0,1252111
-0,1177354
-0,0292627
-0,303685
-0,26877
-0,02414797
-0,2455364
-0,1816411
-0,02414797
-0,2455364
-0,1816411
-0,01740701
-0,1893964
-0,3015136
-0,01163251
-0,1071384
-0,2201232
-0,01163251
-0,1071384
-0,2201232
-0,01261719
-0,1161024
-0,2622886
-0,004041512
-0,0309728
-0,1246559
-0,007965235
-0,03703159
-0,2264967
-0,007965235
-0,03703159
-0,2264967
-0,0229548
-0,0906307
-0,5958068
-0,0195726
-0,1082827
-0,2846936
-0,0195726
-0,1082827
-0,2846936
-0,03074043
-0,1959338
-0,2614004
-0,01817001
-0,04538488
-0,2970343
-0,01817001
-0,04538488
-0,2970343
-0,02266749
-0,0126768
-0,4719422
-0,01545745
-0,01818761
-0,3150587
-0,01545745
-0,01818761
-0,3150587
-0,02640127
-0,05861825
-0,495071
-0,02397751
-0,06503996
-0,3709666
-0,01395282
-0,005768919
-0,2961561
-0,01395282
-0,005768919
-0,2961561
-0,02112834
-0,02217808
-0,3652504
-0,01300295
0,03118576
-0,3049777
-0,01300295
0,03118576
-0,3049777
-0,01156058
0,09295038
-0,3908189
-0,009571829
0,07454735
-0,333901
-0,009571829
0,07454735
-0,333901
-0,01347105
0,08694771
-0,3985968
-0,01563979
0,09456256
-0,394815
-0,01367847
0,1219701
-0,3773125
-0,01367847
0,1219701
-0,3773125
-0,0228156
0,07824346
-0,4023685
-0,01841535
0,01759084
-0,2734861
-0,01841535
0,01759084
-0,2734861
-0,01816552
-0,03126946
-0,2158332
-0,01116034
-0,02031019
-0,1511689
-0,01116034
-0,02031019
-0,1511689
-0,01297417
-0,05400013
-0,1711646
-0,01341076
-0,05947989
-0,1617675
-0,01341076
-0,05947989
-0,1617675
-0,01287672
-0,06480381
-0,2086392
-0,01014512
-0,04980331
-0,1997765
-0,01131931
-0,04397662
-0,2133152
-0,01131931
-0,04397662
-0,2133152
-0,0141446
-0,04558126
-0,3193214
-0,01331061
-0,02110146
-0,3184203
-0,01331061
-0,02110146
-0,3184203
-0,01721352
-0,04054676
-0,3154713
-0,01525256
-0,01812275
-0,2873718
-0,01525256
-0,01812275
-0,2873718
-0,0145946
0,004667289
-0,2362455
-0,0135266
0,009365895
-0,197194
-0,009989426
0,01272691
-0,1471445
-0,009989426
0,01272691
-0,1471445
-0,005473848
0,0157218
-0,08567371
-0,005902227
0,02189498
-0,08574359
-0,005902227
0,02189498
-0,08574359
-0,008312848
0,02029295
-0,09382717
-0,009662593
0,0183785
-0,09736528
-0,009662593
0,0183785
-0,09736528
-0,01124056
0,01725452
-0,102014
-0,01245061
0,01690413
-0,1119128
-0,01245061
0,01690413
-0,1119128
-0,01732186
0,01809592
-0,152959
-0,01706698
0,01371386
-0,1505374
-0,0199688
0,009509291
-0,1730595
-0,0199688
0,009509291
-0,1730595
-0,01507659
-0,00136751
-0,1284775
-0,01497594
-0,00225221
-0,1300182
-0,01497594
-0,00225221
-0,1300182
-0,01947895
-0,006251228
-0,1659032
-0,01093114
3,6465E-05
-0,1619609
-0,01093114
3,6465E-05
-0,1619609
0,003151912
0,00671399
-0,1119686
0,008607596
0,01269284
-0,1044578
0,01080161
0,01551459
-0,1022254
0,01080161
0,01551459
-0,1022254
0,0118474
0,0162429
-0,1192255
0,01274223
0,02002814
-0,1227091
0,01274223
0,02002814
-0,1227091
-0,008425172
0,009633482
-0,1413642
-0,002798405
0,004459977
-0,1234005
-0,002798405
0,004459977
-0,1234005
0,00915559
-0,003335349
-0,08800861
-0,000185363
-0,002237562
-0,05596904
-0,00343797
-0,004512772
-0,0407822
-0,00343797
-0,004512772
-0,0407822
0,0008047856
-0,002449855
-0,03793274
0,003596153
-0,002709929
-0,0300101
0,003596153
-0,002709929
-0,0300101
0,0021329
-0,003142823
-0,03255197
0,001599681
-0,00283448
-0,0251593
0,001599681
-0,00283448
-0,0251593
0,001508672
-0,002836566
-0,02254799
-0,0004016459
-0,001347784
-0,01480272
-0,0004016459
-0,001347784
-0,01480272
0,0003900081
-0,0023675
-0,02386537
-0,001773514
-0,003572311
-0,02072248
-0,0008479618
-0,003496032
-0,02224219
-0,0008479618
-0,003496032
-0,02224219
0,00124824
-0,0040926
-0,03301924
-0,002789501
-0,001602899
-0,03138718
-0,002789501
-0,001602899
-0,03138718
0,002394889
-0,005840166
-0,04242039
0,004269529
-0,0065847
-0,03669998
0,004269529
-0,0065847
-0,03669998
0,004483517
-0,009099852
-0,04925075
-0,06232845
0,02290471
-0,0955621
-0,007505253
0,02902512
-0,3294598
-0,007505253
0,02902512
-0,3294598
-0,04646504
-0,04788831
-0,5295192
-0,04577545
-0,0647843
-0,5137095
-0,04577545
-0,0647843
-0,5137095
-0,08107033
-0,1330877
-0,9354197
-0,07227336
-0,1203406
-0,8664402
-0,07227336
-0,1203406
-0,8664402
-0,2929043
-0,4715393
-2,951616
-0,2345638
-0,3425654
-2,146282
-0,2345638
-0,3425654
-2,146282
-0,4202774
-0,2611003
-3,08869
-0,2723406
0,01814162
-1,758583
-0,2770168
-0,01059607
-1,633087
-0,2770168
-0,01059607
-1,633087
0,01893807
-0,5150372
0,01222193
0,04571676
-0,06209165
0,1052141
0,04571676
-0,06209165
0,1052141
0,05020499
0,3058486
0,08240938
0,03307462
0,089892
0,05869865
0,03307462
0,089892
0,05869865
0,05528927
0,005807728
0,1420587
0,03624558
0,03542826
0,09105504
0,08237362
0,05019009
0,2301514
0,08237362
0,05019009
0,2301514
0,1547337
0,05865917
0,4753739
0,08733869
0,000140816
0,2967626
0,08733869
0,000140816
0,2967626
0,2571225
0,3163852
0,7659137
0,1312554
0,3202699
0,3463089
0,1312554
0,3202699
0,3463089
0,2693772
0,7146679
0,7386148
0,1462162
0,2495073
0,46435
0,1462162
0,2495073
0,46435
0,2581031
0,5806969
0,7896027
0,004600243
0,53223
-0,1040208
-0,003982957
0,4999334
-0,1335136
-0,003982957
0,4999334
-0,1335136
-0,01420787
0,9079561
-0,2853946
0,01181
0,4686725
-0,08889511
0,01181
0,4686725
-0,08889511
-0,002359704
0,4826142
-0,1510001
0,007537582
0,3010237
-0,06359828
0,007537582
0,3010237
-0,06359828
0,01470597
0,5165672
-0,08250394
-0,01607833
0,4407919
-0,1475078
-0,02028084
0,3783463
-0,1373567
-0,02028084
0,3783463
-0,1373567
0,008125323
0,5982976
-0,07247624
0,03995658
0,2523352
0,09536027
0,03995658
0,2523352
0,09536027
0,1295888
0,09176899
0,4318908
0,06905527
0,1296265
0,2355343
0,06905527
0,1296265
0,2355343
0,05476037
0,4461289
0,1896203
0,05060497
0,3875866
0,1749295
0,05495182
0,3368428
0,1912433
0,05495182
0,3368428
0,1912433
0,09146053
0,7870903
0,3178485
0,059483
0,7039851
0,2107233
0,059483
0,7039851
0,2107233
0,1049707
0,9211379
0,3876691
0,03879727
0,5507972
0,1464813
0,03879727
0,5507972
0,1464813
-0,007592801
0,7885928
-0,003073048
-0,01273655
0,7882363
-0,007171011
-0,01273655
0,7882363
-0,007171011
0,02787603
0,9953531
0,1650354
0,04590201
0,4759558
0,1830501
0,04751307
0,3016675
0,1772795
0,04751307
0,3016675
0,1772795
0,08278907
0,2990217
0,3270293
0,06901953
0,1550295
0,2825267
0,06901953
0,1550295
0,2825267
0,0748284
0,1996698
0,3932743
0,0663195
0,2630043
0,3980637
0,0663195
0,2630043
0,3980637
0,1033151
0,285923
0,6259198
0,08863573
0,2147395
0,5583721
0,08218416
0,132032
0,5359461
0,08218416
0,132032
0,5359461
0,09629263
0,1471209
0,7459636
0,07894889
0,1183867
0,651356
0,07894889
0,1183867
0,651356
0,04294204
0,1000415
0,4390289
0,04294204
0,1000415
0,4390289
0,08430888
0,2932072
1,070883
0,05292412
0,2133502
0,7345774
0,05292412
0,2133502
0,7345774
0,06713726
0,003588723
0,7081491
0,05273184
-0,02722248
0,5758243
0,03924656
-0,03425211
0,4637814
0,03924656
-0,03425211
0,4637814
0,05727613
-0,1499815
0,6185945
0,06591555
-0,1613488
0,6657084
0,06591555
-0,1613488
0,6657084
0,08687341
-0,2363057
0,848511
0,08051749
-0,2276413
0,813118
0,08051749
-0,2276413
0,813118
0,09071977
-0,2413559
1,096569
0,06102173
-0,1924192
0,7996619
0,05475252
-0,2460197
0,7186341
0,05475252
-0,2460197
0,7186341
0,06590594
-0,3434602
0,8918215
0,03757687
-0,1997682
0,5385959
0,03757687
-0,1997682
0,5385959
0,03237391
-0,2620576
0,41616
0,03076784
-0,255066
0,3406783
0,03076784
-0,255066
0,3406783
0,0449964
-0,4059649
0,4294762
0,03388429
-0,2938782
0,3211148
0,03388429
-0,2938782
0,3211148
0,04862623
-0,4837379
0,4571077
0,03437072
-0,3957415
0,3118174
0,02755543
-0,3552992
0,2433188
0,02755543
-0,3552992
0,2433188
0,02604931
-0,4068033
0,2156686
0,0171401
-0,3297493
0,115668
0,0171401
-0,3297493
0,115668
0,02805817
-0,4781919
0,1531058
0,01597292
-0,4129818
0,02197382
0,01597292
-0,4129818
0,02197382
0,00837758
-0,6145139
-0,1101612
0,003587714
-0,4226638
-0,08562096
0,002825219
-0,353405
-0,02815859
0,002825219
-0,353405
-0,02815859
-0,008769455
-0,6406681
-0,07347025
-0,0112567
-0,4753489
-0,06652842
-0,0112567
-0,4753489
-0,06652842
-0,0206489
-0,6341951
0,005840109
-0,0157328
-0,4919811
0,110569
-0,0157328
-0,4919811
0,110569
-0,01867834
-0,67426
0,348025
-0,02126347
-0,6314021
0,3401358
-0,02126347
-0,6314021
0,3401358
-0,0480508
-1,24165
0,7943857
-0,05007408
-0,9818096
0,5678415
-0,0626772
-1,031248
0,6144334
-0,0626772
-1,031248
0,6144334
-0,1088554
-1,260605
0,4909632
-0,04198161
-0,3630822
-0,08576837
-0,04198161
-0,3630822
-0,08576837
-0,08867463
-0,8119237
-0,1034449
-0,06962725
-0,6063218
-0,06635369
-0,06962725
-0,6063218
-0,06635369
-0,09874316
-0,8059284
-0,1425666
-0,06580842
-0,4888196
-0,1637459
-0,05748435
-0,4160412
-0,1086748
-0,05748435
-0,4160412
-0,1086748
-0,1167637
-0,8322908
-0,09014422
-0,05582876
-0,3531382
-0,1263814
-0,05582876
-0,3531382
-0,1263814
-0,09847081
-0,6905837
0,1053486
-0,07330596
-0,5073944
0,1573887
-0,07330596
-0,5073944
0,1573887
-0,08959188
-0,5892192
0,2918531
-0,04906144
-0,3022206
0,1234354
-0,0447411
-0,2774143
0,1394248
-0,0447411
-0,2774143
0,1394248
-0,109655
-0,6731219
0,2813777
-0,05289401
-0,3264913
0,1484421
-0,05289401
-0,3264913
0,1484421
-0,08373049
-0,4978992
0,1985227
-0,05810812
-0,3484472
0,1340484
-0,05810812
-0,3484472
0,1340484
-0,07602639
-0,4668956
0,1808398
-0,06358631
-0,3880534
0,1531506
-0,06358631
-0,3880534
0,1531506
-0,1094313
-0,6561598
0,2724392
-0,08494413
-0,5098649
0,2427694
-0,04866487
-0,3226755
0,2372096
-0,04866487
-0,3226755
0,2372096
-0,05240994
-0,374164
0,3151143
-0,06136356
-0,3988077
0,2981
-0,06136356
-0,3988077
0,2981
-0,05921705
-0,4127899
0,3284118
-0,06159588
-0,4006991
0,260949
-0,06159588
-0,4006991
0,260949
-0,06406838
-0,4306358
0,3343848
-0,04975787
-0,3422321
0,3154179
-0,04305844
-0,2901127
0,2837343
-0,04305844
-0,2901127
0,2837343
-0,07676958
-0,4412403
0,4492545
-0,0715389
-0,3890345
0,4323219
-0,0715389
-0,3890345
0,4323219
-0,1061651
-0,5374855
0,6599148
-0,08620854
-0,4296017
0,5145744
-0,08620854
-0,4296017
0,5145744
-0,09399623
-0,4737878
0,5545941
-0,07152577
-0,3602892
0,4633501
-0,07152577
-0,3602892
0,4633501
-0,1107656
-0,5270905
0,7027442
-0,06340136
-0,315122
0,4598129
-0,0542591
-0,2721649
0,3833024
-0,0542591
-0,2721649
0,3833024
-0,05147558
-0,2587534
0,6205055
-0,03590085
-0,1414488
0,4713961
-0,03590085
-0,1414488
0,4713961
-0,05663992
-0,1856848
0,8018572
-0,02781011
-0,08582681
0,4534307
-0,02781011
-0,08582681
0,4534307
-0,01536293
-0,02389126
0,6967094
-0,02624207
-0,05086132
0,4578057
-0,03927918
-0,07272045
0,4449916
-0,03927918
-0,07272045
0,4449916
0,02429681
0,1745347
0,7480865
0,04196935
0,1977394
0,3900995
0,04196935
0,1977394
0,3900995
0,0487395
0,2549489
0,5882367
0,02795301
0,1357477
0,3439455
0,02795301
0,1357477
0,3439455
0,06386834
0,3083859
0,5616122
0,05175339
0,2363047
0,3837999
0,06770306
0,2585694
0,2737294
0,06770306
0,2585694
0,2737294
0,0802539
0,3530594
0,4869305
0,031742
0,1959165
0,422322
0,031742
0,1959165
0,422322
0,07508011
0,3290211
0,3958891
0,07457835
0,3272772
0,3386372
0,07457835
0,3272772
0,3386372
0,08322372
0,4538989
0,5187095
0,05221263
0,3635937
0,4944441
0,05221263
0,3635937
0,4944441
0,09006819
0,5613875
0,6057352
0,06606191
0,4343445
0,4734584
0,04961035
0,3441497
0,371317
0,04961035
0,3441497
0,371317
0,1087498
0,6672292
0,540046
0,0955638
0,5599301
0,3958505
0,0955638
0,5599301
0,3958505
0,1541494
0,8910168
0,5074911
0,1222851
0,6523272
0,2945415
0,1222851
0,6523272
0,2945415
0,1794738
0,9625127
0,343723
0,08973045
0,611568
0,3294577
0,05830207
0,5467028
0,3852485
0,05830207
0,5467028
0,3852485
0,1329288
1,003083
0,4954489
0,08459181
0,584095
0,2145627
0,08459181
0,584095
0,2145627
0,2075275
1,336915
0,2925894
0,1087139
0,6548001
0,06688449
0,1087139
0,6548001
0,06688449
0,1163917
0,9670466
0,2447572
0,06091602
0,5896441
0,1591052
0,06091602
0,5896441
0,1591052
0,1257334
1,095506
0,147315
0,1228746
0,7861242
-0,08684465
0,1264082
0,8187032
-0,1222825
0,1264082
0,8187032
-0,1222825
0,247285
1,632311
-0,3277175
0,08846521
0,6969371
-0,1095384
0,08846521
0,6969371
-0,1095384
-0,02456711
0,6989701
0,3890301
-0,02871744
0,2588632
0,2321378
-0,02871744
0,2588632
0,2321378
0,04575677
0,7719913
0,05022889
0,03756441
0,5204211
-0,00997054
0,0366605
0,4936642
-0,03131401
0,0366605
0,4936642
-0,03131401
0,0870632
0,8871768
-0,1767842
0,01143877
0,3913517
0,04293119
0,01143877
0,3913517
0,04293119
-0,03043977
0,4813977
0,2407067
0,001461018
0,394412
0,06792528
0,001461018
0,394412
0,06792528
0,04036995
0,7999749
-0,06295504
0,02484052
0,6320911
-0,04548553
0,02484052
0,6320911
-0,04548553
0,04837344
1,32089
-0,1349081
0,03957878
0,7837204
-0,1536443
0,01060061
0,6430022
-0,03457976
0,01060061
0,6430022
-0,03457976
-0,08157969
0,7677335
0,4079617
-0,06754156
0,1744875
0,3534421
-0,06754156
0,1744875
0,3534421
-0,04134602
0,2604748
0,2757632
-0,01565344
0,2893946
0,1247581
-0,01565344
0,2893946
0,1247581
-0,08292495
0,4613324
0,4320774
-0,08466069
0,3106684
0,4077834
-0,1156534
0,2799334
0,5188047
-0,1156534
0,2799334
0,5188047
-0,2342308
0,4356026
0,9571316
-0,1883854
0,3825565
0,7356071
-0,1883854
0,3825565
0,7356071
-0,1631981
0,3968686
0,6157694
-0,08405223
0,2779873
0,3390744
-0,08405223
0,2779873
0,3390744
-0,08271582
0,3442889
0,3401354
-0,09567036
0,233051
0,3926275
-0,1255872
0,2039021
0,5009567
-0,1255872
0,2039021
0,5009567
-0,2119909
0,2224368
0,8003876
-0,1718461
0,1666686
0,6335401
-0,1718461
0,1666686
0,6335401
-0,2324322
0,1241028
0,8397256
-0,1901357
0,09331453
0,6615767
-0,1901357
0,09331453
0,6615767
-0,2817495
0,1307945
0,9309269
-0,1975626
0,1040175
0,6377095
-0,1975626
0,1040175
0,6377095
-0,235925
0,08434925
0,7558335
-0,1860603
0,03618803
0,5900204
-0,161721
-0,01834514
0,5133238
-0,161721
-0,01834514
0,5133238
-0,1501104
-0,1561466
0,5280138
-0,09385853
-0,1922043
0,3638362
-0,09385853
-0,1922043
0,3638362
-0,09819098
-0,2730457
0,389018
-0,09302124
-0,2041905
0,3441272
-0,0636107
-0,080611
0,2221369
-0,07480796
-0,08799201
0,2660105
-0,08781773
-0,1720535
0,3065264
-0,1268547
-0,2592447
0,4262764
-0,1268547
-0,2592447
0,4262764
-0,1428089
-0,3394115
0,4697238
-0,131203
-0,2714548
0,4142695
-0,131203
-0,2714548
0,4142695
-0,168239
-0,2450658
0,5039204
-0,1462074
-0,1993519
0,4292781
-0,1191478
-0,204587
0,3545803
-0,1318972
-0,312047
0,4147133
-0,07931271
-0,2599511
0,27275
-0,07931271
-0,2599511
0,27275
-0,1015882
-0,4132651
0,3504566
-0,09073902
-0,349151
0,2940737
-0,09073902
-0,349151
0,2940737
-0,1065985
-0,473817
0,3463731
-0,06554043
-0,3604254
0,2238186
-0,06554043
-0,3604254
0,2238186
-0,1012156
-0,5467589
0,312669
-0,1080012
-0,4843535
0,2984061
-0,1002961
-0,4678703
0,2703166
-0,1002961
-0,4678703
0,2703166
-0,06252473
-0,5796288
0,2039215
-0,02662998
-0,4117155
0,1027613
-0,02662998
-0,4117155
0,1027613
-0,1143601
-0,7088603
0,2886987
-0,07211255
-0,4149057
0,1815702
-0,07211255
-0,4149057
0,1815702
-0,04923209
-0,5867932
0,1525996
-0,02491449
-0,3687755
0,0771687
-0,02491449
-0,3687755
0,0771687
-0,0496603
-0,5995499
0,1302782
-0,0267882
-0,4056326
0,06622171
-0,03176303
-0,3682392
0,0700636
-0,03176303
-0,3682392
0,0700636
-0,0663171
-0,7168397
0,1269438
-0,04934235
-0,4077474
0,09290002
-0,04934235
-0,4077474
0,09290002
-0,05325678
-0,5665442
0,09094989
-0,03062293
-0,3683449
0,04815282
-0,03062293
-0,3683449
0,04815282
-0,1420468
-0,645748
0,2352525
-0,0941817
-0,4202263
0,1473005
-0,05742467
-0,3434861
0,08144388
-0,05742467
-0,3434861
0,08144388
0,01386066
-0,4205493
-0,0576122
0,04385305
-0,2589647
-0,1098102
0,04385305
-0,2589647
-0,1098102
0,06316646
-0,4203154
-0,1675884
0,02136614
-0,2236717
-0,06898619
0,02136614
-0,2236717
-0,06898619
0,000117479
-0,3869998
-0,05459664
-0,002817274
-0,2726804
-0,03822323
-0,002817274
-0,2726804
-0,03822323
-0,01084316
-0,5454199
-0,0771535
-0,01168024
-0,3624572
-0,04492502
-0,01345852
-0,2541539
-0,01648504
-0,01345852
-0,2541539
-0,01648504
-0,001461517
-0,5367439
-0,09355219
-0,0278724
-0,3794867
-0,01668686
-0,0278724
-0,3794867
-0,01668686
-0,05776301
-0,6082711
-0,005425944
-0,08270976
-0,4773285
0,0598289
-0,08270976
-0,4773285
0,0598289
-0,1727962
-0,8090504
0,1723108
-0,02205627
-0,3899604
-0,02873106
0,03294228
-0,3134238
-0,1196809
0,03294228
-0,3134238
-0,1196809
0,09863932
-0,5635455
-0,296797
0,03592807
-0,3355396
-0,1332305
0,03592807
-0,3355396
-0,1332305
0,03248586
-0,5085775
-0,1669245
0,04924486
-0,3456441
-0,170623
0,04924486
-0,3456441
-0,170623
0,1041074
-0,5202809
-0,328609
0,07725891
-0,3761024
-0,247577
0,07725891
-0,3761024
-0,247577
0,06210759
-0,5438561
-0,2803071
0,06717637
-0,3324426
-0,2286644
0,09785569
-0,3142735
-0,3002928
0,09785569
-0,3142735
-0,3002928
0,1342861
-0,3739083
-0,4059806
0,08261574
-0,334934
-0,2973693
0,08261574
-0,334934
-0,2973693
0,04557264
-0,3785099
-0,2551183
0,03845855
-0,3860964
-0,2523765
0,03845855
-0,3860964
-0,2523765
0,02866187
-0,4465908
-0,2766228
0,01527109
-0,439584
-0,2520328
0,0106551
-0,3910642
-0,2242597
0,0106551
-0,3910642
-0,2242597
0,01902675
-0,3346678
-0,2262439
0,02041323
-0,3037721
-0,2157744
0,02041323
-0,3037721
-0,2157744
0,01578925
-0,220306
-0,1644092
0,01415561
-0,2296092
-0,1704345
0,01415561
-0,2296092
-0,1704345
0,006758156
-0,2217944
-0,1558333
0,007228727
-0,2275685
-0,1632215
0,006533248
-0,3088853
-0,2173896
0,006533248
-0,3088853
-0,2173896
-0,0004823492
-0,346386
-0,2322251
-0,0005142367
-0,3241991
-0,2204001
-0,0005142367
-0,3241991
-0,2204001
-0,003581393
-0,4077247
-0,2784669
-0,001383352
-0,3743316
-0,2642347
-0,001383352
-0,3743316
-0,2642347
0,02345801
-0,576337
-0,4851517
0,03022771
-0,4705769
-0,433499
0,03022771
-0,4705769
-0,433499
0,08352502
-0,6668144
-0,7520974
0,08330914
-0,40751
-0,5592054
0,09886335
-0,3251917
-0,5513101
0,09886335
-0,3251917
-0,5513101
0,1594103
-0,5651573
-0,9853097
0,08662377
-0,3880914
-0,640284
0,08662377
-0,3880914
-0,640284
0,2645449
-0,128885
-1,022241
0,1145876
0,01156449
-0,4281303
0,1145876
0,01156449
-0,4281303
0,08382335
0,1127725
-0,3790125
0,06279579
0,10637
-0,2623649
0,1044895
0,2413171
-0,2510662
0,1044895
0,2413171
-0,2510662
0,2205785
0,4156576
-0,5704359
0,1591974
0,3382261
-0,3944397
0,1591974
0,3382261
-0,3944397
0,1951813
0,4337702
-0,4941095
0,1786756
0,3613666
-0,4751194
0,1786756
0,3613666
-0,4751194
0,1917333
0,5093551
-0,4838987
0,1225862
0,3800473
-0,3105706
0,1225862
0,3800473
-0,3105706
0,1484165
0,5088621
-0,329165
0,1165888
0,3784083
-0,2909604
0,09429383
0,2730325
-0,2715926
0,09429383
0,2730325
-0,2715926
0,1583285
0,3415718
-0,5023194
0,1402966
0,3251439
-0,43459
0,1402966
0,3251439
-0,43459
0,1171864
0,4055053
-0,3493008
0,08150068
0,3407573
-0,23938
0,08150068
0,3407573
-0,23938
0,09531167
0,4080957
-0,2970943
0,08850237
0,3557163
-0,2745408
0,08505812
0,3349266
-0,2346013
0,08505812
0,3349266
-0,2346013
0,1211632
0,4480392
-0,3683214
0,09173342
0,3321421
-0,3073519
0,09173342
0,3321421
-0,3073519
0,140003
0,5544705
-0,4250594
0,106144
0,4425498
-0,301704
0,106144
0,4425498
-0,301704
0,1599811
0,677136
-0,4437694
0,1142709
0,4311641
-0,3767266
0,1142709
0,4311641
-0,3767266
0,1849249
0,6973016
-0,6662691
0,1066409
0,4429497
-0,3696431
0,06426093
0,3361597
-0,2702934
0,06426093
0,3361597
-0,2702934
0,01803062
0,3499631
-0,2917354
-0,02168396
0,1702131
-0,01825194
-0,02168396
0,1702131
-0,01825194
-0,004955855
0,3359533
-0,1932675
0,01331474
0,2241681
-0,1674891
0,01331474
0,2241681
-0,1674891
-0,00596399
0,3888195
-0,1753303
-0,01110314
0,2704413
-0,05724921
-0,001465785
0,1807445
-0,154059
-0,001465785
0,1807445
-0,154059
-0,001318167
0,295596
-0,3318616
-0,006164144
0,1751177
-0,2010917
-0,006164144
0,1751177
-0,2010917
-0,04710619
0,1915823
-0,1988529
-0,05504315
0,1070153
-0,03777962
-0,05504315
0,1070153
-0,03777962
-0,06798411
0,05549667
-0,03603421
-0,03807263
0,06108258
-0,1306343
-0,03807263
0,06108258
-0,1306343
-0,05183449
0,2611808
-0,2948985
-0,04305048
0,1191926
-0,1516558
-0,02530054
0,1220153
-0,1271612
-0,02530054
0,1220153
-0,1271612
-0,01863422
0,3073162
-0,2374877
-0,01412733
0,2324058
-0,1549897
-0,01412733
0,2324058
-0,1549897
-0,02327779
0,1078496
-0,2148858
-0,01572913
0,1385947
-0,2105825
-0,01572913
0,1385947
-0,2105825
-0,008159706
0,2293867
-0,2435995
-0,01519458
0,1707528
-0,1519711
-0,02139832
0,09068427
-0,0497912
-0,02139832
0,09068427
-0,0497912
-0,05238054
0,03324546
-0,04086553
-0,04401528
0,007662244
-0,0471135
-0,04401528
0,007662244
-0,0471135
-0,03481451
0,0354063
-0,1425472
-0,02716161
0,03978757
-0,1155496
-0,02716161
0,03978757
-0,1155496
-0,01852749
0,06336663
-0,1983971
-0,01916899
0,05147634
-0,1601046
-0,01916899
0,05147634
-0,1601046
-0,02825937
0,04665774
-0,1810554
-0,02034169
0,04999378
-0,2122201
-0,01141375
0,04669035
-0,166354
-0,01141375
0,04669035
-0,166354
-0,007649012
0,09139553
-0,2424643
-0,009919646
0,06235078
-0,2222815
-0,009919646
0,06235078
-0,2222815
-0,02152255
-0,003186046
-0,225713
-0,02322098
-0,005235441
-0,2054658
-0,02322098
-0,005235441
-0,2054658
-0,0284017
0,02774013
-0,2132089
-0,0266537
0,02267435
-0,2043585
-0,02113834
0,008839591
-0,1838697
-0,02113834
0,008839591
-0,1838697
-0,01875747
0,02251227
-0,2105113
-0,02318818
0,01000241
-0,1791892
-0,02318818
0,01000241
-0,1791892
-0,03416602
0,002689889
-0,1566077
-0,03621703
0,007348996
-0,1282691
-0,03621703
0,007348996
-0,1282691
-0,04263291
-0,008403931
-0,0945306
-0,03811847
0,0001095364
-0,08784916
-0,03844677
0,03584598
-0,1075972
-0,03844677
0,03584598
-0,1075972
-0,03905158
0,08482158
-0,1941939
-0,02946025
0,0925361
-0,211097
-0,02946025
0,0925361
-0,211097
-0,0175655
0,09799652
-0,2895851
-0,008968993
0,09668805
-0,3015592
-0,008968993
0,09668805
-0,3015592
0,006780013
0,1019268
-0,3311027
0,01405374
0,1076847
-0,351421
0,01405374
0,1076847
-0,351421
0,01906216
0,08254059
-0,3124496
0,02172331
0,07675673
-0,3262572
0,02457818
0,07310925
-0,341284
0,02457818
0,07310925
-0,341284
0,02795184
0,06658758
-0,3490913
0,02849503
0,0597005
-0,3547084
0,02849503
0,0597005
-0,3547084
0,03211425
0,05257854
-0,4062919
0,03274064
0,05691995
-0,4045788
0,03274064
0,05691995
-0,4045788
0,05648012
0,07730868
-0,7353361
0,04985324
0,0544038
-0,6783687
0,001124639
0,03649012
-0,4653094
0,001124639
0,03649012
-0,4653094
-0,03823873
0,01745669
-0,2226287
-0,0386554
0,0004195385
-0,2102788
-0,0386554
0,0004195385
-0,2102788
-0,04477073
0,002573735
-0,1472634
0,02430873
0,006138729
-0,2639325
0,02430873
0,006138729
-0,2639325
0,03821127
-0,001647474
-0,4783745
0,03337529
-0,01426029
-0,4590847
0,03337529
-0,01426029
-0,4590847
0,05369683
-0,02425592
-0,8501886
0,0451107
-0,0119482
-0,7560976
0,04340545
-0,01587976
-0,8131583
0,04340545
-0,01587976
-0,8131583
0,05674101
0,004900055
-1,295033
0,03711862
0,01556944
-0,9642482
0,03711862
0,01556944
-0,9642482
0,033805
0,03835751
-1,297606
0,01460276
0,02611341
-0,8423738
0,01460276
0,02611341
-0,8423738
-0,01515701
-0,09889508
-1,130964
-0,01397621
-0,0508923
-0,4625791
-0,01331476
-0,01932106
-0,3732041
-0,01331476
-0,01932106
-0,3732041
-0,03420114
-0,09749483
-0,7304893
-0,01271261
-0,01349904
-0,3983433
-0,01271261
-0,01349904
-0,3983433
-0,02719436
-0,085913
-0,6428772
-0,02611214
-0,1114245
-0,4270858
-0,02611214
-0,1114245
-0,4270858
-0,03738539
-0,1022506
-0,6436074
-0,02166807
-0,03031921
-0,3948909
-0,01717065
-0,03069018
-0,2663854
-0,01717065
-0,03069018
-0,2663854
-0,02033824
-0,004424421
-0,379457
-0,0209923
-0,02087922
-0,3391076
-0,0209923
-0,02087922
-0,3391076
-0,03668709
-0,06646447
-0,459479
-0,02728452
-0,03293731
-0,3595504
-0,02728452
-0,03293731
-0,3595504
-0,02398534
0,01471086
-0,3647226
-0,02041196
0,02277224
-0,322277
-0,02041196
0,02277224
-0,322277
-0,02333683
0,0355053
-0,3871477
-0,02463379
0,02114953
-0,3745631
-0,02248526
0,01683378
-0,3446865
-0,02248526
0,01683378
-0,3446865
-0,026599
0,002884487
-0,3934814
-0,02833497
-0,00560269
-0,3819854
-0,02833497
-0,00560269
-0,3819854
-0,02737227
0,06457507
-0,4545583
-0,02999995
0,0568581
-0,4497171
-0,02999995
0,0568581
-0,4497171
-0,02924208
0,09289787
-0,4627075
-0,03173554
0,07358868
-0,4499179
-0,03173554
0,07358868
-0,4499179
-0,03666842
0,05643614
-0,4448309
-0,03899829
0,04144886
-0,433648
-0,02975049
0,03699233
-0,3239667
-0,02975049
0,03699233
-0,3239667
-0,02620477
0,03370698
-0,2778309
-0,02631843
0,02380642
-0,2696106
-0,02631843
0,02380642
-0,2696106
-0,01694307
-0,004703951
-0,1507819
-0,01868858
-0,00537285
-0,1629884
-0,01868858
-0,00537285
-0,1629884
0,00486123
0,01471453
-0,1554753
0,0129477
0,023306
-0,1505655
0,007048115
0,0273894
-0,1499863
0,007048115
0,0273894
-0,1499863
-0,00333894
0,02031566
-0,1321688
-0,004171338
0,01732464
-0,1256681
-0,004171338
0,01732464
-0,1256681
-0,00378881
0,01680536
-0,1389473
-0,002460223
0,01123462
-0,1284404
-0,002460223
0,01123462
-0,1284404
-0,008364953
0,01205881
-0,1476504
-0,001553595
0,0189622
-0,1425124
-0,05999877
-0,001940543
-0,3544185
-0,05999877
-0,001940543
-0,3544185
-0,09724286
-0,007174612
-0,5613119
-0,09568098
-0,02067328
-0,5400259
-0,09568098
-0,02067328
-0,5400259
-0,2210073
-0,07427518
-1,20306
-0,198521
-0,06635845
-1,065579
-0,198521
-0,06635845
-1,065579
-0,3172038
-0,1145503
-1,648133
-0,2560654
-0,0846886
-1,308673
-0,2560654
-0,0846886
-1,308673
-0,3400137
-0,1183205
-1,661848
-0,2392165
-0,08837274
-1,140963
-0,2412589
-0,1007142
-1,124521
-0,2412589
-0,1007142
-1,124521
closestDistance
0,2610854
0,2610854
0,2389134
0,2296722
0,2312801
0,2312801
0,2360559
0,2361846
0,2361846
0,2468212
0,2571582
0,2571582
0,2676316
0,2727437
0,2838434
0,2856822
0,3108914
0,3319301
0,3319301
0,3344665
0,3238397
0,3238397
0,3155366
0,3218032
0,3303955
0,3316225
0,3445619
0,3359343
0,3302645
0,3092929
0,3137721
0,3137721
0,3167396
0,314388
0,314388
0,3127477
0,3135806
0,3170653
0,3166578
0,3221337
0,3207903
0,3217624
0,3172485
0,3152705
0,3152705
0,3158492
0,3191764
0,3237918
0,3237918
0,3256568
0,3216193
0,3216193
0,3065592
0,2981544
0,2981544
0,2879221
0,2895817
0,2871728
0,2917875
0,287717
0,2875102
0,2807252
0,2690979
0,2665415
0,2665415
0,2729463
0,2791179
0,2791179
0,2841454
0,2907255
0,2873299
0,2805189
0,276576
0,2771917
0,2771917
0,2791409
0,2821703
0,2821703
0,2857374
0,2976952
0,2976952
0,3125528
0,3210655
0,3310626
0,3323046
0,3423312
0,3479217
0,3479217
0,3681812
0,3678409
0,3678409
0,3584431
0,357065
0,3531745
0,3514083
0,3544332
0,3605952
0,3626498
0,3515197
0,3314458
0,3324576
0,3289641
0,3330563
0,3330563
0,3349409
0,3346635
0,3356379
0,3356379
0,3367453
0,3340745
0,3340136
0,3223528
0,3169865
0,3155273
0,3111503
0,3116059
0,3130882
0,3130882
0,312644
0,3046384
0,3096783
0,2864439
0,2785204
0,2728894
0,2590036
0,2580534
0,2587813
0,2570303
0,2557658
0,2609422
0,2609422
0,2634737
0,2689136
0,2689136
0,2728739
0,2725852
0,2725852
0,2752096
0,2791293
0,2723776
0,2723776
0,2727978
0,2738456
0,2798455
0,2815242
0,2861682
0,2861682
0,2932811
0,2967437
0,2945985
0,2945985
0,2890384
0,2834342
0,2834342
0,2909499
0,314863
0,3098889
0,2992284
0,2821483
0,2835802
0,2742862
0,2887523
0,3162426
0,3143807
0,3432221
0,327856
0,3337336
0,3182775
0,3262824
0,3186945
0,3312203
0,3171042
0,3083371
0,3083371
0,303353
0,3007653
0,3025466
0,3075885
0,3116725
0,3097299
0,2982419
0,2971794
0,2971794
0,3068241
0,3092522
0,311345
0,311345
0,3177751
0,3226455
0,3263874
0,3309896
0,321794
0,325483
0,3083281
0,3048039
0,2980579
0,2980579
0,3069435
0,3175595
0,3175595
0,3470625
0,3567246
0,3512563
0,3626037
0,3687811
0,3687277
0,3989149
0,3980562
0,4015265
0,4015265
0,394721
0,3712016
0,3712016
0,3346656
0,3338205
0,3338205
0,3292588
0,3344311
0,3369597
0,338442
0,3387206
0,3327244
0,3327244
0,3292309
0,3285859
0,3285859
0,3299605
0,3307993
0,3328404
0,3328404
0,3384142
0,3342996
0,3342996
0,3323245
0,3334392
0,3309534
0,3282731
0,3291383
0,3291383
0,3271729
0,3233232
0,3243013
0,321204
0,3180737
0,3164176
0,3204203
0,3126522
0,305731
0,305731
0,3075869
0,3097547
0,3111036
0,3111036
0,3130551
0,3137491
0,3137491
0,3154475
0,3161039
0,3161039
0,3184918
0,3202105
0,3202105
0,324448
0,3228425
0,3221101
0,323703
0,3222533
0,3214215
0,3214215
0,3212749
0,3233947
0,3233947
0,3219901
0,3218629
0,3207204
0,3243177
0,3198583
0,3098282
0,3098282
0,3107417
0,3107894
0,3107894
0,3079593
0,306859
0,306859
0,3047546
0,301976
0,2986917
0,2986917
0,2927479
0,2922993
0,2922993
0,2873893
0,2879896
0,2879896
0,2871455
0,2863894
0,2875119
0,2875119
0,284802
0,2851901
0,2851901
0,2837964
0,2840577
0,2840577
0,2857645
0,2857366
0,2881323
0,2881323
0,2889369
0,2893385
0,2911838
0,2893254
0,2908705
0,2908705
0,2887859
0,2889679
0,2889679
0,2886986
0,2922534
0,2913432
0,2913432
0,2873196
0,288579
0,2783516
0,2746957
0,2864415
0,2864415
0,2793918
0,2851536
0,2596276
0,2824508
0,2813607
0,2822199
0,2589132
0,2571501
0,2735686
0,2533285
0,2437949
0,2471773
0,2471773
0,2488901
0,2459865
0,2472498
0,2433269
0,2458338
0,2737221
0,2737221
0,2723468
0,2576964
0,2721725
0,2695908
0,2684633
0,2688559
0,2589869
0,2594343
0,2662738
0,2662738
0,2647876
0,2590868
0,2590868
0,2577302
0,258965
0,258965
0,2553892
0,258334
0,259985
0,259985
0,2584356
0,2589113
0,2589113
0,2586867
0,2471195
0,2471195
0,2451013
0,2444423
0,2460793
0,2460793
0,2434678
0,2412381
0,2412381
0,2361345
0,2322805
0,2322805
0,2282098
0,226408
0,225836
0,225836
0,2235392
0,2244076
0,2244076
0,2215081
0,2191638
0,2191638
0,2175692
0,2145744
0,2145744
0,2099374
0,2074165
0,2053637
0,2053637
0,200427
0,1992909
0,1992909
0,1984157
0,1972934
0,1972934
0,1958254
0,1956258
0,1956207
0,1956207
0,1962344
0,1964807
0,1964807
0,197325
0,1956044
0,1980492
0,2011908
0,2021102
0,2021102
0,2028767
0,2028434
0,2022807
0,2022807
0,1986664
0,1977956
0,1977956
0,1912337
0,189845
0,189845
0,1881347
0,1830994
0,181925
0,181925
0,1776481
0,1756361
0,1756361
0,1734927
0,1718571
0,1718571
0,1711129
0,1677408
0,1677408
0,165422
0,1632222
0,1616538
0,1616538
0,1590504
0,1559639
0,1559639
0,1476153
0,1453561
0,1453561
0,1395459
0,1428429
0,139138
0,139138
0,1358887
0,1370524
0,1370524
0,1341178
0,131425
0,1185812
0,1166183
0,1150083
0,1277284
0,1267707
0,1219441
0,1210234
0,1210234
0,1198073
0,1188971
0,1188971
0,1177371
0,1164175
0,1164175
0,1146746
0,1216644
0,1196637
0,1196637
0,1170417
0,1176768
0,1176768
0,1136097
0,11012
0,11012
0,1075236
0,1048822
0,1209112
0,1209112
0,1169079
0,1159273
0,1159273
0,114755
0,1073468
0,1073468
0,1067662
0,1128492
0,1128492
0,1127743
0,1127409
0,1128702
0,1128702
0,1127549
0,1124299
0,1124299
0,1123757
0,1123671
0,1123671
0,1123675
0,1123547
0,1123472
0,1123472
0,1124379
0,1126152
0,1126152
0,1130285
0,1132124
0,1132124
0,1116181
0,1114812
0,1114812
0,111279
0,1109502
0,1106421
0,1106421
0,1106198
0,1162128
0,1162128
0,1157925
0,1152081
0,1152081
0,1153832
0,1158247
0,1164809
0,109441
0,1105959
0,1117317
0,1117317
0,1132314
0,1151526
0,1151526
0,1170995
0,1147532
0,102031
0,1037762
0,1054776
0,1072429
0,1072429
0,1091335
0,1121241
0,1121241
0,1141176
0,1092892
0,1092892
0,1107074
0,1078994
0,1091103
0,1091103
0,1102471
0,1112788
0,1112788
0,1117781
0,1121105
0,1047594
0,1051606
0,111267
0,1038987
0,1044238
0,1102439
0,1104304
0,1124007
0,1161919
0,1178434
0,1106266
0,1103702
0,1279333
0,1188669
0,121061
0,1271852
0,1373044
0,1312391
0,1359759
0,1091936
0,1152149
0,1160543
0,1200617
0,1200617
0,1193592
0,1188021
0,1120698
0,1120698
0,1130921
0,1138427
0,1138427
0,1151478
0,116201
0,116201
0,1168936
0,1179693
0,1179693
0,1190766
0,1205258
0,1059615
0,1059615
0,1067533
0,1070691
0,1070691
0,1075096
0,1079471
0,1162452
0,1175622
0,1067398
0,1076787
0,1076787
0,1112639
0,1090248
0,1090248
0,1102181
0,1127177
0,1080438
0,1096665
0,1120715
0,1120715
0,1162353
0,111605
0,1132939
0,1118606
0,113394
0,110072
0,110072
0,1136946
0,121384
0,1289364
0,1362531
0,1372946
0,147847
0,1677772
0,1857222
0,1979141
0,1951062
0,2089094
0,2086813
0,2131047
0,2180848
0,220117
0,220117
0,2238844
0,223589
0,2201056
0,2201056
0,217705
0,215519
0,215519
0,212408
0,2103748
0,2103748
0,2107549
0,2112328
0,2112932
0,2112932
0,2149039
0,2172918
0,2137408
0,2165741
0,224939
0,224939
0,2284276
0,2302689
0,2269198
0,2269198
0,222488
0,2189105
0,2223349
0,2172675
0,2135277
0,2135277
0,2015151
0,200028
0,1910736
0,1839168
0,1837019
0,179462
0,1775816
0,1685831
0,166557
0,1652938
0,1591085
0,1536942
0,1678102
0,1615735
0,1575691
0,1673471
0,1538526
0,1455626
0,1553194
0,151685
0,1494576
0,1438414
0,1392776
0,1388167
0,135451
0,135451
0,1363395
0,1389809
0,13364
0,1284309
0,1277875
0,1279546
0,1294829
0,1297823
0,1309619
0,1240246
0,1292068
0,1304038
0,1257124
0,1257124
0,1287413
0,1320226
0,1271208
0,130792
0,1348179
0,1348179
0,1391161
0,1444744
0,1406721
0,1406721
0,1429516
0,1435309
0,1531871
0,1534293
0,1534293
0,1522734
0,1516131
0,1516131
0,1502953
0,1493817
0,1524346
0,150324
0,1505737
0,1515005
0,1537564
0,1559153
0,1559153
0,1567865
0,1576768
0,1512118
0,1526095
0,1467243
0,1460983
0,1460983
0,1438245
0,142851
0,142851
0,1433993
0,1500883
0,1500883
0,1502403
0,1511529
0,1512958
0,1496544
0,1494388
0,1484605
0,1484605
0,1474409
0,1464629
0,1464629
0,1460072
0,1448668
0,1390391
0,1393164
0,1373473
0,1364588
0,1364588
0,1373878
0,1418553
0,1545777
0,156012
0,1569411
0,1569411
0,1584055
0,1599415
0,1674504
0,1674504
0,1678542
0,1659107
0,1540098
0,1563171
0,158912
0,158912
0,1628141
0,1667337
0,1707963
0,1707963
0,1765879
0,1761601
0,1761601
0,1814547
0,1890472
0,190911
0,1954992
0,2021996
0,2021996
0,210376
0,2153249
0,2185112
0,2185112
0,2259964
0,2336555
0,2348375
0,2376254
0,2400717
0,2401129
0,2432942
0,2479524
0,2485866
0,2463434
0,2353233
0,2296129
0,2336503
0,2274299
0,2220239
0,2220239
0,2140728
0,2087355
0,2087355
0,2001533
0,1936016
0,1889102
0,1889102
0,1830721
0,1788401
0,1731309
0,1682277
0,1641738
0,1661161
0,1609671
0,1562355
0,1523664
0,156034
0,1517803
0,1414144
0,1414144
0,1382593
0,1426758
0,1426758
0,1397254
0,1368573
0,1436291
0,1399792
0,1366738
0,1333225
0,1333225
0,1286811
0,1245562
0,1311409
0,1283371
0,1262763
0,1262763
0,1250036
0,1241291
0,1236385
0,1236385
0,1235087
0,1234865
0,1234865
0,1234131
0,1109984
0,1109984
0,1106789
0,1103413
0,1103413
0,1098768
0,1094423
0,1089475
0,1089475
0,1085215
0,1081423
0,1081423
0,1076932
0,1078852
0,1078852
0,1078826
0,1080955
0,1084277
0,1084277
0,1088158
0,109327
0,1095255
0,1093884
0,1094302
0,1094302
0,1094915
0,1094516
0,1094022
0,1094022
0,1093959
0,1094071
0,1094071
0,1093969
0,1093832
0,1093832
0,1093693
0,1093391
0,1093391
0,1093162
0,109281
0,1092511
0,1092511
0,1092875
0,1092489
0,1092489
0,109213
0,1091774
0,1091774
0,1091305
0,108904
0,1107286
0,1100959
0,1110869
0,1212683
0,1139661
0,1157299
0,1289589
0,1289589
0,1516546
0,1829607
0,1786097
0,2307801
0,2637734
0,2938113
0,2971773
0,293452
0,2850274
0,2943385
0,2949271
0,2944618
0,2908453
0,2881487
0,2866471
0,2826099
0,2826099
0,2740453
0,2647709
0,2654816
0,25328
0,2494387
0,2494387
0,2426902
0,2386811
0,2383446
0,2198257
0,2187703
0,2155895
0,2155895
0,2128475
0,2147354
0,2188569
0,2176475
0,2072867
0,2072867
0,2051546
0,2051956
0,2063541
0,2063541
0,2051001
0,2023735
0,2023735
0,1938432
0,1979047
0,1979047
0,1930353
0,189909
0,1854696
0,1866581
0,1788705
0,1814712
0,1814712
0,1791245
0,1625587
0,1625587
0,1683553
0,1754626
0,1842477
0,1912821
0,1825861
0,1826762
0,1826762
0,1805183
0,1777375
0,1777375
0,1740298
0,171517
0,1789069
0,1735866
0,1616513
0,1564523
0,1571265
0,1502817
0,1561044
0,1561044
0,1476206
0,1476206
0,1446386
0,1513384
0,1513384
0,1515191
0,1520745
0,1516615
0,1418414
0,1404614
0,1403051
0,1475465
0,1472742
0,1457049
0,1457049
0,1504722
0,1585061
0,1583367
0,1535669
0,1616827
0,1661342
0,1661342
0,1690827
0,1714014
0,1722983
0,1748046
0,1739563
0,1739563
0,17658
0,182944
0,1839047
0,1850769
0,1854921
0,1850822
0,1850822
0,1846726
0,1762247
0,1797957
0,1733912
0,1692
0,171249
0,171249
0,1665359
0,1658278
0,167832
0,1656124
0,1678226
0,1696546
0,1740618
0,1833475
0,1988738
0,210693
0,2177102
0,2375178
0,2290709
0,2320684
0,2382322
0,2340721
0,2279488
0,2238648
0,2277599
0,223555
0,2173391
0,223185
0,224048
0,2181721
0,2125541
0,2125541
0,21238
0,2141735
0,2131326
0,2176266
0,2047964
0,2028087
0,2010141
0,1956931
0,1932302
0,1932302
0,1904834
0,1887233
0,1904804
0,1888707
0,1756488
0,1733328
0,1709639
0,1693673
0,1672447
0,1672447
0,1645455
0,1629085
0,1599619
0,1579686
0,1658352
0,1608197
0,1593294
0,157895
0,1568544
0,1507972
0,1490992
0,1550111
0,1550111
0,1533827
0,1595423
0,1595423
0,160527
0,1584498
0,1584498
0,1601094
0,1617075
0,1637917
0,1731749
0,1744227
0,1843021
0,1843021
0,1858024
0,1869004
0,1869004
0,1872367
0,1887896
0,1903436
0,1856905
0,1862889
0,1850493
0,1817835
0,1808516
0,1679153
0,1679153
0,1668445
0,1662244
0,1657628
0,1657628
0,1652382
0,1672803
0,1672803
0,1674131
0,167581
0,1611438
0,1610321
0,1630049
0,164395
0,1664836
0,166625
0,1686495
0,1686495
0,1709947
0,1786591
0,1745575
0,1751024
0,1806015
0,1806015
0,1804115
0,1855799
0,1926017
0,1974702
0,2038524
0,2178594
0,2147202
0,2249213
0,2134824
0,2134824
0,215435
0,2158527
0,2158527
0,2236151
0,2233519
0,2424887
0,240096
0,2638024
0,222482
0,2238589
0,2266601
0,2142093
0,2167568
0,210851
0,2084276
0,2063414
0,2063414
0,2061514
0,2041275
0,2041275
0,1981921
0,1962677
0,197122
0,1974304
0,2065227
0,1946876
0,2039929
0,20821
0,2140183
0,2140183
0,2129548
0,203635
0,2045648
0,2020003
0,2039997
0,1978042
0,1946799
0,185619
0,1892442
0,1892442
0,1783684
0,1720286
0,165267
0,1616262
0,1688264
0,1688264
0,1692952
0,1679022
0,1652943
0,1708869
0,1655469
0,1591613
0,1591613
0,1530773
0,1505838
0,1633623
0,1592803
0,1582506
0,1582506
0,1598447
0,1633423
0,1644351
0,1624002
0,1610531
0,1583516
0,1583516
0,1547675
0,1527051
0,1525756
0,1488297
0,1480134
0,1512661
0,1512661
0,1491655
0,1499922
0,1520898
0,1531298
0,1623656
0,1570031
0,1559341
0,1638304
0,1658811
0,1645819
0,1640064
0,1648189
0,1665335
0,1676176
0,1676176
0,1696469
0,1756908
0,1729875
0,1729875
0,1735487
0,1691273
0,1691273
0,1727289
0,1847589
0,1858194
0,18781
0,1805821
0,1805821
0,185313
0,1884561
0,1893316
0,1893316
0,195694
0,1854568
0,1854568
0,1909854
0,1946462
0,1946462
0,2046098
0,2112498
0,2140232
0,2140232
0,2171074
0,2212623
0,2167003
0,2173975
0,1914863
0,1914863
0,1921664
0,1928196
0,1904205
0,1915952
0,1899762
0,1909678
0,1919676
0,1930605
0,1918816
0,1893879
0,1919561
0,1922774
0,1896987
0,1959493
0,1946194
0,1938848
0,1938848
0,1843888
0,1834861
0,1808602
0,1813417
0,1776282
0,1776282
0,1765031
0,1684141
0,1734913
0,1729368
0,1681463
0,1473611
0,1473611
0,140893
0,1370451
0,1400366
0,1379587
0,1366269
0,1361865
0,1350612
0,1226072
0,1305581
0,1231621
0,1236017
0,1251683
0,1251683
0,125224
0,1255707
0,119609
0,1200268
0,1206625
0,1220099
0,1219535
0,1232526
0,1249263
0,1249263
0,1276953
0,1358222
0,1343678
0,1369563
0,1398151
0,1398151
0,1444702
0,1478637
0,1529613
0,1678525
0,1729491
0,1782705
0,1825725
0,1872515
0,1870209
0,1778313
0,1768247
0,1757994
0,1722045
0,1722045
0,1673437
0,1637765
0,16713
0,1632901
0,1611142
0,1629653
0,1579958
0,1546568
0,1546568
0,1501603
0,1517531
0,1448227
0,1448227
0,1491393
0,1586519
0,1570454
0,1580981
0,1557062
0,1557062
0,1569536
0,158875
0,1553123
0,1553123
0,1592831
0,1630732
0,1667492
0,1711631
0,1747179
0,1747179
0,1809511
0,1844407
0,1874232
0,199977
0,2077107
0,2229134
0,2196798
0,2253922
0,2176666
0,2069146
0,2038197
0,2010779
0,1999498
0,1974131
0,1971256
0,1947706
0,1947706
0,1895864
0,1865868
0,1865868
0,1840134
0,18683
0,18683
0,1868735
0,185063
0,1822304
0,1786886
0,1799874
0,1787441
0,1787441
0,1770033
0,1763194
0,1763194
0,173791
0,1722097
0,1722097
0,1696685
0,1684878
0,1647605
0,1647605
0,1646912
0,1642814
0,1642814
0,1623968
0,1609686
0,1609686
0,1583077
0,1566733
0,1566733
0,1543912
0,1516508
0,1495981
0,1490398
0,1461925
0,1435197
0,1391164
0,1358303
0,1329106
0,1329106
0,130338
0,1351273
0,1327145
0,1277775
0,1250333
0,1227466
0,1227466
0,1208817
0,1195336
0,1195336
0,1185969
0,1178171
0,1244855
0,1316611
0,1300968
0,1284299
0,1284299
0,1258307
0,1242008
0,1242008
0,1234147
0,1205395
0,1130619
0,112269
0,1117125
0,1140181
0,1140181
0,1135124
0,1079198
0,1184475
0,1171622
0,1165266
0,1249229
0,1232894
0,1147171
0,1061839
0,1061839
0,1084908
0,1073171
0,1073171
0,1090968
0,1105764
0,104845
0,1064903
0,1234378
0,1234378
0,1295517
0,1326834
0,1506368
0,1447656
0,161982
0,1763382
0,1689122
0,1891958
0,2089346
0,2089346
0,22621
0,2334241
0,2395698
0,2517571
0,2382504
0,2312241
0,2312241
0,2195407
0,2128185
0,2128185
0,2012515
0,1968425
0,1922966
0,1922966
0,1863089
0,1808836
0,1754009
0,1676369
0,1618799
0,1645249
0,158953
0,1542487
0,1542487
0,148855
0,1464188
0,141921
0,141921
0,1368169
0,1319943
0,1391831
0,133628
0,1284717
0,1315054
0,1288218
0,1265579
0,1265579
0,1246333
0,1231188
0,1099958
0,1166766
0,1158646
0,1151937
0,1097416
0,1088914
0,1080515
0,1080515
0,1079415
0,1081665
0,1093279
0,1093279
0,109246
0,1091751
0,1091751
0,1091784
0,109151
0,109151
0,1091509
0,1093706
0,1087408
0,111878
0,1139111
0,1137113
0,1137113
0,1149181
0,1243273
0,1267969
0,1474386
0,1580296
0,1501894
0,1733898
0,19675
0,2092196
0,2092196
timeStamps
11,48628
11,49991
11,51372
11,52792
11,54148
11,55546
11,56936
11,58341
11,59748
11,61126
11,62535
11,63922
11,65305
11,66745
11,68097
11,69489
11,70867
11,72309
11,73662
11,75046
11,76444
11,77838
11,79221
11,80642
11,82049
11,83406
11,84795
11,86183
11,87569
11,88996
11,90398
11,91784
11,93165
11,94543
11,95924
11,97333
11,98702
12,00113
12,01492
12,0289
12,04295
12,05676
12,07072
12,08499
12,0986
12,11266
12,12666
12,14037
12,15442
12,16817
12,18193
12,19596
12,20999
12,22406
12,23825
12,25171
12,26593
12,27946
12,2934
12,30738
12,32129
12,33527
12,3492
12,36317
12,37723
12,39131
12,40493
12,4186
12,43244
12,44707
12,46072
12,47439
12,4882
12,50226
12,5161
12,53029
12,54397
12,55815
12,57179
12,58593
12,59979
12,61378
12,62776
12,6415
12,65561
12,66943
12,68328
12,69715
12,71129
12,72514
12,73922
12,75281
12,76669
12,7808
12,79464
12,80843
12,82259
12,83642
12,85051
12,86432
12,87814
12,89211
12,90621
12,91998
12,93423
12,94804
12,96168
12,97568
12,98945
13,00356
13,01747
13,0313
13,04564
13,05927
13,07302
13,08705
13,10103
13,11476
13,12891
13,14272
13,1567
13,17079
13,18442
13,19883
13,21232
13,22621
13,2402
13,25421
13,26795
13,28189
13,29591
13,30974
13,32389
13,33776
13,35157
13,36545
13,37952
13,39352
13,40752
13,42126
13,43513
13,44971
13,46299
13,47697
13,49087
13,50473
13,51881
13,53263
13,54631
13,56048
13,57451
13,58859
13,60209
13,61621
13,63012
13,64388
13,65769
13,67191
13,68567
13,69948
13,71362
13,7277
13,74125
13,75531
13,76954
13,78313
13,79703
13,81105
13,82498
13,83884
13,85264
13,86683
13,8806
13,89464
13,90849
13,92227
13,93663
13,95069
13,96435
13,97791
13,99196
14,00588
14,01972
14,03374
14,04769
14,06164
14,07544
14,08946
14,10341
14,11718
14,13111
14,14527
14,15904
14,17306
14,18708
14,2008
14,2147
14,22897
14,24257
14,25665
14,27058
14,28443
14,29851
14,3121
14,32603
14,34
14,35395
14,36798
14,38191
14,3959
14,40943
14,4236
14,43758
14,45163
14,46518
14,47923
14,49307
14,50706
14,5208
14,53489
14,54873
14,56281
14,57663
14,59061
14,60462
14,61874
14,63248
14,64615
14,66049
14,67444
14,68843
14,7021
14,71602
14,72974
14,74366
14,75752
14,77191
14,78545
14,79941
14,81335
14,82727
14,84129
14,8552
14,86896
14,88305
14,89695
14,91077
14,92478
14,93877
14,95276
14,96657
14,98077
14,99438
15,00829
15,02265
15,03599
15,04988
15,06425
15,07805
15,09206
15,10566
15,11948
15,13382
15,14755
15,1616
15,17526
15,18918
15,20313
15,21702
15,23153
15,24535
15,25869
15,27277
15,28666
15,30051
15,31461
15,32853
15,34236
15,35623
15,37037
15,38392
15,39837
15,41172
15,42582
15,43973
15,45398
15,4676
15,48164
15,49566
15,50943
15,52362
15,53718
15,55123
15,5652
15,57902
15,59296
15,60681
15,62112
15,63496
15,64888
15,66297
15,67691
15,69078
15,70424
15,71863
15,73255
15,74628
15,76009
15,77447
15,78792
15,802
15,81581
15,82977
15,84348
15,85749
15,87146
15,88547
15,89943
15,91331
15,9272
15,94115
15,95534
15,96884
15,98313
15,99686
16,01094
16,02472
16,03839
16,0524
16,06664
16,08067
16,09417
16,10835
16,12232
16,13615
16,15008
16,16382
16,17763
16,19151
16,20572
16,21962
16,23348
16,24722
16,2613
16,27525
16,28948
16,30328
16,31714
16,33119
16,34523
16,35917
16,37257
16,38715
16,40009
16,41401
16,428
16,44213
16,45605
16,46994
16,48376
16,49802
16,51159
16,52575
16,53953
16,55344
16,56747
16,58147
16,59528
16,60948
16,62317
16,63716
16,65102
16,66488
16,67888
16,69317
16,70686
16,72077
16,73487
16,74856
16,76269
16,77622
16,79035
16,80419
16,81822
16,83194
16,84607
16,86009
16,87381
16,88767
16,90185
16,91566
16,92949
16,94336
16,95749
16,97143
16,98519
16,99944
17,01301
17,02737
17,04113
17,05467
17,06861
17,08281
17,09649
17,11053
17,12441
17,1383
17,15241
17,16639
17,18039
17,19397
17,20792
17,22182
17,23631
17,24983
17,26385
17,27768
17,29187
17,30539
17,3192
17,33307
17,34709
17,36127
17,37513
17,38889
17,40291
17,41671
17,43066
17,44457
17,45882
17,47299
17,48663
17,50039
17,51433
17,52834
17,54231
17,55619
17,57021
17,58416
17,59799
17,61186
17,62555
17,63955
17,65338
17,66724
17,68149
17,69558
17,70945
17,72313
17,73709
17,75101
17,76506
17,77871
17,79297
17,80656
17,82056
17,83474
17,84869
17,86234
17,87612
17,89003
17,90429
17,91788
17,93192
17,94581
17,95985
17,97358
17,98747
18,00232
18,01532
18,02962
18,04316
18,05721
18,07104
18,08493
18,09904
18,113
18,1268
18,14112
18,15482
18,16864
18,1824
18,19648
18,21042
18,22434
18,23851
18,25208
18,26617
18,28014
18,29394
18,30762
18,32153
18,33592
18,34983
18,36344
18,37753
18,39142
18,40558
18,41931
18,43316
18,44741
18,46084
18,47477
18,48868
18,50281
18,51655
18,53079
18,54463
18,55834
18,57257
18,58674
18,60023
18,61431
18,62798
18,64211
18,65572
18,66965
18,684
18,69768
18,71157
18,72546
18,73938
18,75346
18,76719
18,7812
18,79525
18,80915
18,82318
18,83683
18,8508
18,86482
18,87874
18,89266
18,90659
18,92039
18,93428
18,94831
18,96239
18,97633
18,99031
19,00378
19,01823
19,03199
19,04566
19,05969
19,07351
19,08744
19,10125
19,11545
19,1297
19,14314
19,15709
19,17104
19,18503
19,19887
19,21286
19,22655
19,24075
19,25448
19,26844
19,28252
19,29648
19,31038
19,32406
19,33803
19,35188
19,36582
19,37987
19,3939
19,40809
19,42159
19,43545
19,44962
19,46334
19,47747
19,49117
19,5051
19,51902
19,53295
19,54699
19,56094
19,57513
19,58854
19,60251
19,61638
19,63031
19,64421
19,65818
19,67213
19,68619
19,70024
19,71427
19,72803
19,74185
19,7557
19,76979
19,78354
19,79771
19,81158
19,82547
19,8392
19,8534
19,86734
19,88112
19,8952
19,90903
19,92291
19,93671
19,95049
19,96477
19,97855
19,99226
20,00646
20,02063
20,03405
20,04814
20,06196
20,07586
20,08975
20,10389
20,11788
20,13164
20,14562
20,1596
20,17338
20,18741
20,20135
20,21535
20,22943
20,24311
20,25688
20,27109
20,28499
20,29882
20,31268
20,3265
20,34033
20,35443
20,36839
20,38211
20,39609
20,4101
20,42411
20,43794
20,45182
20,46574
20,47961
20,49368
20,50752
20,52167
20,53533
20,54933
20,56335
20,57733
20,59152
20,60521
20,6188
20,63277
20,64713
20,66061
20,67491
20,68894
20,70232
20,7164
20,73043
20,74422
20,75813
20,77196
20,78592
20,80007
20,81386
20,82791
20,84212
20,85553
20,86962
20,88356
20,89727
20,91135
20,9251
20,93942
20,95297
20,96722
20,98088
20,99483
21,00887
21,0227
21,03654
21,05067
21,06444
21,07845
21,09255
21,10639
21,12034
21,13429
21,14814
21,16201
21,17557
21,18982
21,2035
21,21767
21,23142
21,24537
21,25912
21,27313
21,28712
21,30128
21,31493
21,32901
21,34311
21,35682
21,37066
21,3849
21,39855
21,41263
21,42655
21,44043
21,45414
21,46854
21,48209
21,49603
21,51004
21,52427
21,53829
21,55179
21,5663
21,5804
21,59509
21,60943
21,63468
21,64864
21,66298
21,67701
21,69056
21,70444
21,71856
21,73238
21,74648
21,77444
21,78852
21,80236
21,8161
21,83048
21,84395
21,85796
21,87196
21,88574
21,8999
21,91369
21,9278
21,94157
21,95541
21,96919
21,98353
21,9974
22,01117
22,0252
22,03901
22,05298
22,06764
22,08087
22,09487
22,10841
22,12255
22,13642
22,15023
22,16423
22,17812
22,19223
22,20605
22,22012
22,23386
22,24816
22,26224
22,27542
22,28936
22,30331
22,31732
22,33136
22,34512
22,35935
22,37298
22,38732
22,40097
22,41472
22,42896
22,44262
22,45666
22,47072
22,48442
22,49857
22,51253
22,52668
22,5402
22,55396
22,56821
22,58228
22,59599
22,60966
22,62371
22,63766
22,65178
22,66605
22,67959
22,69339
22,70714
22,72096
22,73501
22,74905
22,76286
22,77675
22,79077
22,80487
22,81874
22,83239
22,84681
22,86028
22,87429
22,88831
22,90202
22,91641
22,92988
22,94378
22,95765
22,97186
22,98564
22,99957
23,01361
23,02756
23,04155
23,05526
23,06944
23,08359
23,0971
23,11089
23,12503
23,13914
23,15259
23,16673
23,18046
23,19442
23,20839
23,22228
23,23638
23,25034
23,26396
23,27835
23,29201
23,30582
23,31961
23,33387
23,34771
23,36154
23,37553
23,38921
23,40339
23,4171
23,43122
23,44526
23,45893
23,47294
23,48697
23,50085
23,51478
23,52853
23,54283
23,55664
23,5704
23,58426
23,59833
23,61218
23,62593
23,6398
23,6541
23,66767
23,68176
23,69575
23,70962
23,72343
23,73745
23,75165
23,76517
23,77922
23,79306
23,80709
23,82118
23,8348
23,84881
23,86312
23,87666
23,89058
23,90466
23,91865
23,93221
23,94612
23,96023
23,97423
23,98806
24,00189
24,01584
24,03003
24,04375
24,05754
24,07162
24,08555
24,09952
24,11336
24,12724
24,1414
24,15519
24,1689
24,18293
24,19703
24,21137
24,2248
24,23871
24,25259
24,26665
24,28046
24,29432
24,30819
24,32227
24,33597
24,35007
24,3639
24,37794
24,39194
24,40575
24,41962
24,43364
24,44758
24,46147
24,47552
24,48914
24,50321
24,51701
24,53156
24,54525
24,55864
24,57275
24,5867
24,60052
24,61441
24,62855
24,64229
24,65658
24,6702
24,68418
24,69831
24,71197
24,72591
24,73976
24,75374
24,7681
24,78159
24,79555
24,80978
24,82335
24,83732
24,85145
24,86506
24,87887
24,89293
24,90697
24,92094
24,93481
24,94874
24,96285
24,97706
24,99028
25,0044
25,0183
25,03237
25,04602
25,06008
25,07398
25,08833
25,10182
25,11607
25,1297
25,14363
25,1575
25,17121
25,18521
25,19909
25,21316
25,22727
25,24099
25,25508
25,26885
25,28277
25,2966
25,31068
25,32458
25,33846
25,35267
25,36646
25,38042
25,39436
25,40833
25,42301
25,4378
25,46364
25,47734
25,49119
25,50521
25,51982
25,53344
25,54763
25,56107
25,5753
25,58896
25,60276
25,61673
25,63064
25,64459
25,65891
25,67242
25,68648
25,70071
25,71446
25,72899
25,74389
25,75795
25,77119
25,78408
25,79696
25,81135
25,8252
25,83912
25,85295
25,86711
25,88126
25,89518
25,90894
25,92317
25,93702
25,95083
25,96474
25,97873
25,9927
26,00675
26,02057
26,03475
26,04843
26,06262
26,07644
26,09031
26,10419
26,11811
26,13254
26,14602
26,15989
26,17398
26,18799
26,20179
26,21577
26,22982
26,24377
26,25791
26,27173
26,28538
26,29942
26,31353
26,32709
26,34117
26,35524
26,36862
26,38237
26,39635
26,41029
26,42445
26,43888
26,45266
26,46653
26,48054
26,49495
26,50852
26,52218
26,53576
26,54964
26,56331
26,57731
26,59138
26,60556
26,61935
26,63303
26,6474
26,66089
26,67485
26,68888
26,70286
26,71671
26,73068
26,7446
26,75858
26,77237
26,78617
26,80064
26,81411
26,82838
26,84206
26,85586
26,8699
26,88404
26,89769
26,91155
26,92565
26,93936
26,95353
26,96793
26,98152
26,9954
27,00926
27,02319
27,03737
27,05134
27,06483
27,07898
27,09267
27,10697
27,12099
27,13473
27,14826
27,16232
27,17609
27,19002
27,20393
27,21803
27,23216
27,2457
27,26031
27,27373
27,28761
27,30156
27,31555
27,32927
27,34331
27,35739
27,37119
27,38497
27,39879
27,41278
27,42673
27,44073
27,45497
27,469
27,48252
27,49642
27,51043
27,52428
27,53823
27,5521
27,5666
27,58027
27,59398
27,60779
27,62201
27,63572
27,64963
27,66347
27,67757
27,69173
27,70543
27,71945
27,73345
27,74706
27,76091
27,77522
27,78868
27,80281
27,81664
27,83041
27,84438
27,85816
27,87251
27,88608
27,90021
27,91419
27,92845
27,94207
27,95584
27,97007
27,98372
27,99768
28,01182
28,02577
28,03977
28,05323
28,06736
28,08131
28,09522
28,10898
28,12293
28,13697
28,1506
28,16457
28,17854
28,19253
28,20635
28,22054
28,2342
28,24811
28,26207
28,27622
28,29028
28,30379
28,31784
28,33219
28,34723
28,36104
28,37471
28,38838
28,40153
28,41537
28,42871
28,44258
28,4565
28,47017
28,48474
28,49884
28,51237
28,52625
28,54008
28,5544
28,56799
28,58224
28,59748
28,61191
28,63845
28,66597
28,68119
28,70723
28,72103
28,73531
28,74958
28,76418
28,77868
28,79251
28,80688
28,83218
28,84593
28,86004
28,87405
28,88797
28,90217
28,91614
28,92985
28,944
28,95783
28,97201
28,98595
29,00011
29,0139
29,02778
29,04172
29,05603
29,06976
29,08379
29,09748
29,11168
29,12555
29,13919
29,15306
29,1671
29,18108
29,19484
29,20893
29,22282
29,23701
29,25047
29,26438
29,27885
29,29225
29,30631
29,32057
29,33425
29,34816
29,36203
29,37622
29,39008
29,40389
29,41816
29,43162
29,44573
29,45937
29,47354
29,4873
29,5013
29,51513
29,5291
29,54288
29,55707
29,57071
29,58461
29,59868
29,61264
29,62649
29,64062
29,65436
29,66834
29,68245
29,69614
29,71036
29,72449
29,73788
29,75172
29,76595
29,77954
29,79345
29,80776
29,8216
29,83584
29,84931
29,86343
29,87733
29,89098
29,90522
29,91902
29,933
29,94658
29,96071
29,97451
29,98859
30,00294
30,01658
30,03047
30,04407
30,05828
30,07241
30,08594
30,10007
30,1136
30,12763
30,14149
30,15565
30,17028
30,18345
30,1973
30,21119
30,2252
30,23922
30,25309
30,26683
30,28079
30,29477
30,30856
30,32277
30,3364
30,35043
30,36416
30,3783
30,39234
30,40603
30,42002
30,43418
30,44781
30,46169
30,47628
30,49032
30,50413
30,51758
30,53146
30,54541
30,55944
30,57328
30,58717
30,60103
30,61489
30,62891
30,643
30,65652
30,67065
30,68473
30,69839
30,71227
30,7264
30,74044
30,75426
30,76788
30,78196
30,7958
30,81018
30,82398
30,83785
30,85179
30,86563
30,87952
30,89342
30,90752
30,9213
30,9355
30,94976
30,96284
30,97698
30,99103
31,00474
31,01879
31,03274
31,04647
31,06065
31,0744
31,08814
31,10217
31,11627
31,1299
31,14401
31,15799
31,17186
31,18603
31,19976
31,21353
31,22779
31,24141
31,25548
31,26921
31,2836
31,29707
31,31123
31,32487
31,33899
31,35282
31,36699
31,38102
31,39512
31,40883
31,42227
31,43661
31,45039
31,46411
31,47836
31,49224
31,50588
31,5198
31,53376
31,54789
31,56173
31,57556
31,58945
31,60372
31,61739
31,63125
31,64525
31,65899
31,67295
31,68718
31,70115
31,71476
31,72895
31,74253
31,75653
31,77045
31,78445
31,79822
31,81233
31,82635
31,84048
31,85417
31,86796
31,88183
31,89588
31,90963
31,92366
31,93761
31,95187
31,96544
31,97939
31,99323
32,00749
32,02145
32,03524
32,04868
32,06325
32,07659
32,09045
32,10476
32,11872
32,13231
32,14654
32,16036
32,17447
32,18807
32,20202
32,21583
32,22995
32,24385
32,25793
32,2719
32,2858
32,2999
32,31363
32,3278
32,34138
32,35544
32,36898
32,38317
32,39718
32,41079
32,42489
32,43867
32,45314
32,46668
32,48049
32,49433
32,50843
32,52223
32,53651
32,55031
32,56422
32,57812
32,59219
32,60603
32,6206
32,63378
32,64748
32,66143
32,6756
32,68971
32,70317
32,71717
32,73116
32,74517
32,7591
32,7732
32,78675
32,80062
32,81482
32,82867
32,84264
32,85657
32,87059
32,88428
32,89815
32,91224
32,92616
32,93988
32,954
32,9678
32,98173
32,99557
33,00959
33,02358
33,03763
33,05141
33,0653
33,07931
33,09326
33,10715
33,12093
33,1354
33,14883
33,16278
33,17677
33,19057
33,20454
33,21862
33,23254
33,24623
33,26011
33,27403
33,2881
33,30203
33,31636
33,32982
33,34413
33,35756
33,37163
33,38578
33,39986
33,41323
33,4277
33,44127
33,45499
