ParticipantNumber;Task;SdfState;Repetition;TimeStamp;NumHits;TimeToCompleteTask;InstanteneousVelocityMag;InstanteneousVelocityX;InstanteneousVelocityY;InstanteneousVelocityZ;ClosestDistance
12;torus;0;5;1,991451;5;9,762085;1,197008;0,1849532;1,140031;-0,3145635;0,7731741
12;torus;0;5;2,00552;5;9,762085;0,3880237;0,06539822;0,3566101;-0,138256;0,7687153
12;torus;0;5;2,019426;5;9,762085;0,3880237;0,06539822;0,3566101;-0,138256;0,7687153
12;torus;0;5;2,033249;5;9,762085;0,5809481;-0,006848574;0,5420767;0,2088219;0,7700594
12;torus;0;5;2,047256;5;9,762085;0,4224519;0,03292561;0,420925;-0,01426935;0,7678275
12;torus;0;5;2,061465;5;9,762085;0,3860497;0,05819798;0,3469802;-0,158909;0,7632169
12;torus;0;5;2,075178;5;9,762085;0,3860497;0,05819798;0,3469802;-0,158909;0,7632169
12;torus;0;5;2,089033;5;9,762085;0,6555457;0,01325607;0,647375;0,1023233;0,7624474
12;torus;0;5;2,10303;5;9,762085;0,4322858;-0,03894567;0,3619619;0,2331048;0,7655157
12;torus;0;5;2,116764;5;9,762085;0,4322858;-0,03894567;0,3619619;0,2331048;0,7655157
12;torus;0;5;2,130776;5;9,762085;1,114548;-0,06245971;1,013496;0,4595011;0,7707925
12;torus;0;5;2,145003;5;9,762085;0,3630528;0,01967549;0,3616922;-0,02447367;0,7691434
12;torus;0;5;2,158993;5;9,762085;0,3630528;0,01967549;0,3616922;-0,02447367;0,7691434
12;torus;0;5;2,172569;5;9,762085;0,8912331;0,1379609;0,7587578;-0,44671;0,7581719
12;torus;0;5;2,186448;5;9,762085;0,4023572;0,03054738;0,3967274;-0,05971193;0,7559384
12;torus;0;5;2,200518;5;9,762085;0,4344699;0,03580451;0,4233603;-0,0908196;0,7531084
12;torus;0;5;2,21455;5;9,762085;0,4344699;0,03580451;0,4233603;-0,0908196;0,7531084
12;torus;0;5;2,228273;5;9,762085;0,2789972;0,03086925;0,2550412;-0,1088142;0,7503836
12;torus;0;5;2,242253;5;9,762085;0,2442201;0,02035499;0,2356257;-0,06090701;0,748672
12;torus;0;5;2,256577;5;9,762085;0,2442201;0,02035499;0,2356257;-0,06090701;0,748672
12;torus;0;5;2,270026;5;9,762085;0,8429686;0,04000664;0,8376364;-0,08579493;0,74538
12;torus;0;5;2,284048;5;9,762085;0,3462303;0,03584027;0,3177732;-0,1327068;0,7422568
12;torus;0;5;2,298306;5;9,762085;0,3462303;0,03584027;0,3177732;-0,1327068;0,7422568
12;torus;0;5;2,311975;5;9,762085;0,2949388;0,04383922;-0,1695862;-0,2372921;0,7378582
12;torus;0;5;2,325844;5;9,762085;0,2280652;0,03541708;0,1488592;-0,1691163;0,7342925
12;torus;0;5;2,340293;5;9,762085;0,2909338;0,01798868;0,275304;-0,09233952;0,732058
12;torus;0;5;2,35397;5;9,762085;0,2909338;0,01798868;0,275304;-0,09233952;0,732058
12;torus;0;5;2,367948;5;9,762085;0,4783255;-0,0009298325;0,4752668;-0,05399883;0,7303553
12;torus;0;5;2,381724;5;9,762085;0,0387332;-0,01217127;-0,03296603;0,01628995;0,7307048
12;torus;0;5;2,395527;5;9,762085;0,0387332;-0,01217127;-0,03296603;0,01628995;0,7307048
12;torus;0;5;2,40961;5;9,762085;0,4061788;-0,01155138;0,4028047;-0,05095303;0,7292336
12;torus;0;5;2,423537;5;9,762085;0,5527198;-0,004303455;0,549823;-0,05635023;0,7276441
12;torus;0;5;2,437591;5;9,762085;0,5527198;-0,004303455;0,549823;-0,05635023;0,7276441
12;torus;0;5;2,451419;5;9,762085;0,02945274;-0,01206994;-0,009181071;-0,02524853;0,7271323
12;torus;0;5;2,46519;5;9,762085;0,01746892;-0,007915497;-0,01047999;-0,0115186;0,7269003
12;torus;0;5;2,479174;5;9,762085;0,01746892;-0,007915497;-0,01047999;-0,0115186;0,7269003
12;torus;0;5;2,493087;5;9,762085;0,2050748;-0,03435016;0,2018688;0,01116693;0,7269529
12;torus;0;5;2,507125;5;9,762085;0,07689727;0,001066923;0,04397891;-0,06307065;0,7256701
12;torus;0;5;2,521701;5;9,762085;0,09345359;0,003290176;-0,01606988;-0,09200275;0,723847
12;torus;0;5;2,535057;5;9,762085;0,09345359;0,003290176;-0,01606988;-0,09200275;0,723847
12;torus;0;5;2,549273;5;9,762085;0,1266294;-0,008231401;-0,0541904;-0,1141518;0,7215912
12;torus;0;5;2,562833;5;9,762085;0,1182024;-0,006532669;-0,08472624;-0,08216202;0,7199973
12;torus;0;5;2,576546;5;9,762085;0,1182024;-0,006532669;-0,08472624;-0,08216202;0,7199973
12;torus;0;5;2,590499;5;9,762085;0,2595793;-0,006842613;-0,110633;-0,2347231;0,7153819
12;torus;0;5;2,604563;5;9,762085;0,2772872;0,01561642;-0,1036515;-0,2567112;0,7103568
12;torus;0;5;2,618293;5;9,762085;0,2772872;0,01561642;-0,1036515;-0,2567112;0,7103568
12;torus;0;5;2,632298;5;9,762085;0,736178;0,05756021;0,04208088;-0,7327169;0,6957785
12;torus;0;5;2,646361;5;9,762085;0,092234;-0,009024143;-0,03322996;-0,08556545;0,6940867
12;torus;0;5;2,660624;5;9,762085;0,1057082;-0,006365776;0,03085351;-0,1009047;0,6920418
12;torus;0;5;2,674434;5;9,762085;0,1057082;-0,006365776;0,03085351;-0,1009047;0,6920418
12;torus;0;5;2,688164;5;9,762085;0,2253629;-0,03448725;0,2046515;-0,08784533;0,6900985
12;torus;0;5;2,702104;5;9,762085;0,1162357;-0,01177192;0,03139833;-0,1112938;0,6878429
12;torus;0;5;2,715984;5;9,762085;0,1162357;-0,01177192;0,03139833;-0,1112938;0,6878429
12;torus;0;5;2,729884;5;9,762085;0,3863656;-0,01350641;-0,0300725;-0,3849566;0,6801659
12;torus;0;5;2,743809;5;9,762085;0,4239644;0,02022386;0,1804245;-0,3831238;0,6724346
12;torus;0;5;2,758093;5;9,762085;0,4239644;0,02022386;0,1804245;-0,3831238;0,6724346
12;torus;0;5;2,771805;5;9,762085;0,3099225;-0,01155734;0,2456058;-0,1886696;0,6685317
12;torus;0;5;2,78576;5;9,762085;0,1570079;0,0005960464;0,07290366;-0,1390547;0,6657276
12;torus;0;5;2,800093;5;9,762085;0,2441504;-0,001108646;0,1644958;-0,1804143;0,6620696
12;torus;0;5;2,813628;5;9,762085;0,2441504;-0,001108646;0,1644958;-0,1804143;0,6620696
12;torus;0;5;2,827607;5;9,762085;0,4162938;0,0192523;0,037337;-0,4141688;0,6538184
12;torus;0;5;2,841584;5;9,762085;0,2873327;0,01880527;-0,08400679;-0,2741337;0,6483982
12;torus;0;5;2,855497;5;9,762085;0,2873327;0,01880527;-0,08400679;-0,2741337;0,6483982
12;torus;0;5;2,869485;5;9,762085;1,256436;0,1192272;-0,5156361;-1,139534;0,6260905
12;torus;0;5;2,883165;5;9,762085;0,3034579;0,0159204;0,08118963;-0,2919614;0,6202407
12;torus;0;5;2,897167;5;9,762085;0,3034579;0,0159204;0,08118963;-0,2919614;0,6202407
12;torus;0;5;2,911017;5;9,762085;0,817757;0,06151199;-0,1963954;-0,7914364;0,6046962
12;torus;0;5;2,924963;5;9,762085;0,396639;0,02189279;0,156758;-0,3636897;0,5973708
12;torus;0;5;2,939074;5;9,762085;0,396639;0,02189279;0,156758;-0,3636897;0,5973708
12;torus;0;5;2,952868;5;9,762085;1,554603;0,1544714;0,2907337;-1,519343;0,5671926
12;torus;0;5;2,9669;5;9,762085;0,4405006;-0,3423108;0,138307;-0,2402816;0,5659066
12;torus;0;5;2,980929;5;9,762085;0,7649706;-0,4886651;0,03716993;-0,5873711;0,5564933
12;torus;0;5;2,994784;5;9,762085;0,7649706;-0,4886651;0,03716993;-0,5873711;0,5564933
12;torus;0;5;3,008476;5;9,762085;1,824798;-0,2846646;0,5781853;-1,707207;0,521856
12;torus;0;5;3,022713;5;9,762085;3,627628;1,805017;-1,046742;-2,967479;0,4659798
12;torus;0;5;3,036556;5;9,762085;3,627628;1,805017;-1,046742;-2,967479;0,4659798
12;torus;0;5;3,050441;5;9,762085;2,7169;0,03893775;1,057904;-2,502172;0,4244487
12;torus;0;5;3,06454;5;9,762085;0,9983607;0,385282;-0,02186632;-0,9207626;0,403888
12;torus;0;5;3,078409;5;9,762085;0,9983607;0,385282;-0,02186632;-0,9207626;0,403888
12;torus;0;5;3,092557;5;9,762085;3,47291;0,2318914;0,6891896;-3,395931;0,3379551
12;torus;0;5;3,106177;5;9,762085;1,879823;0,3219647;1,278008;-1,340437;0,3155439
12;torus;0;5;3,120183;5;9,762085;1,412011;-0,01212955;0,9929851;-1,003797;0,2997529
12;torus;0;5;3,134132;5;9,762085;1,412011;-0,01212955;0,9929851;-1,003797;0,2997529
12;torus;0;5;3,148141;5;9,762085;2,537855;-0,02300739;0,3452651;-2,514154;0,2541179
12;torus;0;5;3,16214;5;9,762085;1,457772;-0,0233233;-0,2790895;-1,430617;0,226103
12;torus;0;5;3,175965;5;9,762085;1,457772;-0,0233233;-0,2790895;-1,430617;0,226103
12;torus;0;5;3,18988;5;9,762085;1,564569;-0,08724332;-0,09852871;-1,559024;0,1968472
12;torus;0;5;3,203827;5;9,762085;0,7498735;-0,06090999;0,02003349;-0,7471271;0,1834038
12;torus;0;5;3,217838;5;9,762085;0,7498735;-0,06090999;0,02003349;-0,7471271;0,1834038
12;torus;0;5;3,231822;5;9,762085;0,9580362;-0,1054585;0,0267718;-0,9518378;0,1664704
12;torus;0;5;3,245739;5;9,762085;0,3253142;-0,02925396;0,1343526;0,2948269;0,1723317
12;torus;0;5;3,259386;5;9,762085;0,3253142;-0,02925396;0,1343526;0,2948269;0,1723317
12;torus;0;5;3,273299;5;9,762085;1,291799;-0,07084608;1,0122;0,7994846;0,1940015
12;torus;0;5;3,287376;5;9,762085;0,7244231;-0,05058646;0,6881524;0,2206266;0,2039255
12;torus;0;5;3,30134;5;9,762085;0,7072372;-0,06099939;0,6013546;-0,3672004;0,204036
12;torus;0;5;3,315391;5;9,762085;0,7072372;-0,06099939;0,6013546;-0,3672004;0,204036
12;torus;0;5;3,329168;5;9,762085;1,77554;-0,1416028;1,759614;-0,1903892;0,2221563
12;torus;0;5;3,343719;5;9,762085;0,9252384;-0,08234382;0,9205088;-0,04414916;0,2339332
12;torus;0;5;3,357035;5;9,762085;0,9252384;-0,08234382;0,9205088;-0,04414916;0,2339332
12;torus;0;5;3,371249;5;9,762085;2,001124;-0,165689;1,936007;0,4784554;0,2681623
12;torus;0;5;3,385118;5;9,762085;0,8110631;-0,0747323;0,7774063;0,2188101;0,2826287
12;torus;0;5;3,398762;5;9,762085;0,8110631;-0,0747323;0,7774063;0,2188101;0,2826287
12;torus;0;5;3,413117;5;9,762085;1,108927;-0,1111984;1,030363;0,3945947;0,3032595
12;torus;0;5;3,426856;5;9,762085;0,2221966;-0,02502799;0,2195194;-0,02358258;0,3064317
12;torus;0;5;3,440917;5;9,762085;0,524519;-0,05035996;0,3615327;-0,3766671;0,3079338
12;torus;0;5;3,454642;5;9,762085;0,524519;-0,05035996;0,3615327;-0,3766671;0,3079338
12;torus;0;5;3,4686;5;9,762085;1,519563;-0,09093881;0,5138516;-1,427151;0,3019009
12;torus;0;5;3,483023;5;9,762085;0,06656308;0,0002384186;0,06618947;0,007038563;0,3031251
12;torus;0;5;3,49624;5;9,762085;0,06656308;0,0002384186;0,06618947;0,007038563;0,3031251
12;torus;0;5;3,510118;5;9,762085;1,599208;-0,1432896;0,7410735;-1,409874;0,3042941
12;torus;0;5;3,52445;5;9,762085;0,7831858;-0,08337498;0,4396901;-0,6427296;0,3078054
12;torus;0;5;3,538013;5;9,762085;0,7831858;-0,08337498;0,4396901;-0,6427296;0,3078054
12;torus;0;5;3,552073;5;9,762085;0,8826922;-0,06338954;0,1890212;-0,8598827;0,30613
12;torus;0;5;3,566052;5;9,762085;0,5575289;-0,03518462;0,04612058;-0,5545028;0,3041355
12;torus;0;5;3,580039;5;9,762085;0,8777958;-0,08032322;0,2061307;-0,8494608;0,3044462
12;torus;0;5;3,593847;5;9,762085;0,8777958;-0,08032322;0,2061307;-0,8494608;0,3044462
12;torus;0;5;3,607836;5;9,762085;1,252842;-0,1343012;0,4208639;-1,17237;0,3091848
12;torus;0;5;3,622149;5;9,762085;0,7971707;-0,1057088;0,3763154;-0,6947615;0,3153847
12;torus;0;5;3,635867;5;9,762085;0,7971707;-0,1057088;0,3763154;-0,6947615;0,3153847
12;torus;0;5;3,649624;5;9,762085;1,637927;-0,2454579;0,9060234;-1,342265;0,3327355
12;torus;0;5;3,663831;5;9,762085;0,7112113;-0,1040578;0,3562003;-0,6067246;0,3402673
12;torus;0;5;3,677874;5;9,762085;0,7112113;-0,1040578;0,3562003;-0,6067246;0,3402673
12;torus;0;5;3,691537;5;9,762085;1,295203;-0,1509488;0,2630562;-1,259193;0,3478376
12;torus;0;5;3,705281;5;9,762085;0,4878289;-0,04472136;-0,002022088;-0,4857704;0,349198
12;torus;0;5;3,719343;5;9,762085;0,4878289;-0,04472136;-0,002022088;-0,4857704;0,349198
12;torus;0;5;3,733292;5;9,762085;1,365476;-0,1609623;0,008998811;-1,355926;0,3546474
12;torus;0;5;3,747358;5;9,762085;0,6877594;-0,1109242;0,1501828;-0,6619319;0,3608196
12;torus;0;5;3,761238;5;9,762085;0,6121542;-0,06871223;-0,1006156;-0,5999066;0,3622706
12;torus;0;5;3,775019;5;9,762085;0,6121542;-0,06871223;-0,1006156;-0,5999066;0,3622706
12;torus;0;5;3,788939;5;9,762085;1,610402;-0,1789331;-0,3873467;-1,552849;0,3655516
12;torus;0;5;3,80331;5;9,762085;1,221925;-0,0682354;-0,6729007;-1,017669;0,3616965
12;torus;0;5;3,816941;5;9,762085;1,221925;-0,0682354;-0,6729007;-1,017669;0,3616965
12;torus;0;5;3,830901;5;9,762085;2,090472;0,02295971;-1,699117;-1,217599;0,3440399
12;torus;0;5;3,844543;5;9,762085;1,127509;0,03012419;-0,9978086;-0,524164;0,333427
12;torus;0;5;3,858747;5;9,762085;1,127509;0,03012419;-0,9978086;-0,524164;0,333427
12;torus;0;5;3,872559;5;9,762085;1,656422;0,111264;-1,609465;-0,3754705;0,3127907
12;torus;0;5;3,886396;5;9,762085;0,9880867;0,04147887;-0,9473771;-0,2776176;0,3024499
12;torus;0;5;3,900519;5;9,762085;0,7735301;-0,08602142;-0,4420698;-0,6289065;0,3050435
12;torus;0;5;3,914396;5;9,762085;0,7735301;-0,08602142;-0,4420698;-0,6289065;0,3050435
12;torus;0;5;3,928415;5;9,762085;1,348163;-0,1877606;-0,6537646;-1,163994;0,3138654
12;torus;0;5;3,942228;5;9,762085;0,7749442;0,01778007;-0,7506594;-0,191658;0,307746
12;torus;0;5;3,956454;5;9,762085;0,7749442;0,01778007;-0,7506594;-0,191658;0,307746
12;torus;0;5;3,970311;5;9,762085;1,326849;0,2565801;-0,8639954;0,9737589;0,2819562
12;torus;0;5;3,984629;5;9,762085;0,1942026;0,02883673;-0,1428992;0,1283079;0,2782262
12;torus;0;5;3,998177;5;9,762085;0,1942026;0,02883673;-0,1428992;0,1283079;0,2782262
12;torus;0;5;4,01222;5;9,762085;1,505003;-0,3237426;-0,067617;-1,468214;0,3017
12;torus;0;5;4,02577;5;9,762085;0,4973937;-0,1017451;-0,1622528;-0,4590452;0,3078224
12;torus;0;5;4,039672;5;9,762085;0,4973937;-0,1017451;-0,1622528;-0,4590452;0,3078224
12;torus;0;5;4,053689;5;9,762085;1,510442;0,04131198;-1,507939;-0,07646829;0,2949339
12;torus;0;5;4,06794;5;9,762085;0,7615266;-0,07429123;-0,6560751;-0,3794327;0,2964984
12;torus;0;5;4,081721;5;9,762085;0,9167477;-0,1952827;-0,3517076;-0,8237675;0,3092805
12;torus;0;5;4,095554;5;9,762085;0,9167477;-0,1952827;-0,3517076;-0,8237675;0,3092805
12;torus;0;5;4,10979;5;9,762085;0,7922636;-0,1414835;-0,6035533;-0,4933432;0,3147452
12;torus;0;5;4,12334;5;9,762085;0,5980998;0,1048565;-0,2849464;0,5153;0,3031763
12;torus;0;5;4,13729;5;9,762085;0,5980998;0,1048565;-0,2849464;0,5153;0,3031763
12;torus;0;5;4,15117;5;9,762085;1,221504;0,2185524;-0,08251071;1,198958;0,2798032
12;torus;0;5;4,165004;5;9,762085;0,3118539;-0,03046989;-0,3054582;-0,0549525;0,2790008
12;torus;0;5;4,179173;5;9,762085;0,3118539;-0,03046989;-0,3054582;-0,0549525;0,2790008
12;torus;0;5;4,193116;5;9,762085;0,6551227;-0,1596034;-0,3181592;-0,5499884;0,287831
12;torus;0;5;4,20754;5;9,762085;0,339314;-0,02164245;-0,3355078;0,04582703;0,2852676
12;torus;0;5;4,220923;5;9,762085;0,5011017;0,002032518;-0,4828908;0,1338482;0,2804868
12;torus;0;5;4,234755;5;9,762085;0,5011017;0,002032518;-0,4828908;0,1338482;0,2804868
12;torus;0;5;4,248707;5;9,762085;0,8529677;0,09369254;-0,5558275;0,6401807;0,2657446
12;torus;0;5;4,262624;5;9,762085;0,3329991;0,008481741;-0,2987575;0,1468346;0,261837
12;torus;0;5;4,276509;5;9,762085;0,3329991;0,008481741;-0,2987575;0,1468346;0,261837
12;torus;0;5;4,290833;5;9,762085;0,497497;-0,128758;0,04959572;-0,4779801;0,2714615
12;torus;0;5;4,304631;5;9,762085;0,3316799;-0,1033902;-0,1378991;-0,2833828;0,2766875
12;torus;0;5;4,31849;5;9,762085;0,3316799;-0,1033902;-0,1378991;-0,2833828;0,2766875
12;torus;0;5;4,332352;5;9,762085;0,4773595;-0,06146431;-0,4653888;-0,08664578;0,2772506
12;torus;0;5;4,346256;5;9,762085;0,5288308;-0,01232624;-0,5283478;0,01893938;0,2759119
12;torus;0;5;4,360607;5;9,762085;0,6914186;-0,07166862;-0,646813;-0,2335727;0,2799853
12;torus;0;5;4,374262;5;9,762085;0,6914186;-0,07166862;-0,646813;-0,2335727;0,2799853
12;torus;0;5;4,387995;5;9,762085;0,7601856;-0,04962683;-0,7562134;-0,05967021;0,2812353
12;torus;0;5;4,401958;5;9,762085;0,2819923;-0,02956986;0,2649693;-0,09185076;0,2829925
12;torus;0;5;4,415862;5;9,762085;0,2819923;-0,02956986;0,2649693;-0,09185076;0,2829925
12;torus;0;5;4,43004;5;9,762085;1,582813;-0,2719045;1,112039;-1,093039;0,3056934
12;torus;0;5;4,44378;5;9,762085;0,485794;-0,1237094;0,02086144;-0,4693151;0,3152119
12;torus;0;5;4,457779;5;9,762085;0,485794;-0,1237094;0,02086144;-0,4693151;0,3152119
12;torus;0;5;4,471671;5;9,762085;0,9390163;-0,2115488;-0,4411567;-0,8014858;0,3310364
12;torus;0;5;4,485685;5;9,762085;0,1400103;-0,0369668;0,04552575;-0,1271367;0,333655
12;torus;0;5;4,499505;5;9,762085;0,1400103;-0,0369668;0,04552575;-0,1271367;0,333655
12;torus;0;5;4,513581;5;9,762085;1,496565;-0,3800631;0,1124476;-1,443127;0,3630917
12;torus;0;5;4,527345;5;9,762085;0,8300887;-0,2168298;-0,1379622;-0,7893026;0,379099
12;torus;0;5;4,541873;5;9,762085;1,136321;-0,2667964;0,5125325;-0,978446;0,3995176
12;torus;0;5;4,555293;5;9,762085;1,136321;-0,2667964;0,5125325;-0,978446;0,3995176
12;torus;0;5;4,569238;5;9,762085;1,37355;-0,2757609;0,9238927;-0,9782732;0,420897
12;torus;0;5;4,583257;5;9,762085;0,1337694;0,1180751;0,05951187;-0,02026975;0,4142704
12;torus;0;5;4,597276;5;9,762085;0,1337694;0,1180751;0,05951187;-0,02026975;0,4142704
12;torus;0;5;4,611475;5;9,762085;0,7433322;0,3328925;-0,375435;-0,5484285;0,4231688
12;torus;0;5;4,624852;5;9,762085;1,016158;0,07343996;-0,5989408;-0,8175895;0,4387386
12;torus;0;5;4,639112;5;9,762085;1,016158;0,07343996;-0,5989408;-0,8175895;0,4387386
12;torus;0;5;4,652838;5;9,762085;5,029276;-2,502751;0,415055;-4,342532;0,5309089
12;torus;0;5;4,666939;5;9,762085;0,1763738;-0,1576535;-0,04946278;-0,06169719;0,5289137
12;torus;0;5;4,681065;5;9,762085;0,064813;-0,008160114;-0,0613209;-0,0193361;0,5371516
12;torus;0;5;4,694588;5;9,762085;0,064813;-0,008160114;-0,0613209;-0,0193361;0,5371516
12;torus;0;5;4,708617;5;9,762085;2,489448;-0,09634161;0,8070788;-2,353018;0,5815
12;torus;0;5;4,722694;5;9,762085;2,722533;-1,909619;0,9581092;-1,687474;0,6204399
12;torus;0;5;4,736397;5;9,762085;2,722533;-1,909619;0,9581092;-1,687474;0,6204399
12;torus;0;5;4,750709;5;9,762085;1,598154;-0,9636167;0,5405217;-1,154719;0,6466099
12;torus;0;5;4,764429;5;9,762085;2,122305;-1,007732;1,203312;-1,42853;0,6805999
12;torus;0;5;4,778044;5;9,762085;2,122305;-1,007732;1,203312;-1,42853;0,6805999
12;torus;0;5;4,792093;5;9,762085;1,535522;-0,543046;0,223187;-1,418844;0,7108671
12;torus;0;5;4,806001;5;9,762085;0,1556776;0,044173;-0,1492705;0,001603365;0,7103198
12;torus;0;5;4,82028;5;9,762085;0,5521977;0,2502143;0,04090965;0,4905522;0,6998816
12;torus;0;5;4,8338;5;9,762085;0,5521977;0,2502143;0,04090965;0,4905522;0,6998816
12;torus;0;5;4,847666;5;9,762085;1,751688;-0,6476283;0,5740024;-1,522994;0,7334521
12;torus;0;5;4,861833;5;9,762085;0,4851327;-0,07292628;0,4411004;-0,1883239;0,73856
12;torus;0;5;4,875588;5;9,762085;0,4851327;-0,07292628;0,4411004;-0,1883239;0,73856
12;torus;0;5;4,889622;5;9,762085;0,4627368;-0,05420446;0,4106425;-0,2063006;0,7439421
12;torus;0;5;4,903493;5;9,762085;0,7958413;0,1645684;0,6859537;0,3684402;0,7383062
12;torus;0;5;4,917679;5;9,762085;0,7958413;0,1645684;0,6859537;0,3684402;0,7383062
12;torus;0;5;4,931372;5;9,762085;2,395769;0,2675891;2,24333;0,79723;0,7308331
12;torus;0;5;4,945264;5;9,762085;1,641423;-0,5488992;1,110859;-1,076555;0,7587989
12;torus;0;5;4,959259;5;9,762085;1,641423;-0,5488992;1,110859;-1,076555;0,7587989
12;torus;0;5;4,973464;5;9,762085;2,188004;0,2016485;2,030189;0,79059;0,7544333
12;torus;0;5;4,987344;5;9,762085;1,773493;0,4107654;1,227562;1,212287;0,7384004
12;torus;0;5;5,001048;5;9,762085;1,638947;0,5529523;0,5176917;1,453406;0,7134739
12;torus;0;5;5,014956;5;9,762085;1,638947;0,5529523;0,5176917;1,453406;0,7134739
12;torus;0;5;5,029203;5;9,762085;2,294977;-0,9291828;0,440979;-2,051604;0,7575848
12;torus;0;5;5,042832;5;9,762085;1,384111;0,5576789;-0,6098822;1,110315;0,7307838
12;torus;0;5;5,056811;5;9,762085;1,384111;0,5576789;-0,6098822;1,110315;0,7307838
12;torus;0;5;5,070712;5;9,762085;1,781735;0,6982803;-0,6224446;1,516426;0,6960137
12;torus;0;5;5,084806;5;9,762085;1,634824;0,4906833;0,6228127;1,42968;0,6729301
12;torus;0;5;5,098577;5;9,762085;1,634824;0,4906833;0,6228127;1,42968;0,6729301
12;torus;0;5;5,112592;5;9,762085;2,162838;-0,4547596;2,083635;-0,3598958;0,6981274
12;torus;0;5;5,12658;5;9,762085;0,8968284;-0,01003742;0,8390546;0,3165245;0,7001028
12;torus;0;5;5,140164;5;9,762085;1,389578;0,3372133;0,6726876;1,168206;0,6851138
12;torus;0;5;5,154412;5;9,762085;1,389578;0,3372133;0,6726876;1,168206;0,6851138
12;torus;0;5;5,1681;5;9,762085;1,790241;0,3293693;1,061475;1,403478;0,6711041
12;torus;0;5;5,182001;5;9,762085;1,156276;0,05080104;0,9682611;0,6299704;0,6710994
12;torus;0;5;5,196102;5;9,762085;1,156276;0,05080104;0,9682611;0,6299704;0,6710994
12;torus;0;5;5,210138;5;9,762085;1,653826;-0,1097798;1,546112;0,5767375;0,6800826
12;torus;0;5;5,224091;5;9,762085;1,081162;0,1119852;0,751926;0,7687509;0,676938
12;torus;0;5;5,237934;5;9,762085;1,081162;0,1119852;0,751926;0,7687509;0,676938
12;torus;0;5;5,251704;5;9,762085;2,836108;0,5885422;1,155147;2,522452;0,6526601
12;torus;0;5;5,266022;5;9,762085;1,444282;0,2519071;0,6329104;1,273546;0,6427924
12;torus;0;5;5,279995;5;9,762085;1,444282;0,2519071;0,6329104;1,273546;0,6427924
12;torus;0;5;5,293714;5;9,762085;0,7472774;-0,1415551;0,7075325;0,1943797;0,6506836
12;torus;0;5;5,307382;5;9,762085;0,8259302;0,1145244;-0,8085832;-0,1234427;0,6404558
12;torus;0;5;5,321446;5;9,762085;0,8919094;0,1938343;-0,8639351;0,1074567;0,6262516
12;torus;0;5;5,335389;5;9,762085;0,8919094;0,1938343;-0,8639351;0,1074567;0,6262516
12;torus;0;5;5,349185;5;9,762085;1,936508;0,5594492;-1,591727;0,9505183;0,5892192
12;torus;0;5;5,363184;5;9,762085;0,6920171;0,2017379;-0,4894987;0,4456237;0,5756026
12;torus;0;5;5,377183;5;9,762085;0,6920171;0,2017379;-0,4894987;0,4456237;0,5756026
12;torus;0;5;5,390996;5;9,762085;1,232274;0,2780497;-1,146841;0,3548861;0,5541949
12;torus;0;5;5,405062;5;9,762085;0,7741613;0,1974642;-0,667125;0,3395259;0,5398197
12;torus;0;5;5,419092;5;9,762085;0,7741613;0,1974642;-0,667125;0,3395259;0,5398197
12;torus;0;5;5,432725;5;9,762085;1,247728;0,1708269;-1,235825;-0,01949668;0,523596
12;torus;0;5;5,446702;5;9,762085;0,6979036;0,04861951;-0,6761879;-0,1657575;0,5175197
12;torus;0;5;5,460493;5;9,762085;0,5149951;0,08799434;-0,5042464;0,05667955;0,5102378
12;torus;0;5;5,474385;5;9,762085;0,5149951;0,08799434;-0,5042464;0,05667955;0,5102378
12;torus;0;5;5,488486;5;9,762085;0,779561;0,06160736;0,5869806;0,5092874;0,5094944
12;torus;0;5;5,502294;5;9,762085;0,6783745;-0,1591802;0,6084085;-0,2543479;0,5214832
12;torus;0;5;5,516846;5;9,762085;0,6783745;-0,1591802;0,6084085;-0,2543479;0,5214832
12;torus;0;5;5,53014;5;9,762085;1,225515;-0,3625512;0,5679816;-1,023641;0,5451563
12;torus;0;5;5,544259;5;9,762085;0,6231368;-0,09220243;-0,2946392;-0,5412817;0,5500185
12;torus;0;5;5,558024;5;9,762085;0,6231368;-0,09220243;-0,2946392;-0,5412817;0,5500185
12;torus;0;5;5,57211;5;9,762085;0,3442183;-0,01220703;0,3429428;0,0269711;0,5539024
12;torus;0;5;5,585899;5;9,762085;1,380695;-0,419724;0,9072438;-0,9523958;0,5809873
12;torus;0;5;5,60012;5;9,762085;1,443213;-0,4586995;0,9481251;-0,98667;0,6092676
12;torus;0;5;5,613887;5;9,762085;1,443213;-0,4586995;0,9481251;-0,98667;0,6092676
12;torus;0;5;5,627835;5;9,762085;1,347231;-0,4234314;0,2719745;-1,249707;0,6330937
12;torus;0;5;5,641595;5;9,762085;0,50926;-0,1601756;0,08306354;-0,4762247;0,6419834
12;torus;0;5;5,655678;5;9,762085;0,50926;-0,1601756;0,08306354;-0,4762247;0,6419834
12;torus;0;5;5,669665;5;9,762085;1,394642;-0,4787028;0,4154831;-1,242274;0,6679134
12;torus;0;5;5,683435;5;9,762085;1,303324;-0,4199088;-0,04566163;-1,232982;0,6882687
12;torus;0;5;5,697302;5;9,762085;1,303324;-0,4199088;-0,04566163;-1,232982;0,6882687
12;torus;0;5;5,711311;5;9,762085;2,236368;-0,4820108;-1,075864;-1,900402;0,7088817
12;torus;0;5;5,725349;5;9,762085;1,201502;-0,03171563;-1,038823;-0,6028682;0,7083306
12;torus;0;5;5,739181;5;9,762085;1,201502;-0,03171563;-1,038823;-0,6028682;0,7083306
12;torus;0;5;5,752931;5;9,762085;2,037763;-0,2154291;-1,56177;-1,291102;0,7163443
12;torus;0;5;5,76702;5;9,762085;1,092749;-0,2842605;-0,4866675;-0,9361893;0,7295027
12;torus;0;5;5,78078;5;9,762085;0,850081;-0,1209974;-0,6171569;-0,5719393;0,7348856
12;torus;0;5;5,794719;5;9,762085;0,850081;-0,1209974;-0,6171569;-0,5719393;0,7348856
12;torus;0;5;5,80872;5;9,762085;1,562606;0,1882434;-1,53894;-0,1948506;0,7255638
12;torus;0;5;5,822955;5;9,762085;0,5817981;0,1478076;-0,5543515;0,09662509;0,719166
12;torus;0;5;5,836411;5;9,762085;0,5817981;0,1478076;-0,5543515;0,09662509;0,719166
12;torus;0;5;5,850368;5;9,762085;0,5725058;-0,0352025;-0,3913105;-0,4164129;0,7241347
12;torus;0;5;5,864445;5;9,762085;0,2032346;0,1212895;-0,09480715;0,1326829;0,7205939
12;torus;0;5;5,878397;5;9,762085;0,2032346;0,1212895;-0,09480715;0,1326829;0,7205939
12;torus;0;5;5,892223;5;9,762085;0,5596993;0,334233;-0,1047134;0,4365623;0,7106508
12;torus;0;5;5,906106;5;9,762085;0,07682552;0,05797148;0,05020499;-0,004574656;0,7108889
12;torus;0;5;5,92041;5;9,762085;0,4431049;0,02008677;-0,3244601;-0,3011048;0,7141233
12;torus;0;5;5,93406;5;9,762085;0,4431049;0,02008677;-0,3244601;-0,3011048;0,7141233
12;torus;0;5;5,948018;5;9,762085;0,7331693;-0,1217842;0,1664549;-0,7035613;0,7286834
12;torus;0;5;5,962102;5;9,762085;0,1473112;0,02817512;0,06681085;-0,1282305;0,731415
12;torus;0;5;5,975916;5;9,762085;0,1473112;0,02817512;0,06681085;-0,1282305;0,731415
12;torus;0;5;5,989953;5;9,762085;0,5743495;0,1205921;-0,473807;-0,3013998;0,7334536
12;torus;0;5;6,003721;5;9,762085;0,4516934;0,05773306;-0,4043572;-0,1928449;0,7342728
12;torus;0;5;6,01755;5;9,762085;0,4516934;0,05773306;-0,4043572;-0,1928449;0,7342728
12;torus;0;5;6,031543;5;9,762085;1,260985;0,01872778;-1,091251;-0,6315887;0,739571
12;torus;0;5;6,045707;5;9,762085;0,1782741;0,1336455;-0,04099235;0,1106352;0,7368201
12;torus;0;5;6,059521;5;9,762085;0,1782741;0,1336455;-0,04099235;0,1106352;0,7368201
12;torus;0;5;6,073251;5;9,762085;0,5615642;0,001227856;0,555031;-0,08540154;0,7416418
12;torus;0;5;6,087455;5;9,762085;0,2893468;-0,0002205372;0,079678;-0,27816;0,7473565
12;torus;0;5;6,101217;5;9,762085;0,6401776;-0,1869559;-0,06036088;-0,6092876;0,7590837
12;torus;0;5;6,115002;5;9,762085;0,6401776;-0,1869559;-0,06036088;-0,6092876;0,7590837
12;torus;0;5;6,129091;5;9,762085;1,30179;0,09720922;-1,242178;-0,3770977;0,7591451
12;torus;0;5;6,143039;5;9,762085;0,4338502;0,06830692;-0,4225016;-0,07108152;0,7581664
12;torus;0;5;6,15681;5;9,762085;0,4338502;0,06830692;-0,4225016;-0,07108152;0,7581664
12;torus;0;5;6,170768;5;9,762085;0,6381863;0,3213763;0,1149319;0,5392492;0,7474536
12;torus;0;5;6,184642;5;9,762085;0,3401567;0,09296536;0,2563804;0,2033055;0,7446125
12;torus;0;5;6,198583;5;9,762085;0,3401567;0,09296536;0,2563804;0,2033055;0,7446125
12;torus;0;5;6,212625;5;9,762085;0,2410959;-0,04702806;-0,09061098;-0,2184153;0,7484521
12;torus;0;5;6,226455;5;9,762085;0,2489935;0,1365542;-0,1991324;0,0608027;0,7458804
12;torus;0;5;6,240429;5;9,762085;0,06772073;0,03153682;0,05957484;0,006508827;0,7459675
12;torus;0;5;6,25457;5;9,762085;0,06772073;0,03153682;0,05957484;0,006508827;0,7459675
12;torus;0;5;6,268564;5;9,762085;2,318299;0,6731689;1,529973;1,606405;0,7221467
12;torus;0;5;6,282288;5;9,762085;1,170641;0,1747489;1,001593;0,5802363;0,7172122
12;torus;0;5;6,29624;5;9,762085;1,170641;0,1747489;1,001593;0,5802363;0,7172122
12;torus;0;5;6,309935;5;9,762085;2,148384;0,3793359;1,730931;1,214716;0,7063687
12;torus;0;5;6,32402;5;9,762085;1,467961;0,3136992;1,002407;1,025516;0,6952152
12;torus;0;5;6,337886;5;9,762085;1,467961;0,3136992;1,002407;1,025516;0,6952152
12;torus;0;5;6,351903;5;9,762085;1,322638;-0,2124965;1,295927;-0,1574457;0,7098438
12;torus;0;5;6,366031;5;9,762085;0,5815198;0,002211332;0,5539268;0,17699;0,7118025
12;torus;0;5;6,379642;5;9,762085;0,5815198;0,002211332;0,5539268;0,17699;0,7118025
12;torus;0;5;6,393494;5;9,762085;2,489213;0,5058169;1,503985;1,917905;0,6925038
12;torus;0;5;6,407438;5;9,762085;1,18199;0,2173364;0,711742;0,9183079;0,6843087
12;torus;0;5;6,421381;5;9,762085;0,3107986;0,03431439;0,194107;0,2402931;0,6824132
12;torus;0;5;6,435701;5;9,762085;0,3107986;0,03431439;0,194107;0,2402931;0,6824132
12;torus;0;5;6,449478;5;9,762085;0,6007338;0,005728006;-0,5749837;-0,1739025;0,6789679
12;torus;0;5;6,46327;5;9,762085;1,066809;0,2619624;-0,9806618;0,3282666;0,6624857
12;torus;0;5;6,47706;5;9,762085;1,066809;0,2619624;-0,9806618;0,3282666;0,6624857
12;torus;0;5;6,490992;5;9,762085;1,765606;0,5760312;-1,049274;1,297912;0,628535
12;torus;0;5;6,504834;5;9,762085;1,0272;0,3184259;-0,05521029;0,9750366;0,6109965
12;torus;0;5;6,519042;5;9,762085;1,0272;0,3184259;-0,05521029;0,9750366;0,6109965
12;torus;0;5;6,532907;5;9,762085;1,322943;0,283283;0,4271016;1,219636;0,5949997
12;torus;0;5;6,546861;5;9,762085;0,6357977;0,1488566;0,1092762;0,6083906;0,5860971
12;torus;0;5;6,560575;5;9,762085;0,5752451;0,1571476;-0,3646344;0,4162371;0,5749403
12;torus;0;5;6,57445;5;9,762085;0,5752451;0,1571476;-0,3646344;0,4162371;0,5749403
12;torus;0;5;6,588491;5;9,762085;1,390941;0,3954232;-0,8715883;1,009302;0,5480793
12;torus;0;5;6,602711;5;9,762085;0,5993526;0,1655281;-0,1357153;0,5598262;0,5372407
12;torus;0;5;6,616682;5;9,762085;0,5993526;0,1655281;-0,1357153;0,5598262;0,5372407
12;torus;0;5;6,630208;5;9,762085;0,7689304;0,1667857;-0,006569922;0,7505953;0,5248805
12;torus;0;5;6,644212;5;9,762085;1,462921;0,2972543;0,433974;1,36508;0,5083709
12;torus;0;5;6,658251;5;9,762085;1,462921;0,2972543;0,433974;1,36508;0,5083709
12;torus;0;5;6,672107;5;9,762085;2,220943;0,4008472;0,634563;2,090272;0,4850169
12;torus;0;5;6,686129;5;9,762085;0,9378448;0,1809537;0,1355305;0,9101868;0,4737983
12;torus;0;5;6,700028;5;9,762085;0,9988588;0,2261221;-0,1919746;0,9537995;0,4577371
12;torus;0;5;6,713802;5;9,762085;0,9988588;0,2261221;-0,1919746;0,9537995;0,4577371
12;torus;0;5;6,727773;5;9,762085;0,9852092;0,19629;-0,6212771;0,7390007;0,4386286
12;torus;0;5;6,741855;5;9,762085;0,2667365;0,03872514;-0,1525551;0,2153501;0,4334733
12;torus;0;5;6,755816;5;9,762085;0,2667365;0,03872514;-0,1525551;0,2153501;0,4334733
12;torus;0;5;6,769443;5;9,762085;1,250228;0,2107263;-1,116806;0,5209684;0,4103199
12;torus;0;5;6,7837;5;9,762085;1,322162;0,2461255;-1,158267;0,5881757;0,3858959
12;torus;0;5;6,797273;5;9,762085;1,322162;0,2461255;-1,158267;0,5881757;0,3858959
12;torus;0;5;6,811165;5;9,762085;2,604006;0,4741311;-2,143917;1,39988;0,3369131
12;torus;0;5;6,825084;5;9,762085;1,054083;0,1394689;-0,9802051;0,361713;0,3188584
12;torus;0;5;6,838967;5;9,762085;1,054083;0,1394689;-0,9802051;0,361713;0,3188584
12;torus;0;5;6,853142;5;9,762085;2,31495;0,1177967;-2,309588;-0,1045078;0,2930634
12;torus;0;5;6,866944;5;9,762085;1,212015;0,1164734;-1,160786;0,3286175;0,2756837
12;torus;0;5;6,881105;5;9,762085;1,283636;0,01748204;-1,276532;-0,133726;0,2663491
12;torus;0;5;6,895027;5;9,762085;1,283636;0,01748204;-1,276532;-0,133726;0,2663491
12;torus;0;5;6,909091;5;9,762085;3,051735;-0,1703918;-2,825675;-1,140005;0,2695595
12;torus;0;5;6,922949;5;9,762085;1,60518;0,0164032;-1,604348;0,048998;0,2639337
12;torus;0;5;6,936991;5;9,762085;1,60518;0,0164032;-1,604348;0,048998;0,2639337
12;torus;0;5;6,950593;5;9,762085;2,332378;-0,2102077;-2,191023;-0,7715032;0,2784829
12;torus;0;5;6,964577;5;9,762085;1,011307;-0,1179338;-0,9278793;-0,3845438;0,2877977
12;torus;0;5;6,978718;5;9,762085;1,011307;-0,1179338;-0,9278793;-0,3845438;0,2877977
12;torus;0;5;6,992429;5;9,762085;2,019038;-0,2026677;-1,954603;-0,4636481;0,3042269
12;torus;0;5;7,006362;5;9,762085;0,8475392;-0,02214909;-0,8374494;0,1284942;0,3064941
12;torus;0;5;7,020274;5;9,762085;1,248616;-0,1306176;-1,226019;-0,1971275;0,318415
12;torus;0;5;7,034244;5;9,762085;1,248616;-0,1306176;-1,226019;-0,1971275;0,318415
12;torus;0;5;7,048244;5;9,762085;1,979611;0,1779974;-1,408625;1,379475;0,305962
12;torus;0;5;7,062493;5;9,762085;0,2394258;0,03478527;0,1537934;0,1801729;0,3013962
12;torus;0;5;7,076053;5;9,762085;0,2394258;0,03478527;0,1537934;0,1801729;0,3013962
12;torus;0;5;7,089932;5;9,762085;0,2004635;-0,06399155;0,03961325;-0,1857996;0,3041629
12;torus;0;5;7,104066;5;9,762085;0,6918411;0,05735755;-0,4695684;0,5048364;0,3001316
12;torus;0;5;7,117955;5;9,762085;0,6918411;0,05735755;-0,4695684;0,5048364;0,3001316
12;torus;0;5;7,131646;5;9,762085;2,364857;0,2341688;-1,358075;1,921808;0,2848745
12;torus;0;5;7,145689;5;9,762085;0,5916367;0,08358955;-0,1237772;0,5724736;0,2780128
12;torus;0;5;7,159578;5;9,762085;0,5916367;0,08358955;-0,1237772;0,5724736;0,2780128
12;torus;0;5;7,173455;5;9,762085;0,8692073;-0,01059175;-0,697171;0,5190008;0,2799787
12;torus;0;5;7,187479;5;9,762085;0,4377863;-0,05523562;-0,4341327;0,01160651;0,2858706
12;torus;0;5;7,201476;5;9,762085;0,9560146;0,1187682;-0,2840348;0,9050869;0,2783284
12;torus;0;5;7,215505;5;9,762085;0,9560146;0,1187682;-0,2840348;0,9050869;0,2783284
12;torus;0;5;7,229181;5;9,762085;1,723845;0,1767039;-0,6033533;1,605111;0,2693585
12;torus;0;5;7,243211;5;9,762085;0,4361771;-0,028795;-0,3872573;0,198628;0,273655
12;torus;0;5;7,256992;5;9,762085;0,4361771;-0,028795;-0,3872573;0,198628;0,273655
12;torus;0;5;7,270875;5;9,762085;1,007766;-0,1684427;-0,9750836;-0,190869;0,291798
12;torus;0;5;7,284784;5;9,762085;0,4449195;-0,04525185;-0,4269853;0,1165725;0,2979351
12;torus;0;5;7,298779;5;9,762085;0,4449195;-0,04525185;-0,4269853;0,1165725;0,2979351
12;torus;0;5;7,312713;5;9,762085;0,9890147;-0,01681447;-0,7720277;0,6179326;0,3059238
12;torus;0;5;7,326671;5;9,762085;0,829937;0,03278852;-0,4583508;0,6911114;0,3087301
12;torus;0;5;7,34048;5;9,762085;0,5892384;-0,02000332;-0,4624486;0,3646135;0,3145859
12;torus;0;5;7,354585;5;9,762085;0,5892384;-0,02000332;-0,4624486;0,3646135;0,3145859
12;torus;0;5;7,368296;5;9,762085;0,7197714;-0,09332299;-0,7001638;0,1383193;0,326571
12;torus;0;5;7,382337;5;9,762085;0,2453823;-0,05013347;-0,1331359;-0,1999348;0,3303108
12;torus;0;5;7,395937;5;9,762085;0,2453823;-0,05013347;-0,1331359;-0,1999348;0,3303108
12;torus;0;5;7,410276;5;9,762085;0,729619;0,05416274;-0,2486169;0,6838128;0,3307818
12;torus;0;5;7,424239;5;9,762085;0,5735878;-0,0009536743;-0,3544271;0,4509807;0,3350322
12;torus;0;5;7,43795;5;9,762085;0,5735878;-0,0009536743;-0,3544271;0,4509807;0,3350322
12;torus;0;5;7,451779;5;9,762085;0,7932753;-0,00192523;-0,5008757;0,6151468;0,3417039
12;torus;0;5;7,466071;5;9,762085;0,5048166;0,02592802;-0,1896515;0,4671186;0,3434906
12;torus;0;5;7,479828;5;9,762085;0,5048166;0,02592802;-0,1896515;0,4671186;0,3434906
12;torus;0;5;7,493716;5;9,762085;0,2829244;-0,05108714;-0,1684532;-0,2214946;0,347576
12;torus;0;5;7,507678;5;9,762085;0,4437458;-0,0001013279;-0,2641097;0,35659;0,3513542
12;torus;0;5;7,521832;5;9,762085;0,6203142;-0,00706315;-0,3779411;0,4918337;0,3571197
12;torus;0;5;7,535393;5;9,762085;0,6203142;-0,00706315;-0,3779411;0,4918337;0,3571197
12;torus;0;5;7,549753;5;9,762085;1,53587;0,173372;0,02427399;1,52586;0,3535821
12;torus;0;5;7,563343;5;9,762085;0,374705;-0,009733438;-0,2159238;0,3060818;0,357498
12;torus;0;5;7,577258;5;9,762085;0,374705;-0,009733438;-0,2159238;0,3060818;0,357498
12;torus;0;5;7,591324;5;9,762085;0,4341722;0,07761717;0,1718014;0,3911078;0,3539216
12;torus;0;5;7,60506;5;9,762085;0,1195177;0,01652241;-0,01188368;0,1177721;0,3541319
12;torus;0;5;7,618951;5;9,762085;0,1195177;0,01652241;-0,01188368;0,1177721;0,3541319
12;torus;0;5;7,632916;5;9,762085;2,278462;0,2650023;0,3520802;2,235442;0,3495884
12;torus;0;5;7,646899;5;9,762085;2,070367;0,248605;0,6837904;1,93831;0,3431568
12;torus;0;5;7,661109;5;9,762085;2,181271;0,2234221;0,8385688;2,001206;0,3391333
12;torus;0;5;7,674547;5;9,762085;2,181271;0,2234221;0,8385688;2,001206;0,3391333
12;torus;0;5;7,688532;5;9,762085;1,323989;-0,116843;-0,2882645;-1,286934;0,3363714
12;torus;0;5;7,702427;5;9,762085;0,8450095;0,1231015;0,8265957;-0,1250066;0,3203287
12;torus;0;5;7,716274;5;9,762085;0,8450095;0,1231015;0,8265957;-0,1250066;0,3203287
12;torus;0;5;7,730258;5;9,762085;2,838608;0,2504647;1,162016;2,577728;0,3181733
12;torus;0;5;7,744068;5;9,762085;2,065233;0,1278341;0,7643685;1,91431;0,3244884
12;torus;0;5;7,758564;5;9,762085;2,065233;0,1278341;0,7643685;1,91431;0,3244884
12;torus;0;5;7,772169;5;9,762085;0,8091238;-0,1115799;-0,5741686;0,5590722;0,3396604
12;torus;0;5;7,786131;5;9,762085;1,493841;-0,04605055;-0,2335101;-1,474759;0,3280509
12;torus;0;5;7,799965;5;9,762085;1,493841;-0,04605055;-0,2335101;-1,474759;0,3280509
12;torus;0;5;7,814028;5;9,762085;1,631686;0,1732051;1,240647;1,045559;0,3189559
12;torus;0;5;7,827983;5;9,762085;1,725673;0,1522422;1,276066;1,151705;0,3137787
12;torus;0;5;7,841767;5;9,762085;1,842504;0,1356781;1,393155;1,198137;0,3114224
12;torus;0;5;7,855941;5;9,762085;1,842504;0,1356781;1,393155;1,198137;0,3114224
12;torus;0;5;7,869568;5;9,762085;0,895277;0,04228354;0,8027844;0,3940433;0,3073357
12;torus;0;5;7,883533;5;9,762085;1,588584;0,05481839;0,4658975;-1,51774;0,2790071
12;torus;0;5;7,89761;5;9,762085;1,588584;0,05481839;0,4658975;-1,51774;0,2790071
12;torus;0;5;7,91143;5;9,762085;1,750028;0,1207113;1,595849;0,7080197;0,2716745
12;torus;0;5;7,925272;5;9,762085;0,9168;0,02145171;0,5074993;0,7632211;0,2791273
12;torus;0;5;7,939336;5;9,762085;0,9168;0,02145171;0,5074993;0,7632211;0,2791273
12;torus;0;5;7,953047;5;9,762085;3,012861;0,1535475;2,978705;0,4255243;0,2640625
12;torus;0;5;7,967091;5;9,762085;1,314594;0,0195384;0,3948189;-1,253752;0,238961
12;torus;0;5;7,980982;5;9,762085;0,7513901;0,02157688;0,5751539;-0,4830316;0,2271757
12;torus;0;5;7,995008;5;9,762085;0,7513901;0,02157688;0,5751539;-0,4830316;0,2271757
12;torus;0;5;8,00896;5;9,762085;1,911512;0,02425909;1,438138;1,258987;0,2456031
12;torus;0;5;8,022971;5;9,762085;0,9818856;-0,001478195;0,7196177;0,6680176;0,2571234
12;torus;0;5;8,036742;5;9,762085;0,9818856;-0,001478195;0,7196177;0,6680176;0,2571234
12;torus;0;5;8,05061;5;9,762085;2,183993;-0,00744462;2,104631;0,5833521;0,2693929
12;torus;0;5;8,064441;5;9,762085;0,7813509;-0,00423193;0,7433707;-0,2406061;0,2667538
12;torus;0;5;8,07834;5;9,762085;0,7813509;-0,00423193;0,7433707;-0,2406061;0,2667538
12;torus;0;5;8,092366;5;9,762085;1,361034;-0,03556609;1,316078;0,3450915;0,2784874
12;torus;0;5;8,106323;5;9,762085;0,7339904;-0,02653599;0,6718025;0,2944812;0,2874405
12;torus;0;5;8,120706;5;9,762085;1,27973;-0,05627275;1,235314;0,3294542;0,3011856
12;torus;0;5;8,134342;5;9,762085;1,27973;-0,05627275;1,235314;0,3294542;0,3011856
12;torus;0;5;8,147964;5;9,762085;2,783347;-0,1350462;2,69667;-0,6758347;0,3125021
12;torus;0;5;8,162082;5;9,762085;0,8163812;0,0113368;0,01899153;-0,8160815;0,2993651
12;torus;0;5;8,175704;5;9,762085;0,8163812;0,0113368;0,01899153;-0,8160815;0,2993651
12;torus;0;5;8,189691;5;9,762085;0,8022594;-0,05683303;0,7956423;-0,08569434;0,3066606
12;torus;0;5;8,203529;5;9,762085;1,252338;-0,1006722;1,061918;0,65616;0,3290544
12;torus;0;5;8,217537;5;9,762085;1,252338;-0,1006722;1,061918;0,65616;0,3290544
12;torus;0;5;8,231557;5;9,762085;2,558654;-0,2587855;2,423493;0,7787302;0,3707217
12;torus;0;5;8,24533;5;9,762085;0,794042;-0,08991957;0,7888958;0,007781386;0,3812689
12;torus;0;5;8,259437;5;9,762085;0,794042;-0,08991957;0,7888958;0,007781386;0,3812689
12;torus;0;5;8,273271;5;9,762085;0,5542488;-0,07403493;0,5422413;0,08766353;0,3898392
12;torus;0;5;8,287148;5;9,762085;0,2702546;-0,01974106;0,07288754;0,2594903;0,3944346
12;torus;0;5;8,301136;5;9,762085;0,6116309;-0,07653236;0,5246282;0,3049597;0,4058541
12;torus;0;5;8,314972;5;9,762085;0,6116309;-0,07653236;0,5246282;0,3049597;0,4058541
12;torus;0;5;8,329356;5;9,762085;1,787885;-0,2522945;1,589178;0,7793546;0,4386961
12;torus;0;5;8,342879;5;9,762085;0,6008034;-0,09575486;0,5605847;0,1937538;0,4492788
12;torus;0;5;8,356798;5;9,762085;0,6008034;-0,09575486;0,5605847;0,1937538;0,4492788
12;torus;0;5;8,370456;5;9,762085;0,684472;0,004696846;-0,3546625;0,5854011;0,4521749
12;torus;0;5;8,384665;5;9,762085;0,6042575;-0,02205372;-0,110063;0,5937397;0,458923
12;torus;0;5;8,398477;5;9,762085;0,6042575;-0,02205372;-0,110063;0,5937397;0,458923
12;torus;0;5;8,41237;5;9,762085;1,449135;-0,1898408;0,6691799;1,271279;0,4860378
12;torus;0;5;8,42648;5;9,762085;0,7729284;-0,129807;0,5728588;0,5023956;0,500944
12;torus;0;5;8,440568;5;9,762085;0,3562559;-0,06871223;0,3287822;0,1187399;0,5070834
12;torus;0;5;8,454475;5;9,762085;0,3562559;-0,06871223;0,3287822;0,1187399;0,5070834
12;torus;0;5;8,468068;5;9,762085;0,9659842;0,02240539;-0,6256297;0,7356703;0,5093743
12;torus;0;5;8,481917;5;9,762085;0,7769074;0,02613068;-0,5394936;0,5584344;0,510778
12;torus;0;5;8,495919;5;9,762085;0,7769074;0,02613068;-0,5394936;0,5584344;0,510778
12;torus;0;5;8,50985;5;9,762085;1,594177;-0,08209944;-0,5163968;1,505986;0,527719
12;torus;0;5;8,523837;5;9,762085;0,6489939;-0,122124;0,4233226;0,4765257;0,5402305
12;torus;0;5;8,537745;5;9,762085;0,6489939;-0,122124;0,4233226;0,4765257;0,5402305
12;torus;0;5;8,55184;5;9,762085;1,517586;-0,270772;0,6534874;1,342648;0,5691803
12;torus;0;5;8,565871;5;9,762085;1,538759;-0,2837062;0,6536096;1,36385;0,5986024
12;torus;0;5;8,579526;5;9,762085;1,538759;-0,2837062;0,6536096;1,36385;0,5986024
12;torus;0;5;8,59351;5;9,762085;1,906963;-0,2920926;0,02340972;1,884314;0,6294983
12;torus;0;5;8,607418;5;9,762085;0,5226872;0,07666349;-0,5160511;-0,03187358;0,6232918
12;torus;0;5;8,621322;5;9,762085;0,5996684;0,05622506;-0,5749792;0,1607478;0,6198049
12;torus;0;5;8,635279;5;9,762085;0,5996684;0,05622506;-0,5749792;0,1607478;0,6198049
12;torus;0;5;8,649426;5;9,762085;1,492679;-0,0667274;-0,9171292;1,175803;0,6304718
12;torus;0;5;8,663437;5;9,762085;1,007011;-0,1817703;0,04892051;0,9892613;0,6480926
12;torus;0;5;8,677304;5;9,762085;1,007011;-0,1817703;0,04892051;0,9892613;0,6480926
12;torus;0;5;8,691015;5;9,762085;3,006831;-0,6689012;0,8595601;2,802634;0,7053745
12;torus;0;5;8,704864;5;9,762085;0,9146292;-0,1986623;0,03702492;0,8920252;0,7215185
12;torus;0;5;8,718762;5;9,762085;0,9146292;-0,1986623;0,03702492;0,8920252;0,7215185
12;torus;0;5;8,732937;5;9,762085;1,198695;-0,157392;-0,5719244;1,041633;0,7350499
12;torus;0;5;8,746963;5;9,762085;0,5705701;0,03220439;-0,5406246;0,1795501;0,7336617
12;torus;0;5;8,7603;5;9,762085;0,500754;0,03634095;-0,4857451;0,1161277;0,7317383
12;torus;0;5;8,774351;5;9,762085;0,500754;0,03634095;-0,4857451;0,1161277;0,7317383
12;torus;0;5;8,788417;5;9,762085;1,326323;-0,07303953;-1,000463;0,8676827;0,7398308
12;torus;0;5;8,802262;5;9,762085;0,6670562;-0,06865859;-0,4230857;0,5111247;0,7462031
12;torus;0;5;8,816073;5;9,762085;0,6670562;-0,06865859;-0,4230857;0,5111247;0,7462031
12;torus;0;5;8,830114;5;9,762085;1,538502;-0,2491713;-0,6840125;1,355371;0,7668821
12;torus;0;5;8,843898;5;9,762085;0,3960881;0,04814863;-0,3914453;-0,03657937;0,7635879
12;torus;0;5;8,857894;5;9,762085;0,3960881;0,04814863;-0,3914453;-0,03657937;0,7635879
12;torus;0;5;8,872114;5;9,762085;1,684572;0,09976625;-1,659545;0,2715498;0,7585842
12;torus;0;5;8,886219;5;9,762085;1,006136;0,08521676;-1,002425;0,01383424;0,7533684
12;torus;0;5;8,899949;5;9,762085;1,006136;0,08521676;-1,002425;0,01383424;0,7533684
12;torus;0;5;8,913782;5;9,762085;1,638726;0,3071368;-1,380634;-0,8276105;0,7305166
12;torus;0;5;8,927936;5;9,762085;1,098032;0,2272487;-0,764706;-0,7544905;0,7124123
12;torus;0;5;8,941496;5;9,762085;1,084888;0,07404089;-1,081306;-0,04772842;0,7071504
12;torus;0;5;8,955571;5;9,762085;1,084888;0,07404089;-1,081306;-0,04772842;0,7071504
12;torus;0;5;8,969311;5;9,762085;2,292137;-0,3117621;-1,633929;1,577014;0,7330183
12;torus;0;5;8,983253;5;9,762085;0,8537307;-0,032866;-0,8230444;0,2244413;0,7354406
12;torus;0;5;8,997591;5;9,762085;0,8537307;-0,032866;-0,8230444;0,2244413;0,7354406
12;torus;0;5;9,011423;5;9,762085;2,131996;0,2704203;-1,888792;-0,9511799;0,7131969
12;torus;0;5;9,025515;5;9,762085;1,455;0,1995146;-1,196647;-0,8032769;0,6960789
12;torus;0;5;9,038936;5;9,762085;1,455;0,1995146;-1,196647;-0,8032769;0,6960789
12;torus;0;5;9,052933;5;9,762085;1,271226;-0,07326603;-1,242001;0,2609253;0,7009844
12;torus;0;5;9,067003;5;9,762085;1,112433;-0,1769304;-0,8714992;0,6683499;0,7146373
12;torus;0;5;9,080561;5;9,762085;0,8753575;-0,1106739;-0,7895337;0,3614396;0,7224991
12;torus;0;5;9,094549;5;9,762085;0,8753575;-0,1106739;-0,7895337;0,3614396;0,7224991
12;torus;0;5;9,108495;5;9,762085;1,482777;0,1992702;-1,077332;-0,9991378;0,7040371
12;torus;0;5;9,123138;5;9,762085;1,280668;0,2798736;-0,1095675;-1,2449;0,679491
12;torus;0;5;9,136783;5;9,762085;1,280668;0,2798736;-0,1095675;-1,2449;0,679491
12;torus;0;5;9,150387;5;9,762085;2,290729;0,3142118;-1,477931;-1,721752;0,6488102
12;torus;0;5;9,164202;5;9,762085;1,308226;-0,1018882;-1,295829;0,1479864;0,6557964
12;torus;0;5;9,178185;5;9,762085;1,308226;-0,1018882;-1,295829;0,1479864;0,6557964
12;torus;0;5;9,192447;5;9,762085;2,161059;-0,1007855;-2,145147;-0,2415806;0,6600324
12;torus;0;5;9,206317;5;9,762085;0,9240156;0,1467884;-0,3376476;-0,8474976;0,6453741
12;torus;0;5;9,220121;5;9,762085;0,7723421;0,164187;0,2064943;-0,7258892;0,6303797
12;torus;0;5;9,234162;5;9,762085;0,7723421;0,164187;0,2064943;-0,7258892;0,6303797
12;torus;0;5;9,247831;5;9,762085;1,83976;0,03905892;-1,601315;-0,9049773;0,6221769
12;torus;0;5;9,261613;5;9,762085;0,9223206;0,01080933;-0,8109932;-0,4391452;0,6219904
12;torus;0;5;9,275688;5;9,762085;0,9223206;0,01080933;-0,8109932;-0,4391452;0,6219904
12;torus;0;5;9,289646;5;9,762085;1,65143;0,1184229;-1,166805;-1,162654;0,6089199
12;torus;0;5;9,303448;5;9,762085;1,269595;0,05170405;-0,7929661;-0,9901524;0,5972264
12;torus;0;5;9,317647;5;9,762085;1,269595;0,05170405;-0,7929661;-0,9901524;0,5972264
12;torus;0;5;9,331426;5;9,762085;0,7954751;0,06449819;-0,3705814;-0,7009208;0,5878084
12;torus;0;5;9,345695;5;9,762085;1,181987;-0,02295971;-0,9668306;-0,6795615;0,5845408
12;torus;0;5;9,359309;5;9,762085;1,181987;-0,02295971;-0,9668306;-0,6795615;0,5845408
12;torus;0;5;9,372906;5;9,762085;2,025135;-0,09583235;-1,736632;-1,03735;0,5840963
12;torus;0;5;9,386918;5;9,762085;0,261306;0,002408028;-0,1829177;-0,1865909;0,5829227
12;torus;0;5;9,400768;5;9,762085;0,6961415;-0,02607107;-0,5395547;-0,4391059;0,5815356
12;torus;0;5;9,414826;5;9,762085;0,6961415;-0,02607107;-0,5395547;-0,4391059;0,5815356
12;torus;0;5;9,42887;5;9,762085;1,352545;-0,03938675;-0,9821966;-0,9290412;0,5777895
12;torus;0;5;9,44272;5;9,762085;0,7204443;0,1339734;0,3614694;-0,6086305;0,5638276
12;torus;0;5;9,456563;5;9,762085;0,7204443;0,1339734;0,3614694;-0,6086305;0,5638276
12;torus;0;5;9,470483;5;9,762085;1,765236;0,171262;-0,1446545;-1,750943;0,5382828
12;torus;0;5;9,484435;5;9,762085;0,4299746;0,03784895;-0,05205721;-0,4251301;0,5324631
12;torus;0;5;9,498479;5;9,762085;0,4299746;0,03784895;-0,05205721;-0,4251301;0,5324631
12;torus;0;5;9,51228;5;9,762085;1,149619;0,1629293;0,3546745;-1,081334;0,5116421
12;torus;0;5;9,526334;5;9,762085;0,9400492;0,1259089;0,3395543;-0,867492;0,4943384
12;torus;0;5;9,540259;5;9,762085;0,9688759;0,08012056;0,03420413;-0,9649515;0,4798083
12;torus;0;5;9,554361;5;9,762085;0,9688759;0,08012056;0,03420413;-0,9649515;0,4798083
12;torus;0;5;9,56809;5;9,762085;1,212383;0,2142787;1,06435;-0,5395517;0,457834
12;torus;0;5;9,582026;5;9,762085;0,749392;0,09681582;0,3754556;-0,6412864;0,4435337
12;torus;0;5;9,595933;5;9,762085;0,749392;0,09681582;0,3754556;-0,6412864;0,4435337
12;torus;0;5;9,609806;5;9,762085;1,335057;0,2023637;1,170282;-0,6098077;0,4193227
12;torus;0;5;9,624479;5;9,762085;0,4183805;0,05869269;0,3638878;-0,197947;0,4117229
12;torus;0;5;9,637715;5;9,762085;0,4183805;0,05869269;0,3638878;-0,197947;0,4117229
12;torus;0;5;9,651835;5;9,762085;1,60154;0,1662493;1,531366;0,438419;0,399745
12;torus;0;5;9,665751;5;9,762085;0,8868588;0,1026869;0,6824397;-0,5570009;0,3830742
12;torus;0;5;9,679428;5;9,762085;0,8868588;0,1026869;0,6824397;-0,5570009;0,3830742
12;torus;0;5;9,693292;5;9,762085;1,867499;0,2006352;1,549612;-1,022741;0,3494546
12;torus;0;5;9,707691;5;9,762085;0,7305335;0,07178187;0,6608337;-0,303027;0,3375127
12;torus;0;5;9,721213;5;9,762085;1,147553;0,07714629;1,084393;0,3674477;0,3330278
12;torus;0;5;9,734949;5;9,762085;1,147553;0,07714629;1,084393;0,3674477;0,3330278
12;torus;0;5;9,74912;5;9,762085;0,9004368;0,05031824;0,8755036;0,2043232;0,3288483
12;torus;0;5;9,762998;5;9,762085;0,3764109;0,02129078;0,2149314;-0,3082797;0,3216321
12;torus;0;5;9,776839;5;9,762085;0,3764109;0,02129078;0,2149314;-0,3082797;0,3216321
12;torus;0;5;9,790785;5;9,762085;1,369604;0,06372333;0,3965579;-1,309387;0,2954013
12;torus;0;5;9,805232;5;9,762085;0,1845291;-0,003272295;0,03997311;0,1801178;0,2982031
12;torus;0;5;9,818773;5;9,762085;0,1845291;-0,003272295;0,03997311;0,1801178;0,2982031
12;torus;0;5;9,832579;5;9,762085;0,5978754;0,02145171;0,5433217;0,2485886;0,2982377
12;torus;0;5;9,846269;5;9,762085;0,2210935;-0,01829267;-0,2123162;0,0589028;0,3009068
12;torus;0;5;9,860537;5;9,762085;0,5812188;-0,008243322;-0,2186157;-0,5384743;0,2931557
12;torus;0;5;9,874536;5;9,762085;0,5812188;-0,008243322;-0,2186157;-0,5384743;0,2931557
12;torus;0;5;9,888334;5;9,762085;0,8698926;0,02582073;0,2691716;-0,8267969;0,2764615
12;torus;0;5;9,902174;5;9,762085;0,7505861;0,04056096;0,6831758;-0,308229;0,2655055
12;torus;0;5;9,916134;5;9,762085;0,7505861;0,04056096;0,6831758;-0,308229;0,2655055
12;torus;0;5;9,929914;5;9,762085;1,031958;0,02984405;0,7609289;-0,6964438;0,2473855
12;torus;0;5;9,943841;5;9,762085;0,4571004;-0,02813339;-0,3194753;-0,3257066;0,2439312
12;torus;0;5;9,957863;5;9,762085;0,4571004;-0,02813339;-0,3194753;-0,3257066;0,2439312
12;torus;0;5;9,971864;5;9,762085;1,293228;-0,08826256;-1,037231;-0,7673331;0,2396449
12;torus;0;5;9,985559;5;9,762085;0,09383444;-0,01136661;0,0718683;0,05925074;0,2398676
12;torus;0;5;9,999442;5;9,762085;0,09383444;-0,01136661;0,0718683;0,05925074;0,2398676
12;torus;0;5;10,01343;5;9,762085;0,9649749;-0,02316236;0,155434;-0,9520926;0,2224735
12;torus;0;5;10,02735;5;9,762085;0,3222179;0,0007510185;0,301189;0,1144946;0,2213442
12;torus;0;5;10,04129;5;9,762085;0,08777355;-0,02763867;-0,06834343;0,04763901;0,2226551
12;torus;0;5;10,05544;5;9,762085;0,08777355;-0,02763867;-0,06834343;0,04763901;0,2226551
12;torus;0;5;10,0691;5;9,762085;1,00862;0,0006198883;0,884904;0,4840024;0,2228944
12;torus;0;5;10,08306;5;9,762085;0,4777099;-0,03597736;-0,1518957;-0,4514866;0,2161888
12;torus;0;5;10,09694;5;9,762085;0,4777099;-0,03597736;-0,1518957;-0,4514866;0,2161888
12;torus;0;5;10,11094;5;9,762085;0,2186102;-0,02368689;-0,1672521;-0,1387663;0,2151913
12;torus;0;5;10,12482;5;9,762085;0,3243378;-0,05285144;-0,1359485;-0,289689;0,2112962
12;torus;0;5;10,13931;5;9,762085;0,3243378;-0,05285144;-0,1359485;-0,289689;0,2112962
12;torus;0;5;10,15299;5;9,762085;0,8780168;-0,04163384;0,8404304;-0,2507128;0,1992413
12;torus;0;5;10,16663;5;9,762085;0,2835935;-0,02013445;0,2817672;-0,02504289;0,1963786
12;torus;0;5;10,18061;5;9,762085;0,05799944;-0,03226995;0,04589036;-0,01471937;0,1955733
12;torus;0;5;10,19467;5;9,762085;0,05799944;-0,03226995;0,04589036;-0,01471937;0,1955733
12;torus;0;5;10,20855;5;9,762085;0,4594746;-0,05719662;0,3701601;-0,2661332;0,1877254
12;torus;0;5;10,2224;5;9,762085;0,3954752;-0,03269315;0,2080388;-0,3347412;0,1800925
12;torus;0;5;10,2364;5;9,762085;0,3954752;-0,03269315;0,2080388;-0,3347412;0,1800925
12;torus;0;5;10,25071;5;9,762085;0,4599439;-0,07801056;-0,07040761;-0,4477784;0,1723145
12;torus;0;5;10,26422;5;9,762085;0,228124;-0,02487898;-0,2205286;0,05280823;0,1748483
12;torus;0;5;10,27817;5;9,762085;0,228124;-0,02487898;-0,2205286;0,05280823;0,1748483
12;torus;0;5;10,29203;5;9,762085;0,5326972;-0,09625554;0,1962826;0,4857719;0,1812614
12;torus;0;5;10,30575;5;9,762085;0,2794688;-0,03125668;0,2399653;0,1397945;0,1818569
12;torus;0;5;10,31977;5;9,762085;0,2794688;-0,03125668;0,2399653;0,1397945;0,1818569
12;torus;0;5;10,33364;5;9,762085;0,8216527;-0,1281559;0,3479905;-0,7332065;0,1655934
12;torus;0;5;10,34789;5;9,762085;0,02806076;-0,01370311;-0,007984787;0,02314895;0,1659871
12;torus;0;5;10,36141;5;9,762085;0,209299;-0,02480149;0,1992024;0,05923957;0,1656169
12;torus;0;5;10,37533;5;9,762085;0,209299;-0,02480149;0,1992024;0,05923957;0,1656169
12;torus;0;5;10,38931;5;9,762085;0,6525426;-0,07283092;0,5631246;0,3215559;0,1679993
12;torus;0;5;10,4034;5;9,762085;0,2014411;-0,02294183;0,1123227;0,1656376;0,1704533
12;torus;0;5;10,41726;5;9,762085;0,2014411;-0,02294183;0,1123227;0,1656376;0,1704533
12;torus;0;5;10,43117;5;9,762085;0,677331;-0,06040931;0,6345738;-0,229007;0,1633464
12;torus;0;5;10,44554;5;9,762085;0,2322888;-0,03244281;0,2254257;0,04570335;0,1633951
12;torus;0;5;10,45893;5;9,762085;0,2322888;-0,03244281;0,2254257;0,04570335;0,1633951
12;torus;0;5;10,47294;5;9,762085;0,6309563;-0,0589788;0,6169751;0,1181908;0,1642151
12;torus;0;5;10,48678;5;9,762085;0,125482;-0,02492666;0,03273468;-0,1185447;0,1617626
12;torus;0;5;10,50092;5;9,762085;0,1438723;-0,02587438;-0,02652761;-0,1390181;0,1589744
12;torus;0;5;10,51466;5;9,762085;0,1438723;-0,02587438;-0,02652761;-0,1390181;0,1589744
12;torus;0;5;10,52859;5;9,762085;0,7300922;-0,1018763;0,2374867;-0,6828293;0,1450544
12;torus;0;5;10,54262;5;9,762085;0,17526;-0,008147955;-0,02319627;0,173527;0,1483803
12;torus;0;5;10,55652;5;9,762085;0,17526;-0,008147955;-0,02319627;0,173527;0,1483803
12;torus;0;5;10,57068;5;9,762085;0,3382412;-0,03985167;-0,2199849;0,2538219;0,1533029
12;torus;0;5;10,58423;5;9,762085;0,03172353;-0,01587272;-0,02732351;-0,002804399;0,1532066
12;torus;0;5;10,59816;5;9,762085;0,03172353;-0,01587272;-0,02732351;-0,002804399;0,1532066
12;torus;0;5;10,61214;5;9,762085;0,6494595;-0,1102984;0,1953432;-0,6094858;0,1406552
12;torus;0;5;10,62614;5;9,762085;0,5197259;-0,04489422;0,2762122;-0,437957;0,1318258
12;torus;0;5;10,63987;5;9,762085;0,5197259;-0,04489422;0,2762122;-0,437957;0,1318258
12;torus;0;5;10,6538;5;9,762085;0,4394346;-0,0552237;-0,1708403;-0,4010819;0,1238442
12;torus;0;5;10,66791;5;9,762085;0,1980342;-0,003355742;-0,1134045;0,1623135;0,1270503
12;torus;0;5;10,68198;5;9,762085;0,3217982;-0,05056858;-0,174243;-0,2657749;0,1218799
12;torus;0;5;10,69573;5;9,762085;0,3217982;-0,05056858;-0,174243;-0,2657749;0,1218799
12;torus;0;5;10,70944;5;9,762085;1,467064;-0,09908676;0,624801;-1,323663;0,09558182
12;torus;0;5;10,72389;5;9,762085;0,5317799;-0,04564524;-0,07329956;-0,5247224;0,08530562
12;torus;0;5;10,73741;5;9,762085;0,5317799;-0,04564524;-0,07329956;-0,5247224;0,08530562
12;torus;0;5;10,75127;5;9,762085;0,716862;-0,07140636;0,2877031;-0,6527014;0,07292596
12;torus;0;5;10,76515;5;9,762085;0,6639604;-0,05659461;0,1334166;-0,6479509;0,06103103
12;torus;0;5;10,77932;5;9,762085;0,6639604;-0,05659461;0,1334166;-0,6479509;0,06103103
12;torus;0;5;10,79298;5;9,762085;1,992502;-0,1568258;0,7233599;-1,849925;0,03753083
12;torus;0;5;10,80703;5;9,762085;0,428856;-0,2369421;0,03090605;-0,3561189;0,0282808
12;torus;0;5;10,82115;5;9,762085;0,6195927;-0,1476903;0,01335543;-0,6015848;0,02441972
12;torus;0;5;10,83495;5;9,762085;0,6195927;-0,1476903;0,01335543;-0,6015848;0,02441972
12;torus;0;5;10,84875;5;9,762085;1,674782;-0,1190857;-0,141739;-1,664519;0,03962673
12;torus;0;5;10,86294;5;9,762085;1,564513;0,1953978;0,5598661;-1,447781;0,07065406
12;torus;0;5;10,87686;5;9,762085;1,564513;0,1953978;0,5598661;-1,447781;0,07065406
12;torus;0;5;10,89107;5;9,762085;1,975566;-0,2740926;0,4665431;-1,900019;0,1090444
12;torus;0;5;10,90446;5;9,762085;1,43487;-0,1580628;0,1601759;-1,417114;0,1366246
12;torus;0;5;10,91839;5;9,762085;1,43487;-0,1580628;0,1601759;-1,417114;0,1366246
12;torus;0;5;10,93247;5;9,762085;2,126366;-0,2397358;-1,346412;-1,628231;0,1631153
12;torus;0;5;10,94635;5;9,762085;0,6735684;-0,08575916;-0,3327792;-0,579308;0,1742022
12;torus;0;5;10,96019;5;9,762085;0,3208832;0,0001788139;0,3056146;-0,09780452;0,176563
12;torus;0;5;10,97426;5;9,762085;0,3208832;0,0001788139;0,3056146;-0,09780452;0,176563
12;torus;0;5;10,98821;5;9,762085;0,72527;-0,07582307;0,3053858;-0,6534576;0,1901822
12;torus;0;5;11,00201;5;9,762085;0,3131801;-0,02237558;-0,2163239;-0,2253555;0,1942526
12;torus;0;5;11,01583;5;9,762085;0,3131801;-0,02237558;-0,2163239;-0,2253555;0,1942526
12;torus;0;5;11,02995;5;9,762085;0,7112436;-0,06644726;-0,4285571;-0,5637296;0,2050002
12;torus;0;5;11,04371;5;9,762085;0,3125383;-0,03499985;0,09099022;-0,2969444;0,2110275
12;torus;0;5;11,05773;5;9,762085;0,3125383;-0,03499985;0,09099022;-0,2969444;0,2110275
12;torus;0;5;11,07164;5;9,762085;1,10687;-0,1385272;0,5077139;-0,9737551;0,2312168
12;torus;0;5;11,08544;5;9,762085;0,3231027;-0,04187822;0,1251863;-0,2949066;0,2373449
12;torus;0;5;11,09926;5;9,762085;0,3231027;-0,04187822;0,1251863;-0,2949066;0,2373449
12;torus;0;5;11,11326;5;9,762085;0,6889691;-0,05443096;-0,5709585;-0,3817357;0,2442005
12;torus;0;5;11,12715;5;9,762085;0,3375038;-0,03689528;-0,2470016;-0,2270192;0,2485931
12;torus;0;5;11,14147;5;9,762085;0,3487509;-0,05651116;-0,02983864;-0,3428459;0,2554791
12;torus;0;5;11,15505;5;9,762085;0,3487509;-0,05651116;-0,02983864;-0,3428459;0,2554791
12;torus;0;5;11,16903;5;9,762085;1,056357;-0,168103;0,4092489;-0,9592429;0,2750957
12;torus;0;5;11,1833;5;9,762085;0,1862608;-0,02776384;-0,02457388;-0,1825333;0,2787439
12;torus;0;5;11,19733;5;9,762085;0,1862608;-0,02776384;-0,02457388;-0,1825333;0,2787439
12;torus;0;5;11,21146;5;9,762085;0,5683119;-0,03182292;-0,533721;-0,1926333;0,2823246
12;torus;0;5;11,2253;5;9,762085;0,6755446;-0,1329303;0,09043422;-0,6561339;0,2956084
12;torus;0;5;11,23918;5;9,762085;0,6755446;-0,1329303;0,09043422;-0,6561339;0,2956084
12;torus;0;5;11,25296;5;9,762085;1,393343;-0,2629578;0,4683245;-1,285663;0,3218918
12;torus;0;5;11,26693;5;9,762085;0,573047;-0,1214743;0,02503712;-0,5594641;0,333249
12;torus;0;5;11,28085;5;9,762085;0,2269551;-0,04050732;-0,1081848;-0,1953557;0,3371215
12;torus;0;5;11,29474;5;9,762085;0,2269551;-0,04050732;-0,1081848;-0,1953557;0,3371215
12;torus;0;5;11,30827;5;9,762085;0,4131078;-0,08780956;0,08330103;-0,3949791;0,3451983
12;torus;0;5;11,32212;5;9,762085;0,7141836;-0,1628518;0,1183543;-0,6852224;0,3592256
12;torus;0;5;11,33615;5;9,762085;0,7141836;-0,1628518;0,1183543;-0,6852224;0,3592256
12;torus;0;5;11,35024;5;9,762085;1,364083;-0,323993;0,2072758;-1,308735;0,3860757
12;torus;0;5;11,36371;5;9,762085;0,607014;-0,1431465;-0,1838799;-0,5605027;0,3973376
12;torus;0;5;11,37767;5;9,762085;0,607014;-0,1431465;-0,1838799;-0,5605027;0,3973376
12;torus;0;5;11,39164;5;9,762085;1,172655;-0,2569795;-0,6123486;-0,9664938;0,4167925
12;torus;0;5;11,40559;5;9,762085;0,4222677;-0,1093209;0,02416428;-0,4071549;0,425138
12;torus;0;5;11,41954;5;9,762085;0,4222677;-0,1093209;0,02416428;-0,4071549;0,425138
12;torus;0;5;11,43344;5;9,762085;0,687094;0,3869476;-0,01808587;-0,567488;0,435854
12;torus;0;5;11,44772;5;9,762085;1,058383;-0,07087982;-0,5669475;-0,8909106;0,4537759
12;torus;0;5;11,46122;5;9,762085;0,7317439;-0,06445587;0,368002;-0,6291814;0,4617746
12;torus;0;5;11,47537;5;9,762085;0,7317439;-0,06445587;0,368002;-0,6291814;0,4617746
12;torus;0;5;11,48922;5;9,762085;1,097266;0,3308868;-0,258027;-1,013868;0,4813792
12;torus;0;5;11,50345;5;9,762085;2,57621;-1,345091;0,8308713;-2,034022;0,524376
12;torus;0;5;11,51706;5;9,762085;2,57621;-1,345091;0,8308713;-2,034022;0,524376
12;torus;0;5;11,53099;5;9,762085;1,525104;-0,6059371;-0,1309639;-1,393425;0,5559404
12;torus;0;5;11,54486;5;9,762085;0,9653419;-0,3821971;-0,3416806;-0,8179637;0,5866256
12;torus;0;5;11,55895;5;9,762085;0,9653419;-0,3821971;-0,3416806;-0,8179637;0,5866256
12;torus;0;5;11,5729;5;9,762085;1,46285;-1,089166;-0,1395104;-0,9665319;0,6090769
12;torus;0;5;11,58668;5;9,762085;1,526034;-0,8703561;0,05452883;-1,252313;0,6361432
12;torus;0;5;11,60074;5;9,762085;1,30856;-1,17866;0,5202604;-0,2289504;0,6445643
12;torus;0;5;11,61461;5;9,762085;1,30856;-1,17866;0,5202604;-0,2289504;0,6445643
12;torus;0;5;11,6284;5;9,762085;1,409308;-0,4503012;-0,417845;-1,268378;0,6710765
12;torus;0;5;11,64279;5;9,762085;0,2819818;-0,06950498;-0,1099365;-0,2501935;0,6762503
12;torus;0;5;11,65656;5;9,762085;0,2819818;-0,06950498;-0,1099365;-0,2501935;0,6762503
12;torus;0;5;11,67019;5;9,762085;0,8165022;-0,2402484;0,07334892;-0,7769018;0,6924145
12;torus;0;5;11,68417;5;9,762085;0,1488366;0,04873276;0,1398612;0,01470745;0,6919508
12;torus;0;5;11,69794;5;9,762085;0,1488366;0,04873276;0,1398612;0,01470745;0,6919508
12;torus;0;5;11,7119;5;9,762085;0,9918506;-0,2883136;-0,3328077;-0,8887529;0,7104936
12;torus;0;5;11,72631;5;9,762085;0,1699178;0,01055002;-0,1584068;-0,06056428;0,711663
12;torus;0;5;11,73977;5;9,762085;0,1699178;0,01055002;-0,1584068;-0,06056428;0,711663
