ParticipantNumber;Task;SdfState;Repetition;TimeStamp;NumHits;TimeToCompleteTask;InstanteneousVelocityMag;InstanteneousVelocityX;InstanteneousVelocityY;InstanteneousVelocityZ;ClosestDistance
17;torus;0;2;3,206561;7;15,85934;0,6151563;0,2002716;0,5193278;-0,2619296;0,7834616
17;torus;0;2;3,220318;7;15,85934;0,5447625;0,1691282;0,4586011;-0,2405137;0,776368
17;torus;0;2;3,234334;7;15,85934;0,5447625;0,1691282;0,4586011;-0,2405137;0,776368
17;torus;0;2;3,248224;7;15,85934;0,800683;0,1660645;0,7513478;-0,2213418;0,7680791
17;torus;0;2;3,262133;7;15,85934;0,3006759;0,01549125;0,3000692;-0,01115799;0,7662433
17;torus;0;2;3,276037;7;15,85934;0,3006759;0,01549125;0,3000692;-0,01115799;0,7662433
17;torus;0;2;3,290376;7;15,85934;0,6572691;0,02717972;0,6565526;0,01423359;0,7631117
17;torus;0;2;3,304021;7;15,85934;0,3202316;0,02650023;0,3177926;-0,02922118;0,7609953
17;torus;0;2;3,318122;7;15,85934;0,3202316;0,02650023;0,3177926;-0,02922118;0,7609953
17;torus;0;2;3,332214;7;15,85934;0,7692852;0,06107092;0,766407;-0,02627671;0,7569436
17;torus;0;2;3,345795;7;15,85934;0,4279728;0,04284382;0,4250005;-0,02645254;0,7546058
17;torus;0;2;3,359987;7;15,85934;0,4279728;0,04284382;0,4250005;-0,02645254;0,7546058
17;torus;0;2;3,373696;7;15,85934;0,6785834;0,01685023;0,6783634;0,003808737;0,7518763
17;torus;0;2;3,387901;7;15,85934;0,4026861;0,001341105;0,4007816;0,03909469;0,7510815
17;torus;0;2;3,401533;7;15,85934;0,4025626;0,1136124;0,2879962;-0,2573073;0,7451573
17;torus;0;2;3,415686;7;15,85934;0,4025626;0,1136124;0,2879962;-0,2573073;0,7451573
17;torus;0;2;3,429482;7;15,85934;1,042302;0,3281355;0,6756902;-0,722608;0,7292001
17;torus;0;2;3,44345;7;15,85934;0,4086274;0,01142025;0,4080743;-0,0179261;0,7275364
17;torus;0;2;3,45739;7;15,85934;0,4086274;0,01142025;0,4080743;-0,0179261;0,7275364
17;torus;0;2;3,471323;7;15,85934;0,6792021;-0,1898468;0,5755559;0,3066093;0,7314969
17;torus;0;2;3,485353;7;15,85934;0,3844348;-0,1712441;0,2103791;0,2724081;0,7359911
17;torus;0;2;3,499296;7;15,85934;0,3844348;-0,1712441;0,2103791;0,2724081;0,7359911
17;torus;0;2;3,513292;7;15,85934;0,484538;-0,08120537;0,477545;0,01155734;0,7348569
17;torus;0;2;3,527131;7;15,85934;0,3032519;0,04144907;0,2523571;-0,162971;0,7311014
17;torus;0;2;3,5415;7;15,85934;0,3155736;0,04139543;0,2733245;-0,1522064;0,7275445
17;torus;0;2;3,55477;7;15,85934;0,3155736;0,04139543;0,2733245;-0,1522064;0,7275445
17;torus;0;2;3,568817;7;15,85934;0,2685212;-0,1202106;0,2384573;0,02812743;0,727396
17;torus;0;2;3,582747;7;15,85934;0,1093618;-0,08491278;0,05479306;0,04180372;0,7279755
17;torus;0;2;3,596879;7;15,85934;0,1093618;-0,08491278;0,05479306;0,04180372;0,7279755
17;torus;0;2;3,610529;7;15,85934;0,3698935;-0,1434088;0,3254935;0,1015335;0,7291405
17;torus;0;2;3,624484;7;15,85934;0,2909496;-0,0382185;0,2881035;0,01368821;0,7288495
17;torus;0;2;3,638888;7;15,85934;0,2909496;-0,0382185;0,2881035;0,01368821;0,7288495
17;torus;0;2;3,65247;7;15,85934;0,6042826;0,01783967;0,5685732;-0,2038717;0,7239568
17;torus;0;2;3,66651;7;15,85934;0,2549762;0,01185536;0,2150252;-0,1365155;0,7209759
17;torus;0;2;3,680408;7;15,85934;0,1617479;-0,022614;0,1283512;-0,09579659;0,7188775
17;torus;0;2;3,69434;7;15,85934;0,1617479;-0,022614;0,1283512;-0,09579659;0,7188775
17;torus;0;2;3,708622;7;15,85934;0,4177237;-0,05421042;0,3936179;-0,1289159;0,7158021
17;torus;0;2;3,722229;7;15,85934;0,2067477;-0,01471043;0,1821704;-0,09665489;0,7136858
17;torus;0;2;3,736431;7;15,85934;0,2067477;-0,01471043;0,1821704;-0,09665489;0,7136858
17;torus;0;2;3,750104;7;15,85934;0,619798;0,0656426;0,5180269;-0,3338993;0,7067519
17;torus;0;2;3,763897;7;15,85934;0,3196978;0,04121065;0,2608873;-0,1801282;0,703091
17;torus;0;2;3,777887;7;15,85934;0,3196978;0,04121065;0,2608873;-0,1801282;0,703091
17;torus;0;2;3,791825;7;15,85934;0,516821;0,04179478;0,4323147;-0,280109;0,6974345
17;torus;0;2;3,80575;7;15,85934;0,1715929;0,01368523;0,09534433;-0,1420081;0,6946095
17;torus;0;2;3,819581;7;15,85934;0,1715929;0,01368523;0,09534433;-0,1420081;0,6946095
17;torus;0;2;3,833615;7;15,85934;0,4946092;0,1074016;0,2413832;-0,4181355;0,6864374
17;torus;0;2;3,847564;7;15,85934;0,1168004;0,005108118;0,04564747;-0,1073897;0,6843066
17;torus;0;2;3,861582;7;15,85934;0,07675651;-0,02483726;-0,04410222;-0,05770326;0,6831139
17;torus;0;2;3,875496;7;15,85934;0,07675651;-0,02483726;-0,04410222;-0,05770326;0,6831139
17;torus;0;2;3,889663;7;15,85934;0,201448;-0,09543896;-0,1729071;-0,03969669;0,6821718
17;torus;0;2;3,903253;7;15,85934;0,07436401;-0,05707145;-0,04631132;0,01131892;0,6823093
17;torus;0;2;3,917502;7;15,85934;0,07436401;-0,05707145;-0,04631132;0,01131892;0,6823093
17;torus;0;2;3,931215;7;15,85934;0,2194325;-0,1343966;-0,1707025;0,03080368;0,6827419
17;torus;0;2;3,945124;7;15,85934;0,06176923;-0,0405848;-0,04612878;-0,006359816;0,6825643
17;torus;0;2;3,959152;7;15,85934;0,06176923;-0,0405848;-0,04612878;-0,006359816;0,6825643
17;torus;0;2;3,973366;7;15,85934;0,08965754;-0,05407333;0,01880899;-0,06899834;0,6811019
17;torus;0;2;3,986996;7;15,85934;0,03323394;-0,02430081;-0,01220778;-0,01910329;0,6806878
17;torus;0;2;4,000861;7;15,85934;0,1003032;-0,05196333;0,0834547;-0,01989603;0,6801952
17;torus;0;2;4,014752;7;15,85934;0,1003032;-0,05196333;0,0834547;-0,01989603;0,6801952
17;torus;0;2;4,028811;7;15,85934;0,1554728;-0,118041;0,09924918;-0,01969039;0,6796169
17;torus;0;2;4,042595;7;15,85934;0,04921141;-0,04116297;-0,01097769;-0,0246346;0,6790705
17;torus;0;2;4,056766;7;15,85934;0,04921141;-0,04116297;-0,01097769;-0,0246346;0,6790705
17;torus;0;2;4,07079;7;15,85934;0,2067534;-0,08820891;0,08142069;-0,1683354;0,6755823
17;torus;0;2;4,084811;7;15,85934;0,199447;-0,01493096;0,06315112;-0,1885951;0,6717931
17;torus;0;2;4,098719;7;15,85934;0,199447;-0,01493096;0,06315112;-0,1885951;0,6717931
17;torus;0;2;4,112311;7;15,85934;0,5185886;0,03116727;0,1707882;-0,4886657;0,662079
17;torus;0;2;4,126112;7;15,85934;0,3049374;0,0394702;0,1264974;-0,2746403;0,6566615
17;torus;0;2;4,140212;7;15,85934;0,2356669;0,02918243;0,08831024;-0,2165377;0,6523939
17;torus;0;2;4,154203;7;15,85934;0,2356669;0,02918243;0,08831024;-0,2165377;0,6523939
17;torus;0;2;4,168293;7;15,85934;0,4890665;0,06166101;-0,008668751;-0,4850864;0,6428055
17;torus;0;2;4,181845;7;15,85934;0,3112825;0,0531435;-0,01947284;-0,3060937;0,6367777
17;torus;0;2;4,19583;7;15,85934;0,3112825;0,0531435;-0,01947284;-0,3060937;0,6367777
17;torus;0;2;4,210072;7;15,85934;0,5741932;0,09593964;0,09526461;-0,5580485;0,6258184
17;torus;0;2;4,224132;7;15,85934;0,2954096;0,0423491;-0,003996491;-0,292331;0,6200598
17;torus;0;2;4,237599;7;15,85934;0,2954096;0,0423491;-0,003996491;-0,292331;0,6200598
17;torus;0;2;4,251709;7;15,85934;0,4538902;0,0138402;-0,05292669;-0,4505813;0,6110929
17;torus;0;2;4,265801;7;15,85934;0,1953997;-0,005191565;-0,02024919;-0,1942784;0,6072091
17;torus;0;2;4,279536;7;15,85934;0,1953997;-0,005191565;-0,02024919;-0,1942784;0,6072091
17;torus;0;2;4,293469;7;15,85934;0,3581024;-0,07696748;-0,2230309;-0,2693892;0,6016911
17;torus;0;2;4,307443;7;15,85934;0,1668595;-0,1143932;-0,107646;0,05629063;0,6026302
17;torus;0;2;4,321322;7;15,85934;0,158189;-0,120604;-0,05842745;0,08405149;0,6041252
17;torus;0;2;4,336082;7;15,85934;0,158189;-0,120604;-0,05842745;0,08405149;0,6041252
17;torus;0;2;4,349168;7;15,85934;0,1448518;-0,09869933;0,1051977;-0,01318753;0,6037118
17;torus;0;2;4,363385;7;15,85934;0,06623366;-0,0004291534;0,06249472;-0,02193451;0,6032735
17;torus;0;2;4,376997;7;15,85934;0,06623366;-0,0004291534;0,06249472;-0,02193451;0,6032735
17;torus;0;2;4,391048;7;15,85934;0,1955614;-0,1052558;0,1606293;-0,03692806;0,6024012
17;torus;0;2;4,404991;7;15,85934;0,2559491;-0,04711151;0,2299368;-0,1020759;0,6003473
17;torus;0;2;4,419049;7;15,85934;0,2559491;-0,04711151;0,2299368;-0,1020759;0,6003473
17;torus;0;2;4,432907;7;15,85934;0,1544334;-0,06914735;0,1103289;-0,08304119;0,5986342
17;torus;0;2;4,446817;7;15,85934;0,1069064;-0,04961491;0,09371191;-0,01361668;0,5983351
17;torus;0;2;4,460635;7;15,85934;0,0904239;-0,04603863;0,07639453;-0,01485944;0,598015
17;torus;0;2;4,474357;7;15,85934;0,0904239;-0,04603863;0,07639453;-0,01485944;0,598015
17;torus;0;2;4,488317;7;15,85934;0,2621492;-0,02676845;0,190571;-0,1780123;0,5945315
17;torus;0;2;4,502316;7;15,85934;0,1109925;-0,01814365;0,08363873;-0,07067323;0,5931517
17;torus;0;2;4,516259;7;15,85934;0,1109925;-0,01814365;0,08363873;-0,07067323;0,5931517
17;torus;0;2;4,530188;7;15,85934;0,2407386;-0,03723502;0,1986183;-0,1308411;0,5906405
17;torus;0;2;4,544371;7;15,85934;0,1023772;-0,00692606;0,03774092;-0,09491444;0,5887694
17;torus;0;2;4,558207;7;15,85934;0,1023772;-0,00692606;0,03774092;-0,09491444;0,5887694
17;torus;0;2;4,572208;7;15,85934;0,1420932;-0,08339286;0,0677757;-0,09296536;0,5868753
17;torus;0;2;4,586063;7;15,85934;0,07132079;-0,05074739;-0,03176033;-0,03876388;0,5860177
17;torus;0;2;4,599874;7;15,85934;0,07132079;-0,05074739;-0,03176033;-0,03876388;0,5860177
17;torus;0;2;4,613782;7;15,85934;0,3709597;-0,2353966;-0,2744548;0,08291006;0,5872244
17;torus;0;2;4,627732;7;15,85934;0,2053562;-0,11639;-0,1561157;0,06521046;0,5883269
17;torus;0;2;4,642166;7;15,85934;0,1102667;-0,06337762;-0,07183626;-0,05460382;0,5871449
17;torus;0;2;4,65585;7;15,85934;0,1102667;-0,06337762;-0,07183626;-0,05460382;0,5871449
17;torus;0;2;4,669581;7;15,85934;0,3931848;0,04943013;0,1671702;-0,3524274;0,5802417
17;torus;0;2;4,683699;7;15,85934;0,2073705;0,0238657;0,02258345;-0,2047509;0,576188
17;torus;0;2;4,697429;7;15,85934;0,2073705;0,0238657;0,02258345;-0,2047509;0,576188
17;torus;0;2;4,711545;7;15,85934;0,6129364;0,04169345;-0,09990707;-0,6033003;0,5641163
17;torus;0;2;4,72521;7;15,85934;0,3472257;0,06750226;-0,01707971;-0,3401726;0,5573787
17;torus;0;2;4,739322;7;15,85934;0,3472257;0,06750226;-0,01707971;-0,3401726;0,5573787
17;torus;0;2;4,753212;7;15,85934;0,7166204;0,1893401;0,0115037;-0,6910592;0,5437942
17;torus;0;2;4,767164;7;15,85934;0,207082;0,0006824583;-0,1030662;-0,1796102;0,5400104
17;torus;0;2;4,781115;7;15,85934;0,276638;-0,01295412;-0,1381755;-0,239308;0,5348271
17;torus;0;2;4,794897;7;15,85934;0,276638;-0,01295412;-0,1381755;-0,239308;0,5348271
17;torus;0;2;4,809134;7;15,85934;0,5053865;0,05959514;-0,2949986;-0,4060047;0,5264036
17;torus;0;2;4,822947;7;15,85934;0,11447;-0,04539841;-0,02198514;-0,102757;0,5241982
17;torus;0;2;4,837058;7;15,85934;0,11447;-0,04539841;-0,02198514;-0,102757;0,5241982
17;torus;0;2;4,850724;7;15,85934;0,2982221;-0,0277881;-0,1186966;-0,2721679;0,5184368
17;torus;0;2;4,864892;7;15,85934;0,183454;0,003207326;-0,06400146;-0,1718979;0,5149618
17;torus;0;2;4,878527;7;15,85934;0,183454;0,003207326;-0,06400146;-0,1718979;0,5149618
17;torus;0;2;4,892702;7;15,85934;0,2439;-0,07610762;-0,03050954;-0,2297041;0,5104829
17;torus;0;2;4,906409;7;15,85934;0,3938426;0,1382052;-0,197555;-0,3114216;0,5046626
17;torus;0;2;4,920484;7;15,85934;0,7236656;0,1662775;0,4500498;-0,5417554;0,4941274
17;torus;0;2;4,934334;7;15,85934;0,7236656;0,1662775;0,4500498;-0,5417554;0,4941274
17;torus;0;2;4,948629;7;15,85934;0,05236845;-0,018839;-0,0234001;-0,04289502;0,4932277
17;torus;0;2;4,962118;7;15,85934;0,01423632;-0,0003691912;-0,001995593;0,01409093;0,4934803
17;torus;0;2;4,976236;7;15,85934;0,01423632;-0,0003691912;-0,001995593;0,01409093;0,4934803
17;torus;0;2;4,990452;7;15,85934;0,02478326;0,00210464;0,005786013;-0,02400631;0,4930036
17;torus;0;2;5,004051;7;15,85934;0,01920784;0,002472639;0,001818538;0,01896101;0,4933855
17;torus;0;2;5,017931;7;15,85934;0,01920784;0,002472639;0,001818538;0,01896101;0,4933855
17;torus;0;2;5,031677;7;15,85934;0,03298748;0,004492402;0,002444349;0,0325886;0,4940388
17;torus;0;2;5,046134;7;15,85934;0,02386012;0,003066897;0,0006817132;0,02365237;0,4945127
17;torus;0;2;5,059814;7;15,85934;0,02386012;0,003066897;0,0006817132;0,02365237;0,4945127
17;torus;0;2;5,073538;7;15,85934;0,1502648;0,01194465;-0,002487209;0,1497686;0,497514
17;torus;0;2;5,087806;7;15,85934;0,1174772;0,01587403;0,001920328;0,1163839;0,4998636
17;torus;0;2;5,101632;7;15,85934;0,03894258;0,01458144;0,01180172;0,03412661;0,500587
17;torus;0;2;5,115183;7;15,85934;0,03894258;0,01458144;0,01180172;0,03412661;0,500587
17;torus;0;2;5,129113;7;15,85934;0,05276354;0,02261275;0,018347;0,04400048;0,5015767
17;torus;0;2;5,143136;7;15,85934;0,1022731;0,06289458;-0,0277997;0,07570495;0,503299
17;torus;0;2;5,157134;7;15,85934;0,1022731;0,06289458;-0,0277997;0,07570495;0,503299
17;torus;0;2;5,171274;7;15,85934;0,1872195;0,05807555;0,01926142;0,1769389;0,5069157
17;torus;0;2;5,185148;7;15,85934;0,04071505;0,01989007;-0,03012863;-0,01882462;0,5065319
17;torus;0;2;5,198795;7;15,85934;0,04071505;0,01989007;-0,03012863;-0,01882462;0,5065319
17;torus;0;2;5,212919;7;15,85934;0,08332991;-0,002800345;0,02454862;-0,07958264;0,5048338
17;torus;0;2;5,226735;7;15,85934;0,02291401;0,01041442;0,01358917;-0,01522912;0,5044852
17;torus;0;2;5,240695;7;15,85934;0,02124809;-0,0046767;-0,01888722;0,008537127;0,5047046
17;torus;0;2;5,254636;7;15,85934;0,02124809;-0,0046767;-0,01888722;0,008537127;0,5047046
17;torus;0;2;5,268585;7;15,85934;0,3051104;-0,1399219;-0,2711349;0,0002358593;0,5046383
17;torus;0;2;5,282912;7;15,85934;0,1606829;-0,03043324;-0,1239373;-0,09763378;0,5027135
17;torus;0;2;5,296499;7;15,85934;0,1606829;-0,03043324;-0,1239373;-0,09763378;0,5027135
17;torus;0;2;5,310356;7;15,85934;0,387437;-0,0442192;-0,06323493;-0,3796754;0,4950352
17;torus;0;2;5,324284;7;15,85934;0,2449861;0,01041415;-0,007616341;-0,2446462;0,4899153
17;torus;0;2;5,338355;7;15,85934;0,2449861;0,01041415;-0,007616341;-0,2446462;0,4899153
17;torus;0;2;5,352293;7;15,85934;0,3705491;-0,03630781;-0,110918;-0,3516896;0,482462
17;torus;0;2;5,3663;7;15,85934;0,2481152;0,02145147;-0,06194293;-0,2392991;0,4773237
17;torus;0;2;5,380071;7;15,85934;0,2925083;0,02076632;-0,0897457;-0,2776248;0,471348
17;torus;0;2;5,394204;7;15,85934;0,2925083;0,02076632;-0,0897457;-0,2776248;0,471348
17;torus;0;2;5,407789;7;15,85934;0,6675044;0,03407168;-0,1928197;-0,6381393;0,458056
17;torus;0;2;5,421738;7;15,85934;0,7233519;0,141896;-0,1160983;-0,6997318;0,4447546
17;torus;0;2;5,435822;7;15,85934;0,7233519;0,141896;-0,1160983;-0,6997318;0,4447546
17;torus;0;2;5,450334;7;15,85934;0,9033236;0,1951315;-0,1317265;-0,872104;0,4277423
17;torus;0;2;5,46361;7;15,85934;1,965209;1,362096;-1,130007;-0,8542985;0,4153291
17;torus;0;2;5,477554;7;15,85934;1,965209;1,362096;-1,130007;-0,8542985;0,4153291
17;torus;0;2;5,491439;7;15,85934;0,5470944;0,140232;-0,1737545;-0,4994563;0,4021421
17;torus;0;2;5,505894;7;15,85934;0,2164112;0,1253244;0,043928;-0,170874;0,397622
17;torus;0;2;5,519574;7;15,85934;0,2164112;0,1253244;0,043928;-0,170874;0,397622
17;torus;0;2;5,53353;7;15,85934;0,2658976;0,199356;0,1445881;-0,1002647;0,3959407
17;torus;0;2;5,547311;7;15,85934;0,258366;0,07561632;0,1844293;-0,1643807;0,3926272
17;torus;0;2;5,561501;7;15,85934;0,2495946;0,04143119;0,1756102;-0,1724586;0,3890947
17;torus;0;2;5,575146;7;15,85934;0,2495946;0,04143119;0,1756102;-0,1724586;0,3890947
17;torus;0;2;5,589252;7;15,85934;0,3993867;0,05806088;0,3110453;-0,2436996;0,3840802
17;torus;0;2;5,602767;7;15,85934;0,1050736;-0,001513958;0,09992719;-0,03244579;0,3833235
17;torus;0;2;5,617164;7;15,85934;0,1050736;-0,001513958;0,09992719;-0,03244579;0,3833235
17;torus;0;2;5,630772;7;15,85934;0,2757485;0,01601577;0,2282329;-0,1539171;0,3801291
17;torus;0;2;5,644827;7;15,85934;0,1080407;0,001627207;0,09028539;-0,05931854;0,3788947
17;torus;0;2;5,658652;7;15,85934;0,1080407;0,001627207;0,09028539;-0,05931854;0,3788947
17;torus;0;2;5,672588;7;15,85934;0,2950017;0,01993775;0,2326809;-0,1802444;0,3752687
17;torus;0;2;5,686856;7;15,85934;0,08431786;-0,008565187;0,07816181;-0,03044456;0,3746021
17;torus;0;2;5,7004;7;15,85934;0,1781046;0,007522106;0,1464143;-0,1011312;0,372586
17;torus;0;2;5,714373;7;15,85934;0,1781046;0,007522106;0,1464143;-0,1011312;0,372586
17;torus;0;2;5,728151;7;15,85934;0,3413008;0,008219481;0,284528;-0,1883149;0,3688736
17;torus;0;2;5,741997;7;15,85934;0,1254672;0,002777576;0,07418543;-0,1011476;0,3668987
17;torus;0;2;5,756154;7;15,85934;0,1254672;0,002777576;0,07418543;-0,1011476;0,3668987
17;torus;0;2;5,77003;7;15,85934;0,3012031;0,0213325;0,1125373;-0,2785742;0,3615184
17;torus;0;2;5,78426;7;15,85934;0,1929617;0,01260042;0,06027818;-0,1828715;0,3579882
17;torus;0;2;5,797779;7;15,85934;0,1929617;0,01260042;0,06027818;-0,1828715;0,3579882
17;torus;0;2;5,811931;7;15,85934;0,5403863;0,05288124;0,16215;-0,5127653;0,3481918
17;torus;0;2;5,825708;7;15,85934;0,2421648;0,02313852;0,03798902;-0,2380446;0,3436377
17;torus;0;2;5,83958;7;15,85934;0,2421648;0,02313852;0,03798902;-0,2380446;0,3436377
17;torus;0;2;5,853724;7;15,85934;0,5838603;0,04651546;-0,05426779;-0,5794689;0,3324581
17;torus;0;2;5,867582;7;15,85934;0,2509398;0,008952618;-0,0542812;-0,244835;0,327685
17;torus;0;2;5,881893;7;15,85934;0,341203;0,03818274;0,01231655;-0,338836;0,3212404
17;torus;0;2;5,89548;7;15,85934;0,341203;0,03818274;0,01231655;-0,338836;0,3212404
17;torus;0;2;5,909212;7;15,85934;0,7203915;0,07022619;-0,05418286;-0,71491;0,3076107
17;torus;0;2;5,923297;7;15,85934;0,3974264;0,02201796;-0,1280487;-0,3755882;0,3003753
17;torus;0;2;5,937125;7;15,85934;0,3974264;0,02201796;-0,1280487;-0,3755882;0,3003753
17;torus;0;2;5,951068;7;15,85934;0,7485322;0,03219843;-0,2033107;-0,7196724;0,2865643
17;torus;0;2;5,964971;7;15,85934;0,3356872;0,01591444;-0,03291219;-0,3336906;0,2801996
17;torus;0;2;5,979017;7;15,85934;0,3356872;0,01591444;-0,03291219;-0,3336906;0,2801996
17;torus;0;2;5,993015;7;15,85934;0,7801964;0,04730821;-0,1392238;-0,7662147;0,2657247
17;torus;0;2;6,00684;7;15,85934;0,3681608;0,00244379;-0,1547068;-0,3340691;0,2593924
17;torus;0;2;6,020734;7;15,85934;0,336501;-0,00282526;-0,1337662;-0,308758;0,2535527
17;torus;0;2;6,034656;7;15,85934;0,336501;-0,00282526;-0,1337662;-0,308758;0,2535527
17;torus;0;2;6,048636;7;15,85934;0,6744884;-0,009161234;-0,2492793;-0,6266661;0,2417947
17;torus;0;2;6,06251;7;15,85934;0,3378633;0,00565052;-0,04458353;-0,3348611;0,2355323
17;torus;0;2;6,076659;7;15,85934;0,3378633;0,00565052;-0,04458353;-0,3348611;0,2355323
17;torus;0;2;6,090282;7;15,85934;0,4868353;-0,01932383;-0,01504496;-0,4862189;0,2262394
17;torus;0;2;6,104635;7;15,85934;0,2812544;-0,02566576;-0,1426265;-0,2410457;0,2217485
17;torus;0;2;6,118187;7;15,85934;0,2812544;-0,02566576;-0,1426265;-0,2410457;0,2217485
17;torus;0;2;6,132421;7;15,85934;0,4564832;-0,06949306;-0,2309553;-0,3875658;0,2144538
17;torus;0;2;6,146352;7;15,85934;0,2008712;-0,03914833;-0,09627119;-0,1718968;0,2111933
17;torus;0;2;6,159844;7;15,85934;0,2008712;-0,03914833;-0,09627119;-0,1718968;0,2111933
17;torus;0;2;6,173872;7;15,85934;0,1088668;-0,1002133;-0,0357233;-0,02308935;0,2101811
17;torus;0;2;6,187672;7;15,85934;0,06761632;-0,03036857;0,01562461;0,05835742;0,2110391
17;torus;0;2;6,202038;7;15,85934;0,08474028;-0,02666712;-0,007204711;-0,08011162;0,2093805
17;torus;0;2;6,2156;7;15,85934;0,08474028;-0,02666712;-0,007204711;-0,08011162;0,2093805
17;torus;0;2;6,229558;7;15,85934;0,1553919;-0,05123019;0,1432858;-0,03148466;0,2081273
17;torus;0;2;6,243445;7;15,85934;0,1395643;-0,08517504;0,08205324;0,074099;0,2088128
17;torus;0;2;6,257495;7;15,85934;0,1395643;-0,08517504;0,08205324;0,074099;0,2088128
17;torus;0;2;6,271269;7;15,85934;0,6302772;-0,1916111;0,3993213;0,4484162;0,2155564
17;torus;0;2;6,285352;7;15,85934;0,403964;-0,07847548;0,3050409;0,2529398;0,2196922
17;torus;0;2;6,299085;7;15,85934;0,403964;-0,07847548;0,3050409;0,2529398;0,2196922
17;torus;0;2;6,313317;7;15,85934;0,6965075;-0,05151629;0,6785661;0,1483805;0,2222634
17;torus;0;2;6,327085;7;15,85934;0,3346473;-0,003397465;0,3310584;-0,04876107;0,2216023
17;torus;0;2;6,341229;7;15,85934;0,3776546;0,0009417534;0,3720284;-0,06493852;0,2209296
17;torus;0;2;6,354886;7;15,85934;0,3776546;0,0009417534;0,3720284;-0,06493852;0,2209296
17;torus;0;2;6,368996;7;15,85934;0,7919514;-0,0009953976;0,7788509;-0,1434475;0,2201963
17;torus;0;2;6,382611;7;15,85934;0,1888169;-0,02828836;0,1820087;-0,04152581;0,2198885
17;torus;0;2;6,396535;7;15,85934;0,1888169;-0,02828836;0,1820087;-0,04152581;0,2198885
17;torus;0;2;6,410463;7;15,85934;0,1747657;-0,1090765;-0,01464859;0,13576;0,2218499
17;torus;0;2;6,42479;7;15,85934;0,07610471;-0,03412962;0,05886778;0,03408343;0,2225406
17;torus;0;2;6,438704;7;15,85934;0,07610471;-0,03412962;0,05886778;0,03408343;0,2225406
17;torus;0;2;6,452281;7;15,85934;0,3049664;-0,05860329;0,2981089;-0,0264816;0,2229218
17;torus;0;2;6,466232;7;15,85934;0,07532889;-0,02439618;0,0712283;0,002408028;0,2231528
17;torus;0;2;6,480144;7;15,85934;0,08685135;-0,03927946;0,06017387;0,04877895;0,2241519
17;torus;0;2;6,494022;7;15,85934;0,08685135;-0,03927946;0,06017387;0,04877895;0,2241519
17;torus;0;2;6,508295;7;15,85934;0,2531213;-0,0575304;0,2461649;-0,01278445;0,2247797
17;torus;0;2;6,52186;7;15,85934;0,1420233;-0,02421737;0,1360521;-0,03277138;0,2247257
17;torus;0;2;6,536205;7;15,85934;0,1420233;-0,02421737;0,1360521;-0,03277138;0,2247257
17;torus;0;2;6,549734;7;15,85934;0,248251;-0,0433147;0,2396829;-0,04800484;0,224897
17;torus;0;2;6,56384;7;15,85934;0,1914963;-0,006842613;0,1821451;-0,05871281;0,2248022
17;torus;0;2;6,577798;7;15,85934;0,1914963;-0,006842613;0,1821451;-0,05871281;0,2248022
17;torus;0;2;6,591927;7;15,85934;0,8152922;0,03647804;0,7278755;-0,3654696;0,2229877
17;torus;0;2;6,60554;7;15,85934;0,4224789;0,04708767;0,3350958;-0,2529465;0,2211814
17;torus;0;2;6,619657;7;15,85934;0,4224789;0,04708767;0,3350958;-0,2529465;0,2211814
17;torus;0;2;6,633422;7;15,85934;1,113193;0,1442671;0,8334644;-0,7236868;0,2165896
17;torus;0;2;6,647548;7;15,85934;0,6447316;0,07910728;0,4830789;-0,4195899;0,2149154
17;torus;0;2;6,661238;7;15,85934;0,7749951;0,08663535;0,6159377;-0,4623123;0,2149262
17;torus;0;2;6,675189;7;15,85934;0,7749951;0,08663535;0,6159377;-0,4623123;0,2149262
17;torus;0;2;6,689132;7;15,85934;1,080816;0,06485581;0,958018;-0,4961438;0,2198805
17;torus;0;2;6,703032;7;15,85934;0,3458218;-0,02041459;0,3452152;0,001561642;0,224393
17;torus;0;2;6,716754;7;15,85934;0,3458218;-0,02041459;0,3452152;0,001561642;0,224393
17;torus;0;2;6,730722;7;15,85934;0,7501134;-0,01721382;0,7377349;-0,1346141;0,2327487
17;torus;0;2;6,744793;7;15,85934;0,4200024;-0,001567602;0,4048109;-0,1119271;0,2371686
17;torus;0;2;6,758859;7;15,85934;0,4200024;-0,001567602;0,4048109;-0,1119271;0,2371686
17;torus;0;2;6,772562;7;15,85934;0,6861135;-0,0282824;0,6799191;-0,08753166;0,2461429
17;torus;0;2;6,786872;7;15,85934;0,2674059;-0,01286864;0,2631895;-0,04551485;0,2495864
17;torus;0;2;6,800325;7;15,85934;0,3716013;0,003910065;0,3477305;-0,1309797;0,2535213
17;torus;0;2;6,814366;7;15,85934;0,3716013;0,003910065;0,3477305;-0,1309797;0,2535213
17;torus;0;2;6,828428;7;15,85934;0,8772624;0,02862811;0,7756457;-0,408832;0,2617086
17;torus;0;2;6,842134;7;15,85934;0,5367517;0,01871586;0,4799664;-0,2395503;0,2673631
17;torus;0;2;6,856013;7;15,85934;0,5367517;0,01871586;0,4799664;-0,2395503;0,2673631
17;torus;0;2;6,870284;7;15,85934;0,6757453;0,01339316;0,5923867;-0,3248543;0,2744518
17;torus;0;2;6,884412;7;15,85934;0,1591315;-0,01249909;0,1545906;-0,03561378;0,2767527
17;torus;0;2;6,897994;7;15,85934;0,1591315;-0,01249909;0,1545906;-0,03561378;0,2767527
17;torus;0;2;6,911765;7;15,85934;0,4780358;0,01006722;0,3615677;-0,312547;0,2804023
17;torus;0;2;6,925923;7;15,85934;0,4785617;0,02213717;0,3589481;-0,3157333;0,284305
17;torus;0;2;6,939765;7;15,85934;0,4785617;0,02213717;0,3589481;-0,3157333;0,284305
17;torus;0;2;6,953558;7;15,85934;0,7068335;0,0323236;0,453195;-0,5414639;0,2886156
17;torus;0;2;6,967428;7;15,85934;0,1462389;-0,001490116;0,06031245;-0,1332141;0,2887938
17;torus;0;2;6,981752;7;15,85934;0,1429517;-0,008511543;0,08734614;-0,1128424;0,2896051
17;torus;0;2;6,995322;7;15,85934;0,1429517;-0,008511543;0,08734614;-0,1128424;0,2896051
17;torus;0;2;7,009531;7;15,85934;0,7015288;0,001102686;0,4956394;-0,4964706;0,2957162
17;torus;0;2;7,023041;7;15,85934;0,5192348;0,01111627;0,3421426;-0,3904097;0,3000358
17;torus;0;2;7,037186;7;15,85934;0,5192348;0,01111627;0,3421426;-0,3904097;0,3000358
17;torus;0;2;7,05124;7;15,85934;1,040551;0,01896024;0,6325006;-0,8260325;0,3083515
17;torus;0;2;7,065098;7;15,85934;0,4693482;0,005030632;0,2475575;-0,3987201;0,3116508
17;torus;0;2;7,078821;7;15,85934;0,4693482;0,005030632;0,2475575;-0,3987201;0,3116508
17;torus;0;2;7,092782;7;15,85934;0,8758484;-0,01205206;0,491941;-0,7245407;0,3190072
17;torus;0;2;7,106875;7;15,85934;0,4361632;-0,006008148;0,1995668;-0,3877826;0,3220215
17;torus;0;2;7,120528;7;15,85934;0,3832807;-0,00692606;0,1282141;-0,3611334;0,3238797
17;torus;0;2;7,134643;7;15,85934;0,3832807;-0,00692606;0,1282141;-0,3611334;0,3238797
17;torus;0;2;7,148748;7;15,85934;0,6877323;-0,0226438;0,2120659;-0,653828;0,3272426
17;torus;0;2;7,162368;7;15,85934;0,4315736;-0,004070997;0,09304732;-0,4214041;0,3288757
17;torus;0;2;7,176411;7;15,85934;0,4315736;-0,004070997;0,09304732;-0,4214041;0,3288757
17;torus;0;2;7,190512;7;15,85934;0,9216824;-0,01937747;0,3331095;-0,859163;0,3356552
17;torus;0;2;7,204506;7;15,85934;0,4099132;-0,003218651;0,01971573;-0,4094262;0,3364803
17;torus;0;2;7,218225;7;15,85934;0,4099132;-0,003218651;0,01971573;-0,4094262;0,3364803
17;torus;0;2;7,232121;7;15,85934;0,6655512;-0,01798272;-0,06617755;-0,6620087;0,3362666
17;torus;0;2;7,246037;7;15,85934;0,3036479;-0,01385212;-0,01969934;-0,3026914;0,3365311
17;torus;0;2;7,259984;7;15,85934;0,3036479;-0,01385212;-0,01969934;-0,3026914;0,3365311
17;torus;0;2;7,27371;7;15,85934;0,5946599;-0,03148317;-0,02203882;-0,5934168;0,3376741
17;torus;0;2;7,287734;7;15,85934;0,3141327;-0,01801252;0,03132522;-0,3120475;0,3392684
17;torus;0;2;7,301773;7;15,85934;0,2952785;-0,01310706;-0,07233322;-0,2859816;0,3388828
17;torus;0;2;7,315703;7;15,85934;0,2952785;-0,01310706;-0,07233322;-0,2859816;0,3388828
17;torus;0;2;7,329564;7;15,85934;0,5803424;-0,02897978;-0,1105174;-0,5689844;0,3390518
17;torus;0;2;7,343717;7;15,85934;0,3067398;-0,01388192;-0,07619709;-0,2968006;0,3389474
17;torus;0;2;7,35722;7;15,85934;0,3067398;-0,01388192;-0,07619709;-0,2968006;0,3389474
17;torus;0;2;7,371294;7;15,85934;0,4827562;-0,03882647;-0,1800612;-0,4462332;0,3376979
17;torus;0;2;7,385233;7;15,85934;0,2256974;-0,02435446;-0,1180351;-0,1908243;0,3364458
17;torus;0;2;7,398865;7;15,85934;0,2256974;-0,02435446;-0,1180351;-0,1908243;0,3364458
17;torus;0;2;7,412893;7;15,85934;0,35711;-0,06012321;-0,1266539;-0,328438;0,3357999
17;torus;0;2;7,42687;7;15,85934;0,2310861;-0,02936721;-0,03658831;-0,2262734;0,3364281
17;torus;0;2;7,441157;7;15,85934;0,3009385;-0,02852678;-0,02838969;-0,2982352;0,3377515
17;torus;0;2;7,454856;7;15,85934;0,3009385;-0,02852678;-0,02838969;-0,2982352;0,3377515
17;torus;0;2;7,468677;7;15,85934;0,6286503;-0,05430579;-0,1378506;-0,6109413;0,3393287
17;torus;0;2;7,482821;7;15,85934;0,2640171;-0,0271976;-0,1300186;-0,2281677;0,3385819
17;torus;0;2;7,496543;7;15,85934;0,2640171;-0,0271976;-0,1300186;-0,2281677;0,3385819
17;torus;0;2;7,510556;7;15,85934;0,6769314;-0,0434339;-0,4190847;-0,529828;0,3351181
17;torus;0;2;7,524451;7;15,85934;0,4056391;-0,01708865;-0,2886459;-0,28449;0,332361
17;torus;0;2;7,538704;7;15,85934;0,4056391;-0,01708865;-0,2886459;-0,28449;0,332361
17;torus;0;2;7,552304;7;15,85934;0,7867434;-0,04137754;-0,618583;-0,4843637;0,3258345
17;torus;0;2;7,566221;7;15,85934;0,3443823;-0,02761483;-0,2307609;-0,2541378;0,3242505
17;torus;0;2;7,580198;7;15,85934;0,3587717;-0,02732873;-0,2763242;-0,2271898;0,3217598
17;torus;0;2;7,594652;7;15,85934;0,3587717;-0,02732873;-0,2763242;-0,2271898;0,3217598
17;torus;0;2;7,607958;7;15,85934;0,8552627;-0,04572868;-0,7158428;-0,4657812;0,3146808
17;torus;0;2;7,621894;7;15,85934;0,4547113;-0,02188087;-0,3947213;-0,2246745;0,3107501
17;torus;0;2;7,636288;7;15,85934;0,4547113;-0,02188087;-0,3947213;-0,2246745;0,3107501
17;torus;0;2;7,64982;7;15,85934;0,8610108;-0,04653335;-0,7601023;-0,4017696;0,3034108
17;torus;0;2;7,663772;7;15,85934;0,4470447;-0,02464056;-0,3441177;-0,284297;0,3016473
17;torus;0;2;7,67775;7;15,85934;0,4470447;-0,02464056;-0,3441177;-0,284297;0,3016473
17;torus;0;2;7,691584;7;15,85934;0,7979551;-0,05346537;-0,6284423;-0,4888088;0,2986529
17;torus;0;2;7,705309;7;15,85934;0,5069003;-0,0236392;-0,4985325;-0,0886254;0,2927169
17;torus;0;2;7,719201;7;15,85934;0,5069003;-0,0236392;-0,4985325;-0,0886254;0,2927169
17;torus;0;2;7,733119;7;15,85934;0,9159188;-0,04740953;-0,9146065;0,01243502;0,2798756
17;torus;0;2;7,747114;7;15,85934;0,452283;-0,02631545;-0,4510872;0,01969039;0,2735609
17;torus;0;2;7,761081;7;15,85934;0,4298725;-0,02831817;-0,4289314;0,00250414;0,2679379
17;torus;0;2;7,775097;7;15,85934;0,4298725;-0,02831817;-0,4289314;0,00250414;0,2679379
17;torus;0;2;7,789083;7;15,85934;0,679908;-0,05116463;-0,6768838;0,03854111;0,2588337
17;torus;0;2;7,802901;7;15,85934;0,3645567;-0,02875924;-0,3288746;-0,154648;0,2573083
17;torus;0;2;7,817155;7;15,85934;0,3645567;-0,02875924;-0,3288746;-0,154648;0,2573083
17;torus;0;2;7,830679;7;15,85934;0,4624539;-0,05276203;-0,3694795;-0,2730653;0,2573974
17;torus;0;2;7,844738;7;15,85934;0,2824276;-0,02660155;-0,2218693;-0,1727186;0,2577713
17;torus;0;2;7,858638;7;15,85934;0,2824276;-0,02660155;-0,2218693;-0,1727186;0,2577713
17;torus;0;2;7,872701;7;15,85934;0,7030661;-0,05121827;-0,6997731;0,0446789;0,2496769
17;torus;0;2;7,886539;7;15,85934;0,4792704;-0,03011823;-0,4660524;0,1076482;0,2432409
17;torus;0;2;7,900857;7;15,85934;0,4209584;-0,03040433;-0,4173584;0,04575476;0,2385418
17;torus;0;2;7,914356;7;15,85934;0,4209584;-0,03040433;-0,4173584;0,04575476;0,2385418
17;torus;0;2;7,928404;7;15,85934;0,5612912;-0,05060434;-0,5572729;0,04397556;0,232873
17;torus;0;2;7,942164;7;15,85934;0,2389435;-0,02205372;-0,1906663;-0,1423165;0,2338721
17;torus;0;2;7,956032;7;15,85934;0,2389435;-0,02205372;-0,1906663;-0,1423165;0,2338721
17;torus;0;2;7,970141;7;15,85934;0,4128214;-0,04094243;-0,2499383;-0,3260002;0,2378564
17;torus;0;2;7,984282;7;15,85934;0,204839;-0,02421141;-0,18626;-0,08173138;0,2379881
17;torus;0;2;7,997703;7;15,85934;0,204839;-0,02421141;-0,18626;-0,08173138;0,2379881
17;torus;0;2;8,011748;7;15,85934;0,5622979;-0,06169677;-0,5551972;-0,06425381;0,2354368
17;torus;0;2;8,02563;7;15,85934;0,2706696;-0,03291368;-0,2685659;-0,007148832;0,2339232
17;torus;0;2;8,039675;7;15,85934;0,2706696;-0,03291368;-0,2685659;-0,007148832;0,2339232
17;torus;0;2;8,053394;7;15,85934;0,5831312;-0,06712079;-0,5124912;0,2699807;0,2258943
17;torus;0;2;8,06721;7;15,85934;0,2747362;-0,03969669;-0,2636112;0,06643236;0,2232752
17;torus;0;2;8,081401;7;15,85934;0,1956713;-0,03545284;-0,1924284;-0,001295656;0,2223786
17;torus;0;2;8,095087;7;15,85934;0,1956713;-0,03545284;-0,1924284;-0,001295656;0,2223786
17;torus;0;2;8,109058;7;15,85934;0,3033894;-0,06594062;-0,2723157;-0,1163661;0,223417
17;torus;0;2;8,12312;7;15,85934;0,1810672;-0,03436804;-0,1765221;-0,02107397;0,223131
17;torus;0;2;8,136926;7;15,85934;0,1810672;-0,03436804;-0,1765221;-0,02107397;0,223131
17;torus;0;2;8,151244;7;15,85934;0,3840174;-0,07176399;-0,377062;0,01198128;0,2215974
17;torus;0;2;8,164965;7;15,85934;0,1848707;-0,03329515;-0,1807854;-0,01962855;0,2214564
17;torus;0;2;8,17921;7;15,85934;0,1848707;-0,03329515;-0,1807854;-0,01962855;0,2214564
17;torus;0;2;8,192653;7;15,85934;0,621659;-0,09765625;-0,6093659;0,07480904;0,2186661
17;torus;0;2;8,20667;7;15,85934;0,2621755;-0,04546046;-0,2580836;-0,007884949;0,2184663
17;torus;0;2;8,220617;7;15,85934;0,2184656;-0,04165173;-0,184375;-0,1095362;0,2204511
17;torus;0;2;8,234429;7;15,85934;0,2184656;-0,04165173;-0,184375;-0,1095362;0,2204511
17;torus;0;2;8,248348;7;15,85934;0,4161892;-0,08277893;-0,315766;-0,2581723;0,2253941
17;torus;0;2;8,262361;7;15,85934;0,2137279;-0,02838969;-0,07123277;-0,1994982;0,2293359
17;torus;0;2;8,276262;7;15,85934;0,2137279;-0,02838969;-0,07123277;-0,1994982;0,2293359
17;torus;0;2;8,290585;7;15,85934;0,6851596;-0,07548928;-0,1626946;-0,6612681;0,2424672
17;torus;0;2;8,304317;7;15,85934;0,303702;-0,04014969;-0,1267806;-0,2730377;0,2479338
17;torus;0;2;8,318049;7;15,85934;0,303702;-0,04014969;-0,1267806;-0,2730377;0,2479338
17;torus;0;2;8,331844;7;15,85934;0,5883092;-0,06679893;-0,1209222;-0,5718597;0,2593515
17;torus;0;2;8,346224;7;15,85934;0,2443187;-0,03557801;-0,07679164;-0,2291918;0,2639529
17;torus;0;2;8,360281;7;15,85934;0,2282361;-0,03597736;-0,06711036;-0,2151594;0,2682739
17;torus;0;2;8,373605;7;15,85934;0,2282361;-0,03597736;-0,06711036;-0,2151594;0,2682739
17;torus;0;2;8,387455;7;15,85934;0,5044791;-0,05824566;0,06611794;-0,4967242;0,2780659
17;torus;0;2;8,401393;7;15,85934;0,2781653;-0,03122687;0,03137141;-0,274621;0,2834937
17;torus;0;2;8,415646;7;15,85934;0,2781653;-0,03122687;0,03137141;-0,274621;0,2834937
17;torus;0;2;8,429665;7;15,85934;0,356059;-0,05931258;-0,0007458031;-0,3510833;0,2904583
17;torus;0;2;8,443233;7;15,85934;0,1875007;-0,03352165;-0,0004179776;-0,1844794;0,2941193
17;torus;0;2;8,457301;7;15,85934;0,1875007;-0,03352165;-0,0004179776;-0,1844794;0,2941193
17;torus;0;2;8,471071;7;15,85934;0,5632412;-0,06908774;0,08938015;-0,551796;0,3050336
17;torus;0;2;8,48518;7;15,85934;0,2761813;-0,03315806;0,04791543;-0,2699643;0,3103803
17;torus;0;2;8,499174;7;15,85934;0,2761813;-0,03315806;0,04791543;-0,2699643;0,3103803
17;torus;0;2;8,513305;7;15,85934;0,5114245;-0,06831884;0,05728006;-0,5035937;0,3203831
17;torus;0;2;8,52689;7;15,85934;0,2758313;-0,02757907;0,1015604;-0,2549663;0,3254251
17;torus;0;2;8,54097;7;15,85934;0,2686872;-0,03001094;0,08744374;-0,2522811;0,3304314
17;torus;0;2;8,554988;7;15,85934;0,2686872;-0,03001094;0,08744374;-0,2522811;0,3304314
17;torus;0;2;8,569086;7;15,85934;0,5485913;-0,06664395;0,1215838;-0,5307809;0,3410044
17;torus;0;2;8,582767;7;15,85934;0,1523218;-0,02524853;0,02840236;-0,1475051;0,3439461
17;torus;0;2;8,596705;7;15,85934;0,1523218;-0,02524853;0,02840236;-0,1475051;0,3439461
17;torus;0;2;8,610777;7;15,85934;0,1647097;-0,03967285;-0,1110718;-0,1149714;0,3462537
17;torus;0;2;8,624491;7;15,85934;0,2609294;-0,03420711;0,02022684;-0,2578855;0,3514026
17;torus;0;2;8,63837;7;15,85934;0,2609294;-0,03420711;0,02022684;-0,2578855;0,3514026
17;torus;0;2;8,652081;7;15,85934;0,513811;-0,06228089;0,06675273;-0,5056351;0,3615007
17;torus;0;2;8,666024;7;15,85934;0,2522076;-0,0246048;0,06322488;-0,2429113;0,3663542
17;torus;0;2;8,679981;7;15,85934;0,2522076;-0,0246048;0,06322488;-0,2429113;0,3663542
17;torus;0;2;8,6942;7;15,85934;0,5551278;-0,0731051;-0,08245781;-0,5440801;0,3772433
17;torus;0;2;8,70776;7;15,85934;0,2155666;-0,03638864;-0,125663;-0,1713291;0,3806954
17;torus;0;2;8,721674;7;15,85934;0,2390702;-0,03393292;-0,007785857;-0,2365217;0,3854312
17;torus;0;2;8,735706;7;15,85934;0,2390702;-0,03393292;-0,007785857;-0,2365217;0,3854312
17;torus;0;2;8,749557;7;15,85934;0,6816298;-0,07949471;0,1261592;-0,6651193;0,3987231
17;torus;0;2;8,763573;7;15,85934;0,3336577;-0,03865361;0,06740913;-0,3244832;0,4052155
17;torus;0;2;8,777501;7;15,85934;0,3336577;-0,03865361;0,06740913;-0,3244832;0,4052155
17;torus;0;2;8,791709;7;15,85934;0,5042144;-0,07632971;0,01306012;-0,4982322;0,4151998
17;torus;0;2;8,805492;7;15,85934;0,2189905;-0,0380218;-0,02976432;-0,2136007;0,4194851
17;torus;0;2;8,819575;7;15,85934;0,2189905;-0,0380218;-0,02976432;-0,2136007;0,4194851
17;torus;0;2;8,833329;7;15,85934;0,5357598;-0,0767529;0,04195571;-0,528571;0,4300817
17;torus;0;2;8,847158;7;15,85934;0,3130408;-0,04421473;0,01882538;-0,3093302;0,4362854
17;torus;0;2;8,861189;7;15,85934;0,2878586;-0,04175305;0,003286451;-0,2847955;0,4419989
17;torus;0;2;8,874928;7;15,85934;0,2878586;-0,04175305;0,003286451;-0,2847955;0,4419989
17;torus;0;2;8,88933;7;15,85934;0,5127;-0,07911921;-0,03450587;-0,5053818;0,4521438
17;torus;0;2;8,902867;7;15,85934;0,2344676;-0,02536815;-0,0002096836;-0,2330911;0,4568066
17;torus;0;2;8,91688;7;15,85934;0,2344676;-0,02536815;-0,0002096836;-0,2330911;0,4568066
17;torus;0;2;8,930807;7;15,85934;0,4177638;0,04610248;0,01293872;-0,4150106;0,4650485
17;torus;0;2;8,944629;7;15,85934;0,210548;-0,003953725;-0,005656272;-0,2104348;0,4692818
17;torus;0;2;8,958514;7;15,85934;0,210548;-0,003953725;-0,005656272;-0,2104348;0,4692818
17;torus;0;2;8,972572;7;15,85934;0,4338803;-0,005715907;-0,008339778;-0,4337625;0,4779603
17;torus;0;2;8,98658;7;15,85934;0,1711093;-0,01986918;-0,007896826;-0,1697682;0,481353
17;torus;0;2;9,000157;7;15,85934;0,1053228;0,002795905;-0,05910742;-0,08712861;0,4828118
17;torus;0;2;9,014446;7;15,85934;0,1053228;0,002795905;-0,05910742;-0,08712861;0,4828118
17;torus;0;2;9,028023;7;15,85934;0,3431846;-0,05108079;0,008496925;-0,3392554;0,4896926
17;torus;0;2;9,042079;7;15,85934;0,3047422;-0,05787966;-0,03810178;-0,2967592;0,4958774
17;torus;0;2;9,056186;7;15,85934;0,3047422;-0,05787966;-0,03810178;-0,2967592;0,4958774
17;torus;0;2;9,069855;7;15,85934;0,44447;-0,04770097;0,02815045;-0,4410054;0,5057448
17;torus;0;2;9,084016;7;15,85934;0,1816203;-0,03685975;-0,004105419;-0,1777932;0,5093533
17;torus;0;2;9,097816;7;15,85934;0,1816203;-0,03685975;-0,004105419;-0,1777932;0,5093533
17;torus;0;2;9,111846;7;15,85934;0,4312089;-0,06441778;-0,01388095;-0,4261441;0,5184699
17;torus;0;2;9,125844;7;15,85934;0,2036539;-0,08063453;0,05209658;-0,1796077;0,522387
17;torus;0;2;9,139682;7;15,85934;0,2036539;-0,08063453;0,05209658;-0,1796077;0,522387
17;torus;0;2;9,153537;7;15,85934;0,6393578;0,05762476;-0,02781941;-0,6361477;0,5361264
17;torus;0;2;9,167672;7;15,85934;0,8566753;-0,1931551;-0,2370078;-0,8002568;0,5521681
17;torus;0;2;9,181607;7;15,85934;0,5519791;-0,4367565;0,13;-0,3114879;0,558737
17;torus;0;2;9,195474;7;15,85934;0,5519791;-0,4367565;0,13;-0,3114879;0,558737
17;torus;0;2;9,209289;7;15,85934;0,3696161;-0,05979538;-0,0158675;-0,3644019;0,5660781
17;torus;0;2;9,222958;7;15,85934;0,2791581;-0,04224181;0,0526242;-0,2708793;0,5715257
17;torus;0;2;9,237052;7;15,85934;0,2791581;-0,04224181;0,0526242;-0,2708793;0,5715257
17;torus;0;2;9,250881;7;15,85934;0,6546449;-0,09175539;0,2208263;-0,6094068;0,583789
17;torus;0;2;9,264799;7;15,85934;0,3280704;-0,04933476;0,09263605;-0,3108293;0,590058
17;torus;0;2;9,278668;7;15,85934;0,3280704;-0,04933476;0,09263605;-0,3108293;0,590058
17;torus;0;2;9,292676;7;15,85934;0,4423303;-0,06674528;0,08713976;-0,4284948;0,5987015
17;torus;0;2;9,306457;7;15,85934;0,2205855;-0,02958775;0,06286204;-0,2093583;0,6029275
17;torus;0;2;9,320552;7;15,85934;0,2548126;-0,03976822;0,04586726;-0,2474755;0,6079248
17;torus;0;2;9,33437;7;15,85934;0,2548126;-0,03976822;0,04586726;-0,2474755;0,6079248
17;torus;0;2;9,348967;7;15,85934;0,3312874;-0,01571774;0,1726106;-0,2823293;0,6136305
17;torus;0;2;9,362251;7;15,85934;0,1427711;-0,005203485;0,06377101;-0,1276314;0,6162081
17;torus;0;2;9,375964;7;15,85934;0,1427711;-0,005203485;0,06377101;-0,1276314;0,6162081
17;torus;0;2;9,389928;7;15,85934;0,5660713;-0,04374981;0,1462512;-0,5450994;0,6272035
17;torus;0;2;9,403958;7;15,85934;0,1990278;-0,008505583;0,05951524;-0,1897305;0,6310298
17;torus;0;2;9,417858;7;15,85934;0,1990278;-0,008505583;0,05951524;-0,1897305;0,6310298
17;torus;0;2;9,43172;7;15,85934;0,2601549;0,04572272;0,1499288;-0,2076328;0,635205
17;torus;0;2;9,446086;7;15,85934;0,2341299;0,03196001;0,1698479;-0,1579463;0,6384329
17;torus;0;2;9,459947;7;15,85934;0,2341299;0,03196001;0,1698479;-0,1579463;0,6384329
17;torus;0;2;9,4735;7;15,85934;0,4327084;0,05722046;0,1318954;-0,4081249;0,646614
17;torus;0;2;9,487383;7;15,85934;0,04364195;0,04161596;0,01183748;-0,005710125;0,6466938
17;torus;0;2;9,501407;7;15,85934;0,1444078;0,05573034;0,08737519;-0,100565;0,6487155
17;torus;0;2;9,515139;7;15,85934;0,1444078;0,05573034;0,08737519;-0,100565;0,6487155
17;torus;0;2;9,529139;7;15,85934;0,5049949;0,1104951;0,372123;-0,3230095;0,6554083
17;torus;0;2;9,543532;7;15,85934;0,1060907;0,05577803;0,07713288;-0,04684627;0,6563761
17;torus;0;2;9,557117;7;15,85934;0,1060907;0,05577803;0,07713288;-0,04684627;0,6563761
17;torus;0;2;9,57094;7;15,85934;0,3163864;0,1579762;0,2484791;-0,1157671;0,6588464
17;torus;0;2;9,584941;7;15,85934;0,07226306;0,07088184;0,003930926;-0,01350045;0,6590669
17;torus;0;2;9,598883;7;15,85934;0,07226306;0,07088184;0,003930926;-0,01350045;0,6590669
17;torus;0;2;9,612658;7;15,85934;0,2300383;0,1379609;0,17251;-0,064224;0,6604766
17;torus;0;2;9,626798;7;15,85934;0,2750043;0,0648737;0,2496883;-0,09526014;0,662691
17;torus;0;2;9,6408;7;15,85934;0,1501136;0,0677228;0,1254424;-0,04703104;0,663781
17;torus;0;2;9,654472;7;15,85934;0,1501136;0,0677228;0,1254424;-0,04703104;0,663781
17;torus;0;2;9,668232;7;15,85934;0,3299094;0,2006888;0,005655736;0,2617866;0,65847
17;torus;0;2;9,682614;7;15,85934;0,09803979;0,04734993;-0,08180812;-0,02602339;0,6588403
17;torus;0;2;9,696057;7;15,85934;0,09803979;0,04734993;-0,08180812;-0,02602339;0,6588403
17;torus;0;2;9,710368;7;15,85934;0,4092406;0,04118681;0,3553413;-0,1987815;0,6633674
17;torus;0;2;9,724029;7;15,85934;0,1870801;0,05261302;0,1765177;-0,03274679;0,6643161
17;torus;0;2;9,738203;7;15,85934;0,1870801;0,05261302;0,1765177;-0,03274679;0,6643161
17;torus;0;2;9,75185;7;15,85934;0,7806377;0,1324713;0,7642616;-0,08803904;0,6676063
17;torus;0;2;9,765794;7;15,85934;0,3763017;0,04901886;0,3729645;-0,00987947;0,6686857
17;torus;0;2;9,780052;7;15,85934;0,3750195;0,02824068;0,3647026;-0,08266866;0,6712723
17;torus;0;2;9,793829;7;15,85934;0,3750195;0,02824068;0,3647026;-0,08266866;0,6712723
17;torus;0;2;9,8078;7;15,85934;0,757399;0,0336349;0,7197544;-0,2333999;0,6779842
17;torus;0;2;9,821864;7;15,85934;0,3532651;0,01288652;0,3312197;-0,1221627;0,6814556
17;torus;0;2;9,835727;7;15,85934;0,3532651;0,01288652;0,3312197;-0,1221627;0,6814556
17;torus;0;2;9,849586;7;15,85934;0,4624416;0,0459373;0,4435253;-0,1225859;0,685378
17;torus;0;2;9,863389;7;15,85934;0,2548067;0,01913309;0,2416011;-0,07867217;0,6877924
17;torus;0;2;9,877743;7;15,85934;0,2548067;0,01913309;0,2416011;-0,07867217;0,6877924
17;torus;0;2;9,891215;7;15,85934;0,6003127;0,03089309;0,5704686;-0,1843542;0,693583
17;torus;0;2;9,905293;7;15,85934;0,3655896;0,0307858;0,3629178;-0,03160238;0,6956718
17;torus;0;2;9,919044;7;15,85934;0,3655896;0,0307858;0,3629178;-0,03160238;0,6956718
17;torus;0;2;9,933183;7;15,85934;0,6856158;0,05000234;0,6814271;-0,05679727;0,6997347
17;torus;0;2;9,946825;7;15,85934;0,2621582;0,02740622;0,2607197;0,0010252;0,7009106
17;torus;0;2;9,960727;7;15,85934;0,3188152;0,02888441;0,3170744;0,01651347;0,7020948
17;torus;0;2;9,975085;7;15,85934;0,3188152;0,02888441;0,3170744;0,01651347;0,7020948
17;torus;0;2;9,989;7;15,85934;0,9162906;0,08705854;0,897529;0,1626372;0,7035144
17;torus;0;2;10,00236;7;15,85934;0,3768652;0,04193783;0,3650889;0,08353889;0,7038935
17;torus;0;2;10,01646;7;15,85934;0,3768652;0,04193783;0,3650889;0,08353889;0,7038935
17;torus;0;2;10,03067;7;15,85934;0,7241371;0,1015246;0,6703958;0,2542377;0,7028743
17;torus;0;2;10,0442;7;15,85934;0,4184804;0,05612373;0,3825352;0,1601338;0,7021391
17;torus;0;2;10,05826;7;15,85934;0,4184804;0,05612373;0,3825352;0,1601338;0,7021391
17;torus;0;2;10,07205;7;15,85934;1,018807;0,1327276;0,900098;0,4584491;0,6992617
17;torus;0;2;10,0862;7;15,85934;0,4941972;0,04363656;0,4651412;0,1611531;0,6994182
17;torus;0;2;10,10006;7;15,85934;0,5497196;0,04997253;0,5100578;0,1988351;0,6993384
17;torus;0;2;10,11407;7;15,85934;0,5497196;0,04997253;0,5100578;0,1988351;0,6993384
17;torus;0;2;10,12833;7;15,85934;1,018543;0,1181424;0,8795917;0,4997909;0,6967251
17;torus;0;2;10,1419;7;15,85934;0,5138769;0,06231666;0,4301324;0,2741754;0,6951172
17;torus;0;2;10,15584;7;15,85934;0,5138769;0,06231666;0,4301324;0,2741754;0,6951172
17;torus;0;2;10,16968;7;15,85934;1,18733;0,1321256;0,9697124;0,6722748;0,6910593
17;torus;0;2;10,18374;7;15,85934;0,4440302;0,07712245;0,2487198;0,3596574;0,6868077
17;torus;0;2;10,19773;7;15,85934;0,4440302;0,07712245;0,2487198;0,3596574;0,6868077
17;torus;0;2;10,21182;7;15,85934;0,5483727;0,1294494;0,1045778;0,5225122;0,6784651
17;torus;0;2;10,22532;7;15,85934;0,382904;0,06264448;0,2120808;0,3125906;0,6748725
17;torus;0;2;10,23937;7;15,85934;0,382904;0,06264448;0,2120808;0,3125906;0,6748725
17;torus;0;2;10,25326;7;15,85934;0,9107451;0,1532674;0,3654957;0,8199871;0,6639313
17;torus;0;2;10,26788;7;15,85934;0,4129039;0,07115006;0,1210183;0,3883064;0,6583541
17;torus;0;2;10,28143;7;15,85934;0,3163526;0,06150603;-0,04164129;0,3075093;0,6526312
17;torus;0;2;10,2949;7;15,85934;0,3163526;0,06150603;-0,04164129;0,3075093;0,6526312
17;torus;0;2;10,30877;7;15,85934;0,7883542;0,1256347;0,1081169;0,7707328;0,6404361
17;torus;0;2;10,32292;7;15,85934;0,509076;0,07317662;0,09010285;0,4956663;0,6328799
17;torus;0;2;10,33683;7;15,85934;0,509076;0,07317662;0,09010285;0,4956663;0,6328799
17;torus;0;2;10,35054;7;15,85934;1,067391;0,1493454;0,07958412;1,053891;0,6158729
17;torus;0;2;10,36451;7;15,85934;0,5010548;0,06816983;-0,1058489;0,4849792;0,6066163
17;torus;0;2;10,37839;7;15,85934;0,5010548;0,06816983;-0,1058489;0,4849792;0,6066163
17;torus;0;2;10,39271;7;15,85934;1,089361;0,1368344;-0,1405373;1,071556;0,5872514
17;torus;0;2;10,40633;7;15,85934;0,6559218;0,07679462;-0,02110004;0,651069;0,576274
17;torus;0;2;10,42039;7;15,85934;0,679126;0,074929;-0,04617721;0,6733984;0,5647348
17;torus;0;2;10,43414;7;15,85934;0,679126;0,074929;-0,04617721;0,6733984;0,5647348
17;torus;0;2;10,44811;7;15,85934;1,297357;0,1248717;-0,1326486;1,284503;0,542438
17;torus;0;2;10,46233;7;15,85934;0,5256253;0,03467798;0,03295839;0,5234435;0,5344502
17;torus;0;2;10,47588;7;15,85934;0,5256253;0,03467798;0,03295839;0,5234435;0,5344502
17;torus;0;2;10,4902;7;15,85934;1,172324;0,09004474;-0,1512215;1,159038;0,5143602
17;torus;0;2;10,50369;7;15,85934;0,5557669;0,0425458;-0,2128273;0,5116358;0,5037887
17;torus;0;2;10,51793;7;15,85934;0,5557669;0,0425458;-0,2128273;0,5116358;0,5037887
17;torus;0;2;10,53174;7;15,85934;0,7528678;0,03781915;-0,307034;0,6863743;0,4893412
17;torus;0;2;10,54575;7;15,85934;0,2876971;0,003600121;-0,2396509;0,1591355;0,4839009
17;torus;0;2;10,55959;7;15,85934;0,2876971;0,003600121;-0,2396509;0,1591355;0,4839009
17;torus;0;2;10,57384;7;15,85934;0,5358061;0,004607439;-0,3001347;0,4438311;0,4732739
17;torus;0;2;10,58798;7;15,85934;0,3016025;0,002866983;-0,2293244;0,1958728;0,4673907
17;torus;0;2;10,60142;7;15,85934;0,2883266;0,0005185604;-0,2358899;0,1657948;0,4618972
17;torus;0;2;10,61516;7;15,85934;0,2883266;0,0005185604;-0,2358899;0,1657948;0,4618972
17;torus;0;2;10,62925;7;15,85934;0,7667249;-0,01062751;-0,7634833;0,0696227;0,4515595
17;torus;0;2;10,6432;7;15,85934;0,317185;-0,009208918;-0,3151298;0,03485382;0,4472678
17;torus;0;2;10,65723;7;15,85934;0,317185;-0,009208918;-0,3151298;0,03485382;0,4472678
17;torus;0;2;10,67087;7;15,85934;0,6001695;-0,02326965;-0,5992055;0,02479255;0,43991
17;torus;0;2;10,68486;7;15,85934;0,1968024;-0,00680685;-0,1784146;0,0827834;0,4365227
17;torus;0;2;10,69887;7;15,85934;0,1968024;-0,00680685;-0,1784146;0,0827834;0,4365227
17;torus;0;2;10,71261;7;15,85934;0,6254346;-0,0110209;-0,6195769;0,08468479;0,4282253
17;torus;0;2;10,72659;7;15,85934;0,2713417;0,002628565;-0,2351537;0,1353592;0,4234208
17;torus;0;2;10,74038;7;15,85934;0,2774844;0,003761053;-0,2240568;0,163652;0,4182793
17;torus;0;2;10,75427;7;15,85934;0,2774844;0,003761053;-0,2240568;0,163652;0,4182793
17;torus;0;2;10,76832;7;15,85934;0,8595498;0,03518462;-0,6366387;0,5764365;0,4019061
17;torus;0;2;10,78245;7;15,85934;0,600475;0,02684593;-0,4304647;0,4177913;0,3904082
17;torus;0;2;10,79656;7;15,85934;0,600475;0,02684593;-0,4304647;0,4177913;0,3904082
17;torus;0;2;10,80996;7;15,85934;1,489513;0,0592351;-1,112927;0,9881973;0,3623828
17;torus;0;2;10,82412;7;15,85934;0,7170079;0,02481937;-0,477089;0,5346686;0,3485454
17;torus;0;2;10,83792;7;15,85934;0,7170079;0,02481937;-0,477089;0,5346686;0,3485454
17;torus;0;2;10,85186;7;15,85934;0,7961698;0,01054406;-0,6550938;0,4523575;0,3344311
17;torus;0;2;10,86574;7;15,85934;0,3177945;-0,004351139;-0,307674;0,07944256;0,330158
17;torus;0;2;10,87975;7;15,85934;0,3177945;-0,004351139;-0,307674;0,07944256;0,330158
17;torus;0;2;10,89426;7;15,85934;0,4799196;-0,006240606;-0,4783377;0,03843009;0,3251594
17;torus;0;2;10,90773;7;15,85934;0,4069319;0,0001907349;-0,377205;0,1526758;0,3191919
17;torus;0;2;10,92132;7;15,85934;0,3747503;0,003474951;-0,3445663;0,1473084;0,313695
17;torus;0;2;10,93528;7;15,85934;0,3747503;0,003474951;-0,3445663;0,1473084;0,313695
17;torus;0;2;10,94931;7;15,85934;0,9636363;-0,01663566;-0,9613708;0,06390959;0,3051129
17;torus;0;2;10,96316;7;15,85934;0,40353;0,0003933907;-0,3931828;0,09079427;0,3007094
17;torus;0;2;10,97697;7;15,85934;0,40353;0,0003933907;-0,3931828;0,09079427;0,3007094
17;torus;0;2;10,99156;7;15,85934;0,8834716;-0,0105679;-0,8781128;0,09658337;0,2934102
17;torus;0;2;11,00483;7;15,85934;0,4110036;-0,0005125999;-0,3991365;0,09804964;0,2893712
17;torus;0;2;11,01886;7;15,85934;0,4110036;-0,0005125999;-0,3991365;0,09804964;0,2893712
17;torus;0;2;11,03275;7;15,85934;0,9828774;-0,004154444;-0,9453066;0,2691209;0,279813
17;torus;0;2;11,04672;7;15,85934;0,5469239;0,002992153;-0,4759081;0,2694964;0,2728254
17;torus;0;2;11,06084;7;15,85934;0,6290848;-0,006139278;-0,5698152;0,2664968;0,2658711
17;torus;0;2;11,07462;7;15,85934;0,6290848;-0,006139278;-0,5698152;0,2664968;0,2658711
17;torus;0;2;11,08874;7;15,85934;1,398355;-0,02986789;-1,228915;0,6665379;0,2504964
17;torus;0;2;11,10256;7;15,85934;0,6911926;-0,02033114;-0,607942;0,3282383;0,2437281
17;torus;0;2;11,11688;7;15,85934;0,6911926;-0,02033114;-0,607942;0,3282383;0,2437281
17;torus;0;2;11,13059;7;15,85934;1,001007;-0,04151464;-0,9930782;0,118687;0,2421405
17;torus;0;2;11,14431;7;15,85934;0,3757266;-0,01418591;-0,3750503;-0,01750663;0,243191
17;torus;0;2;11,15839;7;15,85934;0,3757266;-0,01418591;-0,3750503;-0,01750663;0,243191
17;torus;0;2;11,17211;7;15,85934;0,5583327;-0,01240969;-0,5566031;0,04212409;0,243878
17;torus;0;2;11,18653;7;15,85934;0,3291294;-0,007534027;-0,2916679;0,152313;0,2419239
17;torus;0;2;11,20005;7;15,85934;0,308455;-0,01167655;-0,295414;0,08796975;0,2413692
17;torus;0;2;11,21386;7;15,85934;0,308455;-0,01167655;-0,295414;0,08796975;0,2413692
17;torus;0;2;11,22788;7;15,85934;0,5245312;-0,01941919;-0,5102485;0,1200095;0,2413899
17;torus;0;2;11,2417;7;15,85934;0,302383;-0,01143813;-0,2621889;0,1502052;0,2399023
17;torus;0;2;11,25559;7;15,85934;0,302383;-0,01143813;-0,2621889;0,1502052;0,2399023
17;torus;0;2;11,26949;7;15,85934;0,5870543;-0,03047585;-0,5427845;0,2215602;0,2389167
17;torus;0;2;11,2834;7;15,85934;0,2804135;-0,01884103;-0,2762407;0,04436001;0,2398823
17;torus;0;2;11,29793;7;15,85934;0,2804135;-0,01884103;-0,2762407;0,04436001;0,2398823
17;torus;0;2;11,31151;7;15,85934;0,3340484;-0,004643202;-0,3024161;0,1418144;0,2394421
17;torus;0;2;11,32532;7;15,85934;0,2447871;-0,01178384;-0,2172142;0,112249;0,2390226
17;torus;0;2;11,33917;7;15,85934;0,2447871;-0,01178384;-0,2172142;0,112249;0,2390226
17;torus;0;2;11,353;7;15,85934;0,6054961;-0,04341602;-0,5460694;0,2579704;0,2387878
17;torus;0;2;11,36724;7;15,85934;0,3093319;-0,02741218;-0,2861694;0,114201;0,2392592
17;torus;0;2;11,38095;7;15,85934;0,3092823;-0,03310442;-0,3054127;0,03581494;0,2414029
17;torus;0;2;11,39522;7;15,85934;0,3092823;-0,03310442;-0,3054127;0,03581494;0,2414029
17;torus;0;2;11,4088;7;15,85934;0,4618338;-0,04905462;-0,458239;-0,03001839;0,2462938
17;torus;0;2;11,42273;7;15,85934;0,1898026;-0,01804829;-0,1816064;0,05213842;0,2472309
17;torus;0;2;11,43671;7;15,85934;0,1898026;-0,01804829;-0,1816064;0,05213842;0,2472309
17;torus;0;2;11,4507;7;15,85934;0,4448835;-0,05015731;-0,4301444;0,1018889;0,2499981
17;torus;0;2;11,46512;7;15,85934;0,2908743;-0,03066659;-0,268206;0,1083188;0,2511447
17;torus;0;2;11,47838;7;15,85934;0,2908743;-0,03066659;-0,268206;0,1083188;0,2511447
17;torus;0;2;11,49269;7;15,85934;0,7616253;-0,09706616;-0,7389307;0,156948;0,2571217
17;torus;0;2;11,50629;7;15,85934;0,4004719;-0,04695058;-0,3623515;0,1639351;0,2590077
17;torus;0;2;11,52015;7;15,85934;0,4177174;-0,05066395;-0,3805578;0,1646109;0,2613466
17;torus;0;2;11,53442;7;15,85934;0,4177174;-0,05066395;-0,3805578;0,1646109;0,2613466
17;torus;0;2;11,54798;7;15,85934;0,8613361;-0,1027405;-0,7715657;0,3688231;0,2663392
17;torus;0;2;11,56182;7;15,85934;0,4209;-0,04374385;-0,3402188;0,2439149;0,2677641
17;torus;0;2;11,57582;7;15,85934;0,4209;-0,04374385;-0,3402188;0,2439149;0,2677641
17;torus;0;2;11,5896;7;15,85934;0,9457558;-0,1020551;-0,7311538;0,5911455;0,2708292
17;torus;0;2;11,60387;7;15,85934;0,4714511;-0,0485003;-0,3438115;0,3189161;0,272221
17;torus;0;2;11,61761;7;15,85934;0,4714511;-0,0485003;-0,3438115;0,3189161;0,272221
17;torus;0;2;11,63123;7;15,85934;0,8311231;-0,08203983;-0,6257311;0,5408287;0,2760122
17;torus;0;2;11,64569;7;15,85934;0,4304184;-0,04216433;-0,3232092;0,2811015;0,2783212
17;torus;0;2;11,65932;7;15,85934;0,4304184;-0,04216433;-0,3232092;0,2811015;0,2783212
17;torus;0;2;11,67338;7;15,85934;0,9084845;-0,08736253;-0,6587565;0,619477;0,2833352
17;torus;0;2;11,68719;7;15,85934;0,5280583;-0,04994273;-0,3640562;0,3792286;0,286234
17;torus;0;2;11,70128;7;15,85934;0,4975965;-0,03840327;-0,3007889;0,3945295;0,2882313
17;torus;0;2;11,71502;7;15,85934;0,4975965;-0,03840327;-0,3007889;0,3945295;0,2882313
17;torus;0;2;11,72892;7;15,85934;1,03062;-0,09857416;-0,6991625;0,7507544;0,2952618
17;torus;0;2;11,74286;7;15,85934;0,4246141;-0,02471209;-0,2435297;0,3469579;0,29746
17;torus;0;2;11,757;7;15,85934;0,4246141;-0,02471209;-0,2435297;0,3469579;0,29746
17;torus;0;2;11,77089;7;15,85934;0,8048744;-0,04090667;-0,4511252;0,6653085;0,3020023
17;torus;0;2;11,78466;7;15,85934;0,4266175;-0,02017021;-0,2016544;0,3754079;0,3038915
17;torus;0;2;11,79911;7;15,85934;0,4266175;-0,02017021;-0,2016544;0,3754079;0,3038915
17;torus;0;2;11,81272;7;15,85934;0,8364516;-0,04218221;-0,3845796;0,7415999;0,3080118
17;torus;0;2;11,82649;7;15,85934;0,2970835;0,002378225;-0,1254857;0,2692699;0,3094598
17;torus;0;2;11,84033;7;15,85934;0,252272;0,01382232;-0,08271635;0,2379246;0,3102866
17;torus;0;2;11,85439;7;15,85934;0,252272;0,01382232;-0,08271635;0,2379246;0,3102866
17;torus;0;2;11,86831;7;15,85934;0,7996685;-0,004607439;-0,1834109;0,7783372;0,3117566
17;torus;0;2;11,88212;7;15,85934;0,4706191;-0,05634427;-0,2902344;0,366158;0,316727
17;torus;0;2;11,89619;7;15,85934;0,4706191;-0,05634427;-0,2902344;0,366158;0,316727
17;torus;0;2;11,91012;7;15,85934;0,7898186;-0,03039837;-0,2458766;0,7499561;0,3206373
17;torus;0;2;11,92378;7;15,85934;0,2730137;-0,003290176;-0,1224607;0,2439857;0,3229209
17;torus;0;2;11,93764;7;15,85934;0,2730137;-0,003290176;-0,1224607;0,2439857;0,3229209
17;torus;0;2;11,95191;7;15,85934;0,5887487;-0,009053946;-0,2351493;0,5396739;0,3275229
17;torus;0;2;11,96558;7;15,85934;0,2887651;-0,001102686;-0,09642392;0,2721883;0,3295394
17;torus;0;2;11,97987;7;15,85934;0,2887651;-0,001102686;-0,09642392;0,2721883;0,3295394
17;torus;0;2;11,9937;7;15,85934;0,7978807;-0,05612373;-0,2886221;0,7417284;0,3359459
17;torus;0;2;12,00736;7;15,85934;0,3696136;-0,003689528;-0,0380531;0,367631;0,3372853
17;torus;0;2;12,02132;7;15,85934;0,3990803;0,00603199;0,02376139;0,3983267;0,3376308
17;torus;0;2;12,0352;7;15,85934;0,3990803;0,00603199;0,02376139;0,3983267;0,3376308
17;torus;0;2;12,04922;7;15,85934;0,7132412;-0,0008583069;-0,01973212;0,7129677;0,3399374
17;torus;0;2;12,06316;7;15,85934;0,4192747;0,006246567;0,05108118;0,4161045;0,3403269
17;torus;0;2;12,07712;7;15,85934;0,4192747;0,006246567;0,05108118;0,4161045;0,3403269
17;torus;0;2;12,09092;7;15,85934;0,7404836;0,01552701;0,08826107;0,7350408;0,3415599
17;torus;0;2;12,10511;7;15,85934;0,3772268;0,01713037;0,09197444;0,3654413;0,3414859
17;torus;0;2;12,11898;7;15,85934;0,3772268;0,01713037;0,09197444;0,3654413;0,3414859
17;torus;0;2;12,13317;7;15,85934;0,8693376;0,02738237;0,2402619;0,8350283;0,3413561
17;torus;0;2;12,1466;7;15,85934;0,4718993;0,01292825;0,1460016;0,4485592;0,3413294
17;torus;0;2;12,16072;7;15,85934;0,4586494;0,04384518;0,2399266;0,3884226;0,3394189
17;torus;0;2;12,1744;7;15,85934;0,4586494;0,04384518;0,2399266;0,3884226;0,3394189
17;torus;0;2;12,18843;7;15,85934;0,9184325;0,1179397;0,5826727;0,7000722;0,3338614
17;torus;0;2;12,20228;7;15,85934;0,5256919;-0,002324581;0,1768723;0,4950382;0,3346418
17;torus;0;2;12,21618;7;15,85934;0,5256919;-0,002324581;0,1768723;0,4950382;0,3346418
17;torus;0;2;12,23069;7;15,85934;1,052724;-0,03326535;0,2907366;1,011234;0,3384577
17;torus;0;2;12,24424;7;15,85934;0,5684245;0,01581311;0,2816543;0,4934847;0,3383992
17;torus;0;2;12,25809;7;15,85934;0,5684245;0,01581311;0,2816543;0,4934847;0,3383992
17;torus;0;2;12,27171;7;15,85934;0,9521582;0,0480175;0,5294055;0,7899553;0,3378178
17;torus;0;2;12,28564;7;15,85934;0,3885471;0,0110209;0,1806214;0,3438361;0,3387038
17;torus;0;2;12,2998;7;15,85934;0,3885471;0,0110209;0,1806214;0,3438361;0,3387038
17;torus;0;2;12,31367;7;15,85934;0,8973739;-0,0193119;0,3494576;0,8263089;0,3428268
17;torus;0;2;12,32799;7;15,85934;0,3837512;0,03205538;0,256677;0,2834685;0,3423651
17;torus;0;2;12,34144;7;15,85934;0,3270602;0,04615188;0,2533749;0,2015926;0,3410875
17;torus;0;2;12,35545;7;15,85934;0,3270602;0,04615188;0,2533749;0,2015926;0,3410875
17;torus;0;2;12,36955;7;15,85934;0,657296;0,1406252;0,5949974;0,241331;0,335492
17;torus;0;2;12,3835;7;15,85934;0,4019651;0,08922815;0,3785044;0,1017287;0,3314461
17;torus;0;2;12,39726;7;15,85934;0,4019651;0,08922815;0,3785044;0,1017287;0,3314461
17;torus;0;2;12,41163;7;15,85934;1,049875;0,2513885;1,017454;0,06187484;0,3183006
17;torus;0;2;12,42559;7;15,85934;0,5002997;0,1088679;0,4866913;0,03973842;0,3124401
17;torus;0;2;12,43896;7;15,85934;0,5002997;0,1088679;0,4866913;0,03973842;0,3124401
17;torus;0;2;12,45284;7;15,85934;0,8201239;0,1772702;0,8001953;0,02942681;0,302729
17;torus;0;2;12,46685;7;15,85934;0,4000084;0,07217526;0,3888488;0,05995035;0,2988878
17;torus;0;2;12,4806;7;15,85934;0,4186098;0,05740523;0,3953218;0,1251377;0,296118
17;torus;0;2;12,49477;7;15,85934;0,4186098;0,05740523;0,3953218;0,1251377;0,296118
17;torus;0;2;12,5087;7;15,85934;0,6938747;0,0944078;0,6578892;0,1993261;0,291835
17;torus;0;2;12,52274;7;15,85934;0,3617524;0,02179146;0,3110498;0,1834065;0,2914213
17;torus;0;2;12,53659;7;15,85934;0,3617524;0,02179146;0,3110498;0,1834065;0,2914213
17;torus;0;2;12,55024;7;15,85934;0,808855;0,03336668;0,6816521;0,4341468;0,2916498
17;torus;0;2;12,56426;7;15,85934;0,4029412;0,02948642;0,3657818;0,1664206;0,2910217
17;torus;0;2;12,57814;7;15,85934;0,4029412;0,02948642;0,3657818;0,1664206;0,2910217
17;torus;0;2;12,59235;7;15,85934;0,7845081;0,1239121;0,7737398;0,03775507;0,2850233
17;torus;0;2;12,60588;7;15,85934;0,3948623;0,07019043;0,3866479;-0,03863871;0,2813008
17;torus;0;2;12,62046;7;15,85934;0,4500026;0,06033778;0,444369;0,0373885;0,2786522
17;torus;0;2;12,63364;7;15,85934;0,4500026;0,06033778;0,444369;0,0373885;0,2786522
17;torus;0;2;12,64761;7;15,85934;0,8833309;0,05410314;0,832884;0,2892241;0,2782716
17;torus;0;2;12,66181;7;15,85934;0,3863994;0,05216599;0,3828615;0,0005662441;0,2760877
17;torus;0;2;12,67574;7;15,85934;0,3863994;0,05216599;0,3828615;0,0005662441;0,2760877
17;torus;0;2;12,69004;7;15,85934;1,047162;0,1727104;1,016418;-0,1833409;0,2678866
17;torus;0;2;12,70363;7;15,85934;0,550064;0,07695556;0,5415365;-0,0581935;0,2647861
17;torus;0;2;12,71785;7;15,85934;0,550064;0,07695556;0,5415365;-0,0581935;0,2647861
17;torus;0;2;12,73151;7;15,85934;1,114938;0,1487792;1,096562;-0,1360297;0,2594407
17;torus;0;2;12,7452;7;15,85934;0,5224172;0,06893873;0,5097285;-0,09134561;0,2570296
17;torus;0;2;12,75918;7;15,85934;0,5224172;0,06893873;0,5097285;-0,09134561;0,2570296
17;torus;0;2;12,77317;7;15,85934;0,9727702;0,1028538;0,964544;-0,07319674;0,2553846
17;torus;0;2;12,78711;7;15,85934;0,4364465;0,02675056;0,4329681;0,0480473;0,2565997
17;torus;0;2;12,80092;7;15,85934;0,3993591;0,01779199;0,3920384;0,07400736;0,2585095
17;torus;0;2;12,8153;7;15,85934;0,3993591;0,01779199;0,3920384;0,07400736;0,2585095
17;torus;0;2;12,82874;7;15,85934;0,6700136;0,003564358;0,6269031;0,2364278;0,2642007
17;torus;0;2;12,84266;7;15,85934;0,3178369;0,01230836;0,309249;0,07234514;0,2664078
17;torus;0;2;12,85663;7;15,85934;0,3178369;0,01230836;0,309249;0,07234514;0,2664078
17;torus;0;2;12,87084;7;15,85934;0,7605358;0,03474951;0,7470377;0,1383543;0,2716064
17;torus;0;2;12,88448;7;15,85934;0,4000448;0,007903576;0,3862038;0,104019;0,2751565
17;torus;0;2;12,89861;7;15,85934;0,4000448;0,007903576;0,3862038;0,104019;0,2751565
17;torus;0;2;12,91298;7;15,85934;0,7805033;-0,02745986;0,692552;0,3588915;0,2850372
17;torus;0;2;12,92646;7;15,85934;0,3900136;-0,02048016;0,3343251;0,1997948;0,2904542
17;torus;0;2;12,94051;7;15,85934;0,3396373;-0,008481741;0,3113054;0,135538;0,2946952
17;torus;0;2;12,95435;7;15,85934;0,3396373;-0,008481741;0,3113054;0,135538;0,2946952
17;torus;0;2;12,96818;7;15,85934;0,8117707;-0,02243519;0,7479806;0,3146321;0,3050504
17;torus;0;2;12,98206;7;15,85934;0,4068832;-0,003761053;0,3881603;0,1219481;0,3098964
17;torus;0;2;12,99629;7;15,85934;0,4068832;-0,003761053;0,3881603;0,1219481;0,3098964
17;torus;0;2;13,00977;7;15,85934;0,8538579;0,02963543;0,8490406;0,08558631;0,3178472
17;torus;0;2;13,02398;7;15,85934;0,5063331;0,01288652;0,5038459;0,04844069;0,3228401
17;torus;0;2;13,03794;7;15,85934;0,5063331;0,01288652;0,5038459;0,04844069;0,3228401
17;torus;0;2;13,05156;7;15,85934;1,022498;0,04122257;1,021667;-0,0007271767;0,3320266
17;torus;0;2;13,06523;7;15,85934;0,5097808;0,02323985;0,5089164;-0,0184536;0,3366751
17;torus;0;2;13,07954;7;15,85934;0,5097808;0,02323985;0,5089164;-0,0184536;0,3366751
17;torus;0;2;13,09322;7;15,85934;0,848224;-0,01990199;0,8206256;0,2136856;0,3485087
17;torus;0;2;13,10723;7;15,85934;0,3743978;-0,04854202;0,2679959;0,256896;0,3554204
17;torus;0;2;13,12116;7;15,85934;0,3928361;-0,04837513;0,2988331;0,2503574;0,362575
17;torus;0;2;13,13511;7;15,85934;0,3928361;-0,04837513;0,2988331;0,2503574;0,362575
17;torus;0;2;13,14887;7;15,85934;0,6226004;-0,06330013;0,5145177;0,3448129;0,3736023
17;torus;0;2;13,16316;7;15,85934;0,3557898;-0,01030564;0,3485739;0,07054359;0,378559
17;torus;0;2;13,17711;7;15,85934;0,3557898;-0,01030564;0,3485739;0,07054359;0,378559
17;torus;0;2;13,19095;7;15,85934;0,9204432;-0,01836419;0,9164348;0,08381903;0,3903146
17;torus;0;2;13,20465;7;15,85934;0,4047929;-0,03079176;0,3820859;0,1300752;0,3967964
17;torus;0;2;13,21889;7;15,85934;0,4047929;-0,03079176;0,3820859;0,1300752;0,3967964
17;torus;0;2;13,23269;7;15,85934;0,7161626;-0,117296;0,4742578;0,5236506;0,4103871
17;torus;0;2;13,24735;7;15,85934;0,3087609;-0,05252957;0,1738198;0,2497211;0,4162671
17;torus;0;2;13,26121;7;15,85934;0,3228002;-0,06176233;0,08741319;0,3045395;0,4219688
17;torus;0;2;13,27454;7;15,85934;0,3228002;-0,06176233;0,08741319;0,3045395;0,4219688
17;torus;0;2;13,28857;7;15,85934;0,6878463;-0,1164377;0,375779;0,5642384;0,4351106
17;torus;0;2;13,30211;7;15,85934;0,401356;-0,06450415;0,2638817;0,2954528;0,442797
17;torus;0;2;13,31608;7;15,85934;0,401356;-0,06450415;0,2638817;0,2954528;0,442797
17;torus;0;2;13,3304;7;15,85934;0,8617021;-0,1474679;0,558272;0,6396219;0,459305
17;torus;0;2;13,34398;7;15,85934;0,3952831;-0,07124543;0,2271235;0,3155753;0,4668929
17;torus;0;2;13,35762;7;15,85934;0,3952831;-0,07124543;0,2271235;0,3155753;0,4668929
17;torus;0;2;13,37177;7;15,85934;0,7147789;-0,125277;0,4253343;0,5606294;0,4806624
17;torus;0;2;13,38588;7;15,85934;0,385279;-0,0793159;0,1673937;0,3378287;0,487904
17;torus;0;2;13,39964;7;15,85934;0,385279;-0,0793159;0,1673937;0,3378287;0,487904
17;torus;0;2;13,4135;7;15,85934;0,7183514;-0,1473308;0,3067255;0,6326467;0,5014241
17;torus;0;2;13,42724;7;15,85934;0,3953196;-0,08502603;0,1623556;0,3502697;0,5088362
17;torus;0;2;13,44176;7;15,85934;0,3957695;-0,08494258;0,1810595;0,3415197;0,5163425
17;torus;0;2;13,45525;7;15,85934;0,3957695;-0,08494258;0,1810595;0,3415197;0,5163425
17;torus;0;2;13,46915;7;15,85934;0,6952782;-0,1497507;0,2754837;0,6205603;0,5293911
17;torus;0;2;13,48302;7;15,85934;0,3755274;-0,08531213;0,07206947;0,3585368;0,5359375
17;torus;0;2;13,4971;7;15,85934;0,3755274;-0,08531213;0,07206947;0,3585368;0,5359375
17;torus;0;2;13,51122;7;15,85934;0,7083355;-0,1552582;0,06000698;0,6885007;0,5476909
17;torus;0;2;13,5249;7;15,85934;0,3474925;-0,07582307;0,02335012;0,3383145;0,5534388
17;torus;0;2;13,53901;7;15,85934;0,3474925;-0,07582307;0,02335012;0,3383145;0,5534388
17;torus;0;2;13,55268;7;15,85934;0,6110427;-0,1196146;-0,05410016;0,5967736;0,5625973
17;torus;0;2;13,56662;7;15,85934;0,246328;-0,02159476;-0,1282677;0,2091855;0,5646518
17;torus;0;2;13,5805;7;15,85934;0,2910908;-0,05534291;-0,02348423;0,2848148;0,5691195
17;torus;0;2;13,59441;7;15,85934;0,2910908;-0,05534291;-0,02348423;0,2848148;0,5691195
17;torus;0;2;13,60836;7;15,85934;0,5837315;-0,1149833;-0,04159063;0,5707815;0,5782006
17;torus;0;2;13,62225;7;15,85934;0,3046262;-0,0605166;-0,0604406;0,2923727;0,5824744
17;torus;0;2;13,63655;7;15,85934;0,3046262;-0,0605166;-0,0604406;0,2923727;0,5824744
17;torus;0;2;13,6501;7;15,85934;0,6039833;-0,1207352;-0,1457229;0,573571;0,5906706
17;torus;0;2;13,66415;7;15,85934;0,2806094;-0,05401373;-0,08876324;0,260663;0,5942103
17;torus;0;2;13,67813;7;15,85934;0,2806094;-0,05401373;-0,08876324;0,260663;0,5942103
17;torus;0;2;13,69254;7;15,85934;0,5884785;-0,1468658;0,04845113;0,5677938;0,6044272
17;torus;0;2;13,70632;7;15,85934;0,3699538;-0,1000881;-0,005759299;0,3561109;0,6105016
17;torus;0;2;13,7202;7;15,85934;0,3024957;-0,07721186;-0,01802444;0,2919197;0,6153734
17;torus;0;2;13,73412;7;15,85934;0,3024957;-0,07721186;-0,01802444;0,2919197;0,6153734
17;torus;0;2;13,74776;7;15,85934;0,5929374;-0,1487374;-0,03504902;0,5729079;0,6249979
17;torus;0;2;13,76174;7;15,85934;0,2863747;-0,0696063;-0,05905628;0,2714366;0,6291785
17;torus;0;2;13,77563;7;15,85934;0,2863747;-0,0696063;-0,05905628;0,2714366;0,6291785
17;torus;0;2;13,78964;7;15,85934;0,5725734;-0,1269579;-0,2216488;0,512439;0,6361077
17;torus;0;2;13,80363;7;15,85934;0,2916763;-0,08144379;-0,0137046;0,2797395;0,640933
17;torus;0;2;13,81733;7;15,85934;0,2916763;-0,08144379;-0,0137046;0,2797395;0,640933
17;torus;0;2;13,83156;7;15,85934;0,52299;-0,1475632;0,03316551;0,5006433;0,6501356
17;torus;0;2;13,8452;7;15,85934;0,2999356;-0,08901954;-0,001220405;0,2864182;0,6552351
17;torus;0;2;13,85909;7;15,85934;0,2999356;-0,08901954;-0,001220405;0,2864182;0,6552351
17;torus;0;2;13,87302;7;15,85934;0,563776;-0,1523733;-0,1343191;0,5259126;0,6634607
17;torus;0;2;13,88684;7;15,85934;0,1874707;-0,03017187;-0,09995401;0,1557052;0,6653807
17;torus;0;2;13,90114;7;15,85934;0,2139963;-0,02810955;-0,1415104;0,1580477;0,6669973
17;torus;0;2;13,91468;7;15,85934;0,2139963;-0,02810955;-0,1415104;0,1580477;0,6669973
17;torus;0;2;13,92857;7;15,85934;0,5071608;-0,08678436;-0,3053576;0,3955215;0,6715606
17;torus;0;2;13,94279;7;15,85934;0,213694;-0,03427267;-0,1324609;0,1641482;0,6734421
17;torus;0;2;13,95672;7;15,85934;0,213694;-0,03427267;-0,1324609;0,1641482;0,6734421
17;torus;0;2;13,97057;7;15,85934;0,5461149;-0,08910298;-0,3570005;0,4035503;0,6779084
17;torus;0;2;13,98451;7;15,85934;0,2004135;-0,008565187;-0,1698241;0,1060754;0,6784955
17;torus;0;2;13,99836;7;15,85934;0,2004135;-0,008565187;-0,1698241;0,1060754;0,6784955
17;torus;0;2;14,01212;7;15,85934;0,545199;-0,04198551;-0,463672;0,2837032;0,6801139
17;torus;0;2;14,02658;7;15,85934;0,2946318;-0,05481839;-0,1915246;0,2170742;0,6826978
17;torus;0;2;14,04004;7;15,85934;0,4186108;-0,05812645;-0,3403544;0,2366751;0,6845964
17;torus;0;2;14,05391;7;15,85934;0,4186108;-0,05812645;-0,3403544;0,2366751;0,6845964
17;torus;0;2;14,06826;7;15,85934;0,7413697;0,006324053;-0,7179044;0,1849383;0,6829533
17;torus;0;2;14,08192;7;15,85934;0,3202311;0,02248883;-0,3167212;0,04159212;0,6815677
17;torus;0;2;14,09616;7;15,85934;0,3202311;0,02248883;-0,3167212;0,04159212;0,6815677
17;torus;0;2;14,11018;7;15,85934;0,5822303;-0,009387732;-0,5492784;0,1928657;0,6816085
17;torus;0;2;14,12367;7;15,85934;0,3249682;-0,0246048;-0,2926692;0,1390815;0,6824104
17;torus;0;2;14,13769;7;15,85934;0,3249682;-0,0246048;-0,2926692;0,1390815;0,6824104
17;torus;0;2;14,15165;7;15,85934;0,8059537;-0,01507401;-0,782954;0,190571;0,6813546
17;torus;0;2;14,16548;7;15,85934;0,3986835;-0,002092123;-0,3907785;0,07897019;0,6806572
17;torus;0;2;14,17918;7;15,85934;0,3986835;-0,002092123;-0,3907785;0,07897019;0,6806572
17;torus;0;2;14,19315;7;15,85934;0,7807267;-0,05443096;-0,7372588;0,2510399;0,6815912
17;torus;0;2;14,20696;7;15,85934;0,4034589;-0,02858639;-0,3841028;0,1201123;0,682012
17;torus;0;2;14,2212;7;15,85934;0,3855594;-0,02723336;-0,3669955;0,1150161;0,6825079
17;torus;0;2;14,23495;7;15,85934;0,3855594;-0,02723336;-0,3669955;0,1150161;0,6825079
17;torus;0;2;14,24942;7;15,85934;0,7565928;-0,10373;-0,6709471;0,3339201;0,6860847
17;torus;0;2;14,2628;7;15,85934;0,3124387;-0,03429055;-0,2844274;0,1246721;0,6873595
17;torus;0;2;14,27659;7;15,85934;0,3124387;-0,03429055;-0,2844274;0,1246721;0,6873595
17;torus;0;2;14,29055;7;15,85934;0,5638246;-0,01654625;-0,5494952;0,1252174;0,6876739
17;torus;0;2;14,3045;7;15,85934;0,3997459;-0,07217526;-0,340287;0,1969576;0,69035
17;torus;0;2;14,3185;7;15,85934;0,3997459;-0,07217526;-0,340287;0,1969576;0,69035
17;torus;0;2;14,33261;7;15,85934;0,7583458;-0,1004338;-0,6976094;0,2798975;0,6936111
17;torus;0;2;14,34645;7;15,85934;0,3060573;-0,05728602;-0,2570301;0,1559645;0,6959516
17;torus;0;2;14,36034;7;15,85934;0,3264223;-0,03182292;-0,313386;0,08560419;0,6967685
17;torus;0;2;14,37429;7;15,85934;0,3264223;-0,03182292;-0,313386;0,08560419;0,6967685
17;torus;0;2;14,3883;7;15,85934;0,4260174;-0,02993345;-0,4106149;0,1094997;0,6978679
17;torus;0;2;14,40243;7;15,85934;0,1798865;-0,006175041;-0,1771595;0,03058612;0,6980382
17;torus;0;2;14,41626;7;15,85934;0,1798865;-0,006175041;-0,1771595;0,03058612;0,6980382
17;torus;0;2;14,4302;7;15,85934;0,1241679;-0,009846687;-0,1133874;0,04963875;0,698758
17;torus;0;2;14,44406;7;15,85934;0,2160571;-0,02065301;-0,2094626;0,04878044;0,6992587
17;torus;0;2;14,4581;7;15,85934;0,2160571;-0,02065301;-0,2094626;0,04878044;0,6992587
17;torus;0;2;14,47181;7;15,85934;0,66105;-0,03465414;-0,6577887;0,05567968;0,6990371
17;torus;0;2;14,48569;7;15,85934;0,2987885;-0,01195073;-0,2984688;0,006940961;0,698651
17;torus;0;2;14,49942;7;15,85934;0,2987885;-0,01195073;-0,2984688;0,006940961;0,698651
17;torus;0;2;14,51343;7;15,85934;0,2353571;0,0783205;-0,138209;-0,1736581;0,6948992
17;torus;0;2;14,52734;7;15,85934;0,3049892;0,04247427;-0,2775654;-0,1190454;0,6920624
17;torus;0;2;14,54134;7;15,85934;0,2771633;0,01097322;-0,2708405;-0,05783141;0,690521
17;torus;0;2;14,55542;7;15,85934;0,2771633;0,01097322;-0,2708405;-0,05783141;0,690521
17;torus;0;2;14,5697;7;15,85934;0,7495551;0,04231334;-0,7192992;-0,2065212;0,6855614
17;torus;0;2;14,58293;7;15,85934;0,3035787;0,007879734;-0,2948366;-0,0718981;0,6838748
17;torus;0;2;14,59681;7;15,85934;0,3035787;0,007879734;-0,2948366;-0,0718981;0,6838748
17;torus;0;2;14,61081;7;15,85934;0,6429388;0,01866817;-0,6219186;-0,1619846;0,6802732
17;torus;0;2;14,62465;7;15,85934;0,5003017;0,01910925;-0,4784867;-0,1448691;0,6772472
17;torus;0;2;14,63874;7;15,85934;0,5003017;0,01910925;-0,4784867;-0,1448691;0,6772472
17;torus;0;2;14,65266;7;15,85934;0,8564218;0,04997253;-0,8012086;-0,2983719;0,6713558
17;torus;0;2;14,66674;7;15,85934;0,3303558;0,000590086;-0,3198676;-0,08257926;0,6698552
17;torus;0;2;14,68045;7;15,85934;0,3214609;-0,02700686;-0,3194153;-0,02411604;0,6696034
17;torus;0;2;14,69478;7;15,85934;0,3214609;-0,02700686;-0,3194153;-0,02411604;0,6696034
17;torus;0;2;14,7085;7;15,85934;0,7596467;-0,153321;-0,731849;0,1339883;0,6731052
17;torus;0;2;14,72243;7;15,85934;0,5979745;-0,1469612;-0,5576253;0,1582086;0,677135
17;torus;0;2;14,73605;7;15,85934;0,5979745;-0,1469612;-0,5576253;0,1582086;0,677135
17;torus;0;2;14,75;7;15,85934;1,047832;-0,1513243;-1,036631;0,02114773;0,6795742
17;torus;0;2;14,76409;7;15,85934;0,3003421;0,049752;-0,2396151;-0,1741111;0,6765939
17;torus;0;2;14,77824;7;15,85934;0,3003421;0,049752;-0,2396151;-0,1741111;0,6765939
17;torus;0;2;14,79195;7;15,85934;0,7252011;0,1043081;-0,5929574;-0,4042745;0,6699367
17;torus;0;2;14,80591;7;15,85934;0,4078291;-0,05424023;-0,4040807;-0,01006722;0,6709019
17;torus;0;2;14,81975;7;15,85934;0,4078291;-0,05424023;-0,4040807;-0,01006722;0,6709019
17;torus;0;2;14,83381;7;15,85934;0,8685221;-0,1385748;-0,8571088;0,02218485;0,6741524
17;torus;0;2;14,84761;7;15,85934;0,3289478;-0,02086759;-0,3230855;-0,05819798;0,6741494
17;torus;0;2;14,86179;7;15,85934;0,3770529;-0,01729131;-0,3665149;-0,08681417;0,6738093
17;torus;0;2;14,87559;7;15,85934;0,3770529;-0,01729131;-0,3665149;-0,08681417;0,6738093
17;torus;0;2;14,8894;7;15,85934;0,9701143;-0,1333058;-0,959231;-0,05680919;0,6767345
17;torus;0;2;14,90325;7;15,85934;0,4512601;-0,05814433;-0,446099;-0,03536344;0,6781015
17;torus;0;2;14,91751;7;15,85934;0,4512601;-0,05814433;-0,446099;-0,03536344;0,6781015
17;torus;0;2;14,93121;7;15,85934;0,5413577;0,05356073;-0,4705533;-0,2622575;0,6751841
17;torus;0;2;14,94491;7;15,85934;0,284759;0,08965731;-0,1395255;-0,2314776;0,6712981
17;torus;0;2;14,9591;7;15,85934;0,284759;0,08965731;-0,1395255;-0,2314776;0,6712981
17;torus;0;2;14,973;7;15,85934;0,7838203;0,07364154;-0,6527349;-0,4276544;0,6663794
17;torus;0;2;14,98667;7;15,85934;0,4914204;0,0002920628;-0,4494756;-0,1986593;0,6650713
17;torus;0;2;15,00085;7;15,85934;0,5664124;0,004702806;-0,5125806;-0,2409607;0,6634753
17;torus;0;2;15,0148;7;15,85934;0,5664124;0,004702806;-0,5125806;-0,2409607;0,6634753
17;torus;0;2;15,02849;7;15,85934;1,070656;-0,006079674;-0,9789392;-0,4335254;0,6614738
17;torus;0;2;15,04265;7;15,85934;0,6170772;0,001114607;-0,5549937;-0,2697498;0,6601915
17;torus;0;2;15,0566;7;15,85934;0,6170772;0,001114607;-0,5549937;-0,2697498;0,6601915
17;torus;0;2;15,07057;7;15,85934;1,093809;0,04110932;-0,9391993;-0,5591363;0,6566066
17;torus;0;2;15,08448;7;15,85934;0,4506241;0,006514788;-0,3942728;-0,2181023;0,6556295
17;torus;0;2;15,09822;7;15,85934;0,4506241;0,006514788;-0,3942728;-0,2181023;0,6556295
17;torus;0;2;15,11217;7;15,85934;1,047988;0,003284216;-0,9046108;-0,5291015;0,653344
17;torus;0;2;15,12601;7;15,85934;0,5274203;-0,02014041;-0,4699081;-0,2386481;0,6530919
17;torus;0;2;15,1401;7;15,85934;0,4851064;-0,03008842;-0,4409447;-0,1999766;0,6534491
17;torus;0;2;15,15425;7;15,85934;0,4851064;-0,03008842;-0,4409447;-0,1999766;0,6534491
17;torus;0;2;15,16802;7;15,85934;0,8207734;-0,07001162;-0,7565007;-0,3106028;0,6549882
17;torus;0;2;15,18211;7;15,85934;0,4327766;-0,05418062;-0,4075497;-0,1351416;0,656567
17;torus;0;2;15,19567;7;15,85934;0,4327766;-0,05418062;-0,4075497;-0,1351416;0,656567
17;torus;0;2;15,20955;7;15,85934;0,9332259;-0,0127852;-0,7897794;-0,4969865;0,6557865
17;torus;0;2;15,22334;7;15,85934;0,4312509;0,03276467;-0,3149584;-0,2927542;0,6539667
17;torus;0;2;15,23735;7;15,85934;0,4312509;0,03276467;-0,3149584;-0,2927542;0,6539667
17;torus;0;2;15,25164;7;15,85934;0,7408657;0,2046764;-0,2654091;-0,6607175;0,6453295
17;torus;0;2;15,26506;7;15,85934;0,3134539;0,05850196;-0,1714751;-0,2557874;0,6428089
17;torus;0;2;15,27915;7;15,85934;0,3134539;0,05850196;-0,1714751;-0,2557874;0,6428089
17;torus;0;2;15,29299;7;15,85934;0,6403226;0,1483321;-0,2843216;-0,5542308;0,6365351
17;torus;0;2;15,30689;7;15,85934;0,4361635;0,1142323;-0,154385;-0,3916055;0,6316878
17;torus;0;2;15,32117;7;15,85934;0,4444348;0,1333535;-0,1053289;-0,4106641;0,6260357
17;torus;0;2;15,3348;7;15,85934;0,4444348;0,1333535;-0,1053289;-0,4106641;0,6260357
17;torus;0;2;15,34904;7;15,85934;0,8495117;0,2575219;-0,1583919;-0,7938921;0,6147934
17;torus;0;2;15,36274;7;15,85934;0,4444495;0,1567602;0,01471341;-0,4156262;0,6078396
17;torus;0;2;15,3766;7;15,85934;0,4444495;0,1567602;0,01471341;-0,4156262;0,6078396
17;torus;0;2;15,39058;7;15,85934;1,035322;0,322324;-0,05883574;-0,9821087;0,5927703
17;torus;0;2;15,40448;7;15,85934;0,5348863;0,1930296;0,1055658;-0,4875436;0,5837429
17;torus;0;2;15,41843;7;15,85934;0,5348863;0,1930296;0,1055658;-0,4875436;0,5837429
17;torus;0;2;15,43244;7;15,85934;1,130852;0,4200399;0,3759325;-0,9803399;0,5637152
17;torus;0;2;15,44686;7;15,85934;0,507363;0,1926541;0,2631098;-0,3886834;0,5544025
17;torus;0;2;15,46033;7;15,85934;0,4152758;0,1506269;0,1884982;-0,3379852;0,5468286
17;torus;0;2;15,47439;7;15,85934;0,4152758;0,1506269;0,1884982;-0,3379852;0,5468286
17;torus;0;2;15,4879;7;15,85934;0,9016904;0,3105462;0,373441;-0,7597029;0,5305032
17;torus;0;2;15,50224;7;15,85934;0,5317199;0,1866937;0,2925485;-0,4028484;0,5207062
17;torus;0;2;15,5159;7;15,85934;0,5317199;0,1866937;0,2925485;-0,4028484;0,5207062
17;torus;0;2;15,5298;7;15,85934;1,177667;0,3640234;0,3151298;-1,074746;0,5005614
17;torus;0;2;15,54423;7;15,85934;0,5985621;0,1989126;0,3394872;-0,4510641;0,4895565
17;torus;0;2;15,55759;7;15,85934;0,5985621;0,1989126;0,3394872;-0,4510641;0,4895565
17;torus;0;2;15,57176;7;15,85934;1,002123;0,3044248;0,47566;-0,827843;0,4713041
17;torus;0;2;15,58553;7;15,85934;0,4920718;0,1505733;0,3254294;-0,3369838;0,4622389
17;torus;0;2;15,5994;7;15,85934;0,4920718;0,1505733;0,3254294;-0,3369838;0,4622389
17;torus;0;2;15,61333;7;15,85934;1,028231;0,3011227;0,8313328;-0,5248517;0,4441306
17;torus;0;2;15,62752;7;15,85934;0,4757609;0,1357555;0,3806487;-0,2510488;0,4357435
17;torus;0;2;15,6416;7;15,85934;0,3614412;0,09694695;0,2934888;-0,1873642;0,429385
17;torus;0;2;15,65525;7;15,85934;0,3614412;0,09694695;0,2934888;-0,1873642;0,429385
17;torus;0;2;15,66917;7;15,85934;0,6221759;0,1574993;0,2679363;-0,5389869;0,418164
17;torus;0;2;15,683;7;15,85934;0,4519338;0,1274467;0,3014773;-0,3116295;0,4099428
17;torus;0;2;15,69753;7;15,85934;0,4519338;0,1274467;0,3014773;-0,3116295;0,4099428
17;torus;0;2;15,71084;7;15,85934;0,881618;0,2375722;0,5570516;-0,6407052;0,3938677
17;torus;0;2;15,72492;7;15,85934;0,4902243;0,1268864;0,2858654;-0,3774926;0,3849509
17;torus;0;2;15,73917;7;15,85934;0,4902243;0,1268864;0,2858654;-0,3774926;0,3849509
17;torus;0;2;15,75264;7;15,85934;1,180502;0,2976954;0,7211283;-0,8859664;0,3635691
17;torus;0;2;15,76629;7;15,85934;0,5242514;0,121212;0,3017515;-0,4112095;0,3540852
17;torus;0;2;15,78032;7;15,85934;0,4316027;0,09021163;0,3416777;-0,2477884;0,3464695
17;torus;0;2;15,79428;7;15,85934;0,4316027;0,09021163;0,3416777;-0,2477884;0,3464695
17;torus;0;2;15,80826;7;15,85934;0,4358222;0,04212856;0,404343;-0,1570761;0,3392852
17;torus;0;2;15,82217;7;15,85934;0,2344548;0,03098845;0,1768142;-0,1508161;0,334976
17;torus;0;2;15,83636;7;15,85934;0,2344548;0,03098845;0,1768142;-0,1508161;0,334976
17;torus;0;2;15,84995;7;15,85934;0,4077611;0,04496574;0,2716362;-0,3007673;0,3273157
17;torus;0;2;15,86387;7;15,85934;0,1865721;0,01630187;0,141862;-0,1200773;0,323851
17;torus;0;2;15,87799;7;15,85934;0,1865721;0,01630187;0,141862;-0,1200773;0,323851
17;torus;0;2;15,89185;7;15,85934;0,2894155;0,002247095;0,2135471;-0,1953304;0,3183161
17;torus;0;2;15,90545;7;15,85934;0,1913892;0,008744001;0,1679316;-0,09139106;0,3149514
17;torus;0;2;15,9196;7;15,85934;0,1913892;0,008744001;0,1679316;-0,09139106;0,3149514
17;torus;0;2;15,93394;7;15,85934;0,4747117;0,02170205;0,4576832;-0,1241222;0,3077494
17;torus;0;2;15,94774;7;15,85934;0,2226484;-0,0004529953;0,2200037;-0,03421232;0,3046713
17;torus;0;2;15,96168;7;15,85934;0,1674197;-0,005698204;0,156498;-0,05920529;0,3019303
17;torus;0;2;15,97556;7;15,85934;0,1674197;-0,005698204;0,156498;-0,05920529;0,3019303
17;torus;0;2;15,98926;7;15,85934;0,5036085;0,000423193;0,4757091;-0,1652941;0,2940021
17;torus;0;2;16,00322;7;15,85934;0,3152503;-0,001329184;0,3143936;-0,02318695;0,2901999
17;torus;0;2;16,01708;7;15,85934;0,3152503;-0,001329184;0,3143936;-0,02318695;0,2901999
17;torus;0;2;16,03166;7;15,85934;0,3248792;-0,05633831;0,3172413;-0,04159883;0,2858596
17;torus;0;2;16,04486;7;15,85934;0,1752501;-0,01806617;0,165543;-0,05460531;0,2831545
17;torus;0;2;16,05885;7;15,85934;0,1752501;-0,01806617;0,165543;-0,05460531;0,2831545
17;torus;0;2;16,07273;7;15,85934;0,4630387;-0,006246567;0,4255906;-0,1823142;0,2758163
17;torus;0;2;16,08709;7;15,85934;0,2866242;0,002455711;0,2737314;-0,08496195;0,2717289
17;torus;0;2;16,10074;7;15,85934;0,2993772;0,009912252;0,2705783;-0,1277335;0,2670632
17;torus;0;2;16,11455;7;15,85934;0,2993772;0,009912252;0,2705783;-0,1277335;0,2670632
17;torus;0;2;16,12853;7;15,85934;0,3395222;-0,03731251;0,2745733;-0,1961954;0,2609929
17;torus;0;2;16,14234;7;15,85934;0,2528738;-0,003880262;0,226362;-0,1126513;0,2569988
17;torus;0;2;16,15643;7;15,85934;0,2528738;-0,003880262;0,226362;-0,1126513;0,2569988
17;torus;0;2;16,17006;7;15,85934;0,716096;0,02704263;0,666824;-0,2596304;0,246931
17;torus;0;2;16,18429;7;15,85934;0,365115;0,008744001;0,3529534;-0,09303987;0,2425039
17;torus;0;2;16,1983;7;15,85934;0,365115;0,008744001;0,3529534;-0,09303987;0,2425039
17;torus;0;2;16,21201;7;15,85934;0,5151513;-0,004577637;0,4233643;-0,2934664;0,234125
17;torus;0;2;16,22584;7;15,85934;0,2429949;-0,002855062;0,1550093;-0,1871109;0,2297058
17;torus;0;2;16,23975;7;15,85934;0,2429949;-0,002855062;0,1550093;-0,1871109;0,2297058
17;torus;0;2;16,25369;7;15,85934;0,262513;-0,05818009;0,1897924;-0,1717761;0,2249448
17;torus;0;2;16,26813;7;15,85934;0,08732931;-0,0240624;0,08084625;-0,02261177;0,2238099
17;torus;0;2;16,28159;7;15,85934;0,09707494;-0,03666878;0,08963197;-0,006712228;0,2228153
17;torus;0;2;16,29569;7;15,85934;0,09707494;-0,03666878;0,08963197;-0,006712228;0,2228153
17;torus;0;2;16,30934;7;15,85934;0,1540105;-0,04250407;0,06847605;-0,131239;0,2197554
17;torus;0;2;16,32329;7;15,85934;0,2585926;-0,02358556;-0,01924485;-0,2567947;0,2152479
17;torus;0;2;16,33746;7;15,85934;0,2585926;-0,02358556;-0,01924485;-0,2567947;0,2152479
17;torus;0;2;16,351;7;15,85934;0,3227896;-0,04289746;0,1740038;-0,268469;0,2090492
17;torus;0;2;16,36543;7;15,85934;0,1073965;-0,02560019;0,03946498;-0,09654611;0,2069148
17;torus;0;2;16,37908;7;15,85934;0,1073965;-0,02560019;0,03946498;-0,09654611;0,2069148
17;torus;0;2;16,39309;7;15,85934;0,1349341;-0,09083152;-0,06369203;-0,07681251;0,2054076
17;torus;0;2;16,40681;7;15,85934;0,09721582;-0,0587523;-0,05580634;-0,05370975;0,2044828
17;torus;0;2;16,42082;7;15,85934;0,1053022;-0,04128814;-0,02277046;-0,09415597;0,2027418
17;torus;0;2;16,43462;7;15,85934;0,1053022;-0,04128814;-0,02277046;-0,09415597;0,2027418
17;torus;0;2;16,44908;7;15,85934;0,2148292;-0,08691549;-0,06970838;-0,1836792;0,1995177
17;torus;0;2;16,46294;7;15,85934;0,08239708;-0,06181002;-0,04502311;-0,03068745;0,1989318
17;torus;0;2;16,47645;7;15,85934;0,08239708;-0,06181002;-0,04502311;-0,03068745;0,1989318
17;torus;0;2;16,49027;7;15,85934;0,2390604;-0,1828432;-0,1524396;-0,02191812;0,1986096
17;torus;0;2;16,50424;7;15,85934;0,1175586;-0,02089143;0,0889197;-0,07400587;0,1964874
17;torus;0;2;16,51838;7;15,85934;0,1175586;-0,02089143;0,0889197;-0,07400587;0,1964874
17;torus;0;2;16,53229;7;15,85934;0,3621012;-0,0341773;0,1608908;-0,3225885;0,1894292
17;torus;0;2;16,54588;7;15,85934;0,1485806;-0,02141595;0,08656159;-0,1188472;0,1865587
17;torus;0;2;16,56027;7;15,85934;0,2149795;-0,03198385;0,01470447;-0,2120778;0,1825955
17;torus;0;2;16,57394;7;15,85934;0,2149795;-0,03198385;0,01470447;-0,2120778;0,1825955
17;torus;0;2;16,58779;7;15,85934;0,2403927;-0,07224083;0,07666573;-0,216084;0,1778113
17;torus;0;2;16,60184;7;15,85934;0,1022367;-0,03293753;-0,01437366;-0,09571239;0,1760822
17;torus;0;2;16,61561;7;15,85934;0,1022367;-0,03293753;-0,01437366;-0,09571239;0,1760822
17;torus;0;2;16,62957;7;15,85934;0,3892338;-0,02867579;0,1940675;-0,3361821;0,1685827
17;torus;0;2;16,64372;7;15,85934;0,1940368;0,001096725;0,1441993;-0,1298293;0,1652205
17;torus;0;2;16,65752;7;15,85934;0,1940368;0,001096725;0,1441993;-0,1298293;0,1652205
17;torus;0;2;16,67136;7;15,85934;0,4685567;0,002658367;0,3964841;-0,2496772;0,1579376
17;torus;0;2;16,68528;7;15,85934;0,0534474;-0,0228107;0,03764108;0,03032237;0,1580238
17;torus;0;2;16,69947;7;15,85934;0,0534474;-0,0228107;0,03764108;0,03032237;0,1580238
17;torus;0;2;16,71351;7;15,85934;0,1006817;-0,04599094;0,08867234;0,0126034;0,1572864
17;torus;0;2;16,72711;7;15,85934;0,1258546;-0,005948544;0,1071125;-0,06580949;0,1553577
17;torus;0;2;16,74108;7;15,85934;0,08063873;-0,01686811;0,07852465;-0,007207692;0,1545824
17;torus;0;2;16,75489;7;15,85934;0,08063873;-0,01686811;0,07852465;-0,007207692;0,1545824
17;torus;0;2;16,76909;7;15,85934;0,09843554;-0,01827478;0,09656325;-0,005578995;0,1537219
17;torus;0;2;16,7828;7;15,85934;0,07668681;-0,008922815;0,07459521;-0,01538843;0,1529127
17;torus;0;2;16,79667;7;15,85934;0,07668681;-0,008922815;0,07459521;-0,01538843;0,1529127
17;torus;0;2;16,81071;7;15,85934;0,09015858;-0,03457665;0,07832721;0,02824664;0,1526833
17;torus;0;2;16,8243;7;15,85934;0,04931412;-0,02877712;0,02137199;0,03386736;0,1529547
17;torus;0;2;16,83886;7;15,85934;0,04931412;-0,02877712;0,02137199;0,03386736;0,1529547
17;torus;0;2;16,85225;7;15,85934;0,09602658;-0,05313754;0,0461638;0,06531775;0,1534815
17;torus;0;2;16,86616;7;15,85934;0,04512369;-0,02462864;0,02605543;0,02739877;0,1536545
17;torus;0;2;16,88009;7;15,85934;0,01360008;-0,0128746;0,004177541;0,001324713;0,1535683
17;torus;0;2;16,89417;7;15,85934;0,01360008;-0,0128746;0,004177541;0,001324713;0,1535683
17;torus;0;2;16,90792;7;15,85934;0,05167717;-0,04816055;0,004248321;-0,01824945;0,1528982
17;torus;0;2;16,92192;7;15,85934;0,1002111;-0,06366372;-0,02351925;0,07372946;0,1539536
17;torus;0;2;16,93603;7;15,85934;0,1002111;-0,06366372;-0,02351925;0,07372946;0,1539536
17;torus;0;2;16,94975;7;15,85934;0,2508994;-0,1385927;-0,008551031;0,2089724;0,1569497
17;torus;0;2;16,96409;7;15,85934;0,08949335;-0,06150007;-0,05985796;0,0253737;0,1574059
17;torus;0;2;16,97773;7;15,85934;0,08949335;-0,06150007;-0,05985796;0,0253737;0,1574059
17;torus;0;2;16,9916;7;15,85934;0,1420094;-0,05286336;0,07151812;-0,1107126;0,1546656
17;torus;0;2;17,00554;7;15,85934;0,1724518;-0,02418756;0,129813;-0,1109198;0,151758
17;torus;0;2;17,01941;7;15,85934;0,1724518;-0,02418756;0,129813;-0,1109198;0,151758
17;torus;0;2;17,03378;7;15,85934;0,2724167;-0,08315444;0,2011523;-0,1638107;0,1471866
17;torus;0;2;17,04726;7;15,85934;0,3973713;-0,03533363;0,2501845;-0,3066972;0,1400636
17;torus;0;2;17,06111;7;15,85934;0,4367676;-0,005561113;0,364875;-0,2400026;0,1339898
17;torus;0;2;17,07524;7;15,85934;0,4367676;-0,005561113;0,364875;-0,2400026;0,1339898
17;torus;0;2;17,08898;7;15,85934;0,6260962;-0,02330542;0,3339194;-0,5291041;0,1228005
17;torus;0;2;17,103;7;15,85934;0,2963252;-0,01245141;0,1659468;-0,2451841;0,1176645
17;torus;0;2;17,11684;7;15,85934;0,2963252;-0,01245141;0,1659468;-0,2451841;0,1176645
17;torus;0;2;17,13113;7;15,85934;0,7823031;0,01187921;0,4604481;-0,6323326;0,1050944
17;torus;0;2;17,14467;7;15,85934;0,3513809;-0,003147125;0,1087353;-0,3341187;0,09882001
17;torus;0;2;17,15902;7;15,85934;0,3513809;-0,003147125;0,1087353;-0,3341187;0,09882001
17;torus;0;2;17,17274;7;15,85934;0,5827261;-0,0148952;0,2353579;-0,5328737;0,08895022
17;torus;0;2;17,18629;7;15,85934;0,1792254;-0,02878904;-0,01460537;-0,1762941;0,08554755
17;torus;0;2;17,20018;7;15,85934;0,2013771;-0,04439354;-0,1565754;-0,1186006;0,08310003
17;torus;0;2;17,21425;7;15,85934;0,2013771;-0,04439354;-0,1565754;-0,1186006;0,08310003
17;torus;0;2;17,22857;7;15,85934;0,2939719;-0,06279945;-0,09625331;-0,2705753;0,07784522
17;torus;0;2;17,24207;7;15,85934;0,1037665;-0,01494884;0,03140792;-0,09776279;0,07595191
17;torus;0;2;17,25602;7;15,85934;0,1037665;-0,01494884;0,03140792;-0,09776279;0,07595191
17;torus;0;2;17,27014;7;15,85934;0,1876423;-0,06446242;0,003775954;-0,1761816;0,072251
17;torus;0;2;17,2839;7;15,85934;0,07366325;-0,0341177;-0,05961061;-0,0266239;0,07153934
17;torus;0;2;17,29778;7;15,85934;0,07366325;-0,0341177;-0,05961061;-0,0266239;0,07153934
17;torus;0;2;17,31192;7;15,85934;0,1659967;-0,02036691;0,07323101;-0,1475714;0,06867751
17;torus;0;2;17,32589;7;15,85934;0,1135551;-0,009548664;0,09671673;-0,05873218;0,06747501
17;torus;0;2;17,33961;7;15,85934;0,1135551;-0,009548664;0,09671673;-0,05873218;0,06747501
17;torus;0;2;17,3535;7;15,85934;0,1802503;-0,03533959;0,0613071;-0,1657791;0,0642391
17;torus;0;2;17,36784;7;15,85934;0,1066718;-0,02265573;0,08438975;-0,06118789;0,06295242
17;torus;0;2;17,38152;7;15,85934;0,07320691;-0,02367496;0,06242394;-0,03003329;0,06221643
17;torus;0;2;17,39546;7;15,85934;0,07320691;-0,02367496;0,06242394;-0,03003329;0,06221643
17;torus;0;2;17,40925;7;15,85934;0,2310064;-0,06560087;0,132414;-0,1775585;0,05865403
17;torus;0;2;17,42309;7;15,85934;0,07748257;-0,03057122;0,02453923;-0,06683394;0,05724301
17;torus;0;2;17,43705;7;15,85934;0,07748257;-0,03057122;0,02453923;-0,06683394;0,05724301
17;torus;0;2;17,4513;7;15,85934;0,3146827;-0,0895083;-0,07255897;-0,2928287;0,05127735
17;torus;0;2;17,46502;7;15,85934;0,1811268;-0,04315972;-0,07377416;-0,159692;0,04809152
17;torus;0;2;17,47881;7;15,85934;0,1811268;-0,04315972;-0,07377416;-0,159692;0,04809152
17;torus;0;2;17,49269;7;15,85934;0,7518513;-0,06079674;-0,03495961;-0,7485732;0,0360659
17;torus;0;2;17,50702;7;15,85934;0,3186823;-0,02192259;-0,07761419;-0,308308;0,03190095
17;torus;0;2;17,52045;7;15,85934;0,3611067;-0,03169419;-0,1619239;-0,3212073;0,02843804
17;torus;0;2;17,53446;7;15,85934;0,3611067;-0,03169419;-0,1619239;-0,3212073;0,02843804
17;torus;0;2;17,5484;7;15,85934;0,7434845;-0,1370472;-0,115247;-0,7215992;0,02337165
17;torus;0;2;17,56246;7;15,85934;0,4691993;-0,03730333;-0,07668486;-0,4613847;0,02550961
17;torus;0;2;17,57635;7;15,85934;0,4691993;-0,03730333;-0,07668486;-0,4613847;0,02550961
17;torus;0;2;17,59031;7;15,85934;0,943798;0,02378991;0,05592027;-0,9418395;0,03720107
17;torus;0;2;17,60435;7;15,85934;0,6309016;-0,06840304;-0,003972173;-0,6271698;0,04727378
17;torus;0;2;17,61802;7;15,85934;0,6309016;-0,06840304;-0,003972173;-0,6271698;0,04727378
17;torus;0;2;17,63187;7;15,85934;0,898907;0,006996393;-0,145912;-0,886958;0,0642096
17;torus;0;2;17,64616;7;15,85934;0,6572927;-0,008712739;-0,01570071;-0,6570474;0,07663166
17;torus;0;2;17,66012;7;15,85934;0,9159829;0,3656264;-0,08637421;-0,835393;0,09479758
17;torus;0;2;17,67387;7;15,85934;0,9159829;0,3656264;-0,08637421;-0,835393;0,09479758
17;torus;0;2;17,68772;7;15,85934;0,9343575;0,05149841;-0,01761019;-0,932771;0,1129642
17;torus;0;2;17,70233;7;15,85934;0,4018576;0,02340078;-0,05153343;-0,3978521;0,1208525
17;torus;0;2;17,7156;7;15,85934;0,4018576;0,02340078;-0,05153343;-0,3978521;0,1208525
17;torus;0;2;17,72973;7;15,85934;0,834307;0,06471276;0,04088208;-0,8307882;0,1371753
17;torus;0;2;17,74354;7;15,85934;0,480303;0,03548265;0,05021319;-0,4763514;0,1465261
17;torus;0;2;17,75727;7;15,85934;0,480303;0,03548265;0,05021319;-0,4763514;0,1465261
17;torus;0;2;17,77146;7;15,85934;0,7425186;0,0692606;0,1931399;-0,7136062;0,1605449
17;torus;0;2;17,78588;7;15,85934;0,3407751;0,02739429;0,06881282;-0,3326289;0,1671212
17;torus;0;2;17,79899;7;15,85934;0,3407751;0,02739429;0,06881282;-0,3326289;0,1671212
17;torus;0;2;17,81297;7;15,85934;0,6065737;0,060606;0,1650169;-0,5805411;0,17868
17;torus;0;2;17,82678;7;15,85934;0,2745377;0,0215292;0,0100255;-0,2735086;0,1841306
17;torus;0;2;17,84072;7;15,85934;0,1991036;0,02443194;0,05243421;-0,1905151;0,1879595
17;torus;0;2;17,8546;7;15,85934;0,1991036;0,02443194;0,05243421;-0,1905151;0,1879595
17;torus;0;2;17,86881;7;15,85934;0,134015;0,03797412;0,04749671;-0,1194239;0,1904484
17;torus;0;2;17,8829;7;15,85934;0,1535494;0,01897812;0,03273189;-0,1488149;0,1934459
17;torus;0;2;17,8965;7;15,85934;0,1535494;0,01897812;0,03273189;-0,1488149;0,1934459
17;torus;0;2;17,91052;7;15,85934;0,2102057;0,03792644;0,1111001;-0,1743697;0,1970395
17;torus;0;2;17,92448;7;15,85934;0,163681;0,02149343;0,05343482;-0,153213;0,2001506
17;torus;0;2;17,93816;7;15,85934;0,163681;0,02149343;0,05343482;-0,153213;0,2001506
17;torus;0;2;17,95223;7;15,85934;0,3099558;0,03082156;-0,02954528;-0,3070012;0,2062847
17;torus;0;2;17,96651;7;15,85934;0,2194815;0,01114607;-0,1051389;-0,1923375;0,2100781
17;torus;0;2;17,9805;7;15,85934;0,1842128;0,01171827;-0,04554614;-0,1781084;0,2136179
17;torus;0;2;17,99388;7;15,85934;0,1842128;0,01171827;-0,04554614;-0,1781084;0,2136179
17;torus;0;2;18,00791;7;15,85934;0,5564736;0,02531409;-0,08580163;-0,5492359;0,2245186
17;torus;0;2;18,02171;7;15,85934;0,3027386;0,006479025;-0,03598779;-0,3005221;0,2304656
17;torus;0;2;18,03571;7;15,85934;0,3027386;0,006479025;-0,03598779;-0,3005221;0,2304656
17;torus;0;2;18,04969;7;15,85934;0,6221154;0,0004768372;-0,05890951;-0,6193199;0,2426927
17;torus;0;2;18,06357;7;15,85934;0,3368378;-0,0003755093;0,02105162;-0,3361791;0,2493246
17;torus;0;2;18,07803;7;15,85934;0,3368378;-0,0003755093;0,02105162;-0,3361791;0,2493246
17;torus;0;2;18,09135;7;15,85934;0,8606549;-0,0225246;0,05090162;-0,858853;0,2662286
17;torus;0;2;18,10528;7;15,85934;0,3938171;-0,01517534;0,02510399;-0,3927231;0,2739573
17;torus;0;2;18,11921;7;15,85934;0,3938171;-0,01517534;0,02510399;-0,3927231;0,2739573
17;torus;0;2;18,1333;7;15,85934;0,7036245;-0,03798008;0,07815287;-0,6982386;0,2876903
17;torus;0;2;18,14719;7;15,85934;0,235665;-0,02655387;-0,05856976;-0,2267212;0,2921176
17;torus;0;2;18,16094;7;15,85934;0,207336;-0,03164411;-0,1136884;-0,1704752;0,2954329
17;torus;0;2;18,17522;7;15,85934;0,207336;-0,03164411;-0,1136884;-0,1704752;0,2954329
17;torus;0;2;18,18878;7;15,85934;0,577066;-0,07030368;-0,109271;-0,5622476;0,3064573
17;torus;0;2;18,20281;7;15,85934;0,2977201;-0,0354588;-0,01977682;-0,2949387;0,3122448
17;torus;0;2;18,21673;7;15,85934;0,2977201;-0,0354588;-0,01977682;-0,2949387;0,3122448
17;torus;0;2;18,23091;7;15,85934;0,6033415;-0,06169081;0,1016825;-0,5915031;0,3238488
17;torus;0;2;18,24485;7;15,85934;0,2138304;-0,03204346;-0,01431778;-0,2109304;0,3279842
17;torus;0;2;18,25852;7;15,85934;0,2138304;-0,03204346;-0,01431778;-0,2109304;0,3279842
17;torus;0;2;18,27283;7;15,85934;0,4902138;-0,06717443;-0,01949072;-0,4851982;0,3375188
17;torus;0;2;18,28635;7;15,85934;0,2977942;-0,03643036;-0,006520003;-0,2954856;0,3433396
17;torus;0;2;18,30022;7;15,85934;0,2398724;-0,03423691;-0,03525615;-0,2347842;0,3479664
17;torus;0;2;18,3142;7;15,85934;0,2398724;-0,03423691;-0,03525615;-0,2347842;0,3479664
17;torus;0;2;18,32812;7;15,85934;0,4434394;-0,06183386;-0,006937236;-0,4390523;0,3566163
17;torus;0;2;18,34221;7;15,85934;0,1210575;-0,0197947;0,001876801;-0,1194134;0,358965
17;torus;0;2;18,35594;7;15,85934;0,1210575;-0,0197947;0,001876801;-0,1194134;0,358965
17;torus;0;2;18,37061;7;15,85934;0,3657307;-0,03790259;0,1219131;-0,3427237;0,3657166
17;torus;0;2;18,38384;7;15,85934;0,1569093;-0,01952052;0,02566129;-0,1535609;0,3687475
17;torus;0;2;18,39766;7;15,85934;0,1569093;-0,01952052;0,02566129;-0,1535609;0,3687475
17;torus;0;2;18,41162;7;15,85934;0,205305;-0,02721548;-0,00660494;-0,2033859;0,3727661
17;torus;0;2;18,42558;7;15,85934;0,1359094;-0,009560585;0,03814399;-0,1300961;0,3753448
17;torus;0;2;18,43939;7;15,85934;0,1359094;-0,009560585;0,03814399;-0,1300961;0,3753448
17;torus;0;2;18,45335;7;15,85934;0,3426268;-0,02431273;0,0431262;-0,3390312;0,3820741
17;torus;0;2;18,46728;7;15,85934;0,1772374;-0,01240373;0,0004388392;-0,1768023;0,3855857
17;torus;0;2;18,48169;7;15,85934;0,2239791;-0,01521707;-0,007676333;-0,2233297;0,3900231
17;torus;0;2;18,4955;7;15,85934;0,2239791;-0,01521707;-0,007676333;-0,2233297;0,3900231
17;torus;0;2;18,50904;7;15,85934;0,3660145;-0,02561212;-0,0549227;-0,3609627;0,3971984
17;torus;0;2;18,52301;7;15,85934;0,2735942;-0,02021194;-0,01028851;-0,2726525;0,4026174
17;torus;0;2;18,53686;7;15,85934;0,2735942;-0,02021194;-0,01028851;-0,2726525;0,4026174
17;torus;0;2;18,55065;7;15,85934;0,4955758;-0,02844334;0,06346554;-0,4906714;0,4123765
17;torus;0;2;18,56455;7;15,85934;0,3137461;-0,02661347;-0,02196655;-0,3118426;0,4185742
17;torus;0;2;18,57854;7;15,85934;0,3137461;-0,02661347;-0,02196655;-0,3118426;0,4185742
17;torus;0;2;18,5926;7;15,85934;0,7426584;-0,04225373;0,197351;-0,7147089;0,4328115
17;torus;0;2;18,60643;7;15,85934;0,3391635;-0,02062321;0,07251799;-0,3306776;0,4394075
17;torus;0;2;18,62034;7;15,85934;0,3297552;-0,02663732;-0,01535416;-0,3283188;0,4459367
17;torus;0;2;18,6344;7;15,85934;0,3297552;-0,02663732;-0,01535416;-0,3283188;0,4459367
17;torus;0;2;18,64822;7;15,85934;0,7381523;-0,05678535;-0,02831295;-0,73542;0,4605722
17;torus;0;2;18,66231;7;15,85934;0,4190834;-0,03243685;0,02583265;-0,4170269;0,4688812
17;torus;0;2;18,67614;7;15,85934;0,4190834;-0,03243685;0,02583265;-0,4170269;0,4688812
17;torus;0;2;18,69021;7;15,85934;0,6259246;-0,1059887;0,04177251;-0,6154698;0,4809263
17;torus;0;2;18,70453;7;15,85934;0,2689207;-0,009396993;0,0393205;-0,2658645;0,4862982
17;torus;0;2;18,71773;7;15,85934;0,2689207;-0,009396993;0,0393205;-0,2658645;0,4862982
17;torus;0;2;18,73179;7;15,85934;0,6384296;-0,145913;-0,2077533;-0,5857818;0,4978856
17;torus;0;2;18,74594;7;15,85934;0,260941;-0,056418;-0,1189784;-0,2252806;0,5021196
17;torus;0;2;18,75974;7;15,85934;0,260941;-0,056418;-0,1189784;-0,2252806;0,5021196
17;torus;0;2;18,77347;7;15,85934;0,5162724;-0,05238785;-0,01054236;-0,5134993;0,5125836
17;torus;0;2;18,78782;7;15,85934;0,2102646;-0,02405085;0,01618386;-0,2082567;0,5171478
17;torus;0;2;18,80159;7;15,85934;0,2441809;-0,01684482;0,03513087;-0,2410526;0,5219883
17;torus;0;2;18,81536;7;15,85934;0,2441809;-0,01684482;0,03513087;-0,2410526;0,5219883
17;torus;0;2;18,82913;7;15,85934;0,3840543;-0,04201613;-0,06288306;-0,3765343;0,5294923
17;torus;0;2;18,84329;7;15,85934;0,6248872;0,2127623;-0,06108579;-0,5843669;0,5412719
17;torus;0;2;18,85726;7;15,85934;0,6248872;0,2127623;-0,06108579;-0,5843669;0,5412719
17;torus;0;2;18,87091;7;15,85934;0,6899086;-0,07252097;0,1501195;-0,6694615;0,5546201
17;torus;0;2;18,88488;7;15,85934;0,3300401;-0,04540086;-0,01998991;-0,3262907;0,5611247
17;torus;0;2;18,89908;7;15,85934;0,3300401;-0,04540086;-0,01998991;-0,3262907;0,5611247
17;torus;0;2;18,91274;7;15,85934;0,5620052;-0,077492;-0,06609559;-0,552699;0,5721481
17;torus;0;2;18,92706;7;15,85934;0,3315045;-0,04532337;0,02161339;-0,3276795;0,5786858
17;torus;0;2;18,94073;7;15,85934;0,344324;-0,05028844;0,005538762;-0,3405869;0,5854823
17;torus;0;2;18,95452;7;15,85934;0,344324;-0,05028844;0,005538762;-0,3405869;0,5854823
17;torus;0;2;18,96868;7;15,85934;0,938221;-0,1383662;0,1549825;-0,9149283;0,6037564
17;torus;0;2;18,98269;7;15,85934;0,5823929;-0,09514093;0,08087456;-0,5688488;0,6151298
17;torus;0;2;18,9967;7;15,85934;0,5823929;-0,09514093;0,08087456;-0,5688488;0,6151298
17;torus;0;2;19,01019;7;15,85934;1,441626;-0,2548873;0,1836672;-1,406977;0,6432994
17;torus;0;2;19,02407;7;15,85934;0,8876708;-0,1626909;0,147716;-0,8600414;0,6605594
17;torus;0;2;19,03809;7;15,85934;0,8876708;-0,1626909;0,147716;-0,8600414;0,6605594
17;torus;0;2;19,05196;7;15,85934;1,750931;-0,3649116;0,008991361;-1,712459;0,6948984
