ParticipantNumber;Task;SdfState;Repetition;TimeStamp;NumHits;TimeToCompleteTask;InstanteneousVelocityMag;InstanteneousVelocityX;InstanteneousVelocityY;InstanteneousVelocityZ;ClosestDistance
13;torus;1;4;4,081769;12;16,33167;0,3054272;0,1024067;0,13614;-0,2535045;0,235612
13;torus;1;4;4,095878;12;16,33167;0,3054272;0,1024067;0,13614;-0,2535045;0,2484259
13;torus;1;4;4,109854;12;16,33167;0,5412277;0,1833677;0,124345;-0,4938036;0,2410266
13;torus;1;4;4,123817;12;16,33167;0,1048572;0,02480149;-0,01161546;-0,1012176;0,2437755
13;torus;1;4;4,137688;12;16,33167;0,1048572;0,02480149;-0,01161546;-0,1012176;0,2437755
13;torus;1;4;4,152294;12;16,33167;0,6232861;0,2111673;0,1203798;-0,5739361;0,2351211
13;torus;1;4;4,165431;12;16,33167;0,08668058;0,02468824;0,01369864;-0,08195341;0,2141242
13;torus;1;4;4,179535;12;16,33167;0,08668058;0,02468824;0,01369864;-0,08195341;0,2141242
13;torus;1;4;4,19335;12;16,33167;0,08463748;-0,04410468;0,03935993;0,0605729;0,2152478
13;torus;1;4;4,207413;12;16,33167;0,1165712;-0,04061515;0,09724037;0,04983531;0,216613
13;torus;1;4;4,221506;12;16,33167;0,2813767;-0,06924427;0,2491921;0,1108213;0,2367762
13;torus;1;4;4,235548;12;16,33167;0,2813767;-0,06924427;0,2491921;0,1108213;0,2367762
13;torus;1;4;4,249402;12;16,33167;0,3825752;-0,04888847;0,3737258;0,06559491;0,2360936
13;torus;1;4;4,263108;12;16,33167;0,1887738;0,05842447;0,1088873;-0,1427084;0,2378417
13;torus;1;4;4,277211;12;16,33167;0,1887738;0,05842447;0,1088873;-0,1427084;0,2378417
13;torus;1;4;4,291011;12;16,33167;0,7101832;0,2503455;0,2325796;-0,6225705;0,228424
13;torus;1;4;4,304894;12;16,33167;0,5126644;0,1862288;0,08462816;-0,4700869;0,2090919
13;torus;1;4;4,318809;12;16,33167;0,5126644;0,1862288;0,08462816;-0,4700869;0,2151156
13;torus;1;4;4,332787;12;16,33167;0,6103682;0,2122795;0,09098434;-0,5649855;0,2070215
13;torus;1;4;4,346508;12;16,33167;0,0638935;-0,01087691;-0,05409875;-0,03220866;0,2081298
13;torus;1;4;4,360462;12;16,33167;0,04138606;-0,0251949;-0,01901498;0,02676666;0,2082203
13;torus;1;4;4,375123;12;16,33167;0,04138606;-0,0251949;-0,01901498;0,02676666;0,2082203
13;torus;1;4;4,388696;12;16,33167;0,289766;0,03844176;0,2451493;-0,1496276;0,2081996
13;torus;1;4;4,402483;12;16,33167;0,3341203;0,09080456;0,1843564;-0,2634457;0,1990317
13;torus;1;4;4,416198;12;16,33167;0,3341203;0,09080456;0,1843564;-0,2634457;0,2019274
13;torus;1;4;4,43017;12;16,33167;0,6896021;0,2209774;0,1890141;-0,6252949;0,1930928
13;torus;1;4;4,444275;12;16,33167;0,4079497;0,1277932;-0,007108522;-0,3873516;0,186287
13;torus;1;4;4,458177;12;16,33167;0,4079497;0,1277932;-0,007108522;-0,3873516;0,198201
13;torus;1;4;4,471929;12;16,33167;0,452299;0,1311045;-0,04404793;-0,4306342;0,1902612
13;torus;1;4;4,485911;12;16,33167;0,4621298;0,1495026;0,0558453;-0,4336983;0,183168
13;torus;1;4;4,499835;12;16,33167;0,4621298;0,1495026;0,0558453;-0,4336983;0,182758
13;torus;1;4;4,513946;12;16,33167;0,6331078;0,206138;0,1390814;-0,5822276;0,1765582
13;torus;1;4;4,527735;12;16,33167;0,5175409;0,1652423;0,08389275;-0,4832241;0,1675649
13;torus;1;4;4,541686;12;16,33167;0,4030704;0,1243575;0,02844942;-0,3823501;0,1619611
13;torus;1;4;4,555633;12;16,33167;0,4030704;0,1243575;0,02844942;-0,3823501;0,1658942
13;torus;1;4;4,569979;12;16,33167;0,5089879;0,152126;0,134526;-0,4667216;0,1607888
13;torus;1;4;4,583486;12;16,33167;0,4067709;0,1153104;0,1353299;-0,3658577;0,1397555
13;torus;1;4;4,597371;12;16,33167;0,4067709;0,1153104;0,1353299;-0,3658577;0,1456251
13;torus;1;4;4,611349;12;16,33167;0,2344786;0,05390516;0,09500963;-0,2074791;0,1413734
13;torus;1;4;4,625456;12;16,33167;0,246387;0,06011685;0,07788038;-0,2258919;0,1424049
13;torus;1;4;4,63946;12;16,33167;0,246387;0,06011685;0,07788038;-0,2258919;0,1370798
13;torus;1;4;4,653565;12;16,33167;0,3813889;0,104944;0,01349678;-0,3664179;0,1315805
13;torus;1;4;4,667288;12;16,33167;0,4396546;0,1214714;-0,03624796;-0,4209833;0,1317304
13;torus;1;4;4,681339;12;16,33167;0,444408;0,1183054;-0,09066055;-0,4186681;0,1283014
13;torus;1;4;4,695168;12;16,33167;0,444408;0,1183054;-0,09066055;-0,4186681;0,1228667
13;torus;1;4;4,709291;12;16,33167;0,4026041;0,1091772;-0,05618766;-0,3834232;0,1168091
13;torus;1;4;4,722927;12;16,33167;0,3976573;0,1080684;-0,03601492;-0,3809928;0,1163313
13;torus;1;4;4,736767;12;16,33167;0,3976573;0,1080684;-0,03601492;-0,3809928;0,1105492
13;torus;1;4;4,750713;12;16,33167;0,2334365;0,06011163;-0,03288684;-0,2231538;0,1069713
13;torus;1;4;4,764431;12;16,33167;0,2488737;0,06292696;-0,03944152;-0,2375346;0,1087027
13;torus;1;4;4,778311;12;16,33167;0,2488737;0,06292696;-0,03944152;-0,2375346;0,1087027
13;torus;1;4;4,792157;12;16,33167;0,3355632;0,08367844;-0,04691643;-0,3215578;0,10353
13;torus;1;4;4,806164;12;16,33167;0,340313;0,08460149;-0,03738531;-0,3275025;0,1103197
13;torus;1;4;4,82005;12;16,33167;0,4178008;0,1024143;-0,04366122;-0,402694;0,1100297
13;torus;1;4;4,83406;12;16,33167;0,4178008;0,1024143;-0,04366122;-0,402694;0,1150977
13;torus;1;4;4,848268;12;16,33167;0,6704325;0,01900968;0,0385746;-0,6690518;0,1083614
13;torus;1;4;4,861843;12;16,33167;0,5191662;-0,02612051;0,0776576;-0,5126603;0,112427
13;torus;1;4;4,875847;12;16,33167;0,5191662;-0,02612051;0,0776576;-0,5126603;0,1122859
13;torus;1;4;4,889989;12;16,33167;0,5726793;-0,02387142;0,04434241;-0,5704608;0,1098126
13;torus;1;4;4,903811;12;16,33167;0,5245398;-0,01834005;0,01968789;-0,5238492;0,1083379
13;torus;1;4;4,917684;12;16,33167;0,5245398;-0,01834005;0,01968789;-0,5238492;0,1172727
13;torus;1;4;4,931524;12;16,33167;0,6419877;0,05615842;-0,0745839;-0,6351627;0,1226687
13;torus;1;4;4,945542;12;16,33167;0,594681;0,0610587;-0,0626619;-0,5882098;0,12183
13;torus;1;4;4,959652;12;16,33167;0,594681;0,0610587;-0,0626619;-0,5882098;0,1046868
13;torus;1;4;4,97335;12;16,33167;0,1867063;-0,07594695;0,02491503;-0,1687321;0,1074261
13;torus;1;4;4,987424;12;16,33167;0,1761479;-0,02338634;0,03550965;-0,1709393;0,1089037
13;torus;1;4;5,001139;12;16,33167;0,2029357;-0,002242148;0,01150209;-0,2025971;0,1108459
13;torus;1;4;5,015277;12;16,33167;0,2029357;-0,002242148;0,01150209;-0,2025971;0,1108459
13;torus;1;4;5,029088;12;16,33167;0,253042;0,008431822;-0,008939441;-0,2527434;0,1135405
13;torus;1;4;5,043097;12;16,33167;0,2550725;0,004226133;-0,01512719;-0,2545885;0,111109
13;torus;1;4;5,057169;12;16,33167;0,2550725;0,004226133;-0,01512719;-0,2545885;0,1099098
13;torus;1;4;5,071038;12;16,33167;0,429089;0,001137465;-0,05391159;-0,4256872;0,114117
13;torus;1;4;5,084774;12;16,33167;0,5702597;0,04357289;-0,02256692;-0,5681446;0,1209048
13;torus;1;4;5,098843;12;16,33167;0,5702597;0,04357289;-0,02256692;-0,5681446;0,1090561
13;torus;1;4;5,112748;12;16,33167;0,4499487;0,04537547;-0,0302702;-0,4466303;0,1135654
13;torus;1;4;5,126846;12;16,33167;0,5141047;0,1586296;-0,03869441;-0,4874865;0,1110452
13;torus;1;4;5,140553;12;16,33167;0,9537174;0,2833931;-0,06493089;-0,9083222;0,1307824
13;torus;1;4;5,154657;12;16,33167;0,9537174;0,2833931;-0,06493089;-0,9083222;0,1313922
13;torus;1;4;5,168382;12;16,33167;2,832348;0,7795863;-0,1801864;-2,716979;0,1590881
13;torus;1;4;5,182195;12;16,33167;2,174089;0,5767213;-0,1135188;-2,093124;0,1934136
13;torus;1;4;5,196219;12;16,33167;2,174089;0,5767213;-0,1135188;-2,093124;0,2129091
13;torus;1;4;5,210269;12;16,33167;4,897145;1,21915;0,04816943;-4,742719;0,3010932
13;torus;1;4;5,224071;12;16,33167;1,374153;0,2997961;0,169701;-1,330271;0,138322
13;torus;1;4;5,238108;12;16,33167;1,374153;0,2997961;0,169701;-1,330271;0,1422996
13;torus;1;4;5,252395;12;16,33167;0,4568197;0,0559537;0,04399994;-0,4512399;0,1341385
13;torus;1;4;5,26599;12;16,33167;0,4616369;0,04902181;0,03953837;-0,4573207;0,1261085
13;torus;1;4;5,280644;12;16,33167;0,3896641;0,03631257;0,01736263;-0,3875798;0,1196491
13;torus;1;4;5,293664;12;16,33167;0,3896641;0,03631257;0,01736263;-0,3875798;0,1164766
13;torus;1;4;5,307634;12;16,33167;0,2597017;0,02368871;0,06149034;-0,2512026;0,1117342
13;torus;1;4;5,321483;12;16,33167;0,2498506;0,02292004;0,1086702;-0,2238097;0,1069172
13;torus;1;4;5,335416;12;16,33167;0,2498506;0,02292004;0,1086702;-0,2238097;0,1129015
13;torus;1;4;5,349405;12;16,33167;0,128563;0,01067805;0,08619207;-0,09479104;0,1103835
13;torus;1;4;5,363477;12;16,33167;0,1348247;0,01065599;0,09887683;-0,09103585;0,1077646
13;torus;1;4;5,377333;12;16,33167;0,1348247;0,01065599;0,09887683;-0,09103585;0,1077646
13;torus;1;4;5,391243;12;16,33167;0,1365522;0,00894085;0,1182569;-0,06768956;0,1052615
13;torus;1;4;5,405041;12;16,33167;0,1250711;0,0007503638;0,1228185;-0,02361855;0,1033565
13;torus;1;4;5,419272;12;16,33167;0,1250711;0,0007503638;0,1228185;-0,02361855;0,109667
13;torus;1;4;5,433029;12;16,33167;0,2154693;0,009107342;0,2151923;0,006029067;0,1068833
13;torus;1;4;5,446852;12;16,33167;0,2660794;0,00891946;0,2658385;0,006968698;0,1036381
13;torus;1;4;5,460849;12;16,33167;0,2938241;0,007050103;0,2918786;0,03301196;0,111963
13;torus;1;4;5,474661;12;16,33167;0,2938241;0,007050103;0,2918786;0,03301196;0,1066323
13;torus;1;4;5,488581;12;16,33167;0,3569602;-0,00247368;0,3373868;0,1165529;0,1118312
13;torus;1;4;5,502577;12;16,33167;0,3768134;-0,007112177;0,3454998;0,1502254;0,1178389
13;torus;1;4;5,517388;12;16,33167;0,3768134;-0,007112177;0,3454998;0,1502254;0,1162724
13;torus;1;4;5,530361;12;16,33167;0,5641896;-0,02069083;0,4934961;0,2726598;0,1159245
13;torus;1;4;5,544343;12;16,33167;0,5667899;-0,02596109;0,4843561;0,2932166;0,1261891
13;torus;1;4;5,558468;12;16,33167;0,5667899;-0,02596109;0,4843561;0,2932166;0,1212193
13;torus;1;4;5,572262;12;16,33167;1,298754;-0,07599931;1,072627;0,7283252;0,1438386
13;torus;1;4;5,586069;12;16,33167;1,108083;-0,06701246;0,9218765;0,6111469;0,1529636
13;torus;1;4;5,600121;12;16,33167;1,288526;-0,08558916;1,065539;0,7194447;0,1626435
13;torus;1;4;5,613914;12;16,33167;1,288526;-0,08558916;1,065539;0,7194447;0,1540966
13;torus;1;4;5,627755;12;16,33167;2,190716;-0,195168;1,724981;1,336258;0,1929632
13;torus;1;4;5,641948;12;16,33167;1,404355;-0,1489907;1,054605;0,9153273;0,2031884
13;torus;1;4;5,6557;12;16,33167;1,404355;-0,1489907;1,054605;0,9153273;0,2083892
13;torus;1;4;5,670125;12;16,33167;1,946496;-0,21841;1,551175;1,155422;0,242194
13;torus;1;4;5,683841;12;16,33167;0,496824;-0,01454146;0,4963091;0,01731795;0,221577
13;torus;1;4;5,697364;12;16,33167;0,496824;-0,01454146;0,4963091;0,01731795;0,221577
13;torus;1;4;5,711439;12;16,33167;0,6926092;-0,01652635;0,6903418;-0,05350264;0,2275033
13;torus;1;4;5,7253;12;16,33167;0,3039081;-0,01268172;0,3036362;0,002093852;0,2314437
13;torus;1;4;5,738982;12;16,33167;0,3039081;-0,01268172;0,3036362;0,002093852;0,2314437
13;torus;1;4;5,753039;12;16,33167;0,8504515;-0,0003697024;0,825802;-0,20327;0,2421745
13;torus;1;4;5,767132;12;16,33167;0,6048291;0,02525338;0,5266654;-0,2963174;0,247688
13;torus;1;4;5,780994;12;16,33167;0,687798;0,02899803;0,5857307;-0,3593671;0,2594512
13;torus;1;4;5,794788;12;16,33167;0,687798;0,02899803;0,5857307;-0,3593671;0,2312469
13;torus;1;4;5,808768;12;16,33167;1,167463;0,02415814;1,006073;-0,5917802;0,233738
13;torus;1;4;5,822703;12;16,33167;0,307833;-0,02091527;0,2950624;-0,08521676;0,2317292
13;torus;1;4;5,836586;12;16,33167;0,307833;-0,02091527;0,2950624;-0,08521676;0,2317292
13;torus;1;4;5,850957;12;16,33167;0,296369;0,004893541;0,1172349;-0,2721518;0,2288427
13;torus;1;4;5,864719;12;16,33167;0,2462846;0,01527667;0,09166896;-0,2280779;0,2264998
13;torus;1;4;5,878356;12;16,33167;0,2462846;0,01527667;0,09166896;-0,2280779;0,2264998
13;torus;1;4;5,892677;12;16,33167;0,9723197;0,08096099;0,4027426;-0,881277;0,2190114
13;torus;1;4;5,906149;12;16,33167;0,4703241;0,05504489;0,003133714;-0,4670814;0,2129108
13;torus;1;4;5,920189;12;16,33167;0,4430622;0,05259432;-0,03577773;-0,4384722;0,2068883
13;torus;1;4;5,934062;12;16,33167;0,4430622;0,05259432;-0,03577773;-0,4384722;0,2068883
13;torus;1;4;5,948216;12;16,33167;0,8109629;0,08877822;-0,1269214;-0,7960341;0,195582
13;torus;1;4;5,961818;12;16,33167;0,5260472;0,04782214;0,006114043;-0,5238333;0,189755
13;torus;1;4;5,975908;12;16,33167;0,5260472;0,04782214;0,006114043;-0,5238333;0,189755
13;torus;1;4;5,989832;12;16,33167;0,8255571;0,06347954;-0,1231807;-0,8138436;0,1794443
13;torus;1;4;6,003603;12;16,33167;0,7397382;0,06359432;-0,1394642;-0,7236837;0,1706885
13;torus;1;4;6,017994;12;16,33167;0,7397382;0,06359432;-0,1394642;-0,7236837;0,1681098
13;torus;1;4;6,031595;12;16,33167;0,8841203;0,0650446;0,02086284;-0,8814776;0,1603818
13;torus;1;4;6,045325;12;16,33167;0,7232834;0,04158788;0,1016811;-0,7148917;0,1520549
13;torus;1;4;6,059332;12;16,33167;0,7232834;0,04158788;0,1016811;-0,7148917;0,1520549
13;torus;1;4;6,073297;12;16,33167;0,4906033;0,01177521;0,1248395;-0,474308;0,1509564
13;torus;1;4;6,087777;12;16,33167;0,4436467;0,01701614;0,01661557;-0,4430088;0,1488297
13;torus;1;4;6,10198;12;16,33167;0,4557468;0,01913121;0,01978295;-0,4549151;0,1495748
13;torus;1;4;6,115086;12;16,33167;0,4557468;0,01913121;0,01978295;-0,4549151;0,1525367
13;torus;1;4;6,129197;12;16,33167;0,6533977;0,02243908;0,1075729;-0,6440909;0,1508916
13;torus;1;4;6,143485;12;16,33167;0,6152349;0,02177341;0,07454211;-0,6103142;0,1498891
13;torus;1;4;6,157201;12;16,33167;0,6152349;0,02177341;0,07454211;-0,6103142;0,1498891
13;torus;1;4;6,170653;12;16,33167;0,86123;0,01945491;0,1776749;-0,8424786;0,1514041
13;torus;1;4;6,184638;12;16,33167;0,6647179;0,01893094;0,09144915;-0,658125;0,1537107
13;torus;1;4;6,198605;12;16,33167;0,6647179;0,01893094;0,09144915;-0,658125;0,1537107
13;torus;1;4;6,212826;12;16,33167;0,7221568;0,02608795;-0,02855742;-0,7211202;0,1527293
13;torus;1;4;6,226552;12;16,33167;0,5876842;0,02053221;-0,03439481;-0,5863174;0,1527299
13;torus;1;4;6,240373;12;16,33167;0,5642013;0,02222947;-0,08488167;-0,5573366;0,1526704
13;torus;1;4;6,254303;12;16,33167;0,5642013;0,02222947;-0,08488167;-0,5573366;0,1526704
13;torus;1;4;6,268438;12;16,33167;0,9781507;0,05329425;-0,4604332;-0,8613593;0,1487941
13;torus;1;4;6,282325;12;16,33167;0,7947065;0,04139389;-0,4233324;-0,6712933;0,1437499
13;torus;1;4;6,296494;12;16,33167;0,7947065;0,04139389;-0,4233324;-0,6712933;0,1496437
13;torus;1;4;6,309884;12;16,33167;0,8972715;0,03901079;-0,4923114;-0,7491353;0,1498703
13;torus;1;4;6,32392;12;16,33167;0,695579;0,02638105;-0,3682816;-0,5894937;0,1518076
13;torus;1;4;6,338239;12;16,33167;0,695579;0,02638105;-0,3682816;-0,5894937;0,1454096
13;torus;1;4;6,351647;12;16,33167;0,5793787;0,01762015;-0,3293051;-0,4763689;0,1468763
13;torus;1;4;6,365701;12;16,33167;0,518517;0,01631797;-0,3585322;-0,3742301;0,1402576
13;torus;1;4;6,37952;12;16,33167;0,518517;0,01631797;-0,3585322;-0,3742301;0,1402576
13;torus;1;4;6,393561;12;16,33167;0,6283;0,02013967;-0,5198618;-0,3522768;0,138673
13;torus;1;4;6,407546;12;16,33167;0,6189628;0,01866376;-0,5228413;-0,330762;0,1415454
13;torus;1;4;6,421607;12;16,33167;0,559951;0,01512397;-0,477987;-0,2912815;0,1408509
13;torus;1;4;6,435498;12;16,33167;0,559951;0,01512397;-0,477987;-0,2912815;0,1386257
13;torus;1;4;6,449255;12;16,33167;0,6482731;0,01207153;-0,544203;-0,3520728;0,1379733
13;torus;1;4;6,463235;12;16,33167;0,645725;0,009038108;-0,5400898;-0,3538108;0,1385943
13;torus;1;4;6,477127;12;16,33167;0,645725;0,009038108;-0,5400898;-0,3538108;0,1434724
13;torus;1;4;6,491021;12;16,33167;0,9953554;0,006514786;-0,8479749;-0,5211799;0,1449133
13;torus;1;4;6,505421;12;16,33167;0,8824231;0,00173249;-0,751027;-0,4632775;0,1449799
13;torus;1;4;6,519083;12;16,33167;0,8824231;0,00173249;-0,751027;-0,4632775;0,1443538
13;torus;1;4;6,532964;12;16,33167;1,242338;-0,01056408;-0,9556741;-0,7937127;0,1524142
13;torus;1;4;6,546849;12;16,33167;0,9143361;-0,01365521;-0,6375304;-0,6552703;0,1643351
13;torus;1;4;6,560883;12;16,33167;0,9093021;-0,02046155;-0,6158602;-0,6686761;0,1793162
13;torus;1;4;6,574778;12;16,33167;0,9093021;-0,02046155;-0,6158602;-0,6686761;0,1889684
13;torus;1;4;6,58883;12;16,33167;1,338258;-0,03246804;-1,192731;-0,6060312;0,1964471
13;torus;1;4;6,602728;12;16,33167;0,650833;-0,01519573;-0,6362509;-0,136152;0,1985685
13;torus;1;4;6,61645;12;16,33167;0,650833;-0,01519573;-0,6362509;-0,136152;0,1985685
13;torus;1;4;6,630466;12;16,33167;0,9207792;-0,02135816;-0,9153694;0,09735062;0,2010459
13;torus;1;4;6,644107;12;16,33167;0,7384838;-0,03028037;-0,7345189;-0,07016714;0,2045836
13;torus;1;4;6,658302;12;16,33167;0,7384838;-0,03028037;-0,7345189;-0,07016714;0,2045836
13;torus;1;4;6,672408;12;16,33167;1,323622;-0,08199851;-1,220309;-0,5060629;0,2229751
13;torus;1;4;6,686245;12;16,33167;0,9228488;-0,06535774;-0,8036274;-0,4489558;0,2309011
13;torus;1;4;6,700169;12;16,33167;0,9629784;-0,07747932;-0,8255323;-0,489715;0,2107985
13;torus;1;4;6,713841;12;16,33167;0,9629784;-0,07747932;-0,8255323;-0,489715;0,2080098
13;torus;1;4;6,727884;12;16,33167;0,8693509;-0,06442608;-0,8566186;-0,133509;0,201378
13;torus;1;4;6,742011;12;16,33167;0,4124624;-0,01313537;-0,3662239;0,1892953;0,2056269
13;torus;1;4;6,755883;12;16,33167;0,4124624;-0,01313537;-0,3662239;0,1892953;0,2061972
13;torus;1;4;6,769702;12;16,33167;1,060478;-0,06757067;-1,005902;0,3289511;0,2082108
13;torus;1;4;6,783531;12;16,33167;0,5421991;-0,04283144;-0,5312625;0,09952632;0,2105999
13;torus;1;4;6,797453;12;16,33167;0,5421991;-0,04283144;-0,5312625;0,09952632;0,2105999
13;torus;1;4;6,811399;12;16,33167;0,4859567;-0,05100043;-0,432472;-0,2156869;0,2048186
13;torus;1;4;6,825507;12;16,33167;0,2590483;-0,0274128;-0,2284452;-0,1190265;0,2024815
13;torus;1;4;6,839287;12;16,33167;0,2590483;-0,0274128;-0,2284452;-0,1190265;0,2048213
13;torus;1;4;6,853239;12;16,33167;8,844116;-1,624632;-2,497174;-8,32725;0,05961186
13;torus;1;4;6,86708;12;16,33167;0,2391369;0,1257851;0,1192273;-0,1647707;0,116135
13;torus;1;4;6,881056;12;16,33167;0,2173152;0,120873;0,1291889;0,1261976;0,1178159
13;torus;1;4;6,894997;12;16,33167;0,2173152;0,120873;0,1291889;0,1261976;0,1230784
13;torus;1;4;6,90903;12;16,33167;0,06186597;-0,05146483;0,01534612;-0,03071263;0,1251479
13;torus;1;4;6,922746;12;16,33167;0,7987093;-0,5833656;-0,5205852;0,1631327;0,138757
13;torus;1;4;6,9369;12;16,33167;0,7987093;-0,5833656;-0,5205852;0,1631327;0,1322135
13;torus;1;4;6,950648;12;16,33167;0,5502496;0,1089298;0,4869701;0,2318816;0,1627503
13;torus;1;4;6,964519;12;16,33167;0,1885075;0,08799627;0,1601223;-0,04639596;0,09619094
13;torus;1;4;6,978785;12;16,33167;0,1885075;0,08799627;0,1601223;-0,04639596;0,09619094
13;torus;1;4;6,992991;12;16,33167;0,1779962;0,06854442;0,1642674;-0,0007384717;0,1019126
13;torus;1;4;7,006286;12;16,33167;0,1443862;0,07203498;0,1165479;-0,04555139;0,1076744
13;torus;1;4;7,020488;12;16,33167;0,09898864;0,0619024;0,07385001;-0,02264997;0,1080355
13;torus;1;4;7,034254;12;16,33167;0,09898864;0,0619024;0,07385001;-0,02264997;0,1080355
13;torus;1;4;7,048389;12;16,33167;0,1156729;0,05720905;0,09007087;-0,04466063;0,1082053
13;torus;1;4;7,062283;12;16,33167;0,116582;0,05067409;0,09287989;-0,04895729;0,1084002
13;torus;1;4;7,076148;12;16,33167;0,116582;0,05067409;0,09287989;-0,04895729;0,1084002
13;torus;1;4;7,090014;12;16,33167;0,1688574;0,03114397;0,1388418;-0,0909166;0,1086962
13;torus;1;4;7,103895;12;16,33167;0,1737394;0,02427718;0,1405663;-0,0991821;0,1090278
13;torus;1;4;7,117877;12;16,33167;0,1737394;0,02427718;0,1405663;-0,0991821;0,1090278
13;torus;1;4;7,131889;12;16,33167;0,2044168;0,0147874;0,1605165;-0,125706;0,1094954
13;torus;1;4;7,145665;12;16,33167;0,2005709;0,012302;0,1499617;-0,1326228;0,1099755
13;torus;1;4;7,159504;12;16,33167;0,2005709;0,012302;0,1499617;-0,1326228;0,1030599
13;torus;1;4;7,173523;12;16,33167;0,3421669;0,007356055;0,2492684;-0,2342848;0,1035904
13;torus;1;4;7,187366;12;16,33167;0,3073735;0,007945206;0,2154305;-0,2191005;0,1043666
13;torus;1;4;7,201371;12;16,33167;0,4306963;0,07899861;0,2928546;-0,3057691;0,1048453
13;torus;1;4;7,215317;12;16,33167;0,4306963;0,07899861;0,2928546;-0,3057691;0,1056311
13;torus;1;4;7,229473;12;16,33167;0,4778017;0,0106272;0,3656106;-0,3074256;0,110656
13;torus;1;4;7,243104;12;16,33167;0,4676122;-0,0235443;0,3650248;-0,2913139;0,1136592
13;torus;1;4;7,257208;12;16,33167;0,4676122;-0,0235443;0,3650248;-0,2913139;0,1099622
13;torus;1;4;7,270849;12;16,33167;0,6097153;-0,008981748;0,2020947;-0,5751781;0,1059003
13;torus;1;4;7,284728;12;16,33167;0,6288072;-0,01971323;0,2149331;-0,5906045;0,1089828
13;torus;1;4;7,298625;12;16,33167;0,6288072;-0,01971323;0,2149331;-0,5906045;0,1186121
13;torus;1;4;7,312763;12;16,33167;2,897084;-0,1735425;0,9938333;-2,715745;0,1102857
13;torus;1;4;7,3265;12;16,33167;1,245919;-0,3563268;0,00786376;-1,193853;0,1139406
13;torus;1;4;7,340743;12;16,33167;1,297495;-0,372354;0,3789194;-1,183751;0,1368697
13;torus;1;4;7,35438;12;16,33167;1,297495;-0,372354;0,3789194;-1,183751;0,09857065
13;torus;1;4;7,368338;12;16,33167;0,833388;-0,1529404;0,3236021;-0,7526131;0,1071975
13;torus;1;4;7,382386;12;16,33167;1,078275;-0,444226;0,1004657;-0,9773672;0,1281688
13;torus;1;4;7,396398;12;16,33167;1,078275;-0,444226;0,1004657;-0,9773672;0,1116836
13;torus;1;4;7,41024;12;16,33167;0,5987397;0,208193;0,5406139;-0,1512663;0,1037458
13;torus;1;4;7,424153;12;16,33167;0,5425833;0,1602186;0,4557271;-0,2470616;0,1172631
13;torus;1;4;7,438183;12;16,33167;0,5425833;0,1602186;0,4557271;-0,2470616;0,1075403
13;torus;1;4;7,452072;12;16,33167;0,433653;0,06487872;0,2587416;-0,3419042;0,1099991
13;torus;1;4;7,465894;12;16,33167;0,4746827;-0,0129102;0,06066535;-0,4706131;0,116786
13;torus;1;4;7,479957;12;16,33167;0,4746827;-0,0129102;0,06066535;-0,4706131;0,108593
13;torus;1;4;7,493835;12;16,33167;0,5328697;-0,0405509;0,03462423;-0,5301952;0,1168007
13;torus;1;4;7,507908;12;16,33167;0,5538684;-0,05526558;0,01549687;-0,5508863;0,1228177
13;torus;1;4;7,521751;12;16,33167;0,6908059;-0,07945834;0,004854157;-0,6862037;0,1255836
13;torus;1;4;7,535592;12;16,33167;0,6908059;-0,07945834;0,004854157;-0,6862037;0,1238261
13;torus;1;4;7,549449;12;16,33167;1,28579;-0,1614634;0,01347172;-1,275541;0,1434656
13;torus;1;4;7,563391;12;16,33167;1,1119;-0,1331279;0,06925566;-1,101727;0,1612442
13;torus;1;4;7,577547;12;16,33167;1,1119;-0,1331279;0,06925566;-1,101727;0,1663782
13;torus;1;4;7,591132;12;16,33167;3,021651;-0,2568381;0,9206775;-2,866489;0,2098491
13;torus;1;4;7,60497;12;16,33167;1,764342;-0,06238946;1,038344;-1,42508;0,2245616
13;torus;1;4;7,619523;12;16,33167;1,764342;-0,06238946;1,038344;-1,42508;0,2245616
13;torus;1;4;7,633103;12;16,33167;3,807554;0,1603562;3,600954;-1,226739;0,2414102
13;torus;1;4;7,646901;12;16,33167;1,216595;0,09532168;1,192741;0,2199661;0,2392165
13;torus;1;4;7,6615;12;16,33167;1,03978;0,02601023;1,035029;0,09581149;0,2413041
13;torus;1;4;7,675494;12;16,33167;1,03978;0,02601023;1,035029;0,09581149;0,2413041
13;torus;1;4;7,688373;12;16,33167;2,261989;-0,03803968;2,250974;0,2196938;0,2516636
13;torus;1;4;7,702624;12;16,33167;1,338379;-0,08368492;1,334935;0,04693866;0,2670234
13;torus;1;4;7,716339;12;16,33167;1,338379;-0,08368492;1,334935;0,04693866;0,2627433
13;torus;1;4;7,730296;12;16,33167;2,985552;-0,1826406;2,963099;0,3165513;0,2872665
13;torus;1;4;7,744442;12;16,33167;1,438989;-0,0172317;1,33523;0,5362391;0,2950664
13;torus;1;4;7,758362;12;16,33167;1,438989;-0,0172317;1,33523;0,5362391;0,3026578
13;torus;1;4;7,772048;12;16,33167;2,954983;0,06301999;2,561533;1,471904;0,3183303
13;torus;1;4;7,786305;12;16,33167;1,459817;0,1179278;1,046321;1,011124;0,3146655
13;torus;1;4;7,800975;12;16,33167;1,403314;0,1406133;0,869368;1,092574;0,3173845
13;torus;1;4;7,815362;12;16,33167;1,403314;0,1406133;0,869368;1,092574;0,3175952
13;torus;1;4;7,829441;12;16,33167;2,418948;0,2909422;1,221785;2,067343;0,3212397
13;torus;1;4;7,855392;12;16,33167;1,305074;0,2694309;0,1034573;1,272762;0,3118059
13;torus;1;4;7,869537;12;16,33167;2,137539;0,3049374;0,7924646;1,961654;0,3161696
13;torus;1;4;7,884426;12;16,33167;1,043408;0,2381325;-0,08479506;1,012325;0,3107959
13;torus;1;4;7,89839;12;16,33167;1,043408;0,2381325;-0,08479506;1,012325;0,3107959
13;torus;1;4;7,91255;12;16,33167;1,777325;0,4247069;-0,4319862;1,670897;0,2991598
13;torus;1;4;7,926719;12;16,33167;0,9207858;0,2336204;-0,6315574;0,6280154;0,2884017
13;torus;1;4;7,952126;12;16,33167;0,820171;0,1379609;-0,7833198;0,2001435;0,2716126
13;torus;1;4;7,966215;12;16,33167;1,180281;0,2717376;-0,8667275;0,753662;0,2557979
13;torus;1;4;7,980461;12;16,33167;0,5379358;0,1240015;-0,4395679;0,2842158;0,2480508
13;torus;1;4;7,994437;12;16,33167;0,5379358;0,1240015;-0,4395679;0,2842158;0,2480508
13;torus;1;4;8,008247;12;16,33167;1,568372;0,3406167;-1,259269;0,8706391;0,2273067
13;torus;1;4;8,023382;12;16,33167;0,6934168;0,14323;-0,5542919;0,3912449;0,2162636
13;torus;1;4;8,036922;12;16,33167;0,6934168;0,14323;-0,5542919;0,3912449;0,2162636
13;torus;1;4;8,050477;12;16,33167;1,264352;0,211314;-1,166927;0,4384197;0,1975375
13;torus;1;4;8,064362;12;16,33167;0,8854951;0,05717756;-0,8523997;-0,2329098;0,1810929
13;torus;1;4;8,078197;12;16,33167;0,8854951;0,05717756;-0,8523997;-0,2329098;0,1788145
13;torus;1;4;8,092244;12;16,33167;0,6933555;-0,00286855;-0,5689759;-0,3962323;0,1668483
13;torus;1;4;8,105949;12;16,33167;0,6848356;0,007259391;-0,6051273;-0,3205745;0,1565322
13;torus;1;4;8,120159;12;16,33167;0,8701593;-0,02145388;-0,7063648;-0,5077063;0,1462745
13;torus;1;4;8,134594;12;16,33167;0,8701593;-0,02145388;-0,7063648;-0,5077063;0,1462745
13;torus;1;4;8,147925;12;16,33167;4,615105;-1,034428;-1,749315;-4,143555;0,1208195
13;torus;1;4;8,161996;12;16,33167;3,227179;-0,734421;-1,137072;-2,92957;0,1532182
13;torus;1;4;8,175819;12;16,33167;3,227179;-0,734421;-1,137072;-2,92957;0,1343107
13;torus;1;4;8,189741;12;16,33167;1,526212;-0,3592987;-0,4211625;-1,422269;0,1524554
13;torus;1;4;8,203682;12;16,33167;1,264737;-0,2930495;-0,3581931;-1,177022;0,1612055
13;torus;1;4;8,21765;12;16,33167;1,264737;-0,2930495;-0,3581931;-1,177022;0,1704498
13;torus;1;4;8,231897;12;16,33167;2,412734;-0,5202805;-0,840753;-2,200847;0,2022792
13;torus;1;4;8,245344;12;16,33167;1,458703;-0,310838;-0,4811426;-1,341528;0,2143183
13;torus;1;4;8,259301;12;16,33167;1,458703;-0,310838;-0,4811426;-1,341528;0,2143183
13;torus;1;4;8,273849;12;16,33167;2,010075;-0,4345239;0,0956993;-1,960212;0,2529565
13;torus;1;4;8,287068;12;16,33167;0,429319;-0,009123429;0,3709173;-0,2159906;0,2584373
13;torus;1;4;8,301558;12;16,33167;0,3437055;0,0774676;0,3225893;0,0898242;0,2586437
13;torus;1;4;8,315277;12;16,33167;0,3437055;0,0774676;0,3225893;0,0898242;0,2586437
13;torus;1;4;8,329203;12;16,33167;0,641352;0,2777159;0,3860168;0,4303455;0,2529586
13;torus;1;4;8,342947;12;16,33167;0,5944448;0,1676917;0,4303098;0,3742695;0,2496022
13;torus;1;4;8,356929;12;16,33167;0,5944448;0,1676917;0,4303098;0,3742695;0,2496022
13;torus;1;4;8,370955;12;16,33167;1,346996;0,05655885;1,159476;0,6832391;0,2477286
13;torus;1;4;8,384652;12;16,33167;0,9150711;0,155437;0,6613225;0,6130636;0,2472492
13;torus;1;4;8,398622;12;16,33167;0,9150711;0,155437;0,6613225;0,6130636;0,2423066
13;torus;1;4;8,41284;12;16,33167;1,733055;0,3510714;1,017956;1,357937;0,2301084
13;torus;1;4;8,426796;12;16,33167;0,9455749;0,1782835;0,5695149;0,7334709;0,2259355
13;torus;1;4;8,44044;12;16,33167;0,9455593;0,2084572;0,4025756;0,8297956;0,2191506
13;torus;1;4;8,454304;12;16,33167;0,9455593;0,2084572;0,4025756;0,8297956;0,2195528
13;torus;1;4;8,46833;12;16,33167;1,753595;0,4207407;0,4566073;1,639995;0,2030763
13;torus;1;4;8,482346;12;16,33167;1,072199;0,2524702;0,2371238;1,014712;0,1946026
13;torus;1;4;8,496183;12;16,33167;1,072199;0,2524702;0,2371238;1,014712;0,1946026
13;torus;1;4;8,510268;12;16,33167;1,392496;0,3365188;0,122072;1,345696;0,1831897
13;torus;1;4;8,524081;12;16,33167;0,9096267;0,2229498;-0,02706745;0,8814655;0,1755186
13;torus;1;4;8,538296;12;16,33167;0,9096267;0,2229498;-0,02706745;0,8814655;0,183455
13;torus;1;4;8,551965;12;16,33167;0,9206355;0,2246925;-0,1252571;0,8839647;0,1738133
13;torus;1;4;8,565715;12;16,33167;0,5590325;0,1378106;-0,1387493;0,523712;0,1675949
13;torus;1;4;8,579788;12;16,33167;0,5590325;0,1378106;-0,1387493;0,523712;0,1675949
13;torus;1;4;8,593595;12;16,33167;0,6180576;0,1507347;-0,2383913;0,5499489;0,1598976
13;torus;1;4;8,6075;12;16,33167;0,5386133;0,1271619;-0,2699265;0,4484126;0,1543558
13;torus;1;4;8,621959;12;16,33167;0,4300307;0,1062723;-0,1924243;0,3696019;0,1607539
13;torus;1;4;8,636442;12;16,33167;0,4300307;0,1062723;-0,1924243;0,3696019;0,1563998
13;torus;1;4;8,649178;12;16,33167;0,4361791;0,1042391;-0,09633178;0,4124398;0,1551634
13;torus;1;4;8,662979;12;16,33167;0,4625358;0,1065699;-0,134141;0,4296375;0,1537669
13;torus;1;4;8,676948;12;16,33167;0,4625358;0,1065699;-0,134141;0,4296375;0,1537669
13;torus;1;4;8,691165;12;16,33167;0,5967703;0,133799;-0,1812638;0,5526084;0,1525938
13;torus;1;4;8,705506;12;16,33167;0,4487766;0,09883165;-0,08242054;0,4299297;0,1532837
13;torus;1;4;8,718771;12;16,33167;0,4487766;0,09883165;-0,08242054;0,4299297;0,1473979
13;torus;1;4;8,73269;12;16,33167;0,3853358;0,06490226;0,1353979;0,3548785;0,1512842
13;torus;1;4;8,746674;12;16,33167;0,4146883;0,05818414;0,1972736;0,3600891;0,1460119
13;torus;1;4;8,760674;12;16,33167;0,4368291;0,06548144;0,1656815;0,3988502;0,1507954
13;torus;1;4;8,774817;12;16,33167;0,4368291;0,06548144;0,1656815;0,3988502;0,1507954
13;torus;1;4;8,788627;12;16,33167;0,8366402;0,14026;0,1162527;0,8165656;0,1578557
13;torus;1;4;8,802629;12;16,33167;0,7287028;0,1243306;0,04193552;0,7167922;0,1609308
13;torus;1;4;8,816543;12;16,33167;0,7287028;0,1243306;0,04193552;0,7167922;0,1654372
13;torus;1;4;8,830211;12;16,33167;0,8423391;0,1537393;-0,1870648;0,8067876;0,1688528
13;torus;1;4;8,84425;12;16,33167;0,6431272;0,1183395;-0,2613903;0,5755723;0,1660348
13;torus;1;4;8,858184;12;16,33167;0,6431272;0,1183395;-0,2613903;0,5755723;0,1660348
13;torus;1;4;8,872239;12;16,33167;0,9273765;0,1645492;-0,5033392;0,7613149;0,1661957
13;torus;1;4;8,886332;12;16,33167;0,6584041;0,1183217;-0,3123607;0,5673859;0,168511
13;torus;1;4;8,899725;12;16,33167;0,6584041;0,1183217;-0,3123607;0,5673859;0,1666863
13;torus;1;4;8,914253;12;16,33167;0,731096;0,125196;-0,2859785;0,6610928;0,1703295
13;torus;1;4;8,927966;12;16,33167;0,541992;0,08936273;-0,290852;0,4485251;0,1721542
13;torus;1;4;8,941516;12;16,33167;0,5537654;0,08475843;-0,381203;0,3926274;0,1727027
13;torus;1;4;8,955467;12;16,33167;0,5537654;0,08475843;-0,381203;0,3926274;0,1727027
13;torus;1;4;8,969504;12;16,33167;0,7513579;0,08853026;-0,6765457;0,3146221;0,1694407
13;torus;1;4;8,98374;12;16,33167;0,5698305;0,06158808;-0,5304392;0,1988667;0,1646288
13;torus;1;4;8,997403;12;16,33167;0,5698305;0,06158808;-0,5304392;0,1988667;0,1646288
13;torus;1;4;9,011327;12;16,33167;0,6303174;0,04921297;-0,6259211;0,05568569;0,1585408
13;torus;1;4;9,025334;12;16,33167;0,5043734;0,04269767;-0,4965272;0,07765389;0,159981
13;torus;1;4;9,03953;12;16,33167;0,5043734;0,04269767;-0,4965272;0,07765389;0,159981
13;torus;1;4;9,053402;12;16,33167;0,6638461;0,06182604;-0,6258681;0,2125051;0,1574604
13;torus;1;4;9,066916;12;16,33167;0,5524758;0,05408495;-0,5083512;0,2094835;0,1527849
13;torus;1;4;9,080909;12;16,33167;0,5140778;0,05215075;-0,4496989;0,2435718;0,1530875
13;torus;1;4;9,095059;12;16,33167;0,5140778;0,05215075;-0,4496989;0,2435718;0,1574543
13;torus;1;4;9,108864;12;16,33167;0,8285059;0,06802817;-0,7437255;0,3587012;0,1576729
13;torus;1;4;9,122656;12;16,33167;0,7151231;0,05227708;-0,6543306;0,2837598;0,162752
13;torus;1;4;9,136913;12;16,33167;0,7151231;0,05227708;-0,6543306;0,2837598;0,162752
13;torus;1;4;9,150592;12;16,33167;7,087065;0,1817902;1,340752;6,956711;0,3027134
13;torus;1;4;9,164432;12;16,33167;4,038536;0,1132649;0,3164023;4,024529;0,1016651
13;torus;1;4;9,17884;12;16,33167;4,038536;0,1132649;0,3164023;4,024529;0,08986014
13;torus;1;4;9,192427;12;16,33167;0,4626954;0,2468475;0,3122604;0,2358956;0,09870216
13;torus;1;4;9,206185;12;16,33167;0,3598458;0,214609;0,1818249;0,2244364;0,1000187
13;torus;1;4;9,220432;12;16,33167;0,1343642;0,1129541;0,03894621;0,06146783;0,1130341
13;torus;1;4;9,233903;12;16,33167;0,1343642;0,1129541;0,03894621;0,06146783;0,1074637
13;torus;1;4;9,247876;12;16,33167;0,1105141;0,07458521;-0,04819933;-0,06578171;0,1082306
13;torus;1;4;9,261783;12;16,33167;0,1163747;0,07842486;-0,06259215;-0,05894771;0,1083003
13;torus;1;4;9,275702;12;16,33167;0,1163747;0,07842486;-0,06259215;-0,05894771;0,1083003
13;torus;1;4;9,289671;12;16,33167;0,2581564;0,1026935;-0,1603501;-0,1743175;0,1081981
13;torus;1;4;9,30415;12;16,33167;0,2558711;0,09957298;-0,1710818;-0,1621304;0,1079964
13;torus;1;4;9,317559;12;16,33167;0,2558711;0,09957298;-0,1710818;-0,1621304;0,1079964
13;torus;1;4;9,331499;12;16,33167;0,3048646;0,1037044;-0,2137662;-0,1910283;0,1078367
13;torus;1;4;9,345516;12;16,33167;0,3287546;0,09108803;-0,2426608;-0,2022332;0,1076986
13;torus;1;4;9,35931;12;16,33167;0,3287546;0,09108803;-0,2426608;-0,2022332;0,1076986
13;torus;1;4;9,373388;12;16,33167;0,3912451;0,07524861;-0,3042664;-0,234163;0,1075987
13;torus;1;4;9,387215;12;16,33167;0,3889537;0,05369461;-0,3212568;-0,2125934;0,1074699
13;torus;1;4;9,401266;12;16,33167;0,3843111;0,03930798;-0,3322475;-0,1891071;0,1074089
13;torus;1;4;9,415202;12;16,33167;0,3843111;0,03930798;-0,3322475;-0,1891071;0,1074089
13;torus;1;4;9,42899;12;16,33167;0,3821305;0,03333034;-0,3428354;-0,1654589;0,1075196
13;torus;1;4;9,443057;12;16,33167;0,3667045;0,01339892;-0,3378548;-0,1419393;0,107877
13;torus;1;4;9,456844;12;16,33167;0,3667045;0,01339892;-0,3378548;-0,1419393;0,107877
13;torus;1;4;9,470922;12;16,33167;0,4051795;-0,001747653;-0,3721772;-0,1601609;0,1086627
13;torus;1;4;9,484666;12;16,33167;0,3902452;0,003408939;-0,356411;-0,1589051;0,1100453
13;torus;1;4;9,498715;12;16,33167;0,3902452;0,003408939;-0,356411;-0,1589051;0,1100453
13;torus;1;4;9,512635;12;16,33167;0,3614473;-0,02582192;-0,3517064;-0,07924645;0,1100916
13;torus;1;4;9,526602;12;16,33167;0,3058847;-0,02787179;-0,2943766;-0,07830092;0,1107332
13;torus;1;4;9,540422;12;16,33167;0,2564216;-0,03167382;-0,2452154;-0,06795772;0,1117313
13;torus;1;4;9,554367;12;16,33167;0,2564216;-0,03167382;-0,2452154;-0,06795772;0,1117313
13;torus;1;4;9,568583;12;16,33167;1,04073;-0,1672784;-1,026666;0,03307484;0,110648
13;torus;1;4;9,582149;12;16,33167;0,9775378;-0,1579128;-0,9633807;0,05041127;0,131594
13;torus;1;4;9,596101;12;16,33167;0,9775378;-0,1579128;-0,9633807;0,05041127;0,1191245
13;torus;1;4;9,610146;12;16,33167;3,211516;-0,5213675;-3,160563;0,2298882;0,1480908
13;torus;1;4;9,623718;12;16,33167;2,672368;-0,4359185;-2,629526;0,1926685;0,1459117
13;torus;1;4;9,637701;12;16,33167;2,672368;-0,4359185;-2,629526;0,1926685;0,1269551
13;torus;1;4;9,651815;12;16,33167;2,71208;-0,4463553;-2,672807;0,110653;0,09775215
13;torus;1;4;9,66563;12;16,33167;2,098032;-0,3457608;-2,069139;0,02915815;0,09013773
13;torus;1;4;9,679545;12;16,33167;2,098032;-0,3457608;-2,069139;0,02915815;0,1174115
13;torus;1;4;9,693642;12;16,33167;2,056904;-0,351528;-2,025357;-0,07217918;0,1025779
13;torus;1;4;9,707331;12;16,33167;1,755002;-0,3080515;-1,721973;-0,1412324;0,1328429
13;torus;1;4;9,721438;12;16,33167;0,9101588;-0,1614204;-0,8868447;-0,1258529;0,114682
13;torus;1;4;9,735237;12;16,33167;0,9101588;-0,1614204;-0,8868447;-0,1258529;0,1092211
13;torus;1;4;9,749212;12;16,33167;0,4113445;-0,07187116;-0,3871501;-0,1189689;0,1149182
13;torus;1;4;9,763245;12;16,33167;0,4406011;-0,0786399;-0,4075064;-0,1479312;0,1159238
13;torus;1;4;9,777074;12;16,33167;0,4406011;-0,0786399;-0,4075064;-0,1479312;0,1195216
13;torus;1;4;9,791121;12;16,33167;0,7663028;-0,1439476;-0,690415;-0,29971;0,1306064
13;torus;1;4;9,80493;12;16,33167;0,7458879;-0,1409483;-0,6611715;-0,315174;0,1424153
13;torus;1;4;9,81878;12;16,33167;0,7458879;-0,1409483;-0,6611715;-0,315174;0,1466272
13;torus;1;4;9,832685;12;16,33167;2,206398;-0,4127896;-1,922557;-1,000786;0,1831116
13;torus;1;4;9,84663;12;16,33167;1,541728;-0,2925534;-1,366363;-0,651453;0,2032039
13;torus;1;4;9,860784;12;16,33167;1,997994;-0,3900334;-1,804435;-0,7641129;0,2394546
13;torus;1;4;9,874318;12;16,33167;1,997994;-0,3900334;-1,804435;-0,7641129;0,2408507
13;torus;1;4;9,888257;12;16,33167;1,97392;-0,3850925;-1,673327;-0,9736752;0,2766974
13;torus;1;4;9,902255;12;16,33167;0,4213091;0,04127882;0,1987843;-0,3691642;0,2806109
13;torus;1;4;9,916199;12;16,33167;0,4213091;0,04127882;0,1987843;-0,3691642;0,2793017
13;torus;1;4;9,930041;12;16,33167;0,8501301;0,1709232;0,6924063;-0,4626878;0,2774474
13;torus;1;4;9,944093;12;16,33167;0,4743786;0,1134515;0,4477039;-0,1082823;0,2738222
13;torus;1;4;9,95807;12;16,33167;0,4743786;0,1134515;0,4477039;-0,1082823;0,2661071
13;torus;1;4;9,972322;12;16,33167;0,6062825;0,1391888;0,5889758;0,0362277;0,2586976
13;torus;1;4;9,985808;12;16,33167;0,7639345;0,1701832;0,7381141;-0,09910166;0,2579815
13;torus;1;4;9,999812;12;16,33167;0,7639345;0,1701832;0,7381141;-0,09910166;0,2564838
13;torus;1;4;10,01382;12;16,33167;1,80675;0,3795803;1,746237;-0,2663106;0,2433622
13;torus;1;4;10,02759;12;16,33167;0,6721073;0,1305044;0,6584123;-0,03449842;0,2384348
13;torus;1;4;10,04154;12;16,33167;0,5929103;0,1151396;0,5565578;0,1689048;0,229472
13;torus;1;4;10,05541;12;16,33167;0,5929103;0,1151396;0,5565578;0,1689048;0,229472
13;torus;1;4;10,06931;12;16,33167;1,233399;0,2091731;1,050802;0,6110101;0,2112894
13;torus;1;4;10,08348;12;16,33167;1,003998;0,1751452;0,987304;0,05065752;0,2079844
13;torus;1;4;10,09723;12;16,33167;1,003998;0,1751452;0,987304;0,05065752;0,200065
13;torus;1;4;10,11127;12;16,33167;1,144799;0,1836025;1,119285;0,1550961;0,1909817
13;torus;1;4;10,12511;12;16,33167;0,669766;0,09484001;0,6629796;-0,007068194;0,1888862
13;torus;1;4;10,13896;12;16,33167;0,669766;0,09484001;0,6629796;-0,007068194;0,1888862
13;torus;1;4;10,15349;12;16,33167;1,147606;0,1422681;1,11065;-0,2514284;0,1901916
13;torus;1;4;10,16674;12;16,33167;0,707579;0,0650287;0,6322523;-0,3109602;0,1947459
13;torus;1;4;10,18071;12;16,33167;0,6042788;0,02044694;0,4143506;-0,4393727;0,2127179
13;torus;1;4;10,1946;12;16,33167;0,6042788;0,02044694;0,4143506;-0,4393727;0,2135295
13;torus;1;4;10,2086;12;16,33167;0,8656446;0,05339874;0,748957;-0,4307581;0,2211639
13;torus;1;4;10,22248;12;16,33167;0,6535404;0,06340025;0,6343222;-0,1439816;0,2118538
13;torus;1;4;10,23651;12;16,33167;0,6535404;0,06340025;0,6343222;-0,1439816;0,2094873
13;torus;1;4;10,25032;12;16,33167;1,303069;0,1200328;1,273108;-0,2505581;0,2090697
13;torus;1;4;10,26422;12;16,33167;0,5674617;0,04724298;0,5595276;-0,08191265;0,1956885
13;torus;1;4;10,27864;12;16,33167;0,5674617;0,04724298;0,5595276;-0,08191265;0,1937875
13;torus;1;4;10,29221;12;16,33167;0,6247948;0,0383592;0,6072608;-0,1418854;0,1933608
13;torus;1;4;10,30643;12;16,33167;0,3216813;0,01908769;0,3177225;-0,04655032;0,1947311
13;torus;1;4;10,32009;12;16,33167;0,1878636;0,009335523;0,1876023;-0,003309704;0,1931217
13;torus;1;4;10,33434;12;16,33167;0,1878636;0,009335523;0,1876023;-0,003309704;0,1931217
13;torus;1;4;10,34772;12;16,33167;0,3199044;-0,03363232;-0,2991766;0,1081716;0,1940154
13;torus;1;4;10,36175;12;16,33167;0,1312645;-0,009558545;-0,1125062;0,06694294;0,1949119
13;torus;1;4;10,37571;12;16,33167;0,1312645;-0,009558545;-0,1125062;0,06694294;0,1949119
13;torus;1;4;10,38986;12;16,33167;0,3912374;0,03196145;0,3894681;0,01896737;0,1968052
13;torus;1;4;10,40362;12;16,33167;0,1228042;0,01304974;0,08326888;0,08931328;0,1988872
13;torus;1;4;10,41761;12;16,33167;0,1228042;0,01304974;0,08326888;0,08931328;0,1988872
13;torus;1;4;10,43147;12;16,33167;0,448797;-0,003743047;-0,2239646;0,3889017;0,2054974
13;torus;1;4;10,44519;12;16,33167;0,3725739;-0,01826329;-0,2824317;0,2423018;0,2092322
13;torus;1;4;10,45911;12;16,33167;0,3725739;-0,01826329;-0,2824317;0,2423018;0,2111526
13;torus;1;4;10,47313;12;16,33167;0,2979151;-0,03380833;-0,2957686;-0,01145953;0,2098012
13;torus;1;4;10,48705;12;16,33167;0,1363339;-0,01574524;-0,09861253;-0,09281476;0,207653
13;torus;1;4;10,50091;12;16,33167;0,1223711;-0,01062521;-0,1193736;0,024733;0,2077416
13;torus;1;4;10,51499;12;16,33167;0,1223711;-0,01062521;-0,1193736;0,024733;0,2069821
13;torus;1;4;10,52892;12;16,33167;0,8004805;-0,07690326;-0,7730523;0,1929902;0,2088501
13;torus;1;4;10,5427;12;16,33167;0,575784;-0,05579684;-0,5484726;0,1661077;0,2121322
13;torus;1;4;10,55657;12;16,33167;0,575784;-0,05579684;-0,5484726;0,1661077;0,2061093
13;torus;1;4;10,57052;12;16,33167;1,276277;-0,1495357;-1,260575;0,1321838;0,1997786
13;torus;1;4;10,58449;12;16,33167;0,9670305;-0,1351659;-0,9532445;-0,09057048;0,2115876
13;torus;1;4;10,59834;12;16,33167;0,9670305;-0,1351659;-0,9532445;-0,09057048;0,2108911
13;torus;1;4;10,6125;12;16,33167;1,545647;-0,2251953;-1,519385;-0,1725676;0,219629
13;torus;1;4;10,62638;12;16,33167;0,5511426;-0,06982595;-0,5459725;-0,02822404;0,2082109
13;torus;1;4;10,64017;12;16,33167;0,5484005;-0,0667218;-0,5365697;0,09156556;0,2099323
13;torus;1;4;10,65429;12;16,33167;0,5484005;-0,0667218;-0,5365697;0,09156556;0,2112935
13;torus;1;4;10,66827;12;16,33167;1,320183;-0,1583264;-1,210939;0,5014412;0,2095246
13;torus;1;4;10,68223;12;16,33167;0,4914245;-0,03911037;-0,4160258;0,2586329;0,2040537
13;torus;1;4;10,6963;12;16,33167;0,4914245;-0,03911037;-0,4160258;0,2586329;0,2057481
13;torus;1;4;10,70998;12;16,33167;0,7179333;-0,05462793;-0,5743712;0,4272491;0,2028002
13;torus;1;4;10,72399;12;16,33167;0,6725528;-0,07962292;-0,5721747;0,3443888;0,2058734
13;torus;1;4;10,73788;12;16,33167;0,6725528;-0,07962292;-0,5721747;0,3443888;0,2015474
13;torus;1;4;10,75146;12;16,33167;0,6517606;-0,07148515;-0,5274032;0,3762015;0,199331
13;torus;1;4;10,76543;12;16,33167;0,4695979;-0,01882722;-0,2309297;0,4084595;0,194536
13;torus;1;4;10,77949;12;16,33167;0,4695979;-0,01882722;-0,2309297;0,4084595;0,194536
13;torus;1;4;10,7933;12;16,33167;0,9649049;0,001550187;-0,1874794;0,946515;0,1809461
13;torus;1;4;10,80725;12;16,33167;0,6346362;0,006673948;-0,0869544;0,6286156;0,1744234
13;torus;1;4;10,82115;12;16,33167;0,4566348;0,01343198;-0,0176682;0,4560952;0,1696246
13;torus;1;4;10,83523;12;16,33167;0,4566348;0,01343198;-0,0176682;0,4560952;0,1696246
13;torus;1;4;10,84904;12;16,33167;0,4169705;-0,01839086;-0,1351032;0,3940473;0,1649627
13;torus;1;4;10,86294;12;16,33167;0,4386568;-0,02995907;-0,1756986;0,4008144;0,16094
13;torus;1;4;10,87722;12;16,33167;0,4386568;-0,02995907;-0,1756986;0,4008144;0,16094
13;torus;1;4;10,8907;12;16,33167;0,7370056;-0,05220142;-0,2846389;0,6778148;0,1548522
13;torus;1;4;10,90472;12;16,33167;0,6602018;-0,05043283;-0,2667576;0,6018001;0,1506387
13;torus;1;4;10,9187;12;16,33167;0,6602018;-0,05043283;-0,2667576;0,6018001;0,1569476
13;torus;1;4;10,93248;12;16,33167;0,7876921;-0,04407384;-0,2721218;0,7378794;0,1516791
13;torus;1;4;10,94659;12;16,33167;0,609946;-0,03680381;-0,2399816;0,559543;0,1468033
13;torus;1;4;10,96047;12;16,33167;0,4835587;-0,04368435;-0,2670549;0,4007522;0,146238
13;torus;1;4;10,97466;12;16,33167;0,4835587;-0,04368435;-0,2670549;0,4007522;0,146238
13;torus;1;4;10,9887;12;16,33167;0,806474;-0,1166318;-0,6002297;0,5258533;0,1504146
13;torus;1;4;11,00253;12;16,33167;0,7750217;-0,1120819;-0,5146345;0,5685486;0,156925
13;torus;1;4;11,01606;12;16,33167;0,7750217;-0,1120819;-0,5146345;0,5685486;0,156925
13;torus;1;4;11,03053;12;16,33167;1,623291;-0,1957026;-0,7775508;1,411449;0,1627341
13;torus;1;4;11,04418;12;16,33167;0,9503344;-0,1103088;-0,3928212;0,8582883;0,1863392
13;torus;1;4;11,05801;12;16,33167;0,9503344;-0,1103088;-0,3928212;0,8582883;0,1861126
13;torus;1;4;11,07183;12;16,33167;0,83538;-0,0312718;-0,1213196;0,8259318;0,1887917
13;torus;1;4;11,08573;12;16,33167;0,3982382;-0,008996293;-0,06296734;0,3931257;0,1897299
13;torus;1;4;11,09969;12;16,33167;0,3982382;-0,008996293;-0,06296734;0,3931257;0,1804728
13;torus;1;4;11,11381;12;16,33167;0,5988619;-0,02515642;-0,1213475;0,5858989;0,1837689
13;torus;1;4;11,12764;12;16,33167;0,3970304;0,002375519;0,0107626;0,3968773;0,1848508
13;torus;1;4;11,14136;12;16,33167;0,4629168;0,03086017;0,1474953;0,437704;0,1841942
13;torus;1;4;11,15527;12;16,33167;0,4629168;0,03086017;0,1474953;0,437704;0,1841942
13;torus;1;4;11,1692;12;16,33167;1,075176;0,09199665;0,4543981;0,9700841;0,1823818
13;torus;1;4;11,18316;12;16,33167;0,648346;0,07551067;0,3293673;0,5533243;0,1898433
13;torus;1;4;11,19761;12;16,33167;0,648346;0,07551067;0,3293673;0,5533243;0,1794382
13;torus;1;4;11,21101;12;16,33167;0,5430757;0,102592;0,3476276;0,404427;0,1766243
13;torus;1;4;11,22487;12;16,33167;0,4950186;0,08125757;0,3139864;0,3739695;0,1746067
13;torus;1;4;11,23872;12;16,33167;0,4950186;0,08125757;0,3139864;0,3739695;0,1746067
13;torus;1;4;11,25278;12;16,33167;0,9836555;0,0916933;0,5173537;0,8315741;0,1741939
13;torus;1;4;11,26686;12;16,33167;0,8726239;0,04741653;0,4043973;0,7718076;0,1807135
13;torus;1;4;11,28063;12;16,33167;0,8329915;0,01134366;0,3120887;0,772235;0,1758115
13;torus;1;4;11,29442;12;16,33167;0,8329915;0,01134366;0,3120887;0,772235;0,1758115
13;torus;1;4;11,30851;12;16,33167;1,248231;-0,07428591;0,2150203;1,227326;0,1900096
13;torus;1;4;11,32227;12;16,33167;0,8133115;-0,06711948;0,07901395;0,8066767;0,201294
13;torus;1;4;11,33674;12;16,33167;0,8133115;-0,06711948;0,07901395;0,8066767;0,2002934
13;torus;1;4;11,3502;12;16,33167;1,001316;-0,1111217;-0,03125524;0,9946405;0,2157987
13;torus;1;4;11,36426;12;16,33167;0,3513131;0,01646829;0,1634928;0,3105153;0,218081
13;torus;1;4;11,3784;12;16,33167;0,3513131;0,01646829;0,1634928;0,3105153;0,2248262
13;torus;1;4;11,39201;12;16,33167;0,908046;0,1993288;0,8496277;0,2508952;0,2181805
13;torus;1;4;11,40592;12;16,33167;0,5581278;0,1018302;0,5076905;0,208297;0,2158415
13;torus;1;4;11,42;12;16,33167;0,5053648;0,0779702;0,449864;0,2166486;0,2154161
13;torus;1;4;11,43383;12;16,33167;0,5053648;0,0779702;0,449864;0,2166486;0,2154161
13;torus;1;4;11,44779;12;16,33167;0,9487215;0,1983375;0,9201997;0,1181833;0,2086767
13;torus;1;4;11,46174;12;16,33167;0,4827408;0,1129647;0,468251;-0,03191621;0,2090481
13;torus;1;4;11,47566;12;16,33167;0,4827408;0,1129647;0,468251;-0,03191621;0,213525
13;torus;1;4;11,48977;12;16,33167;0,9517333;0,2192236;0,9173029;-0,1276428;0,2028542
13;torus;1;4;11,50356;12;16,33167;0,6363671;0,1190247;0,6232085;0,04906505;0,1944913
13;torus;1;4;11,51721;12;16,33167;0,6363671;0,1190247;0,6232085;0,04906505;0,1987522
13;torus;1;4;11,53115;12;16,33167;1,09715;0,1755363;1,069808;0,168631;0,1928586
13;torus;1;4;11,54557;12;16,33167;0,571582;0,09074139;0,5608957;0,06219305;0,1946877
13;torus;1;4;11,55929;12;16,33167;0,571582;0,09074139;0,5608957;0,06219305;0,1964759
13;torus;1;4;11,57282;12;16,33167;0,5367888;0,0462315;0,4741383;0,2473817;0,1979308
13;torus;1;4;11,58678;12;16,33167;0,3988546;0,02929435;0,3471656;0,1941723;0,202345
13;torus;1;4;11,60086;12;16,33167;0,4081047;0,04160185;0,3785103;0,1467948;0,2056636
13;torus;1;4;11,61481;12;16,33167;0,4081047;0,04160185;0,3785103;0,1467948;0,2077261
13;torus;1;4;11,6288;12;16,33167;0,7807333;0,09114106;0,7398268;0,2321511;0,207767
13;torus;1;4;11,64272;12;16,33167;0,4435312;0,06148408;0,4296395;0,0913761;0,2144341
13;torus;1;4;11,65653;12;16,33167;0,4435312;0,06148408;0,4296395;0,0913761;0,2173881
13;torus;1;4;11,67064;12;16,33167;0,6827343;0,06511582;0,6203012;0,2776912;0,2186418
13;torus;1;4;11,68461;12;16,33167;0,1424161;-0,01904481;-0,03136294;0,1376082;0,2300045
13;torus;1;4;11,69839;12;16,33167;0,1424161;-0,01904481;-0,03136294;0,1376082;0,2124509
13;torus;1;4;11,71222;12;16,33167;0,2575243;-0,01480284;0,0977376;0,2377962;0,2082626
13;torus;1;4;11,72627;12;16,33167;0,4291043;0,06860323;0,4221357;0,03500786;0,2098929
13;torus;1;4;11,74032;12;16,33167;0,5073721;0,08358163;0,500048;-0,01981287;0,210649
13;torus;1;4;11,75445;12;16,33167;0,5073721;0,08358163;0,500048;-0,01981287;0,210649
13;torus;1;4;11,76837;12;16,33167;0,8719218;0,1559198;0,8347446;-0,1978334;0,2198436
13;torus;1;4;11,78248;12;16,33167;0,4559823;0,07115706;0,4440225;-0,07550214;0,2223611
13;torus;1;4;11,79625;12;16,33167;0,4559823;0,07115706;0,4440225;-0,07550214;0,2223611
13;torus;1;4;11,8103;12;16,33167;0,9432169;0,07276222;0,9192222;0,1984803;0,2263129
13;torus;1;4;11,82409;12;16,33167;0,3651796;0,003340578;0,3212718;0,1735782;0,2185467
13;torus;1;4;11,83767;12;16,33167;0,3651796;0,003340578;0,3212718;0,1735782;0,2185467
13;torus;1;4;11,85145;12;16,33167;0,6793947;0,06110032;0,6748476;0,04923987;0,2239525
13;torus;1;4;11,86517;12;16,33167;0,5249768;0,07243945;0,5058409;-0,1203251;0,225267
13;torus;1;4;11,87922;12;16,33167;0,5249768;0,07243945;0,5058409;-0,1203251;0,2220423
13;torus;1;4;11,8933;12;16,33167;0,910684;0,1081817;0,8893061;-0,1636357;0,2230364
13;torus;1;4;11,90729;12;16,33167;0,2414379;0,006473784;0,2334126;0,06139118;0,2226752
13;torus;1;4;11,9214;12;16,33167;0,2501607;-0,006734372;0,2156314;0,1266417;0,2236527
13;torus;1;4;11,93519;12;16,33167;0,2501607;-0,006734372;0,2156314;0,1266417;0,2236527
13;torus;1;4;11,94914;12;16,33167;0,7684539;-0,03164883;0,6355406;0,4308224;0,2352862
13;torus;1;4;11,96324;12;16,33167;0,4861321;0,01368193;0,4717802;0,1164505;0,2165743
13;torus;1;4;11,97693;12;16,33167;0,4861321;0,01368193;0,4717802;0,1164505;0,218625
13;torus;1;4;11,9908;12;16,33167;0,8974128;0,07574353;0,8923879;-0,05706658;0,2138432
13;torus;1;4;12,00493;12;16,33167;0,6406785;0,0557005;0,6348416;-0,06589828;0,2029955
13;torus;1;4;12,01843;12;16,33167;0,6406785;0,0557005;0,6348416;-0,06589828;0,2063252
13;torus;1;4;12,03251;12;16,33167;0,8511056;0,05153519;0,8495278;0,005235682;0,2010521
13;torus;1;4;12,04653;12;16,33167;0,4491812;0,008874059;0,4416505;0,08142338;0,1997059
13;torus;1;4;12,06026;12;16,33167;0,4519435;-0,005980653;0,4308431;0,13635;0,1952399
13;torus;1;4;12,07436;12;16,33167;0,4519435;-0,005980653;0,4308431;0,13635;0,1952399
13;torus;1;4;12,08854;12;16,33167;0,9896665;-0,03647049;0,9178967;0,3682057;0,1852153
13;torus;1;4;12,10233;12;16,33167;0,5862466;-0,02380263;0,545796;0,2126621;0,1840612
13;torus;1;4;12,11623;12;16,33167;0,5862466;-0,02380263;0,545796;0,2126621;0,1876732
13;torus;1;4;12,13027;12;16,33167;1,133139;-0,005778637;1,124751;0,1374965;0,1841116
13;torus;1;4;12,14385;12;16,33167;0,7247651;-0,01598129;0,7131401;0,1282976;0,1908482
13;torus;1;4;12,15777;12;16,33167;0,7247651;-0,01598129;0,7131401;0,1282976;0,1768082
13;torus;1;4;12,17167;12;16,33167;0,9236582;-0,04891362;0,8846533;0,2610371;0,1785103
13;torus;1;4;12,18538;12;16,33167;0,5649606;-0,0400176;0,5271267;0,1992899;0,1718888
13;torus;1;4;12,19931;12;16,33167;0,5649606;-0,0400176;0,5271267;0,1992899;0,1718888
13;torus;1;4;12,21328;12;16,33167;0,7029737;-0,06832365;0,6180808;0,3278416;0,1710048
13;torus;1;4;12,22771;12;16,33167;0,5215497;-0,05598639;0,4445919;0,2668664;0,1718476
13;torus;1;4;12,24112;12;16,33167;0,4526;-0,04575917;0,4015024;0,2038349;0,1725377
13;torus;1;4;12,25527;12;16,33167;0,4526;-0,04575917;0,4015024;0,2038349;0,1691235
13;torus;1;4;12,26909;12;16,33167;0,7774714;-0,08369012;0,691363;0,3456514;0,1706163
13;torus;1;4;12,28325;12;16,33167;0,5751099;-0,07334146;0,4795685;0,3088471;0,1735962
13;torus;1;4;12,29721;12;16,33167;0,5751099;-0,07334146;0,4795685;0,3088471;0,1675421
13;torus;1;4;12,31101;12;16,33167;0,58607;-0,104412;0,3480646;0,4598121;0,1644073
13;torus;1;4;12,325;12;16,33167;0,4597034;-0,08820307;0,2270002;0,3898953;0,1621684
13;torus;1;4;12,33964;12;16,33167;0,4597034;-0,08820307;0,2270002;0,3898953;0,1621684
13;torus;1;4;12,35374;12;16,33167;0,4424612;-0,07968937;0,300802;0,3145467;0,1610015
13;torus;1;4;12,3671;12;16,33167;0,4668266;-0,07764027;0,3702384;0,2735371;0,1618516
13;torus;1;4;12,3807;12;16,33167;0,4001864;-0,0732237;0,2984338;0,2563682;0,1624142
13;torus;1;4;12,39458;12;16,33167;0,4001864;-0,0732237;0,2984338;0,2563682;0,1577771
13;torus;1;4;12,40784;12;16,33167;0,5207666;-0,08259971;0,4552173;0,2390655;0,1607485
13;torus;1;4;12,42214;12;16,33167;0,4869832;-0,0790333;0,4281459;0,2181683;0,1701839
13;torus;1;4;12,4365;12;16,33167;0,4869832;-0,0790333;0,4281459;0,2181683;0,1628684
13;torus;1;4;12,45093;12;16,33167;0,6604163;-0,1286967;0,5437348;0,3520502;0,165953
13;torus;1;4;12,46617;12;16,33167;0,5103254;-0,113143;0,381952;0,3189723;0,1678143
13;torus;1;4;12,49142;12;16,33167;0,3145455;-0,08540287;0,1819605;0,2419413;0,1678355
13;torus;1;4;12,50671;12;16,33167;0,09839098;-0,03410583;0,06701703;0,06345309;0,1681537
13;torus;1;4;12,53328;12;16,33167;0,2611873;0,03261866;0,05779997;-0,2526143;0,1741946
13;torus;1;4;12,54762;12;16,33167;0,3870648;0,05387267;0,07639392;-0,3756074;0,1774199
13;torus;1;4;12,56266;12;16,33167;0,4067693;0,06374188;-0,01162362;-0,4015758;0,1820807
13;torus;1;4;12,57703;12;16,33167;0,4067693;0,06374188;-0,01162362;-0,4015758;0,1820807
13;torus;1;4;12,60285;12;16,33167;0,3524999;0,05185493;-0,1999962;-0,2856025;0,1853867
13;torus;1;4;12,63108;12;16,33167;0,9586407;0,1375803;-0,5572861;-0,7677863;0,1897796
13;torus;1;4;12,64633;12;16,33167;1,258265;0,1791569;-0,6282505;-1,075377;0,1979085
13;torus;1;4;12,67234;12;16,33167;1,029362;0,1401316;-0,2821421;-0,9799718;0,2165397
13;torus;1;4;12,68603;12;16,33167;1,208056;0,1309521;-0,2237214;-1,179915;0,232203
13;torus;1;4;12,70046;12;16,33167;0,5940894;0,02083855;0,04040085;-0,5923477;0,2412264
13;torus;1;4;12,71418;12;16,33167;0,5940894;0,02083855;0,04040085;-0,5923477;0,2412264
13;torus;1;4;12,72814;12;16,33167;0,3016906;-0,1137979;0,0870347;-0,2655037;0,2463702
13;torus;1;4;12,74274;12;16,33167;0,2860933;-0,03236532;-0,2515212;-0,1324348;0,2477105
13;torus;1;4;12,75774;12;16,33167;0,2860933;-0,03236532;-0,2515212;-0,1324348;0,2438319
13;torus;1;4;12,78413;12;16,33167;0;0;0;0;0,2569353
13;torus;1;4;12,79913;12;16,33167;0;0;0;0;0,2244203
13;torus;1;4;12,81247;12;16,33167;1,199764;-0,0002368183;-0,2679333;-1,169464;0,2031138
13;torus;1;4;12,82636;12;16,33167;0,1746984;-0,05872651;-0,1638886;-0,01453399;0,2007948
13;torus;1;4;12,84081;12;16,33167;0,3923991;-0,09352845;-0,2457294;0,2912843;0,2023813
13;torus;1;4;12,85398;12;16,33167;0,3923991;-0,09352845;-0,2457294;0,2912843;0,199204
13;torus;1;4;12,86724;12;16,33167;1,083785;-0,2444326;-0,5514432;0,900418;0,2081971
13;torus;1;4;12,88088;12;16,33167;0,5958416;-0,1222592;-0,4461108;0,3755864;0,2224482
13;torus;1;4;12,89519;12;16,33167;0,5958416;-0,1222592;-0,4461108;0,3755864;0,2224482
13;torus;1;4;12,90911;12;16,33167;0,5172979;-0,09399784;-0,4823151;-0,1616591;0,215645
13;torus;1;4;12,92286;12;16,33167;0,4062862;-0,002798274;-0,2150252;-0,3447097;0,2088678
13;torus;1;4;12,937;12;16,33167;0,4062862;-0,002798274;-0,2150252;-0,3447097;0,2088678
13;torus;1;4;12,95104;12;16,33167;0,6184248;-0,08132561;-0,5993209;-0,1290343;0,2022732
13;torus;1;4;12,96493;12;16,33167;0,3186177;-0,09947853;-0,2145282;0,2135389;0,2051083
13;torus;1;4;12,97891;12;16,33167;0,3186177;-0,09947853;-0,2145282;0,2135389;0,2051083
13;torus;1;4;12,99281;12;16,33167;0,7309897;-0,204257;-0,3480343;0,6095057;0,2151532
13;torus;1;4;13,00716;12;16,33167;0,4592344;-0,1364127;-0,06180458;0,434129;0,2235269
13;torus;1;4;13,02114;12;16,33167;0,3945825;-0,1210657;0,009676944;0,3754262;0,2338808
13;torus;1;4;13,03528;12;16,33167;0,3945825;-0,1210657;0,009676944;0,3754262;0,2071068
13;torus;1;4;13,04881;12;16,33167;0,5741269;-0,18201;0,2703738;0,4726437;0,1990876
13;torus;1;4;13,06255;12;16,33167;0,3471655;-0,08631699;0,2443098;0,2310541;0,1940321
13;torus;1;4;13,07665;12;16,33167;0,3471655;-0,08631699;0,2443098;0,2310541;0,1940321
13;torus;1;4;13,09104;12;16,33167;0,9197912;-0,1950034;0,6003211;0,6690323;0,1843951
13;torus;1;4;13,10567;12;16,33167;0,5786962;-0,1336331;0,2846557;0,485801;0,1782277
13;torus;1;4;13,11993;12;16,33167;0,5786962;-0,1336331;0,2846557;0,485801;0,1798885
13;torus;1;4;13,13315;12;16,33167;0,88836;-0,2189983;0,2233513;0,831467;0,1659197
13;torus;1;4;13,14538;12;16,33167;0,5341526;-0,1363083;0,1279273;0,5003735;0,1578054
13;torus;1;4;13,15953;12;16,33167;0,5341526;-0,1363083;0,1279273;0,5003735;0,1578054
13;torus;1;4;13,1735;12;16,33167;0,3140421;-0,08383431;0,1588681;0,2575949;0,1546194
13;torus;1;4;13,1875;12;16,33167;0,2132992;-0,0494494;0,1691068;0,1202255;0,1541432
13;torus;1;4;13,20226;12;16,33167;0,2133855;-0,01600385;0,2127565;-0,003450559;0,1582886
13;torus;1;4;13,21581;12;16,33167;0,2133855;-0,01600385;0,2127565;-0,003450559;0,1582886
13;torus;1;4;13,22964;12;16,33167;0,5363588;-0,007361662;0,531603;-0,0708858;0,1652933
13;torus;1;4;13,24352;12;16,33167;0,477382;-0,01283482;0,4768449;-0,01864938;0,1694724
13;torus;1;4;13,25772;12;16,33167;0,477382;-0,01283482;0,4768449;-0,01864938;0,1634908
13;torus;1;4;13,27164;12;16,33167;0,6674067;-0,06277267;0,6296278;0,2122738;0,1676757
13;torus;1;4;13,28549;12;16,33167;0,5874653;-0,0760821;0,5053815;0,2896834;0,1722935
13;torus;1;4;13,29944;12;16,33167;0,5874653;-0,0760821;0,5053815;0,2896834;0,1722935
13;torus;1;4;13,31329;12;16,33167;0,7338967;-0,1322127;0,4803602;0,5388675;0,1702051
13;torus;1;4;13,32794;12;16,33167;0,555689;-0,1094882;0,2810419;0,4667098;0,1674366
13;torus;1;4;13,34373;12;16,33167;0,4489351;-0,0876258;0,2233282;0,3794587;0,1656265
13;torus;1;4;13,36881;12;16,33167;0,3338797;-0,05689954;0,198278;0,2625337;0,1575518
13;torus;1;4;13,38273;12;16,33167;0,4972663;-0,07931461;0,3325302;0,3611185;0,1658273
13;torus;1;4;13,39684;12;16,33167;0,4972663;-0,07931461;0,3325302;0,3611185;0,1658273
13;torus;1;4;13,41046;12;16,33167;0,5414395;-0,08108962;0,395311;0,3609854;0,167547
13;torus;1;4;13,42484;12;16,33167;0,5095282;-0,08130796;0,3763786;0,3336873;0,1698995
13;torus;1;4;13,43932;12;16,33167;0,5095282;-0,08130796;0,3763786;0,3336873;0,1698995
13;torus;1;4;13,45394;12;16,33167;0,7457976;-0,1569014;0,3158273;0,6571523;0,1686007
13;torus;1;4;13,46873;12;16,33167;0,6441399;-0,1423107;0,1407276;0,6122578;0,1697336
13;torus;1;4;13,49401;12;16,33167;0,6442974;-0,142168;0,1241661;0,6160277;0,1631893
13;torus;1;4;13,50888;12;16,33167;0,7993981;-0,1802296;0,1682133;0,7604334;0,1597945
13;torus;1;4;13,52386;12;16,33167;0,7197731;-0,1571385;0,1014038;0,6950526;0,1570704
13;torus;1;4;13,54921;12;16,33167;0,564451;-0,1113015;-0,03278495;0,5523967;0,1654698
13;torus;1;4;13,56337;12;16,33167;0,7886274;-0,1414644;-0,2117593;0,7463773;0,1599223
13;torus;1;4;13,57768;12;16,33167;0,7886274;-0,1414644;-0,2117593;0,7463773;0,1599223
13;torus;1;4;13,59131;12;16,33167;0,8874764;-0,1667319;-0,1764922;0,8536189;0,1533107
13;torus;1;4;13,60546;12;16,33167;0,6827125;-0,1490784;0,06192534;0,663353;0,1602769
13;torus;1;4;13,61944;12;16,33167;0,6827125;-0,1490784;0,06192534;0,663353;0,1602769
13;torus;1;4;13,63328;12;16,33167;0,9847529;-0,2318174;0,1232642;0,9491074;0,1670469
13;torus;1;4;13,64821;12;16,33167;0,8005173;-0,188917;0,09496684;0,7720878;0,1668071
13;torus;1;4;13,66398;12;16,33167;0,7930072;-0,1850266;-0,03064176;0,7705106;0,1710748
13;torus;1;4;13,68881;12;16,33167;0,7827366;-0,1313584;-0,3957304;0,6624342;0,1693392
13;torus;1;4;13,70341;12;16,33167;1,150792;-0,1984862;-0,6134107;0,9532325;0,1713764
13;torus;1;4;13,71814;12;16,33167;1,150792;-0,1984862;-0,6134107;0,9532325;0,1607473
13;torus;1;4;13,73203;12;16,33167;0,928819;-0,1069581;-0,624258;0,679387;0,1573616
13;torus;1;4;13,74584;12;16,33167;0,5760447;-0,059506;-0,3623439;0,4438395;0,157021
13;torus;1;4;13,75969;12;16,33167;0,5760447;-0,059506;-0,3623439;0,4438395;0,157021
13;torus;1;4;13,77363;12;16,33167;0,5456983;-0,0929925;-0,06655541;0,5335817;0,1627957
13;torus;1;4;13,78701;12;16,33167;0,6076111;-0,136857;-0,04872502;0,5899892;0,1768845
13;torus;1;4;13,80084;12;16,33167;0,7363441;-0,1838072;-0,1115733;0,7042506;0,1850243
13;torus;1;4;13,81495;12;16,33167;0,7363441;-0,1838072;-0,1115733;0,7042506;0,1847471
13;torus;1;4;13,82853;12;16,33167;1,267295;-0,2438446;-0,7397587;0,9996666;0,1890548
13;torus;1;4;13,84253;12;16,33167;0,7913789;-0,08743224;-0,625418;0,4769575;0,1902833
13;torus;1;4;13,85599;12;16,33167;0,7913789;-0,08743224;-0,625418;0,4769575;0,1902833
13;torus;1;4;13,86918;12;16,33167;0,7671517;-0,04612241;-0,624398;0,4433075;0,1912038
13;torus;1;4;13,883;12;16,33167;0,4159783;-0,03682046;-0,2976678;0,2882292;0,1994952
13;torus;1;4;13,89699;12;16,33167;0,4159783;-0,03682046;-0,2976678;0,2882292;0,2045152
13;torus;1;4;13,91137;12;16,33167;0,7921762;-0,1728896;-0,363805;0,6821277;0,2120756
13;torus;1;4;13,92516;12;16,33167;0,5975031;-0,1726793;-0,1672417;0,5470119;0,2156249
13;torus;1;4;13,93931;12;16,33167;0,5975031;-0,1726793;-0,1672417;0,5470119;0,2257067
13;torus;1;4;13,95351;12;16,33167;1,141485;-0,292271;-0,542999;0,9605824;0,2372188
13;torus;1;4;13,96723;12;16,33167;0,529985;0,001941165;-0,5020353;0,1698259;0,227312
13;torus;1;4;13,98133;12;16,33167;0,4851498;0,1136128;-0,4649363;-0,07935166;0,2228526
13;torus;1;4;13,99551;12;16,33167;0,4851498;0,1136128;-0,4649363;-0,07935166;0,2281081
13;torus;1;4;14,00916;12;16,33167;0,8374842;0,08266568;-0,824818;0,119254;0,2249882
13;torus;1;4;14,02327;12;16,33167;0,4526469;-0,06449223;-0,3411055;0,2904773;0,2307691
13;torus;1;4;14,03712;12;16,33167;0,4526469;-0,06449223;-0,3411055;0,2904773;0,2307691
13;torus;1;4;14,05121;12;16,33167;0,8081684;-0,1035511;-0,6098427;0,5201012;0,2398418
13;torus;1;4;14,06511;12;16,33167;0,3585795;0,03806353;-0,3508665;0,06342828;0,2387521
13;torus;1;4;14,07924;12;16,33167;0,3585795;0,03806353;-0,3508665;0,06342828;0,2387521
13;torus;1;4;14,09284;12;16,33167;0,7509608;0,1606166;-0,7307693;-0,06419122;0,2354329
13;torus;1;4;14,10699;12;16,33167;0,4071869;0,08990765;-0,39123;-0,06824136;0,2424453
13;torus;1;4;14,12086;12;16,33167;0,302617;0,02727509;-0,2936408;0,06788373;0,2427237
13;torus;1;4;14,13463;12;16,33167;0,302617;0,02727509;-0,2936408;0,06788373;0,2447644
13;torus;1;4;14,14853;12;16,33167;0,1587193;0,1276493;-0,09328425;0,01398325;0,2454332
13;torus;1;4;14,16268;12;16,33167;0,292753;0,1447976;-0,1826003;-0,1771867;0,2423805
13;torus;1;4;14,1764;12;16,33167;0,292753;0,1447976;-0,1826003;-0,1771867;0,2390533
13;torus;1;4;14,19045;12;16,33167;1,059108;0,3410697;-0,8564335;-0,5214423;0,230568
13;torus;1;4;14,2047;12;16,33167;0,4410541;0,1356423;-0,3745716;-0,1892775;0,2182612
13;torus;1;4;14,2182;12;16,33167;0,4410541;0,1356423;-0,3745716;-0,1892775;0,215211
13;torus;1;4;14,23204;12;16,33167;0,4696348;0,08767843;-0,4577663;0,05761385;0,2175999
13;torus;1;4;14,24613;12;16,33167;0,3123489;0,05060434;-0,3082223;0,0001460314;0,2224652
13;torus;1;4;14,26002;12;16,33167;0,4047113;0,002145767;-0,3955968;0,08538067;0,2285206
13;torus;1;4;14,27404;12;16,33167;0,4047113;0,002145767;-0,3955968;0,08538067;0,2285206
13;torus;1;4;14,28785;12;16,33167;0,9525303;0,1086295;-0,9372585;-0,1306146;0,231986
13;torus;1;4;14,30221;12;16,33167;0,4531959;0,02176166;-0,4526574;-0,003772974;0,2321192
13;torus;1;4;14,31577;12;16,33167;0,4531959;0,02176166;-0,4526574;-0,003772974;0,2294575
13;torus;1;4;14,32979;12;16,33167;0,8509653;-0,1309037;-0,7448286;0,390175;0,2397179
13;torus;1;4;14,34421;12;16,33167;0,433997;-0,1360953;-0,1792379;0,3710866;0,2469876
13;torus;1;4;14,35776;12;16,33167;0,433997;-0,1360953;-0,1792379;0,3710866;0,2469876
13;torus;1;4;14,37156;12;16,33167;0,7939285;-0,09170771;-0,7459097;0,25599;0,2552991
13;torus;1;4;14,38541;12;16,33167;0,3828247;0,08695722;-0,3325887;-0,1684576;0,2552617
13;torus;1;4;14,39955;12;16,33167;0,3828247;0,08695722;-0,3325887;-0,1684576;0,2552617
13;torus;1;4;14,41345;12;16,33167;0,756497;0,1700461;-0,6521635;-0,343591;0,2547849
13;torus;1;4;14,42733;12;16,33167;0,4470077;0,03941059;-0,4320189;-0,1078069;0,2620761
13;torus;1;4;14,44098;12;16,33167;0,3163053;0,01400113;-0,3139347;-0,03602803;0,2476691
13;torus;1;4;14,45492;12;16,33167;0,3163053;0,01400113;-0,3139347;-0,03602803;0,2480161
13;torus;1;4;14,46895;12;16,33167;0,4389092;-0,06386638;-0,4013501;0,1657724;0,2475633
13;torus;1;4;14,48286;12;16,33167;0,07288764;0,01272559;-0,06919131;0,01905859;0,2604789
13;torus;1;4;14,49666;12;16,33167;0,07288764;0,01272559;-0,06919131;0,01905859;0,2474931
13;torus;1;4;14,51063;12;16,33167;0,5545875;0,09414554;-0,5050063;-0,2089798;0,2410165
13;torus;1;4;14,52456;12;16,33167;0,405717;0,0272572;-0,3902785;-0,1074523;0,2369086
13;torus;1;4;14,53846;12;16,33167;0,405717;0,0272572;-0,3902785;-0,1074523;0,2369086
13;torus;1;4;14,55239;12;16,33167;1,140688;-0,008749962;-1,121823;-0,2064139;0,2266128
13;torus;1;4;14,56639;12;16,33167;0,4402078;0,04153252;-0,4036069;-0,1707613;0,22134
13;torus;1;4;14,58049;12;16,33167;0,3379942;0,0808537;-0,2487965;-0,2140164;0,2217769
13;torus;1;4;14,59479;12;16,33167;0,3379942;0,0808537;-0,2487965;-0,2140164;0,2217769
13;torus;1;4;14,60841;12;16,33167;0,5601802;0,07186532;-0,5111292;-0,2176791;0,2146558
13;torus;1;4;14,62237;12;16,33167;0,352914;0,008845329;-0,3454514;-0,07164776;0,2116912
13;torus;1;4;14,63608;12;16,33167;0,352914;0,008845329;-0,3454514;-0,07164776;0,2116912
13;torus;1;4;14,64998;12;16,33167;0,8892581;0,06389895;-0,8287345;-0,3160635;0,2024222
13;torus;1;4;14,66377;12;16,33167;0,4290209;-0,0121955;-0,424439;-0,0613336;0,1972046
13;torus;1;4;14,67787;12;16,33167;0,4290209;-0,0121955;-0,424439;-0,0613336;0,222177
13;torus;1;4;14,69196;12;16,33167;0,9298589;-0,06748807;-0,9252058;-0,06385258;0,2245241
13;torus;1;4;14,70573;12;16,33167;0,5243781;0,08398116;-0,427017;-0,2925338;0,2173966
13;torus;1;4;14,71983;12;16,33167;0,5243781;0,08398116;-0,427017;-0,2925338;0,2023535
13;torus;1;4;14,73411;12;16,33167;0,7618051;0,09714086;-0,6569259;-0,3733083;0,1994128
13;torus;1;4;14,74728;12;16,33167;0,4350816;0,008558916;-0,4126821;-0,1375363;0,1925225
13;torus;1;4;14,7615;12;16,33167;0,419233;-0,02747652;-0,4116938;-0,07422604;0,1932212
13;torus;1;4;14,77559;12;16,33167;0,419233;-0,02747652;-0,4116938;-0,07422604;0,1895543
13;torus;1;4;14,78957;12;16,33167;0,5332432;-0,02544242;-0,5181839;-0,1232332;0,190548
13;torus;1;4;14,80353;12;16,33167;0,3357681;-0,03626766;-0,3309921;-0,04323356;0,1860178
13;torus;1;4;14,81724;12;16,33167;0,3357681;-0,03626766;-0,3309921;-0,04323356;0,1883884
13;torus;1;4;14,83134;12;16,33167;0,6977146;-0,0103833;-0,6450309;-0,2657686;0,1884829
13;torus;1;4;14,84499;12;16,33167;0,4644919;0,033589;-0,385349;-0,2571587;0,1805221
13;torus;1;4;14,85893;12;16,33167;0,4644919;0,033589;-0,385349;-0,2571587;0,1805221
13;torus;1;4;14,87285;12;16,33167;0,6845166;0,1799024;-0,3062267;-0,5851695;0,1721836
13;torus;1;4;14,88692;12;16,33167;0,5915518;0,131203;-0,319721;-0,4801019;0,1666754
13;torus;1;4;14,90034;12;16,33167;0,5630946;0,1038173;-0,3426077;-0,4346462;0,1629643
13;torus;1;4;14,91445;12;16,33167;0,5630946;0,1038173;-0,3426077;-0,4346462;0,1655254
13;torus;1;4;14,92835;12;16,33167;0,9626719;0,04518494;-0,7823916;-0,5590698;0,1651109
13;torus;1;4;14,94203;12;16,33167;0,7984507;0,02964575;-0,6474792;-0,4662782;0,1599159
13;torus;1;4;14,95617;12;16,33167;0,7984507;0,02964575;-0,6474792;-0,4662782;0,1599159
13;torus;1;4;14,9699;12;16,33167;0,7423205;0,0670649;-0,5187524;-0,5267239;0,1592644
13;torus;1;4;14,98398;12;16,33167;0,6245326;0,05965356;-0,418691;-0,4595435;0,1518875
13;torus;1;4;14,99815;12;16,33167;0,6245326;0,05965356;-0,418691;-0,4595435;0,1546763
13;torus;1;4;15,01225;12;16,33167;0,8077498;0,05462086;-0,5504071;-0,5886666;0,1543051
13;torus;1;4;15,02607;12;16,33167;0,6880454;0,008307224;-0,519163;-0,4514503;0,1568892
13;torus;1;4;15,03985;12;16,33167;0,6880454;0,008307224;-0,519163;-0,4514503;0,1568892
13;torus;1;4;15,05359;12;16,33167;0,992214;-0,0546293;-0,8254893;-0,5477879;0,1652299
13;torus;1;4;15,06736;12;16,33167;0,7378103;-0,05697465;-0,6290859;-0,3812727;0,177243
13;torus;1;4;15,0814;12;16,33167;0,6189473;0,01453101;-0,4360574;-0,4390199;0,1790357
13;torus;1;4;15,09556;12;16,33167;0,6189473;0,01453101;-0,4360574;-0,4390199;0,1829988
13;torus;1;4;15,10962;12;16,33167;1,007877;0,2007191;-0,3134847;-0,9366192;0,1827326
13;torus;1;4;15,12299;12;16,33167;0,6365005;0,1430178;-0,1338982;-0,605599;0,1785932
13;torus;1;4;15,13729;12;16,33167;0,6365005;0,1430178;-0,1338982;-0,605599;0,1799011
13;torus;1;4;15,15117;12;16,33167;0,7682468;0,1267351;-0,2398232;-0,7187671;0,1819772
13;torus;1;4;15,16487;12;16,33167;0,4428085;0,08853164;-0,0765499;-0,4270616;0,1826131
13;torus;1;4;15,17884;12;16,33167;0,4428085;0,08853164;-0,0765499;-0,4270616;0,1826131
13;torus;1;4;15,19335;12;16,33167;0,8988695;0,2772688;0,2340255;-0,822387;0,1783299
13;torus;1;4;15,20657;12;16,33167;0,5555732;0,180478;0,235316;-0,4698038;0,1727389
13;torus;1;4;15,22058;12;16,33167;0,3907925;0,1110096;0,09809593;-0,3616253;0,170905
13;torus;1;4;15,23449;12;16,33167;0,3907925;0,1110096;0,09809593;-0,3616253;0,1707166
13;torus;1;4;15,24866;12;16,33167;0,693012;0,09170964;-0,1939844;-0,6589575;0,1775958
13;torus;1;4;15,26241;12;16,33167;0,4421268;0,09133144;-0,005475362;-0,432556;0,1759057
13;torus;1;4;15,27646;12;16,33167;0,4421268;0,09133144;-0,005475362;-0,432556;0,1778008
13;torus;1;4;15,29029;12;16,33167;0,8866361;0,2659765;0,3783773;-0,7564461;0,1763811
13;torus;1;4;15,30454;12;16,33167;0,5667855;0,1773867;0,3776229;-0,3836413;0,1670879
13;torus;1;4;15,31808;12;16,33167;0,5667855;0,1773867;0,3776229;-0,3836413;0,1580192
13;torus;1;4;15,33219;12;16,33167;0,7336268;0,2230765;0,483816;-0,5043484;0,1545977
13;torus;1;4;15,34629;12;16,33167;0,5490474;0,1625684;0,3541617;-0,3867739;0,1565788
13;torus;1;4;15,36002;12;16,33167;0,4105426;0,1174895;0,2532933;-0,3009716;0,1527653
13;torus;1;4;15,37384;12;16,33167;0,4105426;0,1174895;0,2532933;-0,3009716;0,1527653
13;torus;1;4;15,38832;12;16,33167;0,5571901;0,1540805;0,385165;-0,3719783;0,151948
13;torus;1;4;15,40161;12;16,33167;0,4858264;0,13203;0,3003537;-0,3583058;0,1527932
13;torus;1;4;15,41581;12;16,33167;0,4858264;0,13203;0,3003537;-0,3583058;0,1433309
13;torus;1;4;15,42941;12;16,33167;0,6050439;0,1521518;0,2405263;-0,5339242;0,1473902
13;torus;1;4;15,44346;12;16,33167;0,5462552;0,1378269;0,2307436;-0,4755585;0,1518017
13;torus;1;4;15,45765;12;16,33167;0,5462552;0,1378269;0,2307436;-0,4755585;0,1518017
13;torus;1;4;15,47128;12;16,33167;0,725132;0,1932423;0,4807442;-0,5073055;0,1532642
13;torus;1;4;15,48548;12;16,33167;0,5772945;0,1476301;0,4243094;-0,3625407;0,1506888
13;torus;1;4;15,49926;12;16,33167;0,5772945;0,1476301;0,4243094;-0,3625407;0,1506888
13;torus;1;4;15,51294;12;16,33167;0,5227073;0,1208009;0,4290418;-0,2730444;0,1507716
13;torus;1;4;15,52688;12;16,33167;0,4581539;0,1023767;0,3681753;-0,2527272;0,1491871
13;torus;1;4;15,54083;12;16,33167;0,364948;0,07659354;0,2625767;-0,2416071;0,1505819
13;torus;1;4;15,55477;12;16,33167;0,364948;0,07659354;0,2625767;-0,2416071;0,1505819
13;torus;1;4;15,56877;12;16,33167;0,4595268;0,09134413;0,3125864;-0,3242081;0,1532672
13;torus;1;4;15,5827;12;16,33167;0,4483577;0,08913743;0,3335322;-0,286069;0,1521065
13;torus;1;4;15,59738;12;16,33167;0,4483577;0,08913743;0,3335322;-0,286069;0,1521065
13;torus;1;4;15,61044;12;16,33167;0,6066344;0,1139418;0,4861633;-0,3444819;0,1549422
13;torus;1;4;15,62436;12;16,33167;0,5757805;0,1045764;0,5062602;-0,25355;0,1513411
13;torus;1;4;15,63833;12;16,33167;0,5757805;0,1045764;0,5062602;-0,25355;0,1552799
13;torus;1;4;15,65222;12;16,33167;0,8666045;0,1556832;0,7851174;-0,3322;0,1562793
13;torus;1;4;15,66606;12;16,33167;0,7225958;0,1238098;0,6628615;-0,2596739;0,1547102
13;torus;1;4;15,68002;12;16,33167;0,628302;0,09560775;0,5856404;-0,2065137;0,1568489
13;torus;1;4;15,694;12;16,33167;0,628302;0,09560775;0,5856404;-0,2065137;0,158732
13;torus;1;4;15,70806;12;16,33167;0,702898;0,09358394;0,6390234;-0,277411;0,1622342
13;torus;1;4;15,72233;12;16,33167;0,4841914;0,06162283;0,4361532;-0,2010331;0,1635965
13;torus;1;4;15,7357;12;16,33167;0,4841914;0,06162283;0,4361532;-0,2010331;0,1731477
13;torus;1;4;15,74975;12;16,33167;0,5984839;0,05500766;0,5523788;-0,2236846;0,1766104
13;torus;1;4;15,7637;12;16,33167;0,4335977;0,03216585;0,4212381;-0,09762559;0,178772
13;torus;1;4;15,77737;12;16,33167;0,4335977;0,03216585;0,4212381;-0,09762559;0,178772
13;torus;1;4;15,7919;12;16,33167;0,7617264;0,01346005;0,7536927;0,1095142;0,1762031
13;torus;1;4;15,80588;12;16,33167;0,4949477;0,006828682;0,4917228;0,05599333;0,1852634
13;torus;1;4;15,81916;12;16,33167;0,4949477;0,006828682;0,4917228;0,05599333;0,1732584
13;torus;1;4;15,83309;12;16,33167;0,659439;0,03347841;0,6500926;-0,105445;0,1795977
13;torus;1;4;15,84721;12;16,33167;0,4106207;0,03061126;0,3678799;-0,1798242;0,1789462
13;torus;1;4;15,86116;12;16,33167;0,3057786;0,02202833;0,2256471;-0,2051797;0,1841666
13;torus;1;4;15,8748;12;16,33167;0,3057786;0,02202833;0,2256471;-0,2051797;0,1818171
13;torus;1;4;15,88875;12;16,33167;0,3639829;-0,01344061;0,3312701;-0,1502099;0,1866721
13;torus;1;4;15,90324;12;16,33167;0,1202262;-0,03950711;0,111756;0,0201026;0,1869082
13;torus;1;4;15,91659;12;16,33167;0,1202262;-0,03950711;0,111756;0,0201026;0,1869082
13;torus;1;4;15,93061;12;16,33167;0,3119199;-0,04605335;0,3077729;0,02118815;0,1885719
13;torus;1;4;15,94456;12;16,33167;0,2185409;-0,01258129;0,2042791;-0,0766281;0,1914806
13;torus;1;4;15,95834;12;16,33167;0,2185409;-0,01258129;0,2042791;-0,0766281;0,1914806
13;torus;1;4;15,97245;12;16,33167;0,4144785;0,003321367;0,1137599;-0,3985474;0,1995731
13;torus;1;4;15,9862;12;16,33167;0,336994;-0,0003430156;0,02457751;-0,3360964;0,2058544
13;torus;1;4;16,00018;12;16,33167;0,3643612;0,009440089;0,1781144;-0,3177188;0,2130167
13;torus;1;4;16,01422;12;16,33167;0,3643612;0,009440089;0,1781144;-0,3177188;0,2130167
13;torus;1;4;16,02826;12;16,33167;0,5162055;-0,006646635;0,434135;-0,2791968;0,2214698
13;torus;1;4;16,042;12;16,33167;0,4099286;0,02508532;0,2825288;-0,2959554;0,227816
13;torus;1;4;16,05609;12;16,33167;0,4099286;0,02508532;0,2825288;-0,2959554;0,227816
13;torus;1;4;16,06969;12;16,33167;1,243509;0,1431631;0,6016691;-1,078802;0,2526296
13;torus;1;4;16,08364;12;16,33167;0,844273;0,09800017;0,1964732;-0,8152246;0,1869898
13;torus;1;4;16,09784;12;16,33167;0,844273;0,09800017;0,1964732;-0,8152246;0,176574
13;torus;1;4;16,11142;12;16,33167;0,9413186;0,07934702;0,1821107;-0,9201198;0,1598849
13;torus;1;4;16,12546;12;16,33167;0,5399824;0,03148269;0,1802109;-0,5080491;0,1624993
13;torus;1;4;16,13946;12;16,33167;0,5399824;0,03148269;0,1802109;-0,5080491;0,1514533
13;torus;1;4;16,15342;12;16,33167;0,3582072;-0,00808294;0,3284204;-0,1427834;0,1511748
13;torus;1;4;16,1673;12;16,33167;0,3253195;-0,003019775;0,2836664;-0,1592389;0,1564486
13;torus;1;4;16,18113;12;16,33167;0,3728513;0,01383126;0,2791426;-0,2467918;0,1472133
13;torus;1;4;16,19514;12;16,33167;0,3728513;0,01383126;0,2791426;-0,2467918;0,151535
13;torus;1;4;16,20911;12;16,33167;0,599969;0,04197891;0,1626633;-0,5759698;0,1401079
13;torus;1;4;16,22294;12;16,33167;0,5848048;0,03688655;0,03780382;-0,5824147;0,1245298
13;torus;1;4;16,23705;12;16,33167;0,5848048;0,03688655;0,03780382;-0,5824147;0,1245298
13;torus;1;4;16,25117;12;16,33167;0,3751498;0,008977599;-0,1343889;-0,3501377;0,1175251
13;torus;1;4;16,26499;12;16,33167;0,3744207;0,01155058;-0,1140265;-0,3564483;0,1218066
13;torus;1;4;16,27872;12;16,33167;0,3744207;0,01155058;-0,1140265;-0,3564483;0,1218066
13;torus;1;4;16,29257;12;16,33167;0,2713197;0,01028747;-0,06220037;-0,2638933;0,118674
13;torus;1;4;16,30661;12;16,33167;0,2618732;0,008832186;-0,0690484;-0,2524517;0,1057275
13;torus;1;4;16,3209;12;16,33167;0,1074752;0,0007321376;-0,03740688;-0,1007527;0,1038095
13;torus;1;4;16,3343;12;16,33167;0,1074752;0,0007321376;-0,03740688;-0,1007527;0,1038095
13;torus;1;4;16,34826;12;16,33167;0,06466663;-0,03049874;-0,01180223;-0,05578806;0,1030248
13;torus;1;4;16,36222;12;16,33167;0,05358541;-0,04212952;0,005838975;-0,03259456;0,1030234
13;torus;1;4;16,3761;12;16,33167;0,05358541;-0,04212952;0,005838975;-0,03259456;0,1030234
13;torus;1;4;16,39;12;16,33167;0,07004797;-0,0371573;0,03676152;-0,04663306;0,1031063
13;torus;1;4;16,40435;12;16,33167;0,07615288;-0,0280594;0,0491657;-0,05093786;0,1032723
13;torus;1;4;16,41786;12;16,33167;0,07615288;-0,0280594;0,0491657;-0,05093786;0,1032723
13;torus;1;4;16,43173;12;16,33167;0,1063799;-0,02018057;0,06783219;-0,07942438;0,1030689
13;torus;1;4;16,44615;12;16,33167;0,03612427;-0,02949492;-0,01174332;-0,0172368;0,1044726
13;torus;1;4;16,4595;12;16,33167;0,03612427;-0,02949492;-0,01174332;-0,0172368;0,1033494
13;torus;1;4;16,47357;12;16,33167;0,03579896;-0,02800276;-0,007648483;-0,02095023;0,1034519
13;torus;1;4;16,48742;12;16,33167;0,03309047;-0,02437979;-0,00864231;-0,02063772;0,1034834
13;torus;1;4;16,50135;12;16,33167;0,03173536;-0,0225753;-0,00940724;-0,02022356;0,1034889
13;torus;1;4;16,51543;12;16,33167;0,03173536;-0,0225753;-0,00940724;-0,02022356;0,1034889
13;torus;1;4;16,52928;12;16,33167;0,03736928;-0,02785199;-0,009099339;-0,02319336;0,1035121
13;torus;1;4;16,54325;12;16,33167;0,04733002;-0,0257617;-0,01827575;-0,03524858;0,1031208
13;torus;1;4;16,55728;12;16,33167;0,04733002;-0,0257617;-0,01827575;-0,03524858;0,1045378
13;torus;1;4;16,57108;12;16,33167;0,09019716;-0,07730785;-0,002759933;-0,04638326;0,1046142
13;torus;1;4;16,5851;12;16,33167;0,08326285;-0,06660987;-0,0109978;-0,0487327;0,1046731
13;torus;1;4;16,59894;12;16,33167;0,08326285;-0,06660987;-0,0109978;-0,0487327;0,1046731
13;torus;1;4;16,61274;12;16,33167;0,1021157;-0,07089583;-0,02097648;-0,07043713;0,1045929
13;torus;1;4;16,62675;12;16,33167;0,09161294;-0,07330303;-0,01521363;-0,05280286;0,1048953
13;torus;1;4;16,64066;12;16,33167;0,09713029;-0,07400496;-0,01842992;-0,06014895;0,1051018
13;torus;1;4;16,65472;12;16,33167;0,09713029;-0,07400496;-0,01842992;-0,06014895;0,1034514
13;torus;1;4;16,66859;12;16,33167;0,04696628;-0,0283866;-0,01270578;-0,03519368;0,1032742
13;torus;1;4;16,68267;12;16,33167;0,0369464;-0,02713824;-0,006946048;-0,02408952;0,1033466
13;torus;1;4;16,69638;12;16,33167;0,0369464;-0,02713824;-0,006946048;-0,02408952;0,1033466
13;torus;1;4;16,71045;12;16,33167;0,06378271;-0,04711215;-0,007319663;-0,04236865;0,1034006
13;torus;1;4;16,72435;12;16,33167;0,0695979;-0,05086023;-0,008657755;-0,04671347;0,1034449
13;torus;1;4;16,73804;12;16,33167;0,0695979;-0,05086023;-0,008657755;-0,04671347;0,1051925
13;torus;1;4;16,75198;12;16,33167;0,2427037;-0,1799852;-0,02810329;-0,1603765;0,1054614
13;torus;1;4;16,76581;12;16,33167;0,243764;-0,1760224;-0,02144586;-0,1672635;0,1057479
13;torus;1;4;16,77973;12;16,33167;0,243764;-0,1760224;-0,02144586;-0,1672635;0,1057479
13;torus;1;4;16,7937;12;16,33167;0,2795583;-0,1912444;-0,01513879;-0,2033452;0,1059746
13;torus;1;4;16,80787;12;16,33167;0,1997005;-0,130103;-0,002607487;-0,1514817;0,1060975
13;torus;1;4;16,82162;12;16,33167;0,2174074;-0,1343196;-0,008014657;-0,170763;0,1052624
13;torus;1;4;16,83587;12;16,33167;0,2174074;-0,1343196;-0,008014657;-0,170763;0,1052624
13;torus;1;4;16,84949;12;16,33167;0,09980506;-0,04882916;-0,01397272;-0,0859158;0,1052419
13;torus;1;4;16,86352;12;16,33167;0,1117316;-0,06721433;-0,00195365;-0,08923209;0,1055459
13;torus;1;4;16,87733;12;16,33167;0,1117316;-0,06721433;-0,00195365;-0,08923209;0,1055459
13;torus;1;4;16,8913;12;16,33167;0,1335597;-0,08524911;0,006593041;-0,1026027;0,1063038
13;torus;1;4;16,9054;12;16,33167;0,03042892;0,01740529;0,01998777;0,01494873;0,1066891
13;torus;1;4;16,9193;12;16,33167;0,03042892;0,01740529;0,01998777;0,01494873;0,1066891
13;torus;1;4;16,93303;12;16,33167;0,05754094;-0,02547254;0,004848875;-0,05136728;0,1070083
13;torus;1;4;16,94685;12;16,33167;0,08017085;-0,03805606;0,004883462;-0,07039356;0,1073869
13;torus;1;4;16,96084;12;16,33167;0,1442979;-0,07553791;-0,04635798;-0,1138721;0,1077505
13;torus;1;4;16,97482;12;16,33167;0,1442979;-0,07553791;-0,04635798;-0,1138721;0,1077505
13;torus;1;4;16,98868;12;16,33167;0,151052;-0,07681061;-0,01770546;-0,128854;0,108532
13;torus;1;4;17,00264;12;16,33167;0,06749164;-0,01019019;-0,01755371;-0,06436729;0,1067648
13;torus;1;4;17,0167;12;16,33167;0,06749164;-0,01019019;-0,01755371;-0,06436729;0,1067648
13;torus;1;4;17,03054;12;16,33167;0,5128516;-0,2598652;-0,01042987;-0,4420159;0,107587
13;torus;1;4;17,04434;12;16,33167;1,525195;-0,1631064;-0,4271823;-1,455036;0,1092837
13;torus;1;4;17,0582;12;16,33167;1,525195;-0,1631064;-0,4271823;-1,455036;0,110296
13;torus;1;4;17,07218;12;16,33167;2,019898;-0,5330988;0,3295664;-1,920203;0,1192527
13;torus;1;4;17,08608;12;16,33167;1,606474;-0,2549272;0,109585;-1,582328;0,1285881
13;torus;1;4;17,10003;12;16,33167;2,000379;-0,3800775;0,3825521;-1,926321;0,1216137
13;torus;1;4;17,11434;12;16,33167;2,000379;-0,3800775;0,3825521;-1,926321;0,1171075
13;torus;1;4;17,12782;12;16,33167;2,8207;-0,004978598;-0,06114459;-2,820033;0,1517692
13;torus;1;4;17,14204;12;16,33167;2,640071;-0,02891129;-0,05655097;-2,639307;0,1940932
13;torus;1;4;17,15614;12;16,33167;2,640071;-0,02891129;-0,05655097;-2,639307;0,1926627
13;torus;1;4;17,17005;12;16,33167;16,56457;-0,4184153;-0,3543269;-16,5555;0,4909173
13;torus;1;4;17,18376;12;16,33167;5,498096;-0,6657139;-0,018897;-5,457612;0,1643582
13;torus;1;4;17,19745;12;16,33167;5,498096;-0,6657139;-0,018897;-5,457612;0,1488139
13;torus;1;4;17,21145;12;16,33167;2,058586;-0,01092853;-0,1480587;-2,053226;0,1791955
13;torus;1;4;17,22541;12;16,33167;1,456282;-0,04578869;-0,07809316;-1,453465;0,2010996
13;torus;1;4;17,23926;12;16,33167;1,456282;-0,04578869;-0,07809316;-1,453465;0,2010996
13;torus;1;4;17,25344;12;16,33167;2,367257;-0,2079339;0,03611422;-2,357831;0,2416269
13;torus;1;4;17,26746;12;16,33167;0,8908235;-0,12546;0,03289083;-0,8813311;0,2575639
13;torus;1;4;17,281;12;16,33167;0,5531709;-0,1270858;-0,07884121;-0,5325705;0,2664773
13;torus;1;4;17,29498;12;16,33167;0,5531709;-0,1270858;-0,07884121;-0,5325705;0,2664773
13;torus;1;4;17,30902;12;16,33167;0,4209977;-0,1476467;-0,2356097;-0,3161132;0,2703311
13;torus;1;4;17,32314;12;16,33167;0,2745986;-0,08915663;0,03267005;-0,257659;0,2752459
13;torus;1;4;17,33671;12;16,33167;0,2745986;-0,08915663;0,03267005;-0,257659;0,2752459
13;torus;1;4;17,35059;12;16,33167;0,6895155;-0,1841187;0,2973683;-0,5942255;0,2884327
13;torus;1;4;17,36473;12;16,33167;0,4811786;-0,1498342;0,1323886;-0,4376709;0,2974788
13;torus;1;4;17,37852;12;16,33167;0,4811786;-0,1498342;0,1323886;-0,4376709;0,3004169
13;torus;1;4;17,39256;12;16,33167;1,056915;-0,3808796;-0,07748455;-0,9828508;0,3175111
13;torus;1;4;17,4065;12;16,33167;0,4615061;-0,1623034;0,0549525;-0,4285157;0,3245131
13;torus;1;4;17,4209;12;16,33167;0,3712089;-0,1283884;0,08621365;-0,3374606;0,3253758
13;torus;1;4;17,43418;12;16,33167;0,3712089;-0,1283884;0,08621365;-0,3374606;0,3298171
13;torus;1;4;17,44806;12;16,33167;0,5857431;-0,2162755;0,1217023;-0,5305737;0,3383677
13;torus;1;4;17,462;12;16,33167;0,2454569;-0,0651896;0,1577951;-0,1763523;0,3405459
13;torus;1;4;17,47603;12;16,33167;0,2454569;-0,0651896;0,1577951;-0,1763523;0,3390383
13;torus;1;4;17,49007;12;16,33167;0,5328395;-0,093925;0,4444666;-0,2784699;0,3417294
13;torus;1;4;17,50378;12;16,33167;0,1051528;-0,04977584;-0,04963428;-0,07820427;0,3475844
13;torus;1;4;17,51768;12;16,33167;0,1051528;-0,04977584;-0,04963428;-0,07820427;0,347539
13;torus;1;4;17,53186;12;16,33167;0,2330024;-0,09816289;0,02875775;-0,2093494;0,3510175
13;torus;1;4;17,54604;12;16,33167;0,07761507;-0,02664924;0,0189513;-0,07039011;0,3521638
13;torus;1;4;17,55946;12;16,33167;0,07761507;-0,02664924;0,0189513;-0,07039011;0,3521638
13;torus;1;4;17,57343;12;16,33167;0,2033284;-0,01621842;0,1863614;-0,07967949;0,352643
13;torus;1;4;17,58768;12;16,33167;0,06219007;0,02326965;-0,008181483;0,05708933;0,3516735
13;torus;1;4;17,60124;12;16,33167;0,09896001;0,03487468;0,05662814;0,07328093;0,3501
13;torus;1;4;17,61511;12;16,33167;0,09896001;0,03487468;0,05662814;0,07328093;0,3418311
13;torus;1;4;17,62932;12;16,33167;0,4252273;0,1633346;0,02040118;0,3920764;0,3347871
13;torus;1;4;17,64301;12;16,33167;0,3744506;0,1291811;-0,1066163;0,3349006;0,3395044
13;torus;1;4;17,65691;12;16,33167;0,3744506;0,1291811;-0,1066163;0,3349006;0,3374931
13;torus;1;4;17,671;12;16,33167;1,006596;0,3688097;-0,1176655;0,9291768;0,3218479
13;torus;1;4;17,68502;12;16,33167;0,5147896;0,1914024;-0,004591048;0,4778624;0,3104494
13;torus;1;4;17,69878;12;16,33167;0,5147896;0,1914024;-0,004591048;0,4778624;0,3107489
13;torus;1;4;17,71269;12;16,33167;1,104411;0,3911078;-0,1095623;1,027012;0,2934618
13;torus;1;4;17,72662;12;16,33167;0,4808055;0,1548111;-0,1392469;0,4333794;0,2870355
13;torus;1;4;17,74035;12;16,33167;0,3916965;0,1320064;-0,08100122;0,3597766;0,2841355
13;torus;1;4;17,75435;12;16,33167;0,3916965;0,1320064;-0,08100122;0,3597766;0,2815773
13;torus;1;4;17,76825;12;16,33167;0,4324876;0,1399994;-0,1480684;0,3814727;0,2764252
13;torus;1;4;17,78255;12;16,33167;0,1312812;0,05170703;0,05046576;0,10961;0,27425
13;torus;1;4;17,79608;12;16,33167;0,1312812;0,05170703;0,05046576;0,10961;0,27425
13;torus;1;4;17,81013;12;16,33167;0,295385;0,1061678;0,0550963;0,2700835;0,2694098
13;torus;1;4;17,82417;12;16,33167;0,260938;0,08471608;0,004440546;0,2467632;0,2650945
13;torus;1;4;17,83844;12;16,33167;0,260938;0,08471608;0,004440546;0,2467632;0,2650945
13;torus;1;4;17,85206;12;16,33167;0,3189281;0,09544492;-0,01581311;0,3039002;0,2600921
13;torus;1;4;17,86604;12;16,33167;0,2812126;0,08883476;0,07497594;0,2560616;0,2579195
13;torus;1;4;17,87991;12;16,33167;0,2812126;0,08883476;0,07497594;0,2560616;0,2551053
13;torus;1;4;17,89355;12;16,33167;0,6391549;0,1922905;0,2118938;0,5715281;0,2436315
13;torus;1;4;17,9079;12;16,33167;0,3504026;0,1002729;0,07766634;0,3266424;0,2375233
13;torus;1;4;17,92148;12;16,33167;0,3651772;0,1005888;0,1737356;0,3050447;0,2309056
13;torus;1;4;17,93537;12;16,33167;0,3651772;0,1005888;0,1737356;0,3050447;0,2335193
13;torus;1;4;17,94927;12;16,33167;0,5995937;0,1427178;0,396916;0,4261477;0,2224031
13;torus;1;4;17,96322;12;16,33167;0,2749375;0,07190602;0,07544011;0,2544188;0,2174272
13;torus;1;4;17,97748;12;16,33167;0,2749375;0,07190602;0,07544011;0,2544188;0,2174272
13;torus;1;4;17,99117;12;16,33167;0,5740466;0,1316894;-0,1296531;0,5434864;0,2099454
13;torus;1;4;18,0051;12;16,33167;0,454143;0,1203157;0,1290046;0,4184827;0,2019172
13;torus;1;4;18,01891;12;16,33167;0,454143;0,1203157;0,1290046;0,4184827;0,2019172
13;torus;1;4;18,03297;12;16,33167;0,6298426;0,1508683;0,3914791;0,4697708;0,1903259
13;torus;1;4;18,04662;12;16,33167;0,3601965;0,08714764;0,2066647;0,2818448;0,1813328
13;torus;1;4;18,06063;12;16,33167;0,184652;0,0438259;0,09769762;0,1504355;0,177814
13;torus;1;4;18,07487;12;16,33167;0,184652;0,0438259;0,09769762;0,1504355;0,177814
13;torus;1;4;18,0885;12;16,33167;0,0285409;0,005631649;0,005416742;0,02745043;0,177306
13;torus;1;4;18,10236;12;16,33167;0,02417269;-0,002012067;-0,02371493;0,004227581;0,1774949
13;torus;1;4;18,11631;12;16,33167;0,02417269;-0,002012067;-0,02371493;0,004227581;0,1774949
13;torus;1;4;18,13037;12;16,33167;0,06979655;-0,001020045;-0,06498119;0,02545512;0,1777959
13;torus;1;4;18,14432;12;16,33167;0,04251125;-0,000200815;-0,03747778;0,02006445;0,1778861
13;torus;1;4;18,15817;12;16,33167;0,04251125;-0,000200815;-0,03747778;0,02006445;0,1778861
13;torus;1;4;18,17251;12;16,33167;0,03608186;2,271494E-05;-0,02873334;0,02182419;0,1778526
13;torus;1;4;18,1861;12;16,33167;0,03993562;-0,0001876011;-0,03255584;0,02312868;0,177844
13;torus;1;4;18,20009;12;16,33167;0,08413103;0,002659803;-0,07026316;0,04619571;0,1779025
13;torus;1;4;18,21383;12;16,33167;0,08413103;0,002659803;-0,07026316;0,04619571;0,1779025
13;torus;1;4;18,22777;12;16,33167;0,1542381;0,008707683;-0,1248737;0,09011181;0,177923
13;torus;1;4;18,24193;12;16,33167;0,09882417;-0,000342296;-0,08852952;0,0439161;0,1782779
13;torus;1;4;18,25573;12;16,33167;0,09882417;-0,000342296;-0,08852952;0,0439161;0,1782779
13;torus;1;4;18,26959;12;16,33167;0,08565616;0,001872183;-0,0585319;0,06250991;0,177998
13;torus;1;4;18,28366;12;16,33167;0,1268331;0,01675988;-0,05207269;0,1144298;0,1768636
13;torus;1;4;18,29738;12;16,33167;0,1268331;0,01675988;-0,05207269;0,1144298;0,1768636
13;torus;1;4;18,31142;12;16,33167;0,5248065;0,09347849;-0,1817719;0,4833659;0,1719378
13;torus;1;4;18,32545;12;16,33167;0,5649749;0,1156934;-0,112991;0,5413361;0,1665419
13;torus;1;4;18,33937;12;16,33167;0,5649749;0,1156934;-0,112991;0,5413361;0,1665419
13;torus;1;4;18,35301;12;16,33167;0,5520983;0,1287411;0,1092758;0,5256397;0,1574835
13;torus;1;4;18,36696;12;16,33167;0,4073032;0,09415187;0,09425999;0,3848979;0,1508264
13;torus;1;4;18,38085;12;16,33167;0,3305454;0,07587484;0,03765155;0,3195084;0,1459657
13;torus;1;4;18,39504;12;16,33167;0,3305454;0,07587484;0,03765155;0,3195084;0,1440977
13;torus;1;4;18,40881;12;16,33167;0,4602713;0,09472547;-0,09927564;0,4393417;0,139455
13;torus;1;4;18,42262;12;16,33167;0,4274551;0,08954935;-0,07585651;0,4110287;0,1346952
13;torus;1;4;18,43692;12;16,33167;0,4274551;0,08954935;-0,07585651;0,4110287;0,1420097
13;torus;1;4;18,45082;12;16,33167;0,45625;0,10057;-0,02648699;0,4442389;0,1359839
13;torus;1;4;18,46432;12;16,33167;0,4208378;0,09082195;-0,03464518;0,4094576;0,130894
13;torus;1;4;18,4783;12;16,33167;0,4208378;0,09082195;-0,03464518;0,4094576;0,1326155
13;torus;1;4;18,49216;12;16,33167;0,5188649;0,1056504;-0,07468063;0,5024755;0,1287864
13;torus;1;4;18,50635;12;16,33167;0,5268329;0,1043481;-0,08287503;0,509702;0,1156197
13;torus;1;4;18,52001;12;16,33167;0,4259324;0,0813942;-0,0738942;0,4115009;0,1128128
13;torus;1;4;18,5341;12;16,33167;0,4259324;0,0813942;-0,0738942;0,4115009;0,1128128
13;torus;1;4;18,5481;12;16,33167;0,194623;0,0340533;-0,04413877;0,1864679;0,1119079
13;torus;1;4;18,56185;12;16,33167;0,1569337;-0,004478138;-0,07378271;0,138435;0,1125927
13;torus;1;4;18,57588;12;16,33167;0,1569337;-0,004478138;-0,07378271;0,138435;0,1125927
13;torus;1;4;18,59002;12;16,33167;0,1429576;-0,0005294904;-0,05336732;0,1326218;0,1128236
13;torus;1;4;18,60404;12;16,33167;0,1211886;-0,005089361;-0,041582;0,1137176;0,1130479
13;torus;1;4;18,61745;12;16,33167;0,1211886;-0,005089361;-0,041582;0,1137176;0,1130479
13;torus;1;4;18,63156;12;16,33167;0,1347124;0,001422741;-0,02548113;0,1322729;0,11296
13;torus;1;4;18,64544;12;16,33167;0,1117138;-0,01900982;-0,002920933;0,1100458;0,1130303
13;torus;1;4;18,6593;12;16,33167;0,1117138;-0,01900982;-0,002920933;0,1100458;0,1130303
13;torus;1;4;18,67328;12;16,33167;0,1095376;-0,03645622;-0,0007197224;0,1032904;0,1132143
13;torus;1;4;18,68735;12;16,33167;0,08548281;-0,02806111;0,001424834;0,08073324;0,1135436
13;torus;1;4;18,70125;12;16,33167;0,06396392;-0,01627152;-0,004668191;0,0616833;0,1108393
13;torus;1;4;18,71507;12;16,33167;0,06396392;-0,01627152;-0,004668191;0,0616833;0,1108393
13;torus;1;4;18,72931;12;16,33167;0,1008879;-0,02743484;-0,004307452;0,09699041;0,1113815
13;torus;1;4;18,74275;12;16,33167;0,06595467;-0,01006195;-0,005764731;0,06492722;0,1116297
13;torus;1;4;18,75695;12;16,33167;0,06595467;-0,01006195;-0,005764731;0,06492722;0,1116297
13;torus;1;4;18,77058;12;16,33167;0,09146939;-0,01603813;-0,01514612;0,0887695;0,1118288
13;torus;1;4;18,78452;12;16,33167;0,09197115;-0,0152702;-0,009159222;0,09023094;0,1120851
13;torus;1;4;18,79846;12;16,33167;0,09197115;-0,0152702;-0,009159222;0,09023094;0,1120851
13;torus;1;4;18,81292;12;16,33167;0,1285751;-0,02192836;-0,002364777;0,1266693;0,1125856
13;torus;1;4;18,82651;12;16,33167;0,1287906;-0,02604707;-0,007034391;0,1259329;0,112927
13;torus;1;4;18,84044;12;16,33167;0,1569423;-0,04044104;0,002526145;0,1516213;0,1142035
13;torus;1;4;18,85435;12;16,33167;0,1569423;-0,04044104;0,002526145;0,1516213;0,1109273
13;torus;1;4;18,86813;12;16,33167;0,3557797;-0,1145033;-0,1411471;0,3058524;0,1151012
13;torus;1;4;18,88218;12;16,33167;0,3771649;-0,1602285;-0,07411763;0,3332968;0,1125267
13;torus;1;4;18,89588;12;16,33167;0,3771649;-0,1602285;-0,07411763;0,3332968;0,1125267
13;torus;1;4;18,90984;12;16,33167;0,03420865;-0,02957407;0,01714502;-0,001286387;0,1130928
13;torus;1;4;18,9241;12;16,33167;0,2034665;-0,1627229;-0,03329545;0,1175214;0,1143125
13;torus;1;4;18,93773;12;16,33167;0,2034665;-0,1627229;-0,03329545;0,1175214;0,108169
13;torus;1;4;18,95175;12;16,33167;0,07561866;-0,05730198;-0,006982539;0,04884577;0,1097552
13;torus;1;4;18,96563;12;16,33167;0,0683899;0,02135639;0,01955218;0,06195801;0,1063757
13;torus;1;4;18,9796;12;16,33167;0,0683899;0,02135639;0,01955218;0,06195801;0,1099479
13;torus;1;4;18,99444;12;16,33167;0,3462766;0,03240441;0,2209446;0,2646524;0,1071506
13;torus;1;4;19,0076;12;16,33167;0,266482;-0,0289318;-0,1585115;0,2122492;0,1040972
13;torus;1;4;19,02157;12;16,33167;1,738221;0,07301807;-0,06679642;1,735401;0,1223218
13;torus;1;4;19,03549;12;16,33167;1,738221;0,07301807;-0,06679642;1,735401;0,1068169
13;torus;1;4;19,04932;12;16,33167;1,362275;0,2462731;-0,08107603;1,337374;0,1123739
13;torus;1;4;19,06352;12;16,33167;1,292016;0,2278056;-0,08282726;1,269075;0,1508307
13;torus;1;4;19,07712;12;16,33167;1,292016;0,2278056;-0,08282726;1,269075;0,1302662
13;torus;1;4;19,09096;12;16,33167;4,31342;0,7439951;-0,2269265;4,242708;0,193483
13;torus;1;4;19,10479;12;16,33167;3,34177;0,5618587;-0,131634;3,291567;0,2299212
13;torus;1;4;19,11892;12;16,33167;3,34177;0,5618587;-0,131634;3,291567;0,2240065
13;torus;1;4;19,13274;12;16,33167;10,59304;1,543728;-0,1211736;10,47925;0,4187466
13;torus;1;4;19,14668;12;16,33167;0,07590307;-0,0625442;-0,03511833;0,02482343;0,1353488
13;torus;1;4;19,16103;12;16,33167;0,2079154;0,07378761;0,0258786;-0,1926512;0,1315863
13;torus;1;4;19,17457;12;16,33167;0,2079154;0,07378761;0,0258786;-0,1926512;0,1162221
13;torus;1;4;19,18823;12;16,33167;0,4076581;0,1200441;-0,3764975;0,1001208;0,1350597
13;torus;1;4;19,20223;12;16,33167;0,7729132;-0,3027583;0,5689477;0,4266506;0,1399882
13;torus;1;4;19,21618;12;16,33167;0,7729132;-0,3027583;0,5689477;0,4266506;0,08491629
13;torus;1;4;19,23029;12;16,33167;0,6988863;-0,53907;0,1870785;0,4035434;0,09723797
13;torus;1;4;19,24425;12;16,33167;0,436092;-0,09132677;0,09037094;0,4167358;0,1100993
13;torus;1;4;19,25813;12;16,33167;0,436092;-0,09132677;0,09037094;0,4167358;0,1100993
13;torus;1;4;19,27196;12;16,33167;0,178403;-0,0310355;0,1078871;-0,1386535;0,1119176
13;torus;1;4;19,28606;12;16,33167;0,1185576;0,0101098;0,03750874;-0,1120124;0,112707
13;torus;1;4;19,29969;12;16,33167;0,1185576;0,0101098;0,03750874;-0,1120124;0,112707
13;torus;1;4;19,31371;12;16,33167;0,06597725;0,01049431;0,01953106;-0,0621402;0,1129029
13;torus;1;4;19,32752;12;16,33167;0,05934031;0,01363702;0,01398567;-0,05603307;0,112418
13;torus;1;4;19,34133;12;16,33167;0,1084191;0,001525506;0,03296237;-0,1032756;0,1130875
13;torus;1;4;19,35543;12;16,33167;0,1084191;0,001525506;0,03296237;-0,1032756;0,1130875
13;torus;1;4;19,36926;12;16,33167;0,1544782;-0,05375637;0,0575269;-0,1329075;0,1152987
13;torus;1;4;19,38315;12;16,33167;0,1184493;0,001901016;0,009953476;-0,118015;0,1067741
13;torus;1;4;19,39729;12;16,33167;0,1184493;0,001901016;0,009953476;-0,118015;0,1141032
13;torus;1;4;19,41105;12;16,33167;0,1362102;0,04730803;-0,005974464;-0,1275911;0,1147687
13;torus;1;4;19,42501;12;16,33167;0,1256115;0,0509917;-0,007213533;-0,114569;0,109865
13;torus;1;4;19,4389;12;16,33167;0,1256115;0,0509917;-0,007213533;-0,114569;0,109865
13;torus;1;4;19,45328;12;16,33167;0,09304416;0,03159089;0,003463507;-0,08744847;0,1099679
13;torus;1;4;19,46681;12;16,33167;0,1609865;0,06033602;-0,08462068;-0,1229453;0,108829
13;torus;1;4;19,48081;12;16,33167;0,2222048;0,1592737;-0,0831406;-0,1307459;0,11244
13;torus;1;4;19,49463;12;16,33167;0,2222048;0,1592737;-0,0831406;-0,1307459;0,1093028
13;torus;1;4;19,50861;12;16,33167;0,2929386;0,1759121;-0,09508102;-0,2140738;0,109363
13;torus;1;4;19,5225;12;16,33167;0,2915235;0,1643387;-0,08156283;-0,226553;0,1098179
13;torus;1;4;19,53642;12;16,33167;0,2915235;0,1643387;-0,08156283;-0,226553;0,1167452
13;torus;1;4;19,55039;12;16,33167;0,5271738;0,2665943;-0,124391;-0,4374546;0,1181077
13;torus;1;4;19,56454;12;16,33167;0,4930224;0,2344137;-0,1115951;-0,4191275;0,120431
13;torus;1;4;19,57832;12;16,33167;0,4930224;0,2344137;-0,1115951;-0,4191275;0,1123374
13;torus;1;4;19,59245;12;16,33167;0,9791653;0,3780047;-0,1476592;-0,8911082;0,114896
13;torus;1;4;19,60602;12;16,33167;0,907116;0,2922118;-0,1174535;-0,8506917;0,1402012
13;torus;1;4;19,61997;12;16,33167;0,907116;0,2922118;-0,1174535;-0,8506917;0,1391307
13;torus;1;4;19,63394;12;16,33167;1,489029;0,2876702;-0,2013244;-1,447039;0,1603428
13;torus;1;4;19,6479;12;16,33167;1,31374;0,183826;-0,1750936;-1,288978;0,1774402
13;torus;1;4;19,66159;12;16,33167;1,716874;0,173227;-0,2131927;-1,694756;0,2044531
13;torus;1;4;19,67563;12;16,33167;1,716874;0,173227;-0,2131927;-1,694756;0,2044531
13;torus;1;4;19,68957;12;16,33167;2,228778;0,1022433;-0,2078447;-2,216709;0,2436969
13;torus;1;4;19,70358;12;16,33167;0,9976426;-0,006211501;-0,03817066;-0,9968928;0,1890429
13;torus;1;4;19,71754;12;16,33167;0,9976426;-0,006211501;-0,03817066;-0,9968928;0,1890429
13;torus;1;4;19,73148;12;16,33167;0,9498088;-0,04901007;0,1737263;-0,9324988;0,1738209
13;torus;1;4;19,74523;12;16,33167;0,7183167;-0,05414706;0,07208459;-0,7126365;0,1596745
13;torus;1;4;19,75917;12;16,33167;0,7183167;-0,05414706;0,07208459;-0,7126365;0,1556231
13;torus;1;4;19,77316;12;16,33167;0,8198653;-0,09830943;-0,1119282;-0,8062174;0,1410079
13;torus;1;4;19,78723;12;16,33167;0,8091121;-0,09694989;-0,04937409;-0,8017638;0,1321097
13;torus;1;4;19,80091;12;16,33167;0,5242046;-0,06105179;0,02259433;-0,5201468;0,1163034
13;torus;1;4;19,81501;12;16,33167;0,5242046;-0,06105179;0,02259433;-0,5201468;0,122514
13;torus;1;4;19,82883;12;16,33167;0,3897129;-0,05098226;-0,001865445;-0,3863592;0,1160379
13;torus;1;4;19,84279;12;16,33167;0,3940962;-0,05248383;0,00118235;-0,390584;0,109701
13;torus;1;4;19,85663;12;16,33167;0,3940962;-0,05248383;0,00118235;-0,390584;0,109701
13;torus;1;4;19,87064;12;16,33167;0,07674211;-0,02974474;0,03765897;-0,05988659;0,1091026
13;torus;1;4;19,8845;12;16,33167;0,07243332;-0,03195877;0,04168765;-0,04987347;0,1086757
13;torus;1;4;19,89833;12;16,33167;0,07243332;-0,03195877;0,04168765;-0,04987347;0,1086757
13;torus;1;4;19,91228;12;16,33167;0,1041675;-0,04256856;0,04977708;-0,08100012;0,1080135
13;torus;1;4;19,92649;12;16,33167;0,103827;-0,04945829;0,04700267;-0,07826033;0,1074607
13;torus;1;4;19,94049;12;16,33167;0,1027448;-0,05490424;0,04031528;-0,07692008;0,1069356
13;torus;1;4;19,9541;12;16,33167;0,1027448;-0,05490424;0,04031528;-0,07692008;0,1069356
13;torus;1;4;19,9681;12;16,33167;0,2159798;-0,1212605;0,1264946;-0,1262627;0,1069396
13;torus;1;4;19,9824;12;16,33167;0,1934758;-0,1004502;0,1179029;-0,1159377;0,1078198
13;torus;1;4;19,9958;12;16,33167;0,1934758;-0,1004502;0,1179029;-0,1159377;0,1078198
13;torus;1;4;20,00996;12;16,33167;0,186926;-0,09576852;0,1117863;-0,1152109;0,1081407
13;torus;1;4;20,02356;12;16,33167;0,190034;-0,09283946;0,103027;-0,1299199;0,112492
13;torus;1;4;20,0378;12;16,33167;0,190034;-0,09283946;0,103027;-0,1299199;0,1065984
13;torus;1;4;20,05145;12;16,33167;0,2178967;-0,0803289;0,08162747;-0,1853732;0,1050335
13;torus;1;4;20,06536;12;16,33167;0,5983695;-0,06736387;-0,04260074;-0,5930374;0,09612524
13;torus;1;4;20,07951;12;16,33167;0,5983695;-0,06736387;-0,04260074;-0,5930374;0,111285
13;torus;1;4;20,09337;12;16,33167;1,1701;-0,148017;-0,07418422;-1,158327;0,0939498
13;torus;1;4;20,10719;12;16,33167;0,6695529;-0,3733115;0,2585503;-0,4920278;0,1167245
13;torus;1;4;20,12118;12;16,33167;1,054723;-0,4033965;0,1987829;-0,9540427;0,1075218
13;torus;1;4;20,13518;12;16,33167;1,054723;-0,4033965;0,1987829;-0,9540427;0,1117971
13;torus;1;4;20,14932;12;16,33167;1,114429;-0,13022;-0,1892592;-1,090493;0,1006638
13;torus;1;4;20,16292;12;16,33167;0,7598826;-0,1855545;-0,0379202;-0,7359029;0,1118324
13;torus;1;4;20,17699;12;16,33167;0,7598826;-0,1855545;-0,0379202;-0,7359029;0,1118324
13;torus;1;4;20,1907;12;16,33167;0,3838304;-0,1440331;-0,09028741;-0,3441344;0,1151858
13;torus;1;4;20,20507;12;16,33167;0,3586982;-0,1380262;-0,06043736;-0,3255157;0,1134523
13;torus;1;4;20,21858;12;16,33167;0,3586982;-0,1380262;-0,06043736;-0,3255157;0,1109516
13;torus;1;4;20,23261;12;16,33167;0,3640351;-0,2708064;0,06600168;-0,2341563;0,1176432
13;torus;1;4;20,24661;12;16,33167;0,3765604;-0,2299576;0,03913605;-0,2956105;0,1124125
13;torus;1;4;20,26049;12;16,33167;0,3752325;-0,1675263;0,003077235;-0,3357452;0,1138867
13;torus;1;4;20,27453;12;16,33167;0,3752325;-0,1675263;0,003077235;-0,3357452;0,1109359
13;torus;1;4;20,28829;12;16,33167;0,5169781;-0,02348127;-0,007357119;-0,5163921;0,1142988
13;torus;1;4;20,30217;12;16,33167;0,5080821;-0,02905842;-0,009477484;-0,5071619;0,1232343
13;torus;1;4;20,31614;12;16,33167;0,5080821;-0,02905842;-0,009477484;-0,5071619;0,1232343
13;torus;1;4;20,32999;12;16,33167;2,163493;-0,1695047;-0,0265605;-2,156679;0,138881
13;torus;1;4;20,34393;12;16,33167;1,77516;-0,1646406;0,0007855251;-1,767508;0,1595911
13;torus;1;4;20,35807;12;16,33167;1,77516;-0,1646406;0,0007855251;-1,767508;0,1507732
13;torus;1;4;20,37259;12;16,33167;2,409304;-0,2944306;0,07609357;-2,390034;0,1886878
13;torus;1;4;20,386;12;16,33167;1,701591;-0,2370871;0,05573925;-1,684071;0,2146698
13;torus;1;4;20,39989;12;16,33167;1,701591;-0,2370871;0,05573925;-1,684071;0,2147342
