participantNumber
17
repetitionNum
4
sdfEnabled
0
taskTime
13,28178
numHits
6
positionDifference
0,1163697
angleDifference
43,90429
finalPosX
-0,01420081
finalPosY
-0,009699807
finalPosZ
-0,7145286
finalRotX
0,9917435
finalRotY
42,05835
finalRotZ
13,24153
taskType
torus
velocityMagnitude
0,3814955
0,3814955
0,3339019
0,12791
0,2383151
0,2383151
0,4564552
0,1975193
0,1975193
0,3802715
0,1016985
0,1016985
0,4462105
0,3135825
0,3135825
0,2417311
0,1191934
0,1107746
0,1107746
0,4756276
0,1432392
0,1432392
0,3692204
0,1591634
0,1591634
0,202811
0,05945998
0,1330823
0,1330823
0,2651269
0,1433977
0,1433977
0,3514454
0,3642241
0,3642241
0,6787763
0,2872555
0,2872555
0,3876553
0,2231768
0,1315702
0,1315702
0,5469415
0,3120228
0,3120228
0,09700319
0,1074141
0,1074141
0,3057167
0,1593193
0,1312061
0,1312061
0,5968738
0,2613332
0,2613332
0,4103785
0,169809
0,169809
0,6423104
0,2077796
0,2077796
0,3483826
0,2346819
0,2156038
0,2156038
0,4184222
0,2219387
0,2219387
0,5842886
0,2274284
0,2274284
0,3047553
0,08353217
0,2846911
0,2846911
0,7452242
0,1318911
0,1318911
0,3374783
0,1245207
0,1245207
0,135658
0,04522923
0,04522923
0,3003947
0,1065068
0,1448736
0,1448736
0,4205664
0,4562113
0,4562113
0,9693873
0,2864498
0,2864498
0,4022989
0,2114218
0,1873808
0,1873808
0,4695399
0,4454101
0,4454101
0,447283
0,05867577
0,05867577
0,1574145
0,1182872
0,1504433
0,1504433
0,3502801
0,160365
0,160365
0,1343067
0,1677483
0,1677483
0,2886985
0,06075347
0,06075347
0,3661259
0,1374312
0,1165941
0,1165941
0,3341282
0,116857
0,116857
0,5206759
0,3181955
0,3181955
0,7733405
0,2900615
0,2637662
0,2637662
0,5000257
0,1553241
0,1553241
0,5496612
0,2620178
0,2620178
0,6376408
0,4361448
0,4361448
0,823172
0,2901257
0,2910596
0,2910596
0,5320242
0,2722808
0,2722808
0,3813088
0,1551081
0,1551081
0,3884664
0,1619993
0,1794336
0,1794336
0,3968646
0,1812731
0,1812731
0,2812666
0,1802723
0,1802723
0,5787623
0,3334092
0,3018404
0,3018404
0,571672
0,3617298
0,3617298
0,6077234
0,2390604
0,2390604
0,4039582
0,38687
0,38687
0,7159927
0,3934117
0,4175937
0,4175937
0,8476045
0,4990855
0,4990855
1,046138
0,4930636
0,4930636
0,9040396
0,590911
0,5584891
0,5584891
0,9408612
0,4365235
0,4365235
0,7620621
0,3907596
0,3907596
0,9108554
0,4684917
0,4684917
0,8534713
0,4029387
0,5046046
0,5046046
0,9115151
0,3870007
0,3870007
0,7721534
0,4619123
0,4619123
1,118656
0,5456197
0,5722747
0,5722747
0,8723094
0,4038162
0,4038162
0,9211985
0,5123014
0,5123014
0,8284561
0,3835679
0,3835679
0,8725522
0,4652323
0,432944
0,432944
0,8404896
0,4774132
0,4774132
1,058339
0,5705315
0,5705315
1,107843
0,5380096
0,4756808
0,4756808
0,9287481
0,4560895
0,4560895
0,7860694
0,4398514
0,4398514
0,8303273
0,3957208
0,3957208
0,6848524
0,3489194
0,3588024
0,3588024
0,8489721
0,3832216
0,3832216
0,8287964
0,336785
0,336785
0,6163464
0,2830366
0,3352552
0,3352552
0,6225196
0,300073
0,300073
0,6583097
0,2360589
0,2360589
0,3542047
0,1571187
0,1571187
0,3612739
0,3079526
0,2242159
0,2242159
0,6509691
0,3435036
0,3435036
0,7908043
0,3777279
0,3777279
0,7365389
0,4078914
0,3840404
0,3840404
0,7149172
0,3006719
0,3006719
0,526563
0,2809921
0,2809921
0,6358884
0,3446086
0,3326338
0,3326338
0,5210834
0,2079359
0,2079359
0,4336676
0,175383
0,175383
0,2994188
0,2594229
0,2594229
0,6277208
0,2096504
0,1335777
0,1335777
0,3410314
0,2939358
0,2939358
0,5639791
0,1745637
0,1745637
0,3443522
0,2291397
0,3674192
0,3674192
0,9702883
0,7469323
0,7469323
0,5414703
0,2590246
0,2590246
0,7986959
0,5200838
0,8807055
0,8807055
1,056584
0,519417
0,519417
0,6931626
0,3205211
0,3205211
0,8729757
0,4660347
0,4660347
0,9010465
0,5256371
0,5049086
0,5049086
0,8767483
0,3375726
0,3375726
0,777117
0,4618855
0,4618855
1,057066
0,4727479
0,5907222
0,5907222
1,372701
0,676584
0,676584
1,357228
0,5544916
0,5544916
1,066681
0,5503498
0,5503498
1,200594
0,5162484
0,4817319
0,4817319
0,8297222
0,4214897
0,4214897
0,7047466
0,3696688
0,3696688
0,9055238
0,5453133
0,589778
0,589778
1,263311
0,5914122
0,5914122
0,7140508
0,4875949
0,4875949
0,8674231
0,4876133
0,4876133
0,8807029
0,3500531
0,414661
0,414661
1,06162
0,6354854
0,6354854
1,295377
0,6029575
0,6029575
1,331449
0,5247647
0,3942089
0,3942089
0,9045427
0,4650008
0,4650008
0,7441266
0,3240621
0,3240621
0,8593754
0,4167908
0,4167908
0,8561319
0,4251743
0,3805862
0,3805862
0,6551256
0,3864429
0,3864429
0,782531
0,4113226
0,4113226
1,06845
0,5247645
0,6426755
0,6426755
1,0871
0,5895784
0,5895784
1,115753
0,6305248
0,6305248
1,340991
0,6272139
0,6707906
0,6707906
1,112905
0,5455059
0,5455059
1,23497
0,5685917
0,5685917
1,088553
0,5522674
0,5522674
1,05725
0,5011322
0,5493264
0,5493264
0,7412566
0,5070485
0,5070485
1,092462
0,4645009
0,4645009
0,6875836
0,3197026
0,3450514
0,3450514
0,7595374
0,2908046
0,2908046
0,5440598
0,3381872
0,3381872
0,7604757
0,4409384
0,4409384
0,7400026
0,4369941
0,3650605
0,3650605
0,8716436
0,5245613
0,5245613
1,105631
0,4318171
0,4318171
0,7763348
0,3072658
0,3790831
0,3790831
0,8320444
0,4137206
0,4137206
0,7677525
0,3181327
0,3181327
0,6108422
0,4567311
0,4567311
0,9584842
0,4633948
0,391745
0,391745
0,7211798
0,4292392
0,4292392
0,7927734
0,3570631
0,3570631
0,6615795
0,3443026
0,3745541
0,3745541
0,7352443
0,3916438
0,3916438
0,7225356
0,3990954
0,3990954
0,7878976
0,4530195
0,4530195
0,6924081
0,4032184
0,3478613
0,3478613
0,6606285
0,3337438
0,3337438
0,6478531
0,3227682
0,3227682
0,7069427
0,3233232
0,3272786
0,3272786
0,6338782
0,3194519
0,3194519
0,6756881
0,3983616
0,3983616
0,6672795
0,4070046
0,5239919
0,5239919
1,116928
0,4735117
0,4735117
0,9237693
0,5428492
0,5428492
1,072773
0,4539388
0,4539388
0,9812231
0,4713544
0,5863608
0,5863608
0,862425
0,4263498
0,4263498
0,9629375
0,5835044
0,5835044
1,339372
0,7347942
0,6359138
0,6359138
1,020319
0,3447317
0,3447317
0,7900102
0,5125257
0,5125257
1,51846
0,8873794
0,8873794
1,715975
0,69761
0,5024686
0,5024686
0,6706205
0,340554
0,340554
0,7194281
0,4551664
0,4551664
1,052443
0,5102443
0,3991092
0,3991092
0,766432
0,5031111
0,5031111
0,8893532
0,4686653
0,4686653
1,086859
0,6158624
0,6158624
1,328828
0,5953922
0,5050384
0,5050384
1,202889
0,5674072
0,5674072
1,097171
0,5060343
0,5060343
0,8621915
0,3741167
0,4052052
0,4052052
0,9879665
0,573025
0,573025
1,104018
0,4568119
0,4568119
0,8574078
0,4061506
0,4061506
0,7999889
0,3570848
0,2888635
0,2888635
0,5624439
0,3217609
0,3217609
0,7918927
0,3534812
0,3534812
0,6187549
0,340297
0,33303
0,33303
0,7029593
0,3795412
0,3795412
0,6651707
0,3123998
0,3123998
0,4898389
0,2905281
0,3340386
0,3340386
0,6891878
0,3579986
0,3579986
0,5119396
0,3875307
0,3875307
0,8749312
0,4517182
0,4517182
0,9579444
0,4629945
0,4986008
0,4986008
0,912936
0,4531023
0,4531023
1,188486
0,5872638
0,5872638
0,9557352
0,4174948
0,5473107
0,5473107
1,081566
0,5397915
0,5397915
1,315199
0,6748042
0,6748042
0,8570461
0,4773421
0,4773421
1,294925
0,5616275
0,4473234
0,4473234
0,7898535
0,3441758
0,3441758
0,710457
0,3374881
0,3374881
0,5507448
0,2648846
0,2873292
0,2873292
0,570989
0,3044201
0,3044201
0,5228643
0,3024351
0,3024351
0,4521334
0,3266772
0,4034325
0,4034325
0,6589726
0,2859487
0,2859487
0,5716698
0,2507704
0,2507704
0,5247949
0,2235245
0,2235245
0,2015361
0,2481038
0,2970415
0,2970415
0,5085043
0,2015365
0,2015365
0,4444551
0,2581472
0,2581472
0,1893048
0,1228496
0,1228496
0,530464
0,1300982
0,1527976
0,1527976
0,4105146
0,2466569
0,2466569
0,6533077
0,2731045
0,2731045
0,5931276
0,2635845
0,3085363
0,3085363
0,5921623
0,3357102
0,3357102
0,7148626
0,3188913
0,3188913
0,6244535
0,3272816
0,3221743
0,3221743
0,6867259
0,3808256
0,3808256
0,6318539
0,2950983
0,2950983
0,7426668
0,4148532
0,4148532
0,6794291
0,38872
0,3538223
0,3538223
0,6391001
0,3375397
0,3375397
0,6821001
0,3895342
0,3895342
0,622125
0,3223052
0,3522347
0,3522347
0,9780191
0,4237344
0,4237344
0,6285111
0,3123622
0,3123622
0,6734553
0,2897387
0,2897387
0,4080783
0,2472367
0,3008597
0,3008597
0,5687214
0,2292967
0,2292967
0,4613767
0,2055626
0,2055626
0,5883017
0,2686048
0,2753247
0,2753247
0,376884
0,1558554
0,1558554
0,3033165
0,02641512
0,02641512
0,3377507
0,161157
0,161157
0,1081238
0,1229571
0,1419261
0,1419261
0,2036799
0,1502076
0,1502076
0,3632574
0,2606981
0,2606981
0,2059354
0,1417483
0,195938
0,195938
0,3215112
0,245737
0,245737
0,5940924
0,2160247
0,2160247
0,326789
0,07627405
0,08351508
0,08351508
0,263488
0,1366394
0,1366394
0,2509013
0,1611628
0,1611628
0,2303524
0,05371173
0,05371173
0,09137101
0,06711104
0,05249833
0,05249833
0,2325059
0,1644662
0,1644662
0,353066
0,1710122
0,1710122
0,4947551
0,1199776
0,08756378
0,08756378
0,0865659
0,08268868
0,08268868
0,1623472
0,1200002
0,1200002
0,2221122
0,06963538
0,06963538
0,1302632
0,0670909
0,1444959
0,1444959
0,4388427
0,1701966
0,1701966
0,8066362
0,3985987
0,3985987
0,8165159
0,391134
0,3890455
0,3890455
0,7260965
0,3886764
0,3886764
0,6540957
0,4915613
0,4915613
0,9139711
1,345938
1,345938
0,8787243
0,3654368
0,4834079
0,4834079
0,8546396
0,7711761
0,7711761
0,8278071
0,4041725
0,4041725
0,8003537
0,4455945
0,4871771
0,4871771
0,7698691
0,4253954
0,4253954
0,8135239
0,3737281
0,3737281
0,7670039
0,2961158
0,2961158
0,6252905
0,3414714
0,2798864
0,2798864
0,6432212
0,3532951
0,3532951
0,7896182
0,4083378
0,4083378
0,6085215
0,2648695
0,3062716
0,3062716
0,6505712
0,2946687
0,2946687
0,5266253
0,295568
0,295568
0,672821
0,3820359
0,3039279
0,3039279
0,4941281
0,2972455
0,2972455
0,6042485
0,3313157
0,3313157
0,6370761
0,4081387
0,4081387
0,8919187
0,4617717
0,3866234
0,3866234
0,5089397
0,290223
0,290223
0,4829021
0,4214228
0,4214228
0,5137786
0,337766
0,337766
0,7233666
0,8390331
0,2961086
0,2961086
0,6259287
0,3832237
0,3832237
0,7514904
0,3706043
0,3706043
0,6511557
0,3041544
0,3899565
0,3899565
0,7813479
0,3951517
0,3951517
0,819593
0,5397155
0,5397155
1,456806
velocityComponents
0,1208961
0,2374522
-0,2730191
0,1208961
0,2374522
-0,2730191
0,05230308
0,2002716
-0,2620041
0,01012087
0,07516369
-0,1029998
0,04858375
0,177864
-0,1509905
0,04858375
0,177864
-0,1509905
0,08597374
0,3385484
-0,2938449
0,03362298
0,1372419
-0,1380146
0,03362298
0,1372419
-0,1380146
0,07077456
0,2651267
-0,2632588
0,01744628
-0,03466606
-0,09400249
0,01744628
-0,03466606
-0,09400249
0,1355767
0,1503885
-0,3976256
0,08925796
0,1773499
-0,242722
0,08925796
0,1773499
-0,242722
0,04558563
0,16516
-0,1705229
0,01636744
0,08709803
-0,07970631
0,01608133
0,08488744
-0,06932914
0,01608133
0,08488744
-0,06932914
0,1238585
0,3249705
-0,3244609
0,02691746
0,1046918
-0,09398162
0,02691746
0,1046918
-0,09398162
0,1004457
0,2011716
-0,2928555
0,04190207
0,07553101
-0,1336873
0,04190207
0,07553101
-0,1336873
0,03992915
0,1336895
-0,1471907
0,01477003
-0,003662705
-0,05747974
0,03861189
0,08399412
-0,095734
0,03861189
0,08399412
-0,095734
0,08686781
-0,04110113
-0,247097
0,03259182
-0,08314177
-0,1121968
0,03259182
-0,08314177
-0,1121968
0,1037538
-0,1387998
-0,305751
0,1337528
-0,09650216
-0,324741
0,1337528
-0,09650216
-0,324741
0,1499057
-0,4838377
-0,4518479
0,02167821
-0,2582543
-0,1238972
0,02167821
-0,2582543
-0,1238972
0,1172185
-0,1660921
-0,3300756
0,07387996
-0,05207509
-0,2040535
0,04410744
0,02724305
-0,1209259
0,04410744
0,02724305
-0,1209259
0,1952529
0,08802116
-0,5032629
0,1015484
0,1734659
-0,238654
0,1015484
0,1734659
-0,238654
0,003558397
0,04334003
-0,08670986
0,01604557
0,08444116
-0,0644207
0,01604557
0,08444116
-0,0644207
0,07044077
0,1898319
-0,2290517
0,03427863
0,1013257
-0,1180708
0,02497435
0,08156523
-0,09969175
0,02497435
0,08156523
-0,09969175
0,1576483
0,3295131
-0,4720449
0,07810593
0,1071647
-0,2251893
0,07810593
0,1071647
-0,2251893
0,1208663
0,05951971
-0,3876328
0,04879832
-0,0104174
-0,1623124
0,04879832
-0,0104174
-0,1623124
0,2001762
-0,01933947
-0,6100148
0,09672906
0,04578374
-0,1781002
0,09672906
0,04578374
-0,1781002
0,1927124
-0,0272322
-0,2889478
0,1192697
-0,006998323
-0,2019935
0,07775816
-0,05754552
-0,1926841
0,07775816
-0,05754552
-0,1926841
0,1119779
-0,1715041
-0,3648623
0,04834994
-0,06621963
-0,2062378
0,04834994
-0,06621963
-0,2062378
0,1565327
-0,1838116
-0,5320752
0,08015619
0,05202129
-0,2063794
0,08015619
0,05202129
-0,2063794
0,1109571
0,04068461
-0,2809076
0,06242929
0,005772918
-0,05519855
0,1103434
0,04059844
-0,2592781
0,1103434
0,04059844
-0,2592781
-0,2978526
0,3613642
-0,5797058
0,005221367
0,09705201
-0,08915663
0,005221367
0,09705201
-0,08915663
0,01521707
0,2728723
-0,1979917
0,03865044
0,0525459
-0,1060683
0,03865044
0,0525459
-0,1060683
0,04632431
0,06923571
-0,1070681
0,002182513
0,01847243
-0,04122728
0,002182513
0,01847243
-0,04122728
0,1303405
0,1368696
-0,2334845
-0,0163464
-0,003687471
-0,1051803
0,008625772
-0,009170413
-0,1443256
0,008625772
-0,009170413
-0,1443256
0,06650881
-0,03306684
-0,4139556
0,0725335
-0,1052419
-0,4379404
0,0725335
-0,1052419
-0,4379404
0,4189499
-0,2340535
-0,8422658
0,1006728
-0,09416309
-0,2511011
0,1006728
-0,09416309
-0,2511011
0,1970318
-0,1748301
-0,304068
0,0498008
-0,1882843
-0,08226837
0,04641372
-0,1664432
-0,07248434
0,04641372
-0,1664432
-0,07248434
0,2291349
-0,3190155
-0,257282
0,1253545
-0,3334105
-0,2674207
0,1253545
-0,3334105
-0,2674207
0,1897335
-0,275629
-0,2968028
-0,01074098
-0,02415226
-0,0523846
-0,01074098
-0,02415226
-0,0523846
0,06123078
-0,05600027
-0,1337688
0,07949565
0,05960602
-0,0641828
0,1034723
0,06700884
-0,08623515
0,1034723
0,06700884
-0,08623515
0,1495041
-0,01234292
-0,3165317
0,04713503
-0,04577865
-0,1462858
0,04713503
-0,04577865
-0,1462858
0,04888961
-0,03160325
-0,1210344
0,05655333
-0,03052557
-0,1549497
0,05655333
-0,03052557
-0,1549497
0,06549025
-0,1430302
-0,2420748
0,01773062
-0,01084417
-0,05708776
0,01773062
-0,01084417
-0,05708776
0,2515405
-0,06775512
-0,2572641
0,02967715
-0,05734935
-0,1213163
0,02309084
-0,0550665
-0,1001433
0,02309084
-0,0550665
-0,1001433
0,0992775
0,00647977
-0,3189728
0,03374219
-0,0187777
-0,1102924
0,03374219
-0,0187777
-0,1102924
0,1196206
-0,2234921
-0,4548028
0,09258389
-0,04182532
-0,3015414
0,09258389
-0,04182532
-0,3015414
0,2173483
-0,08853227
-0,7368699
0,05931854
-0,1161814
-0,2590731
0,05665421
-0,005482882
-0,2575517
0,05665421
-0,005482882
-0,2575517
0,091362
0,09458438
-0,4824236
0,003242493
0,09452328
-0,1232088
0,003242493
0,09452328
-0,1232088
0,02884865
0,415051
-0,3592044
0,01351833
0,1071714
-0,2387151
0,01351833
0,1071714
-0,2387151
0,04760623
0,2389789
-0,5892441
0,0441134
0,2818815
-0,3298774
0,0441134
0,2818815
-0,3298774
0,07597804
0,4141062
-0,7073581
0,005322695
0,1394369
-0,2543658
0,002807379
0,147216
-0,2510682
0,002807379
0,147216
-0,2510682
-0,01608729
0,3530689
-0,3976598
-0,003284216
0,1305975
-0,2388939
-0,003284216
0,1305975
-0,2388939
-0,05301833
0,06913394
-0,3712222
-0,03769398
0,04890561
-0,1422882
-0,03769398
0,04890561
-0,1422882
-0,09294748
-0,1778103
-0,3326416
-0,04234314
-0,005524606
-0,15627
-0,05138516
-0,07109717
-0,1565285
-0,05138516
-0,07109717
-0,1565285
-0,1140058
-0,1725867
-0,3387004
-0,08596182
-0,1283325
-0,09487495
-0,08596182
-0,1283325
-0,09487495
-0,1746416
-0,12604
-0,1809008
-0,06153584
0,09079278
-0,1430668
-0,06153584
0,09079278
-0,1430668
-0,06835461
0,2591074
-0,5129882
-0,02008677
0,2171829
-0,2521701
-0,01794696
0,1568474
-0,2572633
-0,01794696
0,1568474
-0,2572633
-0,0248909
0,3388084
-0,4597805
0,01399517
0,2204321
-0,2864651
0,01399517
0,2204321
-0,2864651
0,0209868
0,4166603
-0,4419066
-0,005465746
0,2269402
-0,07495433
-0,005465746
0,2269402
-0,07495433
-0,002473593
0,3743231
-0,1518495
0,02915859
0,3572963
-0,1454562
0,02915859
0,3572963
-0,1454562
0,03740788
0,7001907
-0,1448423
0,01614094
0,3910978
-0,03943071
0,01085401
0,4174523
0,0005364418
0,01085401
0,4174523
0,0005364418
-0,001752377
0,8435097
0,08319691
-0,008314848
0,4950393
0,0628747
-0,008314848
0,4950393
0,0628747
-0,03866553
1,028569
0,1869634
-0,02048612
0,4898354
0,05247146
-0,02048612
0,4898354
0,05247146
-0,003349781
0,8922473
-0,1455031
0,02222657
0,5461931
-0,2243988
0,008910894
0,5341738
-0,1627542
0,008910894
0,5341738
-0,1627542
0,01997948
0,8524209
-0,3977425
0,01047254
0,3762722
-0,2210483
0,01047254
0,3762722
-0,2210483
0,005036592
0,6633647
-0,3750473
0,006586313
0,3236182
-0,2189085
0,006586313
0,3236182
-0,2189085
0,04684329
0,6121799
-0,6728292
0,0256598
0,2863467
-0,3699076
0,0256598
0,2863467
-0,3699076
0,02002716
0,5986989
-0,6079242
0,01689792
0,1812309
-0,3594849
0,01584291
0,2919167
-0,4112899
0,01584291
0,2919167
-0,4112899
0,01253486
0,5559117
-0,7222638
-0,003963709
0,2475038
-0,2974823
-0,003963709
0,2475038
-0,2974823
-0,004273653
0,422512
-0,6462865
0,006449223
0,2221853
-0,4049137
0,006449223
0,2221853
-0,4049137
0,02848506
0,4991651
-1,000707
0,01624823
0,1732707
-0,517121
0,01201034
0,2279058
-0,524798
0,01201034
0,2279058
-0,524798
0,02166033
0,1344785
-0,861609
0,01417994
-0,07627755
-0,396293
0,01417994
-0,07627755
-0,396293
0,02849102
-0,06619394
-0,9183754
0,01602173
-0,04415512
-0,5101435
0,01602173
-0,04415512
-0,5101435
0,0223279
-0,3248289
-0,7617921
0,006109476
-0,2304852
-0,3065348
0,006109476
-0,2304852
-0,3065348
0,01149774
-0,4864335
-0,7242911
0,003802776
-0,3363431
-0,3214031
-0,00270009
-0,2785489
-0,3314268
-0,00270009
-0,2785489
-0,3314268
-0,01427531
-0,6253049
-0,5614381
-0,004845858
-0,3715128
-0,2997968
-0,004845858
-0,3715128
-0,2997968
-0,01070499
-0,9290949
-0,5067047
-0,008046627
-0,4561096
-0,3426448
-0,008046627
-0,4561096
-0,3426448
-0,02930164
-0,8170292
-0,7476099
-0,02224445
-0,443887
-0,3031895
-0,02625585
-0,3871098
-0,2751887
-0,02625585
-0,3871098
-0,2751887
-0,06730556
-0,7007465
-0,605803
-0,03763437
-0,3321446
-0,3102921
-0,03763437
-0,3321446
-0,3102921
-0,0826776
-0,6759309
-0,3926665
-0,04358292
-0,3888704
-0,2008721
-0,04358292
-0,3888704
-0,2008721
-0,08989573
-0,7702693
-0,2967276
-0,04668832
-0,3773712
-0,1095727
-0,04668832
-0,3773712
-0,1095727
-0,09567142
-0,6141983
-0,2874546
-0,04944205
-0,2807405
-0,2012089
-0,04973412
-0,3057365
-0,1810826
-0,04973412
-0,3057365
-0,1810826
-0,1017511
-0,7709444
-0,340654
-0,04635453
-0,3468171
-0,1562946
-0,04635453
-0,3468171
-0,1562946
-0,09563565
-0,7621717
-0,31121
-0,04447103
-0,3199522
-0,09527355
-0,04447103
-0,3199522
-0,09527355
-0,08667111
-0,6022148
-0,09853095
-0,04012585
-0,2786376
-0,0293389
-0,04546642
-0,320296
-0,08797348
-0,04546642
-0,320296
-0,08797348
-0,08387566
-0,5992122
-0,1464248
-0,04190207
-0,2814271
-0,09532496
-0,04190207
-0,2814271
-0,09532496
-0,09203553
-0,6452888
-0,09221435
-0,04176497
-0,2272643
-0,04827455
-0,04176497
-0,2272643
-0,04827455
-0,07386208
-0,3458276
0,02021343
-0,03185272
-0,1536034
-0,008813292
-0,03185272
-0,1536034
-0,008813292
-0,06195307
-0,3319211
-0,1284875
-0,04341006
-0,2432667
-0,1837708
-0,02660155
-0,1392931
-0,1736738
-0,02660155
-0,1392931
-0,1736738
-0,07228255
-0,369145
-0,531289
-0,0277698
-0,06726459
-0,3357068
-0,0277698
-0,06726459
-0,3357068
-0,05683899
-0,1328856
-0,7774845
-0,02987385
-0,09564534
-0,3641948
-0,02987385
-0,09564534
-0,3641948
-0,06019473
-0,2262741
-0,698331
-0,02729893
-0,03781468
-0,4052162
-0,01780391
0,03604665
-0,3819302
-0,01780391
0,03604665
-0,3819302
-0,03409386
0,03487915
-0,7132515
-0,01323223
-0,003904849
-0,3003553
-0,01323223
-0,003904849
-0,3003553
-0,02561212
-0,1706868
-0,4974723
-0,0174284
-0,1596071
-0,2306044
-0,0174284
-0,1596071
-0,2306044
-0,03629327
-0,2113648
-0,5986333
-0,01153946
-0,0209555
-0,3437772
0,002324581
0,07073879
-0,3250167
0,002324581
0,07073879
-0,3250167
0,003862381
-0,04132688
-0,5194277
0,009888411
-0,03866553
-0,2040699
0,009888411
-0,03866553
-0,2040699
0,03294945
-0,005916506
-0,4323736
0,02779365
0,01985282
-0,172025
0,02779365
0,01985282
-0,172025
0,07751584
0,08270964
-0,2771318
0,02074838
-0,02959222
-0,256893
0,02074838
-0,02959222
-0,256893
0,05931854
0,1693405
-0,6015301
0,04920959
0,1096033
-0,1718104
0,06244779
0,09377673
-0,07175803
0,06244779
0,09377673
-0,07175803
0,1519799
0,2980746
-0,06600022
0,01838803
-0,1169845
-0,2690256
0,01838803
-0,1169845
-0,2690256
0,08103251
0,1813523
-0,5278423
0,03353105
0,1335434
-0,1073047
0,03353105
0,1335434
-0,1073047
-0,08562858
0,02441018
-0,3326415
0,03550531
0,08344124
-0,2104327
0,01780136
0,196439
-0,3099866
0,01780136
0,196439
-0,3099866
-0,139042
0,4099397
-0,8683755
0,1077396
-0,1401677
-0,7257087
0,1077396
-0,1401677
-0,7257087
-0,02985881
0,06332043
-0,5369256
0,03746343
0,0365982
-0,2536747
0,03746343
0,0365982
-0,2536747
0,04315871
0,07059404
-0,7943984
-0,08357699
0,1616661
-0,4872023
0,2123825
0,150089
-0,8414328
0,2123825
0,150089
-0,8414328
-0,1934767
-0,1112588
-1,032743
-0,099051
-0,03078356
-0,5089551
-0,099051
-0,03078356
-0,5089551
-0,1325607
-0,0584133
-0,6778568
-0,063169
-0,04623681
-0,3108144
-0,063169
-0,04623681
-0,3108144
-0,1593709
0,1119748
-0,8509696
-0,08974075
0,037352
-0,4557848
-0,08974075
0,037352
-0,4557848
-0,1702011
0,1217537
-0,8764088
-0,07635355
0,2382785
-0,4622638
-0,08172989
0,1996376
-0,456506
-0,08172989
0,1996376
-0,456506
-0,132817
0,4042223
-0,7665843
-0,03861189
0,2145357
-0,2577573
-0,03861189
0,2145357
-0,2577573
0,01277328
0,7491164
-0,2063304
0,06374121
0,4403152
0,1240879
0,06374121
0,4403152
0,1240879
0,08573532
1,047541
0,1126766
0,008434057
0,4713178
-0,03576279
-0,03313422
0,5615044
-0,180465
-0,03313422
0,5615044
-0,180465
-0,056988
1,34536
-0,2665848
-0,02396107
0,6743893
-0,04889667
-0,02396107
0,6743893
-0,04889667
-0,01223087
1,354305
0,08819103
-0,004547834
0,5474873
0,08773804
-0,004547834
0,5474873
0,08773804
-0,02576709
1,055419
0,152427
0,004202127
0,5305052
0,146395
0,004202127
0,5305052
0,146395
-0,02796054
1,186656
0,1802593
-0,01849532
0,5120568
0,06299317
-0,004398823
0,4690602
0,1096755
-0,004398823
0,4690602
0,1096755
0,07182956
0,6893002
0,4562289
0,06234646
0,2773345
0,3112108
0,06234646
0,2773345
0,3112108
0,1553178
0,1912981
0,6602645
0,06870031
0,1817212
0,3145039
0,06870031
0,1817212
0,3145039
0,1350462
0,6022915
0,6625563
0,05084872
0,4424557
0,3146648
0,08437634
0,3644466
0,4559577
0,08437634
0,3644466
0,4559577
0,1564026
0,7860959
0,9764969
0,06299615
0,3747225
0,453192
0,06299615
0,3747225
0,453192
0,14503
-0,2064779
0,6679833
0,09518862
-0,02385378
0,477618
0,09518862
-0,02385378
0,477618
0,1238585
0,2847165
0,8099496
0,07766485
0,06458163
0,4770368
0,07766485
0,06458163
0,4770368
0,1362741
0,03265887
0,8694828
0,05230904
-0,05692542
0,3414094
0,05517602
0,01048595
0,4108399
0,05517602
0,01048595
0,4108399
0,1451969
-0,1787901
1,036334
0,08109212
-0,1084685
0,6208867
0,08109212
-0,1084685
0,6208867
0,141561
-0,009666383
1,287583
0,05937815
0,01554042
0,5998254
0,05937815
0,01554042
0,5998254
0,1432657
-0,1102671
1,319118
0,05850196
-0,1787037
0,4899189
0,04325509
-0,1467064
0,3633276
0,04325509
-0,1467064
0,3633276
0,09973049
-0,4526839
0,7767424
0,05068779
-0,2529725
0,386861
0,05068779
-0,2529725
0,386861
0,07357597
-0,4042193
0,6204173
0,02844334
-0,1422584
0,2897754
0,02844334
-0,1422584
0,2897754
0,07425547
-0,4213482
0,7453039
0,03246665
-0,2355367
0,3423199
0,03246665
-0,2355367
0,3423199
0,06142855
-0,5240291
0,6742269
0,02868772
-0,3106117
0,2889127
0,02195239
-0,3344946
0,1802146
0,02195239
-0,3344946
0,1802146
0,03912449
-0,533671
0,3779605
0,01975298
-0,3604665
0,1378834
0,01975298
-0,3604665
0,1378834
0,02570152
-0,7746391
0,1078352
0,009059906
-0,4095167
0,0374198
0,009059906
-0,4095167
0,0374198
0,01260042
-1,067767
0,03606826
0,001341105
-0,5243354
0,02117604
-0,01041889
-0,6337315
-0,1063377
-0,01041889
-0,6337315
-0,1063377
-0,01177192
-1,083805
0,08374304
-0,006812811
-0,5728148
0,1394257
-0,006812811
-0,5728148
0,1394257
-0,01433492
-1,016828
0,4590869
-0,01319647
-0,576263
0,2555549
-0,01319647
-0,576263
0,2555549
-0,04530549
-1,283337
0,3863305
-0,0222683
-0,5891889
0,2139106
-0,03303885
-0,6551664
0,1400903
-0,03303885
-0,6551664
0,1400903
-0,05440712
-1,055624
0,3482193
-0,02602339
-0,5025097
0,2106741
-0,02602339
-0,5025097
0,2106741
-0,07095337
-1,173403
0,3784731
-0,03511906
-0,549578
0,1415178
-0,03511906
-0,549578
0,1415178
-0,07565618
-1,076364
0,143756
-0,04437566
-0,5504578
-0,005123019
-0,04437566
-0,5504578
-0,005123019
-0,08667707
-1,05022
0,08545816
-0,04352331
-0,4971057
0,04609972
-0,05447865
-0,5465888
-0,005679578
-0,05447865
-0,5465888
-0,005679578
-0,07122755
-0,7259049
-0,1320988
-0,05298257
-0,4964575
0,08843616
-0,05298257
-0,4964575
0,08843616
-0,1151681
-1,03568
0,3279895
-0,05577207
-0,4582241
0,05178079
-0,05577207
-0,4582241
0,05178079
-0,08150935
-0,6823316
-0,02347305
-0,03759861
-0,3172725
0,0115864
-0,04114509
-0,3381446
0,05500689
-0,04114509
-0,3381446
0,05500689
-0,09343028
-0,7332548
0,1746573
-0,03677011
-0,2856597
0,04017204
-0,03677011
-0,2856597
0,04017204
-0,06583929
-0,5186811
0,1504533
-0,03829598
-0,289318
0,1708776
-0,03829598
-0,289318
0,1708776
-0,09402633
-0,6489918
0,385087
-0,05374551
-0,3610224
0,2473883
-0,05374551
-0,3610224
0,2473883
-0,08018613
-0,5768806
0,4564896
-0,05548
-0,3618613
0,2386257
-0,03712773
-0,2733573
0,2390951
-0,03712773
-0,2733573
0,2390951
-0,09942055
-0,6448761
0,5779386
-0,06707311
-0,3787667
0,3566533
-0,06707311
-0,3787667
0,3566533
-0,1368403
-0,7287547
0,8201286
-0,04800558
-0,2716467
0,3322192
-0,04800558
-0,2716467
0,3322192
-0,09432435
-0,5320802
0,5573951
-0,02421141
-0,1656324
0,2576664
-0,03388524
-0,1855582
0,3288221
-0,03388524
-0,1855582
0,3288221
-0,06209612
-0,2978623
0,774416
-0,03256798
-0,146763
0,3854409
-0,03256798
-0,146763
0,3854409
-0,06869435
-0,3129482
0,6977022
-0,01450777
-0,08089691
0,3073331
-0,01450777
-0,08089691
0,3073331
0,009131432
-0,006356835
0,6107408
-0,01704693
-0,05079806
0,4535772
-0,01704693
-0,05079806
0,4535772
-0,07372499
-0,2357557
0,9261079
-0,04945397
-0,1703531
0,4280992
-0,04002452
-0,1431644
0,3624447
-0,04002452
-0,1431644
0,3624447
-0,01421571
-0,02078265
0,7207401
-0,01644492
-0,01093596
0,4287846
-0,01644492
-0,01093596
0,4287846
-0,01939535
0,02178699
0,7922366
0,003832579
0,04772544
0,3538385
0,003832579
0,04772544
0,3538385
0,03909469
0,1941741
0,6312333
0,01752377
0,1035526
0,3278933
0,02450943
0,1454294
0,3442969
0,02450943
0,1454294
0,3442969
0,0254631
0,22185
0,7005129
0,01345277
0,1267731
0,370314
0,01345277
0,1267731
0,370314
0,04020929
0,2784595
0,6655082
0,01410842
0,141938
0,3727354
0,01410842
0,141938
0,3727354
0,05618334
0,3862739
0,6844111
0,01383424
0,1883671
0,4117683
0,01383424
0,1883671
0,4117683
-0,002402067
0,1805305
0,6684549
0,02400875
0,2072632
0,3450371
0,01511574
0,153017
0,3120333
0,01511574
0,153017
0,3120333
0,04717112
0,3362328
0,5667031
0,02166033
0,1671001
0,2880856
0,02166033
0,1671001
0,2880856
0,03675222
0,3093168
0,5680546
0,009870529
0,1333252
0,2937794
0,009870529
0,1333252
0,2937794
0,07675886
0,4783049
0,5148791
0,03390908
0,2145663
0,2394773
0,05717278
0,2666846
0,1808919
0,05717278
0,2666846
0,1808919
0,1063406
0,5072311
0,3649794
0,04672408
0,2432093
0,2017811
0,04672408
0,2432093
0,2017811
0,09512305
0,5252823
0,4142277
0,07320046
0,3558218
0,1634762
0,07320046
0,3558218
0,1634762
0,1425683
0,613457
0,2204694
0,09313226
0,3895342
0,07240325
0,1293063
0,5077645
-0,004748255
0,1293063
0,5077645
-0,004748255
0,2994776
1,057391
-0,199414
0,1150906
0,4590347
-0,01595616
0,1150906
0,4590347
-0,01595616
0,1552463
0,8721396
0,2619557
0,08837581
0,520274
0,1272395
0,08837581
0,520274
0,1272395
0,1997828
1,050194
0,08955896
0,07675886
0,4413925
0,07308349
0,07675886
0,4413925
0,07308349
0,1661897
0,9621039
0,09765178
0,09182692
0,4613347
-0,03021732
0,1035929
0,5762093
-0,03271624
0,1035929
0,5762093
-0,03271624
0,1039743
0,834313
0,1920626
0,02334118
0,3842264
0,1833014
0,02334118
0,3842264
0,1833014
0,1055598
0,9461157
0,1448132
0,08656979
0,5736105
-0,06288067
0,08656979
0,5736105
-0,06288067
0,235635
1,240024
-0,4480332
0,1234114
0,6721407
-0,2700351
0,09257197
0,6071665
-0,1648203
0,09257197
0,6071665
-0,1648203
0,1113355
1,012116
-0,06538779
0,007551908
0,3128488
0,1445979
0,007551908
0,3128488
0,1445979
0,00282526
0,7050753
0,3563382
0,02174377
0,5031981
0,09487644
0,02174377
0,5031981
0,09487644
0,1021385
1,513917
-0,05780607
0,04274249
0,8859783
-0,0256449
0,04274249
0,8859783
-0,0256449
0,006139278
1,704269
0,2000034
-0,03771186
0,6481126
0,2553187
-0,03725886
0,4311986
0,2552532
-0,03725886
0,4311986
0,2552532
-0,05432963
0,499966
0,4436374
-0,01866221
0,2960347
0,1673087
-0,01866221
0,2960347
0,1673087
-0,0747323
0,5193561
0,4922003
-0,04760623
0,3639296
0,2691939
-0,04760623
0,3639296
0,2691939
-0,07728338
0,9793811
0,3774613
-0,04217029
0,4712798
0,1909614
-0,04622936
0,3267452
0,2244741
-0,04622936
0,3267452
0,2244741
-0,1166582
0,5044848
0,5650699
-0,0685513
0,4158795
0,2747104
-0,0685513
0,4158795
0,2747104
-0,1328647
0,6868124
0,5491674
-0,09238124
0,2077907
0,4097998
-0,09238124
0,2077907
0,4097998
-0,2234995
0,5645573
0,9014353
-0,1246691
0,4118055
0,4406363
-0,1246691
0,4118055
0,4406363
-0,3044367
0,7472724
1,055788
-0,1463413
0,1481295
0,5577937
-0,1218855
0,06924421
0,4851937
-0,1218855
0,06924421
0,4851937
-0,3144562
0,3081471
1,119421
-0,1498222
0,0435099
0,5455375
-0,1498222
0,0435099
0,5455375
-0,3036141
0,2266824
1,029669
-0,1413703
0,04551113
0,4837498
-0,1413703
0,04551113
0,4837498
-0,1425266
-0,4706293
0,7082149
-0,06923079
-0,1651794
0,3284603
-0,08656979
-0,1472011
0,3674626
-0,08656979
-0,1472011
0,3674626
-0,2085388
-0,4721671
0,8424059
-0,1224458
-0,2982259
0,4737362
-0,1224458
-0,2982259
0,4737362
-0,2574623
-0,5341515
0,931263
-0,1208723
-0,1728132
0,4052192
-0,1208723
-0,1728132
0,4052192
-0,2444029
-0,3028661
0,7639945
-0,09403825
-0,2347767
0,3177971
-0,09403825
-0,2347767
0,3177971
-0,1761615
-0,5070344
0,5931824
-0,0906527
-0,1934648
0,2861172
-0,07727742
-0,1352668
0,2432555
-0,07727742
-0,1352668
0,2432555
-0,1195073
-0,3690988
0,4072189
-0,04822612
-0,2639219
0,1776218
-0,04822612
-0,2639219
0,1776218
-0,0703156
-0,729236
0,3006071
-0,04137754
-0,318455
0,1477271
-0,04137754
-0,318455
0,1477271
-0,1529753
-0,4305556
0,4172266
-0,09033084
-0,2341412
0,2298266
-0,1149416
-0,1539655
0,2720147
-0,1149416
-0,1539655
0,2720147
-0,2575934
-0,2810717
0,5905896
-0,1462579
-0,1327373
0,3241003
-0,1462579
-0,1327373
0,3241003
-0,1979172
-0,4642412
0,4333138
-0,0805378
-0,2457686
0,1752287
-0,0805378
-0,2457686
0,1752287
-0,1564205
-0,3278159
0,3286511
-0,0813961
-0,2206787
0,1705348
-0,09976625
-0,2409212
0,2087712
-0,09976625
-0,2409212
0,2087712
-0,1552761
-0,5857878
0,32821
-0,03039837
-0,3504179
0,06667972
-0,03039837
-0,3504179
0,06667972
-0,07422566
-0,4831567
0,1520932
-0,0652492
-0,3593788
0,1294971
-0,0652492
-0,3593788
0,1294971
-0,1161277
-0,8383267
0,2218723
0,006449223
-0,4507303
-0,02915263
0,006449223
-0,4507303
-0,02915263
0,03295541
-0,9504557
-0,1149148
-0,04372597
-0,4572611
0,05800128
-0,05016923
-0,4924476
0,05984306
-0,05016923
-0,4924476
0,05984306
-0,08305907
-0,9065796
0,06831288
-0,01569986
-0,4521541
-0,02473593
-0,01569986
-0,4521541
-0,02473593
-0,09473562
-1,184154
0,03610849
-0,02661943
-0,5852662
-0,04041791
-0,02661943
-0,5852662
-0,04041791
-0,06541014
-0,9529874
-0,0310868
-0,005239248
-0,4129097
-0,06148219
-0,0041008
-0,5398549
-0,08993745
-0,0041008
-0,5398549
-0,08993745
-0,03689528
-1,072674
-0,1333952
-0,03781319
-0,5369529
-0,04033148
-0,03781319
-0,5369529
-0,04033148
-0,2402961
-1,278821
0,1913667
-0,09375811
-0,6679952
0,01877546
-0,09375811
-0,6679952
0,01877546
0,05406141
-0,7932104
-0,3200352
0,01282096
-0,4532613
-0,1491487
0,01282096
-0,4532613
-0,1491487
-0,1121342
-1,283315
-0,131759
-0,06582141
-0,5570874
-0,02732575
-0,08223057
-0,4372403
0,04644692
-0,08223057
-0,4372403
0,04644692
-0,005245209
-0,7576942
-0,2230257
0,049752
-0,2794757
-0,1946151
0,049752
-0,2794757
-0,1946151
0,09980202
-0,5771339
-0,4021257
0,0628829
-0,2482146
-0,2198488
0,0628829
-0,2482146
-0,2198488
0,1398146
-0,3296629
-0,4184425
0,0702858
-0,1456425
-0,2097905
0,06070733
-0,1860112
-0,2104104
0,06070733
-0,1860112
-0,2104104
0,1278877
-0,3495067
-0,4330337
0,08072853
-0,1487464
-0,2530396
0,08072853
-0,1487464
-0,2530396
0,1239955
-0,2816394
-0,4227191
0,01600981
-0,2516061
-0,167048
0,01600981
-0,2516061
-0,167048
0,03861189
-0,350526
-0,2829581
0,02454519
-0,2576515
-0,1993269
0,04451275
-0,2972081
-0,2691537
0,04451275
-0,2972081
-0,2691537
0,03297329
-0,5364105
-0,3813416
-0,02808571
-0,2704814
-0,08841753
-0,02808571
-0,2704814
-0,08841753
0,02023578
-0,4726008
-0,3210068
0,06351471
-0,1113996
-0,2155036
0,06351471
-0,1113996
-0,2155036
-0,01319647
-0,4681706
-0,2367526
-0,03932714
-0,2177134
-0,03189743
-0,03932714
-0,2177134
-0,03189743
0,02009273
-0,1488551
-0,1343697
0,03885031
-0,1569241
-0,1882046
-0,01018643
-0,2621859
-0,1392424
-0,01018643
-0,2621859
-0,1392424
0,004583597
-0,4243046
-0,2802163
0,02761483
-0,127852
-0,153324
0,02761483
-0,127852
-0,153324
0,0882566
-0,2207041
-0,375554
0,0431478
-0,1431018
-0,2104759
0,0431478
-0,1431018
-0,2104759
0,01461506
-0,1313567
-0,135529
0,03142357
-0,04070848
-0,111568
0,03142357
-0,04070848
-0,111568
0,1263022
-0,196664
-0,4761964
0,0408411
-0,008529425
-0,1232266
0,03437996
-0,05229861
-0,1393914
0,03437996
-0,05229861
-0,1393914
0,1008391
-0,1264215
-0,3773212
0,06891489
-0,05488396
-0,2303869
0,06891489
-0,05488396
-0,2303869
0,1490414
-0,2339303
-0,5915016
0,05652308
-0,1111299
-0,2429843
0,05652308
-0,1111299
-0,2429843
0,1669884
-0,1045316
-0,5594537
0,08907914
0,0171423
-0,247483
0,09569526
-0,007131696
-0,293234
0,09569526
-0,007131696
-0,293234
0,1524866
-0,1144499
-0,5606294
0,1003027
-0,01612902
-0,3199697
0,1003027
-0,01612902
-0,3199697
0,2173007
-0,01592487
-0,680849
0,07808208
-0,0603497
-0,3032371
0,07808208
-0,0603497
-0,3032371
0,1949251
0,06706119
-0,5894482
0,1142681
0,1160949
-0,2838627
0,1136184
0,1397163
-0,267145
0,1136184
0,1397163
-0,267145
0,2269328
0,2712443
-0,5886599
0,1253486
0,2548501
-0,2537072
0,1253486
0,2548501
-0,2537072
0,1921237
0,4705995
-0,3753185
0,08237362
0,2319068
-0,1628399
0,08237362
0,2319068
-0,1628399
0,1913488
0,6653368
-0,2688244
0,1098633
0,365521
-0,1625657
0,1098633
0,365521
-0,1625657
0,1853585
0,5444333
-0,3617436
0,1059115
0,3240049
-0,1868337
0,09884834
0,259085
-0,2197593
0,09884834
0,259085
-0,2197593
0,1734018
0,4678339
-0,3993899
0,09159446
0,2162248
-0,2424672
0,09159446
0,2162248
-0,2424672
0,1787066
0,4875392
-0,4423007
0,09855032
0,3158733
-0,2055451
0,09855032
0,3158733
-0,2055451
0,1414001
0,51191
-0,3240272
0,0729084
0,2503604
-0,1894325
0,08114576
0,2550811
-0,2289504
0,08114576
0,2550811
-0,2289504
0,2280891
0,7779002
-0,5471453
0,08587241
0,3579512
-0,2098754
0,08587241
0,3579512
-0,2098754
0,09773374
0,5587056
-0,2707809
0,04522204
0,2700537
-0,1503199
0,04522204
0,2700537
-0,1503199
0,1082897
0,5302876
-0,4007623
0,03963709
0,2213687
-0,1826838
0,03963709
0,2213687
-0,1826838
0,01717806
0,3636539
-0,1843601
0,021559
0,189054
-0,1578599
0,03606081
0,238584
-0,179705
0,03606081
0,238584
-0,179705
0,05797744
0,4673764
-0,3188133
0,007343292
0,210771
-0,08999258
0,007343292
0,210771
-0,08999258
-0,0003576279
0,4511192
-0,09674579
-0,0002503395
0,1954511
-0,06367713
-0,0002503395
0,1954511
-0,06367713
0,05581975
0,4998431
-0,3051884
0,02043247
0,2354778
-0,1275979
0,01490116
0,2623901
-0,08205548
0,01490116
0,2623901
-0,08205548
-7,152557E-05
0,3586262
-0,1158826
-0,001573563
0,1390047
-0,07047057
-0,001573563
0,1390047
-0,07047057
0,008881092
0,2429433
-0,1813851
-0,0130713
0,005307049
-0,02233237
-0,0130713
0,005307049
-0,02233237
0,01152158
0,2695933
-0,2031311
0,007474422
0,124348
-0,1022413
0,007474422
0,124348
-0,1022413
-0,01769662
0,04031658
-0,09875298
-0,01667142
0,1052938
-0,06126761
-0,00166893
0,09812191
-0,1025297
-0,00166893
0,09812191
-0,1025297
-0,01478195
0,07109046
-0,1902975
-0,002676249
0,06823316
-0,1337886
-0,002676249
0,06823316
-0,1337886
-0,01475215
-0,05929917
-0,3580809
-0,001996756
-0,001359731
-0,2606869
-0,001996756
-0,001359731
-0,2606869
-0,006085634
0,01313537
-0,2054259
-0,007933378
-0,05471185
-0,130523
-0,006252527
-0,07491782
-0,1809418
-0,006252527
-0,07491782
-0,1809418
-0,006067753
0,0002861023
-0,3214538
0,01745224
0,08196533
-0,231006
0,01745224
0,08196533
-0,231006
0,04352927
0,2858363
-0,5189881
0,006526709
0,1010187
-0,1908384
0,006526709
0,1010187
-0,1908384
-0,0128746
0,2635412
-0,1927987
-0,01701117
0,03447086
-0,06587952
-0,02068877
0,06786659
-0,04405528
-0,02068877
0,06786659
-0,04405528
-0,05192161
0,2520345
-0,05664527
-0,03624558
0,1266629
0,03623664
-0,03624558
0,1266629
0,03623664
-0,06277561
0,2341226
0,06478652
-0,01343489
0,1475155
-0,06349906
-0,01343489
0,1475155
-0,06349906
-0,03987551
0,210613
-0,08434653
-0,01800656
0,02466589
-0,04418492
-0,01800656
0,02466589
-0,04418492
-0,0698328
0,05886108
-0,002723187
-0,03001094
0,05509257
-0,02383366
-0,01921654
0,004015863
-0,04868954
-0,01921654
0,004015863
-0,04868954
-0,05053878
0,06906316
-0,2161831
-0,01587272
0,06502122
-0,1502313
-0,01587272
0,06502122
-0,1502313
-0,0351727
0,1141906
-0,3322333
-0,01133084
-0,02102554
-0,1693361
-0,01133084
-0,02102554
-0,1693361
-0,00782609
0,03425777
-0,4935056
-0,01110435
0,07711425
-0,09123981
-0,01795888
0,07748976
-0,03660917
-0,01795888
0,07748976
-0,03660917
-0,03854036
0,06971359
-0,03388673
-0,0257194
0,04045069
-0,06737709
-0,0257194
0,04045069
-0,06737709
-0,0385046
0,09709597
-0,1242835
-0,008362532
0,1044847
-0,05842149
-0,008362532
0,1044847
-0,05842149
-0,01754761
0,1490459
-0,1637414
-0,0125885
-0,002989918
-0,06842278
-0,0125885
-0,002989918
-0,06842278
-0,04813671
-0,05068183
-0,1099214
-0,0181675
0,01856759
-0,0618577
-0,01085401
0,05885884
-0,1315176
-0,01085401
0,05885884
-0,1315176
-0,01856685
0,08189827
-0,430733
-0,01707673
-0,07381514
-0,1524027
-0,01707673
-0,07381514
-0,1524027
-0,012362
-0,2559245
-0,7648606
0,01061559
-0,08103102
-0,390131
0,01061559
-0,08103102
-0,390131
0,02334118
-0,1344576
-0,8050308
0,005829334
-0,08774474
-0,3811203
-0,01260496
-0,004293188
-0,3888175
-0,01260496
-0,004293188
-0,3888175
-0,1847965
0,1315214
-0,6897597
-0,0647743
0,01901194
-0,3827691
-0,0647743
0,01901194
-0,3827691
-0,03807017
0,1143242
-0,6429011
-0,0459975
0,1083085
-0,4772694
-0,0459975
0,1083085
-0,4772694
-0,003691494
0,1982058
-0,8922129
0,6075765
-0,2670211
-1,170939
0,6075765
-0,2670211
-1,170939
-0,01014525
0,2402199
-0,845191
0,009711679
0,02819718
-0,3642179
-0,02846715
0,05584475
-0,4793268
-0,02846715
0,05584475
-0,4793268
0,06491706
0,1346026
-0,841473
0,2966853
0,1242559
-0,7008929
0,2966853
0,1242559
-0,7008929
-0,002551079
-0,002850592
-0,8277982
-0,001585484
0,01367107
-0,4039381
-0,001585484
0,01367107
-0,4039381
-0,008159876
-0,03219768
-0,7996641
-0,007742643
-0,0537917
-0,442268
-0,004738569
-0,01402721
-0,4869521
-0,004738569
-0,01402721
-0,4869521
-0,02254844
-0,1343332
-0,7577233
0,0006318092
0,0588946
-0,4212983
0,0006318092
0,0588946
-0,4212983
-0,01755953
-0,05960092
-0,8111477
-0,01248121
-0,0802882
-0,3647886
-0,01248121
-0,0802882
-0,3647886
-0,01945496
-0,05495846
-0,764785
-0,00372529
0,04147738
-0,2931729
-0,00372529
0,04147738
-0,2931729
-0,01131296
0,04760623
-0,623373
-0,0006258488
0,06319657
-0,3355719
-0,001066923
0,02522245
-0,2787456
-0,001066923
0,02522245
-0,2787456
0,0004589558
0,09921864
-0,6355226
-0,00653863
0,00455901
-0,3532052
-0,00653863
0,00455901
-0,3532052
-0,01183152
0,1228213
-0,7799178
-0,008159876
0,09124279
-0,3979295
-0,008159876
0,09124279
-0,3979295
-0,02361536
0,08821636
-0,6016299
-0,01575947
-0,002943724
-0,2643839
-0,01364946
0,05095303
-0,3016949
-0,01364946
0,05095303
-0,3016949
-0,03736019
0,03643781
-0,6484747
-0,02505779
-0,06744117
-0,2857506
-0,02505779
-0,06744117
-0,2857506
-0,02779961
0,1068726
-0,5149171
-0,01898408
0,0204809
-0,2942458
-0,01898408
0,0204809
-0,2942458
-0,0369668
0,07933229
-0,6671041
-0,02411604
-0,003793091
-0,3812551
-0,02151132
-0,05534589
-0,2980709
-0,02151132
-0,05534589
-0,2980709
-0,02698302
-0,1100726
-0,4809558
-0,01099706
-0,001765043
-0,2970368
-0,01099706
-0,001765043
-0,2970368
-0,02431273
-0,1005366
-0,5953297
-0,02056956
-0,09647906
-0,3162891
-0,02056956
-0,09647906
-0,3162891
-0,01740456
0,09414703
-0,6298408
-0,01279116
0,1146264
-0,3915027
-0,01279116
0,1146264
-0,3915027
-0,03510118
0,2170481
-0,864394
-0,01458526
0,1323566
-0,4421562
-0,01935363
0,01730323
-0,3857508
-0,01935363
0,01730323
-0,3857508
-0,071136
-0,1078221
-0,492274
-0,06335072
-0,04992281
-0,2787899
-0,06335072
-0,04992281
-0,2787899
-0,05160019
-0,160512
-0,4525127
-0,08692767
-0,09588788
-0,4010565
-0,08692767
-0,09588788
-0,4010565
-0,06746338
0,03324277
-0,508244
-0,02307147
0,02008788
-0,3363779
-0,02307147
0,02008788
-0,3363779
-0,03893323
0,1518704
-0,706172
0,1153842
-0,0465049
-0,8297592
-0,02833605
0,02756938
-0,2934575
-0,02833605
0,02756938
-0,2934575
-0,06836057
-0,04399046
-0,6206274
-0,05090237
-0,04758537
-0,3768355
-0,05090237
-0,04758537
-0,3768355
-0,09988546
-0,007589161
-0,7447839
-0,05348325
-0,02343133
-0,3659755
-0,05348325
-0,02343133
-0,3659755
-0,09976625
-0,1719728
-0,6200612
-0,047189
-0,1254737
-0,2730191
-0,06401539
-0,03357381
-0,3831983
-0,06401539
-0,03357381
-0,3831983
-0,1394749
-0,1737706
-0,7489026
-0,07272959
-0,1566954
-0,3553897
-0,07272959
-0,1566954
-0,3553897
-0,1422405
-0,04860461
-0,8056909
-0,09668469
0,0470534
-0,5288959
-0,09668469
0,0470534
-0,5288959
-0,2928853
0,04949346
-1,426202
closestDistance
0,7580105
0,7580105
0,7525217
0,7503949
0,7471614
0,7471614
0,7409382
0,7380596
0,7380596
0,7325816
0,7306852
0,7306852
0,7224534
0,7174112
0,7174112
0,7139134
0,712294
0,7108859
0,7108859
0,7042348
0,7023413
0,7023413
0,6963933
0,6936869
0,6936869
0,690751
0,689577
0,6876482
0,6876482
0,6825448
0,6802049
0,6802049
0,6738609
0,6671177
0,6671177
0,6577336
0,6552174
0,6552174
0,6484636
0,644288
0,6418047
0,6418047
0,6314684
0,6265571
0,6265571
0,624823
0,623521
0,623521
0,6188846
0,6165082
0,6145114
0,6145114
0,6050401
0,6005169
0,6005169
0,5926826
0,5893828
0,5893828
0,5769882
0,5733817
0,5733817
0,5674613
0,5633809
0,5595324
0,5595324
0,5521887
0,5481508
0,5481508
0,5377023
0,5335855
0,5335855
0,5279275
0,5268189
0,5216692
0,5216692
0,5103686
0,5086625
0,5086625
0,5049606
0,5028611
0,5028611
0,5004911
0,4997047
0,4997047
0,4952092
0,4932153
0,4901449
0,4901449
0,4817949
0,4729364
0,4729364
0,4558851
0,4511975
0,4511975
0,4451513
0,4434528
0,4420013
0,4420013
0,4369383
0,4317243
0,4317243
0,4260828
0,4241931
0,4241931
0,4214337
0,420153
0,4184375
0,4184375
0,4123293
0,4094548
0,4094548
0,4071314
0,4040476
0,4040476
0,3992956
0,3981109
0,3981109
0,3934958
0,3911879
0,3892911
0,3892911
0,3831551
0,3810558
0,3810558
0,3725442
0,3668489
0,3668489
0,3529827
0,3482167
0,3433218
0,3433218
0,3339701
0,3314186
0,3314186
0,3239592
0,3192145
0,3192145
0,3076372
0,3012242
0,3012242
0,2877048
0,2828214
0,2780333
0,2780333
0,2705961
0,2661267
0,2661267
0,2587937
0,2559505
0,2559505
0,2487704
0,2455365
0,2421547
0,2421547
0,2348218
0,2324526
0,2324526
0,2280738
0,225114
0,225114
0,2151466
0,2105354
0,2058006
0,2058006
0,1977268
0,1930308
0,1930308
0,1864579
0,1861455
0,1861455
0,1854052
0,1851616
0,1851616
0,1879955
0,1907252
0,1946419
0,1946419
0,204606
0,2110623
0,2110623
0,2260724
0,2329903
0,2329903
0,2428293
0,2475766
0,2533479
0,2533479
0,2616619
0,2651643
0,2651643
0,2720216
0,2752637
0,2752637
0,2796583
0,2816464
0,2816464
0,2878288
0,288702
0,2915474
0,2915474
0,2980862
0,3013867
0,3013867
0,3068795
0,3098599
0,3098599
0,3173118
0,3200379
0,3241739
0,3241739
0,3269764
0,3258539
0,3258539
0,3261705
0,3266514
0,3266514
0,3229397
0,3197411
0,3197411
0,3138984
0,3093046
0,3060477
0,3060477
0,2981658
0,2935908
0,2935908
0,2810833
0,2761979
0,2761979
0,2698099
0,2658504
0,2628114
0,2628114
0,2594322
0,2585739
0,2585739
0,254349
0,2519736
0,2519736
0,2465294
0,2436492
0,2436492
0,2411922
0,2414832
0,2413855
0,2413855
0,2400761
0,2399307
0,2399307
0,2398844
0,2395271
0,2395271
0,2378108
0,2369157
0,2371058
0,2371058
0,2376149
0,2385967
0,2385967
0,2388967
0,2394711
0,2394711
0,2386368
0,2386889
0,2386889
0,2411354
0,2448383
0,2483642
0,2483642
0,2592644
0,2660098
0,2660098
0,2816269
0,289001
0,289001
0,3032421
0,311352
0,318873
0,318873
0,3329908
0,3389715
0,3389715
0,3491558
0,3540333
0,3540333
0,3663483
0,3732216
0,379543
0,379543
0,3899612
0,3941027
0,3941027
0,4027334
0,4061327
0,4061327
0,4115387
0,4167194
0,4167194
0,4284469
0,4317336
0,433073
0,433073
0,4341362
0,4396559
0,4396559
0,4500553
0,4517291
0,4517291
0,4582767
0,4624434
0,4685137
0,4685137
0,4855733
0,5001606
0,5001606
0,5101035
0,5152815
0,5152815
0,5310811
0,5406203
0,557564
0,557564
0,5781046
0,5882419
0,5882419
0,6017566
0,6079589
0,6079589
0,6249519
0,6340622
0,6340622
0,6516023
0,6609006
0,6701051
0,6701051
0,6856582
0,6909632
0,6909632
0,6957895
0,693865
0,693865
0,6934031
0,6951274
0,7000839
0,7000839
0,7093415
0,7126673
0,7126673
0,7164243
0,7172164
0,7172164
0,7195497
0,7196139
0,7196139
0,7231732
0,7252308
0,7262571
0,7262571
0,7224608
0,7186535
0,7186535
0,7077996
0,7033663
0,7033663
0,695965
0,6938973
0,6887753
0,6887753
0,678413
0,673964
0,673964
0,6603038
0,6517531
0,6517531
0,6405722
0,6330591
0,6330591
0,6186259
0,6122633
0,6054651
0,6054651
0,5862351
0,5747613
0,5747613
0,553578
0,5440769
0,5440769
0,5218109
0,5119649
0,5045053
0,5045053
0,4868891
0,477789
0,477789
0,4632168
0,4569871
0,4569871
0,440302
0,4321192
0,4321192
0,415257
0,4069613
0,400045
0,400045
0,3876596
0,3811505
0,3811505
0,370305
0,3650199
0,3650199
0,3527747
0,3470131
0,3426116
0,3426116
0,3313478
0,3240969
0,3240969
0,3079904
0,2992874
0,2992874
0,2844112
0,2774729
0,2721063
0,2721063
0,262254
0,2572217
0,2572217
0,2491576
0,2468407
0,2468407
0,246358
0,2483572
0,2483572
0,2516553
0,2537039
0,257413
0,257413
0,2652257
0,2677064
0,2677064
0,2715546
0,2753505
0,2753505
0,2831211
0,2865245
0,2895829
0,2895829
0,2958031
0,2988209
0,2988209
0,3033693
0,3047893
0,3047893
0,3084568
0,3103568
0,3103568
0,3131157
0,3157659
0,3172179
0,3172179
0,3211142
0,323633
0,323633
0,3281062
0,329903
0,329903
0,3347908
0,3357904
0,3367434
0,3367434
0,3370109
0,3374214
0,3374214
0,3395923
0,3396563
0,3396563
0,3371103
0,3364027
0,3364027
0,338351
0,3408384
0,3431043
0,3431043
0,3427977
0,3428765
0,3428765
0,3427448
0,3421611
0,3421611
0,3393108
0,3379724
0,3359852
0,3359852
0,3338856
0,332847
0,332847
0,3304555
0,329656
0,329656
0,3263028
0,325464
0,325464
0,3269491
0,3258552
0,3256578
0,3256578
0,3246455
0,3244029
0,3244029
0,3246719
0,3254634
0,3254634
0,3231231
0,322368
0,3202148
0,3202148
0,3167137
0,3155429
0,3155429
0,313149
0,3102362
0,3102362
0,3047729
0,3005717
0,2938674
0,2938674
0,2777494
0,2721125
0,2721125
0,2666741
0,2634898
0,2634898
0,2554446
0,2531431
0,2531431
0,2480613
0,2447509
0,2411225
0,2411225
0,2411956
0,2433733
0,2433733
0,2441195
0,2424655
0,2424655
0,2349737
0,2315632
0,2306479
0,2306479
0,234318
0,238691
0,238691
0,2494471
0,2546651
0,2546651
0,2663692
0,2746004
0,2746004
0,2963443
0,3077931
0,3167728
0,3167728
0,3294607
0,3356048
0,3356048
0,3492832
0,3577764
0,3577764
0,3757912
0,3846904
0,3921836
0,3921836
0,4068354
0,4162412
0,4162412
0,4331693
0,4417127
0,4417127
0,4620191
0,4737851
0,4737851
0,4988623
0,5089173
0,5169544
0,5169544
0,5376253
0,5464534
0,5464534
0,5651321
0,5732418
0,5732418
0,5788592
0,5822335
0,5865247
0,5865247
0,5951838
0,5999358
0,5999358
0,6103252
0,6156303
0,6156303
0,6260977
0,6295147
0,6295147
0,6355048
0,6389682
0,642213
0,642213
0,6465196
0,6476026
0,6476026
0,6473615
0,6476905
0,6476905
0,6523904
0,6550916
0,6592197
0,6592197
0,6686845
0,6740925
0,6740925
0,6795964
0,6815337
0,6815337
0,6860797
0,6881959
0,6910045
0,6910045
0,6944537
0,6940316
0,6940316
0,6947902
0,6957868
0,6957868
0,69681
0,6945117
0,6945117
0,6889424
0,6887761
0,6886901
0,6886901
0,688063
0,6867166
0,6867166
0,6858558
0,6845359
0,6845359
0,6835487
0,6822846
0,6805873
0,6805873
0,678686
0,6785563
0,6785563
0,6849486
0,6869905
0,6869905
0,6826445
0,6810445
0,6810445
0,6832191
0,6850855
0,6880618
0,6880618
0,6872911
0,6848188
0,6848188
0,6799079
0,6769369
0,6769369
0,6705483
0,6672729
0,6642786
0,6642786
0,6580121
0,6540408
0,6540408
0,6477245
0,6462882
0,6462882
0,6434113
0,6415374
0,6386982
0,6386982
0,6357988
0,6364105
0,6364105
0,6344604
0,6314006
0,6314006
0,6312484
0,6326913
0,6326913
0,6316069
0,6296334
0,6296297
0,6296297
0,6287458
0,6272649
0,6272649
0,622772
0,6205027
0,6205027
0,6194828
0,6179329
0,6179329
0,6116381
0,6095688
0,607704
0,607704
0,6025289
0,5991485
0,5991485
0,5916467
0,5887979
0,5887979
0,5805817
0,5762319
0,5714314
0,5714314
0,5635648
0,5585294
0,5585294
0,5477043
0,5436144
0,5436144
0,5334207
0,5274673
0,5214859
0,5214859
0,508827
0,5016066
0,5016066
0,4897525
0,4842703
0,4842703
0,4717001
0,4646173
0,4646173
0,4522476
0,4453721
0,4387757
0,4387757
0,4268593
0,4204457
0,4204457
0,4076837
0,400742
0,400742
0,3896879
0,3838096
0,3772575
0,3772575
0,3598664
0,3526066
0,3526066
0,3422756
0,3370022
0,3370022
0,324979
0,3197166
0,3197166
0,3129987
0,3084866
0,3031744
0,3031744
0,2933966
0,289923
0,289923
0,2842627
0,2814774
0,2814774
0,2720872
0,2680051
0,2645884
0,2645884
0,2598997
0,2576396
0,2576396
0,2526871
0,2521935
0,2521935
0,2467254
0,2440722
0,2440722
0,2419156
0,2400765
0,2375656
0,2375656
0,23352
0,230598
0,230598
0,2241743
0,2193033
0,2193033
0,2153699
0,2132612
0,210378
0,210378
0,2044306
0,1996963
0,1996963
0,1884258
0,184285
0,184285
0,1789949
0,1774877
0,1761637
0,1761637
0,1734079
0,1732353
0,1732353
0,1730061
0,1710633
0,1710633
0,1683886
0,1673675
0,1673675
0,1667895
0,1659984
0,1649694
0,1649694
0,1603502
0,1571577
0,1571577
0,1502141
0,1469854
0,1469854
0,1373689
0,1352895
0,1342355
0,1342355
0,1331807
0,1316417
0,1316417
0,128784
0,1273319
0,1273319
0,1237287
0,122354
0,122354
0,1201291
0,1188065
0,1160755
0,1160755
0,1074845
0,1046347
0,1046347
0,09082178
0,08395907
0,08395907
0,07033887
0,06446863
0,05804186
0,05804186
0,04451825
0,03806568
0,03806568
0,02857872
0,02409117
0,02409117
0,02702005
0,05268174
0,05268174
0,06321122
0,06826445
0,07484341
0,07484341
0,09116214
0,1061575
0,1061575
0,122027
0,1298229
0,1298229
0,1453561
0,1539983
0,1635286
0,1635286
0,1784406
0,1866895
0,1866895
0,2026858
0,2099275
0,2099275
0,2250554
0,2308135
0,2308135
0,2431041
0,2497172
0,2552331
0,2552331
0,2678099
0,2748143
0,2748143
0,2902656
0,2981563
0,2981563
0,3100885
0,3153252
0,3213148
0,3213148
0,3341789
0,339828
0,339828
0,3500659
0,3559103
0,3559103
0,3691854
0,3767594
0,3826669
0,3826669
0,3922172
0,398134
0,398134
0,4099889
0,4162878
0,4162878
0,4288428
0,4366542
0,4366542
0,4539274
0,4627907
0,4704861
0,4704861
0,479481
0,4850108
0,4850108
0,4936089
0,5014111
0,5014111
0,511564
0,5184716
0,5184716
0,5320842
0,5487215
0,5545788
0,5545788
0,5669493
0,5744576
0,5744576
0,5893149
0,5966158
0,5966158
0,608989
0,6144501
0,6221085
0,6221085
0,6371077
0,6442595
0,6442595
0,6603953
0,6709672
0,6709672
0,6995389
timeStamps
6,864281
6,879027
6,89291
6,906752
6,920323
6,934367
6,94824
6,962063
6,975895
6,990296
7,003315
7,017459
7,031349
7,045143
7,059097
7,073269
7,087267
7,100945
7,115123
7,128865
7,143064
7,156843
7,170591
7,184646
7,198824
7,21274
7,226267
7,240309
7,254556
7,268288
7,282129
7,2962
7,309664
7,3236
7,33771
7,351873
7,365531
7,379614
7,393538
7,407551
7,421516
7,435339
7,449219
7,463147
7,476974
7,491282
7,504995
7,518685
7,532849
7,546664
7,560853
7,574626
7,589475
7,602891
7,616902
7,630537
7,644174
7,65811
7,672278
7,686033
7,69943
7,713558
7,727633
7,741356
7,75585
7,769271
7,783419
7,7974
7,811069
7,824931
7,839015
7,853161
7,86697
7,880687
7,894701
7,908663
7,922358
7,93636
7,950397
7,964628
7,978086
7,992474
8,006024
8,019916
8,033834
8,048034
8,061837
8,07592
8,089606
8,103591
8,117512
8,131474
8,145737
8,159191
8,173162
8,18715
8,201028
8,215055
8,229563
8,242791
8,256979
8,270732
8,284862
8,298579
8,31255
8,326184
8,340264
8,354146
8,367966
8,382022
8,396027
8,41008
8,423896
8,437698
8,451511
8,46551
8,479562
8,493293
8,507638
8,52122
8,535244
8,549112
8,563251
8,576853
8,590915
8,604579
8,618834
8,632855
8,646866
8,660339
8,674212
8,688454
8,702466
8,716156
8,730013
8,744302
8,757711
8,771976
8,785822
8,799716
8,813602
8,82759
8,841688
8,855238
8,869356
8,88317
8,897025
8,911048
8,924941
8,939065
8,952864
8,966881
8,980785
8,994812
9,008655
9,022449
9,03674
9,050366
9,064345
9,078177
9,092057
9,10587
9,120129
9,133968
9,147799
9,162032
9,1755
9,189524
9,203343
9,217277
9,231148
9,245326
9,259548
9,273098
9,287262
9,300701
9,314758
9,328721
9,342973
9,356883
9,37054
9,384422
9,398456
9,412293
9,426158
9,44001
9,454491
9,467927
9,481784
9,496019
9,50992
9,523664
9,537526
9,551792
9,565677
9,579193
9,593441
9,606957
9,621261
9,635253
9,649117
9,663199
9,677052
9,690616
9,704627
9,718408
9,732353
9,746385
9,760378
9,774352
9,788393
9,802119
9,81605
9,830038
9,843763
9,85785
9,871625
9,885523
9,89955
9,91382
9,927272
9,941264
9,955403
9,969125
9,983001
9,99699
10,01126
10,02506
10,03889
10,05291
10,06679
10,08073
10,09469
10,10858
10,12303
10,13642
10,15006
10,16401
10,17804
10,19216
10,20569
10,21985
10,23416
10,24803
10,26194
10,27514
10,28934
10,30323
10,31723
10,3314
10,34523
10,35917
10,3732
10,38689
10,40085
10,41497
10,42909
10,44291
10,45672
10,47053
10,48444
10,4982
10,5122
10,52608
10,53979
10,554
10,5678
10,58195
10,5958
10,60974
10,62352
10,63738
10,65138
10,66535
10,67938
10,69319
10,70719
10,72119
10,73526
10,74898
10,76273
10,77698
10,79069
10,80486
10,8185
10,83268
10,84634
10,86018
10,87426
10,88839
10,90192
10,91609
10,92986
10,9438
10,95779
10,97188
10,98558
10,99943
11,01338
11,0278
11,04142
11,05533
11,06913
11,08309
11,09717
11,11092
11,12509
11,13898
11,15258
11,16646
11,18044
11,19456
11,20841
11,22246
11,2365
11,2502
11,26397
11,27784
11,29191
11,3059
11,32008
11,33387
11,34787
11,36151
11,37541
11,3894
11,4034
11,41722
11,43152
11,44521
11,45912
11,47324
11,4869
11,50091
11,51473
11,52912
11,5426
11,55676
11,57049
11,58426
11,59802
11,61216
11,62674
11,64003
11,65396
11,66787
11,68187
11,69583
11,70951
11,72388
11,73753
11,75183
11,76547
11,77928
11,79363
11,80726
11,82124
11,83483
11,84896
11,86278
11,87642
11,89067
11,90439
11,91883
11,93243
11,94624
11,96047
11,97448
11,98833
12,0021
12,01608
12,02991
12,04437
12,05774
12,07185
12,0858
12,0998
12,11371
12,12753
12,1411
12,15506
12,16898
12,18312
12,19719
12,21092
12,22504
12,23906
12,25243
12,26656
12,28051
12,29472
12,30854
12,32227
12,33663
12,35015
12,36401
12,37791
12,39189
12,40614
12,41981
12,4339
12,44752
12,46171
12,47542
12,48944
12,50307
12,51731
12,53141
12,54505
12,55876
12,57278
12,58691
12,60087
12,6146
12,62859
12,64247
12,65636
12,67022
12,68417
12,69832
12,71221
12,72598
12,74016
12,75399
12,7682
12,78195
12,79593
12,80958
12,82324
12,83752
12,85119
12,86524
12,87946
12,89278
12,90685
12,92084
12,935
12,94861
12,96253
12,9769
12,99074
13,0046
13,01859
13,03268
13,04604
13,06016
13,07408
13,0881
13,10164
13,11583
13,12969
13,14342
13,15745
13,1717
13,18544
13,19924
13,21336
13,22684
13,24094
13,25485
13,26888
13,28277
13,29667
13,31134
13,32487
13,33885
13,35273
13,36679
13,38061
13,39452
13,40816
13,42203
13,43605
13,44978
13,46356
13,4784
13,492
13,50544
13,51903
13,5334
13,54714
13,56129
13,57518
13,58926
13,60287
13,61676
13,63089
13,64508
13,65902
13,67305
13,68695
13,70063
13,71451
13,72872
13,74214
13,75631
13,77003
13,78374
13,79764
13,81159
13,82592
13,83937
13,85341
13,86744
13,88135
13,89518
13,90932
13,92368
13,93712
13,9509
13,96494
13,97918
13,99302
14,0068
14,0212
14,03485
14,04862
14,06259
14,07661
14,09055
14,10443
14,11798
14,13241
14,14582
14,16016
14,17361
14,1879
14,20155
14,21561
14,22936
14,24356
14,25726
14,27127
14,28589
14,29906
14,31308
14,3271
14,34122
14,3552
14,3688
14,38276
14,3968
14,41109
14,42456
14,43829
14,45236
14,46642
14,48013
14,49394
14,50803
14,52181
14,53582
14,54975
14,56382
14,57765
14,59207
14,60551
14,61957
14,63335
14,64715
14,66128
14,67506
14,68939
14,70317
14,71743
14,73078
14,74471
14,75864
14,77298
14,78654
14,80017
14,81416
14,82825
14,84199
14,85596
14,87021
14,88382
14,89796
14,91186
14,92588
14,93962
14,95351
14,96737
14,98145
14,99528
15,00946
15,02377
15,03711
15,05121
15,06486
15,07879
15,0928
15,1065
15,12039
15,13445
15,14831
15,16246
15,17634
15,19031
15,2043
15,21796
15,23205
15,24582
15,25997
15,27401
15,2882
15,30185
15,31607
15,32983
15,34345
15,35763
15,37133
15,38504
15,39888
15,41278
15,42683
15,44091
15,45457
15,46948
15,48279
15,49648
15,51041
15,52425
15,53811
15,55226
15,56602
15,58002
15,59407
15,60781
15,62165
15,63569
15,64989
15,66348
15,67747
15,69128
15,70544
15,71906
15,73297
15,74698
15,76115
15,77495
15,78877
15,80292
15,81668
15,83063
15,84466
15,85883
15,87253
15,88636
15,90029
15,91429
15,92831
15,9421
15,95583
15,96998
15,98412
15,99841
16,01156
16,0257
16,03941
16,05333
16,06735
16,08153
16,09524
16,10914
16,12318
16,13705
16,15075
16,16483
16,17857
16,19256
16,20628
16,22045
16,23421
16,24823
16,26239
16,27627
16,29018
16,30412
16,31823
16,33183
16,34572
16,36028
16,37362
16,38785
16,40158
16,41552
16,42927
16,4433
16,45712
16,47099
16,48486
16,49884
16,51281
16,52671
16,54095
16,55439
16,56851
16,58245
16,59656
16,61028
16,62396
16,6379
16,65193
16,66623
16,67975
16,69413
16,70792
16,72177
16,73533
16,74926
16,76336
16,77735
16,79098
16,80501
16,81926
16,83311
16,84677
16,86087
16,87486
16,88857
16,90256
16,91643
16,93051
16,94471
16,95818
16,97226
16,98625
17,00028
17,01433
17,02786
17,04187
17,05569
17,06975
17,08339
17,09738
17,11172
17,1256
17,13923
17,15318
17,16712
17,1809
17,19485
17,20886
17,22316
17,23665
17,2508
17,26482
17,27839
17,29253
17,30626
17,32032
17,33409
17,34814
17,36248
17,37626
17,38987
17,40376
17,41796
17,43178
17,4458
17,45957
17,47348
17,48722
17,50117
17,51533
17,52933
17,54333
17,55677
17,57091
17,58466
17,59878
17,6127
17,62656
17,64081
17,65425
17,66844
17,68219
17,69626
17,70998
17,72375
17,73771
17,75203
17,76568
17,77974
17,79364
17,8078
17,8215
17,83552
17,84934
17,86307
17,87739
17,89115
17,90488
17,91895
17,93286
17,94703
17,9606
17,97494
17,98842
18,00256
18,01644
18,03035
18,04408
18,05818
18,07259
18,08611
18,10014
18,11392
18,12772
18,14171
18,15586
18,16937
18,18336
18,19728
18,21122
18,22539
18,23911
18,25344
18,26684
18,28082
18,29473
18,3087
18,32272
18,33656
18,35093
18,36451
18,37883
18,39262
18,40594
18,42025
18,43385
18,44783
18,46195
18,47573
18,48999
18,50367
18,51772
18,53147
18,5458
18,55932
18,57313
18,58717
18,60101
18,61525
18,62899
18,64315
18,65665
18,6708
18,68456
18,69863
18,71244
18,7263
18,74051
18,75431
18,76824
18,78197
18,79612
18,80997
18,82392
18,83815
18,85167
18,86553
18,87933
18,89351
18,90731
18,92143
18,93553
18,94911
18,96316
18,97709
18,99146
19,00494
19,01883
19,03244
19,04683
19,06039
19,07463
19,08807
19,10218
19,11621
19,13027
19,14418
19,15802
19,17183
19,18574
19,19965
19,21363
19,22757
19,24134
19,25546
19,26933
19,28333
19,29713
19,31098
19,32532
19,33898
19,35297
19,36673
19,38107
19,39503
19,4085
19,42247
19,43635
19,45053
19,4648
19,47845
19,49219
19,50593
19,52006
19,53391
19,54794
19,56161
19,57561
19,58964
19,60361
19,61753
19,63142
19,64544
19,65949
19,67338
19,68695
19,70069
19,715
19,72853
19,74283
19,7565
19,77057
19,78443
19,79829
19,81236
19,82631
19,84
19,85401
19,86825
19,88198
19,89591
19,91001
19,9239
19,93756
19,9515
19,96575
19,9796
19,99339
20,00726
20,02104
20,03534
20,04891
20,06313
20,0768
20,09072
20,10453
20,11852
20,13228
