participantNumber
10
repetitionNum
1
sdfEnabled
1
taskTime
28,80642
numHits
27
positionDifference
0,1113091
angleDifference
99,29117
finalPosX
0,01006685
finalPosY
-0,06176602
finalPosZ
0,8981488
finalRotX
343,7464
finalRotY
297,0597
finalRotZ
90,35979
taskType
complexWire
velocityMagnitude
0,1854627
0,1854627
0,08017319
0,06678984
0,1556699
0,1556699
0,1259352
0,182216
0,182216
0,1772289
0,2298595
0,2298595
0,2038209
0,04228619
0,1957395
0,1957395
0,6463112
0,2702059
0,2702059
0,2641391
0,2383919
0,2383919
0,5325152
0,3054853
0,3054853
0,6389777
0,2600367
0,1542844
0,1542844
0,1351022
0,1351022
0,07372955
0,1711843
0,1711843
0,3829014
0,4923918
0,2788931
0,2873366
0,1795028
0,1795028
0,3153225
0,06259364
0,06259364
0,7336968
0,2724458
0,2397787
0,5473115
0,3378424
0,3378424
0,2563741
0,3483427
0,3483427
0,1273612
0,5036489
0,5036489
0,5696566
0,2580574
0,2145132
0,2145132
0,3190143
0,2650206
0,2650206
0,1337839
0,1337839
0,1404064
0,1314565
0,2905228
0,2020857
0,3399039
0,3399039
0,3758092
0,1804069
0,1900619
0,1023439
0,1182833
0,292324
0,294415
0,1809528
0,1465687
0,1465687
0,09192142
0,09192142
0,1395258
0,1254501
0,111921
0,170959
0,2363378
0,1735617
0,162892
0,2303098
0,147449
0,1172784
0,09043923
0,1619028
0,1981581
0,126799
0,05108876
0,05394812
0,0589601
0,1089169
0,06149277
0,06149277
0,06594633
0,25026
0,19079
0,1891915
0,1882792
0,1882792
0,1790725
0,1790725
0,2461115
0,312345
0,2237236
0,2237092
0,11737
0,1754355
0,2415202
0,1898333
0,2024059
0,2424329
0,2630512
0,2531603
0,3047236
0,2210527
0,2090514
0,2303711
0,1975018
0,2532689
0,1238024
0,1443326
0,146896
0,1760773
0,2482558
0,1736421
0,152543
0,3285207
0,1153636
0,1468954
0,3558139
0,531796
0,2944725
0,2952373
0,5846069
0,5005952
0,211074
0,2542863
0,2175536
0,51703
0,128022
0,1456396
0,1959555
0,2974755
0,5595283
0,2382823
0,3202121
0,2374954
0,141288
0,2479814
0,1472929
0,1369296
0,1460193
0,08829051
0,08972581
0,2036924
0,1467012
0,1020994
0,05457954
0,09321601
0,1111264
0,06297385
0,08610401
0,05411408
0,1060001
0,1028479
0,06234911
0,08721718
0,05582915
0,06705172
0,08306405
0,06343721
0,083031
0,06295957
0,1013277
0,1517774
0,02835119
0,06259976
0,1315604
0,05537101
0,09733579
0,01637388
0,05708437
0,115473
0,07381348
0,3169238
0,1256527
0,4999625
0,09728967
0,3487436
0,1977679
0,1815106
0,2173799
0,254898
0,3268732
0,3060748
0,1657894
0,03936585
0,1528268
0,1238715
0,09469796
0,02860716
0,01979119
0,07360096
0,0395147
0,1001914
0,162373
0,1619268
0,05527108
0,1264415
0,233738
0,2593738
0,2672035
0,1868478
0,2079564
0,1376999
0,1885839
0,1362636
0,04371615
0,02180606
0,1776711
0,2008716
0,1310787
0,142242
0,134187
0,1511256
0,1895573
0,1656539
0,1192591
0,184354
0,2064542
0,1102418
0,1102485
0,2268885
0,2732404
0,131049
0,121232
0,1645313
0,10606
0,0989342
0,08342753
0,1313293
0,09031342
0,1506823
0,09636589
0,07916021
0,0827155
0,114715
0,1070686
0,1094759
0,1525245
0,1531878
0,2081946
0,1733084
0,1571014
0,1199135
0,1613296
0,1783949
0,1393065
0,203523
0,1300218
0,1770718
0,2142021
0,1535251
0,1777535
0,1462424
0,1871951
0,193724
0,1113339
0,1057704
0,111176
0,12546
0,207157
0,1366675
0,1547673
0,1286663
0,1529088
0,1992406
0,153523
0,2152996
0,250727
0,1940591
0,1940591
0,2907213
0,2988068
0,1981743
0,1455405
0,1215614
0,08728659
0,1281532
0,119329
0,1740023
0,2168534
0,2586778
0,2273855
0,1874545
0,2552435
0,2683091
0,2232276
0,2232276
0,1641678
0,1641678
0,2343268
0,2884072
0,2884072
0,1546005
0,1874243
0,1874243
0,160467
0,1266588
0,1628688
0,1628688
0,2437072
0,1380403
0,1380403
0,2925387
0,2155701
0,2155701
0,2009324
0,2308441
0,2308441
0,1342826
0,0969782
0,1269332
0,1269332
0,3132095
0,2184732
0,2184732
0,102408
0,186092
0,186092
0,5860631
0,454418
0,1875333
0,1875333
0,2026321
0,1593754
0,1593754
0,09464016
0,08489256
0,08489256
0,4305661
0,4360017
0,4360017
0,4001434
0,2818062
0,5084761
0,5084761
0,619947
0,3631612
0,3631612
0,2997827
0,1407971
0,1407971
0,1166858
0,1741118
0,1834235
0,1834235
0,2304446
0,1528321
0,1528321
0,2511069
0,2558447
0,2558447
0,2285167
0,1799063
0,2186412
0,2186412
0,2752088
0,1330958
0,1330958
0,09345974
0,09911846
0,09911846
0,3382601
0,2775332
0,2775332
0,2673181
0,4573771
0,4101351
0,4101351
0,2724533
0,1016143
0,1016143
0,2123079
0,1553904
0,1553904
0,2594011
0,2833215
0,2146754
0,2146754
0,2598935
0,205452
0,205452
0,1284314
0,1436134
0,1436134
0,2168467
0,2065126
0,2065126
0,2485718
0,1182489
0,01355079
0,01355079
0,3658716
0,3508492
0,3508492
0,4112339
0,3547764
0,3547764
0,05386009
0,03552427
0,06154859
0,06154859
0,07749568
0,1212107
0,1212107
0,2697627
0,2954189
0,2954189
0,3911077
0,164023
0,164023
0,1836193
0,2369216
0,2992794
0,2992794
0,3663068
0,5531852
0,5531852
0,5034273
0,5063732
0,5063732
0,4506876
0,2786001
0,2622939
0,2622939
0,1942804
0,1820011
0,1820011
0,239969
0,1672739
0,1672739
0,09198603
0,1214064
0,1415224
0,1415224
0,0926533
0,09402234
0,09402234
0,03088146
0,03451409
0,03451409
0,1618903
0,2216395
0,2216395
0,1775602
0,1256029
0,1123754
0,1123754
0,1691012
0,1104557
0,1104557
0,1506029
0,1477192
0,1477192
0,1607583
0,1776122
0,2032792
0,2032792
0,2684745
0,2323781
0,2323781
0,3717278
0,3581869
0,3581869
0,2660913
0,2460751
0,2460751
0,301222
0,2104778
0,1252874
0,1252874
0,114274
0,1255115
0,1255115
0,2676774
0,3193928
0,3193928
0,3990281
0,2633719
0,1425884
0,1425884
0,05887009
0,05335556
0,05335556
0,1414234
0,1338025
0,1338025
0,1228656
0,1835691
0,1835691
0,251819
0,1819136
0,1502569
0,1502569
0,20849
0,215656
0,215656
0,165759
0,104766
0,104766
0,181497
0,1531756
0,08386342
0,08386342
0,2171662
0,1829936
0,1829936
0,04383859
0,05884338
0,05884338
0,2104115
0,2345912
0,2345912
0,1551401
0,09411018
0,1014029
0,1014029
0,06306607
0,06543399
0,06543399
0,04763481
0,05832394
0,05832394
0,1411956
0,141887
0,1115934
0,1115934
0,0836169
0,0927536
0,0927536
0,1042047
0,1228159
0,1228159
0,1919619
0,1457214
0,1457214
0,1855989
0,1796653
0,1615804
0,1615804
0,1747675
0,1230211
0,1230211
0,135212
0,03491327
0,03491327
0,3835748
0,3919116
0,2772852
0,2772852
0,2209389
0,215088
0,215088
0,3467439
0,3416686
0,3416686
0,1943082
0,1084107
0,09935149
0,09935149
0,106697
0,09052014
0,02907012
0,03066315
0,03066315
0,08992437
0,1160392
0,1160392
0,2921599
0,2697482
0,3979422
0,2939851
0,3229223
0,3229223
0,3859037
0,2491934
0,2491934
0,4290464
0,3321903
0,1517806
0,2358105
0,1699862
0,1446907
0,1582771
0,1582771
0,1727765
0,2158568
0,3350492
0,3688446
0,210632
0,2223709
0,115893
0,1881824
0,1519253
0,1726504
0,1444255
0,1376447
0,1205963
0,107996
0,107996
0,02731265
0,04369913
0,05860723
0,03684527
0,03322401
0,05090354
0,03703737
0,0261415
0,01093522
0,01478698
0,01478698
0,02221138
0,02843882
0,02167401
0,0113015
0,01828928
0,02510125
0,01391032
0,04130007
0,03256634
0,04023595
0,027572
0,07663344
0,1038691
0,1232078
0,153386
0,1514922
0,1250436
0,1702187
0,2136719
0,1681665
0,151637
0,1711269
0,2092673
0,2212711
0,1437477
0,3414226
0,2770974
0,2642399
0,2706165
0,1551554
0,3236609
0,3599734
0,2842275
0,3280213
0,2695284
0,2729271
0,2036181
0,1863807
0,09389529
0,09823576
0,09734432
0,1372491
0,1837888
0,2299604
0,2248484
0,2567146
0,3046848
0,2666451
0,2800341
0,2428145
0,5100466
0,4382371
0,3435145
0,3390631
0,2989835
0,1451339
0,2533637
0,2561276
0,180468
0,1685532
0,2222154
0,1814713
0,1397718
0,1193777
0,3978619
0,2123798
0,05884996
0,2787915
0,2482562
0,1796247
0,2435473
0,4030243
0,4788834
0,4357795
0,4331323
0,2871839
0,2263231
0,1544586
0,08486924
0,03600649
0,03058115
0,1113832
0,1381989
0,1610352
0,1296976
0,1495839
0,1652468
0,2721084
0,308426
0,237084
0,1858026
0,2260879
0,4306279
0,226385
0,1428889
0,2258096
0,2556958
0,1597177
0,1151526
0,3427279
0,4768327
0,1866264
0,4392365
0,2005881
0,1780345
0,3404084
0,2683228
0,3007825
0,2704418
0,2340986
0,3019089
0,2072307
0,247027
0,255361
0,2449572
0,2940854
0,2756494
0,3162376
0,365701
0,4016182
0,4164818
0,3052816
0,4147403
0,4934421
0,3560552
0,4791301
0,5352542
0,3877027
0,330121
0,4855683
0,5158274
0,4591614
0,4353697
0,2720996
0,3327637
0,3193941
0,3193941
0,4990928
0,5084129
0,5084129
0,59442
0,5424935
0,5424935
0,721248
0,4271085
0,3324656
0,3324656
0,4562373
0,3480435
0,3480435
0,3059985
0,2482355
0,2482355
0,4211275
0,3743022
0,6097605
0,6097605
0,7122455
0,5853138
0,5853138
0,5348648
0,4303685
0,4303685
0,5344678
0,429933
0,3239156
0,3239156
0,3883762
0,2732022
0,2732022
0,2427376
0,2177237
0,2177237
0,2633992
0,1865074
0,1865074
0,2439403
0,2507467
0,2532337
0,2532337
0,2505727
0,2174753
0,2174753
0,1813232
0,1708816
0,1708816
0,10914
0,134568
0,1637055
0,1637055
0,1061144
0,07619505
0,07619505
0,09326965
0,1064168
0,1064168
0,1598322
0,2377999
0,288859
0,288859
0,1640746
0,1640746
0,2243822
0,2283503
0,2283503
0,3186218
0,2369518
0,2369518
0,1182472
0,1332816
0,1332816
0,1987681
0,2059938
0,2917696
0,2917696
0,4082602
0,1730922
0,1730922
0,3113453
0,3190287
0,3190287
0,4121937
0,3931175
0,3643954
0,3643954
0,4075329
0,2603926
0,2603926
0,2566256
0,1974878
0,1974878
0,1152059
0,1041703
0,1071453
0,1071453
0,1269805
0,1225252
0,1225252
0,2918975
0,2273157
0,1359562
0,1968774
0,1926499
0,2048918
0,377014
0,377014
0,4226002
0,4420084
0,4845959
0,5103024
0,1292326
0,08113267
0,09702275
0,107075
0,1022487
0,3012316
0,4304677
0,3483412
0,406615
0,2647768
0,3725914
0,4515166
0,335296
0,4214201
0,2270649
0,217938
0,2970284
0,2076667
0,2423464
0,4084909
0,3134797
0,371915
0,2794283
0,2906841
0,2084954
0,1198215
0,1478865
0,06570428
0,08921302
0,2659768
0,2258801
0,1478137
0,09905721
0,1958724
0,1813333
0,1644742
0,1883832
0,2175694
0,2712432
0,3990215
0,3506122
0,4658432
0,3330517
0,2029502
0,168767
0,1573265
0,2090011
0,1710593
0,02581015
0,1049235
0,07601923
0,127771
0,1940007
0,3973702
0,2779943
0,1620092
0,1080793
0,2297393
0,5022871
0,2707573
0,0733713
0,03148272
0,05581278
0,06436156
0,08111332
0,1127516
0,1234419
0,1413677
1,469583
1,406756
1,410797
1,427276
1,501946
0,8395019
1,053033
0,4220842
0,3690391
0,9238004
0,8651452
0,6433822
0,2465027
0,08870787
0,1925052
0,8580841
0,8943332
0,8894006
1,045167
1,253773
1,322588
1,396839
1,521543
1,690971
1,816607
1,948734
2,069052
2,166529
2,320521
2,376576
2,46365
2,574759
2,684434
2,797807
2,887415
2,907794
3,030096
3,185924
3,142391
3,163001
3,256493
3,271112
3,158265
3,119511
3,129844
3,018952
3,023118
2,972862
2,795747
2,805399
2,946923
2,890552
2,847798
3,024683
3,140214
3,125543
3,191843
3,092877
2,988337
2,847175
2,865156
0,1702108
0,2269955
0,2759113
0,3224397
0,2942673
0,3102114
0,1706211
0,1237965
0,0453198
0,06883434
0,1102104
0,2051885
0,179413
0,1864142
0,1904258
0,1919997
0,1784528
0,1618949
0,121262
0,09704646
0,0722144
0,019189
0,009439067
0,05828461
0,08497564
0,1091467
0,149911
0,1657285
0,1771092
0,1697829
0,1584093
0,1257288
0,1059665
0,08380564
0,0347585
0,03449291
0,009081207
0,07101543
0,01930798
0,02076586
0,01401915
0,04195113
0,04374359
0,06112879
0,04998791
0,06582034
0,08532443
0,1470506
0,1148691
0,1255051
0,2628155
0,2711261
0,1578593
0,2945881
0,4422012
0,5284551
0,6514796
0,6271465
1,019398
1,203455
1,332202
1,478684
1,624365
1,695275
1,842537
1,916116
1,913605
1,856834
1,816054
1,733725
1,673184
1,685922
1,67844
1,726281
1,743562
1,811926
1,898687
2,033537
2,194533
2,382199
2,58922
2,620656
2,67721
2,633263
2,650403
2,736179
2,669595
2,463307
2,451908
2,472803
2,343161
2,229262
2,093454
2,054604
1,971079
1,843407
1,793293
1,811552
1,724187
1,570796
1,573918
1,598708
1,542542
1,460726
1,327832
0,8077992
0,5694756
0,3791015
0,1244031
0,2540473
0,4632713
0,6577615
0,6293981
0,7145648
0,8069016
0,1429616
0,1012092
0,07371064
0,1259588
0,1737506
0,2662183
0,3056975
0,3353892
0,3662243
0,3092948
0,2499457
0,2489838
0,2233595
0,1542926
0,04217218
0,01605464
0,0606956
0,09192926
0,07534688
0,06424519
0,08083462
0,08076251
0,1599669
0,1086681
0,1107367
0,1333216
0,1586166
0,2368007
0,2330314
0,3119389
0,2719414
0,09628082
0,07119756
0,05451041
0,05156014
0,1078684
0,09262594
0,2062824
0,4438694
0,2537134
0,07698811
0,1204292
0,12883
0,06346434
0,08606504
0,1105727
0,4558835
0,223552
0,1968491
0,2523207
0,198289
0,762046
0,2417309
0,7195244
0,2060087
0,5655069
0,08246942
0,2208742
0,6417822
0,6751458
0,6704413
0,5948079
0,2704062
0,1257428
0,4237112
0,2070373
0,3754911
0,3414715
0,3115319
0,651579
0,6337471
0,8442308
0,9525843
0,9536011
1,028328
1,144234
1,250549
1,306912
1,411328
1,526203
1,520454
1,521695
1,626075
1,664232
1,605437
1,528149
1,547684
1,677621
1,595099
1,523136
1,483887
1,485752
1,591204
1,613754
1,602058
1,646648
1,691894
1,743013
1,838953
1,861686
1,853442
1,920041
1,919903
1,853767
1,789062
1,694977
1,618335
1,592287
0,2198692
0,4080694
0,6014742
0,8726888
0,2844897
0,3343536
0,375435
0,4004076
0,409291
0,4120125
0,4120587
0,3981901
0,417148
0,5161961
0,6602222
0,6712402
0,1198824
0,2153727
0,2966839
0,4740028
0,09322695
0,1052797
0,1236028
0,1406087
0,1406087
0,1621979
0,1791593
0,1949288
0,2068978
0,2169891
0,2169891
0,2238793
0,2270234
0,2270234
0,2263043
0,2206599
0,2119513
0,2119513
0,184721
0,184721
0,1671123
0,146103
0,146103
0,1201605
0,09338202
0,0679177
0,05196907
0,0558216
0,0558216
0,0767672
0,1037631
0,1316469
0,1586723
0,1832177
0,2045857
0,2045857
0,2228613
0,2372277
0,2475168
0,2475168
0,2528744
0,2530902
0,2483236
0,2384307
0,2235009
0,2038979
0,1798558
0,1516589
0,2229819
0,3917018
0,5780386
0,2080654
0,06619588
0,08651601
0,08651601
0,1100726
0,02802613
0,02802613
0,1062912
0,127092
0,127092
0,06721883
0,1085597
0,1085597
0,1146889
0,1055893
0,113117
0,113117
0,2495147
0,2702312
0,2702312
0,4882236
0,3101558
0,3101558
0,1327673
0,1852194
0,3939258
0,3791907
0,4682735
0,4682735
velocityComponents
-0,03112099
0,1777679
-0,04273734
-0,03112099
0,1777679
-0,04273734
-0,03675021
0,07108492
-0,004908951
-0,03596176
0,04045276
-0,03913065
-0,07602589
0,02380882
-0,1337398
-0,07602589
0,02380882
-0,1337398
-0,01872418
0,1240882
0,01054435
0,04758121
0,1249007
0,1238487
0,04758121
0,1249007
0,1238487
0,02465464
-0,09966584
0,1444609
-0,1093929
0,03928224
-0,1983066
-0,1093929
0,03928224
-0,1983066
-0,1156235
-0,03984988
-0,1630525
-0,01246436
-0,02444841
0,03217198
0,06166269
0,04657121
0,179841
0,06166269
0,04657121
0,179841
0,1385033
0,5081688
0,3745658
-0,01532556
0,2697027
-0,006067346
-0,01532556
0,2697027
-0,006067346
-0,01599325
0,246298
0,09407967
0,05246279
0,1248609
0,1961838
0,05246279
0,1248609
0,1961838
0,0460541
0,4882798
0,2074471
0,06623472
0,2167087
0,2048697
0,06623472
0,2167087
0,2048697
0,2029651
-0,01407848
0,6057223
0,0784304
0,01486529
0,2474809
-0,07670327
0,06876304
-0,1148562
-0,07670327
0,06876304
-0,1148562
-0,06543216
0,05431104
-0,1049836
-0,06543216
0,05431104
-0,1049836
-0,0144246
0,05423156
0,04782171
0,02185913
0,06629968
0,1563029
0,02185913
0,06629968
0,1563029
-0,178448
-0,2487519
-0,2299832
-0,2239014
-0,2429067
-0,3651222
-0,1499779
-0,07213633
-0,2237954
-0,1290142
0,1973278
-0,1642541
0,02180956
0,1583611
0,08165396
0,02180956
0,1583611
0,08165396
0,09325724
-0,03970114
0,2985886
-0,003698888
-0,04905304
0,03870506
-0,003698888
-0,04905304
0,03870506
-0,3802746
-0,192771
-0,5971109
-0,1176094
-0,2242845
-0,1004551
0,04093686
-0,1196208
0,2037373
0,1812074
-0,004676573
0,5164222
0,1083353
0,02697079
0,3188629
0,1083353
0,02697079
0,3188629
-0,1397253
0,1051399
-0,1874836
-0,1951795
0,04096595
-0,2856036
-0,1951795
0,04096595
-0,2856036
0,01545195
0,001276285
0,126414
0,1208625
-0,03252661
0,4878488
0,1208625
-0,03252661
0,4878488
0,1000634
0,4065892
0,3862398
-0,03427909
0,2557105
0,005540054
-0,02325384
0,2101481
0,03623464
-0,02325384
0,2101481
0,03623464
0,03967166
0,2197357
0,2278431
0,03118848
0,206918
0,1626289
0,03118848
0,206918
0,1626289
0,02659626
0,08448277
0,1002668
0,02659626
0,08448277
0,1002668
-0,004890843
0,1021188
0,09623822
-0,03309052
0,1260606
0,01716233
-0,05849824
0,2844247
-0,009167217
0,01451563
0,1548623
0,1290178
0,08765002
0,02147731
0,3277054
0,08765002
0,02147731
0,3277054
0,09977327
0,1258304
0,3397713
0,0244218
0,1209626
0,1315989
-0,01051107
0,1829478
0,05042983
-0,01426569
0,09885808
0,02231227
0,01609322
0,0115815
0,1166096
0,07311568
0,01535365
0,2826158
0,07537024
0,06832837
0,2762802
0,03822277
0,07913
0,1581814
0,002529626
0,1319401
0,06377936
0,002529626
0,1319401
0,06377936
0,001657829
0,07276073
0,05614869
0,001657829
0,07276073
0,05614869
0,02175183
0,08696248
0,1069197
0,008250066
0,09775129
0,07819428
0,008043177
0,05567545
0,09675676
0,03343575
-0,02525994
0,1657437
0,05288134
-0,1030162
0,2060262
0,03044163
-0,07762784
0,1522199
0,0001994315
0,1389296
0,08504315
0,007670243
0,1908718
0,1286535
0,00942798
0,08422972
0,1206552
-8,299821E-05
0,03309488
0,112512
-0,01028012
0,06523664
0,06178798
-0,005610174
0,1330888
0,09202413
0,0174661
0,1349432
0,1440552
0,01032808
0,08122332
0,09681986
-0,0003429086
0,02969195
0,04157321
-0,007692481
0,02854824
0,04512453
-0,004644988
0,02784711
0,05176152
0,00908236
0,01240503
0,1078263
0,0004636944
0,02135531
0,05766365
0,0004636944
0,02135531
0,05766365
-0,008390219
0,007588348
0,06496876
0,04748609
0,03049391
0,243814
0,01504626
0,09787335
0,1630805
0,02446768
0,06012629
0,1777065
0,03900279
0,00808111
0,1840177
0,03900279
0,00808111
0,1840177
0,02773969
0,04186405
0,1718862
0,02773969
0,04186405
0,1718862
0,05075372
0,02082443
0,2399193
0,06003274
0,05753917
0,3010726
0,02881479
0,09430034
0,2008218
0,01214995
0,1489484
0,1664709
0,002274252
0,08274394
0,08321045
0,02607501
0,02110746
0,1721981
0,04205175
0,03718613
0,234906
0,02628717
0,07063642
0,1742302
0,01041514
0,1353234
0,1501573
0,02576555
0,1050019
0,2169895
0,04004879
0,08250332
0,2465466
0,02747919
0,1401132
0,2090534
0,01633059
0,218326
0,2119517
0,01365214
0,1498834
0,1619039
0,0112585
0,1476966
0,1475176
0,00710823
0,1805564
0,1428975
0,003975894
0,1591865
0,1168368
-0,0005353903
0,2174489
0,1298491
-0,0406504
0,09536286
0,06767942
-0,01850343
0,1027967
0,0996111
-0,01155617
0,1096945
0,09701559
-0,0325253
0,1360309
0,1069623
-0,03006133
0,2051522
0,1365279
-0,01496366
0,1226078
0,122045
-0,01377111
0,09938824
0,1148986
0,02312487
0,2698053
0,1860004
-0,03185857
0,05206537
0,0978927
-0,007836048
0,1042822
0,1031605
0,03090042
0,2888476
0,2054647
0,009934686
0,464118
0,2594278
0,01475412
0,2549777
0,1465698
0,007377124
0,2615303
0,1367939
-0,001179522
0,5324345
0,241407
-0,02042522
0,462263
0,1910267
-0,0210991
0,2038914
0,05035255
-0,04311624
0,2505744
0,003871277
-0,03703691
0,2131769
0,02265997
-0,07943832
0,5069092
0,06366035
-0,0862553
0,09001252
-0,02911006
-0,09140612
0,09477007
-0,06224512
-0,1091678
0,1619832
-0,01556906
-0,06333348
0,2846031
0,05900547
-0,1121593
0,5479901
-0,01410572
-0,03740959
0,2209668
0,08094862
-0,05009086
0,3077948
0,07272576
-0,0537817
0,2236544
0,05907873
-0,02541243
0,1207066
0,06889433
-0,06391165
0,2125979
0,1105088
-0,03796887
0,1054757
0,09554283
-0,01383083
0,1190698
0,06618775
-0,01420178
0,1309036
0,06312037
-0,01943334
0,07098883
0,04876623
-0,007515808
0,05878347
0,06737015
-0,04436848
0,1881096
0,06431823
-0,05875231
0,131529
0,02774032
-0,0138886
0,03397885
0,09527245
-0,01551561
-0,001789115
0,05229714
0,009039853
-0,02930621
0,08802643
0,02054088
-0,04298727
0,1003954
-0,001022454
-0,02818
0,05630762
0,0009848401
-0,0315733
0,08010029
0,001650792
-0,02693131
0,0469075
0,03559452
-0,07292959
0,06819335
0,02864449
-0,06090308
0,07776885
0,0001556277
-0,0342036
0,05212966
0,0004469976
-0,04659739
0,07372463
-0,009309731
-0,02731753
0,04779096
0,002447315
-0,03538419
0,05690257
-0,00981164
-0,03999768
0,07213566
-0,00918518
-0,03436562
0,05252539
0,007131621
-0,05228867
0,0641029
-0,005334541
-0,04008757
0,04825388
-0,009753324
-0,0519819
0,08642952
-0,09059367
0,1217037
-0,004168957
-0,02803379
0,002598107
0,003338635
0,0202307
-0,04389727
0,03978038
0,04173502
-0,09315908
0,08299227
0,009223804
-0,04395425
0,03238663
0,03875975
-0,06931227
0,05628273
-0,007544726
0,008796632
-0,01156721
-0,005850732
-0,03927875
0,041007
0,02344888
-0,08342475
0,07631832
-0,0293985
-0,02035344
0,06457473
-0,1434888
0,2622165
0,1053288
-0,04226694
0,01977277
0,1166668
-0,1234899
0,2890821
0,3887728
-0,05268636
-0,02995473
0,07610611
-0,1215165
0,273675
0,1787677
-0,08999187
0,07556713
0,1590698
-0,0236437
0,09523869
0,1526979
-0,05155608
0,1877328
0,09670763
-0,0309177
0,1027365
0,2312191
-0,07094535
0,1331361
0,2899786
0,01846039
-0,1704701
0,2535369
-0,02335175
0,01957738
0,1629649
-0,01253757
-0,03348333
0,01647259
0,01043805
-0,1399426
0,06052388
0,00845142
-0,1178053
0,03734469
0,01757085
-0,08794777
0,03039998
0,02022889
-0,01946956
0,00548619
0,008554004
-0,01722348
0,004676744
0,03369358
-0,06292856
0,01793993
-0,001884278
-0,03270133
-0,02210167
-0,005604879
-0,09736037
-0,0229754
0,01375237
-0,145364
-0,07102937
0,008843927
-0,1152031
-0,1134474
-0,0004057772
-0,04715845
-0,02882373
0,002876813
-0,08930054
-0,08946839
0,0258483
-0,1564492
-0,1717235
0,03103238
-0,174879
-0,1890214
0,02002207
-0,1740849
-0,2017208
0,04119046
-0,1599641
-0,08733234
-0,003485174
-0,1324873
-0,1602524
-0,0004808623
-0,1303253
-0,04445607
0,01385326
-0,1809357
-0,05132508
0,02357628
-0,1157236
-0,06797047
0,002621304
-0,04205848
0,01163249
-0,003667813
-0,01737425
0,01265651
0,01989681
-0,007052083
0,1764126
0,08563809
0,04349386
0,1764195
0,0377359
0,08690967
0,0905778
0,02934961
0,09296326
0,103582
0,02511199
0,06701122
0,1135122
0,03113694
0,03638266
0,1433379
0,04256088
-0,01882405
0,1837558
0,03840593
-0,03339537
0,1576419
0,02899908
-0,06154449
0,09794935
0,04164718
-0,1534876
0,09323875
0,0441895
-0,1897497
0,06830578
0,02265023
-0,09286686
0,05491783
0,01919624
-0,09600022
0,05069716
0,03676753
-0,1935676
0,1125083
0,04250056
-0,243244
0,1169889
0,01718892
-0,1269481
0,02761449
0,01161009
-0,1206713
0,0009161389
0,01750816
-0,1623494
-0,020166
0,01540628
-0,1006928
0,0295352
0,0117418
-0,09745542
0,01235099
0,007233383
-0,08305965
0,002987263
-0,005678891
-0,09775084
-0,08752093
-0,001618305
-0,07488403
-0,05046065
0,00147039
-0,1326288
-0,07150236
0,005251826
-0,09243193
-0,02674215
0,003031405
-0,07505976
-0,02496364
0,001241564
-0,07845325
-0,02618016
0,004972093
-0,1117895
-0,0252571
0,003926376
-0,105327
-0,01882797
0,000932737
-0,1058934
-0,02776123
0,001984498
-0,1502263
-0,02630275
0,000112006
-0,1520227
-0,01885666
-0,005319441
-0,2004541
-0,05598941
-0,001715677
-0,1699683
-0,03381754
-0,008457697
-0,1480889
-0,0517589
-0,01343756
-0,1033146
-0,05936975
-0,01539629
-0,1505117
-0,0560039
-0,01871314
-0,1675014
-0,05846212
-0,01466873
-0,1339508
-0,03533142
-0,03024541
-0,181965
-0,08599756
-0,0296953
-0,09442058
-0,08431263
-0,03085618
-0,1532253
-0,08321259
-0,03521597
-0,174509
-0,1191174
-0,02516719
-0,1152652
-0,09823685
-0,01293413
-0,172562
-0,04063708
-0,004998323
-0,1457075
-0,01145313
-0,007972873
-0,1854195
-0,02445507
-0,01120134
-0,1881986
-0,04455132
-0,01008217
-0,1055663
-0,03390198
-0,01259492
-0,09879961
-0,03560028
-0,01531484
-0,09671307
-0,05265117
-0,01569804
-0,1171073
-0,04218581
-0,008243708
-0,2068857
-0,006660754
-0,01014852
-0,1334181
-0,02783218
-0,01764856
-0,1398964
-0,06380022
-0,008515967
-0,1243264
-0,03202238
-0,00759125
-0,1513744
-0,02023045
-0,01855709
-0,1809111
-0,08138557
-0,0115753
-0,1449694
-0,04918544
-0,001579821
-0,2152937
-0,0002285544
0,0002659161
-0,2507181
-0,002100336
-0,005727788
-0,1898951
-0,03957253
-0,005727788
-0,1898951
-0,03957253
-0,005184997
-0,2879795
-0,03949424
-0,005129525
-0,2923133
-0,06174234
0,0007686325
-0,1955488
-0,03214239
-0,001573156
-0,1400965
-0,03940239
-0,005356444
-0,1091143
-0,05331556
-0,004796266
-0,07530877
-0,04386952
-0,01014233
-0,1047156
-0,07317785
-0,01074225
-0,09272943
-0,07433216
-0,01594903
-0,1381702
-0,1045534
-0,01698782
-0,1790216
-0,1211944
-0,02419571
-0,1929221
-0,170616
-0,02052384
-0,1693492
-0,1503456
-0,01006498
-0,1635631
-0,09102188
-0,0100208
-0,2354391
-0,09806768
-0,01039962
-0,2507627
-0,09486661
-0,01167725
-0,200244
-0,09796201
-0,01167725
-0,200244
-0,09796201
-0,01078675
-0,1424835
-0,08082802
-0,01078675
-0,1424835
-0,08082802
-0,01385105
-0,2210382
-0,07654611
-0,02260589
-0,2678427
-0,1045371
-0,02260589
-0,2678427
-0,1045371
-0,009194601
-0,1497857
-0,03716234
-0,01459968
-0,1831381
-0,03708303
-0,01459968
-0,1831381
-0,03708303
-0,01552014
-0,1567438
-0,0306622
-0,01156941
-0,1257851
-0,009311518
-0,01794412
-0,1605989
-0,02030385
-0,01794412
-0,1605989
-0,02030385
-0,03681605
-0,2265546
-0,08191923
-0,02505538
-0,1231524
-0,05710374
-0,02505538
-0,1231524
-0,05710374
-0,05525194
-0,2600199
-0,12213
-0,03603824
-0,2030521
-0,06278197
-0,03603824
-0,2030521
-0,06278197
-0,03766477
-0,1957676
-0,02510419
-0,04759558
-0,2223242
-0,03994502
-0,04759558
-0,2223242
-0,03994502
-0,02938828
-0,1295927
0,01933621
-0,03152325
-0,091676
-0,002562465
-0,0491905
-0,1096709
-0,0407997
-0,0491905
-0,1096709
-0,0407997
-0,09666306
-0,2709073
-0,1239584
-0,07590725
-0,171393
-0,1122188
-0,07590725
-0,171393
-0,1122188
-0,05819266
-0,07001512
-0,04689246
-0,04632487
-0,1795849
0,01527987
-0,04632487
-0,1795849
0,01527987
-0,08430001
-0,5745225
-0,07929274
-0,05528515
-0,4489386
-0,04351309
-0,0175807
-0,1835154
0,03437686
-0,0175807
-0,1835154
0,03437686
-0,01663673
-0,18906
0,07098796
-0,01727043
-0,1552891
0,03142511
-0,01727043
-0,1552891
0,03142511
0,01181331
0,06529406
0,06748252
0,003917654
0,01195331
0,08395544
0,003917654
0,01195331
0,08395544
-0,01967254
-0,4115807
0,1249059
-0,01725205
-0,4211457
0,1115176
-0,01725205
-0,4211457
0,1115176
0,03328634
-0,2567752
0,305079
0,03280582
-0,1142594
0,255506
0,05213439
-0,2870634
0,4164427
0,05213439
-0,2870634
0,4164427
0,01148633
-0,5102621
0,3519018
0,01768825
-0,2746156
0,2369799
0,01768825
-0,2746156
0,2369799
0,004744056
-0,2425635
0,1760968
-0,01782807
-0,1394679
0,007395127
-0,01782807
-0,1394679
0,007395127
0,01741484
0,04580983
0,1058951
0,02794562
0,06733628
0,1581132
0,02090042
-0,04166561
0,1774016
0,02090042
-0,04166561
0,1774016
0,00931149
-0,1573878
0,1680686
0,02880577
0,02210449
0,1484563
0,02880577
0,02210449
0,1484563
0,0370206
0,2329441
0,0861464
0,02763689
0,2510847
0,0406102
0,02763689
0,2510847
0,0406102
0,02930521
0,2135617
0,07584497
0,03214228
0,1383199
0,110457
0,04343169
0,1370748
0,1647063
0,04343169
0,1370748
0,1647063
0,05151644
-0,01613952
0,269862
0,02036485
-0,07439139
0,1084697
0,02036485
-0,07439139
0,1084697
0,02738568
0,08369046
0,03131539
0,01895894
0,09714519
-0,005276193
0,01895894
0,09714519
-0,005276193
0,06939308
0,2803403
0,1761074
0,06236908
0,192914
0,189523
0,06236908
0,192914
0,189523
0,02071247
-0,230114
0,1344526
0,002945576
-0,4363387
0,1370899
0,0114302
-0,3750663
0,165546
0,0114302
-0,3750663
0,165546
0,038782
-0,2156589
0,1619198
0,03335127
-0,02905619
0,09148172
0,03335127
-0,02905619
0,09148172
0,05438197
0,06458612
0,194797
0,03997344
0,01479571
0,1494302
0,03997344
0,01479571
0,1494302
0,01411663
-0,2128979
0,1475268
0,01448789
-0,2266406
0,1693967
0,0207189
-0,1319885
0,1680335
0,0207189
-0,1319885
0,1680335
0,04605339
0,0005662871
0,25578
0,03631158
-0,008288734
0,2020478
0,03631158
-0,008288734
0,2020478
0,03199204
0,06998298
0,1028276
0,02852276
0,1262557
0,06221541
0,02852276
0,1262557
0,06221541
0,03240844
0,211821
0,03322721
0,03353927
0,1920645
0,06807201
0,03353927
0,1920645
0,06807201
0,04985529
0,1353893
0,2024157
0,02329908
-0,03834308
0,1094064
0,01227755
-0,00440403
-0,003672878
0,01227755
-0,00440403
-0,003672878
0,01498869
0,3029729
-0,20456
0,005242122
0,2787479
-0,212996
0,005242122
0,2787479
-0,212996
0,04410723
0,408361
-0,02022805
0,04824542
0,3402039
0,08831756
0,04824542
0,3402039
0,08831756
0,02006933
0,04705764
0,01684367
0,01415889
0,01944104
-0,0261447
0,01339134
0,0412394
-0,04368309
0,01339134
0,0412394
-0,04368309
0,02237594
0,07267087
-0,01496135
0,03098279
0,11191
0,03475993
0,03098279
0,11191
0,03475993
0,05691063
0,1281576
0,2304532
0,05657066
0,02257564
0,2890717
0,05657066
0,02257564
0,2890717
0,033177
-0,2798457
0,2712027
0,01601089
-0,1251196
0,1048442
0,01601089
-0,1251196
0,1048442
0,03612715
-0,07487002
0,1637234
0,03486803
-0,1060144
0,2089905
0,03680845
-0,1310098
0,2665516
0,03680845
-0,1310098
0,2665516
0,04532085
-0,109642
0,3465621
0,05425724
-0,2529762
0,488951
0,05425724
-0,2529762
0,488951
0,03658679
-0,3215832
0,3855965
0,04029337
-0,3319758
0,3802398
0,04029337
-0,3319758
0,3802398
0,05133412
-0,1825437
0,4088544
0,03927618
-0,03866953
0,2730935
0,04279967
0,06247799
0,251123
0,04279967
0,06247799
0,251123
0,02967345
0,02658396
0,1901517
0,02306192
-0,01987927
0,1794363
0,02306192
-0,01987927
0,1794363
0,0252488
-0,02677161
0,2371305
0,02109699
-0,00552669
0,1658461
0,02109699
-0,00552669
0,1658461
0,01878727
0,07799148
0,04500886
0,01410257
0,1181622
-0,02404829
0,01004245
0,1295224
-0,05613982
0,01004245
0,1295224
-0,05613982
0,008803187
0,0827237
0,04079126
0,006391619
0,02242812
0,09108417
0,006391619
0,02242812
0,09108417
-0,001795028
0,0308146
-0,0009500165
-0,007589613
0,0102529
-0,03207021
-0,007589613
0,0102529
-0,03207021
-0,002619953
-0,02825138
0,1593847
0,002978856
-0,03651173
0,2185911
0,002978856
-0,03651173
0,2185911
0,007940412
0,02859839
0,175062
0,004792709
0,01482533
0,1246327
0,0001698899
-0,03317091
0,107368
0,0001698899
-0,03317091
0,107368
-0,004474593
-0,1054256
0,1321387
-0,0005111842
-0,0527404
0,09704973
-0,0005111842
-0,0527404
0,09704973
0,0103573
0,07786705
0,1284939
0,01073133
0,101145
0,1071237
0,01073133
0,101145
0,1071237
0,004077901
0,154781
-0,04323708
-0,0002427123
0,1564123
-0,08414987
0,002842925
0,1985795
-0,04336474
0,002842925
0,1985795
-0,04336474
0,007762315
0,2487678
0,1006623
0,00772476
0,2069674
0,1053776
0,00772476
0,2069674
0,1053776
0,004956982
0,35003
-0,1250439
-0,002690488
0,3096657
-0,1799938
-0,002690488
0,3096657
-0,1799938
0,003122698
0,2660249
-0,005058526
0,009892152
0,2164848
0,1165736
0,009892152
0,2164848
0,1165736
0,01391413
0,1377499
0,2675183
0,01213402
0,0919548
0,1889391
0,00689298
0,0836759
0,09299331
0,00689298
0,0836759
0,09299331
0,0003823603
0,06441049
0,09439117
-0,001255312
0,03362545
0,1209168
-0,001255312
0,03362545
0,1209168
-0,00136509
0,04181946
0,264387
-0,0005585481
0,0009858533
0,3193908
-0,0005585481
0,0009858533
0,3193908
-0,002954753
-0,02263874
0,3983744
0,0006744056
0,009189608
0,2632107
0,001155529
0,03739427
0,1375928
0,001155529
0,03739427
0,1375928
0,001142039
0,05802241
-0,009888582
-0,0008305136
0,04322964
0,03126219
-0,0008305136
0,04322964
0,03126219
0,002105589
0,09288289
0,1066251
0,003410557
0,1044636
0,08353944
0,003410557
0,1044636
0,08353944
-0,001074037
0,1111348
-0,05238196
-0,004153368
0,1159512
-0,1422522
-0,004153368
0,1159512
-0,1422522
-0,005507744
0,1880572
-0,1673826
-0,005270708
0,167251
-0,0713575
-0,005070255
0,1435741
-0,04402198
-0,005070255
0,1435741
-0,04402198
-0,01169751
0,1364133
-0,1572344
-0,0147299
0,1140485
-0,1824375
-0,0147299
0,1140485
-0,1824375
-0,02055171
0,1113747
-0,1210345
-0,01900005
0,07060001
-0,07503699
-0,01900005
0,07060001
-0,07503699
-0,02291126
0,1513847
-0,09746221
-0,0200984
0,1313485
-0,07619967
-0,01572408
0,07763021
0,02755679
-0,01572408
0,07763021
0,02755679
-0,01221539
-0,04532361
0,2120323
-0,007505578
-0,06135854
0,1722366
-0,007505578
-0,06135854
0,1722366
-0,005929457
-0,02050189
0,03829277
-0,005591824
-0,02839533
0,05123456
-0,005591824
-0,02839533
0,05123456
-0,005620125
-0,1042282
0,1826961
-0,004616115
-0,1174701
0,2030087
-0,004616115
-0,1174701
0,2030087
-0,006068334
-0,05494309
0,1449582
-0,005940543
-0,02325294
0,09099855
-0,006190571
-0,00577985
0,1010486
-0,006190571
-0,00577985
0,1010486
-0,00613703
0,04850379
0,03983777
-0,005138653
0,06412456
-0,01196838
-0,005138653
0,06412456
-0,01196838
-0,006531331
0,04696589
0,00454112
-0,006415458
0,02678661
0,05141013
-0,006415458
0,02678661
0,05141013
-0,006458435
0,04684154
0,1330426
-0,004884096
0,0314232
0,1382774
-0,004255917
0,03352645
0,106353
-0,004255917
0,03352645
0,106353
-0,006746405
0,06155703
0,05618722
-0,008602805
0,05052071
0,07731029
-0,008602805
0,05052071
0,07731029
-0,01256508
0,07071304
0,07550101
-0,01463541
0,06251875
0,1046946
-0,01463541
0,06251875
0,1046946
-0,02079185
0,1021644
0,1611816
-0,02063926
0,09737612
0,1064267
-0,02063926
0,09737612
0,1064267
-0,0285475
0,1747671
-0,05557378
-0,02819069
0,1711106
-0,04696884
-0,02690098
0,157277
0,0254656
-0,02690098
0,157277
0,0254656
-0,04024775
0,1700694
-0,0004592795
-0,03508158
0,1142083
-0,02932451
-0,03508158
0,1142083
-0,02932451
-0,04042248
0,1047657
0,07531575
-0,03183675
0,01412614
0,002410331
-0,03183675
0,01412614
0,002410331
-0,03701293
-0,02563212
-0,3809234
-0,03949774
0,0887832
-0,3796737
-0,03705691
0,1626357
-0,2215028
-0,03705691
0,1626357
-0,2215028
-0,04204748
0,1978305
-0,08893327
-0,03943798
0,1734843
-0,1208747
-0,03943798
0,1734843
-0,1208747
-0,0426013
0,2022725
-0,2783923
-0,0416616
0,1939398
-0,2781889
-0,0416616
0,1939398
-0,2781889
-0,02917861
0,1682405
-0,0927331
-0,01569328
0,1041177
-0,02580892
-0,01439974
0,09709109
-0,0153846
-0,01439974
0,09709109
-0,0153846
-0,01361812
0,1055179
0,008048186
-0,01012617
0,07521632
0,0493342
-0,003824968
0,02184477
0,01879487
-0,004010847
0,01504174
0,02641757
-0,004010847
0,01504174
0,02641757
-0,003571771
0,01983777
0,08763616
-0,002849061
0,0212747
0,1140366
-0,002849061
0,0212747
0,1140366
-0,005836005
0,04152872
0,2891344
-0,003835631
0,02409547
0,2686425
-0,004768981
0,02809037
0,3969209
-0,003671802
0,03619967
0,2917248
-0,0061071
0,0704888
0,315076
-0,0061071
0,0704888
0,315076
-0,006762808
0,1146808
0,3684078
-0,002719423
0,1192996
0,2187637
-0,002719423
0,1192996
0,2187637
-0,01078955
0,2196821
0,3683805
-0,007261628
0,1687881
0,2860214
-0,0009453578
0,1433248
0,04994447
-0,008927278
0,2356407
0,0005968921
-0,007705968
0,1685324
0,02080237
-0,006790174
0,1434554
0,01760273
-0,008541196
0,1527024
-0,04075122
-0,008541196
0,1527024
-0,04075122
-0,0109534
0,1719237
-0,01319043
-0,01163595
0,1742157
-0,1269159
-0,005290287
0,1094881
-0,3166107
-0,008281125
0,08826188
-0,358033
-0,009480759
0,1272094
-0,1676118
-0,01251113
0,1834009
-0,1251255
-0,002201402
0,03952701
-0,1089218
-0,004854027
0,02523717
-0,1864192
-0,01199947
0,08504846
-0,1253159
-0,01810672
0,1339398
-0,1074263
-0,01378719
0,1096765
-0,09295002
-0,01472287
0,1100173
-0,08139706
-0,01366638
0,101663
-0,0634139
-0,01225109
0,08528082
-0,06511708
-0,01225109
0,08528082
-0,06511708
-0,01277915
0,02012667
-0,01332634
-0,01901718
0,03869412
-0,007122222
-0,01318891
0,04374853
-0,03670049
-0,01399665
0,01567857
-0,03026302
-0,03061543
0,007105231
-0,01077247
-0,03729467
-0,01183262
-0,03256173
-0,01918422
-0,01420517
-0,02831864
-0,0118187
-0,01110381
-0,0205037
-0,003339262
0,00605008
0,008474961
-0,0109317
0,007104188
0,006977335
-0,0109317
0,007104188
0,006977335
-0,01384036
-0,008014798
-0,01541275
-0,01353905
-0,0108816
-0,0225178
-0,02109956
0,004811049
0,001193643
-0,01114235
0,001889467
-4,303455E-05
-0,0007426934
-0,01021564
-0,01515213
-0,006759927
-0,01273614
-0,0205467
-0,00979038
0,006692529
0,007270187
-0,004591529
0,02376449
0,03346434
-0,01871813
0,02067232
0,01681823
-0,03093987
0,01997292
0,01620921
0,01739594
0,02135068
-0,001320913
0,01193623
0,07452029
0,01330176
0,01335978
0,09459409
0,04077078
0,004758448
0,117665
0,03622819
0,006657826
0,1501033
0,03085341
0,02892124
0,1425094
0,04247974
0,03415569
0,1161456
0,03129702
0,04079985
0,1623374
0,03092481
0,05018763
0,2068941
0,01821309
0,0562245
0,1551024
0,03258846
0,05810668
0,1266071
0,05990037
0,05537381
0,1500268
0,06091081
0,05794977
0,1886542
0,0696004
0,05405365
0,1971909
0,08458651
0,06429441
0,1148797
0,05772594
0,1430499
0,2870467
0,1170908
0,1187829
0,2435716
0,0578488
0,1526226
0,2086686
0,0546488
0,1332047
0,2323517
-0,03876207
0,009420852
0,1530343
-0,02376847
0,01767427
0,3091662
-0,09412877
0,032506
0,3419668
-0,1076239
0,03199142
0,2623301
-0,104617
0,03109562
0,2904743
-0,1491836
0,02663597
0,2564526
-0,07853733
0,03695241
0,2499096
-0,1032904
0,0379196
0,1986396
-0,02376428
0,03151809
0,1740096
0,05886459
0,008971608
0,08419482
0,04058409
0,006081895
0,07749952
0,06005913
0,006670691
0,05528469
0,07984373
0,003730908
0,05606056
0,1252222
-0,01059341
0,1258583
0,1335133
-0,01760428
0,1365497
0,1841903
-0,01941708
0,1258325
0,1853267
-0,0295565
0,1536943
0,2034868
-0,04512599
0,1978216
0,2272952
-0,09211189
0,1717199
0,182009
-0,03178803
0,1538726
0,2318013
-0,02702909
0,1229266
0,2076472
-0,05856527
0,2618971
0,4337368
-0,05165164
0,2296976
0,3696254
-0,04318779
0,1950915
0,2794214
-0,04398723
0,2014707
0,269144
-0,0408757
0,1905122
0,2267717
-0,01795169
0,0878477
0,1141244
-0,01935582
0,06451818
0,2442456
-0,03484902
0,1211311
0,2229667
-0,01031525
-0,01004895
0,1798925
0,02892931
-0,1580663
-0,0508756
0,03312178
-0,1976717
-0,09596101
0,004028293
-0,1085913
0,1453394
-7,006642E-05
-0,06575415
0,1233392
0,0006744107
-0,0297604
-0,1156066
0,04102915
-0,2266582
-0,3244022
0,003670287
-0,06618293
-0,201771
-0,01680179
-0,03679451
0,04274555
-0,05820267
0,1127853
0,248227
-0,06127606
0,1567471
0,1825014
-0,06106727
0,1672886
-0,02345936
-0,07580327
0,2314346
0,00267922
-0,1157975
0,3329701
0,1953213
-0,1333253
0,4301107
0,1629677
-0,1141203
0,4006113
0,128027
-0,1095005
0,416883
0,04268231
-0,06498647
0,2596492
-0,1040849
-0,05074726
0,2051717
-0,08094083
-0,04056504
0,1426392
0,04319715
-0,01490119
0,04274469
0,07178881
-0,0001192295
-0,01977463
0,03009015
-0,01182884
0,01170004
0,02565919
-0,003238762
-0,05350317
0,09763778
-0,01477632
-0,008966677
0,1371138
-0,01650382
-0,007106658
0,1600295
-0,01368418
-0,02626303
0,1262714
-0,01150475
-0,04400859
0,1424999
-0,004515874
-0,05801255
0,154663
-0,002646421
-0,09239159
0,2559292
0,02086228
-0,1682875
0,2576251
0,01823505
-0,1251612
0,2005267
0,0013694
-0,036988
0,1820786
0,003430462
-0,05299544
0,2197622
0,04321808
-0,2627556
0,3384259
0,02857211
-0,1546075
0,1628813
-0,005726751
-0,02436955
0,1406789
0,003348969
-0,1233909
0,1890858
0,01000421
-0,155238
0,2029321
0,004604312
-0,1284928
0,09475306
-0,006907316
-0,06876266
0,09210921
0,05170678
-0,3387772
0,004339499
0,08157913
-0,4651226
-0,06614535
0,01561279
-0,1607163
0,0935731
0,06644957
-0,4341645
-0,003785993
0,03134727
-0,1979276
-0,008809516
0,01011014
-0,1730147
0,04074281
0,03509765
-0,3321589
0,0657002
0,03562419
-0,2646328
0,02641058
0,0235089
-0,2832837
0,09832509
0,01576295
-0,2485749
0,1053604
0,0135512
-0,2073429
0,1078307
0,02712208
-0,2923053
0,07050507
0,01276083
-0,1863773
0,08969516
0,008028234
-0,205114
0,1374267
0,01408509
-0,2298052
0,1104554
0,02319857
-0,2376054
0,05485928
0,02022957
-0,2749627
0,1023353
0,01652075
-0,2561611
0,1004547
0,02056038
-0,3058566
0,07768673
0,01602944
-0,3459448
0,117484
0,01113873
-0,3725628
0,1495662
0,01494986
-0,4100111
0,07158574
0,01651926
-0,3048321
0,00118482
0,01753077
-0,4141988
0,01189817
0,0101192
-0,4867385
0,08042593
0,0104122
-0,3541734
0,03504438
0,02269081
-0,47675
-0,04195448
0,02905356
-0,5259236
-0,09516966
0,01599787
-0,3851953
-0,04101292
0,0087827
-0,3299996
-0,001733323
0,005311558
-0,4849157
0,02459796
0,0004205056
-0,5131971
0,05202342
-0,00697872
-0,4476912
0,1017501
-0,02141076
-0,3906585
0,1909823
-0,01401114
-0,2350973
0,136276
-0,01557825
-0,2968901
0,1494833
-0,0177241
-0,2667346
0,1747887
-0,0177241
-0,2667346
0,1747887
-0,05001475
-0,2588986
0,4237495
-0,04506438
-0,2923341
0,4135137
-0,04506438
-0,2923341
0,4135137
-0,05619334
-0,3046233
0,5073283
-0,05413954
-0,2244786
0,4908946
-0,05413954
-0,2244786
0,4908946
-0,07086296
-0,4536371
0,5562288
-0,03559212
-0,2631328
0,3345385
-0,03062718
-0,1091611
0,3125367
-0,03062718
-0,1091611
0,3125367
-0,05420711
0,02645417
0,4522325
-0,04473831
-0,04693364
0,3419503
-0,04473831
-0,04693364
0,3419503
-0,04200669
-0,11723
0,2795132
-0,03253427
-0,1290188
0,2095628
-0,03253427
-0,1290188
0,2095628
-0,05150295
-0,2601358
0,327147
-0,04679599
-0,2037978
0,3104493
-0,08530004
-0,2442374
0,5521592
-0,08530004
-0,2442374
0,5521592
-0,1085104
-0,03292047
0,703161
-0,08866537
0,05470889
0,5759667
-0,08866537
0,05470889
0,5759667
-0,09621394
-0,09556609
0,517388
-0,0738695
-0,1052363
0,4107136
-0,0738695
-0,1052363
0,4107136
-0,09709126
-0,1560445
0,5018756
-0,07784364
-0,05867463
0,4187362
-0,04941569
0,1176397
0,2977252
-0,04941569
0,1176397
0,2977252
-0,03339244
0,3120548
0,2287855
-0,01034394
0,2512325
0,1068396
-0,01034394
0,2512325
0,1068396
-0,003637985
0,235447
0,05893211
-0,0231228
0,1827311
0,1160961
-0,0231228
0,1827311
0,1160961
-0,05492029
0,1297428
0,2225526
-0,02548509
0,1353282
0,1257847
-0,02548509
0,1353282
0,1257847
0,03445223
0,230363
-0,07247619
0,0402733
0,2223913
-0,1086004
0,03178445
0,2384955
-0,07897436
0,03178445
0,2384955
-0,07897436
-0,01235671
0,2331074
0,09107646
-0,01893036
0,1656302
0,1396561
-0,01893036
0,1656302
0,1396561
0,04227697
0,1712515
-0,04199623
0,03063415
0,150877
-0,07414981
0,03063415
0,150877
-0,07414981
0,01081681
0,1074211
0,01597653
0,01123215
0,1324826
0,02075441
0,01868793
0,1625055
-0,00649743
0,01868793
0,1625055
-0,00649743
0,01045485
0,09956802
0,03517348
0,007724385
0,05952193
0,04693783
0,007724385
0,05952193
0,04693783
-0,002970937
-0,009776591
0,09270825
-0,003942925
-0,04332948
0,09711611
-0,003942925
-0,04332948
0,09711611
-0,006032179
-0,03110322
0,1566606
-0,03377597
-0,0172067
0,2347592
-0,05200418
-0,0004653364
0,2841388
-0,05200418
-0,0004653364
0,2841388
-0,02499116
-0,03891735
0,157421
-0,02499116
-0,03891735
0,157421
-0,02608957
-0,1196598
0,1880112
-0,02814531
-0,1269968
0,1876793
-0,02814531
-0,1269968
0,1876793
-0,04325085
-0,1705839
0,2656131
-0,01356299
-0,168469
0,1660735
-0,01356299
-0,168469
0,1660735
0,02785908
-0,1104064
0,03188549
0,0173727
-0,1028148
0,0830138
0,0173727
-0,1028148
0,0830138
0,01406123
-0,1637398
0,1118047
0,02312846
-0,1929581
0,06830592
0,01450326
-0,2809069
0,07752693
0,01450326
-0,2809069
0,07752693
0,03755175
-0,4012296
0,06542984
0,0190699
-0,1574515
0,06932733
0,0190699
-0,1574515
0,06932733
-0,02223328
0,09737192
0,2948903
-0,04462441
0,1254264
0,2899245
-0,04462441
0,1254264
0,2899245
-0,05431583
0,2816019
0,2960638
-0,0424825
0,3137676
0,2329945
-0,05417606
0,2717836
0,2366066
-0,05417606
0,2717836
0,2366066
-0,09463693
0,153712
0,3653758
-0,06152642
0,01057285
0,2527983
-0,06152642
0,01057285
0,2527983
-0,03661842
0,1776501
0,1815385
-0,003545085
0,172638
0,09583826
-0,003545085
0,172638
0,09583826
0,01806943
0,1023898
0,04962083
0,02198282
0,09373505
0,03977375
0,02450738
0,09878659
0,033477
0,02450738
0,09878659
0,033477
0,0499781
0,1139013
-0,02554885
0,05800498
0,09315845
-0,05449171
0,05800498
0,09315845
-0,05449171
0,1459218
0,07674476
-0,2408759
0,1159569
0,06994199
-0,1825775
0,06621522
0,09647283
-0,06922875
0,06294345
0,1673172
-0,08248509
0,04420942
0,1815678
-0,04682576
0,007910418
0,202783
0,02823301
-0,015833
0,3675463
0,08245333
-0,015833
0,3675463
0,08245333
-0,07739291
0,3439031
0,2330921
-0,08471411
0,3707203
0,225303
-0,08375911
0,444014
0,175126
-0,09745435
0,4638901
0,1889898
-0,03536627
0,1041465
0,06785129
-0,01099337
0,06965111
0,04012952
-0,01087224
0,08478592
0,04589723
-0,01603625
0,09428272
0,04815253
0,06051506
0,07064447
-0,04245085
0,1396374
0,1466185
-0,2230356
0,06172649
0,2674838
-0,3315791
0,07328992
0,1801677
-0,2889805
0,09416723
0,2039016
-0,3389578
0,06050884
0,1555817
-0,2055231
0,08575489
0,2321717
-0,2785082
0,1009624
0,284842
-0,3354681
0,08315833
0,1959478
-0,2590609
0,09339698
0,2713785
-0,3085864
0,02308067
0,2073161
-0,08969826
0,01065489
0,2048836
-0,07352652
0,02126194
0,2524939
-0,1549859
0,01771182
0,1664609
-0,1228924
0,008271066
0,2072155
-0,1253997
0,01776978
0,3316491
-0,2378191
0,02442224
0,2315407
-0,2099095
0,03696523
0,2526806
-0,2703829
0,02634546
0,2043478
-0,1887541
0,02713323
0,2103787
-0,1987507
0,01881337
0,165166
-0,1258435
-0,007456657
0,115831
0,0297453
-0,0143501
0,09667013
0,1109926
0,03144759
0,0564763
-0,01176981
0,05616909
-0,05974023
0,03514402
0,04677179
-0,1687925
0,2001628
0,006523212
-0,06835836
0,2151892
-0,00847302
0,06366038
0,1331333
-0,01865599
0,05758912
0,07840776
-0,05130096
0,1128123
0,1516826
-0,09687478
0,09830554
0,117614
-0,0002038744
0,1357444
0,09287193
0,004651288
0,1620235
0,09599474
-0,008681783
0,1839285
0,1158939
-0,03047096
0,2085796
0,1707013
-0,05005645
0,3126856
0,242776
-0,04303183
0,289687
0,1927657
-0,101389
0,4154224
0,1848092
0,2724163
0,1890389
-0,03125826
-0,03965091
0,1830462
0,07817087
-0,01797247
0,1499054
0,07541654
0,01541778
0,1397122
0,07067111
-0,01529121
0,188459
0,08905536
-0,01250505
0,1529711
0,07552958
0,01346608
0,02038419
0,008325443
0,006768145
0,08821543
0,05640189
0,006167464
0,04707283
0,05937201
0,01934651
0,04748864
0,1170298
0,0239872
0,05253492
0,1852052
-0,1052384
-0,09892946
0,3701904
-0,02269711
-0,07701143
0,2661483
-0,0159772
-0,02777373
0,1588091
-0,007742092
0,04988666
0,09556422
0,0004004389
0,01248097
0,2293997
-0,1847516
-0,1247501
0,4501073
-0,167841
0,0837854
0,1952407
-0,008073092
0,01182979
0,07195991
0,01259409
0,01611051
0,02393746
0,009141058
0,00185211
0,05502796
0,0006795228
-0,01771262
0,06187254
-0,004051298
-0,0196936
0,07858193
0,01638761
-0,05661613
0,09611964
-0,004129082
-0,06705804
0,1035571
-0,02141771
-0,03703114
0,1347398
0,6727884
-0,9661897
0,8794923
0,4221656
-0,9913632
0,904399
0,4059957
-1,008433
0,89921
0,4085106
-1,020031
0,9109184
0,3584911
-1,093428
0,9652667
-0,07733488
-0,5655161
0,6156088
-0,2452997
-0,5877925
0,8385741
-0,05803877
-0,2817129
0,3089084
-0,05725766
-0,2524717
0,2630008
-0,1732376
-0,564694
0,7102934
0,5278796
-0,3672429
0,5787504
-0,01274322
-0,5095235
0,3926373
0,05536844
-0,08580894
0,224354
0,05322383
-0,06579329
0,02659988
-0,02211268
-0,1259641
0,143883
0,399269
-0,07423782
0,7558977
0,5170588
0,1305736
0,7179363
0,5391339
0,1646118
0,6879469
0,505059
-0,05525722
0,9133652
0,6208715
0,03027843
1,08883
0,6580014
0,04491533
1,14641
0,7643548
0,1633397
1,157688
0,8315358
0,1869459
1,260434
0,904722
0,2019474
1,414241
1,012767
0,2981345
1,478336
1,087396
0,3229858
1,584555
1,158291
0,3336064
1,681679
1,224011
0,346983
1,753639
1,304469
0,3609383
1,884915
1,2797
0,2317844
1,98916
1,326993
0,2264412
2,063343
1,398528
0,2488102
2,147462
1,423058
0,1880173
2,268423
1,432382
0,1153992
2,400559
1,478369
0,1141154
2,477613
1,509942
0,1200914
2,48212
1,609774
0,1875984
2,560257
1,737797
0,2733862
2,656206
1,734104
0,2500071
2,60864
1,751671
0,2254683
2,624002
1,760605
0,1519596
2,735311
1,721594
0,04570615
2,781043
1,61854
-0,1053388
2,709958
1,510244
-0,2914533
2,713957
1,397756
-0,4892313
2,757328
1,350783
-0,5474931
2,643806
1,341969
-0,6002015
2,641613
1,280854
-0,6959457
2,590943
1,158344
-0,8157455
2,410186
1,187577
-0,8033596
2,411335
1,311277
-0,7255188
2,537426
1,327655
-0,705978
2,468647
1,392401
-0,6210483
2,405301
1,519424
-0,5445954
2,558021
1,604053
-0,4963686
2,653597
1,624081
-0,4779033
2,627354
1,681905
-0,440178
2,676808
1,57413
-0,5541207
2,604026
1,438571
-0,6901294
2,526736
1,390496
-0,6897051
2,386888
1,421161
-0,6596799
2,398801
0,0654754
-0,1201333
0,1012556
0,0884541
-0,1625424
0,1314641
0,1086204
-0,1942958
0,163027
0,1431673
-0,1877825
0,2195637
0,1891301
-0,1038051
-0,2001188
0,1762445
-0,1060017
-0,232234
0,05274138
0,06329973
-0,149409
0,02499221
0,05155772
-0,1097395
-0,03348971
0,004121497
-0,03025454
-0,05712421
-0,03805935
0,005145561
-0,08839415
-0,04552357
0,04754384
-0,142866
-0,08008856
0,123602
-0,1408616
-0,06158848
0,09248726
-0,1808315
-0,02108216
0,04007189
-0,1863654
-0,01593764
0,03571977
-0,1875252
-0,006059453
0,0407608
-0,1738682
0,01665328
0,03657734
-0,157411
0,0231487
0,02993116
-0,1161421
0,02512375
0,02417165
-0,09354136
0,0208966
0,01521058
-0,06983526
0,01628229
0,008534836
-0,01887739
0,003393188
-0,0005901163
0,006769041
-0,004297689
-0,004980557
0,05394939
-0,01993975
-0,009432156
0,07911859
-0,02818595
-0,01290971
0,1026457
-0,03113312
-0,02018881
0,143519
-0,02531785
-0,03513695
0,1593806
-0,03385516
-0,03029176
0,1735574
-0,01927467
-0,02956292
0,1610057
0,009333968
-0,05306843
0,1562468
0,01163687
-0,02334642
0,1249237
0,01420143
-0,0003534742
0,1047862
0,01559418
-0,00235898
0,0797978
0,006393939
0,02479542
0,03263453
0,011866
-0,001529481
0,01627629
-0,009290352
-0,02895742
0,002828355
0,001412113
-0,008513206
0,02286956
0,01679246
-0,06510136
-0,001025653
0,01885083
-0,004048761
-0,007631587
0,008499396
0,01734185
-0,005084079
0,009460563
0,009010357
0,0005299575
0,04111266
-0,008328591
-0,002645677
0,04366329
0,0001385575
-0,02166662
0,02485285
0,05147448
-0,01639173
0,02602506
0,03940557
-0,009171196
0,06279471
0,01746515
-0,02145118
0,06671172
0,04867907
-0,05056341
0,06113737
0,1238121
-0,03590714
0,06379132
0,08852267
-0,03617479
0,08342495
0,08650547
-0,09344657
0,0927069
0,2274756
-0,09995427
0,07748916
0,2398206
-0,03127879
0,07778151
0,1337582
-0,1116408
0,1130972
0,2480474
-0,06576839
0,2913934
0,3260465
-0,2058127
0,2349932
0,4262442
0,378493
0,3129553
0,4280511
0,4074399
0,2502779
0,4057912
0,4703758
0,3852859
0,8182136
0,5635325
0,538572
0,9168835
0,6310338
0,6505477
0,9763948
0,710389
0,6861702
1,100466
0,7988415
0,8126338
1,157602
0,8506117
0,797246
1,230778
0,9277256
0,8558669
1,342296
0,9718494
0,9291354
1,36518
0,9982621
0,9943113
1,294875
0,9664612
1,0238
1,210628
0,9213265
1,003845
1,200627
0,8871562
1,036778
1,069508
0,8337799
1,16452
0,8650131
0,7827561
1,269336
0,7863916
0,7224066
1,361839
0,6638412
0,6603556
1,517677
0,4905443
0,6022415
1,564944
0,4777706
0,5833333
1,624264
0,5518715
0,6057129
1,671381
0,6667891
0,6203549
1,818482
0,6659996
0,6291254
2,003196
0,638265
0,6669649
2,158324
0,7560863
0,702825
2,325542
0,8955169
0,7127254
2,349734
0,9157564
0,7325904
2,383552
0,9743956
0,7357702
2,309264
1,02957
0,7141291
2,354388
0,9856539
0,7232622
2,439486
1,006219
0,7101265
2,36656
1,010864
0,6561226
2,184539
0,9301464
0,6567907
2,177649
0,9156004
0,66432
2,20101
0,9104871
0,647215
2,061188
0,9072059
0,6326301
1,934752
0,9089118
0,6126194
1,816772
0,8405887
0,6078281
1,802924
0,7755065
0,5931492
1,722349
0,7528871
0,5621145
1,600334
0,7218778
0,5508977
1,563576
0,6838449
0,5566497
1,594041
0,6564248
0,5473022
1,491304
0,6702947
0,521547
1,344092
0,6235425
0,5038427
1,382384
0,5589048
0,5164294
1,397103
0,5807495
0,5086277
1,345511
0,557076
0,511713
1,250185
0,5557959
0,4963913
1,115854
0,5211565
-0,001953291
0,7505881
0,2985853
-0,006806509
0,5080743
0,2571314
0,03450538
0,3352892
0,1735179
0,06152209
0,1045319
0,02764507
0,0901664
-0,2368613
-0,0175149
0,04976815
-0,4575317
-0,05299216
0,04976815
-0,6537317
-0,05299216
0,4052977
-0,4367065
-0,2028871
0,5256026
-0,2599206
-0,4083945
0,5256026
-0,4561206
-0,4083945
0,124643
0,06198862
-0,0325507
0,09481311
0,03526777
0,003155019
0,06044867
0,006691992
0,04164654
-0,01278685
-0,05013174
0,114843
-0,0500671
-0,07315035
0,1494376
-0,1256756
-0,09927228
0,2126566
-0,1667596
-0,1016759
0,2351685
-0,2033196
-0,09392752
0,2496492
-0,2617226
-0,03549269
0,2536963
-0,2635734
0,01380888
0,1612502
-0,2488725
-0,008503526
0,02151691
-0,2415931
-0,04594721
-0,03891744
-0,2126108
0,02912828
-0,06194858
-0,1393096
0,05438197
-0,03796868
0,0401128
-0,003178417
0,01262354
0,000604657
0,0001919601
0,0160421
-0,01836554
0,04473935
0,03667496
-0,03779238
0,02375656
0,08036386
-0,03180715
0,03068915
0,06102159
-0,0285106
0,03280367
0,04731289
-0,03622874
0,03219602
0,06469258
-0,03644368
0,04080858
0,05940622
-0,07058544
0,09232068
0,1099272
-0,01369319
0,07429967
0,0781077
-0,01722591
0,06074111
0,09097478
-0,02759577
0,1071592
0,07436419
-0,05459788
0,1371952
0,05792908
-0,08866223
0,1807378
0,1246894
-0,08116204
0,1737923
0,1323352
-0,05332091
0,2996247
0,06846723
-0,04858145
0,2575125
0,07265849
-0,02705181
0,08610971
0,03351589
-0,01568766
0,06903274
0,007580951
0,01787945
0,05139379
-0,003223144
0,001697773
0,05050026
-0,01026107
-0,04545232
0,09763926
0,006020382
0,008544512
0,09077431
0,01632726
0,01764444
0,2055103
-0,002567999
-0,01741385
0,4368404
0,07672877
-0,04675518
0,2328456
0,08926013
0,002926167
0,07404262
0,02088773
0,008436594
0,1115331
0,04463612
-0,01907426
0,1143
0,0562924
-0,01602084
0,05075765
0,03456467
-0,02098548
0,06935973
0,04643306
0,009251535
0,04740299
0,09946704
-0,1093471
-0,2731145
0,3482548
-0,09588712
-0,1479095
0,1374916
0,06454457
-0,1323714
0,1306193
-0,111801
-0,2079145
0,08909459
0,04734911
-0,1551088
0,1140957
0,01866576
-0,5848157
0,4882176
0,01803233
-0,2082219
0,1214591
-0,14097
-0,5621374
0,4264321
0,02591872
-0,1874611
0,08140118
-0,1115091
-0,4462674
0,3289516
0,04540072
-0,0593681
0,0348627
0,006194964
-0,1808961
0,1265845
0,3915984
-0,4954609
0,1142524
0,4032547
-0,4834915
0,2438105
0,370877
-0,5352462
0,1595409
-0,125249
-0,4431236
0,3764978
-0,144318
-0,1864928
0,1323338
0,02620475
-0,113594
0,04712713
-0,02020917
-0,3726972
0,2005482
0,03993747
-0,15741
0,1284194
-0,003223762
-0,3201838
0,1961263
-0,06167264
-0,230433
0,2443356
-0,03974285
-0,1942605
0,240282
0,4958881
-0,3397385
0,2514516
0,4846713
-0,3254648
0,2465802
0,5389714
-0,498777
0,4164816
0,6275935
-0,5080913
0,5053579
0,6387885
-0,4667306
0,5324159
0,6723767
-0,5293355
0,5702385
0,7565402
-0,5617584
0,6491117
0,8220592
-0,616025
0,7131653
0,8437557
-0,6683994
0,7411727
0,8945479
-0,7566341
0,7868522
0,9589909
-0,8379719
0,8410908
0,7469037
-1,22687
0,4987021
0,734384
-1,234522
0,502189
0,7649145
-1,335278
0,5254133
0,790823
-1,362765
0,5358539
0,7798618
-1,299833
0,5288463
0,7304225
-1,239156
0,5159603
0,7669921
-1,241258
0,5160677
0,8993806
-1,311136
0,5352084
0,8761747
-1,229359
0,5151058
0,8542513
-1,158337
0,4984519
0,8625426
-1,103062
0,4911162
0,9168159
-1,062726
0,4873627
1,050376
-1,089126
0,4923873
1,122179
-1,055938
0,4794898
1,163589
-1,001854
0,4570967
1,237139
-0,9912077
0,4454684
1,314138
-0,9740292
0,4322193
1,419151
-0,9250263
0,4104019
1,539763
-0,9244103
0,3954013
1,581481
-0,9079368
0,3747575
1,564656
-0,9243368
0,3642845
1,57935
-1,025478
0,3749771
1,569835
-1,041023
0,3713715
1,535855
-0,9768907
0,3511208
1,489613
-0,9335582
0,3320636
1,400633
-0,9006804
0,316146
1,333568
-0,8659685
0,3011699
1,275918
-0,903195
0,3027354
-0,003870772
-0,2033684
-0,08347927
-0,003800377
-0,3994806
-0,08319529
-0,003800378
-0,5956806
-0,08319529
0,02426739
-0,858322
-0,1558206
0,1872302
-0,1511645
0,1517515
0,2278557
-0,1477381
0,195058
0,256267
-0,150509
0,2294029
0,2764515
-0,1326895
0,2574768
0,2860021
-0,09863618
0,275668
0,2889358
-0,06297709
0,2868873
0,2809761
0,02855755
0,3000489
0,2651404
0,0587088
0,2912202
0,2651404
-0,1374912
0,2912202
0,2651404
-0,3336912
0,2912202
0,2651404
-0,5298912
0,2912202
0,2314241
-0,4771929
0,4114526
-0,02997595
0,01651591
0,1148933
-0,02997595
-0,1796841
0,1148933
-0,07316294
-0,2502334
0,1416042
-0,05032849
-0,4126906
0,2276669
-0,08281126
-0,00827229
0,04201345
-0,09949727
-0,02399124
0,02466856
-0,1158213
-0,04304191
0,003235236
-0,1341343
-0,03833394
-0,01758751
-0,1341343
-0,03833394
-0,01758751
-0,1447294
-0,06176353
-0,03932962
-0,1609746
-0,04710798
-0,06297671
-0,1698196
-0,04698525
-0,08337214
-0,176312
-0,03272949
-0,1031966
-0,1794002
-0,02421619
-0,1196387
-0,1794002
-0,02421619
-0,1196387
-0,1785529
-0,01547022
-0,1341696
-0,1743287
-0,006432191
-0,1452851
-0,1743287
-0,006432191
-0,1452851
-0,1666924
0,003256962
-0,153025
-0,1558158
0,01163018
-0,1558106
-0,1405659
0,02008612
-0,1573567
-0,1405659
0,02008612
-0,1573567
-0,1067504
0,03126839
-0,1474736
-0,1067504
0,03126839
-0,1474736
-0,08815326
0,03349745
-0,1379617
-0,06820033
0,03322811
-0,1248627
-0,06820033
0,03322811
-0,1248627
-0,04582021
0,02828801
-0,107419
-0,02174143
0,02160992
-0,08820727
0,003000857
0,0114167
-0,06688398
0,02682616
0,0001572818
-0,04450974
0,0506937
-0,0107121
-0,02077138
0,0506937
-0,0107121
-0,02077138
0,07254427
-0,0250057
0,002290502
0,09474975
-0,03215797
0,02747957
0,1135781
-0,04378796
0,05013531
0,131922
-0,04797477
0,07397234
0,1478798
-0,05008262
0,09587494
0,1611554
-0,04842216
0,1163596
0,1611554
-0,04842216
0,1163596
0,1725022
-0,04432555
0,1339604
0,1808705
-0,0361876
0,1491755
0,1867694
-0,02709886
0,160148
0,1867694
-0,02709886
0,160148
0,1885952
-0,01430245
0,1678474
0,1870363
-0,003866419
0,1704615
0,1818557
0,007675678
0,1689207
0,1729991
0,01807143
0,1630765
0,1606431
0,02610043
0,1531836
0,1454259
0,03142191
0,1394214
0,1263492
0,03484581
0,1231655
0,1061559
0,03000496
0,1040723
0,1061559
-0,166195
0,1040723
0,1061559
-0,362395
0,1040723
0,1061559
-0,5585951
0,1040723
0,004404865
-0,1571072
0,1363419
-0,05308427
-0,008573681
0,03860629
-0,08101441
-0,02076806
0,02214437
-0,08101441
-0,02076806
0,02214437
-0,1059695
-0,02930363
0,005267149
0,02306302
0,01570237
0,002645084
0,02306302
0,01570237
0,002645084
-0,005728422
0,09632709
0,04456576
0,0006263905
0,1236314
0,02944946
0,0006263905
0,1236314
0,02944946
-0,008075541
0,06095918
0,02715023
-0,02689607
0,08469792
0,06235443
-0,02689607
0,08469792
0,06235443
-0,01946972
0,1020442
0,04859466
-0,02190844
0,09074147
0,04934673
-0,03715705
0,07849605
0,07247878
-0,03715705
0,07849605
0,07247878
-0,1151213
0,0889751
0,202702
-0,1082042
0,1390721
0,2048797
-0,1082042
0,1390721
0,2048797
-0,1880645
0,2669662
0,3629368
-0,1303401
0,1382285
0,2451549
-0,1303401
0,1382285
0,2451549
-0,03817431
0,09673569
0,08253535
-0,08561032
0,06515577
0,1507707
-0,1986971
0,0668085
0,3335171
-0,1886085
0,07991669
0,3191015
-0,2252282
0,141494
0,3853982
-0,2252282
0,141494
0,3853982
closestDistance
0,1527082
0,1508079
0,149945
0,1493227
0,1490543
0,1495211
0,1488149
0,1471343
0,1375306
0,1367937
0,1369206
0,1377299
0,1389386
0,1396247
0,1394727
0,137643
0,1324781
0,1252304
0,1296608
0,1265871
0,1247785
0,1224182
0,1149431
0,1096507
0,1099131
0,1071895
0,1054272
0,1043949
0,1038553
0,1029133
0,102686
0,1019538
0,1007186
0,1051173
0,1073073
0,1041597
0,1069597
0,1074889
0,1063593
0,1042385
0,1100193
0,108852
0,1008421
0,106217
0,1133162
0,1059758
0,103356
0,09951542
0,1045391
0,1036781
0,1038503
0,1052583
0,09735753
0,09533016
0,0918126
0,09318838
0,08802661
0,09605037
0,09564769
0,09211928
0,0880304
0,08750193
0,08255365
0,08572254
0,08433958
0,08281057
0,08131607
0,07696136
0,07504085
0,07883906
0,07734202
0,0752978
0,07382041
0,07236901
0,07113991
0,07088582
0,07091994
0,07591619
0,07561331
0,07469137
0,07333214
0,07285038
0,07233681
0,07223605
0,06282558
0,062958
0,06520395
0,06723756
0,06596037
0,06541542
0,06492134
0,068887
0,07790322
0,07792719
0,07345576
0,07059432
0,07108337
0,07134839
0,07799181
0,07948174
0,0813303
0,0820294
0,08346256
0,08658343
0,08377383
0,08614378
0,09165066
0,0870105
0,07528221
0,07462324
0,07751814
0,0961332
0,09504841
0,1047024
0,09841857
0,1009497
0,1054266
0,1040602
0,1080396
0,1048239
0,109486
0,1157648
0,1087634
0,1089406
0,1126962
0,1135154
0,1116088
0,1155401
0,113281
0,1151574
0,1116881
0,1096821
0,1128251
0,1138189
0,1099996
0,1152072
0,1120725
0,1081013
0,09468468
0,1160596
0,1124681
0,1139451
0,1117546
0,1157041
0,1119582
0,110277
0,1083536
0,1127033
0,1007747
0,1002271
0,1001102
0,11928
0,1297237
0,1143471
0,1208593
0,1142539
0,1182473
0,1094339
0,1150637
0,1176979
0,1128478
0,1154355
0,1175014
0,1212968
0,1119027
0,1142647
0,1093243
0,1097514
0,1100963
0,1103826
0,1105528
0,1107151
0,1106415
0,1105537
0,1106726
0,1107177
0,110903
0,1110482
0,1113545
0,1117308
0,1118784
0,1120683
0,112264
0,1130879
0,1131275
0,1113104
0,1118275
0,1126357
0,1138479
0,1139477
0,1138792
0,1142989
0,1142309
0,1080965
0,1111668
0,116592
0,1172645
0,1138555
0,1155884
0,1110578
0,1125012
0,108401
0,1158155
0,1208372
0,1153776
0,1083294
0,1087604
0,1093895
0,1191237
0,1190693
0,1189893
0,1188466
0,1180264
0,1170241
0,1147015
0,1122529
0,1107073
0,1086628
0,1057534
0,1416809
0,1150289
0,1420702
0,1182947
0,1470307
0,1447762
0,1428186
0,1421116
0,1424704
0,1440378
0,1480934
0,1512337
0,1542977
0,1465671
0,1513906
0,1185706
0,1244099
0,1107873
0,1148512
0,1207474
0,11622
0,119909
0,1589562
0,1457667
0,1459976
0,1455344
0,1449143
0,14604
0,1463691
0,1349035
0,1365674
0,1390303
0,1412676
0,1433886
0,1449518
0,146369
0,1450054
0,1465333
0,1480961
0,1473678
0,1492262
0,1520516
0,1516774
0,1511733
0,1539905
0,1564624
0,1562826
0,1007909
0,1049194
0,1002175
0,1035378
0,1082165
0,10046
0,1044816
0,1004133
0,1044121
0,1004261
0,1041322
0,1068892
0,101645
0,1045101
0,1087475
0,1006838
0,1043598
0,09981309
0,1033188
0,1077428
0,1014832
0,1062208
0,09705138
0,1037287
0,1067419
0,1109058
0,1152373
0,08431783
0,08141524
0,08463438
0,08308474
0,08076217
0,07891076
0,08920105
0,08627599
0,0807708
0,08245612
0,108288
0,1114941
0,08540111
0,08232205
0,07972688
0,07960428
0,1080439
0,1107781
0,1141745
0,07470518
0,07278231
0,1103151
0,1127189
0,08169961
0,0804815
0,08465433
0,083239
0,08120382
0,07873258
0,1079339
0,1110605
0,07170243
0,06976537
0,07271279
0,0709804
0,0692756
0,07338139
0,072686
0,07202541
0,0708736
0,06864933
0,06249588
0,06005725
0,05862824
0,05799586
0,05723569
0,05395331
0,05009696
0,05219899
0,08285278
0,08142649
0,08366648
0,0828451
0,08215506
0,08136507
0,08898819
0,08631181
0,08372297
0,08174963
0,07752349
0,08268981
0,07887739
0,08230758
0,08330057
0,09922789
0,09719818
0,08578385
0,08550104
0,09979089
0,09834385
0,09620422
0,09366886
0,09162173
0,09020821
0,08900125
0,09555703
0,09305964
0,09059317
0,08834896
0,08569065
0,08325583
0,09048837
0,08761862
0,09437486
0,09786721
0,08890197
0,08785704
0,08700065
0,08965146
0,1021436
0,09587567
0,09888922
0,1006755
0,1021381
0,1048654
0,1079513
0,08367099
0,0970058
0,09618626
0,09377056
0,09112772
0,08917709
0,0886388
0,09631546
0,09614055
0,0953131
0,09323161
0,09053756
0,08853272
0,09398524
0,09221669
0,09049079
0,08818926
0,09216135
0,0895198
0,08558531
0,1011498
0,1026853
0,1026954
0,1009845
0,09857491
0,09616583
0,1060263
0,1075409
0,1123433
0,1041068
0,1044497
0,1043716
0,1041613
0,1043299
0,1048732
0,1060809
0,1092693
0,1131433
0,1084822
0,1109251
0,1127214
0,1017105
0,1035573
0,1057287
0,1082835
0,1021204
0,1061875
0,1016492
0,1075758
0,1028546
0,09807634
0,09741668
0,08548602
0,08507651
0,08603612
0,08373321
0,08183998
0,08042117
0,07974448
0,09157917
0,09071521
0,08999617
0,08874808
0,08736231
0,09563182
0,09490392
0,09483241
0,09537409
0,09651709
0,09691083
0,09687794
0,09648352
0,09790113
0,100147
0,1028291
0,0961674
0,09807514
0,09965792
0,1009624
0,1025006
0,09527935
0,09646946
0,0979788
0,09947445
0,1008308
0,1006023
0,09997478
0,09910596
0,09880551
0,09959508
0,1012747
0,1031067
0,09498528
0,09239946
0,09966871
0,1002282
0,1016933
0,1040507
0,1075902
0,09947221
0,1020858
0,1035813
0,1050925
0,09835125
0,09984902
0,102665
0,1060204
0,101337
0,105607
0,1012564
0,1042619
0,09800594
0,09891146
0,09924119
0,09978682
0,1011534
0,102783
0,1042919
0,1047102
0,1045214
0,09958717
0,098796
0,09856913
0,09882243
0,09928589
0,09904303
0,09837835
0,10452
0,1039054
0,1035281
0,1032736
0,1034688
0,1037847
0,1041737
0,1050446
0,1062975
0,1076795
0,1087632
0,1025036
0,102663
0,1028646
0,1035572
0,1044414
0,1054663
0,09948061
0,1002376
0,1009308
0,1018307
0,1026171
0,09664895
0,0970952
0,09750754
0,09801575
0,09865765
0,100125
0,1016464
0,1031543
0,1043921
0,09915124
0,1002007
0,101233
0,1024456
0,09731441
0,09871192
0,1007529
0,09630881
0,09798958
0,09900926
0,100077
0,0944456
0,09591774
0,09738951
0,09859953
0,09932648
0,1006885
0,09459147
0,09462254
0,09135263
0,08838555
0,08985163
0,09124605
0,09342612
0,09573734
0,08880636
0,09133185
0,1040988
0,1065213
0,0990814
0,1009512
0,1023793
0,1037891
0,1052265
0,1071294
0,1086259
0,1089515
0,1092485
0,1096199
0,1012186
0,1013638
0,1016355
0,1018283
0,102032
0,1029867
0,1039031
0,0946993
0,09670274
0,08820673
0,1036019
0,09130677
0,0953417
0,09434702
0,08656319
0,08418728
0,08826856
0,0865537
0,08447655
0,08041587
0,09228209
0,08616375
0,08132248
0,1002953
0,09540908
0,09934098
0,1004497
0,1029729
0,1122473
0,1089252
0,111037
0,1142367
0,1174143
0,1097277
0,1109537
0,1113208
0,1125949
0,1099992
0,1104561
0,1105042
0,1104334
0,1103798
0,1103322
0,1103688
0,1103793
0,1103184
0,1102546
0,110266
0,110261
0,1102256
0,1101927
0,1101547
0,110181
0,1103445
0,1141645
0,114731
0,1163759
0,1091162
0,1104928
0,1135148
0,11541
0,1181087
0,1125006
0,1173768
0,1124672
0,1159837
0,1097479
0,1142937
0,1093508
0,1133674
0,1071138
0,1142261
0,09118597
0,09429426
0,09093583
0,09415609
0,08920085
0,08751976
0,08213739
0,07791868
0,1103032
0,1178015
0,1146557
0,1098699
0,1120678
0,1141416
0,1079424
0,1116256
0,1159685
0,1129509
0,113734
0,1171106
0,1148048
0,1116027
0,1152173
0,1172474
0,1173459
0,118163
0,1147955
0,110977
0,104922
0,1090398
0,1074515
0,1130661
0,1057299
0,1047348
0,1057311
0,1097964
0,09832978
0,09454983
0,07855627
0,07996917
0,09989244
0,07515068
0,0715429
0,06267133
0,05486605
0,05938052
0,1141632
0,09748755
0,1115376
0,104149
0,1065146
0,1168578
0,1181042
0,1183766
0,1111158
0,1131088
0,1025963
0,1055896
0,1078019
0,1110846
0,1153046
0,1206448
0,1156999
0,1193751
0,1162127
0,1224389
0,1161893
0,12009
0,114425
0,1222519
0,127377
0,1316975
0,1341756
0,1082744
0,09054818
0,08710314
0,0876769
0,08307365
0,09064185
0,1008397
0,1085635
0,1058345
0,10317
0,1009163
0,1074446
0,1027145
0,09888899
0,1067182
0,104356
0,1031908
0,1105829
0,1188663
0,1224639
0,1142404
0,08304565
0,08348774
0,08233694
0,0809788
0,08769488
0,08859746
0,08648302
0,08506972
0,07913321
0,07805648
0,07260571
0,1077731
0,1070874
0,1111325
0,1064569
0,1068857
0,1070752
0,1126083
0,1184234
0,09290408
0,09148079
0,08357517
0,1054413
0,1035413
0,09751709
0,1046759
0,100406
0,1061922
0,1106959
0,1086409
0,1115534
0,1045306
0,1073292
0,09666492
0,09917799
0,1046037
0,1121843
0,1117959
0,1012601
0,1078696
0,1046191
0,1004208
0,07397153
0,08008915
0,07613207
0,08069143
0,1477236
0,137432
0,1336532
0,1302544
0,1351858
0,13221
0,1404004
0,1375486
0,135091
0,128425
0,1257546
0,1233767
0,1256076
0,1222707
0,1275196
0,1250488
0,1228195
0,126982
0,1250275
0,1231568
0,1088727
0,1067887
0,1045862
0,1025502
0,09838722
0,1065299
0,1056988
0,1052617
0,1053925
0,1052235
0,1050495
0,1049628
0,09006787
0,08635738
0,109442
0,1102569
0,1113068
0,09980979
0,1017927
0,1075243
0,1094455
0,09739657
0,0984315
0,09954492
0,1010455
0,1029894
0,1052981
0,108776
0,1037618
0,06338814
0,08059797
0,1113996
0,1155263
0,1066176
0,1024482
0,07008676
0,07260064
0,09739477
0,09201315
0,09218509
0,09519858
0,09447577
0,09316306
0,09515791
0,09401918
0,09290712
0,09189317
0,09075405
0,08913074
0,08712898
0,08524269
0,08962478
0,08616877
0,0858106
0,09119772
0,08797756
0,08313582
0,08538923
0,08925279
0,08721533
0,0796409
0,08374196
0,08773853
0,08624905
0,09034705
0,09306826
0,09284036
0,09119974
0,087403
0,08463431
0,08525172
0,08133815
0,07573314
0,08207636
0,0755441
0,0750791
0,1067415
0,1139494
0,1132693
0,1064528
0,1141526
0,1125014
0,1221149
0,1192859
0,1146585
0,1178043
0,1188613
0,1114262
0,1136464
0,1080969
0,1089596
0,1091128
0,1050373
0,09896851
0,1060659
0,1090411
0,1093865
0,1097783
0,1111891
0,1140656
0,1181114
0,111994
0,1183259
0,08451339
0,08948579
0,1144937
0,1176427
0,1062581
0,09854209
0,09836869
0,0907216
0,09094525
0,09098271
0,09029045
0,08926529
0,08666606
0,08087318
0,0943743
0,0885796
0,08830275
0,08564142
0,09453234
0,08874378
0,09161841
0,09097467
0,09041996
0,08897863
0,08754679
0,08521963
0,08235455
0,09774838
0,0904616
0,09241562
0,0893572
0,08935718
0,0893572
0,07198342
0,08296537
0,08487335
0,08543277
0,0757943
0,09449965
0,1016969
0,09417435
0,09412522
0,0935249
0,09322494
0,09322495
0,09322495
0,09322493
0,09322495
0,09322495
0,09322497
0,09322497
0,09322497
0,09322497
0,09322497
0,09322497
0,09322497
0,09322499
0,09322497
0,09322496
0,09322496
0,09322496
0,09322496
0,09322496
0,09322496
0,09322498
0,09322495
0,09322495
0,09322495
0,09322495
0,09322495
0,09322495
0,09322495
0,09322495
0,09322495
0,09322495
0,09322495
0,09322496
0,09322497
0,09322497
0,09322497
0,09322497
0,09322497
0,09322494
0,09322496
0,09322496
0,09322496
0,09322497
0,09322494
0,09322496
0,09229469
0,09112606
0,1126308
0,111477
0,1198145
0,1121929
0,1037311
0,1099112
0,1052055
0,0959217
0,09567171
0,09655481
0,09674747
0,09672509
0,09680957
0,09693819
0,09688289
0,09670798
0,09640391
0,09622324
0,0961908
0,09620704
0,09626851
0,09613916
0,09630078
0,09661085
0,09709278
0,09745996
0,09755276
0,09771745
0,09747934
0,09705132
0,09666898
0,09636629
0,09584043
0,09553073
0,1078444
0,1073885
0,1125615
0,112453
0,1125638
0,111962
0,1110165
0,1106005
0,1108273
0,1041175
0,0874467
0,09506588
0,09294697
0,09186306
0,0888113
0,08614728
0,08493487
0,09382802
0,09103366
0,08399129
0,08333661
0,08521354
0,08521353
0,08521354
0,08521354
0,08521354
0,08521354
0,08521354
0,08521353
0,08521353
0,08521354
0,08521354
0,08521354
0,08521354
0,08521354
0,08521355
0,08521355
0,08521354
0,08521353
0,08521353
0,08521353
0,08521353
0,08521353
0,08521353
0,08521353
0,08521353
0,08521353
0,08521353
0,08521353
0,08521353
0,08521352
0,08521352
0,08521352
0,08521352
0,08521352
0,08521352
0,08521352
0,08521352
0,08521351
0,08521351
0,08521351
0,08521351
0,08521351
0,0852135
0,08521351
0,08521351
0,08521351
0,0852135
0,08521351
0,06562211
0,07978331
0,07566922
0,07528315
0,09498819
0,08134414
0,09427426
0,09634075
0,1012395
0,1061168
0,1020288
0,1007333
0,1002509
0,100053
0,0999902
0,09998932
0,100059
0,1002321
0,1106497
0,1132409
0,09894372
0,1001184
0,1011423
0,1011757
0,1093573
0,1006495
0,1003563
0,09914439
0,09870535
0,09761798
0,09643808
0,0947189
0,09361977
0,08688992
0,09023371
0,08904199
0,08962189
0,086814
0,09339791
0,09017223
0,08982961
0,1019218
0,09975909
0,09979476
0,09997051
0,1004203
0,1008038
0,09878001
0,1001621
0,1080256
0,1049539
0,104891
0,1048034
0,1047563
0,1047048
0,1037231
0,09961733
0,09589288
0,100177
0,09483937
0,101202
0,09726283
0,0910502
0,09418653
0,09008459
0,0979473
0,08767161
0,1015213
0,0995621
0,09706492
0,1014962
0,09738864
0,09176063
0,0957626
0,09349596
0,09851933
0,09294397
0,0934718
0,09657127
0,1054967
0,09360108
0,09360108
0,09360108
0,09360108
0,09360108
0,09360108
0,09360108
0,09360108
0,09360108
0,09360108
0,09360108
0,09360108
0,09360108
0,09360108
0,09360108
0,09360109
0,09360108
0,09360109
0,09360109
0,09360109
0,09360109
0,09360109
0,09360106
0,09360109
0,09360109
0,09360109
0,09360109
0,09360109
0,09360109
0,09360109
0,09360109
0,09360109
0,09360109
0,09360109
0,09360109
0,09360109
0,09360109
0,0936011
0,09293837
0,08958363
0,09624472
0,08945023
0,1100614
0,1115639
0,1119972
0,1130766
0,1135673
0,1144577
0,114901
0,1151509
0,1077213
0,1173344
0,1170396
0,1265169
0,1122172
0,1113283
0,1152468
0,1198828
0,1181885
0,1031271
0,102463
0,1153685
0,1150645
0,1149621
0,1145626
0,1135638
0,1130305
0,1124466
0,1117721
0,1110741
0,1103263
0,1095353
0,1088021
0,1080653
0,1073386
0,1066117
0,1054303
0,1048109
0,1042497
0,1036804
0,1032175
0,1141679
0,1137975
0,1137194
0,1137036
0,1023966
0,08015664
0,07968817
0,07833739
0,07719137
0,07604265
0,1067627
0,1062114
0,09690749
0,09751134
0,09819711
0,09899849
0,09973922
0,1004972
0,102009
0,1028518
0,1043714
0,100343
0,1015076
0,09490434
0,09561388
0,09930027
0,104599
0,1148619
0,1072539
0,1081862
0,09613279
0,09595869
0,09570076
0,0954398
0,09534703
0,09450277
0,09337043
0,09205063
0,102035
0,1013386
0,1004311
0,09946524
0,09850214
0,0944657
0,0935933
0,09259805
0,07648291
0,1036299
0,1129194
0,1128891
0,1064918
0,1064207
0,1134771
0,1144725
0,118963
0,1077024
0,110954
timeStamps
7,064848
7,079868
7,092732
7,106444
7,120698
7,134239
7,14818
7,162323
7,176046
7,190055
7,204167
7,218148
7,232007
7,245765
7,260004
7,273636
7,287647
7,301876
7,316322
7,329355
7,343405
7,357026
7,371184
7,385362
7,399665
7,413069
7,427505
7,443041
7,457045
7,481815
7,495852
7,510106
7,525233
7,53927
7,552973
7,567759
7,592983
7,607053
7,621852
7,635285
7,649304
7,664077
7,678591
7,692666
7,718764
7,732917
7,74727
7,760868
7,775317
7,788467
7,802457
7,81679
7,830852
7,844709
7,858876
7,872389
7,886497
7,901222
7,915053
7,928939
7,943668
7,957605
7,983178
7,997543
8,011651
8,026847
8,041074
8,066916
8,082407
8,096675
8,111083
8,136006
8,150468
8,165936
8,192015
8,207319
8,222215
8,247608
8,262527
8,277093
8,30396
8,319864
8,345374
8,361349
8,386977
8,403111
8,428764
8,444589
8,470551
8,485549
8,512454
8,528921
8,55415
8,569372
8,58462
8,609728
8,625228
8,651543
8,666972
8,693654
8,721642
8,737967
8,763324
8,791834
8,818933
8,834914
8,860348
8,876175
8,902242
8,918674
8,944585
8,97233
8,999923
9,015985
9,041763
9,069858
9,097974
9,125642
9,1535
9,169871
9,194757
9,222959
9,250765
9,267176
9,292309
9,320338
9,348481
9,37621
9,404073
9,432641
9,459944
9,487559
9,515429
9,54366
9,571487
9,599228
9,626958
9,654793
9,682876
9,710398
9,738463
9,766112
9,794235
9,821853
9,849746
9,877729
9,905333
9,93313
9,961135
9,989381
10,01675
10,04457
10,07281
10,10044
10,12862
10,15614
10,18383
10,21163
10,2398
10,26723
10,29526
10,32307
10,35133
10,37877
10,40694
10,43468
10,46242
10,49021
10,51799
10,54621
10,57352
10,60168
10,62928
10,65736
10,68516
10,71282
10,74089
10,76888
10,79661
10,82448
10,85216
10,88012
10,90794
10,93576
10,96353
10,99159
11,01934
11,04702
11,07499
11,10293
11,13061
11,15868
11,1864
11,21421
11,24202
11,26962
11,29773
11,32545
11,35331
11,38123
11,40898
11,43684
11,46467
11,49238
11,52039
11,54835
11,57628
11,60412
11,63165
11,65955
11,68764
11,71508
11,74322
11,77121
11,79867
11,82653
11,85453
11,88258
11,91038
11,93789
11,9662
11,99368
12,02148
12,04943
12,07722
12,10518
12,13289
12,16086
12,18858
12,21682
12,24451
12,27221
12,29993
12,32786
12,35598
12,38354
12,41137
12,43914
12,46709
12,49491
12,52267
12,55056
12,57835
12,60623
12,63417
12,66191
12,68996
12,71809
12,7458
12,77327
12,80111
12,82892
12,85675
12,88472
12,91256
12,94018
12,96809
12,99608
13,02383
13,0516
13,0797
13,10753
13,13552
13,16323
13,19087
13,21864
13,24662
13,27442
13,30243
13,3305
13,35808
13,38585
13,41385
13,44164
13,46964
13,49717
13,52502
13,55284
13,58108
13,6086
13,63675
13,66438
13,69217
13,72005
13,74831
13,77553
13,792
13,81925
13,83445
13,86213
13,87849
13,89423
13,90972
13,92492
13,95211
13,96724
13,98353
14,00967
14,02643
14,05181
14,06862
14,09417
14,1091
14,13627
14,15052
14,16492
14,18001
14,1943
14,22051
14,23438
14,24845
14,2631
14,27692
14,2907
14,30421
14,31779
14,33219
14,34602
14,36025
14,37416
14,38775
14,40191
14,41625
14,42957
14,44376
14,45745
14,47136
14,48604
14,49974
14,51316
14,52737
14,541
14,55523
14,56889
14,58306
14,59703
14,61075
14,6247
14,63891
14,65269
14,66648
14,68039
14,6945
14,70818
14,72239
14,73624
14,75004
14,76411
14,77825
14,79181
14,80594
14,81981
14,83378
14,84764
14,86179
14,87528
14,88944
14,90326
14,91723
14,93122
14,94553
14,95898
14,97282
14,98717
15,00143
15,01511
15,02876
15,04303
15,05655
15,0708
15,08446
15,09823
15,11242
15,12599
15,14003
15,15357
15,1677
15,18186
15,19543
15,20937
15,22355
15,23737
15,25119
15,26509
15,27903
15,2933
15,30707
15,32117
15,33512
15,34886
15,36251
15,37667
15,39053
15,40456
15,41835
15,43239
15,4463
15,46023
15,47412
15,48838
15,502
15,51572
15,52972
15,54384
15,55758
15,57166
15,586
15,59931
15,61337
15,62707
15,64168
15,65485
15,6692
15,68275
15,6968
15,71094
15,72476
15,73854
15,75286
15,76669
15,78065
15,79416
15,80836
15,82206
15,83604
15,85014
15,86384
15,87822
15,89176
15,90565
15,91976
15,93346
15,94735
15,96151
15,97525
15,98941
16,00333
16,01736
16,03092
16,04496
16,05894
16,0729
16,08686
16,10067
16,11448
16,1286
16,1425
16,1563
16,17028
16,18396
16,19795
16,21196
16,22601
16,24003
16,25376
16,26764
16,28157
16,29578
16,30965
16,32333
16,33747
16,35109
16,36543
16,37934
16,39284
16,40692
16,42107
16,4346
16,44862
16,46275
16,47642
16,49073
16,50471
16,51866
16,53214
16,5463
16,56011
16,57384
16,58785
16,60168
16,61591
16,6295
16,64371
16,65757
16,67174
16,68539
16,69965
16,71294
16,72699
16,74119
16,75481
16,76905
16,78287
16,7966
16,81085
16,82491
16,83845
16,85236
16,86647
16,8801
16,89412
16,90803
16,9222
16,93584
16,95006
16,96399
16,97765
16,99177
17,00566
17,01947
17,03348
17,04733
17,06127
17,07527
17,08913
17,10316
17,11688
17,13097
17,14502
17,15878
17,17264
17,18672
17,20064
17,21459
17,22865
17,24208
17,25618
17,2704
17,28424
17,29814
17,31164
17,32565
17,33993
17,35347
17,36744
17,38166
17,39582
17,40928
17,42354
17,43759
17,45105
17,46507
17,47886
17,49276
17,50665
17,52073
17,53452
17,54846
17,56274
17,57626
17,59058
17,60477
17,61871
17,63205
17,64607
17,65987
17,67373
17,6875
17,70179
17,71557
17,72985
17,74334
17,75769
17,77199
17,78497
17,79938
17,81281
17,82705
17,84115
17,85564
17,86961
17,88277
17,89638
17,91048
17,92419
17,93838
17,95237
17,96592
17,98013
17,99496
18,00852
18,02295
18,04921
18,06318
18,07724
18,09147
18,10551
18,11949
18,13474
18,14861
18,16275
18,18807
18,20219
18,21628
18,23086
18,24497
18,25897
18,27282
18,28679
18,31378
18,32823
18,34378
18,36944
18,38485
18,39952
18,42469
18,44065
18,46669
18,48263
18,50831
18,52389
18,55028
18,56606
18,59197
18,60744
18,63409
18,65026
18,67563
18,70378
18,71951
18,74536
18,76151
18,78665
18,80225
18,82888
18,84454
18,87035
18,88676
18,91232
18,94053
18,95664
18,98198
19,01018
19,0376
19,06608
19,09357
19,10939
19,13534
19,15045
19,17709
19,19289
19,21898
19,24656
19,27444
19,2903
19,3161
19,33229
19,35796
19,386
19,41402
19,44179
19,46978
19,49743
19,52584
19,5531
19,58123
19,60903
19,63704
19,6647
19,6929
19,72037
19,74827
19,77606
19,80377
19,83167
19,85963
19,88784
19,91555
19,94346
19,97104
19,99869
20,02679
20,05465
20,0824
20,11031
20,13825
20,16593
20,19418
20,22146
20,24947
20,27737
20,30522
20,33282
20,36076
20,38877
20,41642
20,4449
20,4725
20,50019
20,52769
20,55572
20,58353
20,61141
20,63914
20,667
20,69502
20,72275
20,75087
20,7785
20,80633
20,83444
20,86214
20,88997
20,91756
20,94559
20,97339
21,00152
21,02905
21,05703
21,08486
21,11265
21,14069
21,16834
21,19618
21,22415
21,25202
21,27965
21,30753
21,33526
21,36325
21,39127
21,41879
21,44678
21,47483
21,50231
21,53016
21,55813
21,58586
21,61389
21,64161
21,66939
21,69727
21,7253
21,75288
21,78094
21,80868
21,83685
21,86418
21,89224
21,91991
21,94814
21,97569
22,00355
22,03129
22,05925
22,08761
22,11528
22,143
22,17046
22,19848
22,22631
22,25426
22,282
22,30979
22,33783
22,3659
22,39326
22,40932
22,43506
22,46296
22,49095
22,50677
22,53219
22,54766
22,57358
22,58808
22,60213
22,61643
22,6309
22,64482
22,6584
22,6721
22,6855
22,69879
22,71258
22,72668
22,74081
22,75545
22,76892
22,78328
22,79766
22,8104
22,82469
22,8387
22,85254
22,86671
22,88054
22,89442
22,90817
22,92211
22,93612
22,9499
22,96385
22,97814
22,99198
23,00575
23,02004
23,0337
23,04762
23,06155
23,07569
23,08929
23,10363
23,11725
23,13109
23,14502
23,15921
23,17285
23,18687
23,20083
23,21479
23,22847
23,24268
23,25715
23,27039
23,28434
23,29835
23,31202
23,32628
23,34092
23,35453
23,36827
23,38181
23,39553
23,4096
23,42333
23,43788
23,45185
23,46582
23,48055
23,49449
23,52073
23,53457
23,54974
23,56358
23,57738
23,59128
23,60474
23,61835
23,63178
23,64573
23,65989
23,67343
23,68762
23,70137
23,71538
23,72971
23,74352
23,75747
23,7716
23,78552
23,79906
23,81338
23,82736
23,84097
23,85504
23,86895
23,88304
23,89743
23,9106
23,92469
23,93911
23,95241
23,96646
23,98035
23,99453
24,00836
24,02262
24,03677
24,05018
24,06545
24,09147
24,10597
24,12122
24,14695
24,16152
24,17626
24,19034
24,20471
24,23074
24,24619
24,27224
24,2882
24,31402
24,32994
24,35567
24,37133
24,39713
24,41236
24,43949
24,46726
24,48322
24,50892
24,53687
24,55276
24,57905
24,60671
24,63489
24,66252
24,69055
24,71818
24,74632
24,77377
24,80173
24,82983
24,85773
24,88533
24,91326
24,94126
24,96912
24,99681
25,02481
25,05254
25,08037
25,10859
25,13661
25,16409
25,19201
25,22
25,24771
25,27538
25,30311
25,33051
25,35864
25,3863
25,41426
25,44243
25,47022
25,49826
25,52556
25,55387
25,58157
25,6097
25,63721
25,66501
25,69275
25,72076
25,74863
25,77642
25,80436
25,83215
25,86034
25,88759
25,91562
25,94341
25,97166
25,99915
26,02703
26,05474
26,08265
26,11091
26,13843
26,16627
26,19415
26,22196
26,24976
26,27779
26,30554
26,33331
26,36106
26,38907
26,41685
26,44483
26,47255
26,50036
26,52813
26,55623
26,58414
26,6119
26,63944
26,66737
26,69527
26,72347
26,75116
26,77887
26,80702
26,83433
26,86245
26,89031
26,91845
26,94592
26,97357
27,00163
27,02977
27,05717
27,08518
27,11294
27,14119
27,16864
27,19649
27,22431
27,25256
27,27983
27,30779
27,3357
27,364
27,39158
27,41942
27,44692
27,47507
27,50268
27,53045
27,55857
27,5867
27,61421
27,64213
27,66981
27,69789
27,72559
27,75325
27,78118
27,80921
27,837
27,86471
28,03222
28,05965
28,08799
28,11534
28,14324
28,17121
28,19923
28,22675
28,25509
28,28252
28,31027
28,33832
28,36663
28,3937
28,42197
28,44942
28,47746
28,50519
28,53369
28,56097
28,58909
28,61681
28,64457
28,67283
28,70084
28,7283
28,75577
28,78382
28,81166
28,83928
28,86745
28,89502
28,92317
28,95076
28,97868
29,0065
29,03442
29,06242
29,09019
29,11801
29,14596
29,17374
29,20167
29,22941
29,25756
29,28478
29,31267
29,34087
29,36858
29,39627
29,4244
29,45203
29,48011
29,5077
29,53572
29,56324
29,5915
29,61909
29,64714
29,67468
29,70285
29,73063
29,75861
29,7861
29,81407
29,84193
29,87019
29,89765
29,92557
29,95326
29,98094
30,00879
30,03717
30,06458
30,09244
30,12033
30,14845
30,17621
30,20389
30,2316
30,25974
30,28736
30,31513
30,34311
30,37138
30,39888
30,42659
30,45427
30,48252
30,51008
30,53795
30,56579
30,59401
30,62147
30,64937
30,67712
30,70518
30,73278
30,76141
30,78888
30,81635
30,8445
30,87237
30,89979
30,92777
30,95579
30,98391
31,01103
31,03911
31,06689
31,09506
31,12264
31,1507
31,17854
31,2067
31,234
31,26238
31,2895
31,31754
31,34537
31,37337
31,4012
31,42949
31,45666
31,48462
31,51264
31,54088
31,56826
31,59656
31,62398
31,65182
31,67959
31,70763
31,7353
31,76318
31,79088
31,81936
31,84668
31,87445
31,90256
31,9306
31,9581
31,98636
32,01367
32,04186
32,06945
32,09715
32,12507
32,15291
32,18068
32,20919
32,23631
32,26463
32,29202
32,32018
32,34792
32,37582
32,40343
32,43132
32,45945
32,48707
32,51476
32,54319
32,57056
32,59855
32,62628
32,65415
32,68198
32,71037
32,73757
32,76559
32,79346
32,82117
32,84905
32,87724
32,90478
32,93243
32,96047
32,98842
33,01624
33,04406
33,07166
33,09988
33,12752
33,15579
33,18302
33,2114
33,23871
33,26689
33,2945
33,32244
33,35029
33,37847
33,40574
33,43398
33,46171
33,48988
33,51731
33,54525
33,57297
33,6011
33,62854
33,65681
33,68414
33,71256
33,74011
33,76773
33,79568
33,82376
33,85135
33,87969
33,90717
33,93508
33,96262
33,99056
34,01847
34,04659
34,07432
34,10243
34,12968
34,15763
34,17411
34,2014
34,2294
34,25595
34,27126
34,29724
34,31243
34,33925
34,36669
34,38179
34,40839
34,43593
34,45166
34,47738
34,49197
34,51949
34,5354
34,56139
34,58918
34,60358
34,63046
34,6445
34,65974
34,67396
34,68815
34,71382
34,72773
34,74199
34,75609
34,76971
34,78413
34,79904
34,81234
34,82634
34,84079
34,85538
34,88086
34,89508
34,90911
34,92468
34,93855
34,95267
34,9781
34,99198
35,00712
35,0216
35,03574
35,04991
35,07543
35,09095
35,10461
35,13132
35,14549
35,15951
35,17328
35,18755
35,20295
35,217
35,23124
35,25745
35,27242
35,29875
35,31398
35,32856
35,3545
35,37062
35,39608
35,41193
35,43779
35,45248
35,46671
35,48067
35,4944
35,50852
35,52231
35,53681
35,55023
35,56377
35,57801
35,59109
35,60496
35,61956
35,63266
35,64639
35,66074
35,67428
35,68863
35,70227
35,71653
35,73017
35,74417
35,75861
35,77299
35,78719
35,80225
35,8278
35,8425
35,85738
