participantNumber
3
repetitionNum
1
sdfEnabled
1
taskTime
26,46099
numHits
26
positionDifference
0,1410759
angleDifference
83,74274
finalPosX
-0,09449361
finalPosY
-0,07770296
finalPosZ
0,9352176
finalRotX
312,4533
finalRotY
40,64106
finalRotZ
279,2936
taskType
complexWire
velocityMagnitude
0,4540447
0,4540447
1,151513
0,6062339
0,5465964
0,5465964
0,8631158
0,3924926
0,3924926
0,9077157
0,6636478
0,6636478
0,8972166
0,2924197
0,2924197
0,7118792
0,4088084
0,3456707
0,3456707
0,62156
0,4519019
0,4519019
0,7116872
0,5079075
0,4229347
0,4229347
0,3792506
0,3033783
0,3033783
0,6156405
0,6013325
0,6481662
0,175033
0,03780385
0,4043688
0,3755579
0,02611112
0,05818315
0,07142144
0,3305301
0,187354
0,0681003
0,0744492
0,1056698
0,0896141
0,1776587
0,2148186
0,3360594
0,2936721
0,1351395
0,2091817
0,1498087
0,5612427
0,05710639
0,1802707
0,1075616
0,296772
0,06974412
0,3119554
0,4221167
0,1094671
0,1923758
0,06465508
0,1853547
0,2386893
0,06885415
0,1308521
0,1983414
0,18546
0,06494747
0,1163719
0,1650674
0,09995322
0,1240767
0,1182018
0,3126511
0,2791749
0,1207892
0,1299903
0,09651858
0,09549539
0,05908391
0,08118007
0,2559888
0,181234
0,3105386
0,1739112
0,2207991
0,3442013
0,183397
0,1282603
0,1491063
0,1953572
0,2090081
0,1305736
0,1498858
0,1727393
0,1588556
0,1539974
0,1366795
0,1625477
0,1452725
0,1210217
0,1415876
0,1352511
0,1070227
0,1371484
0,161409
0,1410545
0,0894591
0,07140476
0,07575789
0,07619674
0,08110873
0,08210939
0,06036218
0,07354728
0,08889846
0,09644767
0,09775256
0,1011184
0,1160552
0,1345558
0,1413964
0,148917
0,1789725
0,1840867
0,1990374
0,2048789
0,2155223
0,2139872
0,2851014
0,1528045
0,3461893
0,1601655
0,1514302
0,2576453
0,2218341
0,4138128
0,2857791
0,3558173
0,2582998
0,2394597
0,2997428
0,243148
0,156491
0,1199738
0,08986994
0,06306231
0,02614679
0,04145027
0,05593908
0,07296871
0,1095377
0,077676
0,05799809
0,07954432
0,06774432
0,01896088
0,04552997
0,09110969
0,1448678
0,1917473
0,1656938
0,2342253
0,1992999
0,3545127
0,5596933
0,4376391
0,4185744
0,3128734
0,312663
0,3745756
0,167085
0,1524844
0,1994017
0,1462593
0,1760265
0,1143372
0,09411748
0,05868316
0,02002021
0,06775063
0,1053219
0,1443119
0,1569652
0,1166698
0,3963932
0,2138828
0,215811
0,08197985
0,05043705
0,0823751
0,04517922
0,0798322
0,08372571
0,05650803
0,08295789
0,1082754
0,06202397
0,08921104
0,1105077
0,144879
0,1899587
0,08063631
0,09782233
0,05068482
0,05130053
0,0911004
0,05354992
0,08428436
0,01212395
0,02654559
0,0791435
0,06897796
0,0157766
0,148111
0,02560659
0,1183966
0,03553719
0,04316322
0,06659444
0,02878807
0,02051345
0,03210349
0,01288546
0,04749394
0,03143191
0,0619585
0,05715376
0,01450916
0,03502627
0,01398167
0,01380687
0,02268507
0,07460633
0,3460507
0,1382546
0,1263478
0,06624603
0,8237095
0,4027517
0,1275829
0,1449577
0,06006098
0,0813091
0,06839149
0,01872628
0,144925
0,01990266
0,02211281
0,03548833
0,09817632
0,02879292
0,03478139
0,02070416
0,03057543
0,02508297
0,03791498
0,03128948
0,02552041
0,02123356
0,01311231
0,0226914
0,03805804
0,02891069
0,03624354
0,03396657
0,06265635
0,09710367
0,07192258
0,09305055
0,07372274
0,09305289
0,09698232
0,199442
0,1853849
0,1615222
0,1870768
0,08702847
0,00969254
0,04138304
0,03192374
0,02592793
0,053562
0,03879737
0,09227544
0,1642289
0,2048041
0,2958633
0,4587236
0,1839355
0,1489959
0,116263
0,04638338
0,0212581
0,04684301
0,06006094
0,06984273
0,06777858
0,3525397
0,5467487
0,7420061
1,133498
1,329445
1,525456
1,68304
1,472242
1,366447
1,387854
1,387854
1,346672
1,471777
1,471777
1,611123
1,761334
1,761334
0,5881525
0,7687135
0,9554613
0,9554613
0,6973697
0,737076
0,737076
0,8325528
0,9591644
0,9591644
1,234161
0,9294785
0,9694973
0,9694973
0,9968694
0,6500628
0,6500628
0,5585443
0,4330537
0,4330537
0,2966414
0,2143709
0,2073158
0,2073158
0,2874771
0,4035785
0,4035785
0,2052586
0,3014741
0,3014741
0,3791265
0,4551221
0,4551221
0,5227082
0,5795659
0,6235315
0,6235315
0,5166672
0,4893518
0,4893518
0,4463055
0,4053352
0,4053352
0,3599692
0,3158105
0,2776508
0,2776508
0,25129
0,2421308
0,2421308
0,2521541
0,2760146
0,2760146
0,3089715
0,3464848
0,3843713
0,3843713
0,4140119
0,3566577
0,3566577
0,3326401
0,3068879
0,3068879
0,2841529
0,2662227
0,2662227
0,2554155
0,2544667
0,2649641
0,2649641
0,2852926
0,3121661
0,3121661
0,3426118
0,3704654
0,3704654
0,3957657
0,4192696
0,4192696
0,4332248
0,02644937
0,02220359
0,02220359
0,03273138
0,03721927
0,03721927
0,06840698
0,07976943
0,07976943
0,06707491
0,06723153
0,08132142
0,08132142
0,1165567
0,09062601
0,09062601
0,07817798
0,06706815
0,06706815
0,1146723
0,1925282
0,1830637
0,1830637
0,2251169
0,1095584
0,1095584
0,1161065
0,09862781
0,09862781
0,1407827
0,1127835
0,1127835
0,1877749
0,1708356
0,2436548
0,2436548
0,3449376
0,3211711
0,3211711
0,3099223
0,2871173
0,2871173
0,3608031
0,409822
0,3777839
0,3777839
0,512908
0,4080476
0,4080476
0,2940908
0,1954486
0,1954486
0,3413624
0,3335915
0,3335915
0,2770468
0,2161374
0,08814979
0,08814979
0,2593844
0,2401897
0,2401897
0,1407164
0,1774478
0,1774478
0,282273
0,3032533
0,3525001
0,3525001
0,4183418
0,2714853
0,2714853
0,2910199
0,2524812
0,2524812
0,3486235
0,1070074
0,1070074
0,128698
0,1270672
0,1495103
0,1495103
0,4337737
0,2140894
0,2140894
0,2868063
0,1624525
0,1624525
0,05012668
0,04388918
0,01487751
0,01487751
0,1675064
0,2526949
0,2526949
0,1241325
0,1994071
0,1994071
0,3369427
0,2821974
0,2737
0,2737
0,3432044
0,2709717
0,2709717
0,553106
0,4201393
0,4201393
0,2814407
0,2188398
0,2188398
0,2625032
0,2273243
0,2145101
0,2145101
0,2849011
0,2005042
0,2005042
0,2080295
0,1635633
0,1635633
0,3513082
0,271869
0,188711
0,188711
0,1735122
0,05395153
0,05395153
0,2686974
0,2301441
0,2301441
0,2695291
0,2329866
0,2329866
0,2592646
0,1371749
0,1443079
0,1443079
0,2707132
0,1918215
0,1918215
0,3121004
0,2782111
0,2782111
0,3074649
0,1743509
0,1603731
0,1603731
0,09894755
0,08929466
0,08929466
0,1263055
0,2484228
0,2484228
0,09795613
0,07438792
0,07438792
0,09075747
0,03352662
0,02692071
0,02692071
0,09316351
0,1114398
0,1114398
0,177691
0,09672424
0,09672424
0,1442021
0,1528569
0,1810939
0,1810939
0,09138489
0,03744178
0,03744178
0,31452
0,24507
0,24507
0,1684451
0,1832875
0,1832875
0,3015711
0,2265206
0,101392
0,101392
0,2080781
0,1727431
0,1727431
0,255363
0,2795603
0,2795603
0,3464473
0,1896922
0,1170617
0,1170617
0,2150677
0,1772942
0,1772942
0,4233912
0,2896293
0,2896293
0,28927
0,1748083
0,2090981
0,2090981
0,5102161
0,5379768
0,5379768
0,5067865
0,2556912
0,3356882
0,1944935
0,3192341
0,4495919
0,3637407
0,312337
0,1802846
0,1717274
0,1283026
0,08520373
0,04490811
0,04490811
0,07670452
0,07670452
0,04586546
0,04586546
0,09070825
0,16249
0,1384164
0,07878084
0,07620041
0,09507513
0,116069
0,1413487
0,1541586
0,1376421
0,24905
0,2020225
0,2757893
0,2888093
0,2729858
0,2654474
0,1627553
0,08811104
0,1079655
0,1079324
0,105134
0,1293046
0,1409043
0,132457
0,1186415
0,3206848
0,2758044
0,2682248
0,4618955
0,394328
0,2671452
0,1049854
0,02494846
0,03482079
0,03845391
0,03662948
0,0290185
0,04454438
0,0537968
0,08677242
0,08991129
0,0705444
0,08551149
0,08964039
0,07725131
0,06987769
0,09409886
0,09865712
0,1163291
0,1620041
0,4068524
0,4015884
0,5230067
0,858671
0,3392363
0,04191225
0,05248225
0,01443984
0,03789608
0,02546052
0,0090795
0,02405092
0,01987703
0,1537444
0,303517
0,5270146
0,2520875
0,2964164
0,3515771
0,4120583
0,3789933
0,4792594
0,3807846
0,3105853
0,2699815
0,1683657
0,2075325
0,2310828
0,1749488
0,2937104
0,2212592
0,2011026
0,2079124
0,1382361
0,1871986
0,2393229
0,2951873
0,4010181
0,2799364
0,3592775
0,2474185
0,2623055
0,2107957
0,1213223
0,1700897
0,1456438
0,158105
0,1998742
0,1648141
0,2017646
0,1532643
0,2576024
0,352124
0,2032059
0,2883768
0,4063359
0,2923199
0,5204905
0,1808889
0,160643
0,1683067
0,1229899
0,2792864
0,1413208
0,1694437
0,2293579
0,1699977
0,1919721
0,1693783
0,2270457
0,335765
0,2112094
0,2057862
0,122943
0,2068991
0,2604074
0,08215546
0,1650865
0,1057368
0,3083108
0,2863733
0,1359683
0,3347009
0,3868682
0,2206817
0,2708157
0,3019962
0,4831938
0,5564263
0,5265505
0,759142
0,6534035
0,9326769
0,9510601
0,7716624
0,8428262
0,3423178
0,2647324
0,2649796
0,2577017
0,4081677
0,3398902
0,3481661
0,4491602
0,4776374
0,7303256
0,5662941
0,266489
0,1710567
0,1069786
0,1091493
0,1372399
0,1372399
0,02657307
0,02657307
0,007048046
0,09847928
0,1636481
0,170608
0,1574623
0,01863865
0,03604467
0,04494533
0,1008383
1,695674
1,553702
1,403407
1,403407
1,891963
1,214933
1,214933
1,17412
0,2303839
0,2303839
0,0511401
0,03986409
0,08120014
0,08120014
0,1567723
0,08329526
0,08329526
0,03739741
0,0564383
0,0564383
0,08285719
0,06990176
0,05330397
0,05330397
0,05070309
0,05506837
0,05506837
0,07415195
0,0830394
0,0830394
0,09884393
0,090953
0,090953
0,08698497
0,09225465
0,1057823
0,1057823
0,1346618
0,3814689
0,3814689
0,3924451
0,4271976
0,4271976
0,8183185
0,923128
0,8924013
0,8924013
0,4747634
0,2198054
0,2198054
0,4588079
0,3603802
0,3603802
0,2589672
0,5110276
0,4200168
0,4200168
0,1823108
0,1739999
0,1739999
0,2498347
0,2449163
0,2449163
0,3938979
0,2585768
0,2585768
0,1660721
0,1660663
0,09210008
0,09210008
0,0950887
0,09944856
0,09944856
0,4251752
0,3523586
0,3523586
0,1671202
0,153182
0,153182
0,5084955
0,1824603
0,1175001
0,1175001
0,2359814
0,1224662
0,1224662
0,2940804
0,1818518
0,1818518
0,2976587
0,1344931
0,08328512
0,08328512
0,1543626
0,1300166
0,1300166
0,0852963
0,1279707
0,1279707
0,1205209
0,1245499
0,09584707
0,09584707
0,09020793
0,1433214
0,1433214
0,2150653
0,1010598
0,1010598
0,1865375
0,1910598
0,1910598
0,3142209
0,1035751
0,1233232
0,1233232
0,1762694
0,1152255
0,1152255
0,0620365
0,0698721
0,0698721
0,1318617
0,1428211
0,1131133
0,1131133
0,1689723
0,1320728
0,1320728
0,1319252
0,09896731
0,09896731
0,1173509
0,1247694
0,1247694
0,2430901
0,211845
0,1698817
0,1698817
0,2402327
0,1925338
0,1925338
0,1815103
0,1881338
0,1881338
0,2054636
0,1941325
0,1604821
0,1604821
0,1970392
0,1267993
0,1267993
0,6840981
0,2731108
0,2731108
0,2017671
0,1650248
0,1650248
0,1871036
0,23339
0,1491305
0,1491305
0,06770238
0,06747718
0,06747718
0,1155811
0,1271617
0,1271617
0,09258101
0,09085533
0,0898983
0,0898983
0,1445149
0,1372953
0,1372953
0,1331879
0,1098119
0,1098119
0,2197126
0,1859674
0,1859674
0,1463423
0,1197095
0,1800191
0,1800191
0,4084329
0,2609871
0,2609871
0,1666895
0,06929337
0,1336419
0,225797
0,1869472
0,1869472
0,1009528
0,1064429
0,1064429
0,07391515
0,09686044
0,09686044
0,1490174
0,1490174
0,1605849
0,1333022
0,1289791
0,1289791
0,1570206
0,1017391
0,1017391
0,05206591
0,01990468
0,02263854
0,02263854
0,04031051
0,07894352
0,07894352
0,1265721
0,132827
0,132827
0,1997939
0,1744893
0,1744893
0,2150169
0,2003564
0,1463165
0,1463165
0,1061041
0,1061041
0,1909643
0,1698916
0,09812727
0,04262438
0,04262438
0,05330737
0,05034387
0,1092895
0,1631315
0,2158748
0,2158748
0,5830478
0,6395932
0,9533568
1,183616
1,183616
2,262132
0,8762563
0,2709296
0,2709296
0,03420698
0,141765
0,141765
0,1347513
0,0398044
0,03705415
0,03705415
0,0720451
0,1020115
0,131083
0,1626421
0,1626421
0,122905
0,2291946
0,6436524
0,8431015
0,8340124
1,480591
0,9818604
0,3785286
0,2203463
0,1589657
0,2101511
0,1911779
0,3690823
0,4530977
0,5397607
0,3847072
0,7494401
0,8452762
0,7634804
0,3669591
0,07965568
0,120585
0,1017127
0,1542889
0,1986315
0,2088673
0,3144529
0,3400771
0,4184768
0,6599337
0,3455509
0,4862685
0,262047
0,1332153
0,09960707
0,2143385
0,3026899
0,2128471
0,1737021
0,158446
0,06808379
0,08394425
0,08586669
0,1551167
0,105873
0,2157965
0,2501296
0,1580214
0,2358411
0,2511452
0,1407084
0,1836199
0,2266287
0,4637257
0,3858764
0,1580615
0,3090577
0,2540616
0,08163534
0,0961283
0,10105
0,1456167
0,2350972
0,2904333
0,2397278
0,2223308
0,4454251
0,3707531
0,8093883
0,2944656
0,07312196
0,3180065
0,2869008
0,1188635
0,3316244
0,2788382
0,1823602
0,1547707
0,3657608
0,3831716
0,4429671
0,4329121
0,3702355
0,3373724
0,1845369
0,2279734
0,3398661
0,2329133
0,0859561
0,1356378
0,1476045
0,3327713
0,2868138
0,1652356
0,241057
0,3772205
0,5533524
0,5808011
0,3126366
0,3401127
0,5559305
0,4573105
0,4274598
0,3899767
0,3891851
0,6173537
0,5381791
1,076991
0,6952888
0,7757382
0,3681583
0,2553242
0,4240438
0,4224915
0,4487883
0,7743716
0,6397411
0,7109924
0,6051791
1,096941
1,775077
0,2146614
0,0783959
0,06833141
0,1139637
0,2080625
0,2278309
0,3224949
0,5427948
0,5727603
1,258583
1,235632
1,009229
1,233843
1,399476
1,713059
1,819339
1,935072
2,078854
2,271116
2,486896
2,6695
2,847069
2,996463
3,138804
3,234803
3,31802
3,37186
3,431085
3,477215
3,516595
3,547759
3,565487
3,589367
3,615896
3,647826
3,661564
3,667109
3,641143
3,583323
3,478098
3,304087
3,130599
2,946855
2,763469
2,53872
2,355312
2,147092
1,960002
1,816372
1,673195
1,564097
0,9906697
0,7978468
0,8607472
0,5876533
0,4471678
0,1051975
0,09593938
0,07683137
0,0407065
0,02496447
0,06478334
0,3455372
0,4060558
0,2740119
0,4626985
0,2975348
0,396922
0,409185
0,2834292
0,4410739
0,3746623
0,5055664
0,6314574
0,3703898
0,4819433
0,4638176
0,5150787
0,5150787
0,6696268
0,811056
0,811056
2,453996
velocityComponents
0,04372606
0,4263327
0,1499504
0,04372606
0,4263327
0,1499504
-0,1117571
1,128235
-0,2014369
-0,04968187
0,5999386
-0,07158816
-0,02681809
0,5459368
-0,001174212
-0,02681809
0,5459368
-0,001174212
-0,02419464
0,8560762
0,1073182
-0,0540901
0,3855616
-0,04966855
-0,0540901
0,3855616
-0,04966855
-0,0676306
0,9051659
-0,006982684
-0,1492685
0,5723916
-0,3008574
-0,1492685
0,5723916
-0,3008574
-0,1865594
0,8306347
-0,2832651
-0,08460792
0,2568755
-0,1112015
-0,08460792
0,2568755
-0,1112015
0,0352813
0,655525
0,2753438
0,02622215
0,3749067
0,1608778
-0,002448911
0,331937
0,09643691
-0,002448911
0,331937
0,09643691
-0,1606308
0,5629538
-0,2088483
-0,1214043
0,4087248
-0,1497346
-0,1214043
0,4087248
-0,1497346
0,03913136
0,6148829
0,3562112
0,08249408
0,3409086
0,36735
0,08040504
0,2448684
0,335333
0,08040504
0,2448684
0,335333
0,01377153
0,2834364
0,2516051
-0,06039368
0,2968695
0,01611045
-0,06039368
0,2968695
0,01611045
-0,1518356
0,5791973
-0,143142
-0,07495873
0,5966095
0,006251011
-0,01057164
0,6098431
0,219315
0,01279567
0,08611207
0,1518471
-0,01398274
0,006006833
0,03460538
-0,1643685
0,2633057
-0,2591664
-0,1346282
0,3041845
-0,1743296
-0,009671157
0,02408321
-0,002873738
-0,03634725
0,03277638
-0,03146212
-0,04366275
0,01574504
-0,05428334
-0,1360247
0,2248104
-0,2005185
-0,09401973
0,01567979
-0,1612946
-0,004508812
-0,05863333
0,03434317
0,002811469
-0,06510427
0,03600295
0,004470977
-0,09538205
0,04525916
0,0200131
-0,03659528
0,0793155
0,03921883
0,0812707
0,1530346
0,03320471
0,1638864
0,1348545
-0,008538133
0,3303761
0,0609477
0,0138076
0,2746617
0,1030224
0,03082793
0,08200108
0,1028987
0,05462619
0,08302788
0,1840634
-0,02395904
0,1467892
-0,01793089
-0,003642145
0,5447566
0,1349828
0,01303045
0,03719178
0,0413294
0,05283356
-0,08030292
0,1525044
0,02699599
0,03257527
0,09889168
0,07126419
0,1221386
0,2609161
0,02369385
-0,02095994
0,06215725
0,09099931
-0,01191416
0,2981499
0,1039141
0,1887766
0,3629708
0,03777807
-0,01878387
0,10101
0,03879813
-0,1539315
0,1086658
0,01420852
0,04065725
0,04822225
0,05770664
0,00272935
0,1761217
0,07347306
-0,1013185
0,2032458
0,0185371
0,02768012
0,06025844
0,03016827
0,06503897
0,1094627
0,05246633
0,05495761
0,183211
0,05242383
-0,03489609
0,1744403
0,01368989
0,0262436
0,05781033
0,01521085
0,05347682
0,1022315
0,006840971
0,121207
0,111845
0,01236782
0,05845568
0,08012874
-0,01391861
0,1159199
0,04199831
0,01646406
0,0539697
0,1038647
0,06506189
0,07943071
0,2953108
0,05329901
0,0882391
0,259445
0,01905302
0,05365635
0,1065271
0,02090665
0,03056942
0,124603
0,01641042
0,02170028
0,09260471
0,009033171
0,0338886
0,08882192
-0,001048421
0,002999327
0,05899842
0,003413581
0,01953946
0,0787195
0,04080245
0,04275783
0,2490727
0,03294489
0,04518869
0,1723902
0,05611522
0,0959825
0,2899528
0,02808082
0,07399943
0,1548569
0,03719851
0,0863491
0,1997807
0,0512575
0,194378
0,2794
0,03037697
0,09585201
0,1533757
0,01741816
0,07367549
0,1035337
0,03017175
0,05269596
0,1361819
0,03464125
0,08809579
0,1708904
0,03609369
0,1001655
0,1798569
0,02443954
0,0556062
0,115586
0,02826492
0,05607822
0,1360958
0,02422468
0,09712371
0,14078
0,01452195
0,1132858
0,1104108
0,02434462
0,07287452
0,133461
0,0159079
0,08919805
0,1023324
0,00837402
0,1324192
0,0938978
0,01037964
0,1127659
0,09099562
0,00477659
0,1030155
0,06333443
0,003641865
0,1245433
0,06725148
0,002819692
0,1205904
0,06117893
0,0004911103
0,09773128
0,04361431
-0,005714884
0,1318063
0,0374715
-0,0134767
0,1590705
0,02382904
-0,008337036
0,1364696
0,03468294
-0,02447263
0,08384112
0,01935685
-0,02311529
0,06575566
0,01550859
-0,03606459
0,06511123
0,01411136
-0,02828501
0,06664886
0,02374511
-0,03130443
0,07026058
0,02573146
-0,02346895
0,07112945
0,03364167
-0,008107856
0,05204637
0,02947933
-0,03196914
0,05114584
0,04208658
-0,02151313
0,07463412
0,04324199
-0,0233351
0,08155546
0,04589479
-0,0179312
0,08392607
0,04680226
-0,02294287
0,08368012
0,05192496
-0,03819982
0,08925433
0,06358646
-0,02574187
0,1138903
0,06687026
-0,02901482
0,1226502
0,06409389
-0,02394489
0,1221308
0,081774
0,02051212
0,1549814
0,08712731
0,0202195
0,1561058
0,09544658
0,01979795
0,1682986
0,1044008
0,01882285
0,1703518
0,1122557
0,01989567
0,1725942
0,1275353
0,02058368
0,1672301
0,1319126
0,02754637
0,2144895
0,185791
0,01397641
0,1145979
0,1001059
0,03127417
0,2516102
0,2357143
0,01302858
0,1165693
0,1090634
0,01375201
0,1042427
0,1089746
0,02171744
0,1769533
0,1860026
0,01881177
0,1498633
0,1624729
0,03002837
0,2853525
0,2981833
0,02237452
0,190025
0,2122723
0,02865984
0,2317978
0,2684293
0,02268752
0,1596706
0,2017656
0,02375602
0,1396322
0,1930789
0,01696375
0,2065236
0,2165778
0,01252035
0,170608
0,1727921
0,00450895
0,1192914
0,1011863
0,007382922
0,08390865
0,0854315
0,00454363
0,07109039
0,05479158
-0,004555996
0,06190952
0,01110446
0,0004247536
0,0261234
-0,001020799
-0,004489863
-0,001058572
-0,04119278
-0,003665584
-0,01354513
-0,05415047
0,002955188
-0,04779133
-0,05506077
-0,009783145
-0,04501439
-0,0993806
-0,003560113
-0,03897172
-0,06709763
0,001944535
-0,04321646
-0,03863076
0,006565644
-0,0709955
-0,03526798
0,007896819
-0,06448382
-0,01920338
0,005516492
-0,01335248
0,01227985
0,003638086
0,02265753
0,03932402
0,01204283
0,03241946
0,08429071
0,02457018
0,02452169
0,1406473
0,03231435
0,03821619
0,1851009
0,0205276
0,06579255
0,1506798
0,04357286
0,02388049
0,2288943
0,03842571
0,02318654
0,1941811
0,03534284
0,1638181
0,3124
0,06848059
0,2003555
0,5180972
0,06114924
0,1311202
0,4130329
0,062047
0,1006014
0,4015396
0,0315549
0,1276765
0,2838886
0,03468262
0,1018851
0,2935553
0,05793388
0,03625292
0,3682883
-0,04137438
-0,001773447
0,1618716
-0,03458743
-0,059874
0,1359055
-0,0449075
-0,1063211
0,1626044
-0,02714153
-0,03404177
0,139629
-0,0283321
-0,07830874
0,1550818
-0,01228236
-0,03598728
0,1078289
0,01188399
-0,05291767
0,07691938
0,02657695
-0,03384434
0,03989913
0,00497032
0,01718246
-0,008992657
0,005144216
0,03169439
-0,05965862
0,001450226
0,08198033
-0,06610466
0,002114497
0,08275607
-0,118207
0,01452499
0,0898688
-0,1278698
0,008817757
0,08393862
-0,08055066
-0,03708951
0,335157
-0,2083786
-0,07605113
0,1424068
-0,1402938
-0,1009442
0,1596106
-0,1044466
0,004015959
-0,08041207
0,01544235
-0,006757773
-0,04787365
0,01436464
0,009795856
-0,08124243
0,009453299
0,005636586
-0,04475775
0,002476688
0,0259838
-0,07547575
0,001197204
0,01165543
-0,08230647
0,009989491
0,0003859811
-0,05514715
0,01232072
0,002873991
-0,08117752
0,01685115
0,002390888
-0,1067901
0,01771217
-0,003802601
-0,06070249
0,01215405
-0,001814827
-0,08823994
0,01300113
0,04188845
-0,04012469
0,09406023
0,04528446
-0,07917742
0,1125619
0,05324942
-0,09484589
0,155734
-0,03812278
-0,05655667
0,04301408
-0,01910766
-0,0937011
0,02059633
-0,01716408
-0,0460518
0,01239264
-0,009565495
-0,05037263
0,001686364
-0,003499724
-0,08992527
-0,01415917
-0,006967299
-0,0524952
-0,007956415
0,006916858
-0,07999981
-0,02561328
0,003157876
-0,01033925
-0,005487978
0,01898862
-0,01486608
-0,01109505
0,0384971
-0,06832454
0,0106501
0,003799029
-0,03268397
0,06062412
0,001498187
0,0152286
-0,003840089
0,04587037
0,0005216002
0,1408279
-0,02106836
-0,01002395
0,01055187
0,02131516
-0,02348423
0,1140698
-0,01028783
0,02358061
0,02451545
-0,0004431456
0,04170972
0,01109803
0,009865195
-0,06313682
-0,01874137
0,003945306
-0,02790916
-0,005853772
0,01547426
-0,003157675
-0,01309115
-0,01415944
-0,02848506
0,004329622
-0,000882566
0,01111972
0,006450415
-0,01514114
0,04058623
0,01947248
-0,01421598
0,02319568
0,01574266
0,01906222
-0,05166906
-0,02838653
0,01344165
-0,05332166
-0,01557803
-0,01234317
-0,006243467
0,00437963
0,006238088
-0,03310752
-0,009582162
0,00213027
-0,01376873
-0,001170874
0,006170407
-0,01159137
-0,004265666
0,003389522
-0,02175552
-0,005460858
0,007509932
-0,07007182
-0,02448767
0,0559173
-0,30745
-0,1486567
0,009867296
-0,1362681
-0,02116543
0,0004397929
-0,1247665
-0,01992249
-0,01526865
-0,06446075
0,0004639626
-0,1339363
0,4592099
0,6705853
-0,05338161
-0,009280086
0,3990905
-0,01681423
-0,1104603
0,06158888
-0,01844432
-0,1321645
-0,05661333
-0,006836042
-0,05537027
-0,02224237
-0,01866332
-0,07056463
-0,03582573
-0,01297387
-0,06022322
-0,02970248
0,003826022
-0,01311827
-0,01280415
0,01979309
-0,108268
-0,09428436
-0,01251033
-0,01402974
-0,006540179
-0,00262177
-0,01866221
-0,01156825
-0,0004143268
-0,02895033
-0,0205214
0,02330147
-0,07221711
-0,06229222
-0,01773957
-0,02035707
-0,009996474
-0,006142661
-0,02928197
-0,01773638
-0,003962651
-0,01722369
-0,01078445
-0,00440605
-0,02462265
-0,01758319
-0,001392528
-0,01915714
-0,01613134
-0,003675058
-0,02945626
-0,02358747
0,0005373806
-0,02260149
-0,02163136
-0,0009434372
-0,01876521
-0,01727045
0,002063081
-0,01387811
-0,01593757
0,0002937019
-0,009131074
-0,009405851
0,00201343
-0,01484349
-0,01704454
-0,0008358955
-0,02711517
-0,02669239
-0,002847701
-0,02151763
-0,01909739
-0,006964147
-0,03555891
0,0008116364
-0,009756759
-0,02849767
-0,01569766
-0,005281746
-0,04804945
-0,03986442
-0,007711947
-0,07215232
-0,06452668
-0,02758375
-0,05537868
-0,03667691
-0,03696793
-0,07066274
-0,04794323
-0,05212291
-0,04804519
-0,02024609
-0,08321664
-0,009474456
0,04054707
-0,0888934
-0,03523821
0,01618031
-0,1542247
0,03112686
0,1225682
-0,1468127
0,02695695
0,1099406
-0,1352522
0,01266065
0,08738416
-0,137729
0,04773974
0,1172577
-0,05244859
0,008365899
0,06894282
-0,009486794
-0,0008946061
0,001773626
-0,02447218
0,03050977
0,01352119
-0,01056102
0,02431571
0,01778585
0,01357299
0,0180313
0,01276338
0,01290107
0,02257931
-0,04682547
-0,009435505
0,03730893
-0,004924536
-0,07572204
-0,04655075
-0,02477816
-0,1583712
0,005892307
-0,04306974
-0,129152
-0,1311388
-0,08981711
-0,09625721
-0,1973363
-0,1983129
-0,3068918
0,08690457
-0,3296852
-0,1119094
-0,1297806
-0,06682469
-0,05903487
-0,1041307
-0,08872136
-0,0605755
-0,07125925
-0,06906381
0,03794529
-0,02464843
-0,01019943
0,01629779
0,01319015
0,003508434
0,01592857
0,03302841
0,02914914
0,01458372
0,03733514
0,0447294
-0,01029016
0,06884904
0,00565061
-0,005769596
0,05091295
0,044368
-0,06212655
-0,3469814
-0,00532942
-0,06212655
-0,5431814
-0,00532942
-0,06212655
-0,7393814
-0,00532942
-0,06212655
-1,131781
-0,00532942
-0,06212655
-1,327981
-0,00532942
-0,06212655
-1,524181
-0,00532942
0,1905426
-1,481852
-0,7748759
0,4653568
-0,6302853
-1,246467
0,3391129
-0,5794597
-1,190129
0,319812
-0,6794168
-1,167155
0,319812
-0,6794168
-1,167155
0,344702
-0,8004776
-1,026617
0,344702
-0,9966776
-1,026617
0,344702
-0,9966776
-1,026617
0,344702
-1,192878
-1,026617
0,344702
-1,389078
-1,026617
0,344702
-1,389078
-1,026617
0,2120285
-0,5262552
0,1549926
0,2120285
-0,7224553
0,1549926
0,2120285
-0,9186553
0,1549926
0,2120285
-0,9186553
0,1549926
-0,2228716
-0,3241641
0,5758215
-0,2734451
-0,2838143
0,6228629
-0,2734451
-0,2838143
0,6228629
-0,2734451
-0,4800143
0,6228629
-0,2734451
-0,6762143
0,6228629
-0,2734451
-0,6762143
0,6228629
-0,3691823
-0,3913487
1,110723
-0,4216556
0,08342797
0,8241217
-0,4530893
-0,02849202
0,8566349
-0,4530893
-0,02849202
0,8566349
-0,458686
-0,2137881
0,8588658
-0,2882816
0,3655604
0,453697
-0,2882816
0,3655604
0,453697
-0,2550737
0,3296802
0,3717796
-0,1802355
0,2969559
0,2585882
-0,1802355
0,2969559
0,2585882
-0,1219495
0,2106557
0,1695541
-0,1248859
0,0697579
0,1596628
-0,1326202
-0,05337413
0,150143
-0,1326202
-0,05337413
0,150143
-0,142447
-0,1891906
0,1629689
-0,1496841
-0,3295555
0,1785035
-0,1496841
-0,3295555
0,1785035
0,01847926
-0,1508311
-0,137984
0,03592828
-0,2301825
-0,1913421
0,03592828
-0,2301825
-0,1913421
0,05881743
-0,2806272
-0,2480439
0,08639023
-0,3143787
-0,3175513
0,08639023
-0,3143787
-0,3175513
0,1181716
-0,3254405
-0,3915964
0,1528184
-0,3108337
-0,464678
0,1875276
-0,2698267
-0,5299231
0,1875276
-0,2698267
-0,5299231
0,2319508
-0,006985486
-0,4616222
0,2654765
0,07996275
-0,4032287
0,2654765
0,07996275
-0,4032287
0,2699804
0,1044272
-0,3396972
0,277951
0,1311828
-0,2642554
0,277951
0,1311828
-0,2642554
0,275865
0,1258305
-0,1940181
0,2691975
0,1082265
-0,1247236
0,2592132
0,08099104
-0,05778341
0,2592132
0,08099104
-0,05778341
0,2467513
0,04712148
0,006328925
0,2322292
0,009803087
0,06782946
0,2322292
0,009803087
0,06782946
0,2145214
-0,02230003
0,130633
0,1913995
-0,05250545
0,1918162
0,1913995
-0,05250545
0,1918162
0,165353
-0,08545201
0,2466166
0,1346725
-0,111601
0,2990991
0,09917088
-0,1286806
0,34835
0,09917088
-0,1286806
0,34835
0,05850811
-0,1364078
0,3864914
-0,0551134
0,05897152
0,3474041
-0,0551134
0,05897152
0,3474041
-0,09151592
0,05548084
0,3149542
-0,1313204
0,04363562
0,273918
-0,1313204
0,04363562
0,273918
-0,1689846
0,03228371
0,2261522
-0,1997405
0,01312575
0,1755164
-0,1997405
0,01312575
0,1755164
-0,2241464
-0,008960262
0,1221276
-0,2433723
-0,03246464
0,06685252
-0,2588346
-0,0557209
0,01028645
-0,2588346
-0,0557209
0,01028645
-0,2707401
-0,07653545
-0,04726493
-0,2788096
-0,09281458
-0,1053487
-0,2788096
-0,09281458
-0,1053487
-0,2834603
-0,09749618
-0,1659143
-0,2793571
-0,08785054
-0,2269064
-0,2793571
-0,08785054
-0,2269064
-0,2676768
-0,07950847
-0,2804604
-0,2507441
-0,06447908
-0,329783
-0,2507441
-0,06447908
-0,329783
-0,2235642
-0,04353665
-0,3685205
0,01382841
0,008226966
0,02099193
0,01088632
0,008873496
0,01719735
0,01088632
0,008873496
0,01719735
0,01110666
0,01856928
0,02455945
0,01124559
0,02971478
0,01938666
0,01124559
0,02971478
0,01938666
0,01171405
0,0673697
0,00190275
0,009465685
0,07818142
-0,01269756
0,009465685
0,07818142
-0,01269756
0,00583722
0,06232435
-0,02409659
0,004593844
0,06117301
-0,02751068
0,003475006
0,07268462
-0,03630488
0,003475006
0,07268462
-0,03630488
-0,0003203394
0,101544
-0,05722042
-0,0027273
0,0738677
-0,05243279
-0,0027273
0,0738677
-0,05243279
-0,0002080575
0,07812674
-0,002822212
0,001106313
0,06515654
0,01585997
0,001106313
0,06515654
0,01585997
-0,00695709
-0,1054314
0,04455962
-0,007402787
-0,1760819
0,07750794
-0,005392269
-0,1608058
0,08731966
-0,005392269
-0,1608058
0,08731966
0,008833518
-0,1086114
0,1969852
0,0250822
0,02892287
0,1026518
0,0250822
0,02892287
0,1026518
0,006674025
0,03904915
0,1091391
0,006760947
0,03520915
0,09188063
0,006760947
0,03520915
0,09188063
0,01615629
0,05016026
0,1305477
0,01379705
0,04367322
0,103065
0,01379705
0,04367322
0,103065
0,02370765
0,07546794
0,1702996
0,0190202
0,07625607
0,1516841
0,03935321
0,0742905
0,2286917
0,03935321
0,0742905
0,2286917
0,05017893
0,02646179
0,3402408
0,02064173
-0,02728449
0,3193436
0,02064173
-0,02728449
0,3193436
0,02627447
0,1683618
0,258874
0,02562371
0,1677914
0,2315724
0,02562371
0,1677914
0,2315724
0,03188225
0,2626629
0,2452969
0,03403914
0,3512106
0,2084382
0,02581723
0,3572509
0,1201081
0,02581723
0,3572509
0,1201081
0,03326506
0,4948005
0,1309217
0,02875136
0,3859597
0,1292721
0,02875136
0,3859597
0,1292721
0,02940692
0,2454957
0,1592372
0,02227325
0,1284882
0,1455845
0,02227325
0,1284882
0,1455845
0,02537851
0,317723
0,1222143
0,02474192
0,3090688
0,1230756
0,02474192
0,3090688
0,1230756
0,02572289
0,235042
0,1443902
0,02137743
0,1861885
0,1076671
0,01552429
0,04254339
0,07562699
0,01552429
0,04254339
0,07562699
0,03139883
-0,09476905
0,2394018
0,02911749
-0,06386832
0,2297044
0,02911749
-0,06386832
0,2297044
0,02218413
0,1202606
0,06961577
0,0175463
0,1729734
0,03549723
0,0175463
0,1729734
0,03549723
0,035958
-0,05359115
0,2747964
0,03281063
-0,08230755
0,2900198
0,03726086
-0,05540414
0,346119
0,03726086
-0,05540414
0,346119
0,0454317
-0,1598722
0,3839098
0,03674861
-0,03762134
0,2663427
0,03674861
-0,03762134
0,2663427
0,04141125
0,05604579
0,2825537
0,03283947
-0,005635589
0,250273
0,03283947
-0,005635589
0,250273
0,04251526
0,06383839
0,3400815
0,02394144
0,03477945
0,09832487
0,02394144
0,03477945
0,09832487
0,02291046
0,1262085
0,01047419
0,01514323
0,1196247
-0,04008376
0,01245609
0,144352
-0,03688733
0,01245609
0,144352
-0,03688733
0,02508685
0,4307473
0,04457654
0,01828176
0,2130178
0,01111274
0,01828176
0,2130178
0,01111274
0,007935917
0,1961078
-0,2091329
0,004642201
0,1009773
-0,1271725
0,004642201
0,1009773
-0,1271725
0,01495566
-0,01647178
-0,04491874
0,01210039
-0,02901394
0,03062731
0,01062848
-0,004932157
0,009167863
0,01062848
-0,004932157
0,009167863
0,007069109
0,09054358
-0,140749
-0,004197869
0,04088387
-0,2493303
-0,004197869
0,04088387
-0,2493303
0,01340972
-0,1216356
-0,02082893
0,01576409
-0,1897283
0,05931157
0,01576409
-0,1897283
0,05931157
0,03233235
-0,2171158
0,255628
0,02941613
-0,1469255
0,2391296
0,02872439
-0,1155341
0,2464518
0,02872439
-0,1155341
0,2464518
0,03461943
-0,05398692
0,3371589
0,02605611
-0,0652344
0,2617083
0,02605611
-0,0652344
0,2617083
0,03723867
-0,2211203
0,5056139
0,02785875
-0,1537133
0,3900168
0,02785875
-0,1537133
0,3900168
0,02173324
-0,07141753
0,2713597
0,01877114
-0,02067293
0,217051
0,01877114
-0,02067293
0,217051
0,021749
0,2143132
0,1500159
0,01897179
0,210601
0,08344837
0,01551636
0,2078536
0,05070223
0,01551636
0,2078536
0,05070223
0,03241765
0,1251157
0,2538972
0,02535784
0,0565687
0,19068
0,02535784
0,0565687
0,19068
0,02908179
0,07346954
0,1924389
0,02152405
0,100098
0,1275541
0,02152405
0,100098
0,1275541
0,0271754
0,2437647
0,2515109
0,0219746
0,1850993
0,1979093
0,01652004
0,1391779
0,1263664
0,01652004
0,1391779
0,1263664
0,01067755
0,1727778
-0,01184444
0,009214844
0,04937037
0,01970838
0,009214844
0,04937037
0,01970838
0,01959111
-0,07027293
0,2586043
0,01660663
0,01681609
0,2289274
0,01660663
0,01681609
0,2289274
0,01364467
0,2478264
0,1050802
0,01212526
0,2248647
0,05976263
0,01212526
0,2248647
0,05976263
0,0202818
0,2375581
0,1018476
0,02195318
0,06892733
0,1165506
0,02501244
-0,05619638
0,1305416
0,02501244
-0,05619638
0,1305416
0,04430979
-0,06852722
0,2581207
0,03270994
0,09224559
0,1649737
0,03270994
0,09224559
0,1649737
0,0309741
0,3026945
0,06945026
0,02769747
0,2425245
0,133477
0,02769747
0,2425245
0,133477
0,03648484
0,2480661
0,1779515
0,02352824
0,1233876
0,1209139
0,0214504
0,1472106
0,05990383
0,0214504
0,1472106
0,05990383
0,02756639
0,09460896
-0,00893632
0,02599927
-0,04283186
0,07391216
0,02599927
-0,04283186
0,07391216
0,03104937
-0,003240686
0,1223867
0,03032617
-0,1451415
0,1993193
0,03032617
-0,1451415
0,1993193
0,02754768
-0,0884098
0,03194113
0,01869247
-0,05971117
-0,04023345
0,01869247
-0,05971117
-0,04023345
0,01816293
-0,07857665
-0,04162617
0,01520353
-0,02556953
0,01546241
0,01337602
0,02149352
0,009156157
0,01337602
0,02149352
0,009156157
0,01716519
0,07274372
0,05561606
0,01661383
0,008241203
0,1098858
0,01661383
0,008241203
0,1098858
0,01913524
-0,07916129
0,1579285
0,01296858
-0,02025602
0,09368612
0,01296858
-0,02025602
0,09368612
0,00815781
0,142835
-0,01805121
0,004274359
0,1263757
-0,08588448
0,002925672
0,08167674
-0,1616025
0,002925672
0,08167674
-0,1616025
0,00560574
0,0298349
-0,08619543
0,01111514
0,03539869
0,005027299
0,01111514
0,03539869
0,005027299
0,0223152
-0,0231989
0,3128684
0,01367837
0,003809781
0,2446583
0,01367837
0,003809781
0,2446583
0,002028061
0,1372844
0,09758405
-0,001843791
0,1828081
0,01311975
-0,001843791
0,1828081
0,01311975
-0,006630051
0,3014381
0,006022657
-0,005329404
0,2216966
-0,04619296
-0,003807578
0,09208009
-0,04227398
-0,003807578
0,09208009
-0,04227398
0,000409996
-0,00927996
0,2078706
-0,003234152
0,02122355
0,1714038
-0,003234152
0,02122355
0,1714038
-0,01684467
0,2536156
0,02461077
-0,01676517
0,2774133
-0,03024443
-0,01676517
0,2774133
-0,03024443
-0,02762264
0,3441728
-0,02842135
-0,01563752
0,1331681
0,1341821
-0,01206902
-0,04019311
0,1092808
-0,01206902
-0,04019311
0,1092808
-0,03230254
-0,1305072
-0,1678646
-0,02597288
0,02436842
-0,1736803
-0,02597288
0,02436842
-0,1736803
-0,05721429
0,4193361
-0,01199386
-0,03972721
0,2854411
-0,02881412
-0,03972721
0,2854411
-0,02881412
-0,05122773
0,2765276
-0,06771527
-0,03624034
0,1708749
-0,006807485
-0,03281701
0,2028274
0,03880844
-0,03281701
0,2028274
0,03880844
-0,06035927
0,4842344
-0,1489774
-0,05383965
0,3903323
-0,36628
-0,05383965
0,3903323
-0,36628
-0,06024122
0,4570895
-0,2104109
-0,03610332
0,2455744
-0,0613821
-0,047434
0,3310094
-0,02948536
-0,02787428
0,191634
-0,01808766
-0,03603198
0,3044632
-0,08896211
-0,04931442
0,4364318
-0,09606384
-0,03169923
0,3565104
0,06482891
-0,02872853
0,3053436
0,059113
-0,01776012
0,1690038
-0,0602064
-0,01670411
0,1516414
-0,07884257
-0,009783363
0,1277923
0,00591302
-0,005925255
0,08499736
-0,0001211887
-0,0008825185
0,001497289
-0,04487447
-0,0008825185
0,001497289
-0,04487447
0,009118204
-0,0539157
0,05379163
0,009118204
-0,0539157
0,05379163
0,005620247
-0,02571828
-0,03755827
0,005620247
-0,02571828
-0,03755827
0,001438596
0,04419935
-0,07919807
-0,0006269625
0,07761433
-0,1427537
0,001761669
0,1091848
-0,08505681
0,008888111
0,07712717
0,01337241
0,009413114
0,07396641
-0,01571198
0,0122117
0,09353692
-0,01187433
0,01354587
0,1151937
-0,00435015
0,01934476
0,1398494
-0,006882714
0,02519538
0,1511886
0,01649449
0,02434592
0,1354386
0,003000869
0,01735553
0,2484372
0,001915082
0,01548831
0,1774824
0,09525322
0,02418838
0,207407
0,1801583
0,03250861
0,212757
0,1925836
0,01583289
0,254813
0,09664828
0,006343451
0,2631645
0,03415448
0,01424619
0,1500615
0,0613832
0,0109148
0,08564286
0,01759894
0,01143649
0,1072713
0,004314912
0,01133597
0,107293
0,003018166
0,01007315
0,1046498
0,000352474
0,007441886
0,1249236
-0,0325331
0,008359225
0,1202497
-0,07296682
0,008736704
0,08888598
-0,09781518
0,007770154
0,07893104
-0,08823446
0,008457556
0,1772459
-0,2671163
0,003726112
0,1267419
-0,2449299
0,003589521
0,1081873
-0,2454123
-0,007512492
0,2110256
-0,4108032
-0,01346424
0,1863476
-0,3472576
-0,01332295
0,1548766
-0,2172608
-0,004600588
0,08153771
-0,06597247
-0,00331963
0,02459091
-0,00258705
-0,01017178
0,03329807
0,0005106479
-0,01052175
0,03688359
-0,002756197
-0,002200285
0,03653596
-0,001414597
-0,001708135
0,02879945
0,003122009
-0,007152144
0,04388233
0,002718545
-0,003700255
0,0531074
0,007746495
-0,007642779
0,08637311
0,003275149
-0,01284529
0,08668926
0,0201
-0,005633003
0,06721593
0,02065913
0,01088648
0,08477341
-0,002677496
0,01235664
0,08876831
0,001702984
0,008883871
0,07670712
0,00220405
0,01191641
0,06585953
0,02008514
0,0206708
0,07846631
0,04764821
0,02093973
0,07007751
0,066211
0,02348231
0,06372755
0,09444495
0,03494546
0,05065102
0,149862
0,07986026
0,03760554
0,3971612
0,06550654
0,0845838
0,3870759
0,07733547
0,04649079
0,5151639
0,1118147
-0,05584263
0,8495263
-0,2067293
0,1528099
0,2213445
-0,03035482
0,002598941
0,02878311
-0,03412892
-0,03951412
0,005313873
-0,001576439
-0,01400857
-0,003127873
0,01247678
-0,03228641
-0,01542825
0,002479382
-0,02379103
-0,008722246
0,001965657
-0,008848168
-0,0005323887
-0,002444834
-0,02306416
-0,006365061
0,007773519
0,01694256
0,006900609
0,008288644
0,1360734
0,07108223
0,06426394
0,2581865
0,1460563
0,1198379
0,220804
0,4632805
0,02502213
0,2224748
0,1158749
0,08375509
0,241191
0,150581
0,05326897
0,3475162
0,001176017
0,03221745
0,3975158
-0,1036112
0,006255951
0,3624137
-0,1106936
-0,01552221
0,4682361
-0,1010126
-0,01652761
0,3762893
-0,05594733
-0,00603478
0,3010206
0,07624565
-0,001679303
0,2394534
0,1246967
-0,004450396
0,1428876
0,08894002
-0,009720805
0,1688085
0,1203285
-0,01302242
0,1822396
0,1414864
-0,0125866
0,1502272
0,08877176
-0,03423257
0,2553634
0,1410086
-0,02735208
0,2062194
0,0753727
-0,02448728
0,18977
0,06188685
-0,03026909
0,1943611
0,06734313
-0,02437155
0,1332989
0,0273246
0,02946141
-0,1841014
0,01679365
0,03308873
-0,2366382
0,0135254
0,03168263
-0,2879074
0,05693056
0,03120524
-0,3864
0,1026487
0,01777058
-0,2754924
0,04639544
0,0272287
-0,357194
0,02741166
0,01658153
-0,2468621
-0,0002528092
0,008715056
-0,2591244
0,03978382
-0,0046392
-0,2087293
0,02907575
-0,01221844
-0,08258563
0,08803076
-0,02175016
-0,05881891
0,1581068
-0,00930861
-0,05643681
0,1339416
-0,02568826
0,0396526
0,1508807
-0,02972018
0,0724639
0,1838896
-0,02506615
0,09979857
0,1287463
-0,03193341
0,1531099
0,127462
-0,02175575
0,1175846
0,09586702
-0,03956448
0,2272933
0,1145923
-0,05081442
0,2731663
0,2163085
-0,02409182
0,1419108
0,1434349
-0,03231982
0,1756107
0,2264453
-0,05762436
0,3344341
0,2234774
-0,04649805
0,2603389
0,1245493
-0,09562947
0,4774104
0,1839691
-0,03022855
0,159572
0,07964803
0,01100752
-0,07115793
0,1436021
0,0150745
-0,1015826
0,133345
-0,01981456
0,07678052
0,09401408
-0,06130768
0,2304096
0,145443
-0,02858679
0,08250349
0,1111195
0,0003942212
-0,1034036
0,1342338
0,01619343
-0,1940586
0,1211779
0,007525643
-0,1282247
0,1113599
-0,02795151
-0,008093196
0,1897538
-0,03280468
0,04447894
0,1601077
-0,0144334
-0,09170311
0,2072003
-0,02444143
-0,1193976
0,3128658
-0,03143574
-0,004301215
0,2088126
-0,02536156
-0,03745161
0,2007539
-0,02268745
0,01946633
0,1192532
-0,05921445
0,1298772
0,1497759
-0,05866127
0,1794458
0,1793602
-0,004340183
0,04320675
0,06974137
0,01486386
0,0007085614
0,1644145
-0,01531984
-0,008054044
0,1043106
-0,07933296
0,1064392
0,278267
-0,07484962
0,03312089
0,274427
-0,02236348
-0,05957863
0,1201567
-0,00286036
-0,1657882
0,2907417
-0,008164987
-0,1495054
0,356719
-0,04242454
-0,1255102
0,1764872
-0,004130624
-0,1624832
0,2166179
0,004161362
-0,2707557
0,1337002
0,04682318
-0,4685534
0,1083584
0,05697018
-0,5494282
0,06703178
0,05874035
-0,5230851
0,01367711
0,09493267
-0,7443651
-0,114913
0,08053558
-0,6372653
-0,1197628
0,1121463
-0,8934906
-0,2428661
0,1129064
-0,8889174
-0,3187369
0,08878513
-0,7130669
-0,2812751
0,06995725
-0,8281861
-0,1398922
0,02725944
-0,3378622
-0,04782828
0,02055214
-0,2494743
-0,08615912
0,01456598
-0,2591785
-0,05318416
0,01397413
-0,2552539
-0,03256276
0,009568069
-0,4080291
0,004652139
0,006339203
-0,3386567
0,02822825
-0,01431026
-0,3034387
0,1701171
-0,02463153
-0,3545681
0,2746264
-0,01106111
-0,4266723
0,2143965
-0,003062262
-0,7181854
0,1325741
-0,01334028
-0,5294544
0,2004724
-0,03915329
-0,1477593
0,2182902
-0,007009031
-0,1384005
0,1002825
0,01722154
-0,06885058
0,08004645
0,07765551
-0,06109428
0,04637548
0,05250737
-0,08674061
0,09248695
0,05250737
-0,08674061
0,09248695
-0,02528975
0,006618738
-0,004769564
-0,02528975
0,006618738
-0,004769564
0,003615037
-0,005571395
0,002359241
0,07556161
-0,05302078
0,03431338
0,08346449
-0,1138601
0,08276626
0,06613404
-0,1185893
0,1032956
0,003522933
-0,111037
0,1115918
-0,01754338
0,006195545
0,001115501
2,077967E-05
0,02536929
-0,02560502
0,04307323
-0,008574843
-0,009552568
0,08444431
-0,05361331
-0,01277247
-0,09336958
-1,661972
-0,3231747
-0,1200068
-1,510087
0,3452899
-0,1216631
-1,37549
0,2505523
-0,1216631
-1,37549
0,2505523
-0,1631926
-1,85635
0,32689
-0,1032511
-1,198297
0,1717156
-0,1032511
-1,198297
0,1717156
-0,1090729
-1,166801
0,07236558
0,2065159
-0,09798378
0,02875933
0,2065159
-0,09798378
0,02875933
-0,03825671
-0,03155895
0,01248065
-0,01887979
0,0171043
-0,03066174
-0,002526527
0,05075109
-0,06333566
-0,002526527
0,05075109
-0,06333566
0,03998362
0,1148154
-0,09897627
0,03487471
0,06299445
-0,04187547
0,03487471
0,06299445
-0,04187547
0,02048413
-0,01838994
0,02531357
-0,002063081
-0,03893743
0,04080322
-0,002063081
-0,03893743
0,04080322
-0,01827432
-0,0593966
0,05480335
-0,009477386
-0,04682999
0,0510234
0,001254939
-0,03418289
0,04088115
0,001254939
-0,03418289
0,04088115
0,0008061584
-0,02752202
0,04257572
-0,006777627
-0,02869147
0,04651225
-0,006777627
-0,02869147
0,04651225
-0,01623617
-0,04551414
0,05624377
-0,01464094
-0,05105257
0,06383432
-0,01464094
-0,05105257
0,06383432
-0,02336707
-0,05421851
0,07927456
-0,02081064
-0,0399031
0,07903864
-0,02081064
-0,0399031
0,07903864
-0,0170169
-0,0011439
0,08529655
-0,01427228
0,02716237
0,08700246
-0,01338041
0,04627698
0,09417697
-0,01338041
0,04627698
0,09417697
-0,01418237
0,0685527
0,1150356
-0,03933607
0,188557
0,329268
-0,03933607
0,188557
0,329268
-0,02386395
0,2617841
0,2913979
-0,009179427
0,3512142
0,243027
-0,009179427
0,3512142
0,243027
0,007329774
0,7436412
0,3414516
0,01313401
0,8434251
0,3750025
0,03138458
0,843696
0,2890885
0,03138458
0,843696
0,2890885
0,03907915
0,4338964
0,1886982
0,01769174
0,1795519
0,1255489
0,01769174
0,1795519
0,1255489
0,04600373
0,4564957
-0,0001696442
0,01951092
0,3541126
0,06401126
0,01951092
0,3541126
0,06401126
-0,01110887
-0,2239164
0,1296228
-0,01752431
-0,5030754
0,08807483
-0,007423925
-0,4188726
0,03007876
-0,007423925
-0,4188726
0,03007876
0,01531029
0,1715837
0,05968131
0,006703602
0,1542526
0,08023196
0,006703602
0,1542526
0,08023196
-0,02887931
-0,1160123
0,219373
-0,01886888
-0,2054273
0,1320136
-0,01886888
-0,2054273
0,1320136
-0,02852918
-0,3660216
0,1427228
-0,02268758
-0,229255
0,1174281
-0,02268758
-0,229255
0,1174281
-0,02212785
-0,06165757
0,1526062
-0,02384327
-0,01361129
0,1637811
-0,00999068
-0,002127951
0,09153187
-0,00999068
-0,002127951
0,09153187
-0,005836155
0,0482589
0,08172441
-0,01530365
-0,02669274
0,09456909
-0,01530365
-0,02669274
0,09456909
-0,04797159
-0,3918704
0,1578301
-0,04351638
-0,3193346
0,1424372
-0,04351638
-0,3193346
0,1424372
-0,01874538
0,1093594
0,1249732
0,006338565
0,1522449
0,01568537
0,006338565
0,1522449
0,01568537
0,03240856
0,5067368
-0,02711414
0,009230246
0,1817044
0,01378739
-0,01718663
0,02328883
0,1138794
-0,01718663
0,02328883
0,1138794
-0,04133418
-0,08772343
0,2151356
-0,0167637
0,04249829
0,1136259
-0,0167637
0,04249829
0,1136259
-0,02456585
0,2372363
0,1720429
-0,02568986
0,09694966
0,1516934
-0,02568986
0,09694966
0,1516934
-0,05825958
-0,1170225
0,2674178
-0,02391388
-0,04910511
0,1229033
-0,0112121
0,03568118
0,07441473
-0,0112121
0,03568118
0,07441473
-0,0253293
0,03975397
0,1469893
-0,02194886
-0,03894407
0,1220898
-0,02194886
-0,03894407
0,1220898
-0,008723051
-0,02308478
0,08164839
-0,005694232
0,0968349
0,08346902
-0,005694232
0,0968349
0,08346902
-0,01085117
0,04701746
0,1104395
-0,007350647
0,08292431
0,09264012
-0,009585913
0,01895589
0,09346361
-0,009585913
0,01895589
0,09346361
-0,002598114
-0,05655338
0,07023131
-0,02035049
-0,01337592
0,1412372
-0,02035049
-0,01337592
0,1412372
-0,0261365
0,06399409
0,2036535
-0,004753657
0,0415241
0,09201214
-0,004753657
0,0415241
0,09201214
-0,01893945
-0,08078068
0,1670689
-0,01185431
-0,1652046
0,09524044
-0,01185431
-0,1652046
0,09524044
-0,03949181
-0,2294601
0,2110053
-0,007695593
-0,05003797
0,09035917
-0,004629048
0,082334
0,0916967
-0,004629048
0,082334
0,0916967
-0,009150105
0,1121986
0,1356416
-0,007685787
0,03048651
0,1108531
-0,007685787
0,03048651
0,1108531
0,01648532
0,04729738
0,03660218
0,001123033
0,01195559
0,0688325
0,001123033
0,01195559
0,0688325
-0,01132816
-0,01900596
0,1299922
-0,01541166
-0,08518213
0,1135974
-0,008441323
-0,08720554
0,07154405
-0,008441323
-0,08720554
0,07154405
-0,01543508
-0,1355817
0,09965431
-0,01211226
-0,09954887
0,08594502
-0,01211226
-0,09954887
0,08594502
-0,01131766
-0,08138851
0,103209
-0,01016292
-0,03093565
0,0934571
-0,01016292
-0,03093565
0,0934571
-0,002881764
0,07889493
0,0868247
-0,00348023
0,09095185
0,0853408
-0,00348023
0,09095185
0,0853408
-0,01569354
0,1734565
0,1695858
-0,001825235
0,1847306
0,1036801
0,001107136
0,1468154
0,08546242
0,001107136
0,1468154
0,08546242
-0,0366734
0,03629886
0,2346257
-0,02857477
0,01766763
0,1895801
-0,02857477
0,01766763
0,1895801
-0,01888648
0,06962066
0,16656
-0,01008148
0,1373469
0,1281738
-0,01008148
0,1373469
0,1281738
0,02131382
0,2012894
0,03526457
0,007021366
0,1757455
0,08216851
7,942737E-05
0,1296379
0,09459659
7,942737E-05
0,1296379
0,09459659
0,009415071
0,1764833
0,08711738
-0,004616138
-0,08206198
0,09655347
-0,004616138
-0,08206198
0,09655347
-0,07522148
-0,5985758
0,3225507
-0,02633101
-0,2292655
0,14606
-0,02633101
-0,2292655
0,14606
0,01952049
0,2004462
0,01225702
0,01815301
0,1637881
0,008781413
0,01815301
0,1637881
0,008781413
-0,00582664
-0,1695718
0,07886194
-0,01682127
-0,2136718
0,09237045
-0,01830908
-0,1099203
0,09910703
-0,01830908
-0,1099203
0,09910703
-0,0005424969
0,04375883
0,05165736
0,002535221
0,05657239
0,03669206
0,002535221
0,05657239
0,03669206
0,01310494
0,1145006
0,008765968
0,01497083
0,1262365
0,0032135
0,01497083
0,1262365
0,0032135
-0,003063756
0,02578938
0,08886375
-0,006956814
0,01218555
0,08976528
-0,003539977
0,06032823
0,06655582
-0,003539977
0,06032823
0,06655582
0,01836467
0,1427604
-0,01291388
0,01775742
0,1353264
-0,01487999
0,01775742
0,1353264
-0,01487999
0,0250537
0,1298913
-0,01547889
0,02376074
0,1040064
-0,02601429
0,02376074
0,1040064
-0,02601429
0,04078327
0,2093987
-0,05255949
0,03504933
0,1777463
-0,04197241
0,03504933
0,1777463
-0,04197241
0,03088004
0,1417088
-0,01952177
0,02488993
0,1158605
-0,01694694
0,03456664
0,16749
-0,05620624
0,03456664
0,16749
-0,05620624
0,04683626
0,3961041
-0,08789401
0,02267236
0,2592554
-0,01966917
0,02267236
0,2592554
-0,01966917
0,01847528
0,1656253
0,003507486
0,01070773
0,06301377
0,02676156
-0,012725
0,07545064
0,1095693
-0,009145292
0,1897763
0,1220066
-0,003318716
0,1700235
0,07765467
-0,003318716
0,1700235
0,07765467
0,002631426
0,08242653
0,05822727
-0,001276696
0,08234017
0,06744292
-0,001276696
0,08234017
0,06744292
0,001868395
0,002987231
0,07383113
0,002393853
0,07458046
0,06175734
0,002393853
0,07458046
0,06175734
0,01707442
0,1478809
-0,006774076
0,01707442
0,1478809
-0,006774076
0,02390872
0,15808
-0,01505251
0,0140931
0,1312609
0,01847811
0,008438193
0,1238694
0,03493956
0,008438193
0,1238694
0,03493956
0,02182687
0,1552421
-0,008884106
0,01721217
0,0992937
-0,01397661
0,01721217
0,0992937
-0,01397661
0,0155562
0,04948529
0,004479917
0,01363876
0,01096615
0,009482825
0,00988394
-0,001290185
0,02032601
0,00988394
-0,001290185
0,02032601
0,02216187
0,02356813
-0,02404852
0,02638777
0,05590316
-0,04909788
0,02638777
0,05590316
-0,04909788
0,0401601
0,06616045
-0,1001522
0,04079284
0,05814449
-0,1122416
0,04079284
0,05814449
-0,1122416
0,05446126
0,1049507
-0,1610495
0,04656501
0,08900733
-0,1426741
0,04656501
0,08900733
-0,1426741
0,04973624
0,1369597
-0,1581158
0,04909801
0,0989433
-0,1671595
0,03731616
0,05235184
-0,1314356
0,03731616
0,05235184
-0,1314356
0,02852592
0,00722712
-0,1019417
0,02852592
0,00722712
-0,1019417
0,04634162
0,0434341
-0,1800924
0,04042156
0,01391357
-0,1644253
0,02281857
0,01419246
-0,09437609
0,004833271
0,03592343
-0,02242732
0,004833271
0,03592343
-0,02242732
0,002433022
0,04979536
-0,01887268
-0,007703847
0,04202395
0,02662974
-0,02492297
0,01588767
0,1052171
-0,03711022
-0,02003988
0,1575852
-0,05197081
-0,01132916
0,2092191
-0,05197081
-0,01132916
0,2092191
-0,1412737
-0,08029203
0,5599461
-0,1548483
-0,1262439
0,6075886
-0,2343444
-0,1736488
0,9076442
-0,2964145
-0,1619986
1,134391
-0,2964145
-0,1619986
1,134391
-0,581974
-0,3809705
2,152536
-0,5010158
0,3196795
0,6439047
-0,2652916
-0,03298548
0,04399061
-0,2652916
-0,03298548
0,04399061
0,00687422
0,03349877
0,0008334666
0,02130364
0,1400036
-0,006516546
0,02130364
0,1400036
-0,006516546
-0,03473816
0,03053843
0,1265645
0,01637262
0,03238789
0,01635091
0,0178799
0,03045476
0,01121725
0,0178799
0,03045476
0,01121725
0,0189011
0,06931051
0,005412828
0,001594876
0,1001375
-0,01939791
0,0104937
0,1305929
0,004255589
0,03002164
0,1496609
-0,0561497
0,03002164
0,1496609
-0,0561497
0,02256952
0,05254935
-0,1087879
0,04713897
0,07009155
-0,2130617
0,1353906
0,1692073
-0,6060749
0,1770505
0,2183946
-0,794844
0,1676399
0,2529636
-0,7768416
0,2845316
0,5590183
-1,341152
0,2674736
-0,07486194
-0,9417555
0,07092537
-0,3178142
-0,1929964
0,002847729
-0,2075512
0,07393844
-0,02282339
-0,07148555
0,1401392
-0,04162901
-0,01071768
0,2057077
-0,03907038
-0,0006194308
0,1871419
-0,07714146
0,0397903
0,3587306
-0,09624974
0,07393181
0,4365405
-0,1151307
0,103725
0,5170374
-0,08002303
0,1633585
0,3389837
-0,1616322
0,2396374
0,6914545
-0,1817466
0,3677936
0,7390453
-0,1361153
0,5905072
0,4644094
-0,05284402
0,3207401
0,170271
-0,002145528
0,07900103
0,009962988
0,02730035
0,05211754
-0,1052578
0,02613083
0,03771317
-0,0907765
0,04239517
0,004300354
-0,1482876
0,05090769
0,009038704
-0,1917842
0,05210933
-0,01630023
-0,2016048
0,07665818
-0,07817531
-0,2947758
0,07724842
-0,09587187
-0,3170075
0,09216953
-0,1255958
-0,3883984
0,1411065
-0,2265635
-0,6035482
0,07542696
-0,08650686
-0,3259337
0,08349958
-0,3718045
-0,30207
0,0440527
0,1089788
-0,2342041
0,02448044
0,05447284
-0,1190787
0,000556774
0,09887156
-0,01206951
-0,01729978
0,20961
0,041296
-0,0224471
0,3001726
0,03183883
-0,01052301
0,2125593
0,003414494
-0,02332763
0,138401
0,1023396
-0,0232798
0,1185914
0,1024659
0,001753475
0,06545535
-0,01865274
0,0001968434
0,08276429
-0,0140239
0,004488086
0,07958708
-0,0319193
0,005883902
0,1441756
-0,05692067
0,01025157
0,08565541
-0,06137718
0,01629201
0,170495
-0,131279
0,02113664
0,1916309
-0,1593602
0,01159114
0,1308371
-0,08785244
0,01458722
0,187418
-0,1424174
0,01784514
0,1924752
-0,1603395
0,01704387
0,08299712
-0,112338
0,02275457
0,1155918
-0,140844
0,03243168
0,1067291
-0,1972756
0,04496235
0,2611139
-0,3805778
0,02933131
0,2737001
-0,2704229
0,02074924
0,1008303
-0,1199423
0,06007143
0,02272761
-0,3023103
0,03787355
0,08949882
-0,23474
0,01344247
0,07363998
-0,03256965
0,02581469
-0,09235066
-0,006753339
0,02485204
-0,09197177
-0,03368504
0,01480891
-0,1188984
0,08275306
0,02892181
-0,2319065
0,02556587
0,0330077
-0,2778694
0,0777855
0,02471281
-0,2064674
0,1192892
-0,01549684
0,06715261
0,2113796
-0,05523245
0,1342037
0,4211202
-0,02819414
0,3243994
0,1772792
-0,06390975
0,8027354
0,08149058
0,01363473
0,2753811
0,103389
0,04345708
0,0587906
-0,00140281
0,03434415
0,3104343
-0,05982635
0,06379484
0,2303617
-0,1586687
0,03849735
0,08351885
-0,07530668
0,03897688
0,2875712
-0,1604941
0,02810754
0,2389705
-0,1409035
0,05050085
0,09735886
-0,145692
0,04293989
0,1035524
-0,1067101
0,02086436
0,3246669
-0,1671438
-0,01376345
0,3670249
-0,1091959
-0,02272174
0,4281142
-0,1114531
-0,03558612
0,4299776
-0,03557746
-0,03293676
0,3684087
0,01626372
-0,02596205
0,3344292
0,03609975
-0,01051027
0,1690343
0,0732859
-0,01270945
0,2267766
0,01956378
-0,04079194
0,3319734
0,06032127
-0,1031022
0,07879256
0,1934174
-0,004973304
0,02609011
0,08174976
-0,001577603
0,04402246
0,1282854
-0,07274434
0,1117564
0,06329188
-0,05804432
0,3005819
0,1304536
-0,08918101
0,08534138
0,2588933
-0,05135421
0,02013223
0,155757
-0,02059889
-0,0237793
0,2389952
-0,07724327
0,2199637
0,2965547
-0,1361581
0,4169267
0,3373899
-0,1571793
0,4231512
0,365469
-0,08749861
0,07727761
0,2900238
-0,03415269
-0,137798
0,3090663
-0,08962778
-0,1470336
0,5285893
-0,06114534
-0,1788311
0,4164295
-0,04029004
-0,229153
0,358591
-0,03486648
-0,2155815
0,3230955
-0,03448119
-0,2053687
0,3287853
0,01278042
-0,518722
0,3344992
0,04415622
-0,5079947
0,1721291
0,1341808
-1,060821
0,1287062
0,0635924
-0,6746744
0,1555541
-0,01209818
-0,6213922
0,4642146
-0,0221484
-0,2205477
0,2939536
-0,006257882
-0,1698342
0,1905456
-0,0334666
-0,2462324
0,3436025
-0,02075512
-0,3125952
0,2834653
-0,08235443
-0,09497162
0,4308238
-0,170061
0,4698412
0,5915909
-0,1493195
0,4160187
0,462494
-0,1906947
0,1594794
0,6661171
-0,1563784
0,06739485
0,5807284
-0,2052227
0,9872891
0,4317672
-0,2690535
1,730351
0,2905057
0,068847
0,09579587
-0,1793398
-0,009428754
0,02369136
-0,07413323
-0,04620064
0,04293393
-0,02629371
-0,04102967
0,03886165
0,09896496
-0,03844687
0,04599782
0,1992387
-0,04809058
-0,03751599
0,2195149
-0,05248365
-0,1659476
0,2714955
-0,07370537
-0,3587592
0,4006065
-0,07822642
-0,395705
0,4066356
0,4485816
-0,6520793
0,9785694
0,4002303
-0,548656
1,032269
0,3632593
-0,3601101
0,8700035
0,4691015
-0,4015267
1,068218
0,5742254
-0,4796739
1,182671
0,3908342
-0,9667324
1,359136
0,4523597
-0,9405944
1,490183
0,5235261
-0,900589
1,630756
0,5816194
-0,9171004
1,772648
0,6281482
-1,007756
1,935931
0,6834266
-1,088097
2,12923
0,7468148
-1,109812
2,310155
0,8129441
-1,114235
2,490663
0,8525996
-1,164949
2,625787
0,8922448
-1,195178
2,7618
0,9492722
-1,127101
2,879666
0,9907235
-1,105638
2,967371
1,016831
-1,10729
3,018179
1,051064
-1,080838
3,082109
1,06284
-1,108129
3,119847
1,040146
-1,227592
3,126908
1,025947
-1,324574
3,127224
1,043488
-1,323994
3,141794
1,046129
-1,369971
3,148388
1,045715
-1,417188
3,157968
1,059379
-1,428164
3,185074
1,074326
-1,426344
3,196626
1,073674
-1,459549
3,188202
1,064605
-1,49494
3,144788
1,041055
-1,543467
3,061719
1,033854
-1,517399
2,953949
1,017544
-1,41262
2,80822
0,9576756
-1,33741
2,663614
0,8886741
-1,255048
2,513775
0,8172659
-1,168726
2,367048
0,7388488
-1,061687
2,184497
0,6814885
-1,021806
2,009722
0,9603463
-0,463622
1,863544
0,8664987
-0,4145969
1,708478
0,8099207
-0,4233337
1,569721
0,7724943
-0,06684631
1,482689
0,4413192
-0,510328
1,411099
0,316496
-0,2096513
0,9150426
0,2752416
-0,08162638
0,744405
0,3203939
0,0263485
0,7984605
0,2355899
0,0768411
0,5328501
0,190078
0,008941779
0,4046596
0,06504557
-0,03789667
0,07348075
-0,003889703
0,09119526
0,02954081
-0,03600902
0,05444942
0,04051752
-0,0292699
0,02183382
0,01798821
-0,01975255
-0,008962739
0,01235842
-0,03209963
-0,04646005
0,03174838
-0,09743813
-0,2771596
0,181891
-0,09874694
-0,3355578
0,2062311
-0,06739845
-0,2199619
0,1488513
-0,09437046
-0,3941197
0,2232796
-0,06022368
-0,2478518
0,1531978
-0,08381783
-0,324234
0,2130586
-0,0702261
-0,3520384
0,1963916
-0,05020029
-0,2370844
0,1469797
-0,08208965
-0,3643702
0,2346099
-0,07811874
-0,291425
0,2221278
-0,1151719
-0,3767286
0,3168729
-0,165439
-0,4189221
0,4425751
-0,1085811
-0,1942309
0,2960964
-0,162183
-0,1450905
0,4300172
-0,1525565
-0,1628764
0,4066012
-0,1512744
-0,2528158
0,4225
-0,1512744
-0,2528158
0,4225
-0,1808413
-0,4160204
0,4925683
-0,1505422
-0,5229397
0,6014009
-0,1505422
-0,5229397
0,6014009
-0,7909315
-1,45371
1,811975
closestDistance
0,3028733
0,2965548
0,2824384
0,2717365
0,2638865
0,2566161
0,2463922
0,2357928
0,2308718
0,2206675
0,210434
0,2044832
0,195502
0,1894295
0,1868439
0,1772005
0,1696995
0,1641058
0,159439
0,1540911
0,149107
0,1452305
0,1363173
0,1277962
0,1209181
0,1154352
0,1106476
0,1057079
0,1019905
0,09707247
0,08568424
0,08446432
0,09049413
0,08970695
0,08908403
0,09562969
0,09377109
0,09344857
0,09354055
0,09383389
0,09467711
0,09349054
0,09639411
0,0968834
0,0933603
0,0900265
0,09050755
0,08434348
0,07805268
0,07548637
0,07390192
0,07801691
0,0704626
0,05994811
0,05531988
0,05381456
0,06161004
0,04126491
0,03838181
0,04140467
0,04049433
0,04178464
0,0413424
0,03544422
0,03737933
0,03653698
0,03672514
0,03744736
0,04022152
0,04227069
0,04318674
0,05023136
0,05379221
0,05526449
0,05955449
0,04912215
0,05360065
0,05813848
0,06028046
0,06743606
0,07575354
0,07734864
0,0783183
0,08269724
0,08206492
0,0881059
0,08887945
0,0879159
0,09562964
0,09184499
0,09609001
0,09415942
0,09424806
0,101476
0,1058673
0,08876601
0,09578491
0,09193513
0,08965424
0,08726957
0,09390101
0,09089141
0,08792339
0,09427418
0,09991725
0,09698092
0,09383226
0,1067382
0,1100452
0,1077422
0,1094384
0,1107208
0,1120412
0,1136182
0,1072149
0,1127771
0,1140247
0,1155603
0,117591
0,1197466
0,1093595
0,1116538
0,1143518
0,1175807
0,1131284
0,1182402
0,1102302
0,1156888
0,1211051
0,1188425
0,1198985
0,1186594
0,1235927
0,1130063
0,1190927
0,1101983
0,1155215
0,1143304
0,1218523
0,123501
0,1212698
0,1228455
0,09919292
0,101611
0,100174
0,101127
0,0969222
0,09892341
0,09664685
0,09702467
0,09611156
0,09507725
0,09373225
0,09082768
0,1157042
0,1137444
0,1121267
0,1104547
0,09286309
0,09346251
0,09566322
0,1158444
0,1197879
0,124809
0,1041352
0,1009787
0,09929372
0,1096909
0,1136075
0,1076352
0,1087319
0,1081149
0,1078694
0,114762
0,1097686
0,1040876
0,1062817
0,1086336
0,1038047
0,1058102
0,1076515
0,10105
0,09322217
0,09117566
0,0888859
0,08585234
0,09116139
0,08640988
0,1058214
0,1014902
0,1060062
0,1093997
0,108426
0,107953
0,1073249
0,106864
0,1064344
0,1149225
0,1147167
0,1146566
0,1145922
0,1161135
0,1115116
0,1134331
0,119175
0,1118599
0,1105421
0,1106764
0,110537
0,1134821
0,1135106
0,1136914
0,1139022
0,1154852
0,1160593
0,1091088
0,1092923
0,1116455
0,1133909
0,1143962
0,1074819
0,1079658
0,1083264
0,1085669
0,1123371
0,112683
0,1126787
0,1132049
0,113548
0,1139147
0,1144039
0,1146859
0,1151678
0,1155657
0,1159964
0,1103416
0,111765
0,1143651
0,1157036
0,1170298
0,1180965
0,1122705
0,1094703
0,11051
0,110483
0,1108133
0,1106826
0,110832
0,1114392
0,1113736
0,1113787
0,1114268
0,1116518
0,112128
0,1120915
0,1121472
0,1122293
0,1123198
0,1123951
0,1124827
0,112574
0,1126304
0,1126924
0,112742
0,1128133
0,1129126
0,1131959
0,1135206
0,1106609
0,1111416
0,1116721
0,1119587
0,1040747
0,1036854
0,102921
0,1008509
0,09924529
0,1108575
0,1059547
0,1051512
0,1500601
0,1498744
0,1433237
0,1434522
0,142079
0,148437
0,1461242
0,1452134
0,1450294
0,1448486
0,1336696
0,1382923
0,1374657
0,1385668
0,1400727
0,1346212
0,1345008
0,134569
0,134419
0,1336114
0,1361388
0,1510794
0,1666545
0,1939821
0,2214015
0,115074
0,124402
0,1131062
0,1264846
0,1439057
0,135538
0,1371997
0,1435852
0,1418353
0,141481
0,1429217
0,1156496
0,09046836
0,09227778
0,1170311
0,09063792
0,1139008
0,1112305
0,1115118
0,1153965
0,1215753
0,1204179
0,1467948
0,111178
0,1126322
0,1475834
0,1460193
0,1510573
0,1062626
0,1395779
0,1398294
0,1399902
0,1401147
0,1407772
0,1420329
0,1442931
0,1386992
0,151285
0,1563836
0,107469
0,1048601
0,1040209
0,1506648
0,10351
0,1036216
0,1036169
0,1037312
0,1040497
0,1041704
0,09910648
0,09792737
0,09598913
0,09434478
0,08569141
0,08629031
0,08675539
0,08728468
0,08783329
0,08828215
0,08875316
0,08923718
0,08965722
0,0900472
0,0904026
0,09063669
0,09641032
0,09677786
0,09717736
0,09740211
0,09763278
0,09759941
0,1042858
0,1038649
0,1035992
0,105039
0,1047627
0,1044706
0,1041338
0,1037298
0,1033574
0,1030023
0,1026417
0,1023046
0,1087977
0,1084109
0,1079783
0,1075237
0,1070191
0,1062816
0,1055915
0,1049105
0,1040653
0,1036217
0,1032669
0,1027513
0,102539
0,1024258
0,1021883
0,1014964
0,1006057
0,09956352
0,08563611
0,097701
0,09674777
0,09562309
0,09413436
0,09253189
0,09128277
0,09017134
0,08918428
0,08839217
0,08928442
0,09097514
0,0990048
0,09582486
0,09816898
0,100076
0,09992784
0,09988403
0,0998964
0,09992778
0,1000089
0,1001054
0,1001784
0,1003135
0,1004603
0,1006836
0,1018706
0,104307
0,1075833
0,103762
0,1051639
0,1061295
0,09927309
0,09955666
0,09956029
0,09931509
0,08956137
0,08814103
0,1787633
0,1763815
0,1743973
0,1736262
0,1737263
0,1720941
0,1704619
0,1689973
0,1682812
0,1659374
0,1718028
0,1719498
0,1739326
0,1768872
0,1815572
0,181903
0,1813385
0,1803399
0,1810475
0,1870458
0,182643
0,1870476
0,1978472
0,2030101
0,09059379
0,08442961
0,08824776
0,09161047
0,08618163
0,08948736
0,09083743
0,08112205
0,08101778
0,0753348
0,07550114
0,07741733
0,03872367
0,03503287
0,05217616
0,05562452
0,05802025
0,05101528
0,05109648
0,05067258
0,05847423
0,06004875
0,0548822
0,05800907
0,05838387
0,05732454
0,05518819
0,05088603
0,0468553
0,05153183
0,04784521
0,09425855
0,09851559
0,101873
0,09740631
0,1034042
0,09784894
0,1017181
0,09515809
0,09823272
0,1003732
0,09216491
0,09356168
0,09453913
0,09731845
0,1007556
0,1034693
0,09633836
0,09886503
0,1008039
0,1047566
0,08471175
0,08797672
0,09025974
0,09157066
0,09225127
0,08637481
0,08866357
0,08895534
0,09179471
0,09446634
0,09013008
0,0832438
0,08599777
0,0883047
0,07706122
0,0784224
0,08067539
0,09081059
0,09335046
0,09609733
0,09131213
0,09451392
0,08512805
0,07983412
0,08201142
0,08377473
0,08484781
0,08543918
0,08598962
0,08713119
0,08846015
0,08177977
0,08167742
0,08922712
0,08840921
0,08745077
0,08702806
0,08709218
0,08733872
0,08813456
0,08919663
0,09054621
0,09187303
0,0931292
0,09003399
0,09076669
0,09111134
0,09105819
0,09001582
0,09273662
0,09221148
0,09254276
0,09502186
0,09818818
0,09696009
0,09901496
0,1007468
0,1021785
0,09538445
0,09693729
0,09787872
0,09072922
0,09216816
0,09401507
0,08285319
0,0849506
0,0870483
0,08908086
0,09164332
0,09422817
0,09648491
0,08375151
0,09544456
0,09281642
0,09136491
0,09375409
0,0786111
0,07346138
0,07587519
0,07522096
0,07696673
0,07931355
0,08320139
0,07942827
0,07480137
0,07816344
0,07677365
0,08119115
0,08490502
0,09099504
0,09649383
0,09970442
0,09472854
0,1000843
0,09336895
0,09684797
0,08894897
0,09022784
0,09053695
0,08860849
0,08754722
0,08724225
0,08714452
0,0898931
0,09116659
0,09255941
0,09449655
0,09636223
0,09869049
0,09151859
0,09473873
0,09698058
0,1002624
0,09256761
0,09751149
0,09218607
0,09634457
0,08514461
0,08792043
0,0876903
0,08798208
0,08762654
0,08942937
0,08867955
0,08717918
0,08770403
0,08462057
0,08147314
0,0792175
0,07017618
0,0627909
0,1694502
0,1559418
0,1483447
0,1343772
0,1344146
0,1345716
0,1348491
0,1349396
0,1344335
0,1351817
0,1355931
0,1363414
0,1365389
0,1375528
0,1381396
0,1382369
0,1385851
0,1391586
0,1402804
0,1424857
0,1453962
0,1496432
0,1560099
0,1664147
0,1958394
0,09880617
0,1075914
0,08087554
0,08132754
0,09575082
0,09567351
0,09557284
0,09554704
0,09553903
0,09578833
0,09712116
0,1020326
0,1108982
0,1085191
0,1048238
0,1081033
0,09871601
0,09618434
0,09606981
0,09407559
0,09471563
0,0891199
0,09446635
0,08684555
0,09168054
0,09694278
0,09005059
0,09637702
0,07412881
0,09424247
0,09832381
0,09172544
0,08572484
0,08502407
0,09530224
0,07981712
0,081404
0,0782955
0,08703423
0,08604217
0,0810827
0,08396377
0,08920375
0,08370984
0,08754838
0,08376368
0,07722718
0,07970946
0,0827301
0,08152943
0,08177595
0,09322522
0,0888201
0,09621029
0,08247742
0,09040724
0,08595005
0,08739293
0,09202768
0,08862185
0,0895528
0,09767313
0,09194593
0,08555515
0,09166692
0,09300116
0,09132047
0,08588249
0,09359913
0,09242693
0,09283341
0,1033808
0,09756176
0,09858871
0,0988815
0,09857755
0,09954251
0,1026536
0,09160154
0,08924932
0,09304161
0,09123504
0,09182511
0,08793761
0,08911459
0,08593978
0,07804696
0,07809244
0,06569058
0,0617511
0,05188508
0,05272906
0,1088528
0,1079347
0,1122192
0,1098768
0,1094836
0,1085386
0,1112385
0,1101027
0,1080618
0,06417964
0,07056419
0,08695512
0,0919071
0,08444382
0,0832149
0,08216587
0,08125661
0,08078375
0,08018306
0,08008951
0,08009893
0,07995306
0,07924272
0,08600103
0,08552065
0,08491133
0,08493021
0,084984
0,0847521
0,0850822
0,07753297
0,07200788
0,138888
0,1345811
0,09710988
0,1083194
0,0860034
0,09583081
0,09876448
0,09915237
0,09925392
0,09930281
0,09934878
0,09929416
0,09914996
0,09882539
0,0986086
0,09848076
0,09846634
0,09849706
0,09852473
0,09853546
0,09853645
0,09849336
0,09842356
0,09840393
0,09825335
0,09809967
0,09809618
0,09790821
0,09772428
0,09759076
0,09698086
0,09617769
0,09521674
0,09385352
0,09179748
0,08895541
0,0845442
0,07971928
0,07700793
0,07122377
0,05966582
0,04783694
0,08725226
0,07300892
0,08529981
0,08796124
0,0726646
0,07547068
0,07867859
0,07418731
0,07482153
0,07388926
0,06322381
0,06100025
0,08736566
0,07900101
0,08028417
0,08239454
0,08469572
0,08613949
0,08768495
0,08009721
0,08132887
0,08314902
0,08512102
0,08713959
0,07876927
0,07986839
0,08093429
0,08210921
0,08372039
0,08574893
0,09983407
0,1013038
0,09235682
0,09200522
0,09000307
0,08915242
0,08914396
0,08256239
0,08477072
0,09564283
0,09710955
0,09891642
0,08379641
0,08600259
0,07939454
0,08167426
0,08312058
0,08414607
0,0857612
0,07800885
0,07946239
0,08058404
0,0891014
0,09026285
0,08452633
0,07651823
0,07792436
0,07919265
0,08016741
0,08101433
0,08276331
0,09229008
0,07815649
0,07949762
0,08125824
0,0794474
0,08080022
0,08369675
0,08587604
0,09708818
0,08829536
0,08975044
0,08141851
0,08290038
0,08350381
0,08407156
0,0849868
0,0866491
0,08829844
0,08988287
0,09085197
0,09209415
0,0935134
0,09472498
0,09610987
0,09752127
0,09878423
0,09979618
0,1008004
0,1018136
0,09463813
0,08567028
0,08697332
0,08817548
0,09073764
0,09375167
0,08631772
0,08868348
0,09077774
0,09271189
0,08290547
0,08367429
0,08491223
0,08632684
0,08771426
0,1511744
0,1523596
0,1590183
0,0964312
0,08861059
0,07100699
0,07072879
0,07046918
0,09006415
0,09112448
0,09243863
0,1040656
0,08880132
0,08748254
0,08781298
0,08771186
0,09670792
0,08646192
0,08748116
0,08866792
0,08986787
0,09079664
0,09110992
0,09105088
0,09099442
0,09094035
0,09028399
0,09010984
0,08980146
0,140982
0,08951279
0,08961468
0,08977675
0,0899414
0,08989775
0,1381225
0,1328634
0,1386085
0,1360372
0,1086867
0,1377245
0,1062498
0,1306399
0,1338091
0,1328202
0,1321661
0,1315828
0,1317029
0,1317382
0,1313057
0,1266067
0,1337386
0,1314158
0,1296174
0,1282019
0,1270688
0,1315248
0,1298403
0,1286095
0,127811
0,1273521
0,1272452
0,1273483
0,1270124
0,09824874
0,09713981
0,09553237
0,1294937
0,1277312
0,1252582
0,09457751
0,09813147
0,09518031
0,1003831
0,09774103
0,07684755
0,08060047
0,08193362
0,08504104
0,08411844
0,08624898
0,08785477
0,09748589
0,0986741
0,09944156
0,09545049
0,09362915
0,09200513
0,08642971
0,08181096
0,07972866
0,0649876
0,05212246
0,1044558
0,1168656
0,1101727
0,1109256
0,1183742
0,1114201
0,11171
0,1135028
0,1066247
0,1082659
0,1115181
0,1115987
0,1117311
0,1118242
0,1117713
0,1080653
0,1080599
0,09612565
0,107191
0,07732277
0,1091641
0,1076457
0,03550612
0,1016548
0,09023076
0,1010195
0,09579843
0,09375962
0,1036691
0,09793928
0,09300885
0,08355472
0,07214934
0,1330536
0,07392745
0,07077355
0,07939535
0,09148166
0,09040553
0,08702251
0,08413452
0,07896749
0,06787461
0,1516605
0,1550685
0,1642734
0,1763659
0,1747115
0,08430774
0,09115473
0,09325287
0,08320084
0,08385041
0,0849286
0,08773338
0,08580604
0,1581503
0,1605272
0,1597045
0,1590671
0,1585343
0,1500505
0,1503702
0,1513831
0,1482014
0,1486025
0,1496883
0,1471937
0,1487264
0,1521938
0,147535
0,1516486
0,1578273
0,1623287
0,1591967
0,09683761
0,08947638
0,09531917
0,09322878
0,09684011
0,09777948
0,09824076
0,0976372
0,1011984
0,09937929
0,1063572
0,1158706
0,106296
0,1106167
0,114674
0,1092197
0,1119852
0,1206306
0,1147657
0,1092258
0,1171913
0,1264044
0,1171752
0,1187408
0,1165336
0,1159146
0,1121427
0,1077219
0,1139904
0,1097514
0,1097732
0,1105542
0,1144536
0,118481
0,1145741
0,1155656
0,1099407
0,1099473
0,1192332
0,1251345
0,1194465
0,1148859
0,1116512
0,1166894
0,1168206
0,1126921
0,1222053
0,07118962
0,05271836
0,03885164
0,1639563
0,1624576
0,16201
0,1612856
0,1527903
0,1577417
0,1548518
0,06248317
0,05459471
0,06741964
0,06459014
0,06623686
0,07482349
0,1101898
0,1103219
0,1117564
0,1144381
0,109086
0,1116966
0,1088872
0,1079536
0,1017929
0,08559912
0,09205634
0,09600037
0,0959769
0,09596229
0,09596229
0,09596228
0,09596228
0,09596228
0,09596228
0,09596229
0,09596228
0,09596228
0,09596227
0,09596227
0,09596227
0,09596227
0,09596227
0,09596227
0,09596227
0,09596227
0,09596227
0,09596227
0,09596227
0,09596227
0,09596227
0,09596227
0,09596227
0,09596227
0,09596227
0,09596227
0,09596227
0,09596227
0,09596227
0,09596226
0,09596227
0,09596227
0,09596227
0,09596227
0,09596227
0,09596227
0,08058567
0,06610419
0,06038163
0,05032107
0,06383751
0,06091268
0,06980983
0,06983942
0,07169225
0,073001
0,07320899
0,07160679
0,06834021
0,07045676
0,07211269
0,07433965
0,06203138
0,06508837
0,06604827
0,06705301
0,07317787
0,07462529
0,07802528
0,07786439
0,08453651
0,09087756
0,09218549
0,09344142
0,09049051
0,08703381
0,08840135
0,08547849
0,08778312
timeStamps
6,285161
6,299422
6,313214
6,326479
6,340549
6,354436
6,368601
6,382565
6,396378
6,410407
6,424594
6,438241
6,452394
6,466152
6,479993
6,493686
6,507595
6,521795
6,535677
6,549693
6,563578
6,577974
6,591895
6,60587
6,620347
6,634961
6,647853
6,66166
6,675688
6,689342
6,715972
6,731455
6,757667
6,773261
6,799584
6,814604
6,841576
6,869719
6,885363
6,910987
6,92712
6,95291
6,967988
6,994581
7,010649
7,036545
7,052154
7,078156
7,093147
7,108163
7,133671
7,150054
7,175525
7,203581
7,231141
7,247203
7,273048
7,301452
7,328889
7,35726
7,384658
7,412625
7,440536
7,468828
7,496327
7,52433
7,540207
7,566236
7,594054
7,621866
7,649423
7,676984
7,705382
7,733619
7,76089
7,788876
7,816407
7,844728
7,87264
7,900274
7,928216
7,955472
7,971921
7,997373
8,025218
8,053296
8,081135
8,108866
8,137115
8,164981
8,192878
8,220651
8,248123
8,275929
8,303955
8,331841
8,359522
8,38745
8,415416
8,443295
8,471331
8,499067
8,52636
8,554906
8,58262
8,61021
8,638274
8,66578
8,69342
8,721501
8,749464
8,7772
8,804791
8,832938
8,860835
8,888621
8,916588
8,94441
8,972187
9,000092
9,027769
9,056126
9,083598
9,111397
9,139261
9,16738
9,195015
9,222769
9,250817
9,278378
9,306347
9,334284
9,362095
9,389808
9,417744
9,445552
9,473413
9,501391
9,529052
9,556947
9,584721
9,612918
9,640944
9,668349
9,696334
9,72396
9,751944
9,779702
9,807316
9,835383
9,863454
9,891345
9,919284
9,947072
9,974811
10,00241
10,03007
10,05854
10,08575
10,11391
10,14147
10,16958
10,19754
10,22506
10,25326
10,28081
10,30877
10,33673
10,3643
10,39214
10,4201
10,44792
10,47613
10,50364
10,53135
10,55924
10,58718
10,61497
10,64295
10,67086
10,6988
10,72622
10,75405
10,78196
10,80978
10,83779
10,86556
10,89342
10,92126
10,94919
10,97717
11,0048
11,03259
11,06077
11,08833
11,11623
11,14391
11,17193
11,19979
11,22759
11,25534
11,28329
11,31129
11,33895
11,36689
11,39476
11,42251
11,45036
11,4781
11,50645
11,53374
11,56157
11,5898
11,61733
11,64517
11,67315
11,70097
11,72899
11,75663
11,78432
11,81223
11,84025
11,86804
11,89587
11,92368
11,9516
11,97996
12,00743
12,03505
12,06305
12,0908
12,1191
12,14648
12,17498
12,20217
12,23009
12,25802
12,28583
12,31385
12,34154
12,36982
12,39713
12,42544
12,45296
12,48053
12,50857
12,53654
12,56425
12,5922
12,61992
12,64808
12,67577
12,70341
12,73144
12,75917
12,78709
12,8148
12,84272
12,87084
12,89837
12,92623
12,95416
12,982
13,00987
13,03754
13,06549
13,09338
13,12122
13,14896
13,17701
13,20467
13,23254
13,26062
13,28875
13,31642
13,34413
13,37171
13,3997
13,42756
13,4556
13,48306
13,51097
13,53916
13,56676
13,59467
13,62242
13,65012
13,67795
13,70604
13,73408
13,76181
13,78941
13,81722
13,8455
13,87304
13,90105
13,92871
13,95627
13,98446
14,01242
14,04007
14,06797
14,09588
14,12347
14,1513
14,17918
14,20697
14,22199
14,24856
14,26226
14,27655
14,29056
14,30416
14,31814
14,33212
14,34621
14,35999
14,37392
14,38793
14,40203
14,41587
14,43027
14,44392
14,45751
14,4716
14,48538
14,49926
14,5132
14,52724
14,54111
14,55506
14,56899
14,58308
14,59671
14,61085
14,62455
14,63893
14,65249
14,66653
14,68054
14,69469
14,70826
14,72212
14,73587
14,75011
14,76386
14,77773
14,79176
14,80608
14,81947
14,8336
14,84752
14,86144
14,87526
14,88916
14,90312
14,91704
14,9309
14,94495
14,9588
14,97269
14,98673
15,00064
15,01442
15,02837
15,0425
15,05626
15,0701
15,08404
15,09836
15,11196
15,12573
15,14004
15,15381
15,16753
15,18145
15,19582
15,20936
15,22336
15,2374
15,25119
15,26527
15,27895
15,29302
15,30686
15,32106
15,33475
15,34861
15,36245
15,37651
15,39047
15,40467
15,4182
15,43252
15,44594
15,45987
15,47378
15,48777
15,50169
15,51565
15,52988
15,54359
15,55763
15,57138
15,58529
15,59915
15,61308
15,62698
15,64103
15,6549
15,66901
15,6832
15,69696
15,71064
15,72443
15,73836
15,75241
15,76617
15,78048
15,79404
15,80819
15,8219
15,83607
15,84971
15,86366
15,87757
15,89153
15,90583
15,91936
15,93326
15,94732
15,96112
15,97531
15,98905
16,00291
16,01709
16,03073
16,04461
16,05862
16,07261
16,08642
16,10039
16,11433
16,12826
16,14215
16,15605
16,17002
16,18394
16,19795
16,21221
16,22568
16,23969
16,25383
16,2674
16,28138
16,2956
16,30921
16,3233
16,33717
16,35095
16,36491
16,37881
16,39308
16,4066
16,42054
16,43452
16,44859
16,46241
16,4764
16,49027
16,50444
16,51803
16,53197
16,54597
16,5598
16,57374
16,58796
16,60165
16,61568
16,62955
16,64341
16,65741
16,67138
16,68509
16,69899
16,71311
16,7268
16,7408
16,75474
16,76869
16,78277
16,79649
16,81051
16,82439
16,83828
16,85262
16,86608
16,88038
16,89423
16,90783
16,92181
16,93572
16,94964
16,96362
16,97778
16,9914
17,00527
17,01949
17,03315
17,04705
17,06147
17,07489
17,08903
17,10272
17,11668
17,13054
17,14485
17,15836
17,17237
17,18659
17,20024
17,21438
17,22826
17,24212
17,25594
17,27016
17,28373
17,2977
17,31166
17,3258
17,33946
17,3536
17,36762
17,38104
17,39537
17,40897
17,42311
17,43697
17,45096
17,46479
17,479
17,49268
17,50683
17,52034
17,53444
17,54868
17,56234
17,57611
17,59008
17,60403
17,61794
17,63217
17,64577
17,65968
17,67356
17,68755
17,70158
17,71529
17,72969
17,7432
17,75742
17,77114
17,78512
17,7989
17,81306
17,82677
17,84065
17,85464
17,86869
17,88251
17,89663
17,91028
17,92427
17,93814
17,95203
17,96595
17,97986
17,9938
18,00831
18,02184
18,03545
18,04984
18,06328
18,07723
18,09121
18,10518
18,11941
18,13304
18,14705
18,16125
18,17551
18,18862
18,20254
18,21646
18,23036
18,2444
18,25849
18,27271
18,28643
18,30004
18,31401
18,32774
18,34197
18,35746
18,37157
18,39707
18,41209
18,42708
18,45273
18,46782
18,49458
18,51019
18,53612
18,55131
18,57805
18,59335
18,62004
18,63601
18,66134
18,67683
18,70322
18,71894
18,74538
18,76138
18,78661
18,80259
18,829
18,8565
18,87246
18,89798
18,9142
18,93982
18,95602
18,98145
19,00997
19,03767
19,06558
19,09345
19,12133
19,14935
19,17713
19,20502
19,23337
19,26109
19,28893
19,3166
19,34439
19,37206
19,4001
19,42798
19,45588
19,48362
19,51122
19,53917
19,56713
19,59517
19,62285
19,65048
19,67848
19,70644
19,73427
19,7621
19,78973
19,81782
19,8455
19,87354
19,9012
19,92917
19,95664
19,98482
20,01261
20,04057
20,06841
20,09626
20,12403
20,15185
20,17946
20,20742
20,2351
20,26339
20,29081
20,31859
20,34649
20,37507
20,40219
20,43049
20,45804
20,48625
20,51365
20,54159
20,56945
20,59717
20,62505
20,65329
20,68072
20,70857
20,73714
20,76416
20,79228
20,81992
20,84778
20,87565
20,90347
20,93126
20,95939
20,98701
21,01472
21,04269
21,0705
21,09847
21,1262
21,15408
21,18198
21,20977
21,23802
21,26579
21,29325
21,32123
21,34898
21,37692
21,40488
21,4327
21,46041
21,48842
21,51613
21,54395
21,57204
21,5998
21,62754
21,65554
21,68339
21,71086
21,73898
21,76674
21,79487
21,82222
21,85006
21,87819
21,90576
21,93369
21,96163
21,98936
22,01718
22,04508
22,07301
22,10089
22,12862
22,15644
22,18431
22,21217
22,24005
22,26814
22,2961
22,3238
22,35135
22,37907
22,4072
22,43485
22,46273
22,49059
22,51856
22,54627
22,57409
22,60207
22,62997
22,65793
22,68554
22,71359
22,74138
22,76939
22,79732
22,82459
22,85254
22,88036
22,90859
22,93623
22,96425
22,9917
23,00685
23,03327
23,04787
23,06335
23,08881
23,10436
23,11859
23,14404
23,15859
23,17293
23,18826
23,21374
23,22816
23,24347
23,26976
23,28457
23,31129
23,32601
23,3416
23,36688
23,38126
23,39513
23,40889
23,42285
23,43708
23,4509
23,46526
23,47884
23,49283
23,50689
23,52072
23,53464
23,54858
23,56282
23,57631
23,59029
23,60442
23,61863
23,63214
23,6461
23,66024
23,67391
23,68786
23,70193
23,71588
23,72967
23,74369
23,75765
23,77165
23,78552
23,79962
23,81329
23,82738
23,84112
23,8551
23,86903
23,88294
23,89717
23,91073
23,92477
23,93851
23,95297
23,96634
23,98034
23,99458
24,00818
24,02209
24,03601
24,05
24,06389
24,0781
24,09171
24,10575
24,12001
24,13346
24,14747
24,16144
24,17523
24,18916
24,20317
24,21712
24,23082
24,24483
24,25875
24,27271
24,2867
24,30059
24,31465
24,32861
24,34233
24,35638
24,37014
24,38413
24,39806
24,41211
24,42587
24,43999
24,45394
24,46779
24,48155
24,49556
24,50942
24,5233
24,53755
24,55112
24,56498
24,57928
24,59291
24,60685
24,62086
24,6347
24,64867
24,66255
24,67643
24,69037
24,70466
24,71829
24,73218
24,74658
24,76002
24,77403
24,78829
24,80181
24,81562
24,82958
24,84346
24,85738
24,87131
24,88528
24,89932
24,9131
24,92712
24,94104
24,9552
24,96883
24,9827
24,99702
25,01051
25,02451
25,03843
25,05245
25,06632
25,08074
25,09412
25,10813
25,12241
25,13585
25,14985
25,16403
25,17776
25,19163
25,20569
25,21936
25,23329
25,24755
25,2611
25,27538
25,28954
25,30343
25,31719
25,33126
25,34494
25,35925
25,37329
25,3864
25,40042
25,41441
25,4283
25,44244
25,45658
25,47037
25,48397
25,49827
25,51177
25,52565
25,53945
25,55375
25,5674
25,58137
25,59541
25,60941
25,6236
25,63758
25,65105
25,66544
25,67879
25,69257
25,70668
25,72049
25,73449
25,74881
25,76255
25,77658
25,79055
25,80435
25,81802
25,83203
25,84592
25,85992
25,87367
25,88765
25,90193
25,91559
25,9297
25,9444
25,95819
25,97265
25,98727
26,01249
26,02638
26,04031
26,05448
26,06845
26,08268
26,09714
26,111
26,12519
26,13964
26,16556
26,17948
26,19395
26,20777
26,22155
26,2353
26,24951
26,26387
26,27758
26,29177
26,30642
26,32057
26,33451
26,34851
26,36226
26,37597
26,38945
26,40327
26,41709
26,43048
26,4446
26,45928
26,47265
26,48652
26,50073
26,51568
26,54065
26,55599
26,57026
26,59628
26,61072
26,62531
26,63925
26,6532
26,6672
26,68164
26,70841
26,72283
26,73768
26,75132
26,76566
26,78045
26,8056
26,81994
26,83369
26,84798
26,86149
26,87557
26,8897
26,90419
26,91759
26,93162
26,94652
26,96012
26,97419
26,98856
27,00231
27,02885
27,04269
27,05692
27,2244
27,25196
27,26804
27,29429
27,32179
27,34984
27,3773
27,40553
27,4331
27,46136
27,48888
27,50459
27,53022
27,5456
27,57215
27,60026
27,62801
27,65593
27,67142
27,69767
27,72549
27,75322
27,78098
27,80878
27,83692
27,86494
27,8927
27,92059
27,94823
27,97615
28,00422
28,03216
28,05975
28,07589
28,10102
28,12902
28,15727
28,18483
28,21274
28,24061
28,26851
28,29631
28,32437
28,35199
28,3802
28,40783
28,43585
28,46339
28,49138
28,51945
28,54727
28,57468
28,60273
28,63049
28,65862
28,6862
28,71395
28,74184
28,76986
28,7976
28,82553
28,85321
28,88103
28,9092
28,93693
28,96479
28,99256
29,02045
29,04835
29,07616
29,10401
29,1319
29,15956
29,18747
29,21541
29,2433
29,27121
29,29891
29,32656
29,35471
29,38245
29,41031
29,43797
29,46578
29,49378
29,52167
29,54949
29,57737
29,60494
29,63285
29,66077
29,68873
29,71659
29,74425
29,77188
29,8001
29,82798
29,85589
29,88354
29,9111
29,93909
29,96723
29,99539
30,02286
30,05029
30,07833
30,10625
30,13418
30,16221
30,18992
30,21748
30,24552
30,27374
30,30137
30,32898
30,35689
30,38488
30,41274
30,44032
30,46827
30,4962
30,52361
30,55197
30,57964
30,60765
30,63532
30,66289
30,69084
30,71869
30,74648
30,77455
30,80241
30,83024
30,85803
30,88569
30,91365
30,9416
30,96966
30,99727
31,025
31,05285
31,08124
31,10859
31,13644
31,16445
31,19221
31,22006
31,24808
31,27618
31,30379
31,33169
31,35933
31,38743
31,41506
31,44287
31,4706
31,49868
31,52666
31,55429
31,58241
31,61006
31,63739
31,66565
31,69343
31,72131
31,749
31,77677
31,80482
31,83281
31,86097
31,88844
31,91604
31,94414
31,97169
31,99987
32,02761
32,05541
32,08336
32,11124
32,13869
32,16685
32,19461
32,22254
32,25011
32,2781
32,30573
32,33366
32,36182
32,38972
32,41751
32,44547
32,47293
32,501
32,52864
32,55682
32,58452
32,61235
32,62846
32,64408
32,65976
32,68631
32,70214
32,71827
32,73262
