participantNumber
12
repetitionNum
5
sdfEnabled
1
taskTime
24,37815
numHits
54
positionDifference
0,1573848
angleDifference
163,2549
finalPosX
-0,02116951
finalPosY
-0,06954779
finalPosZ
0,8453166
finalRotX
42,396
finalRotY
181,8302
finalRotZ
317,2603
taskType
complexWire
velocityMagnitude
0,1623342
0,3185104
0,08505148
0,3096809
0,004721926
0,004721926
0,001788281
0,5216217
0,04784951
0,4826009
0,2056911
0,3256318
0,8079551
0,789511
0,3755566
0,3383175
0,4855745
0,1876869
0,1876869
0,07076004
0,1194364
0,1369094
0,1138619
0,0847142
0,07577323
0,07208917
0,2894588
0,4187965
0,06529041
0,223583
0,4548938
0,3249385
0,1609216
0,1609216
0,2402898
0,2291421
0,1222869
0,2717648
0,4265157
0,4337981
0,2355992
0,2856146
0,1665301
0,1087043
0,07928362
0,07928362
0,1410507
0,1806038
0,1218413
0,09076488
0,04561104
0,04994857
0,1719701
0,1696439
0,1486932
0,2223027
0,2866238
0,310263
0,3009715
0,3627595
0,4128147
0,1812213
0,186286
0,2810211
0,20966
1,116104
0,1475707
0,1427669
0,2026626
0,2390511
0,2187622
1,347159
1,278124
0,857944
1,103643
1,140934
0,3600748
0,2965526
1,168476
1,407423
1,521317
1,531653
1,473201
1,043634
1,209499
1,316906
1,506631
0,3847484
0,2569523
0,06856997
0,1896566
0,0329389
0,001722406
0,03350687
0,0295049
0,0680035
0,01895101
0,1866882
0,1276698
0,2687808
1,246927
0,4622293
1,900895
0,9998705
2,039274
0,07760141
0,1401346
0,022072
0,06973192
0,2131234
0,1458923
0,2747932
0,9090978
0,4071968
0,3508498
0,06351667
0,09326778
0,06822491
0,2145517
0,1042776
0,05039348
0,1539454
0,09219281
0,11729
0,1528907
0,07208367
0,1039184
0,1521063
0,04017404
0,1413824
0,04323223
0,1508976
0,08419542
0,0335959
0,08409382
0,03424487
0,07261483
0,02722267
0,01596907
0,1588223
0,01292706
0,01755954
0,1937037
0,04534363
0,2159205
0,06509448
0,1304786
0,1157869
0,1280047
0,2668096
0,4213363
0,8115947
1,007348
1,108495
1,301872
1,408214
0,7260953
0,8325728
0,8756822
0,6797046
0,431421
0,431421
0,3579624
0,3288026
0,3778395
0,4294815
0,4294815
0,489503
0,5589889
0,6385511
0,6385511
0,729362
0,8274702
0,8274702
0,9429185
1,076845
1,076845
1,232212
1,431346
1,195099
1,195099
1,357355
1,228583
1,228583
1,125584
1,087428
1,087428
0,9199313
0,8295017
0,7501503
0,7501503
0,7218404
0,5995889
0,5995889
0,5559029
0,5042307
0,5042307
0,4689658
0,4794898
0,4794898
0,5576876
0,6761195
0,5229627
0,5229627
0,2517844
0,2459634
0,2459634
0,2604931
0,2365358
0,2365358
0,2358233
0,2140756
0,1826327
0,1826327
0,1649741
0,1467765
0,1467765
0,1146849
0,0758878
0,0758878
0,05212772
0,01779415
0,01779415
0,01677147
0,04799952
0,07919992
0,07919992
0,108891
0,137565
0,137565
0,1637116
0,1844236
0,1844236
0,2011465
0,2098954
0,2141868
0,2141868
0,2125413
0,204301
0,204301
0,1917581
0,1748511
0,1748511
0,1559258
0,1339385
0,1339385
0,1088068
0,08003435
0,04818478
0,04818478
0,01909143
0,009664906
0,009664906
0,1363454
0,1381897
0,1381897
0,1427755
0,1481619
0,165314
0,165314
0,1317825
0,1390787
0,1390787
0,2882765
0,2940973
0,2940973
0,465804
0,3268587
0,3268587
0,3833628
0,528109
0,4736385
0,4736385
1,047638
0,7612018
0,7612018
0,7097446
0,8341224
0,8341224
0,6009994
0,5004348
0,4706984
0,4706984
0,2631081
0,4357031
0,4357031
0,3738611
0,2582717
0,2582717
0,5610577
0,4960569
0,08278904
0,08278904
0,1083904
0,03044459
0,03044459
0,0529454
0,06061966
0,06061966
0,1485776
0,2241193
0,2241193
0,3545111
0,4839791
0,5027397
0,5027397
0,3653979
0,2755969
0,2755969
0,1012853
0,09686125
0,09686125
0,2456419
0,2476652
0,2188138
0,2188138
0,2476128
0,239482
0,239482
0,202642
0,1846338
0,1846338
0,292156
0,3282562
0,3282562
0,2997244
0,3016879
0,2234739
0,2234739
0,2601635
0,3093309
0,3093309
0,3442154
0,335631
0,335631
0,4555787
0,460602
0,4010067
0,4010067
0,6924396
0,8106905
0,8106905
0,7464021
0,6265367
0,3598059
0,3676167
0,4237821
0,4237821
0,1863649
0,2209939
0,04592491
0,07543236
0,1872354
0,06252965
0,0934261
0,1739846
0,103382
0,103382
0,1136152
0,1422044
0,1540393
0,1031923
0,2867136
0,2867136
0,07125862
0,1485246
0,1389265
0,08991302
0,09006897
0,1399142
0,07604134
0,03569724
0,0525965
0,3482087
2,170727
2,651516
3,164948
3,276166
3,33159
3,575364
3,686038
3,67089
3,913964
4,219093
3,926141
3,906261
4,1229
4,11293
4,035685
4,000199
3,965384
3,899115
3,864314
3,870233
3,989885
3,977984
3,93766
3,71986
3,338517
2,871075
2,227522
0,2076064
0,318336
0,6831042
0,8745065
0,9056341
1,092421
1,282022
1,044797
1,044797
1,229573
1,235394
1,235394
1,280574
1,078489
1,078489
1,0842
1,143157
1,143157
1,133474
0,06794525
0,06794525
0,3628194
0,9338306
1,120452
1,120452
0,9880026
1,128488
1,128488
0,9395297
1,015219
1,015219
0,8155421
0,3234226
0,3517291
0,3517291
0,2085054
0,2924071
0,2924071
0,3430017
0,8456004
0,693191
1,334825
0,4299753
0,4270922
0,8268698
1,14944
1,526381
0,5378632
0,2896751
0,3293261
0,2608387
0,3442627
0,3915026
1,299175
1,318833
1,335612
1,5448
1,733654
1,778359
1,911191
2,11819
2,362065
2,557254
2,72836
2,857945
3,206237
3,493791
3,972404
5,002992
5,575324
5,633327
6,159007
6,724538
6,895635
7,249308
7,387501
7,442493
7,656678
7,934974
8,160429
8,295579
8,412004
8,362159
8,313453
8,289073
8,202338
8,058124
7,826923
7,550505
7,299852
6,798707
6,086467
5,648961
5,693314
5,595568
5,366652
5,110137
5,050826
5,008892
4,963608
4,863029
4,838789
4,786944
4,426382
4,054873
4,171669
4,566448
4,733684
4,801795
4,88543
4,996219
5,140023
5,242505
5,208111
5,071634
4,875379
4,747021
4,469198
4,414
4,538551
4,476213
4,285878
4,249761
3,960454
3,807183
3,695482
3,652713
3,580757
0,1363033
0,4917989
0,6860101
0,881103
1,076598
1,468153
1,468153
1,66408
1,860064
1,860064
1,56966
0,09311619
0,09311619
0,1708655
0,5727453
0,5727453
1,343124
0,8249309
0,4160827
0,4160827
0,6099417
0,7296249
0,7296249
0,3175167
0,0970106
0,0970106
0,2299022
0,2858048
0,1690501
0,1690501
0,4734744
0,7358447
0,7358447
0,8984481
0,7949555
0,7949555
1,10506
0,292181
0,292181
0,2503941
0,1846182
0,3037809
0,3037809
0,5110835
0,5165571
0,5165571
0,8861334
0,9350923
0,7312783
1,019424
1,053318
0,9845753
1,131721
0,5425069
0,3659835
0,2253302
0,01915093
0,2242932
0,1616906
0,05360404
0,3541925
0,8220432
1,219921
0,926153
0,6396704
1,12114
0,8071691
0,9251825
0,7919412
0,3718581
0,3956134
0,3648477
0,1728817
0,4914762
0,09740859
0,4248626
0,6058362
0,0618781
0,1407958
0,07689684
0,2056119
0,3257721
0,06254537
0,2861109
0,6503253
0,4243774
0,1447915
0,01997793
0,125652
0,01987756
0,02094852
0,12383
0,2613328
0,1537437
0,125427
0,05914748
0,1628612
0,7669564
0,3581757
0,2304882
0,09203951
0,08520674
0,02247211
0,02540396
0,04837029
0,1029165
0,170285
0,1644232
0,04972782
0,09398529
0,02993519
0,03427627
0,06338727
0,092964
0,09941105
0,1072407
0,162924
0,1757103
0,1948094
0,6999629
0,4292259
0,4595558
0,5739219
0,651876
0,5663562
0,4613983
0,6894839
0,1142735
0,02584807
0,06006029
0,02470578
0,06618325
0,1143593
0,03960184
0,09023744
0,053798
0,09114836
0,144585
0,0173717
0,05753341
0,04659606
0,1782864
0,2856059
0,2928234
0,6689361
1,039309
0,6514452
0,2549023
0,2219066
0,1099292
0,2645692
0,6563996
0,8525113
0,876717
1,069989
1,264164
0,7054783
0,8033411
0,8828887
0,9658395
0,2699859
0,2973644
0,3965929
0,2074238
0,2755288
0,3837126
0,4856779
0,5949721
0,7213359
0,7213359
0,8482885
0,9120657
0,9120657
1,009085
1,119749
1,119749
1,069811
0,9826751
1,005384
1,005384
1,01216
1,061353
1,061353
1,145394
1,250614
1,250614
0,7076853
0,6728536
0,5344527
0,5344527
0,4680994
0,4209523
0,4209523
0,4183888
0,3835406
0,3835406
0,440462
0,11855
0,2179287
0,2179287
0,318089
0,4143213
0,4143213
0,5034167
0,5823414
0,5823414
0,01358078
0,03530385
0,03530385
0,1012477
0,1229619
0,1507175
0,1507175
0,2012227
0,1132691
0,1132691
0,1878946
0,3761521
0,3761521
0,497609
0,5162326
0,5215519
0,5215519
0,4449723
0,4083825
0,4083825
0,4472139
0,4854154
0,4854154
0,5075475
0,8987057
0,8987057
1,222733
0,8698124
0,5317021
0,5317021
0,559646
0,9066353
0,9066353
0,6924683
0,5188661
0,5188661
0,2129068
0,621724
0,2906849
0,2906849
0,3697539
0,6905304
0,6905304
0,832503
0,6325048
0,6325048
0,2557466
0,2025581
0,2025581
0,5638766
0,5367228
0,590629
0,590629
0,4160542
0,3825148
0,3825148
0,6050219
0,3722707
0,3874445
0,3874445
0,1284142
0,03572093
0,03572093
0,160823
0,1138174
0,1138174
0,2812853
0,2820003
0,2820003
0,3046228
0,3619566
0,3619566
0,481309
0,7049149
0,3981271
0,3981271
0,5292326
0,5320605
0,5296121
0,3581111
0,2304494
0,6264071
0,7955039
0,7895504
1,441815
1,690272
1,651956
2,124964
1,859303
0,16677
0,1649428
0,05963189
0,5050602
0,7730797
0,5164734
0,6487704
1,325568
2,75132
4,253556
5,045235
5,426188
5,373597
5,782025
6,464332
5,558101
5,591674
3,201648
3,186287
3,187483
3,213408
3,211756
3,227406
3,240726
3,258937
3,382583
3,552414
3,72751
3,91694
4,048589
5,307757
3,995966
3,191852
3,702127
3,71177
3,614834
3,471619
3,038855
3,083937
3,219237
5,961808
5,998347
6,271876
6,307618
6,448608
6,613624
6,703189
6,752763
6,06821
6,50682
6,077823
6,084389
5,976576
5,900933
6,339325
6,328964
6,915907
7,366631
7,510156
7,38053
0,2471686
0,5191697
0,7141991
0,4073724
0,4792756
0,5329102
0,5864784
0,593359
0,6040798
0,4563123
0,4294539
0,3933395
0,1540436
0,1207699
0,1368688
0,160395
0,160305
0,1676891
0,1725842
0,1387091
0,1254591
0,1422246
0,1786137
0,1342295
0,1272165
0,122532
0,1166841
0,1088361
0,1087526
0,1092739
0,1091451
0,107044
0,1837677
0,2360992
0,2824797
0,3369128
0,2269991
0,02914328
0,00902435
0,004705671
0,001144694
0,02168378
0,002053748
0,00145188
0,003314485
0,0004698948
0,0006561157
0,0007581456
0,003877538
0,001845994
0,0002689562
0,0001272625
0,0008084965
0,0008010225
0,0007926589
0,001067857
0,02035755
0,1096717
0,04121177
0,1920614
0,1507764
0,1417836
0,2456301
0,1708079
0,1129675
0,07952791
0,01904684
0,08516936
0,09637322
0,05506247
0,07206234
0,1157908
0,2058672
0,3235109
1,093634
1,10335
0,5738663
0,2533567
1,494994
0,2873685
0,02811648
0,0264198
1,03431
1,124476
1,208297
1,355887
1,411955
1,468506
1,584674
1,650996
1,150802
1,28116
1,348612
1,347091
1,289854
1,277347
1,337941
1,207507
1,232826
1,447165
1,482242
1,412292
1,312069
1,336144
1,347908
1,295953
1,326295
1,362336
1,678185
0,8932087
1,029025
1,63362
2,253695
1,463518
1,429326
1,300328
1,359505
1,515907
1,717641
1,654801
1,069051
0,6965721
1,773651
0,2825925
0,6806781
0,08269847
0,1361186
0,02592319
0,07608738
0,1298174
0,4287711
0,9118496
0,8864628
1,101155
1,183523
3,302572
3,302693
3,972667
3,132397
2,185915
2,315562
2,418741
2,895615
2,97673
0,1639759
0,2818639
0,3077418
1,296116
1,432022
1,518902
1,846445
2,339431
2,435742
2,555291
2,89286
3,054338
3,034366
3,121392
3,178107
3,161227
2,817255
2,37455
0,5057758
0,7007189
0,8962107
1,129587
0,9884812
1,019748
0,6498609
0,5280519
0,3460667
0,3335156
0,3014634
0,2940788
0,1417066
0,1386682
0,1397894
0,1628354
0,1750059
0,1847295
0,187658
0,1829278
0,02600724
0,1953733
0,2294964
0,370624
0,2272813
0,1323081
0,7419556
0,471479
0,7761642
1,441497
2,316228
2,066553
2,565212
0,5320466
0,5320466
0,1114104
0,1114104
1,024341
0,2319333
0,1361546
0,1310887
0,7744353
velocityComponents
-0,008050259
-0,1499908
0,06156564
-0,1209139
0,2207528
-0,1951844
-0,007021986
0,01628879
0,08318126
0,09207372
-0,08732495
0,2824873
0,002988055
0,003643334
0,0003069639
0,002988055
0,003643334
0,0003069639
0,001058728
0,001436006
0,0001221895
0,2164125
-0,1392797
0,4537135
0,004869587
0,04711219
0,006804695
0,03242197
0,4512377
0,1680384
0,002201427
0,2004663
0,04601354
0,1444917
-0,1286121
0,2619487
0,2240511
-0,7195812
0,2911965
0,0839065
-0,7850397
0,0001633392
0,03314424
-0,3740511
-0,005477651
0,02665042
0,3116603
0,1289044
0,08263753
0,3943431
0,2710113
0,02578577
0,1620349
0,09113819
0,02578577
0,1620349
0,09113819
-0,001156942
0,06843016
0,01797102
0,04450997
0,008212615
0,1105281
0,02218796
0,1006039
0,09017065
0,0243105
0,0758699
0,08134679
0,01976142
0,06003993
0,05640203
0,01171774
0,05772258
0,04766949
0,01845754
0,03446561
0,06056641
0,112987
-0,1203019
0,2377978
0,159018
-0,2435505
0,3013086
0,02707677
-0,0231485
0,05471593
0,08685692
-0,09049062
0,1850856
0,1813951
-0,12384
0,3983564
0,1261136
-0,01517238
0,2990822
0,05205674
0,05716908
0,1411295
0,05205674
0,05716908
0,1411295
0,08837036
-0,1239797
0,1859002
0,06934774
-0,1489954
0,1596789
-0,01623529
0,1193107
0,02134172
0,003615467
0,251154
0,1037532
0,04797367
0,34638
0,2442029
0,05108961
0,3469472
0,2553395
-0,02537987
0,231174
0,0377019
-0,03547474
0,2805389
0,04018949
0,01826528
0,1259525
0,1073994
0,01167213
0,07880691
0,07395854
0,004400423
0,06094772
0,05051638
0,004400423
0,06094772
0,05051638
0,004053063
0,1181158
0,07699038
0,0146546
0,1372548
0,116465
0,03126001
0,004883914
0,1176616
0,02310825
-0,02263778
0,08480451
0,001141886
0,003847211
0,04543415
-0,003519007
-0,03689013
0,03349022
0,02931243
-0,1374844
0,09905818
0,03685614
-0,05482848
0,1562514
0,03119869
-0,000245459
0,1453831
0,05554728
-0,08108486
0,1993947
0,08492894
-0,1356774
0,2377644
0,08143888
-0,1002332
0,2821066
0,05513439
0,1167929
0,2718519
0,1039414
0,0499079
0,3439474
0,07751686
0,2305829
0,3335246
-0,05523187
0,1203399
0,1237292
-0,02986498
0,1537133
0,1009098
-0,1083283
0,2359827
0,1074708
-0,06477067
0,1702902
0,1037464
0,1737521
0,9694657
0,5250103
-0,08497496
0,0312506
0,1165322
-0,09098345
0,07407719
0,08134469
-0,08237264
0,116896
0,1436043
-0,1558384
0,1093748
0,1445579
-0,1542574
0,08304453
0,1310158
0,2788427
1,167374
0,6118187
0,2023565
1,119559
0,5824445
0,04473045
0,742602
0,4273281
0,06658449
0,9877221
0,4878525
0,008770656
1,08554
0,3510785
-0,2667673
0,2410599
0,01947203
-0,2316451
0,1219281
0,1393469
-0,279078
0,9709251
0,5871594
-0,3690394
1,17879
0,6746137
-0,4253035
1,267255
0,7263519
-0,3500247
1,228737
0,8447787
-0,2675223
1,078519
0,967238
-0,1152883
0,5434616
0,8834764
0,350297
-0,07190719
1,155426
0,6640272
-0,6926329
0,9019801
0,6596539
-1,253557
0,5132149
-0,1257448
-0,3184007
0,1756147
-0,1086808
-0,231209
-0,02748349
-0,009463951
-0,0128271
-0,06669138
-0,06152403
-0,131331
0,1222153
-0,00729838
-0,01646715
-0,02757785
-0,0009642243
-0,0007725954
0,00120002
-0,01430136
-0,009649485
0,02872401
-0,01319754
-0,01720333
0,02001023
-0,02566481
-0,03127545
0,05465931
-0,007358968
-0,01288578
0,01178741
-0,03955147
0,04505759
0,1767992
-0,01463729
0,01541153
0,125888
0,04526258
0,1785309
0,1957578
0,5218921
-0,3104586
1,089069
0,07119314
-0,09349262
0,447042
0,2570867
-0,06704797
1,882236
0,0006133318
0,1534409
0,9880266
-0,7142188
0,2188046
1,897539
-0,04607296
-0,02355339
0,05783165
0,01833758
-0,1216511
-0,06710041
-0,006815553
-0,02095126
0,001328945
-0,009794831
-0,06751717
-0,01442337
-0,03563544
-0,206265
-0,04008043
-0,08242255
-0,1053089
0,05831897
-0,03140062
-0,2674022
-0,05496681
-0,2518796
-0,7772409
0,3986379
-0,2244589
-0,3136349
0,1306164
-0,1938972
-0,2917615
-0,01935643
-0,02820349
-0,0555644
0,01230967
-0,04906338
-0,07422781
-0,02796239
-0,02904832
-0,05237269
-0,03267926
-0,06894308
-0,1735569
-0,1056281
-0,04425758
-0,07894373
-0,05179736
0,001912624
-0,05016267
-0,004421711
-0,04360837
-0,1031399
-0,1056392
-0,0257962
-0,08642602
0,01909482
-0,01492932
-0,1046131
-0,05089371
-0,03440264
-0,1117842
-0,09846988
-0,04677266
-0,04391193
-0,03286511
-0,06592929
-0,04747653
-0,06479457
-0,06113353
-0,03658795
-0,1343887
-0,02526605
-0,01396585
-0,02793807
-0,08278941
-0,03849578
-0,1079489
-0,03485519
-0,01674223
-0,01933491
-0,1159241
-0,05025625
-0,08249843
-0,07275729
-0,03481436
-0,02414966
0,01327666
-0,005241871
0,03041279
0,01652683
0,02235937
-0,0793643
0,01075768
0,01207447
-0,03018594
-0,03476895
-0,000887394
-0,06374359
-0,01095463
-0,006863117
-0,02395761
-0,0142265
-0,00531745
-0,004933834
0,04791203
0,05860686
-0,1396216
0,008691266
0,006516218
-0,007007837
0,009860784
-0,003940105
0,01398492
-0,1667749
-0,06194854
-0,07661343
-0,04060403
-0,01871204
-0,007564187
-0,09518839
-0,1012447
0,1652584
-0,05183794
-0,03131843
0,0238595
-0,06123938
0,003861427
-0,1151499
-0,04951292
0,01924253
-0,1028825
-0,03632168
-0,117556
0,03530602
-0,006125562
-0,2625504
0,0470866
0,01656372
-0,4169009
0,05868189
0,01656372
-0,8093009
0,05868189
0,01656372
-1,005501
0,05868189
0,131693
-1,089747
0,1544962
0,131693
-1,285947
0,1544962
0,06077678
-1,40676
0,01994571
-0,2318796
-0,4972882
-0,4755529
-0,2624948
-0,4913623
-0,6187382
-0,2668946
-0,4011691
-0,7311976
-0,2343151
-0,2100832
-0,6024615
-0,134893
-0,01417792
-0,4095448
-0,134893
-0,01417792
-0,4095448
-0,1438309
-0,05482253
-0,3231784
-0,1411379
-0,07432845
-0,2875178
-0,1486507
-0,1192399
-0,326263
-0,1535277
-0,1678601
-0,3642892
-0,1535277
-0,1678601
-0,3642892
-0,1571687
-0,2266783
-0,4043861
-0,1582424
-0,2998991
-0,4443966
-0,1550309
-0,3858059
-0,4846305
-0,1550309
-0,3858059
-0,4846305
-0,1422205
-0,5331883
-0,4769198
-0,1190591
-0,6679828
-0,4736357
-0,1190591
-0,6679828
-0,4736357
-0,09945
-0,8097301
-0,4728025
-0,0850711
-0,9635902
-0,4731297
-0,0850711
-0,9635902
-0,4731297
-0,07946693
-1,136011
-0,4706483
0,5772898
-1,307158
-0,08261833
0,6537516
-0,9573333
0,2904885
0,6537516
-0,9573333
0,2904885
0,6537516
-1,153533
0,2904885
0,7296551
-0,855723
0,4947305
0,7296551
-0,855723
0,4947305
0,7815608
-0,5684903
0,5769938
0,7239648
-0,4038842
0,703741
0,7239648
-0,4038842
0,703741
0,4467799
0,07611835
0,8005419
0,2302161
0,2264191
0,7640733
0,0426974
0,2586879
0,7028393
0,0426974
0,2586879
0,7028393
0,02746771
0,07889018
0,7169906
-0,1416728
0,2126936
0,5423994
-0,1416728
0,2126936
0,5423994
-0,2544525
0,2002898
0,4518473
-0,3177014
0,1471234
0,3628624
-0,3177014
0,1471234
0,3628624
-0,3638505
0,08583663
0,2831498
-0,3708881
-0,09789389
0,2876965
-0,3708881
-0,09789389
0,2876965
-0,3876894
-0,2750229
0,2916759
-0,3949558
-0,4644378
0,2923098
0,4382568
-0,2023961
0,2011389
0,4382568
-0,2023961
0,2011389
0,1996884
-0,1152215
0,1012124
0,2105886
-0,09910282
0,07955521
0,2105886
-0,09910282
0,07955521
0,2136729
-0,1142455
0,09564799
0,2343168
0,02756083
-0,01688916
0,2343168
0,02756083
-0,01688916
0,2262129
-0,01055689
-0,06579431
0,198874
-0,02189636
-0,07614473
0,177738
0,01936868
-0,03726608
0,177738
0,01936868
-0,03726608
0,1641576
0,005120516
-0,01557288
0,1430573
0,03140107
-0,009587601
0,1430573
0,03140107
-0,009587601
0,1049634
0,03397791
-0,03131819
0,07458985
0,01289836
0,005380023
0,07458985
0,01289836
0,005380023
0,05001231
0,01431102
0,003355953
0,01658555
0,005413815
-0,003498844
0,01658555
0,005413815
-0,003498844
-0,01106073
-0,01103605
0,006094923
-0,04208682
-0,01979554
0,01186553
-0,07255
-0,02723856
0,01634582
-0,07255
-0,02723856
0,01634582
-0,1002354
-0,03808527
0,01896426
-0,1273402
-0,04491718
0,02628764
-0,1273402
-0,04491718
0,02628764
-0,1538737
-0,04434587
0,03402681
-0,1741265
-0,03727002
0,04798902
-0,1741265
-0,03727002
0,04798902
-0,1912295
-0,03389357
0,05236808
-0,2015337
-0,02134627
0,05463152
-0,2072446
-0,01271783
0,05257264
-0,2072446
-0,01271783
0,05257264
-0,206215
-0,001099572
0,05145875
-0,1999773
0,0142203
0,03931632
-0,1999773
0,0142203
0,03931632
-0,1877234
0,02073269
0,03318455
-0,1705269
0,02830793
0,02630848
-0,1705269
0,02830793
0,02630848
-0,1512678
0,03002794
0,02300509
-0,1285569
0,03370063
0,01664096
-0,1285569
0,03370063
0,01664096
-0,103824
0,02635829
0,01909781
-0,07551392
0,02345926
0,01236156
-0,04523921
0,01446821
0,008115269
-0,04523921
0,01446821
0,008115269
-0,01537293
0,0004484355
0,0113117
0,001907597
0,008418366
0,004347712
0,001907597
0,008418366
0,004347712
0,02801264
0,08070514
0,106264
0,03199841
0,06290406
0,1188089
0,03199841
0,06290406
0,1188089
0,03595736
0,02524906
0,135847
0,03712761
0,07390657
0,1229281
0,03668725
0,08279438
0,1383034
0,03668725
0,08279438
0,1383034
0,0310412
0,06592559
0,1098039
0,03154609
0,07449919
0,1131265
0,03154609
0,07449919
0,1131265
0,04188941
0,2451638
0,1457509
0,04521409
0,2433242
0,158878
0,04521409
0,2433242
0,158878
0,08900299
0,3199412
0,3266336
0,05963111
0,2432143
0,2100656
0,05963111
0,2432143
0,2100656
0,06928089
0,2812379
0,2511422
0,1054871
0,3434729
0,3870374
0,1055419
0,1908451
0,4204432
0,1055419
0,1908451
0,4204432
0,2303331
0,2105855
1,000072
0,1658348
0,2260041
0,707707
0,1658348
0,2260041
0,707707
0,106859
0,5237079
0,4669566
0,1304179
0,6014065
0,5630822
0,1304179
0,6014065
0,5630822
0,1267148
0,05455112
0,5849511
0,1032636
-0,07112394
0,4844719
0,0947222
-0,1137723
0,4468116
0,0947222
-0,1137723
0,4468116
0,05332007
-0,00851646
0,2575079
0,06270145
0,03768328
0,429518
0,06270145
0,03768328
0,429518
0,006073147
0,1124359
0,3565016
0,0344808
0,02750435
0,2544776
0,0344808
0,02750435
0,2544776
0,1043092
-0,04801343
0,5491812
0,113661
-0,08221849
0,4758086
-0,0376333
0,07187523
0,01648366
-0,0376333
0,07187523
0,01648366
-0,040969
0,09982148
0,01028031
-0,02306558
0,01889894
0,006138563
-0,02306558
0,01889894
0,006138563
0,03603357
0,03878068
-0,000925079
0,01379013
0,05898489
0,002314724
0,01379013
0,05898489
0,002314724
0,03247294
0,1429226
-0,02437092
0,02377498
0,1870425
-0,1211584
0,02377498
0,1870425
-0,1211584
0,01200567
0,219001
-0,2785184
0,0469258
0,1278818
-0,4644136
0,01744335
0,1605949
-0,47608
0,01744335
0,1605949
-0,47608
0,02442593
0,2558088
-0,2597707
0,01545463
0,1898546
-0,1991733
0,01545463
0,1898546
-0,1991733
0,003889442
0,06577015
-0,0769277
0,001666307
0,06268582
-0,07382285
0,001666307
0,06268582
-0,07382285
-0,02046802
0,1763161
-0,1698047
-0,02642844
0,1794434
-0,1686406
-0,03138056
0,1375486
-0,1672577
-0,03138056
0,1375486
-0,1672577
-0,01900971
0,2439062
-0,03821664
-0,004148889
0,230046
0,06643214
-0,004148889
0,230046
0,06643214
-0,01836446
0,178865
0,09345499
-0,004610948
0,07406069
0,1690663
-0,004610948
0,07406069
0,1690663
0,009286546
-0,05468409
0,2868424
0,01663816
-0,005049831
0,3277954
0,01663816
-0,005049831
0,3277954
0,01692739
0,07577778
0,2894925
0,01515859
0,0881481
0,2881244
0,006033928
0,06072747
0,2149799
0,006033928
0,06072747
0,2149799
0,0100041
0,052443
0,2546266
0,01639608
0,06977854
0,3009115
0,01639608
0,06977854
0,3009115
0,01460282
0,167334
0,3004502
0,007155541
0,2156151
0,257113
0,007155541
0,2156151
0,257113
-0,008272059
0,3790845
0,252544
-0,006516449
0,3831819
0,2555061
-0,00483348
0,3355974
0,2194479
-0,00483348
0,3355974
0,2194479
-0,0353812
0,6577713
0,2134424
-0,05690238
0,7966199
0,1392048
-0,05690238
0,7966199
0,1392048
0,1042995
0,7045515
0,2232596
0,4714569
0,4025879
-0,090552
0,101438
0,3089453
0,1540242
0,08882247
0,3409653
0,1048583
0,4099536
0,07753134
-0,07428439
0,4099536
0,07753134
-0,07428439
0,06283474
0,1407394
0,1047668
0,06671587
0,167289
0,128069
0,004215825
0,03881353
0,02418335
0,01118978
0,07052979
0,0242977
0,03842172
0,1206652
0,1379158
-0,01296436
0,05584902
0,02495535
-0,008416042
0,07305023
0,05763046
0,03491645
0,125965
0,1148229
0,01865008
0,1008112
0,01330806
0,01865008
0,1008112
0,01330806
0,01726313
0,1097913
0,02358535
0,03138952
0,1361813
0,0262951
-0,0001233965
0,1381313
0,068175
-0,03807624
0,08255821
0,04881595
-0,007005945
0,2814135
-0,05442473
-0,007005945
0,2814135
-0,05442473
0,02148591
0,06637079
0,0145281
-0,01329052
0,1401067
0,04746601
-0,007364273
0,1309839
0,04571161
0,05031165
0,07290238
0,01543796
0,02076764
0,08556747
-0,01895607
0,05229414
0,1262093
-0,03020805
0,07260862
0,01058859
-0,01995385
0,03225464
-0,002302885
-0,01512045
0,04938135
0,01320618
-0,01238835
0,04438052
0,1372838
-0,3169113
0,1472214
0,4889536
-2,109812
-0,1352682
0,8132749
-2,520084
0,7091427
0,6803986
-3,008499
0,6638774
0,6394454
-3,143826
0,6598558
0,6536027
-3,199513
0,6845059
0,7167157
-3,435258
1,692183
1,09319
-3,086799
-0,2786
0,9640591
-3,531063
-0,2944436
1,010334
-3,769833
0,8697698
0,9253842
-4,02342
-0,3460307
1,026626
-3,77371
-0,3284118
1,118589
-3,728241
-0,3531074
1,13655
-3,947389
-0,3566511
1,179036
-3,924139
-0,3815559
1,237728
-3,822198
-0,41956
1,3523
-3,741236
-0,4340736
1,433482
-3,671645
-0,422071
1,574847
-3,541865
-0,4070706
1,762722
-3,414678
-0,4255292
1,920067
-3,333312
-0,4233599
2,195955
-3,304199
-1,148561
2,703009
-2,683078
-1,036338
2,617484
-2,75317
-0,8458791
2,375006
-2,735176
-0,6289643
2,01901
-2,58335
-0,4053453
1,54737
-2,3842
0,5713803
0,6775257
-2,043609
0,05217978
-0,1217419
0,1598643
0,03834002
-0,2692607
0,1654283
0,03834002
-0,6616607
0,1654283
0,03834002
-0,8578607
0,1654283
-0,03907977
-0,8529949
0,3017377
-0,03907977
-1,049195
0,3017377
-0,03907977
-1,245395
0,3017377
-0,1944222
-0,9728684
-0,3276109
-0,1944222
-0,9728684
-0,3276109
-0,1944222
-1,169068
-0,3276109
-0,027821
-1,168526
-0,3999655
-0,027821
-1,168526
-0,3999655
-0,04669433
-1,193809
-0,4609871
-0,135168
-0,7878963
-0,7239389
-0,135168
-0,7878963
-0,7239389
-0,115866
-0,5928651
-0,9003196
-0,165934
-0,3457038
-1,076923
-0,165934
-0,3457038
-1,076923
-0,1581351
-0,08617243
-1,119076
0,008151874
0,01997145
0,06443015
0,008151874
0,01997145
0,06443015
0,02981741
0,3052619
0,1938145
0,07005832
0,8030559
0,4714157
0,0764624
0,970299
0,5550555
0,0764624
0,970299
0,5550555
0,18215
0,916461
0,3210449
0,1523563
1,002257
-0,4957341
0,1523563
1,002257
-0,4957341
0,1355559
0,9295985
-0,01369184
0,1621442
0,5952183
-0,8062841
0,1621442
0,5952183
-0,8062841
0,1264852
0,7830478
0,1895958
0,09940632
0,2936888
0,09201874
0,06470183
0,3326792
0,09408285
0,06470183
0,3326792
0,09408285
0,1032282
0,0952282
0,1541105
0,1145791
0,2622936
-0,05979651
0,1145791
0,2622936
-0,05979651
0,06378613
0,2680851
-0,2042348
-0,0001121759
0,8281446
-0,1709288
0,01984222
0,6897505
-0,06606272
-0,3316002
0,4491633
-1,212457
0,07834238
0,3877187
-0,1685688
0,03037356
0,4247659
-0,03254462
-0,005535811
0,8199406
0,1066794
-0,02862568
0,1652187
-1,137144
0,2482539
0,8362847
-1,252533
0,1110569
0,4877021
0,1977621
-0,00051108
0,2228366
0,1850817
-0,005492583
0,2630199
0,1981062
-0,02459118
0,2269133
0,1262633
-0,06042758
0,3009083
0,1559471
-0,1168343
0,3374404
0,160493
0,2248932
0,608169
-1,125793
0,1291726
0,8894846
-0,9651178
0,3928601
1,153851
-0,5460289
0,3620885
1,418659
-0,4926509
0,3950356
1,605421
-0,5216571
-0,02122411
1,559232
-0,8549313
0,03502727
1,630879
-0,9958193
0,09597358
1,707719
-1,249485
-0,8039916
1,864137
-1,207452
-0,8925188
1,945378
-1,39945
-0,8954189
1,952516
-1,682217
-0,9007371
1,906692
-1,929001
-1,008068
2,195391
-2,108082
-1,109256
2,077535
-2,580693
-1,293029
2,002028
-3,178043
-1,757784
2,34464
-4,054971
-2,044212
2,444046
-4,575158
-2,064121
2,351261
-4,684587
-2,292325
2,358579
-5,207276
-2,611285
2,661283
-5,596264
-2,698876
2,715456
-5,735167
-2,860654
2,688955
-6,094149
-2,932631
2,74102
-6,201746
-2,970023
2,825258
-6,211891
-3,127833
3,059216
-6,283516
-3,331099
3,302235
-6,400222
-3,5123
3,490556
-6,486321
-3,625589
3,584328
-6,54403
-3,721981
3,652828
-6,600417
-3,696869
3,602936
-6,57858
-3,663632
3,557055
-6,560385
-3,637491
3,500854
-6,574299
-3,570189
3,382605
-6,564303
-3,456926
3,242985
-6,516599
-3,265023
3,004492
-6,447742
-3,033723
2,696051
-6,366943
-2,826059
2,416605
-6,281819
-2,43225
1,833082
-6,078354
-1,907015
0,9032049
-5,708992
-1,596969
0,2540088
-5,412571
-1,628242
0,3614261
-5,44353
-1,555627
0,2398103
-5,369627
-1,397107
-0,1470531
-5,179519
-1,214317
-0,641721
-4,922106
-1,169696
-0,7653098
-4,853551
-1,135565
-0,8615113
-4,801801
-1,085291
-1,087146
-4,719922
-0,9830775
-1,547008
-4,504372
-0,9555684
-1,723615
-4,419266
-0,8913967
-1,980858
-4,26573
-0,5367614
-2,311543
-3,73651
-0,4753816
-2,558959
-3,109298
-0,4518442
-2,430921
-3,359953
-0,6752518
-2,285222
-3,895413
-0,8392365
-2,058463
-4,179255
-0,9468383
-1,486954
-4,466509
-1,04959
-1,037081
-4,657279
-1,156234
-0,6683604
-4,814418
-1,266478
-0,3425274
-4,969763
-1,328498
-0,1748494
-5,068371
-1,297985
-0,2616793
-5,036982
-1,176877
-0,6211637
-4,893934
-1,00558
-1,216738
-4,612773
-0,849468
-1,969747
-4,234703
-0,5622858
-2,325729
-3,774725
-0,5156202
-2,289661
-3,738313
-0,7165597
-2,102021
-3,958093
-0,6693959
-2,110029
-3,890524
-0,5120361
-2,085393
-3,709137
-0,4998399
-2,107783
-3,656211
-0,6085586
-2,173453
-3,254375
-0,5332131
-2,294147
-2,99119
-0,4974022
-2,526221
-2,650922
-0,4435512
-2,765853
-2,344276
-0,4114375
-2,829643
-2,155379
-0,006087741
-0,1291486
-0,04315297
-0,006077333
-0,4848351
-0,08224431
-0,006077333
-0,6810351
-0,08224431
-0,006077333
-0,8772351
-0,08224431
-0,006077333
-1,073435
-0,08224431
-0,006077333
-1,465835
-0,08224431
-0,006077333
-1,465835
-0,08224431
-0,006077333
-1,662035
-0,08224431
-0,006077333
-1,858235
-0,08224431
-0,006077333
-1,858235
-0,08224431
-0,7618648
-1,235384
-0,5976781
0,0003604862
0,09293042
0,005867784
0,0003604862
0,09293042
0,005867784
-0,01615241
0,1226108
-0,1179013
-0,07077765
0,3054256
-0,479315
-0,07077765
0,3054256
-0,479315
-0,1647803
0,9061653
-0,977596
-0,07963982
0,6318366
-0,5243577
-0,01793438
0,3575782
-0,2119929
-0,01793438
0,3575782
-0,2119929
0,0872441
-0,5040807
0,3321446
0,07953093
-0,5895414
0,4224551
0,07953093
-0,5895414
0,4224551
0,01690199
-0,2935517
0,1198275
-0,002195515
-0,09676867
0,00648537
-0,002195515
-0,09676867
0,00648537
0,02271069
0,1068149
0,2023112
0,03064789
0,1346792
0,2502131
0,01757742
0,04312125
0,1625101
0,01757742
0,04312125
0,1625101
-0,08100485
-0,1013658
-0,4553474
-0,1271493
-0,01274297
-0,7246642
-0,1271493
-0,01274297
-0,7246642
-0,1492085
0,2479992
-0,850554
-0,1229231
0,2989018
-0,7262932
-0,1229231
0,2989018
-0,7262932
-0,1644033
0,6089888
-0,9073382
-0,2275984
0,1786384
0,04070681
-0,2275984
0,1786384
0,04070681
-0,02904943
0,2404926
0,0633768
0,04920001
0,1021766
0,1456817
0,07238257
0,2282406
0,1869488
0,07238257
0,2282406
0,1869488
0,01541364
0,4709884
0,1978353
-0,02566904
0,4975353
0,1364952
-0,02566904
0,4975353
0,1364952
-0,02084306
0,8270359
0,3175053
0,01796163
0,859907
0,3669263
0,02834642
0,6339715
0,3633794
-0,0007900796
0,954714
0,3574159
-0,02143642
1,004679
0,3156563
-0,002135098
0,8833332
0,4348637
0,0325703
0,8554053
0,7402789
0,3619391
0,4034932
0,02251828
-0,05965473
0,3495557
0,09053186
-0,06195764
0,2099178
0,05356723
-0,006204169
-0,01774234
-0,003670931
-0,02285416
0,2181627
0,0467993
-0,02914448
0,1569747
0,02556121
-0,01053531
0,05222756
0,005889177
-0,01212341
0,3382562
-0,1043459
-0,01531494
0,8184313
-0,07543781
-0,2879505
1,183546
-0,06714719
-0,2274017
0,8662828
-0,2358009
-0,1458974
0,6125546
-0,112557
-0,3690813
1,02513
-0,2642754
0,2037139
0,3987156
-0,6716015
-0,1859459
0,5504636
-0,7199838
-0,0718981
0,7804575
0,1135236
0,1428385
0,3423313
0,02617007
-0,03811741
0,3667947
0,1432434
-0,03885353
0,3347639
0,1397762
-0,01834869
0,1414146
0,09774095
-0,02858731
0,3942841
0,2920132
-0,04009077
0,01004148
0,08820619
0,05676758
0,08377004
0,4126358
-0,07785845
0,04751301
0,5989308
-0,007543564
-0,005322695
0,06118548
0,0321821
-0,001829624
0,1370563
0,02891535
-0,004099607
0,07113522
0,01921228
-0,04255295
0,2002408
-0,007448614
-0,086133
0,3140908
0,006851077
-0,009811401
0,06138992
0,05338684
-0,1024265
0,2617596
-0,03063455
-0,2048876
0,6164459
0,1294166
-0,1208332
0,3856772
-0,07028879
0,04368877
-0,118808
0,0003093034
-0,008752346
0,01795602
0,01552136
-0,05289614
0,1129138
0,00421226
-0,008293986
0,01756656
0,001805454
-0,009784818
0,0184347
-0,003016904
-0,06114537
0,1076383
0,06200618
-0,1077724
0,2298591
0,07366215
-0,04882467
0,125806
0,03413536
-0,05464113
0,1076154
0,00399892
-0,02929807
0,05122554
0,01680392
-0,04940695
0,1542736
0,1687105
0,1393088
0,7350864
0,099576
-0,05958554
0,338857
0,03692924
-0,03502065
0,224799
0,04666881
0,03556472
0,07091153
0,06821913
0,02418928
0,04495797
0,02223922
0,00293082
0,001350164
0,02187522
0,004898593
0,01195157
0,03131362
-0,01718685
-0,03261524
0,04837639
-0,06429611
0,06416801
0,08746694
-0,1153601
0,08965811
0,05195552
-0,1046799
0,1156622
0,005398754
-0,02688174
0,04148592
0,05121462
0,007567964
0,0784412
0,01136505
0,0004250556
-0,02769062
0,007551573
-0,0006458983
-0,03342782
0,05349913
-0,02317154
0,02487707
0,05869403
-0,06723411
0,02601714
0,05354263
-0,08154286
0,01914431
0,06824402
-0,07935089
0,02338265
0,09305655
-0,1248151
0,04801983
0,07564025
-0,1528681
0,04223749
0,07810616
-0,1740758
0,03934121
0,1466465
-0,6283994
0,2712138
0,08106714
-0,4019602
0,1268503
0,1396504
-0,4331246
0,06397152
0,09657238
-0,5399864
0,1687447
0,09639825
-0,6240185
0,1620204
0,1361321
-0,5480267
0,04352231
0,0956227
-0,4502783
0,03152979
0,167778
-0,6677493
0,03673536
-0,1022164
-0,05078927
-0,005540244
-0,0223152
-0,01182139
-0,005514488
-0,04885167
-0,02979958
-0,0182411
-0,01284276
-0,0122382
-0,01719492
0,009357348
-0,01373041
-0,06406356
0,003954455
-0,02832025
-0,1107266
-0,006303668
-0,01126236
-0,03743967
-0,007524133
-0,01819336
-0,08806352
0,006388426
-0,004152
-0,05325574
0,003757738
-0,01032346
-0,09048386
-0,02481964
-0,02646589
-0,1399585
0,006167449
0,0004566312
-0,01623361
0,05426004
0,01908863
0,001251109
0,01519752
-0,04394415
0,003023218
0,004353908
-0,1091552
0,140898
0,004109924
-0,2009101
0,2029507
-0,01398023
-0,06953836
0,284103
0,003655665
-0,3551888
0,566836
0,04853702
-0,7430741
0,7250162
0,03831468
-0,321539
0,5652659
0,04760414
-0,1665788
0,1869773
0,1105554
-0,1909127
0,02392417
0,0447452
-0,03589123
-0,09377691
-0,01716092
-0,263616
0,01445538
-0,01716092
-0,656016
0,01445538
-0,01716092
-0,852216
0,01445538
0,1564991
-0,8607278
0,05734334
0,1564991
-1,056928
0,05734334
0,1564991
-1,253128
0,05734334
-0,3561825
-0,5548609
-0,2509243
-0,4581519
-0,5475765
-0,3682577
-0,538721
-0,5171703
-0,4709639
0,6054418
0,7509522
-0,04854906
0,1939419
-0,01560313
-0,1871776
0,2052932
-0,1709525
-0,1305967
0,2091701
-0,3270696
-0,08098904
0,05955398
-0,126776
-0,1529896
0,05782689
-0,2001303
-0,1803331
0,06835316
-0,3164531
-0,2059626
0,0696707
-0,4191648
-0,2352229
0,08053829
-0,5105292
-0,2947294
0,08888882
-0,6497452
-0,3004255
0,08888882
-0,6497452
-0,3004255
0,1014474
-0,7814413
-0,3140881
0,1212192
-0,8494943
-0,3090781
0,1212192
-0,8494943
-0,3090781
0,1217126
-0,9682673
-0,2567043
0,1407637
-1,090988
-0,2092086
0,1407637
-1,090988
-0,2092086
-0,02700913
-1,022662
0,312934
-0,2559681
-0,5305458
0,7865442
-0,3364653
-0,3612269
0,875844
-0,3364653
-0,3612269
0,875844
-0,4145077
-0,1618439
0,9090977
-0,4145077
-0,3580439
0,9090977
-0,4145077
-0,3580439
0,9090977
-0,4147038
-0,5510678
0,9144799
-0,5206449
-0,4421148
1,047615
-0,5206449
-0,4421148
1,047615
-0,2694614
0,3398113
0,5592292
-0,2597971
0,2937418
0,5467661
-0,1668505
0,3660632
0,3518498
-0,1668505
0,3660632
0,3518498
-0,1785867
0,2486002
0,3541494
-0,1765392
0,1151076
0,3643967
-0,1765392
0,1151076
0,3643967
-0,1761436
-0,01160492
0,3793257
-0,1446682
-0,06047033
0,3500255
-0,1446682
-0,06047033
0,3500255
-0,1494503
-0,2228013
0,3493293
0,06614715
-0,09265807
-0,03306261
0,0959508
-0,1850598
-0,06355514
0,0959508
-0,1850598
-0,06355514
0,1163564
-0,278584
-0,1001637
0,1626892
-0,3319872
-0,1870265
0,1626892
-0,3319872
-0,1870265
0,2023784
-0,3783668
-0,2632678
0,2359668
-0,3937218
-0,3583635
0,2359668
-0,3937218
-0,3583635
-0,005792965
0,01198083
0,002709001
-0,001319087
0,02442024
0,02546122
-0,001319087
0,02442024
0,02546122
-0,01228913
0,05965929
0,08087551
-0,02222811
0,07562569
0,09437323
-0,02111803
0,09618288
0,1140992
-0,02111803
0,09618288
0,1140992
-0,01720184
0,1314002
0,1514222
-0,001340792
0,07546259
0,08446003
-0,001340792
0,07546259
0,08446003
0,01205847
0,1123324
0,1501346
0,01882496
0,04914593
0,3724523
0,01882496
0,04914593
0,3724523
0,02263979
0,1353395
0,4783151
0,02100697
0,1827502
0,4823455
0,02543901
0,227296
0,4687278
0,02543901
0,227296
0,4687278
0,0373985
0,2102131
0,3904
0,03448023
0,1326693
0,3846898
0,03448023
0,1326693
0,3846898
0,03602074
0,2791974
0,3474933
0,04115008
0,3817702
0,2969617
0,04115008
0,3817702
0,2969617
0,039219
0,2902099
0,4145413
0,04751383
0,1995962
0,8749719
0,04751383
0,1995962
0,8749719
0,01532404
0,1120388
1,217492
0,02654964
0,1035592
0,8632174
0,03341119
0,09908669
0,5213182
0,03341119
0,09908669
0,5213182
0,01101753
0,2468993
0,5021185
0,01384939
0,3936281
0,8166106
0,01384939
0,3936281
0,8166106
0,0155228
0,158971
0,673795
0,0146502
0,09297451
0,510258
0,0146502
0,09297451
0,510258
0,0271929
0,2020763
0,06127831
0,008563849
0,258628
0,5653132
0,008526105
0,2784794
0,08291095
0,008526105
0,2784794
0,08291095
0,02681887
0,3445774
0,1313967
0,04715849
0,5104304
0,462676
0,04715849
0,5104304
0,462676
0,07218148
0,7650244
0,3202949
0,0996516
0,5921301
0,198781
0,0996516
0,5921301
0,198781
0,0983123
0,1927062
-0,1364014
0,06015371
0,109404
-0,1595058
0,06015371
0,109404
-0,1595058
0,1286507
0,2241422
-0,5011648
0,1170499
0,2080429
-0,480717
0,1464743
0,1503593
-0,5520688
0,1464743
0,1503593
-0,5520688
0,1671379
-0,1204443
-0,3614682
0,1528876
-0,2600511
-0,2351944
0,1528876
-0,2600511
-0,2351944
0,1341235
-0,5855804
0,07181893
0,05342216
-0,2653145
0,2556164
0,01873581
-0,1991965
0,3317875
0,01873581
-0,1991965
0,3317875
0,01279229
-0,04329804
0,1202158
0,01870727
0,03038526
-0,001661047
0,01870727
0,03038526
-0,001661047
0,007319636
0,1566119
-0,03582139
-0,03853153
0,08329111
0,06732251
-0,03853153
0,08329111
0,06732251
-0,05741717
0,2500311
0,1153653
-0,07414757
0,2534649
0,09890325
-0,07414757
0,2534649
0,09890325
-0,0921395
0,2125797
0,1977758
-0,09305637
0,1463934
0,3176823
-0,09305637
0,1463934
0,3176823
-0,09275427
0,2894825
0,3731687
-0,08457753
0,3215989
0,6215512
-0,02914844
0,3194122
0,2358631
-0,02914844
0,3194122
0,2358631
0,01505557
0,5287326
-0,01738599
-0,006443631
0,5164443
0,1277975
-0,03532792
0,4505563
0,2761159
-0,02722368
0,2644143
0,2399739
0,02020751
0,08260619
-0,214184
0,04183454
0,111418
-0,6149973
0,03744499
0,238955
-0,7578422
0,003189226
0,4554003
-0,644973
-0,02010976
0,8719305
-1,148113
-0,01473404
0,8941266
-1,434343
-0,03789299
0,8191615
-1,434049
-0,07607074
0,9562967
-1,896096
0,2899537
1,833389
0,1077878
-0,1290491
0,09370434
-0,04876518
0,1289927
-0,09778488
0,03170383
0,05700294
-0,007991791
0,01558071
0,08349504
0,4895205
-0,09210879
0,03458932
0,7521594
-0,1752487
-0,02969827
0,5150074
0,02510411
-0,06828684
0,6290731
0,1432024
0,03038287
1,267423
0,3870974
-1,325885
1,813724
1,588143
-1,964932
3,287155
1,851052
-2,388736
3,779953
2,336727
-1,512402
4,08875
3,230832
-1,000761
3,831175
3,632647
-1,155133
4,009566
4,002607
-1,874353
2,930587
5,448491
-1,720461
2,779207
4,495387
-0,6928096
1,111854
5,436048
-0,7629681
1,587444
2,673658
-0,7395889
1,454917
2,736539
-0,7351366
1,370419
2,782368
-0,7575586
1,377842
2,802436
-0,747104
1,411321
2,786644
-0,7568172
1,444878
2,784907
-0,7562517
1,316968
2,862863
-0,7583358
1,203269
2,93219
-0,8091826
1,238014
3,042107
-0,876958
1,308653
3,184025
-0,9175973
1,175546
3,416202
-0,9709465
1,057004
3,644506
-1,008798
0,984891
3,79518
-1,82841
0,566042
4,950636
-0,4688858
0,8602749
3,873992
-0,2836535
0,6135176
3,119464
-0,3077329
0,6740415
3,627218
-0,3069341
0,6822125
3,635604
-0,2963833
0,6957151
3,534849
-0,2356883
0,6987175
3,392401
0,2768453
0,5002052
2,984592
0,1779644
0,7334772
2,990152
0,1646532
0,7680327
3,121938
-0,686364
1,506356
5,727386
-0,63814
1,338254
5,81223
-0,6077952
1,127274
6,139729
-0,4488254
0,8132566
6,238847
-0,2557613
0,5168051
6,422776
-0,1711251
0,3843505
6,600228
-0,07915783
0,2408458
6,698393
0,04687369
0,1418183
6,751111
1,129917
-1,403031
5,794649
1,078551
-0,4004267
6,404303
1,242747
-1,427262
5,775676
1,341261
-1,437647
5,757949
1,491832
-1,380437
5,620347
1,70981
-1,407715
5,469543
1,826948
-0,7211259
6,027378
1,899369
-1,710683
5,789796
1,96987
-2,154016
6,269737
2,091381
-2,5762
6,576973
2,182257
-1,873624
6,937559
2,126792
-1,809947
6,831769
-0,07110391
-0,1798475
0,1539203
-0,04177486
-0,5149051
0,05162176
-0,04177486
-0,7111051
0,05162176
0,04558396
-0,3658246
0,17334
0,08674934
-0,3671612
0,2955881
0,1414005
-0,3825999
0,3429527
0,212763
-0,3657899
0,4060623
0,3816062
-0,1318993
0,4348036
0,4279848
-0,06898618
0,4206927
0,4098632
0,1499376
0,1332359
0,4006832
0,1466894
0,04864059
0,3716068
0,1258605
-0,02799085
0,1271456
-0,07664416
-0,04109851
0,1072683
-0,01509479
-0,05339494
0,1321895
-0,03474164
-0,007213069
0,1493851
-0,05802166
0,00664308
0,1125971
-0,01652174
-0,1129009
0,1020081
-0,0119784
-0,1325538
0,09674554
-0,0142574
-0,1422052
0,03215997
0,00347805
-0,1348846
0,01640229
0,0012265
-0,1243762
-0,02853528
-0,03108078
-0,1358218
-0,1068467
-0,07842
-0,119737
-0,01546995
0,0008319914
-0,1333324
-0,04516198
0,00374794
-0,1188713
-0,05124453
0,01251754
-0,1105956
-0,05772052
0,008644
-0,1010386
-0,06820408
-0,002507225
-0,0847774
-0,06813477
-0,00135237
-0,08475231
-0,07652005
-0,0001828671
-0,07800925
-0,08008204
-0,0003032237
-0,07415812
-0,08157861
-0,002034485
-0,0692764
-0,1559927
-0,09700018
-0,005274486
-0,1853741
-0,1419613
0,03501794
-0,207161
-0,1755147
0,07793403
-0,2203962
-0,1915626
0,1680463
-0,1137091
-0,1213122
0,1545386
-0,02907863
-0,0005717725
-0,001854017
-0,00893613
-0,001183435
-0,0004289157
-0,004193006
1,163781E-05
0,002135862
0,0008769643
0,0003515184
0,0006462908
-0,007811917
-0,009985074
-0,01759143
-0,001733348
-0,001101241
-2,560075E-05
-0,001205062
-0,0001957864
0,0007857776
-0,0005479092
-0,002944693
0,001419291
3,98485E-05
0,0002075732
0,0004196744
-0,0006456467
-0,0001047105
-5,161262E-05
-0,0005616626
-4,310906E-05
0,0005074067
-0,001953062
-0,003144264
0,001155184
-0,0005173186
-0,001721904
0,0004184785
-0,0002346707
-6,879866E-05
-0,0001119546
-0,0001074632
-4,288554E-05
5,299275E-05
-0,000515968
-0,0004942715
-0,0003783376
-0,0004747152
-0,0004957914
-0,0004128843
-0,0004243744
-0,000497371
-0,0004481479
-0,000382616
-0,0007654727
-0,0006387287
-0,007833268
0,00290815
0,01856374
-0,04644454
0,01533237
0,09816158
0,001637529
-0,01598065
-0,03795191
-0,01331586
-0,06986591
-0,1784069
0,04523488
-0,01735657
-0,1427798
-0,02757724
-0,1082233
-0,08734876
-0,0100109
-0,227561
-0,09192359
0,0004481752
-0,126431
-0,1148493
0,02178834
-0,0842815
-0,07199684
0,01169043
-0,03912812
-0,0682423
0,01183626
-0,01030499
-0,01079317
0,03154587
-0,05566499
-0,05621465
0,0301839
-0,07716027
-0,04922421
-0,02054206
0,04528152
-0,02365341
-0,0233689
0,06767925
-0,008148218
-0,03161707
0,1080663
0,02701023
-0,04142967
0,2010654
0,01541473
-0,05844014
0,3178547
0,01457375
-0,1983881
1,070682
0,1015742
-0,2048456
1,062889
0,2137451
-0,09960026
0,5584918
-0,08654003
-0,08870414
0,1761828
-0,1589994
-1,157031
0,7897903
-0,5220314
-0,0429897
0,1731179
-0,2253058
0,02470484
0,009257078
0,009721816
-0,02448654
-0,009744883
0,001857996
-0,1650597
0,8465939
0,5708169
0,2675254
0,8564981
0,6777077
0,3109942
0,8329536
0,8182012
0,3692137
0,8452132
0,9938433
0,4027874
0,8239896
1,073509
0,4265333
0,8327135
1,131886
0,4099058
0,6693842
1,376624
0,3716666
0,430654
1,5499
0,6900547
-0,3162582
0,8649564
0,5975099
0,6903667
0,8987477
0,5325175
0,6549597
1,051764
0,5834384
0,5857796
1,06354
0,6613288
0,4081452
1,029459
0,5571598
0,345733
1,096201
0,4890523
0,3674929
1,189901
0,4706092
0,3182612
1,065509
0,4273837
0,3798586
1,092205
0,3478481
0,4852348
1,31827
0,4024496
0,3703237
1,377656
0,4966552
0,220219
1,303613
0,5512186
0,06400251
1,188943
0,5596864
-0,04287496
1,212516
0,5914347
-0,1674465
1,199593
0,6477839
-0,2912818
1,083986
0,625285
-0,304568
1,129298
0,6007144
-0,2820387
1,189772
0,2843412
-0,5545636
1,558177
-0,01126188
-0,1597381
0,878737
-0,2461047
-0,7918135
0,609391
-0,07400554
-1,135247
1,172371
0,2806289
-1,626906
1,534134
0,2440775
-1,175477
0,8369971
0,01549512
-1,198433
0,7787749
0,08464211
-1,20156
0,4898392
0,08090764
-1,221296
0,5917291
0,06443292
-1,275741
0,8162764
0,2227488
-1,472849
0,8552115
0,5785246
-1,24525
0,9235958
0,2384723
-0,8814352
0,5559441
0,1997154
-0,5248875
0,4120917
0,3572409
-1,638109
0,5786304
-0,09607472
-0,2650282
0,01970336
0,03445575
-0,4243872
0,5310659
-0,07581475
-0,006583989
-0,03236991
-0,08224076
0,05237615
-0,09498137
-0,02437438
-0,005713522
-0,006727338
0,02664319
-0,03293851
0,06320193
-0,01181885
-0,01776007
0,1280525
-0,08410212
0,01371855
0,4202181
-0,4359669
0,3333082
0,7282225
-0,1405495
0,5181232
0,7054151
-0,1039112
0,3019062
1,053849
-0,1726524
0,4973756
1,05997
-0,6012972
1,872756
2,652962
-0,6980468
2,078758
2,469671
-2,162967
2,363842
2,348598
-1,656467
1,74091
2,009293
-1,54619
0,8761079
1,272776
-1,647463
0,8389335
1,394233
-1,700386
0,6928115
1,574486
0,1911782
0,8504938
2,761286
0,1223934
0,5426892
2,924282
0,08181927
-0,05436385
0,1312946
0,1763223
-0,1193053
0,1847267
0,1016392
-0,1991677
0,2114396
0,1553659
-0,5733389
1,151982
0,2227542
-0,8054869
1,162866
0,3231782
-1,009879
1,087549
0,5280803
-1,480697
0,9685175
0,7262079
-2,039843
0,8857763
0,7147425
-2,129055
0,9429256
0,825214
-2,253613
0,8773603
0,9511915
-2,580202
0,8980165
0,9569374
-2,739617
0,9527583
0,921505
-2,712125
1,001289
0,9543606
-2,785788
1,035215
0,9648687
-2,832469
1,070753
0,8837332
-2,7964
1,180051
0,8690004
-2,493955
0,9807922
0,8579352
-2,088749
0,7345484
-0,01809165
-0,5012827
0,06478824
-0,01809165
-0,6974827
0,06478824
-0,01809165
-0,8936827
0,06478824
0,528681
-0,9961913
0,06376573
0,6069679
-0,7678275
-0,1382966
0,8971348
-0,4612895
0,1491531
0,6460045
-0,0677377
-0,02022156
-0,1791954
-0,2588766
-0,423923
0,06316569
-0,0144828
-0,3399449
0,0006287172
0,002612576
-0,3335048
-0,04602522
0,01602514
-0,297498
-0,07294624
0,0476519
-0,2808745
-0,1122254
0,07578263
-0,04175159
-0,1249457
-0,05799375
-0,01594247
-0,1353012
-0,02853927
0,02049841
-0,1397866
-0,02992579
0,07797137
-0,1372545
-0,03020488
0,1042878
-0,1290746
-0,02174708
0,1303527
-0,09919073
0,002290279
0,1592843
-0,08435951
0,00976181
0,1620209
-0,005246163
-0,001735252
0,02541345
-0,04838561
-0,02135209
0,1880789
-0,0411793
-0,1011521
0,2018443
-0,05977605
-0,1552745
0,3311779
-0,008032337
-0,02819148
0,225383
0,02710235
0,01511192
0,1286178
-0,1811188
-0,2959648
0,6558193
-0,1101346
-0,1911198
0,4166966
-0,10133
-0,2979942
0,7094805
0,1693251
-0,7096903
1,243214
0,2858909
-1,175806
1,975009
0,2200924
-1,235809
1,641638
0,06936485
-1,788453
1,837644
0,4034742
-0,09316289
0,33407
0,4034742
-0,09316289
0,33407
-0,009588405
-0,1109034
-0,004556358
-0,009588405
-0,1109034
-0,004556358
-0,2107098
-0,7382627
0,6781175
0,1736327
-0,1534706
-0,009566367
0,0806368
-0,1096363
0,00395745
0,03415918
-0,1179907
0,04577765
-0,1586826
-0,5822201
0,4853758
closestDistance
0,1031557
0,1049125
0,1055544
0,1008043
0,09006628
0,08884242
0,0857553
0,07999979
0,0757496
0,07238551
0,07000472
0,06695119
0,06230346
0,06805332
0,07891849
0,07668443
0,06298698
0,06092904
0,05370422
0,05030449
0,04889773
0,04787749
0,04752977
0,047028
0,03511335
0,04383514
0,04307128
0,03900345
0,03919598
0,04334022
0,04533366
0,05012858
0,05557152
0,05369982
0,05947815
0,05932311
0,06099303
0,06102492
0,06134285
0,0639144
0,08018418
0,0793816
0,08373501
0,08025026
0,07510041
0,07600405
0,07949287
0,0808242
0,09810627
0,09979173
0,08215144
0,09538296
0,09511287
0,09644331
0,09981668
0,09677365
0,1005712
0,09828068
0,1047261
0,1082232
0,08203915
0,08236269
0,1009563
0,09944313
0,06926
0,1238227
0,1202401
0,1067965
0,1098342
0,07379492
0,1101099
0,1129974
0,14296
0,1314487
0,1451611
0,1448139
0,09863982
0,1336424
0,1060861
0,1060861
0,1060861
0,1060861
0,1060861
0,1060861
0,1060861
0,1048224
0,1152479
0,1079562
0,1061725
0,09879579
0,09880719
0,09963437
0,1104406
0,1105527
0,1116748
0,1119326
0,1123724
0,112475
0,1427273
0,1439178
0,1292365
0,1342191
0,09152521
0,1202185
0,122273
0,1135776
0,1139516
0,1145875
0,1148504
0,1103374
0,1060243
0,1077875
0,1150579
0,1284082
0,1127912
0,1127946
0,1129093
0,1136309
0,1137785
0,1140561
0,115235
0,1160856
0,1165785
0,1183364
0,1093906
0,1107683
0,1111365
0,1110954
0,1110036
0,1109015
0,1107127
0,1107686
0,1108629
0,1108921
0,111037
0,1108325
0,1106893
0,110763
0,1107539
0,1107752
0,1109289
0,1109715
0,1111832
0,1120799
0,1126423
0,1136702
0,1143873
0,1143282
0,1147782
0,1201267
0,1211029
0,1304807
0,1376474
0,09494867
0,09552948
0,0903723
0,0985685
0,08610173
0,09706545
0,1532045
0,1374332
0,1494364
0,1513119
0,1541548
0,1517492
0,1335929
0,1337419
0,1337332
0,133743
0,1338324
0,1338827
0,1334287
0,1328411
0,1321348
0,1315281
0,1316304
0,1033847
0,1357369
0,1371399
0,09718116
0,08993231
0,09553102
0,09393008
0,1167807
0,1147221
0,1221122
0,1200644
0,1094073
0,1107048
0,1113406
0,1115367
0,1449411
0,1177515
0,1420039
0,1418417
0,1417019
0,1416358
0,1418492
0,1430856
0,1456579
0,1440209
0,1494323
0,110219
0,1180795
0,1127343
0,1150139
0,1167335
0,1187342
0,106112
0,1060895
0,1061093
0,1063269
0,1067491
0,1081129
0,1087484
0,1095009
0,1099478
0,1102856
0,1106203
0,1110665
0,111339
0,1115063
0,1115762
0,1116076
0,1116165
0,1116038
0,1115544
0,1114073
0,1112268
0,1110909
0,1109866
0,1109208
0,110903
0,110868
0,110858
0,1108777
0,110852
0,1108424
0,1108315
0,1107156
0,1105648
0,1104056
0,1102227
0,1101002
0,1099753
0,109825
0,09610773
0,09627408
0,09638739
0,09648473
0,09653942
0,09654334
0,09646409
0,09529729
0,09382666
0,09223534
0,09702453
0,1002262
0,09848808
0,09654702
0,0948151
0,1082241
0,1090885
0,1095344
0,1099814
0,1123413
0,0885466
0,1071175
0,1087966
0,1133322
0,1066882
0,1105002
0,1152564
0,1157398
0,1173072
0,1177683
0,1141643
0,1148264
0,1120759
0,1198527
0,1174787
0,1140917
0,1102173
0,113779
0,1077232
0,1116325
0,109728
0,1146016
0,1055521
0,1120999
0,1085076
0,1028277
0,1014279
0,1014255
0,1051443
0,105055
0,1053255
0,105718
0,1060872
0,1070435
0,1075517
0,1071922
0,1015056
0,09738177
0,1010395
0,1091665
0,1019619
0,109175
0,1078377
0,1071644
0,1155442
0,1104159
0,1092005
0,107998
0,1122617
0,1113153
0,120052
0,1214061
0,1182497
0,1206072
0,1146056
0,117064
0,1198377
0,1230862
0,118373
0,1222396
0,1177174
0,1215025
0,1106517
0,1137288
0,1171899
0,1127078
0,11721
0,1138702
0,1125534
0,1182862
0,1158431
0,1218859
0,1271241
0,1125225
0,1424768
0,09327798
0,09789679
0,0923994
0,1183603
0,09352036
0,09273969
0,09973319
0,09591993
0,09636724
0,1026635
0,102525
0,1024485
0,101742
0,1012681
0,100517
0,09912489
0,09819419
0,09678175
0,09515116
0,09399772
0,09358756
0,09820483
0,09559868
0,1021341
0,1009495
0,1002752
0,09887825
0,09757669
0,1155938
0,1077548
0,1086647
0,09746548
0,09293303
0,09882346
0,09882346
0,0986199
0,09822773
0,09819162
0,09810658
0,0981039
0,0981039
0,09810389
0,0981039
0,0981039
0,09810391
0,09810388
0,0981039
0,0981039
0,0981039
0,09810389
0,09810391
0,09810391
0,0981039
0,0981039
0,09810388
0,09810388
0,0981039
0,0981039
0,0981039
0,0981039
0,09997553
0,1058379
0,09694809
0,09073225
0,09092853
0,1023626
0,09279256
0,1047216
0,1047216
0,1006434
0,1059864
0,1025736
0,1083524
0,1045061
0,1092003
0,1029981
0,09718189
0,09863035
0,09872977
0,09885383
0,09730834
0,08502549
0,07858604
0,07606242
0,07489698
0,08855535
0,08768667
0,09258662
0,08144531
0,1134489
0,1340895
0,08001656
0,117332
0,09155673
0,0874537
0,09952417
0,0982478
0,09503058
0,09086649
0,07447679
0,08613867
0,09516314
0,09199031
0,09305151
0,08176997
0,09521682
0,09432475
0,08999536
0,08987968
0,08988411
0,09030176
0,09054506
0,09112456
0,09117545
0,09117544
0,09124716
0,09130357
0,09139191
0,09139621
0,0913962
0,0913962
0,09139621
0,09139618
0,09139618
0,0913962
0,0913962
0,0913962
0,09139618
0,0913962
0,09139618
0,0913962
0,09139621
0,0913962
0,0913962
0,09139621
0,0913962
0,09139621
0,0913962
0,09139618
0,0913962
0,0913962
0,0913962
0,0913962
0,0913962
0,0913962
0,0913962
0,09139621
0,09139618
0,0913962
0,0913962
0,0913962
0,09139618
0,0913962
0,0913962
0,09139621
0,09139621
0,09139618
0,0913962
0,0913962
0,09139618
0,0913962
0,0913962
0,09139621
0,0913962
0,0913962
0,09139621
0,09139618
0,0913962
0,0913962
0,09139618
0,0913962
0,09139618
0,09139618
0,0913962
0,0913962
0,0913962
0,0913962
0,09139618
0,09139619
0,09139621
0,09139619
0,0913962
0,09139621
0,09139621
0,09139621
0,09139621
0,09139621
0,09139621
0,09044997
0,08931888
0,09121857
0,09419688
0,08789237
0,09140408
0,08567023
0,06513406
0,07697676
0,08962449
0,1010671
0,1012676
0,1015749
0,1007902
0,09819824
0,1027098
0,09505954
0,1072774
0,1012842
0,1032239
0,05680116
0,07022397
0,09317464
0,09993731
0,09102061
0,0903273
0,1064406
0,1099676
0,1001351
0,1021973
0,0994373
0,09303256
0,09854762
0,09856289
0,09974103
0,09593947
0,07888667
0,08878164
0,0973814
0,09730739
0,09653926
0,09551761
0,09142358
0,09101819
0,09727955
0,094535
0,09090687
0,08729126
0,1156781
0,1102511
0,1248587
0,1236302
0,113653
0,09041677
0,0855526
0,08324473
0,08185546
0,08172905
0,08170015
0,08155363
0,08046051
0,08928764
0,1124784
0,115225
0,08097686
0,08335906
0,09568505
0,09191947
0,09936237
0,09151211
0,09672037
0,0980249
0,09798038
0,09776276
0,09370146
0,0900621
0,08229261
0,1000714
0,09990619
0,099084
0,1025038
0,1030877
0,103829
0,104511
0,1646649
0,1069631
0,1140886
0,1141875
0,114119
0,1140864
0,1140792
0,1140308
0,1379559
0,110362
0,109793
0,1097252
0,1109498
0,1238777
0,1137949
0,0954263
0,09599917
0,09584275
0,101323
0,1031983
0,1021195
0,1012064
0,09843059
0,09517226
0,1018344
0,09795571
0,09791327
0,09788406
0,09737874
0,09595565
0,09395036
0,1012533
0,09841932
0,09457924
0,09868784
0,08898807
0,08641229
0,08559471
0,08094919
0,08293165
0,08729298
0,1116936
0,1155604
0,1114481
0,1107706
0,1104535
0,110089
0,1099468
0,1095914
0,1091145
0,1087996
0,1081975
0,1079048
0,1073624
0,1072006
0,1073202
0,1083841
0,1108674
0,1053468
0,1077034
0,1126626
0,1262677
0,09041402
0,07841084
0,078228
0,07775749
0,09322159
0,07382738
0,08048655
0,08001139
0,08012938
0,1323345
0,1177284
0,1087503
0,1086471
0,1099492
0,1110711
0,1126966
0,1207134
0,12898
0,1296564
0,1289382
0,1276783
0,1255257
0,1339078
0,1333502
0,1331406
0,133549
0,1345922
0,1062398
0,101653
0,10448
0,1024077
0,09726173
0,09067217
0,0818707
0,07027214
0,1022826
0,1095253
0,1201289
0,1110292
0,1191186
0,1114204
0,1081332
0,114959
0,1029495
0,1047119
0,1074302
0,1111581
0,1158598
0,1128766
0,1178654
0,1189859
0,1099192
0,1084114
0,1088388
0,1092323
0,1096214
0,109713
0,109692
0,1095993
0,109156
0,1088487
0,1085801
0,10843
0,1083231
0,1082545
0,1082269
0,1082355
0,1082948
0,1083994
0,1084316
0,1089143
0,1106692
0,1064717
0,1103303
0,1059709
0,1100262
0,1054046
0,1085009
0,1113039
0,105975
0,1123252
0,1147528
0,1081093
0,1116524
0,1183252
0,1196132
0,1255406
0,1200943
0,1214967
0,1097904
0,1064329
0,1133747
0,1051761
0,1135129
0,1117443
0,1086945
0,1092772
0,1129818
0,1013171
0,1016857
0,1029704
0,1059064
0,102772
0,09950382
0,09275213
0,09524648
0,09979747
0,09612998
0,1009553
0,09265227
0,09279498
0,08498278
0,08007116
0,08295565
0,08905993
0,1102144
0,1053342
0,102959
0,1122059
0,1203474
0,108574
0,1100186
0,1104494
0,1107577
0,1111898
0,1122214
0,1057231
0,1081675
0,1108941
0,1142343
0,1106082
0,1150619
0,1136845
0,1151977
0,1158447
0,1135512
0,1111148
0,122015
0,1157691
0,08984581
0,0905656
0,08506691
0,07526221
0,06838359
0,07573345
0,05952657
0,04570528
0,04712411
0,132018
0,1322994
0,1304062
0,1307312
0,1338814
0,1305947
0,1286716
0,1475607
0,1505744
0,1044821
0,09967627
0,09967626
0,09967626
0,09967627
0,09967627
0,09967627
0,08915014
0,1053968
0,1053968
0,1053968
0,1053968
0,1053968
0,1053968
0,1053968
0,1053968
0,1053968
0,1053968
0,1053968
0,1053968
0,1053968
0,1053968
0,1011296
0,1467421
0,1375075
0,1375075
0,1375075
0,1375075
0,1375075
0,137858
0,1380764
0,1380764
0,1380764
0,1380764
0,1380764
0,1380764
0,1380764
0,1380764
0,1380764
0,1380764
0,1380764
0,1380764
0,1380764
0,1380764
0,1380764
0,1380764
0,1380977
0,1380983
0,1380983
0,1380983
0,1381566
0,1381692
0,1370783
0,08940358
0,09246099
0,09503233
0,09749401
0,130693
0,08894401
0,1028543
0,1059764
0,1038692
0,10141
0,1428698
0,1432584
0,1428148
0,1433011
0,1426362
0,1421739
0,1421656
0,1421909
0,1418259
0,1421226
0,1416876
0,1402951
0,1397619
0,1436281
0,1409004
0,1411951
0,1412907
0,1442483
0,1442253
0,1441855
0,1441514
0,1427312
0,1406408
0,1356009
0,09582097
0,09662294
0,09648529
0,09616839
0,09604718
0,09598882
0,09606688
0,09603716
0,09594791
0,09589758
0,1116771
0,1117933
0,1118695
0,1119032
0,1118829
0,1118899
0,1119318
0,1119664
0,1119667
0,1119615
0,111954
0,1120406
0,1128278
0,110782
0,1095199
0,1075683
0,1064624
0,1297407
0,1045612
0,09820175
0,1001876
0,09530089
0,09645988
0,09847485
0,100522
0,09869007
0,09438216
0,08994278
0,09002113
0,1200313
0,1454975
0,1047737
0,1015558
0,1167347
0,1219128
0,1143052
0,09504887
0,0973738
0,1121836
0,1121836
0,1121836
0,1121836
0,1121836
0,1121836
0,1121836
0,1268416
0,1149775
0,1149775
0,1149775
0,1149775
0,1149775
0,1149775
0,1149775
0,1149775
0,1149775
0,1149775
0,1149775
0,1149775
0,1149775
0,1149775
0,1149775
0,1149775
0,1149775
0,1337112
0,1261174
0,08827431
0,07804194
0,09037651
0,09037651
0,0903765
0,09037651
0,09037651
0,09037651
0,09037653
0,06126398
0,07118425
0,07980074
0,08727268
0,08476732
0,09779257
0,1005739
0,09977274
0,09949178
0,09922527
0,09775148
0,09366496
0,09629265
0,09629267
0,08479596
0,06774127
0,04592738
0,03425549
0,101503
0,1034356
0,1034357
0,1034356
0,1034356
0,1321076
0,09602364
0,09809746
0,09271069
0,1122602
0,1123545
0,1123544
0,1123544
0,1123544
0,1123544
0,1123544
0,1123544
0,1123544
0,1123543
0,1123544
0,1123544
0,1123544
0,1123544
0,1123544
0,1123544
0,1109774
0,07266471
0,0690017
0,1195346
0,1085591
0,1184021
0,1218295
0,1119751
0,103916
0,1086664
0,1077486
0,1057123
0,1042959
0,1037091
0,1023339
0,09972259
0,09597407
0,1082046
0,1094992
0,1105479
0,1109987
0,1118345
0,1155463
0,1187901
0,1111537
0,1121348
0,1136535
0,1222483
0,117691
0,1145758
0,1097792
0,1097792
0,1097792
0,1695665
0,1114658
0,1120939
0,1125242
0,1428221
0,1229886
0,1157752
0,1165419
0,125787
timeStamps
3,826375
3,852389
3,867717
3,894188
3,922316
3,938059
3,964172
3,991873
4,007435
4,033476
4,049546
4,075041
4,090836
4,117032
4,132673
4,158985
4,174098
4,20049
4,216159
4,24285
4,270594
4,298346
4,314222
4,340269
4,368023
4,384068
4,409747
4,437755
4,465497
4,481607
4,507061
4,535442
4,562936
4,579033
4,604675
4,6208
4,646276
4,662046
4,688254
4,704361
4,729819
4,757978
4,785887
4,814048
4,841477
4,857502
4,883246
4,911019
4,939176
4,967065
4,995044
5,022929
5,050951
5,078752
5,106957
5,134393
5,162372
5,190159
5,218232
5,246275
5,273827
5,301378
5,329241
5,357014
5,385038
5,412869
5,440887
5,468741
5,496587
5,52452
5,552075
5,580025
5,60801
5,635921
5,663673
5,691306
5,719143
5,747172
5,775015
5,803024
5,83052
5,85853
5,886372
5,914079
5,942149
5,969909
5,997652
6,025698
6,053835
6,081153
6,108984
6,13682
6,164716
6,193011
6,220516
6,248341
6,276134
6,304114
6,332128
6,359629
6,387863
6,415376
6,443244
6,471021
6,498892
6,526674
6,554541
6,582466
6,610362
6,638629
6,666572
6,694328
6,721675
6,749792
6,777629
6,804967
6,83281
6,860857
6,888821
6,916406
6,944455
6,972131
7,00041
7,027946
7,055906
7,083729
7,111629
7,139585
7,167319
7,195535
7,222839
7,250789
7,278508
7,306665
7,334119
7,362418
7,389962
7,417814
7,445602
7,473755
7,501307
7,529365
7,55704
7,584772
7,612741
7,640868
7,668662
7,696142
7,724161
7,752339
7,779787
7,80781
7,835535
7,863455
7,890999
7,906649
7,932778
7,947169
7,961517
7,988452
8,002678
8,017269
8,030729
8,044966
8,071491
8,085274
8,099314
8,113426
8,127277
8,141653
8,156005
8,169167
8,183431
8,197084
8,211512
8,225649
8,239753
8,252741
8,266788
8,280892
8,294728
8,308578
8,322739
8,336818
8,350529
8,364187
8,378141
8,392176
8,406306
8,420109
8,43409
8,447872
8,461826
8,475826
8,49012
8,503709
8,517491
8,531417
8,545534
8,559434
8,573377
8,587246
8,601379
8,61503
8,629035
8,642716
8,657233
8,670925
8,684501
8,698732
8,712621
8,726337
8,74028
8,75421
8,768172
8,782163
8,796062
8,81003
8,823834
8,83768
8,851781
8,865696
8,879858
8,893479
8,907258
8,921265
8,935537
8,949121
8,962956
8,977255
8,991063
9,005045
9,018725
9,032614
9,046833
9,060479
9,07448
9,088335
9,102454
9,115997
9,130153
9,14421
9,157987
9,171851
9,185977
9,199962
9,213721
9,227538
9,241704
9,255301
9,269289
9,283499
9,297771
9,311258
9,324988
9,338778
9,35296
9,366787
9,380615
9,394679
9,40846
9,422443
9,436602
9,450522
9,464646
9,478086
9,49231
9,506037
9,51997
9,533764
9,54792
9,561859
9,575802
9,589903
9,603517
9,617351
9,631178
9,645573
9,6593
9,672897
9,6871
9,700885
9,714684
9,728795
9,742575
9,75676
9,770644
9,784726
9,798332
9,812182
9,826425
9,840181
9,854185
9,868214
9,881957
9,89576
9,910088
9,923677
9,937681
9,95157
9,965259
9,979314
9,993588
10,00714
10,02117
10,03513
10,04884
10,06283
10,07683
10,09098
10,10481
10,11866
10,13243
10,14666
10,16042
10,17421
10,18842
10,20204
10,21614
10,23018
10,244
10,25794
10,27187
10,28582
10,29962
10,31381
10,32745
10,3412
10,35546
10,36901
10,38306
10,39699
10,41106
10,42472
10,43879
10,45292
10,46653
10,48061
10,49457
10,5085
10,52247
10,53664
10,55094
10,56549
10,59175
10,60589
10,62053
10,6349
10,66171
10,68898
10,70404
10,73087
10,74699
10,77245
10,78817
10,81414
10,84235
10,85818
10,88382
10,91191
10,93972
10,95518
10,98129
10,99666
11,0234
11,05093
11,0668
11,09277
11,12101
11,1486
11,1647
11,19025
11,20642
11,23171
11,25966
11,2876
11,3158
11,34365
11,37129
11,39933
11,42713
11,45527
11,48305
11,51081
11,53899
11,56648
11,59458
11,62252
11,65003
11,67799
11,70573
11,73401
11,76137
11,78964
11,81736
11,8454
11,87276
11,90064
11,92871
11,9565
11,98432
12,01196
12,03982
12,06771
12,09581
12,12362
12,15141
12,16578
12,18106
12,19436
12,20786
12,22181
12,23443
12,24776
12,26151
12,27594
12,28962
12,30384
12,31792
12,33214
12,34574
12,35962
12,37399
12,38759
12,40158
12,41576
12,4295
12,44347
12,4576
12,47122
12,48541
12,49917
12,51318
12,5272
12,54146
12,55585
12,56957
12,58419
12,59796
12,6124
12,63788
12,6524
12,67997
12,70769
12,72357
12,7494
12,77785
12,79373
12,81913
12,84704
12,87496
12,90298
12,9309
12,95856
12,98639
13,01461
13,04251
13,0701
13,09793
13,12576
13,15375
13,18151
13,20928
13,2372
13,26542
13,29281
13,32071
13,3491
13,37638
13,4044
13,43209
13,46
13,4882
13,51567
13,544
13,57154
13,59921
13,62704
13,65514
13,68261
13,7108
13,73845
13,76659
13,79422
13,82185
13,85006
13,87766
13,90547
13,93359
13,96127
13,98934
14,01683
14,04466
14,07293
14,10058
14,12858
14,15619
14,18381
14,21209
14,23947
14,26758
14,29542
14,32303
14,35124
14,37894
14,40663
14,43451
14,46237
14,49031
14,51827
14,54602
14,5741
14,60164
14,62943
14,65729
14,68523
14,71296
14,74077
14,76866
14,797
14,82452
14,85216
14,88
14,90803
14,93581
14,96372
14,99149
15,01935
15,04723
15,07503
15,10301
15,13128
15,15836
15,17411
15,20002
15,21465
15,22866
15,24344
15,25652
15,26905
15,28298
15,29692
15,3108
15,32501
15,33884
15,35304
15,36732
15,38087
15,39519
15,40879
15,42265
15,4365
15,45064
15,46464
15,47852
15,49224
15,50662
15,52016
15,53406
15,54824
15,56209
15,57603
15,59007
15,60367
15,61765
15,63186
15,64602
15,6595
15,67361
15,68788
15,70133
15,71536
15,72911
15,74292
15,75712
15,77128
15,78668
15,81255
15,82761
15,85431
15,88199
15,91002
15,93773
15,9656
15,99366
16,0214
16,0494
16,07751
16,10517
16,13293
16,16114
16,18844
16,21644
16,24451
16,27218
16,30052
16,32763
16,35559
16,38372
16,41132
16,43916
16,46702
16,49505
16,52277
16,55073
16,57851
16,60628
16,63411
16,66196
16,69016
16,7177
16,74554
16,77365
16,80176
16,82998
16,85694
16,88468
16,91225
16,94063
16,96786
16,99583
17,0237
17,05211
17,0797
17,10733
17,13522
17,16314
17,19103
17,21885
17,24679
17,27451
17,30246
17,33029
17,35795
17,3864
17,4138
17,44149
17,46972
17,49724
17,52528
17,55297
17,58115
17,60884
17,63645
17,66435
17,69217
17,72026
17,74785
17,77585
17,8035
17,83149
17,85934
17,88722
17,91508
17,94297
17,97071
17,99851
18,02645
18,05427
18,08196
18,10996
18,13768
18,16563
18,19346
18,22161
18,2491
18,27719
18,30475
18,3327
18,36051
18,38853
18,41646
18,44419
18,47172
18,49954
18,5277
18,55566
18,58326
18,61133
18,63888
18,66673
18,69456
18,72263
18,7502
18,77809
18,79374
18,81945
18,83482
18,86168
18,88936
18,90468
18,93068
18,9457
18,97265
18,98746
19,00232
19,02834
19,04277
19,05758
19,07084
19,08427
19,09849
19,11133
19,1256
19,13955
19,15351
19,16747
19,1816
19,19593
19,20935
19,22335
19,2372
19,25122
19,26514
19,27956
19,29321
19,30728
19,32118
19,33511
19,34888
19,36278
19,37677
19,39081
19,40482
19,4188
19,43317
19,44629
19,4602
19,47404
19,48806
19,50245
19,51612
19,52984
19,54406
19,55775
19,57177
19,58562
19,59943
19,61352
19,62728
19,64132
19,65524
19,66905
19,68308
19,69714
19,71098
19,72484
19,73864
19,7529
19,76661
19,7805
19,7946
19,80856
19,82215
19,83656
19,85015
19,86397
19,87815
19,89194
19,90583
19,91974
19,93355
19,94762
19,96181
19,97558
19,98942
20,00355
20,01738
20,03117
20,04523
20,05907
20,07311
20,08665
20,10091
20,11461
20,12854
20,14258
20,15657
20,17085
20,18481
20,19887
20,21208
20,22648
20,23999
20,25446
20,26826
20,28226
20,29667
20,31013
20,32449
20,33817
20,35211
20,36628
20,38018
20,39405
20,40713
20,42078
20,43543
20,44902
20,46262
20,47669
20,48946
20,50335
20,51843
20,53173
20,54582
20,55974
20,57364
20,58849
20,60245
20,6165
20,6311
20,65669
20,67216
20,68693
20,71203
20,72693
20,74219
20,76836
20,78436
20,81011
20,83786
20,86604
20,894
20,92196
20,95005
20,97777
21,00565
21,03349
21,06182
21,08911
21,11711
21,14502
21,17299
21,20071
21,22846
21,25629
21,28436
21,3122
21,33979
21,36812
21,39558
21,42342
21,45151
21,47903
21,50747
21,53474
21,56259
21,59064
21,61841
21,64632
21,67399
21,70184
21,7299
21,7576
21,7853
21,81314
21,84123
21,86892
21,89729
21,92469
21,95237
21,98026
22,00813
22,03598
22,0641
22,09167
22,11956
22,14747
22,17537
22,20307
22,23088
22,25875
22,2868
22,31454
22,34219
22,37041
22,39803
22,42573
22,45368
22,48155
22,50952
22,53723
22,56536
22,59283
22,62093
22,64858
22,67654
22,70425
22,73224
22,75994
22,78808
22,81569
22,84342
22,87143
22,89921
22,92704
22,95493
22,98269
23,01088
23,03837
23,06652
23,09415
23,12198
23,14974
23,17793
23,20575
23,23339
23,26122
23,2892
23,31682
23,34488
23,37239
23,40086
23,42816
23,4561
23,48391
23,51182
23,5397
23,56781
23,59532
23,62306
23,65087
23,67901
23,70665
23,73476
23,76222
23,79027
23,81847
23,84583
23,87383
23,90166
23,92955
23,95758
23,98497
24,01308
24,04069
24,06882
24,09665
24,12443
24,1524
24,17992
24,20814
24,2357
24,26361
24,29141
24,31931
24,34709
24,37515
24,403
24,43071
24,45881
24,48665
24,51442
24,54181
24,57058
24,59764
24,62553
24,65324
24,68118
24,70903
24,73696
24,76479
24,79255
24,82076
24,84839
24,87605
24,90401
24,93175
24,95988
24,9875
25,01521
25,0432
25,07121
25,09901
25,12662
25,15458
25,18241
25,21032
25,23826
25,26608
25,29403
25,32147
25,34941
25,37733
25,40547
25,4329
25,46083
25,48869
25,51649
25,54438
25,57231
25,59999
25,6281
25,65576
25,68363
25,71139
25,73941
25,76714
25,7953
25,82271
25,85062
25,87844
25,90649
25,93445
25,96208
25,99021
26,01776
26,04555
26,07371
26,10109
26,12932
26,15717
26,18486
26,21245
26,2406
26,26855
26,29628
26,32462
26,35174
26,37987
26,40745
26,43548
26,46317
26,49112
26,51917
26,54686
26,57457
26,60251
26,63027
26,65814
26,68612
26,71377
26,74193
26,7696
26,79739
26,82518
26,8531
26,88093
26,90943
26,93716
26,96463
26,99246
27,02015
27,04813
27,07556
27,10341
27,13157
27,15926
27,18711
27,21503
27,24318
27,27055
27,29899
27,32626
27,35436
27,38201
27,40998
27,4379
27,46583
27,49335
27,52124
27,54916
27,57729
27,60473
27,63299
27,66034
27,68833
27,71627
27,74422
27,77175
27,80021
27,82757
27,85569
27,88348
27,91152
27,93908
27,96697
27,99464
28,02237
28,03861
28,06407
28,07949
28,10585
28,1335
28,14887
28,16372
28,18901
