participantNumber
12
repetitionNum
4
sdfEnabled
1
taskTime
15,53803
numHits
25
positionDifference
0,1191605
angleDifference
71,56988
finalPosX
-0,07488968
finalPosY
-0,05277224
finalPosZ
0,9155983
finalRotX
332,2774
finalRotY
48,08532
finalRotZ
298,2901
taskType
complexWire
velocityMagnitude
1,011711
0,6098553
0,6098553
0,766995
0,1553274
0,1553274
0,6959867
0,1679318
0,0667389
0,0667389
0,3459123
0,2906211
0,2906211
1,048005
0,5046247
0,5046247
0,6423973
0,2386
0,2386
0,2384133
0,2511392
0,2593817
0,2593817
0,2486833
0,1594939
0,1594939
0,4383087
0,1267137
0,1267137
0,304467
0,2035623
0,1820835
0,1820835
0,1857114
0,08516019
0,08516019
0,3581619
0,1138026
0,1138026
0,2850501
0,2926911
0,2800013
0,298722
0,08060714
0,3572913
0,2666214
0,2666214
0,2230255
0,4403334
0,2729851
0,2794546
0,2170344
0,3102829
0,5726728
0,6173661
0,3470135
0,5251225
0,3222653
0,4840086
0,3133109
0,1747923
0,1143309
0,1012677
0,09133658
0,09788094
0,09849916
0,09849916
0,09797955
0,09194752
0,03317436
0,07345278
0,1478992
0,2438982
0,2429065
0,1562438
0,07991598
0,1301141
0,1167696
0,1342622
0,08767483
0,1550725
0,05691424
0,1516092
0,3188132
0,3105575
0,2821919
0,2375555
0,2090097
0,2381303
0,2448378
0,1823571
0,2398457
0,2514256
0,2613578
0,1277802
0,1277802
0,1460522
0,1460522
0,1526376
0,1889109
0,1707977
0,1912739
0,1411937
0,138334
0,1905184
0,1706323
0,1746348
0,1528772
0,1687103
0,1616364
0,1335305
0,1676443
0,4103212
0,1292296
0,1779939
0,4863102
0,1128235
0,1182945
0,1731305
0,4375072
0,1911985
0,1485632
0,1343714
0,1706243
0,1898891
0,1431207
0,134394
0,1416086
0,1148978
0,1298956
0,04696618
0,09194348
0,1316528
0,405788
0,4564529
0,513992
0,6172832
0,5102879
0,5449097
0,7901756
0,7440813
0,4328003
0,4303991
0,5577124
0,6607733
0,1242989
1,030571
0,5870879
0,2056624
0,2753115
0,1075694
0,1592263
0,2420807
0,120019
0,1180082
0,09189859
0,1100317
0,1265857
0,3914381
0,09053194
0,2590959
0,03000341
0,0340315
0,03490712
0,05750279
0,05705636
0,02231201
0,04484776
0,03300165
0,06680311
0,0845191
0,04033918
0,06289991
0,05772273
0,07579377
0,154397
0,1793122
0,2888291
0,9018645
0,6822854
0,4186974
0,4165964
0,4773995
0,2430578
0,007020009
0,03276316
0,008071193
0,01366695
0,042765
0,01105135
0,02127705
0,02688601
0,03028233
0,01316536
0,07342557
0,1545237
0,1116991
0,09379254
0,3255899
0,5895019
0,7508738
0,8837437
0,8968897
0,1557615
0,05750768
0,2249734
0,2614859
0,6378329
0,8315902
1,221446
1,416901
1,395785
1,306913
1,485348
1,853025
2,04032
2,229147
2,229147
1,51378
0,8024935
0,8024935
0,8873998
1,019264
1,188081
1,188081
1,24395
1,637707
1,637707
1,166111
0,4612229
0,4612229
0,6097793
0,7186784
0,7436411
0,7436411
0,7670882
0,783452
0,783452
0,7140433
0,6202818
0,6202818
0,5643888
0,5087758
0,5087758
0,4524554
0,4167264
0,3880848
0,3880848
0,3885644
0,02276265
0,02276265
0,07657022
0,08215582
0,08215582
0,3060796
0,3127624
0,2920595
0,2920595
0,2774423
0,2947766
0,2947766
0,7231187
0,636188
0,636188
0,3266041
0,4745951
0,5168092
0,5168092
0,4209157
0,5393848
0,5393848
0,4630994
0,4273449
0,4273449
0,5634445
0,4165291
0,4165291
0,6587619
0,5933378
0,1056659
0,1056659
0,2149335
0,2808671
0,2808671
0,4096244
0,4273171
0,4273171
0,5383341
0,512221
0,4926001
0,4926001
0,4328718
0,2984495
0,2984495
0,373259
0,3245754
0,3245754
0,216114
0,2624123
0,2624123
0,197212
0,2189795
0,1597292
0,1597292
0,07001404
0,09914548
0,09914548
0,2560155
0,1931786
0,1608532
0,1867802
0,1719328
0,1923678
0,285448
0,285448
0,1805608
0,1805608
0,3585928
0,4190199
0,4190199
0,2700723
0,1621881
0,2883265
0,2883265
0,4381581
0,3241805
0,3241805
0,2712632
0,1770538
0,2210857
0,2210857
0,3198833
0,2694556
0,1105369
0,051316
0,051316
0,05426601
0,05883862
0,05883862
0,0863004
0,0863004
0,1731853
0,2107467
0,2107467
0,2294703
0,2710414
0,2446474
0,2551253
0,4880322
0,3728749
0,2843743
0,1750597
0,3772608
0,421305
0,4224967
0,2545058
0,3266885
0,4147847
0,464334
0,277821
0,2038628
0,260642
0,2605678
0,1879323
0,2573227
0,2449297
0,3286716
0,308147
0,1634908
0,4557197
0,2016714
0,3035931
0,2812472
0,1687424
0,06503033
0,06582021
0,1247386
0,4124414
0,4229281
0,478855
0,6437869
0,8588055
0,6401284
0,256995
0,5638641
0,4730605
0,2510547
0,4186228
0,1885552
0,6616182
0,3761998
0,11898
0,1040122
0,1258305
0,3033296
0,3132661
0,3060158
0,8490725
0,1470593
0,3552227
0,1014632
0,06396715
0,3502797
0,3336722
0,3308433
0,2789438
0,1602479
0,169241
0,2351132
0,4129023
0,1587967
0,09642442
0,2607536
0,3501363
0,1353423
0,222749
0,2999702
0,2614158
0,06112765
0,1234721
0,206697
0,1396153
0,009173192
0,1062635
0,1405362
0,1464195
0,06203407
0,07617759
0,02904745
0,1017875
0,1005123
0,2254414
0,4156838
0,4966148
0,10745
0,3479774
0,358149
0,07552701
0,4233175
0,1585307
0,2158226
0,5880878
0,3603522
0,4493767
0,2342717
0,2820515
0,2772458
0,08875298
0,03476935
0,02747302
0,03643875
0,06209515
0,02422744
0,03388605
0,02015309
0,04153103
0,07819842
0,05831228
0,2603135
0,1721322
0,2842566
0,238622
0,2641971
0,3188882
0,2843777
0,1441303
0,2019713
0,1645382
0,5078855
0,8185683
0,2284518
0,1894138
0,2101922
0,1823737
0,0840664
0,03624431
0,03829033
0,02625393
0,123419
0,2857234
0,3393804
0,2985119
0,2790228
0,3767142
0,3463395
0,2468106
0,2520688
0,2810507
0,2927881
0,3854238
0,2873098
0,3483845
0,3914185
0,4275858
0,532424
0,3439451
0,3100356
0,462617
0,4341939
0,3895352
0,2584941
0,3006882
0,2020091
0,3165219
0,3414733
0,3219775
0,3219775
0,2239624
0,2840574
0,2058699
0,1083295
0,1451956
0,2075303
0,8935789
0,8949437
0,8673848
0,5325859
0,5325859
1,038233
1,172058
1,172058
1,548114
0,8791944
0,6571904
0,6571904
0,4695768
0,0956125
0,0956125
0,02677983
0,05069232
0,05069232
0,08588505
0,2971764
0,2299082
0,2299082
0,1418339
0,08822077
0,08822077
0,06788244
0,0950565
0,0950565
0,2260181
0,1262093
0,1262093
0,04740167
0,01605569
0,05997034
0,05997034
0,2063109
0,1652001
0,1652001
0,2510085
0,2234372
0,2234372
0,3220542
0,205091
0,1006199
0,1006199
0,170131
0,1704455
0,1704455
0,314208
0,2072728
0,2072728
0,1747365
0,234312
0,234312
0,2858056
0,5162171
0,3496527
0,3496527
0,2804129
0,2599422
0,2599422
0,4847248
0,2764202
0,2764202
0,3220297
0,6587466
0,2786267
0,2786267
0,2220407
0,250146
0,250146
0,7902399
0,786655
0,786655
2,040941
1,969271
1,969271
1,466196
1,965131
2,160177
2,160177
1,390395
0,8511032
0,8511032
0,3054682
0,1185215
0,1185215
0,02792851
0,1622903
0,07112081
0,07112081
0,06217643
0,1645291
0,1645291
0,1544296
0,1639869
0,1639869
0,255569
0,3457805
0,5770884
0,5770884
1,124187
1,608731
1,608731
2,730148
0,6628906
0,6628906
0,1201599
0,09652588
0,09652588
0,1638711
0,06497851
0,02331536
0,02331536
0,04432664
0,06875388
0,06875388
0,09792068
0,1475007
0,1475007
0,1572163
0,1525082
0,1449611
0,1449611
0,2257739
0,1317961
0,1317961
0,3407345
0,3195458
0,3195458
0,5124921
0,5756184
0,6587998
0,517477
0,6319255
0,4326455
0,8290455
0,8290455
1,040484
1,037067
0,8311507
0,6029709
0,9360865
0,2099074
0,1863693
0,04098329
0,01483772
0,1420842
0,1825736
0,2117502
0,7542484
0,5147756
0,9246255
0,6500075
0,5056056
0,6993256
0,7097937
0,844309
1,523378
1,995692
0,1314998
0,02601793
0,0112953
0,02842542
0,06562937
0,7172745
1,902775
3,022488
3,108267
3,966245
4,928817
3,905569
3,545465
3,165077
5,072017
5,210528
5,32161
5,416667
5,690134
5,915667
5,230428
2,092681
1,167368
0,4159888
0,657513
0,7226368
1,007275
1,380123
1,42753
0,2738733
2,381198
1,271592
0,9541056
0,1170861
0,007372187
0,1732824
0,159522
0,2928574
0,3189695
0,4064741
0,5535765
0,5662394
0,4576441
1,270378
0,5945641
1,19877
0,7435034
1,031083
1,913095
0,1026126
0,2675656
0,3401901
0,3918459
0,4405108
1,751503
2,270104
velocityComponents
0,07864479
0,9901129
0,1924872
-0,02846643
0,6087341
-0,0235796
-0,02846643
0,6087341
-0,0235796
0,07035477
0,7349183
0,2079102
-0,07024518
-0,03334533
-0,1344631
-0,07024518
-0,03334533
-0,1344631
-0,2216838
-0,4818386
-0,45065
0,04021214
-0,1412607
0,08142164
0,02593161
-0,007234205
0,06106798
0,02593161
-0,007234205
0,06106798
-0,01530256
0,3443591
0,028947
-0,01428388
0,2902083
0,005978346
-0,01428388
0,2902083
0,005978346
-0,05866883
1,046335
-0,007456852
-0,0155431
0,5037271
0,02575905
-0,0155431
0,5037271
0,02575905
0,09486909
0,5741397
0,2720989
0,08193372
0,1230597
0,1872782
0,08193372
0,1230597
0,1872782
0,07402199
0,1252129
0,1889004
0,06649825
0,1656903
0,1766228
0,06159677
0,1861734
0,1697769
0,06159677
0,1861734
0,1697769
-0,004885823
0,241828
0,05778187
-0,02462254
0,1575722
0,00174268
-0,02462254
0,1575722
0,00174268
-0,01112757
0,4230142
0,1142352
-0,03370579
0,119424
-0,02565525
-0,03370579
0,119424
-0,02565525
-0,02803867
0,2934642
0,07610992
0,01070848
0,1726609
0,1072901
-0,05382042
0,1701262
-0,03626061
-0,05382042
0,1701262
-0,03626061
-0,09607971
0,1203119
-0,1038386
-0,04974453
0,05665109
-0,03960294
-0,04974453
0,05665109
-0,03960294
-0,1067431
0,3404133
-0,03169528
-0,02346095
0,1094497
0,02052731
-0,02346095
0,1094497
0,02052731
-0,07493512
0,2749882
0,004445931
-0,002930874
0,2776578
0,09255065
0,03219301
0,2456331
0,130494
0,08835857
0,1514279
0,2418619
-0,002841461
0,07991576
0,01014435
0,02841474
0,3186089
0,1591793
0,05414714
0,1980228
0,1701236
0,05414714
0,1980228
0,1701236
0,04053746
0,1781805
0,1278624
0,0742727
0,3441338
0,2644787
0,04657485
0,2066598
0,1721724
0,08654685
0,1117947
0,2410528
0,07835534
-0,07985994
0,1859752
0,1170033
-0,04094903
0,2844448
0,1917108
0,1686677
0,5125937
0,1962592
0,2337438
0,5366442
0,0470997
0,2753708
0,2058419
0,08477394
0,3878199
0,343748
0,1100202
0,08485693
0,2907745
0,1796737
0,04269918
0,4473908
0,1121171
0,04824402
0,2885585
0,05238556
0,05712434
0,1566682
0,02924551
0,03089269
0,1061221
0,03104457
-0,004219384
0,09629944
0,02129434
0,01990316
0,08656088
0,003841294
0,07276778
0,06535116
-0,00774132
0,08885996
0,04178593
-0,00774132
0,08885996
0,04178593
-0,0333642
0,09191357
-0,00622236
-0,04933687
0,06960686
-0,03427979
-0,03119505
0,01127612
0,0005059486
-0,04815686
-0,02151082
-0,05112252
-0,08747162
0,008594495
-0,1189496
-0,1367627
0,03361955
-0,1991281
-0,1326601
-0,002350064
-0,2034683
-0,0980186
0,0153114
-0,1207064
-0,0593549
0,03514265
-0,04035534
-0,05834315
0,1159598
0,008893456
-0,04844648
0,1059126
0,008402382
-0,01765585
0,1038423
0,08325505
0,00949273
0,01089074
0,08647633
0,0309659
-0,05948593
0,1398214
-0,001032748
-0,04078064
0,03968757
0,003842983
-0,1431024
0,04992294
0,009896345
-0,314851
0,04911975
0,04340427
-0,2771423
0,1332449
0,0349515
-0,2467526
0,1323776
0,04711738
-0,1636008
0,1656724
0,04942908
-0,1071674
0,172502
0,05826341
-0,009105012
0,2307131
0,057488
0,0231065
0,2368686
0,03382502
0,05955441
0,1690066
0,0004256642
0,1954583
0,139003
0,02630478
0,1606878
0,1915784
0,06247005
0,05767708
0,2471411
0,02165538
0,03731773
0,1202755
0,02165538
0,03731773
0,1202755
-0,01393825
0,1357874
0,05194953
-0,01393825
0,1357874
0,05194953
0,004053244
0,1173802
0,09748688
0,005265317
0,1452312
0,120696
-0,001311894
0,1332804
0,1068011
-0,003836146
0,148021
0,1210818
-0,02191302
0,07153031
0,1197451
-0,04952637
0,09762324
0,08457618
-0,09184776
0,1303783
0,1042246
-0,03459077
0,07807916
0,1477245
-0,05278559
0,09886597
0,1339273
-0,05803113
0,1013008
0,09870148
-0,04729496
0,07090849
0,1455965
-0,04421566
0,07150394
0,1380525
-0,01578562
0,05814299
0,1191662
-0,05329452
0,09706914
0,1258646
0,1428924
0,2786515
0,2651389
-0,0231597
0,02867262
0,123862
-0,05958478
0,04822847
0,1606409
0,1645619
0,3182046
0,3288813
-0,03599209
0,04117233
0,09868407
-0,03152142
0,09263019
0,06648027
-0,02928406
0,1278624
0,1129947
0,06463104
0,3922425
0,1827052
-0,09014748
0,1670827
0,02266421
-0,03329755
0,128216
0,06725276
-0,02106756
0,1158238
0,0647817
-0,04283034
0,1604202
-0,03928852
-0,08822978
0,1506141
-0,07475809
-0,07486048
0,1219739
-0,001344982
-0,0666724
0,1166479
-0,003130768
-0,0876623
0,110217
0,01485008
-0,04287808
0,09402557
0,05022128
-0,04194761
0,08664262
0,08721419
-0,0187643
0,002945662
0,042954
-0,02505703
0,004217267
0,08836268
-0,04580698
0,05611627
0,1099324
0,05070068
0,3281807
0,2332182
0,04486732
0,3734816
0,2585491
0,04440591
0,4216864
0,2905105
0,03744551
0,5161253
0,3365278
0,01823579
0,4352798
0,2656929
-0,002574503
0,4839621
0,2504008
-0,0196176
0,7100657
0,3461204
-0,02557677
0,6700062
0,322637
-0,06650643
0,3700687
0,2143411
-0,06491621
0,3465165
0,2468919
-0,03147595
0,5089675
0,2258419
-0,06099161
0,5375468
0,3794006
-0,04952644
-0,02065754
0,1121188
0,1069702
0,7881317
0,6553496
0,05608181
0,4899244
0,3185925
0,02657477
-0,08081433
0,1872427
0,1201098
-0,123543
0,2147259
0,02293325
-0,06618533
0,08163782
0,1002078
-0,09617499
0,07785748
0,1356234
-0,1132312
0,1654934
-0,007227972
-0,05142544
0,1082024
0,0281793
-0,005019084
0,1144844
0,03809335
-0,01935101
0,08136207
-0,03190318
0,02270147
0,102829
-0,01722151
0,01366529
0,124662
0,09385386
0,2704605
0,2669576
-0,01380754
-0,05607185
0,06972325
0,03195642
0,1249157
0,2247343
-0,02024025
-0,007507592
0,02083682
0,02354348
-0,02353692
0,00706121
0,01185419
-0,02872637
0,01589909
0,04419611
-0,03669831
-0,002551042
0,04911687
-0,01251233
-0,02619929
0,01776079
-0,01277065
-0,00439208
0,03943336
-0,02135807
-0,0004059374
0,0239791
-0,02204089
-0,005320832
0,04396092
-0,05013364
0,00408791
0,05258621
-0,06568231
0,008000255
-0,0003136322
-0,03847424
-0,01211956
0,02273227
-0,05786454
0,009557039
-0,0008574575
-0,05614825
-0,01336235
0,01254932
-0,07283314
-0,01680905
0,04345677
-0,1475772
-0,01307347
-0,03085111
-0,1576092
-0,07975218
-0,004736066
-0,2440112
-0,1544614
-0,1603262
-0,8439842
-0,2744916
-0,04479702
-0,5082383
-0,4529906
-0,01118673
-0,3370106
-0,248206
0,00723175
-0,3610952
-0,2076306
0,00618826
-0,4352624
-0,1960066
-0,2020464
-0,1232832
-0,05527741
-0,004337233
-0,00498572
0,002368867
-0,004428959
-0,02700186
0,01801968
-0,001550434
-0,005807042
0,005386889
0,005667794
-0,007514238
0,009909481
0,03596813
0,002274334
0,02302098
0,009049099
0,005097777
0,003776073
0,00343283
0,01821631
-0,01044483
0,01530307
0,01106243
0,01913887
-0,005486014
0,01879711
0,02309961
0,003539783
0,002660662
-0,01239829
-0,019361
-0,00981372
0,07014383
-0,03769769
-0,006604202
0,1497092
-0,04520685
-0,03002468
0,09762963
-0,0330565
-0,005175844
0,08762145
-0,02857914
0,1697494
0,2763642
-0,01023172
0,4153568
0,4181943
0,02270095
0,448609
0,6017027
0,09737638
0,3175029
0,8189705
-0,07057309
-0,3083043
0,839273
-0,06482653
-0,1235693
0,06920835
-0,0009188354
-0,05693351
0,008053869
0,09114554
-0,1996909
0,04928543
-0,07398586
-0,235064
0,08744079
-0,07398586
-0,627464
0,08744079
-0,07398586
-0,823664
0,08744079
-0,07398586
-1,216064
0,08744079
-0,07398586
-1,412264
0,08744079
-0,09194796
-1,254529
-0,6049117
0,06693919
-1,171618
-0,5751982
0,06693919
-1,367818
-0,5751982
0,06693919
-1,760218
-0,5751982
0,06693919
-1,956418
-0,5751982
0,06693919
-2,152618
-0,5751982
0,06693919
-2,152618
-0,5751982
-0,602582
-1,13336
-0,8024455
-0,3353489
-0,5576405
-0,4696531
-0,3353489
-0,5576405
-0,4696531
-0,3427283
-0,6859137
-0,4466968
-0,3397274
-0,8515402
-0,4453794
-0,3397274
-1,04774
-0,4453794
-0,3397274
-1,04774
-0,4453794
-0,3097241
-1,107198
-0,4749672
-0,8142101
-1,415821
-0,1208117
-0,8142101
-1,415821
-0,1208117
-0,2078972
-1,140605
-0,1249479
-0,4079035
-0,1000503
0,1906077
-0,4079035
-0,1000503
0,1906077
-0,4384634
-0,243062
0,3471333
-0,4525918
-0,3894542
0,3999808
-0,4307768
-0,3048693
0,5239161
-0,4307768
-0,3048693
0,5239161
-0,3593771
-0,2507863
0,629586
-0,2542304
-0,2023254
0,7129014
-0,2542304
-0,2023254
0,7129014
0,08370027
0,181512
0,6854965
0,2066155
0,1773257
0,5573286
0,2066155
0,1773257
0,5573286
0,256941
0,1517476
0,4790498
0,3113647
0,1191447
0,3843297
0,3113647
0,1191447
0,3843297
0,3402561
0,0801447
0,2872604
0,368014
0,03858595
0,191671
0,3755582
-0,007254645
0,0975357
0,3755582
-0,007254645
0,0975357
0,3843748
-0,05598435
0,01019969
-0,02140281
-0,00677125
0,00376935
-0,02140281
-0,00677125
0,00376935
-0,008437001
-0,0553593
0,05222226
0,00868753
0,0612788
0,05402792
0,00868753
0,0612788
0,05402792
0,0429967
0,219794
0,2086303
0,04012288
0,2454408
0,1896557
0,02972177
0,2513706
0,1456989
0,02972177
0,2513706
0,1456989
0,03182574
0,2287804
0,1536909
0,02993193
0,2532968
0,1477771
0,02993193
0,2532968
0,1477771
0,06226442
0,6390361
0,3326508
0,05033407
0,5707489
0,2764912
0,05033407
0,5707489
0,2764912
0,02935951
0,286073
0,1548241
0,02982873
0,4383627
0,1794127
0,03156448
0,4747368
0,201793
0,03156448
0,4747368
0,201793
0,06036513
0,2903084
0,2987426
0,1108498
0,1974766
0,4895419
0,1108498
0,1974766
0,4895419
0,1096907
-0,0004872933
0,4499208
0,1044025
-0,09646615
0,4030112
0,1044025
-0,09646615
0,4030112
0,1248515
-0,2964996
0,4625688
0,09488089
-0,1709184
0,3678057
0,09488089
-0,1709184
0,3678057
0,1381159
0,1604404
0,623819
0,1223828
0,1808378
0,5516973
0,02306999
0,05797087
0,08527862
0,02306999
0,05797087
0,08527862
0,03182912
0,1423862
0,1578273
0,05160587
0,1174411
0,2498615
0,05160587
0,1174411
0,2498615
0,0522456
0,2747951
0,2992494
0,06189048
0,253016
0,3387512
0,06189048
0,253016
0,3387512
0,05728204
0,386184
0,370654
0,02140133
0,4651992
0,2133121
-0,01826177
0,4910739
0,03417231
-0,01826177
0,4910739
0,03417231
-0,006011619
0,4264269
0,07417523
0,02901735
0,230706
0,1870959
0,02901735
0,230706
0,1870959
0,05186734
0,209084
0,3048212
0,04092694
0,2107461
0,2434343
0,04092694
0,2107461
0,2434343
-0,01865239
0,2111615
-0,04204978
-0,02257059
0,2582763
-0,0405476
-0,02257059
0,2582763
-0,0405476
0,0179737
0,1488618
0,1281004
0,03179001
0,1088759
0,1873164
0,03071582
0,02207877
0,1551853
0,03071582
0,02207877
0,1551853
0,01475549
-0,0335413
0,05965922
0,01864568
-0,03114381
0,09226173
0,01864568
-0,03114381
0,09226173
0,04595159
-0,1162711
0,2234131
0,03272227
-0,1041188
0,1593942
0,02525539
-0,09237053
0,1292424
0,03068864
-0,07208779
0,1695535
0,02542342
0,0004093157
0,1700423
0,02933409
0,01273018
0,1896914
0,04865883
-0,08080829
0,2694122
0,04865883
-0,08080829
0,2694122
0,02600255
0,01959153
0,1776014
0,02600255
0,01959153
0,1776014
0,01356431
0,2714496
0,2339228
0,03087524
0,274446
0,315125
0,03087524
0,274446
0,315125
0,04667917
0,002060797
0,2659997
0,01712763
0,0772756
0,141563
-0,006717574
0,2732133
0,09187787
-0,006717574
0,2732133
0,09187787
-0,04416416
0,4320039
-0,05835022
-0,03600686
0,3117126
-0,08143561
-0,03600686
0,3117126
-0,08143561
-0,01611728
0,2707407
0,004843639
0,008069766
0,1535229
0,08782747
-0,004473093
0,2143955
0,05379066
-0,004473093
0,2143955
0,05379066
-0,05863221
0,1883253
-0,2518356
-0,05220496
0,1206364
-0,2352186
-0,02159587
0,03334887
-0,1031497
-0,008405693
0,04425686
-0,02457655
-0,008405693
0,04425686
-0,02457655
-0,00652713
-0,01313049
-0,05224736
-0,009822502
0,04831901
-0,03210569
-0,009822502
0,04831901
-0,03210569
0,01141623
0,04276681
0,07408393
0,01141623
0,04276681
0,07408393
0,0106156
0,1298924
0,1140545
-0,02918054
0,1967308
-0,06971102
-0,02918054
0,1967308
-0,06971102
-0,0115087
0,2227157
0,05405473
0,03614408
0,1023399
0,2483618
0,01978042
0,152414
0,1903446
-0,01699019
0,2505792
0,04483669
-0,05265315
0,4851641
-0,004334859
-0,02580469
0,3653941
0,06969176
-0,0184311
0,2771684
0,06088308
-0,02684889
0,1589458
-0,06827339
-0,06988375
0,3179981
-0,1905759
-0,0574276
0,41473
-0,04689306
-0,03416984
0,4129547
0,08248819
0,008322661
0,2007799
0,1561773
-0,007476665
0,2898143
0,1505893
-0,05507912
0,4108462
-0,01476785
-0,06121378
0,4601839
-0,009473276
-0,03181368
0,2755605
0,01545287
-0,03666591
0,1887926
-0,06762393
-0,05760171
0,1917512
-0,1668765
-0,05754722
0,2159946
-0,1339038
-0,03906912
0,1659653
-0,07904239
-0,05990377
0,1690283
-0,1845425
-0,05458592
0,1892422
-0,1455965
-0,07207409
0,2846771
-0,1476118
-0,06817403
0,2651562
-0,1414181
-0,03572068
0,1422747
-0,07218859
-0,1132689
0,3340868
-0,2885076
-0,04784343
0,1568967
-0,1173277
-0,07428094
0,2439148
-0,1647928
-0,06902142
0,2315005
-0,1440262
-0,03031938
0,1654661
-0,01325626
-0,0009137703
0,05323134
0,03734345
-0,002203066
0,05601518
0,03449269
-0,007671283
0,1074714
0,06285512
-0,02274434
0,3481923
0,2198925
-0,0270154
0,3631281
0,2151193
-0,04847451
0,4331693
0,1982844
-0,08295072
0,6093782
0,1903652
-0,04438884
0,6896787
0,5098233
0,03385369
0,3503117
0,5346962
-0,01455014
0,2110178
0,1459664
-0,08655717
0,5190512
0,2025746
0,01494712
0,2264539
0,4150681
0,05536097
-0,08810263
0,2284766
0,06762051
-0,03404074
0,4117205
0,04741459
-0,1316772
0,1263568
0,07731491
0,05999124
0,654341
-0,02941109
0,29199
0,2353787
-0,02372544
0,1165431
-0,003322084
0,009056451
-0,06080953
-0,08389709
0,03318017
-0,07507759
0,09537163
-0,07588667
0,2363329
-0,174347
-0,07144473
0,1960888
-0,2336247
-0,05407861
0,295004
0,06077699
-0,1752763
0,8133834
0,1691441
-0,03868133
0,1147401
-0,08345599
-0,0008504437
-0,1581613
-0,3180683
-0,02441224
0,09801774
0,009557584
-0,01386083
0,06244199
0,0008190375
-0,008798493
0,1946781
0,2910652
-0,02071158
0,2252053
0,2453379
0,03007062
0,04419409
0,3264965
0,03329069
-0,002997433
0,2769339
0,03279618
-0,06420334
0,1431144
0,01930147
-0,0042625
0,1680827
0,01148313
0,06122633
0,2267106
0,02514349
0,07057836
0,4060478
-0,01544297
0,1177652
0,1054005
0,01304576
-0,0006126071
0,09553587
0,06389469
-0,1596916
0,1959809
0,09421514
-0,2756958
0,1941925
0,03990496
-0,1111556
0,06610275
0,06472452
-0,2060874
0,05436757
0,08013425
-0,2391878
0,1623263
0,06458934
-0,1610397
0,1955318
0,02182251
-0,05672546
0,006526097
0,03322078
-0,07604771
0,09142471
0,01063691
0,05724463
0,1983269
-0,01110124
0,1063036
0,08982623
0,007745871
-0,004127233
-0,002667374
0,006252527
0,03175479
0,101215
-0,01519071
0,1126502
0,0826414
-0,01445318
0,1143064
0,09035379
0,003649392
0,02670288
0,05587364
0,01552312
-0,0125905
0,07350875
0,008009478
-0,007640415
-0,02685567
0,002347308
-0,0215315
-0,0994564
0,01109616
-0,04661019
-0,08835778
0,0184985
-0,1216549
-0,1888961
0,05967222
-0,3168333
-0,2623908
0,09920362
-0,4519189
-0,1804277
0,01909966
-0,07891388
-0,07037977
-0,01433327
0,2211393
0,2682913
-0,0167458
0,2563966
0,2495017
0,004644811
-0,01166493
-0,07447607
0,111967
-0,360837
0,1909392
0,03002908
-0,02943585
0,1528521
0,04892524
-0,1162872
0,1751086
0,07903265
-0,1243487
0,5693316
0,02409722
0,04624041
0,3565597
0,06047242
-0,13749
0,4235316
0,04790299
-0,1525427
0,1712287
0,03426832
-0,0766559
0,2692631
0,02803625
0,0008012671
0,2758235
0,002473792
-0,004949208
0,08858034
0,006478153
-0,003637455
0,0339663
0,005453866
-0,004070147
0,02661684
0,02813166
-0,0108901
0,0204401
-0,003313527
-0,003471307
0,06190944
-0,002446942
-0,002121953
0,02400997
0,03201428
-0,01107533
0,0008289367
0,01400087
-0,003709272
-0,01401299
-0,008916486
0,008641392
-0,03963142
-0,0003186949
-0,006827131
0,07789917
0,01657593
-0,05590671
-1,765788E-05
0,03562539
-0,2223914
-0,1305221
0,01555035
-0,1282579
-0,1137435
-0,003353402
-0,0695902
-0,2755862
0,003336284
-0,09313498
-0,2196706
-0,004191787
-0,06755763
-0,2553792
-0,01299713
-0,03898654
-0,3162291
-0,05384669
0,2106278
-0,1833224
-0,02869712
0,121348
-0,07228193
-0,02304264
0,1550891
0,1273138
-0,01069421
0,09806756
0,131686
-0,02790097
0,2602803
0,435228
-0,02367111
0,3053405
0,7591185
-0,00793723
0,1008463
0,2048347
-0,02828641
0,1752329
0,06611256
-0,02547098
0,1612399
0,1324147
-0,002449061
0,05911769
0,1725087
0,01732403
-0,04147355
0,07104212
0,001363629
-0,005740188
0,03576088
-0,00590055
-0,008610874
0,03684
0,006534042
-0,00909805
0,02374448
0,02789851
-0,1008022
-0,06551971
0,05652808
-0,2728937
-0,06301985
0,06694783
-0,3327098
-0,001095161
0,05270224
-0,2876404
-0,05995655
0,04787526
-0,2730079
-0,0320683
0,05658095
-0,3649028
-0,07455284
0,04796203
-0,3322513
-0,08520444
0,03549809
-0,2427955
-0,02656571
0,03217474
-0,2381361
-0,07612266
0,0350298
-0,2609392
-0,09835239
0,03297366
-0,2653424
-0,1192937
0,04674986
-0,3698772
-0,09775924
0,03429304
-0,2783257
-0,06249562
0,03937152
-0,3444904
-0,03388225
0,0418223
-0,3891763
0,001041118
0,04557299
-0,4247386
0,0187029
0,04703905
-0,5300107
-0,01874351
0,02971877
-0,3416863
0,02579783
0,02046354
-0,2929733
0,09934783
0,03178851
-0,452031
0,09312326
0,03150652
-0,4265755
0,07459948
0,02309625
-0,3844247
0,05849726
0,0158498
-0,2538107
0,04634751
0,01625649
-0,2961279
0,04957186
0,07039454
-0,1868328
0,0307537
0,0163685
-0,3055321
0,08104524
0,0134128
-0,330407
0,08517835
0,01977731
-0,3120851
0,07668941
0,01977731
-0,3120851
0,07668941
0,02177388
-0,2132475
0,06488891
0,139218
-0,2374498
0,07017536
0,1004513
-0,1689776
0,06114359
0,05196719
-0,08953553
0,03190753
0,0596439
-0,132128
-0,008158755
0,07192937
-0,1915058
-0,03493579
-0,107866
-0,8529181
-0,2436776
0,0212348
-0,8938445
0,03892655
-0,0008709253
-0,8670545
-0,02392046
-0,00258503
-0,5316495
-0,03146213
-0,00258503
-0,5316495
-0,03146213
-0,0114629
-1,036603
-0,0570144
-0,01448528
-1,168122
-0,09486821
-0,01448528
-1,168122
-0,09486821
-0,02892492
-1,533481
-0,2103777
-0,5218166
-0,7057072
0,05164973
-0,17804
-0,6245042
0,1009728
-0,17804
-0,6245042
0,1009728
-0,1059896
-0,4343218
0,1436425
-0,01678395
-0,08746094
0,03479418
-0,01678395
-0,08746094
0,03479418
0,01859573
0,01808304
0,006660461
0,03379723
0,03633356
0,01036007
0,03379723
0,03633356
0,01036007
0,004620504
-0,07002822
0,04950698
-0,1382264
-0,2617547
0,02630055
-0,07457392
-0,2128721
0,04451957
-0,07457392
-0,2128721
0,04451957
0,0489844
-0,05481786
0,1212946
0,06905411
0,005682111
0,05460903
0,06905411
0,005682111
0,05460903
-0,01707723
-0,03592023
0,05501028
-0,03739144
-0,06233004
0,06125835
-0,03739144
-0,06233004
0,06125835
-0,03518991
-0,07436866
0,2105116
-0,03800354
-0,05214256
0,1084697
-0,03800354
-0,05214256
0,1084697
0,01053231
0,01085687
0,04492345
-0,006540868
0,009160429
-0,0114494
-0,03192177
-0,04580411
0,0218958
-0,03192177
-0,04580411
0,0218958
-0,07089004
-0,05925906
0,1844645
-0,05520512
-0,04396322
0,1493676
-0,05520512
-0,04396322
0,1493676
0,003330701
0,02356172
0,249878
0,02018438
0,03842956
0,2191802
0,02018438
0,03842956
0,2191802
-0,03946911
0,04414707
0,316563
-0,04049399
0,04390121
0,196202
-0,04101041
0,009352386
0,09140594
-0,04101041
0,009352386
0,09140594
0,01721517
0,06407183
0,156662
0,02781603
0,07419968
0,1509051
0,02781603
0,07419968
0,1509051
0,02247669
0,1393963
0,2806959
-0,03359996
0,07014945
0,1921252
-0,03359996
0,07014945
0,1921252
-0,0354577
0,05661452
0,1614633
-0,06051641
-0,01567432
0,225819
-0,06051641
-0,01567432
0,225819
-0,01409458
0,03342438
0,2834942
0,05339164
-0,2814031
0,4294668
-0,03470617
-0,1969858
0,286791
-0,03470617
-0,1969858
0,286791
-0,1516919
0,00908798
0,2356657
-0,007453535
0,02294169
0,2588206
-0,007453535
0,02294169
0,2588206
0,05992885
-0,1275706
0,4637806
-0,09472628
0,0574884
0,2532393
-0,09472628
0,0574884
0,2532393
-0,1311398
-0,02979611
0,2926049
0,05444445
-0,2511602
0,6065488
-0,1020982
0,1602221
0,203808
-0,1020982
0,1602221
0,203808
-0,02758949
0,1571131
0,1544551
-0,01918432
0,1360148
0,2090573
-0,01918432
0,1360148
0,2090573
0,02504953
-0,02078556
0,7895693
0,01626903
0,04346013
0,7852851
0,01626903
0,04346013
0,7852851
0,01045783
0,375606
2,006054
0,001828622
0,4853057
1,908534
0,001828622
0,4853057
1,908534
-0,02176773
0,5759408
1,348165
-0,0471454
0,9277408
1,731708
-0,07054334
1,223102
1,77916
-0,07054334
1,223102
1,77916
0,05640773
0,5804318
1,262186
-0,04371259
0,5500581
0,6479984
-0,04371259
0,5500581
0,6479984
0,09710696
-0,2804888
-0,07216018
0,04811541
-0,09806019
-0,04600501
0,04811541
-0,09806019
-0,04600501
0,01698222
0,02194202
-0,003186524
0,04748005
-0,09794837
-0,120374
0,02101153
-0,04101306
-0,05417207
0,02101153
-0,04101306
-0,05417207
-0,006833331
-0,04409724
-0,04329719
-0,001647616
0,1133041
0,1192866
-0,001647616
0,1133041
0,1192866
0,06738944
0,133837
0,03734749
0,06256376
0,1387485
-0,06104353
0,06256376
0,1387485
-0,06104353
0,02855689
0,05160849
-0,2486697
0,05442114
0,1815009
-0,2892403
0,09538972
0,2008175
-0,5325449
0,09538972
0,2008175
-0,5325449
0,1482732
0,2098088
-1,094437
0,188364
0,1634256
-1,589285
0,188364
0,1634256
-1,589285
0,2950479
-0,3750964
-2,688114
-0,3867495
-0,3581373
-0,4019781
-0,3867495
-0,3581373
-0,4019781
0,04402405
-0,1097658
0,02125466
-0,04716231
-0,07623523
-0,03579319
-0,04716231
-0,07623523
-0,03579319
-0,116923
-0,08955485
-0,07185173
-0,01349634
-0,06327163
-0,006062746
-0,009780303
-0,02038966
-0,005675673
-0,009780303
-0,02038966
-0,005675673
0,03960887
0,01462246
0,01349711
0,05977003
0,01836149
0,02859187
0,05977003
0,01836149
0,02859187
0,05098297
0,08034155
0,02311778
0,0242241
0,1454978
-0,0002020597
0,0242241
0,1454978
-0,0002020597
0,1291641
0,05234951
0,07275391
0,1106237
-0,08411729
0,06281269
0,07153676
-0,1056127
0,06886333
0,07153676
-0,1056127
0,06886333
0,09268728
-0,1409824
0,1500228
0,09609282
-0,05377325
0,07242107
0,09609282
-0,05377325
0,07242107
0,02444522
0,2574404
0,2218712
-0,01826634
0,1165247
0,2969812
-0,01826634
0,1165247
0,2969812
0,01218756
0,3048367
0,4117938
-0,001959114
0,3103572
0,4847795
-0,05558164
0,2697871
0,5984502
-0,02894034
0,1668576
0,488982
-0,03450814
0,2740505
0,568362
-0,02601059
0,2242197
0,3690951
-0,06230107
0,4216934
0,7110623
-0,06230107
0,4216934
0,7110623
-0,08856088
0,5983753
0,8465874
-0,08218084
0,6875242
0,7720523
-0,06004115
0,6109657
0,5602923
-0,4323645
0,3555833
0,2240432
-0,3403361
0,8281528
0,2731155
-0,01927868
0,2070915
-0,02832961
0,1028648
-0,1552369
-0,007338732
0,04043077
-0,005319536
0,004084796
-0,0006063581
-0,006075978
0,01352304
0,04484427
0,1144756
-0,07121962
-0,02909475
0,1646668
-0,07329024
0,0194883
0,1991056
-0,06939256
-0,09694001
0,6735307
-0,3253455
0,1191496
0,247608
-0,4353017
-0,004755144
0,5626255
-0,7337317
0,002386355
0,4574297
-0,461803
0,2750307
0,3861213
-0,1757996
-0,001045571
0,3218204
-0,6208758
0,003784575
0,2746489
-0,6544928
-0,005921711
0,2827988
-0,7955171
-0,01570606
0,4671442
-1,4499
-0,8411683
1,299477
-1,259596
-0,04376307
0,1236446
-0,009432793
-0,01195083
0,022762
-0,004000187
-0,002973765
0,01088232
0,0005619526
-0,02462105
0,01292479
0,005895615
-0,04547107
0,0402962
0,02481556
-0,2872502
0,596458
0,2760578
-0,3717516
1,846417
0,2703618
-0,5226319
2,89335
0,7005823
-0,3379589
2,880833
1,117097
-0,6349205
3,229637
2,213012
-1,34419
2,555676
3,99436
-0,7930373
2,163953
3,153073
-0,8290192
1,861494
2,90136
-0,8668755
1,164152
2,812648
-0,8938195
1,835059
4,643167
-1,331068
2,021088
4,614441
-1,274594
2,020573
4,755231
-0,9639437
1,61134
5,080815
-1,020572
1,535998
5,383007
-0,4835433
0,9997903
5,810484
-0,5851299
0,8941869
5,120101
0,09039606
-1,669223
1,258903
-0,03184611
-0,3410544
1,115982
-0,0211288
-0,2886831
0,298768
0,05708787
-0,4180257
0,5043003
0,1497522
-0,4494566
0,5456803
0,03289427
-0,7875228
0,6271601
0,06480655
-1,19741
0,6831916
0,1020953
-1,320825
0,5318248
0,1482557
-0,05422425
-0,2238003
-0,1973773
-1,734385
-1,619585
0,3349563
-1,077193
-0,586861
-0,02037295
-0,9510151
0,07397766
-0,05558493
-0,03929555
0,09526448
-0,006651618
0,002838194
-0,001431704
0,0348963
-0,07770148
0,1509023
-0,003207168
-0,05778062
0,1486552
-0,03902828
-0,09969297
0,2725868
-0,03720522
-0,02666068
0,3156684
-0,0148439
0,01521122
0,405918
-0,03970225
-0,001663297
0,5521484
-0,07217944
0,08430545
0,5552564
0,008455038
0,2927353
0,3516712
-0,2261809
0,3050433
1,212292
-0,01022106
0,2714088
0,5289039
-0,3087933
0,2396253
1,133259
0,3651901
-0,4218867
0,4913707
-0,3445459
0,2515416
0,9386939
-0,537197
0,06717482
1,834895
-0,03822905
-0,08718652
0,0382936
-0,06867054
-0,09777678
0,2394063
-0,06640142
-0,08297806
0,3231637
-0,02774033
-0,1144577
0,3737287
-0,02637559
-0,1690602
0,4059221
-0,1587505
-1,159102
1,303473
-0,09256166
-1,744425
1,449753
closestDistance
0,2071337
0,1952855
0,1877203
0,1783158
0,1704438
0,1715488
0,179068
0,1841798
0,1853691
0,1851107
0,1823358
0,1780984
0,1745694
0,1646122
0,1543335
0,1483995
0,1405125
0,1344481
0,1317905
0,1291155
0,1261954
0,1231385
0,1281047
0,124959
0,122078
0,1202924
0,1153427
0,1112994
0,1100501
0,1065759
0,1031736
0,1006644
0,0989477
0,09783367
0,1043451
0,1038177
0,09391683
0,09129293
0,09686439
0,09410571
0,0910925
0,09088372
0,09485576
0,09238871
0,08943105
0,08640882
0,08410868
0,08037018
0,07848512
0,07391539
0,05718001
0,07387625
0,07409666
0,05812214
0,06493364
0,0645609
0,07527131
0,07960521
0,08331126
0,08655576
0,08665586
0,08834283
0,08779732
0,0886578
0,0891034
0,08975219
0,08782852
0,0875228
0,08693437
0,08611868
0,09260669
0,09136284
0,0877496
0,07880867
0,07619511
0,07487278
0,07394181
0,07372053
0,07399547
0,07488944
0,08361442
0,08310263
0,08178359
0,08116967
0,08102293
0,08383715
0,08553557
0,08722742
0,09110345
0,07939267
0,0774256
0,07840902
0,08085447
0,08084616
0,09892038
0,1004866
0,1021737
0,1031622
0,1002479
0,09871653
0,1014829
0,104569
0,1018572
0,1036648
0,1048533
0,07762877
0,07824502
0,09182907
0,09478515
0,09776039
0,1046785
0,102719
0,1074097
0,1155895
0,1050399
0,1112189
0,1192498
0,1046163
0,1079231
0,104113
0,1090111
0,1156684
0,1065138
0,1096551
0,1122483
0,1144224
0,1167669
0,1096867
0,1115878
0,1139133
0,1156394
0,1070178
0,1084986
0,119617
0,1183186
0,1236782
0,1255984
0,1242592
0,1306758
0,1267935
0,1351947
0,1293262
0,1175038
0,1255526
0,127644
0,1155357
0,1163357
0,1364737
0,111294
0,1126195
0,1136276
0,1067736
0,1080155
0,1097751
0,1114072
0,1086596
0,1107975
0,1132687
0,1087485
0,1155608
0,1081333
0,1131518
0,1130959
0,1133114
0,1131911
0,1133795
0,1135477
0,1137724
0,1141141
0,1140916
0,1143281
0,1140821
0,1136961
0,1136475
0,1128577
0,1120768
0,1106088
0,1019774
0,09194583
0,1040706
0,1047336
0,1067768
0,1043999
0,1001225
0,09458679
0,09952631
0,09949239
0,09948141
0,09944965
0,09943384
0,09946068
0,09938227
0,0991098
0,09914931
0,09838702
0,09722305
0,0959329
0,09391591
0,08407582
0,07211011
0,1640333
0,1360335
0,1199745
0,1142625
0,1144862
0,1161426
0,1137894
0,1071719
0,1157831
0,1245592
0,06384544
0,09254338
0,06583763
0,1753431
0,1347732
0,1353381
0,1251095
0,136987
0,1078967
0,1145874
0,1372152
0,1371064
0,1154296
0,1147535
0,131634
0,1374543
0,1044547
0,09687732
0,1027898
0,1055696
0,106776
0,09328889
0,09189113
0,09173052
0,09092855
0,1083266
0,114434
0,1106718
0,1113666
0,110899
0,110878
0,1114081
0,1122621
0,1132909
0,1141684
0,1150558
0,1352508
0,1358701
0,1364423
0,1369852
0,1371341
0,1378194
0,1382874
0,1053012
0,105757
0,1065825
0,1387264
0,1388984
0,1438655
0,14387
0,1438237
0,1439828
0,1483734
0,1526891
0,1480113
0,1474378
0,1473483
0,1511504
0,1515524
0,1535377
0,1583594
0,1637465
0,173808
0,1754469
0,06663704
0,06274537
0,0593567
0,06225891
0,05913366
0,05857438
0,06494408
0,06444873
0,06388702
0,06286559
0,0583304
0,06361453
0,06285898
0,06321386
0,06461053
0,07185337
0,0750171
0,07909558
0,08124404
0,07677225
0,08192073
0,07699332
0,07706758
0,07720626
0,08082428
0,08250232
0,0827432
0,08847622
0,08789273
0,08708111
0,08212223
0,08157574
0,08085929
0,07929539
0,07768252
0,07502347
0,07245737
0,07088153
0,06812854
0,0752799
0,07478666
0,07603809
0,07633948
0,06371776
0,08173696
0,08519912
0,07815228
0,08127559
0,0658188
0,06553312
0,06532356
0,06439046
0,07840439
0,08118155
0,08367161
0,08541288
0,08781942
0,09157885
0,08496644
0,0859299
0,08644534
0,0870105
0,08720438
0,08748921
0,08328702
0,0838921
0,08411659
0,08531627
0,09051906
0,08507373
0,08740065
0,08913956
0,09065858
0,09246969
0,09552222
0,09878132
0,09458876
0,09135983
0,09396009
0,09388492
0,09086993
0,09645873
0,09052087
0,06967643
0,06944213
0,08148775
0,08025412
0,07924048
0,08171022
0,07675939
0,07497477
0,06657678
0,06060292
0,0570843
0,05741641
0,1664191
0,1623192
0,1578465
0,1536599
0,1428379
0,1433647
0,1444443
0,1458582
0,1513025
0,1589351
0,1650333
0,1836284
0,1908334
0,05489415
0,05624353
0,06091717
0,06295388
0,05696712
0,06722526
0,06917743
0,09534881
0,09521109
0,0852584
0,166789
0,1614621
0,1667686
0,1737771
0,1723425
0,1583806
0,0745998
0,0786325
0,06398844
0,06462874
0,06338558
0,06197063
0,07314044
0,0677333
0,06791394
0,08464818
0,07934993
0,07597321
0,09341781
0,1276063
0,1016258
0,09232167
0,0948273
0,08980138
0,1329051
0,1341437
0,0910403
0,1353631
0,1333716
0,1066006
0,1074664
0,106763
0,1084368
0,1102461
0,09111277
0,09067109
0,08986447
0,1086041
0,09895618
0,09724624
0,09543428
0,07276644
0,04666707
0,04576294
0,0407881
0,04181787
0,04734102
0,05235381
0,04678973
0,073582
0,07584962
0,08332965
0,07848187
0,09641099
0,08988658
0,09524485
0,09507913
0,09493463
0,09483179
0,09468993
0,09462298
0,09452993
0,09438887
0,09442195
0,09435657
0,08937173
0,08689982
0,08331998
0,08752485
0,07822642
0,0826327
0,08293649
0,07744242
0,07300406
0,07230004
0,05497958
0,05489936
0,08655859
0,0830214
0,08465182
0,08926111
0,09277114
0,08620624
0,08678655
0,08686069
0,0869278
0,08619298
0,08205931
0,08232238
0,08379745
0,08415632
0,07998116
0,0801643
0,0733185
0,07538275
0,07572069
0,07131244
0,07184229
0,071858
0,07309505
0,07361543
0,1098683
0,1135871
0,1148521
0,1142234
0,1151399
0,07931016
0,08001066
0,08600932
0,08794856
0,09808101
0,09582961
0,09661432
0,09207744
0,09239047
0,09373949
0,09441075
0,09419553
0,09442367
0,09437936
0,09383652
0,091323
0,09136911
0,0873581
0,08681865
0,07991301
0,07893137
0,07389779
0,107764
0,09880594
0,1011538
0,09944002
0,09000853
0,09039847
0,09536275
0,09515208
0,09482384
0,0943986
0,09380222
0,09345517
0,09350588
0,09407268
0,09463812
0,08953448
0,08893719
0,08906805
0,08875143
0,1071925
0,1074784
0,1076323
0,1077558
0,1077859
0,1074303
0,106974
0,106528
0,1134613
0,1135466
0,1137094
0,1140039
0,1140957
0,1141918
0,1143133
0,1143222
0,1141204
0,1136161
0,1135534
0,1135777
0,1136775
0,1137447
0,113698
0,1137791
0,1140114
0,1143205
0,1149969
0,1161848
0,117843
0,1093381
0,1152004
0,1145465
0,1089645
0,1099973
0,1124001
0,1175622
0,1139682
0,1154309
0,1177156
0,1105856
0,1187837
0,1091902
0,1086974
0,1091228
0,1108067
0,1188408
0,1202817
0,1207278
0,124264
0,1296927
0,1248545
0,1238802
0,1239596
0,1176014
0,1118676
0,0803569
0,0961898
0,1173264
0,1077077
0,106206
0,1057143
0,1150459
0,114526
0,1136231
0,113242
0,1131839
0,113184
0,1142224
0,1146719
0,1056832
0,1048158
0,1026571
0,109183
0,08730557
0,09089452
0,08833975
0,07838965
0,07509519
0,0806402
0,09737636
0,09285735
0,09296171
0,0929402
0,0946961
0,09436072
0,0941397
0,09401216
0,09393754
0,09400084
0,09415238
0,09433275
0,09443514
0,09451295
0,09460011
0,09482694
0,08841161
0,08878933
0,08912107
0,08914445
0,1106917
0,1116298
0,1144734
0,1192472
0,1105512
0,1165122
0,1210237
0,121248
0,1476888
0,1465174
0,1274885
0,1446614
0,1234232
0,1523146
0,1290105
0,132736
0,09292608
0,09731296
0,09842312
0,09756181
0,09720919
0,09741493
0,09701057
0,1004986
0,09592611
0,1025128
0,09324429
0,09742025
0,08947186
0,09692902
0,09371714
0,09110551
0,08069058
0,1801207
0,1434959
0,1156226
0,1088002
0,1088338
0,1099565
0,1294834
0,1432345
0,1049486
0,1525093
0,1058331
0,1059326
0,125279
0,1609511
0,1160266
0,1063313
0,1063313
0,1063313
0,1063313
0,1063313
0,1063313
0,1063313
0,160778
0,1405141
0,09618302
0,09356831
0,1146074
0,1199443
0,1192764
0,1159673
0,1008673
0,09571115
0,1085331
0,1016147
0,1085559
0,09921018
0,09709065
0,09661663
0,09638684
0,09618182
0,0960756
0,09466678
0,1023383
0,09921493
0,09281027
0,1028673
0,09541294
0,1148472
0,1330285
0,0872957
0,1064177
0,09449029
0,08976467
0,09392708
0,08940078
0,09273659
0,09118748
0,1047579
timeStamps
2,968925
2,982865
2,997327
3,011245
3,024813
3,038604
3,052434
3,066377
3,080442
3,0943
3,10845
3,122369
3,136335
3,150199
3,164149
3,178134
3,191796
3,205968
3,219795
3,233629
3,247792
3,261816
3,275744
3,289594
3,3038
3,316941
3,331121
3,345124
3,359622
3,372591
3,387256
3,400649
3,41468
3,428966
3,442472
3,456747
3,471121
3,484934
3,499685
3,513569
3,527712
3,553197
3,5676
3,583223
3,60934
3,623996
3,638894
3,664901
3,680964
3,706652
3,722045
3,748477
3,76382
3,790252
3,806367
3,831703
3,847239
3,873704
3,889976
3,915173
3,930884
3,957175
3,972846
3,999057
4,014915
4,04095
4,05696
4,082916
4,110907
4,138837
4,166502
4,182636
4,208131
4,223976
4,249863
4,266025
4,291484
4,308096
4,33327
4,361701
4,389234
4,405636
4,430881
4,447153
4,472668
4,488454
4,514678
4,530594
4,556086
4,571466
4,597919
4,613622
4,63981
4,655595
4,681783
4,698205
4,723269
4,739775
4,764986
4,781473
4,806984
4,835295
4,862829
4,890968
4,918886
4,947082
4,974476
5,002544
5,030488
5,058302
5,086142
5,114053
5,142014
5,169717
5,197534
5,225465
5,253344
5,281244
5,309013
5,337084
5,364752
5,392557
5,420722
5,448184
5,476264
5,504388
5,531869
5,55968
5,587575
5,615608
5,643129
5,671142
5,698978
5,726987
5,754886
5,78236
5,810337
5,838097
5,86579
5,893742
5,921956
5,949409
5,977304
6,005252
6,033029
6,060972
6,088631
6,116677
6,144474
6,172218
6,200051
6,227973
6,255913
6,28376
6,311501
6,339824
6,36724
6,395185
6,422771
6,450664
6,478565
6,506854
6,534191
6,562241
6,590129
6,617695
6,645592
6,673856
6,701476
6,729212
6,757219
6,78531
6,812711
6,84055
6,868542
6,896359
6,924315
6,952064
6,979786
7,007697
7,035515
7,063393
7,091267
7,119105
7,147215
7,17486
7,202539
7,230457
7,258249
7,286118
7,313591
7,34165
7,369939
7,397627
7,425354
7,453068
7,481118
7,508642
7,536489
7,56446
7,592789
7,620129
7,647971
7,676144
7,704061
7,731755
7,759489
7,787435
7,815526
7,843091
7,870981
7,898996
7,926325
7,954339
7,982425
8,009986
8,024376
8,039673
8,052268
8,065612
8,079087
8,092951
8,107207
8,120919
8,13484
8,149149
8,162831
8,176873
8,190961
8,204789
8,218768
8,232762
8,246504
8,260495
8,27467
8,288746
8,302197
8,316342
8,330076
8,344469
8,357918
8,372065
8,385896
8,399724
8,413782
8,427805
8,441603
8,455471
8,46938
8,483402
8,497239
8,511024
8,525039
8,53887
8,552773
8,566845
8,580741
8,594953
8,608833
8,622583
8,636497
8,650637
8,664253
8,678175
8,692584
8,706206
8,720395
8,733962
8,747738
8,761996
8,775842
8,789412
8,80374
8,817413
8,831336
8,845314
8,859077
8,873062
8,88719
8,901135
8,914893
8,929153
8,942752
8,956751
8,970549
8,984801
8,998601
9,012266
9,02652
9,040113
9,054205
9,068483
9,082113
9,0961
9,11016
9,123817
9,137647
9,151889
9,165497
9,17935
9,193148
9,207256
9,221435
9,235859
9,248987
9,263429
9,277832
9,291606
9,306405
9,320429
9,346396
9,361328
9,388398
9,403509
9,417607
9,442875
9,45673
9,471453
9,485001
9,499039
9,513573
9,526933
9,54093
9,554971
9,568921
9,583023
9,597122
9,611232
9,626237
9,640347
9,654799
9,679946
9,693846
9,708847
9,722934
9,737123
9,751047
9,764966
9,779216
9,805125
9,819935
9,834794
9,860727
9,875205
9,889995
9,904034
9,930344
9,944699
9,960258
9,986227
10,00147
10,0281
10,0434
10,07008
10,08614
10,1114
10,12707
10,15337
10,16967
10,19532
10,22289
10,25123
10,27903
10,30685
10,3348
10,36282
10,39056
10,41855
10,44639
10,47448
10,50194
10,52998
10,55781
10,58564
10,61355
10,64157
10,66922
10,69721
10,72502
10,75289
10,78058
10,80887
10,83625
10,86412
10,89182
10,91967
10,94759
10,97556
11,00402
11,03106
11,0589
11,08699
11,1147
11,14269
11,17057
11,19831
11,22608
11,25396
11,28187
11,30962
11,33738
11,36532
11,39312
11,42104
11,44886
11,47675
11,50482
11,53255
11,56027
11,58817
11,616
11,64405
11,67168
11,69951
11,72737
11,75552
11,7833
11,81098
11,83874
11,86685
11,89449
11,92223
11,95012
11,97821
12,00585
12,03361
12,0615
12,08935
12,11713
12,14519
12,17294
12,2008
12,22873
12,25643
12,28432
12,31217
12,33992
12,36835
12,39555
12,42393
12,45148
12,47893
12,50689
12,53502
12,56288
12,59048
12,61841
12,64624
12,67412
12,702
12,72998
12,75764
12,78571
12,81326
12,84116
12,86936
12,8968
12,92471
12,95265
12,98058
13,00819
13,03599
13,06378
13,0916
13,11961
13,14745
13,17539
13,20315
13,23082
13,25883
13,28651
13,31444
13,34257
13,37021
13,39803
13,42585
13,45361
13,48164
13,50926
13,53716
13,56494
13,59291
13,62067
13,64854
13,6765
13,70439
13,73216
13,76002
13,78785
13,81555
13,84343
13,8715
13,89921
13,92697
13,95492
13,983
14,01066
14,03831
14,06615
14,09437
14,12191
14,14981
14,17759
14,20599
14,2335
14,26104
14,2771
14,30274
14,33031
14,34569
14,37222
14,38705
14,41375
14,42914
14,45549
14,46971
14,48431
14,49876
14,51154
14,52528
14,53935
14,55296
14,56731
14,58099
14,59514
14,60919
14,62279
14,63678
14,65088
14,66456
14,67897
14,69275
14,70655
14,72077
14,73456
14,74835
14,76204
14,77622
14,79012
14,80396
14,81811
14,83197
14,84565
14,85989
14,87347
14,8877
14,90224
14,91529
14,9292
14,94312
14,95696
14,97095
14,98527
14,99901
15,01309
15,02653
15,04073
15,05454
15,06841
15,08227
15,09638
15,1101
15,12407
15,13815
15,1521
15,16581
15,17973
15,19404
15,20781
15,22164
15,23591
15,24943
15,26334
15,27768
15,29146
15,30539
15,31952
15,33307
15,34677
15,36099
15,3748
15,38865
15,40291
15,41653
15,43034
15,44465
15,45838
15,47213
15,4862
15,49996
15,51404
15,52811
15,54188
15,55575
15,56979
15,5837
15,59757
15,61162
15,62602
15,6391
15,65344
15,66686
15,68115
15,69511
15,70898
15,72329
15,73779
15,75065
15,76458
15,77922
15,79233
15,80609
15,8202
15,834
15,84809
15,86188
15,87592
15,89049
15,90359
15,91758
15,93169
15,94558
15,9596
15,97314
15,98719
16,0013
16,01504
16,02904
16,04325
16,05685
16,07087
16,08477
16,09867
16,11265
16,12669
16,14047
16,15499
16,16845
16,18225
16,19631
16,21044
16,22562
16,23962
16,25388
16,27935
16,29362
16,30846
16,32292
16,34871
16,36257
16,37697
16,39053
16,40483
16,43262
16,44901
16,47454
16,50217
16,5301
16,54559
16,57212
16,59972
16,62762
16,65566
16,68329
16,71121
16,73906
16,76714
16,79484
16,8229
16,85064
16,87828
16,90626
16,93454
16,96187
16,98998
17,01749
17,04594
17,07311
17,10113
17,12915
17,15694
17,18459
17,21294
17,24026
17,26804
17,29599
17,32387
17,35191
17,37963
17,40736
17,43525
17,46335
17,49098
17,51898
17,54674
17,5748
17,60226
17,63017
17,65824
17,68588
17,71365
17,74172
17,76954
17,79735
17,82517
17,85294
17,88083
17,90892
17,9364
17,96462
17,99208
18,02042
18,04809
18,0758
18,1037
18,13162
18,15934
18,18705
18,21495
18,24302
18,2707
18,29856
18,32622
18,35415
18,38211
18,41025
18,43761
18,46572
18,49329
