participantNumber
8
repetitionNum
4
sdfEnabled
1
taskTime
21,65029
numHits
46
positionDifference
0,133587
angleDifference
107,9495
finalPosX
-0,03390639
finalPosY
-0,07763819
finalPosZ
0,8883677
finalRotX
320,5765
finalRotY
247,0057
finalRotZ
67,85324
taskType
complexWire
velocityMagnitude
0,821434
0,2016732
0,2356757
0,2356757
0,5736923
0,4501006
0,4501006
0,6112935
0,4665206
0,4665206
0,2872763
0,819715
0,9307638
0,8846216
1,030339
0,4408625
0,09507898
0,7477955
0,07861377
0,2588066
0,3202104
0,08598965
0,4079471
0,4565834
0,06822766
0,2963884
0,2256096
0,3969051
0,402648
0,08354525
0,09663265
0,08160306
0,2019082
0,2668079
0,1940199
0,346108
0,13119
0,05856008
0,3335794
0,1022694
0,1521114
0,1031042
0,06581347
0,09078688
0,05019519
0,2537253
0,3576167
0,1759851
0,2836888
0,08913287
0,1751183
0,3705024
0,1890897
0,3204692
0,2892339
0,3531793
0,335615
0,1123258
0,01810412
0,01887383
0,03804114
0,02534869
0,07536536
0,1765402
0,3337286
0,4126358
0,3325519
0,3079383
0,4270161
0,3492345
0,4360663
0,7001966
0,4427018
0,5516071
0,778604
0,3070344
0,2335111
0,4336697
0,687389
0,6889409
0,8136148
1,105091
1,008175
1,325846
0,9434066
0,7245619
0,8982511
1,179712
0,7171612
0,5567737
0,3088051
0,5631185
0,7858878
0,8291223
0,4877175
0,3384191
0,5163566
0,5621129
0,5140455
0,7389371
0,1758086
0,1778153
0,1958696
0,0551852
0,09431878
0,05530211
0,08518643
0,09102738
0,04302175
0,07421564
0,003704035
0,05837889
0,07471043
0,02098194
0,09330805
0,05449925
0,1367573
0,2232563
0,5116668
0,6871216
0,4288611
0,3369076
0,5974587
0,545882
0,5178536
0,07180955
0,135407
0,3134842
0,1790235
0,2540289
0,4186006
1,009931
0,607209
1,432175
1,357675
1,066344
1,84239
1,054995
1,054995
1,535353
1,48121
1,48121
0,7923185
1,989109
1,989109
0,7987447
1,01554
1,01554
0,1576381
0,1885687
0,2777412
0,2777412
0,590113
0,3947787
0,3947787
0,9618918
0,5747357
0,5747357
0,9624196
0,8576772
1,149577
1,149577
1,070368
1,057714
1,057714
1,998484
3,388547
3,388547
3,921123
2,404212
2,404212
2,630644
0,8275564
1,496969
1,496969
1,69881
1,625877
1,625877
1,845309
1,972398
1,972398
2,12474
2,176499
2,228681
2,228681
2,356396
2,436912
2,436912
2,526023
2,56157
2,56157
2,711599
2,797081
2,797081
2,999137
3,088373
3,179386
3,179386
3,462609
3,613247
3,613247
3,836051
3,93396
3,93396
3,453758
3,25673
2,90148
2,90148
2,282106
2,067893
2,067893
1,476625
1,77033
1,77033
0,7924431
0,4616838
0,5760612
0,5760612
1,692209
2,962006
2,962006
2,568708
1,255938
1,255938
1,387297
1,375217
1,375217
1,734813
1,913556
1,884056
1,884056
2,038652
2,123183
2,123183
5,348599
5,223997
5,223997
5,191279
5,145832
0,336194
0,336194
0,1748196
0,1563387
0,1563387
0,308724
0,4931208
0,4931208
0,684116
0,2371367
0,2371367
0,3282991
0,405089
0,4604438
0,4604438
0,4901608
0,519538
0,519538
0,5253874
0,5093645
0,5093645
0,5124443
0,5036987
0,4212365
0,4212365
0,3866314
0,3550496
0,3550496
0,3418843
0,3279264
0,3279264
0,302561
0,2832517
0,2832517
0,2563514
0,2353397
0,2235143
0,2235143
0,227065
0,2432902
0,2432902
0,2622731
0,2863997
0,2863997
0,316167
0,3480418
0,3764915
0,3764915
0,3977723
0,3457463
0,3457463
0,336842
0,3288094
0,3288094
0,3137444
0,2836775
0,2836775
0,01549427
0,04734841
0,09827638
0,09827638
0,1116538
0,05984445
0,05984445
0,08601469
0,07230794
0,07230794
0,0111034
0,007725578
0,02647646
0,02647646
0,03512495
0,03188856
0,03188856
0,04092972
0,03604936
0,03604936
0,01070763
0,0501599
0,09626815
0,09626815
0,1489816
0,1100987
0,1100987
0,1023058
0,02459984
0,02459984
0,06519213
0,1053654
0,1053654
0,1455054
0,1756007
0,2045845
0,2045845
0,2273923
0,2459235
0,2459235
0,2627194
0,2638564
0,2638564
0,1854028
0,1370828
0,1167533
0,1167533
0,1305834
0,1067189
0,1067189
0,07228633
0,04840453
0,04840453
0,03345631
0,04291945
0,04291945
0,06661616
0,09768028
0,07672086
0,07672086
0,1011029
0,1083594
0,1083594
0,1083205
0,1078431
0,1078431
0,1041089
0,09732016
0,086976
0,086976
0,07540558
0,06321751
0,06321751
0,003435814
0,01259631
0,01259631
0,03583136
0,02792105
0,02792105
0,04703754
0,05467486
0,07124414
0,07124414
0,0593961
0,04538345
0,04538345
0,05627606
0,07823678
0,07823678
0,1060402
0,1205218
0,2310064
0,2310064
0,2944634
0,1633009
0,1633009
0,2692412
0,2004542
0,2004542
0,4416259
0,3365099
0,3365099
0,2148145
0,2110849
0,1808916
0,1808916
0,260341
0,2875225
0,2875225
0,3317698
0,3626548
0,3626548
0,7357103
0,5389013
0,1966119
0,1966119
0,2586093
0,7300848
0,7300848
0,7619914
1,291268
1,291268
1,73061
1,21061
0,4127022
0,2017176
0,08700815
0,08630131
0,1715638
0,1617872
0,3709302
0,3271944
0,22841
0,1464183
0,1232177
0,1036651
0,1397676
0,09975202
0,09707812
0,09668384
0,08787853
0,0999426
0,0999426
0,244828
0,3525688
0,3482931
0,1627605
0,1049061
0,2779886
0,4776194
1,843166
0,9413561
1,894218
3,97458
4,587465
5,299078
5,937018
6,590955
0,316392
0,1893035
0,5389403
0,73024
0,9235979
1,312846
1,167464
1,356176
0,7312235
0,8993479
0,3939223
0,3939223
0,4230952
0,434789
0,434789
0,4514283
0,4587312
0,5041334
0,5041334
0,609251
0,7518057
0,7518057
0,853618
1,003121
1,003121
1,038409
0,3177693
0,3034855
0,3034855
0,3087787
0,2202896
0,2202896
0,2042411
0,1967365
0,1967365
0,1968622
0,2022329
0,213423
0,213423
0,2298923
0,2404394
0,2404394
0,2559221
0,2690669
0,2690669
0,2772294
0,2805519
0,2805519
0,2795762
0,2750423
0,2678854
0,2678854
0,2592295
0,2503408
0,2503408
0,1196757
0,04261892
0,04261892
0,1062655
0,1928756
0,2156633
0,2156633
0,2375761
0,2557744
0,2557744
0,2681995
0,2744402
0,2744402
0,2771027
0,2711529
0,2711529
0,2530443
0,2320229
0,2091318
0,2091318
0,178685
0,145943
0,145943
0,1101734
0,07194614
0,07194614
0,03833663
0,01353855
0,04588867
0,04588867
0,0830806
0,1183348
0,1183348
0,1506963
0,1865873
0,1865873
0,2102206
0,2337508
0,2471181
0,2471181
0,2567731
0,259196
0,259196
0,258023
0,2499986
0,2499986
0,2389306
0,2220983
0,2220983
0,2029103
0,1793637
0,1539818
0,1539818
0,1267959
0,09998447
0,09998447
0,07652748
0,06331127
0,06331127
0,005618179
0,0222954
0,0222954
0,148637
0,2200525
0,2855583
0,2855583
0,3333239
0,1821857
0,1821857
0,1380732
0,1262475
0,1262475
0,1498916
0,2034149
0,1559678
0,1559678
0,2235517
0,3490154
0,3490154
0,4309781
0,3899423
0,3899423
0,6915713
0,546038
0,546038
0,4569485
0,3456466
0,2974426
0,2974426
0,4652196
0,5197318
0,5197318
0,6340455
0,4906898
0,4906898
0,5919882
0,5392513
0,4624156
0,4624156
0,2323342
0,1887459
0,1887459
0,2417176
0,281106
0,281106
0,3756482
0,3882362
0,3958561
0,3958561
0,4272717
0,3038796
0,3038796
0,2499712
0,2268402
0,2268402
0,4715894
0,5123269
0,5319585
0,5319585
0,3648527
0,5094997
0,5284707
0,2898843
0,2898843
0,5670907
0,4464715
0,4464715
0,6400694
0,2853009
0,2853009
0,5782213
0,4070862
0,4475847
0,2517969
0,2081646
0,1921899
0,2921315
0,193797
0,2061052
0,1658796
0,1828856
0,2523999
0,3287269
0,386955
0,3724299
0,4291721
0,2575917
0,4189766
0,3541468
0,03890569
0,02828288
0,00619258
0,0266904
0,03617791
0,01982276
0,05532902
0,03285637
0,7559494
0,1410627
0,6409851
0,6272847
0,0972272
0,4123653
0,4869727
0,3667293
0,5607465
0,3948055
0,4197366
0,4338193
0,3120101
0,6719298
0,4804482
0,5882409
0,5551809
0,2448276
0,5825315
0,4658063
0,9349498
1,356064
0,1720468
0,2995191
0,07699978
0,04532684
0,02482447
0,013047
0,1213377
0,1754685
0,187727
0,2824366
0,2282591
0,3965065
0,3010684
0,4949559
0,7099614
0,666717
0,8826458
1,232145
0,3792965
0,4845144
0,3494892
0,3205943
0,3358561
0,2651917
0,4243241
0,2798408
0,3568416
0,4190841
0,1715826
0,03159675
0,1443177
0,174416
0,1582906
0,1781036
0,3815504
0,4791916
0,3170097
0,3408659
0,1845457
0,2546779
0,2928944
0,4078889
0,4888641
0,4257546
0,4619544
0,7648202
0,6524844
0,8089389
0,9237471
0,9724126
1,149736
0,667034
0,5045174
0,573289
0,2251055
0,1100606
0,3847573
0,5276014
0,2354938
0,4237683
0,434055
0,4078412
0,4242424
0,4693216
0,4636514
0,5110294
0,5110294
0,6347581
0,6951305
0,7253916
0,8093118
0,8218755
0,8218755
1,409434
1,227219
1,227219
0,2458678
0,6465037
0,6465037
0,440976
0,3881135
0,4563307
0,4563307
0,6863293
0,6382562
0,6382562
0,6033086
0,5972736
0,5972736
0,6596715
0,6594015
0,6594015
0,6650719
0,9561826
0,8751047
0,8751047
0,5808274
0,5193966
0,5193966
0,3903274
0,5342439
0,5342439
0,7733485
0,5311927
0,5368323
0,5368323
0,6232314
0,2943422
0,2943422
0,5382999
0,5838537
0,5838537
0,694172
0,6307801
0,6307801
1,311352
0,7500412
0,5641602
0,5641602
0,5291541
0,2709506
0,2709506
0,3501577
0,3493128
0,4076082
0,8846769
0,8846769
1,212354
1,168164
0,5978234
1,134757
1,134757
0,8586375
0,6307528
1,053334
0,7406068
0,7655005
1,506057
0,7833138
1,476277
0,9557081
1,651788
1,806326
2,028099
2,277134
2,346103
2,80129
3,173062
3,957397
4,50522
4,360255
4,204042
4,25832
4,20714
4,022099
3,78414
3,399025
2,932118
2,651222
2,166976
1,754326
1,57954
1,555545
0,687435
0,374524
0,2388484
0,5268336
0,7073784
0,732577
0,732577
0,4445693
0,4445693
0,3808637
0,04796998
0,2792145
0,4553353
0,3923998
0,3923998
0,760038
0,9202842
1,358461
1,34023
0,754768
0,2238021
0,1250791
0,5243093
0,5985625
1,38874
1,132414
0,8062326
0,1835193
0,05460916
0,01016957
0,01587697
0,5464418
0,2206824
0,4357847
0,5153209
0,3146296
1,168246
1,161327
0,9048795
1,155767
0,2898215
0,2922761
0,07462885
0,03781246
0,2024946
0,143488
0,5277078
0,4871676
0,3114555
0,4682736
0,5087079
1,455857
1,261903
1,434617
3,183394
2,065745
0,9887574
4,374885
1,709235
0,8799371
1,30723
1,351196
1,35984
1,406864
1,298322
1,38119
1,449068
1,608108
1,593362
1,47431
1,515368
1,498007
1,478838
1,077143
1,322515
0,4919897
0,1119036
0,0697983
0,1410564
0,7344632
0,2612852
0,2283739
0,584452
0,526157
1,057058
1,307601
1,590427
1,815863
1,918777
1,995167
2,130824
2,281635
2,350682
2,368338
2,412766
2,543202
2,595114
2,636881
2,716222
2,691347
2,654386
2,665763
2,615343
2,535677
2,585243
2,868525
3,135363
0,3862877
0,5709459
0,9541844
1,148127
0,7731885
0,4557733
0,4744233
0,4858031
0,4770865
0,4599306
0,3966906
0,3595162
0,2721332
0,2257622
0,1840407
0,1445728
0,1587754
0,2285223
0,2700991
0,3101959
0,3774453
0,4018987
0,4282214
0,3801126
0,3746699
0,3399846
0,3263349
0,3176548
0,2956846
0,3067008
0,006111443
0,03696475
0,07795457
0,04015695
0,02881897
0,0291707
0,02903265
0,02530803
0,09443462
0,1330387
0,1929675
0,2191756
0,02383246
0,01498918
0,03374816
0,004682025
0,002215144
0,01495297
0,006450408
0,01278041
0,02913003
0,06151995
0,06543966
0,1039268
0,09251845
0,07071794
0,171223
0,2525552
0,2825752
0,5445316
0,5969017
0,2478488
0,1479607
0,06362058
0,1817884
0,2587741
0,1088011
0,06678737
0,4347168
0,1519533
0,4365635
0,2811991
0,1243303
0,07798349
0,3187079
0,1479999
0,2846852
0,2716182
0,2846304
0,3169378
0,3162481
0,3499184
0,3318274
0,3165531
0,4182274
0,572052
0,4668611
0,7914432
0,8049815
0,4790625
0,3494594
0,5522122
0,4735349
0,3955772
0,4148092
0,3781504
0,3781504
0,235384
0,1908541
0,1538247
0,1824341
0,09249133
0,09249133
0,1608235
0,3111626
0,3111626
0,3041553
0,1463786
0,1463786
0,2678421
0,2606492
0,4218072
0,4218072
0,61768
velocityComponents
0,1157881
0,2382413
0,7775525
-0,01530032
0,1710829
0,1056816
-0,05364586
0,2294825
0,001718339
-0,05364586
0,2294825
0,001718339
-0,1425474
0,5287778
-0,1708716
-0,07624656
0,4427817
-0,02685819
-0,07624656
0,4427817
-0,02685819
0,004298542
0,5369758
0,2920929
0,02628118
0,3659444
0,2881587
0,02628118
0,3659444
0,2881587
-0,0263032
0,2830262
0,04161682
-0,1530626
0,7737806
-0,2230875
-0,1968999
0,8596169
-0,2976751
-0,1958683
0,818354
-0,2729244
-0,2461013
0,9644766
-0,266117
-0,04878342
0,3997406
0,1794083
0,0185511
0,02065002
0,0909365
0,1265453
0,04010962
0,7359182
0,00458544
0,05296576
0,05791136
-0,1272729
0,2174345
-0,05920023
-0,05587315
0,2557988
0,1843363
0,007853665
3,487065E-05
0,08563024
0,01346689
-0,2656048
0,3093437
0,03410614
-0,2186488
0,3993719
-0,004544232
-0,03382125
0,05908035
-0,1493602
0,1348097
-0,2176326
-0,08704294
0,137238
-0,1564894
-0,07932872
0,3887333
-0,01127112
0,03743989
0,1863752
0,3549479
0,009270504
-0,009389381
0,0824967
-0,0311644
0,09123226
-0,006582046
-0,02561299
0,0767995
-0,01024062
0,01433308
0,1120156
0,1673738
0,04264749
-0,01759573
0,262789
0,04457108
-0,07526242
0,173184
0,08164526
-0,1397532
0,3059312
0,02883362
-0,0730871
0,1050606
0,006796175
0,04801297
0,03283063
-0,05512073
0,3062169
-0,1202835
-0,008231899
0,1019354
-0,0006666097
0,03659131
-0,07854804
0,1250166
0,02941835
-0,05109734
0,08458193
0,009362155
-0,06408289
0,01171091
-0,007164957
-0,0759638
-0,04919779
0,008480773
-0,04712607
0,01505881
0,06173442
-0,1299984
0,2089637
0,08519454
-0,1538554
0,3113841
0,04275688
-0,07391784
0,153879
0,05868953
-0,1073764
0,2559398
0,01858467
-0,008260326
0,0867816
0,02103045
-0,04350379
0,1683198
0,05582214
-0,1619866
0,3285061
0,03216019
-0,05008045
0,1794786
0,04855699
-0,008666329
0,3166507
0,05530366
-0,008309466
0,2837758
0,05543457
-0,06862129
0,341985
0,05409849
-0,05681562
0,326317
0,01282088
-0,03918887
0,1044842
0,005291522
-0,00565242
0,01636488
0,005276119
-0,004986495
0,0174218
0,01309483
-0,01006328
0,03426929
0,01399246
-0,004681131
0,02061199
0,02384073
0,06771545
0,0229385
0,0529431
0,1576387
0,05927486
-0,00214456
0,2896395
0,1657683
0,01443676
0,3760545
0,1692422
0,003604759
0,2869249
0,168083
0,01079176
0,2461437
0,1847237
0,008526237
0,3522748
0,2411898
-0,0007099519
0,3085656
0,1635588
-0,00141859
0,385352
0,204097
-0,00402291
0,6127377
0,3388387
0,007982056
0,3540417
0,2656607
0,0326414
0,3482362
0,42654
0,06621071
0,3828939
0,6747093
0,06844685
0,03916898
0,2967338
0,08007455
0,04137042
0,2154159
0,01571737
0,4021928
0,1614414
-0,03517314
0,5718296
0,3798387
-0,04077427
0,5956259
0,3438122
-0,06070878
0,7380869
0,3369141
-0,09294616
1,026827
0,3977603
-0,06677011
0,9134122
0,4214711
0,001473337
0,9837155
0,8889149
0,08538778
0,4287559
0,8359984
0,09626336
0,1923389
0,6919025
0,4639187
-0,3598799
0,6797948
0,6118467
-1,005673
-0,07736683
0,3756326
-0,4280761
0,4358568
0,09751538
-0,5419388
0,08240139
0,05360379
-0,3041022
-0,003013529
0,09854375
-0,5499331
0,07046331
0,2984228
-0,7028395
0,1859571
0,3358837
-0,7118163
0,2606599
-0,1941166
-0,4322149
-0,1156608
0,06360707
-0,3322622
0,009136622
-0,1462672
-0,4296804
-0,2461804
-0,1526249
-0,3364089
-0,4236811
-0,1672924
-0,3349489
-0,352229
-0,2024974
-0,7017909
-0,1118587
-0,04530196
0,08286411
-0,14829
-0,002548702
0,1231081
-0,1282816
-0,04944386
0,09736055
-0,1626073
-0,02916496
0,02207568
-0,04132161
-0,0771575
1,680851E-05
-0,05424714
-0,04938074
-0,02487937
-0,0009396672
-0,07064211
-0,0264253
-0,03959954
-0,07979691
-0,03555256
-0,02558225
-0,02335154
-0,03555006
0,006462932
-0,04204615
-0,05537277
0,02596033
0,002823763
0,001593351
0,001790941
0,02065194
-0,0305984
0,04522532
0,03798106
-0,03052503
0,05663311
0,0114543
-0,01128072
0,01348281
0,04660013
-0,0322243
0,07413781
0,01562192
-0,04783869
0,02091849
0,08412308
-0,05683893
0,09162541
0,0837042
-0,163426
0,1269997
0,1350569
-0,4924017
0,0332133
0,2342332
-0,6129194
0,2039624
0,1455861
-0,3579836
0,1859414
0,08906247
-0,09607437
0,3103938
0,151677
0,1040206
0,5684458
0,1175198
0,04975422
0,5307549
-0,2793384
-0,1465009
0,4107065
-0,03971291
0,02727284
0,05325118
0,01254086
-0,1346496
0,006875306
0,07558553
-0,3015605
-0,04025519
-0,04616116
-0,1708354
-0,02708897
-0,02976798
-0,2077622
-0,1431063
-0,1458586
-0,3536566
-0,1699375
0,06939326
-0,9938716
-0,1654249
-0,1703336
-0,5161099
-0,2707763
-0,0368175
-1,070677
-0,9504842
0,06046002
-1,218665
-0,595383
0,269195
-0,8270332
-0,6169599
-0,04260393
-1,361354
-1,240686
-0,01653042
-0,8004134
-0,6870805
-0,01653042
-0,8004134
-0,6870805
-0,05984479
-1,120901
-1,047525
-0,07661816
-1,07767
-1,013282
-0,07661816
-1,07767
-1,013282
-0,4395811
-0,4149466
-0,5122073
-0,05505513
-1,399632
-1,412287
-0,05505513
-1,399632
-1,412287
-0,5265797
-0,316462
-0,5104496
0,1490679
-0,6246819
-0,7866847
0,1490679
-0,6246819
-0,7866847
-0,01962721
0,1561342
0,009309977
-0,07835871
-0,1232351
0,1192945
-0,03981917
-0,1889013
0,199677
-0,03981917
-0,1889013
0,199677
-0,127653
-0,5036596
0,279759
0,3199267
-0,1587366
0,1682254
0,3199267
-0,1587366
0,1682254
0,1644148
-0,9010926
0,293659
0,006796472
-0,3231137
0,4752604
0,006796472
-0,3231137
0,4752604
0,117382
-0,7106588
0,6383079
0,1219702
-0,6308124
0,568163
0,1612588
-0,3873301
1,070279
0,1612588
-0,3873301
1,070279
-0,1491026
0,06834227
1,057726
-0,3136821
0,1748018
0,9948907
-0,3136821
0,1748018
0,9948907
0,3979553
0,122275
1,954641
0,3888674
0,2751754
3,354894
0,3888674
0,2751754
3,354894
0,04491602
0,1735283
3,917024
1,506145
0,7466768
1,71879
1,506145
0,7466768
1,71879
-0,0585777
0,971503
2,44398
-0,3456259
0,2356442
0,7140477
1,119042
0,7628284
0,6377726
1,119042
0,7628284
0,6377726
-0,2812486
0,4717726
1,607571
-0,6771513
0,5121977
1,386577
-0,6771513
0,5121977
1,386577
-0,6444771
0,211765
1,716091
-0,7176821
0,2383681
1,821666
-0,7176821
0,2383681
1,821666
-0,758401
0,3124381
1,960033
-0,7499299
0,3562321
2,011927
-0,7406814
0,4020232
2,063199
-0,7406814
0,4020232
2,063199
-0,7144469
0,5299402
2,182048
-0,7112637
0,6027482
2,251519
-0,7112637
0,6027482
2,251519
-0,6697465
0,7218192
2,326201
-0,5941825
0,8227048
2,351966
-0,5941825
0,8227048
2,351966
-0,5534965
1,011654
2,454173
-0,5822078
1,0884
2,509996
-0,5822078
1,0884
2,509996
-0,6696439
1,255121
2,640278
-0,747435
1,284453
2,707318
-0,8123625
1,332212
2,770158
-0,8123625
1,332212
2,770158
-1,021606
1,484118
2,95692
-1,182399
1,505896
3,064272
-1,182399
1,505896
3,064272
-1,5152
1,368739
3,247462
-1,667986
1,265202
3,330634
-1,667986
1,265202
3,330634
-0,3475176
2,024323
2,776651
-0,4243436
1,908189
2,60481
0,1339296
1,306913
2,587011
0,1339296
1,306913
2,587011
0,1066647
0,7877135
2,139191
0,1334678
0,5938525
1,976286
0,1334678
0,5938525
1,976286
-0,05835193
0,3183669
1,440715
-0,8823333
-0,1244709
1,529727
-0,8823333
-0,1244709
1,529727
-0,1669429
0,3880436
0,6704613
0,2120075
0,2633722
0,314388
0,5336837
0,1689472
-0,1359601
0,5336837
0,1689472
-0,1359601
0,7330455
1,387121
-0,634124
0,478798
2,921141
0,105684
0,478798
2,921141
0,105684
-1,66695
1,342241
1,420538
-0,3634323
0,883929
0,8148422
-0,3634323
0,883929
0,8148422
-0,4704789
0,9689612
0,8742757
-0,2675561
0,9481523
0,9595013
-0,2675561
0,9481523
0,9595013
-0,7011181
1,36321
0,8121997
-0,9332261
1,511495
0,7114534
-0,11586
1,783807
0,5952094
-0,11586
1,783807
0,5952094
-0,4006792
1,947848
0,448829
-0,5441383
2,030529
0,2979497
-0,5441383
2,030529
0,2979497
0,6537791
5,139606
-1,328362
0,7247853
4,889897
-1,6893
0,7247853
4,889897
-1,6893
0,8718203
4,47714
-2,478816
0,8481637
4,176744
-2,883575
0,1368737
0,3048931
-0,03649963
0,1368737
0,3048931
-0,03649963
0,1122008
0,1136966
-0,07103479
0,1122008
-0,08250337
-0,07103479
0,1122008
-0,08250337
-0,07103479
0,1122008
-0,2787034
-0,07103479
0,1122008
-0,4749033
-0,07103479
0,1122008
-0,4749033
-0,07103479
0,1122008
-0,6711034
-0,07103479
-0,08948993
-0,1547658
0,1557977
-0,08948993
-0,1547658
0,1557977
-0,1545583
-0,2464103
0,1522301
-0,2043962
-0,2945974
0,1884984
-0,2545741
-0,3128014
0,2221617
-0,2545741
-0,3128014
0,2221617
-0,3071657
-0,285835
0,2533875
-0,3545268
-0,2471657
0,2883394
-0,3545268
-0,2471657
0,2883394
-0,4064995
-0,1580474
0,2929353
-0,4354154
-0,0792591
0,2521579
-0,4354154
-0,0792591
0,2521579
-0,4557019
-0,03722717
0,2314067
-0,4543842
0,01837516
0,2165866
-0,3958005
0,09849562
0,1052654
-0,3958005
0,09849562
0,1052654
-0,3716094
0,1047089
0,02064782
-0,3382089
0,09305185
-0,05492087
-0,3382089
0,09305185
-0,05492087
-0,3144785
0,06166512
-0,1191032
-0,2735231
0,04600686
-0,1749405
-0,2735231
0,04600686
-0,1749405
-0,2046366
0,07902363
-0,2083801
-0,1571494
0,0686641
-0,2254348
-0,1571494
0,0686641
-0,2254348
-0,0972243
0,03680487
-0,2343265
-0,04014091
0,005796313
-0,2318187
0,01159358
-0,01322378
-0,2228214
0,01159358
-0,01322378
-0,2228214
0,05861032
-0,02669522
-0,21774
0,1030649
-0,03675
-0,2172951
0,1030649
-0,03675
-0,2172951
0,1511476
-0,05667958
-0,20671
0,2009079
-0,08244261
-0,186719
0,2009079
-0,08244261
-0,186719
0,2480273
-0,1091113
-0,1629072
0,2900141
-0,1365174
-0,1356019
0,326955
-0,1561179
-0,1023399
0,326955
-0,1561179
-0,1023399
0,3569698
-0,1636555
-0,06334239
0,3401046
-0,06183144
0,006799869
0,3401046
-0,06183144
0,006799869
0,3327157
-0,01643731
0,04992576
0,3176557
-0,003371045
0,08484781
0,3176557
-0,003371045
0,08484781
0,2956205
0,005900696
0,1049251
0,2563918
0,01673067
0,1202341
0,2563918
0,01673067
0,1202341
0,009083386
0,005005706
-0,01151119
0,007769779
0,01444917
-0,04441536
0,005055106
0,03196894
-0,09279376
0,005055106
0,03196894
-0,09279376
-0,008856999
0,02257463
-0,1089886
-0,01340293
-0,01956929
-0,05494327
-0,01340293
-0,01956929
-0,05494327
-0,01394623
-0,04384125
0,07267719
-0,0229029
-0,02305121
0,06459519
-0,0229029
-0,02305121
0,06459519
0,0002197074
-0,001812287
0,01095229
0,007586347
0,001456741
9,893626E-05
0,02474976
0,00641824
-0,006874457
0,02474976
0,00641824
-0,006874457
0,03338021
0,009120056
-0,006028965
0,02668362
0,008723406
0,01512503
0,02668362
0,008723406
0,01512503
0,02506191
0,01299114
0,02963736
0,009334795
0,02349647
0,02569696
0,009334795
0,02349647
0,02569696
-0,009605588
0,004574641
-0,001207799
-0,02154297
0,00478865
-0,04504425
-0,02287852
0,01430959
-0,09240869
-0,02287852
0,01430959
-0,09240869
0,02437215
0,05986582
-0,1342297
0,003463499
0,03643365
-0,103838
0,003463499
0,03643365
-0,103838
-0,05683002
0,009879336
-0,08449395
-0,01992115
-0,007489532
0,01233722
-0,01992115
-0,007489532
0,01233722
-0,03998767
-0,02239889
0,04636043
-0,0598536
-0,03472055
0,07945999
-0,0598536
-0,03472055
0,07945999
-0,08202809
-0,04429692
0,1117183
-0,09811072
-0,05134186
0,1362861
-0,1164024
-0,05132765
0,1602211
-0,1164024
-0,05132765
0,1602211
-0,1320324
-0,04877587
0,1785934
-0,1454194
-0,04106796
0,1940231
-0,1454194
-0,04106796
0,1940231
-0,1584512
-0,02655073
0,2078696
-0,1609131
-0,01583055
0,2085103
-0,1609131
-0,01583055
0,2085103
-0,1446479
0,0706069
0,09201021
-0,1271672
0,03455919
0,03776058
-0,1155909
-0,00638555
-0,01514341
-0,1155909
-0,00638555
-0,01514341
-0,1009166
-0,04811224
-0,06747648
-0,07462723
-0,01476759
-0,07484397
-0,07462723
-0,01476759
-0,07484397
-0,0402867
0,0101997
-0,05914611
-0,01297376
0,01515977
-0,04410058
-0,01297376
0,01515977
-0,04410058
0,01358146
-0,001538143
-0,0305369
0,03947032
-0,008218497
-0,01471832
0,03947032
-0,008218497
-0,01471832
0,06410761
-0,01810627
-0,0002992386
0,08968163
-0,03549828
0,01544395
0,0758841
-0,004686475
-0,01028251
0,0758841
-0,004686475
-0,01028251
0,09697254
-0,02136743
-0,01901467
0,1039752
-0,0129675
-0,02761798
0,1039752
-0,0129675
-0,02761798
0,1045597
-0,004774913
-0,02788877
0,104184
0,001313031
-0,02782273
0,104184
0,001313031
-0,02782273
0,1004438
0,002653956
-0,02725179
0,09315451
-0,001762882
-0,02811304
0,08321161
0,00567472
-0,02466679
0,08321161
0,00567472
-0,02466679
0,07250131
0,006075636
-0,01981534
0,06138572
0,006071016
-0,01383437
0,06138572
0,006071016
-0,01383437
-0,002958544
0,0001567688
0,001739903
-0,01249261
-0,001242619
-0,001028328
-0,01249261
-0,001242619
-0,001028328
-0,02652667
-0,001804367
-0,02402012
0,004060498
0,001034545
-0,02760484
0,004060498
0,001034545
-0,02760484
0,00384696
0,01560258
-0,04420736
0,001475165
0,03217938
-0,04417751
0,004584526
0,05158141
-0,0489292
0,004584526
0,05158141
-0,0489292
0,007472708
0,05314607
-0,02544701
0,007308345
0,04265523
-0,01366662
0,007308345
0,04265523
-0,01366662
0,01131977
0,05491176
0,004853423
0,01586828
0,07247832
0,02482107
0,01586828
0,07247832
0,02482107
0,02127068
0,09263984
0,04701006
0,02396799
0,09857184
0,06507403
0,0435825
0,159625
0,1611968
0,0435825
0,159625
0,1611968
0,02382864
0,008471773
0,2933754
-0,03009899
0,09109949
0,1321443
-0,03009899
0,09109949
0,1321443
-0,05505154
0,2137191
0,1542215
-0,04995769
0,1656684
0,1011933
-0,04995769
0,1656684
0,1011933
-0,3470105
0,05225912
0,2681158
-0,04848007
0,2639966
0,2029639
-0,04848007
0,2639966
0,2029639
0,03334393
0,179664
0,1129349
0,008965306
0,1227145
0,1715156
0,02015178
0,1237842
0,1303579
0,02015178
0,1237842
0,1303579
0,06814416
0,1900376
0,1643761
0,06122142
0,1953857
0,2018553
0,06122142
0,1953857
0,2018553
0,04854483
0,2483142
0,2146034
0,05905445
0,2534339
0,2525913
0,05905445
0,2534339
0,2525913
0,1069169
0,4574334
0,5662094
0,07518683
0,3349572
0,4154097
-0,06173982
0,1857044
0,01892912
-0,06173982
0,1857044
0,01892912
-0,044058
0,2546362
0,009903193
0,1091305
0,5191711
0,5015733
0,1091305
0,5191711
0,5015733
0,1002933
0,6140693
0,4398762
0,1581305
1,087922
0,677343
0,1581305
1,087922
0,677343
0,1735341
1,546193
0,7577491
0,5316097
1,079386
0,1337702
0,1133204
0,3645893
0,1567044
0,08716708
0,1792678
0,03090203
-0,0116376
0,06072354
-0,06121793
-0,04610634
0,06706136
-0,02872099
-0,02417782
0,1691916
-0,01495904
-0,008056657
0,1613801
0,008164439
0,1252362
0,3292976
0,1160525
0,1491548
0,2751248
0,09547438
0,09674842
0,1808769
0,100471
0,05985406
0,1251827
0,04674506
0,07006095
0,09991929
0,01703518
0,06083896
0,07438767
-0,0388787
0,04492282
0,1062705
-0,07888933
-0,0277882
0,0553427
-0,07820144
-0,03555521
0,05898392
-0,068417
-0,03170551
0,05760825
-0,07087888
-0,009025005
0,04746926
-0,073402
-0,03722892
0,04056603
-0,08340821
-0,03722892
0,04056603
-0,08340821
-0,1030506
0,1054149
-0,1954712
-0,1193259
0,1503443
-0,2957409
-0,1521313
0,1309632
-0,2846275
-0,1024705
0,05303085
-0,1147977
-0,06060846
0,06746757
-0,05272609
-0,1017418
0,1253734
-0,2262913
0,2206455
-0,003009915
-0,423588
-0,6079712
1,650394
-0,5512092
0,06293114
0,8133029
-0,4698185
-0,9341408
1,612373
0,3401398
-1,240052
3,686487
0,8181463
-1,446595
4,192028
1,174349
-0,9417777
4,629611
2,399998
-1,252651
5,092899
2,782343
-1,57064
5,602806
3,095535
-0,1502729
0,07764311
0,2673827
-0,05213489
-0,1282404
0,1291208
-0,05213489
-0,5206404
0,1291208
-0,05213489
-0,7168404
0,1291208
-0,05213489
-0,9130405
0,1291208
-0,05213489
-1,30544
0,1291208
-0,2100539
-1,115557
0,2727343
-0,2100539
-1,311757
0,2727343
-0,4131163
-0,6005209
-0,05828649
-0,4131163
-0,7967209
-0,05828649
-0,1392465
-0,1573126
-0,3332236
-0,1392465
-0,1573126
-0,3332236
-0,09192153
-0,1268965
-0,3930105
-0,06856003
-0,08441673
-0,4209689
-0,06856003
-0,08441673
-0,4209689
-0,03345368
-0,04134527
-0,4482844
-0,004434226
-0,00778687
-0,4586437
-0,005217385
-0,2001575
-0,4626664
-0,005217385
-0,2001575
-0,4626664
-0,005217385
-0,3963575
-0,4626664
-0,005217385
-0,5925575
-0,4626664
-0,005217385
-0,5925575
-0,4626664
-0,04258049
-0,6093118
-0,5963135
-0,04258049
-0,8055118
-0,5963135
-0,04258049
-0,8055118
-0,5963135
-0,06422429
-0,7836725
-0,6782523
0,171059
-0,002794623
-0,2677841
0,1883652
-0,01534814
-0,2374584
0,1883652
-0,01534814
-0,2374584
0,1930962
-0,07869048
-0,227741
0,1858377
0,02146193
-0,1163238
0,1858377
0,02146193
-0,1163238
0,1902234
0,01060048
-0,07360095
0,1944248
-0,001780003
-0,03001795
0,1944248
-0,001780003
-0,03001795
0,1957084
-0,01661259
0,01330376
0,1918171
-0,02751818
0,05785381
0,1837946
-0,02109855
0,1064132
0,1837946
-0,02109855
0,1064132
0,1746453
-0,0297922
0,1464987
0,1598777
-0,03750025
0,1756246
0,1598777
-0,03750025
0,1756246
0,146192
-0,04292941
0,2056237
0,12959
-0,04327321
0,2317992
0,12959
-0,04327321
0,2317992
0,1081174
-0,03764167
0,2524874
0,08193032
-0,03001645
0,266638
0,08193032
-0,03001645
0,266638
0,05194115
-0,02215312
0,2738142
0,0192753
-0,01519562
0,2739449
-0,01496482
-0,009851635
0,2672856
-0,01496482
-0,009851635
0,2672856
-0,04976131
-0,006422639
0,2543275
-0,08420547
-0,004908234
0,2357029
-0,08420547
-0,004908234
0,2357029
-0,02614132
0,1008798
0,05884022
-0,03915752
0,01037323
0,01324599
-0,03915752
0,01037323
0,01324599
-0,06581386
-0,0732365
-0,03996643
-0,1286492
-0,1178329
-0,08225441
-0,1672846
-0,08872573
-0,1032195
-0,1672846
-0,08872573
-0,1032195
-0,2099115
-0,05110982
-0,09882991
-0,2296836
-0,0438806
-0,1036363
-0,2296836
-0,0438806
-0,1036363
-0,2443431
-0,03267063
-0,1056411
-0,2529851
-0,01894347
-0,1046762
-0,2529851
-0,01894347
-0,1046762
-0,2582835
-0,005866557
-0,1002056
-0,2537464
0,006219193
-0,09538324
-0,2537464
0,006219193
-0,09538324
-0,236237
0,01934591
-0,08859609
-0,2159643
0,02718936
-0,08034168
-0,1922825
0,03373952
-0,07500125
-0,1922825
0,03373952
-0,07500125
-0,1626409
0,03874142
-0,06305051
-0,131049
0,04254512
-0,04811878
-0,131049
0,04254512
-0,04811878
-0,09802634
0,03869779
-0,03211683
-0,06461096
0,02755213
-0,01557409
-0,06461096
0,02755213
-0,01557409
-0,0362204
0,01096879
-0,006120936
-0,004241623
-0,007372573
0,0105331
0,02761514
-0,02490173
0,02689011
0,02761514
-0,02490173
0,02689011
0,05903442
-0,03953455
0,04306208
0,08957987
-0,05070247
0,05837658
0,08957987
-0,05070247
0,05837658
0,1186433
-0,05822454
0,07240885
0,1514975
-0,05911081
0,09148362
0,1514975
-0,05911081
0,09148362
0,1766385
-0,05130309
0,1017818
0,1986435
-0,04470058
0,1148132
0,2127268
-0,03462391
0,1208961
0,2127268
-0,03462391
0,1208961
0,2241244
-0,02477373
0,1228289
0,2285311
-0,0104776
0,1218456
0,2285311
-0,0104776
0,1218456
0,2301515
0,001350537
0,1166377
0,2246902
0,01544841
0,1085125
0,2246902
0,01544841
0,1085125
0,2170456
0,02492127
0,09673656
0,2032082
0,03464468
0,0826669
0,2032082
0,03464468
0,0826669
0,1879268
0,03872052
0,0660065
0,1676893
0,04164098
0,04814222
0,146111
0,03903373
0,02895402
0,146111
0,03903373
0,02895402
0,1214938
0,03500515
0,009545337
0,09564923
0,02737521
-0,009935645
0,09564923
0,02737521
-0,009935645
0,06869476
0,01762351
-0,02875582
0,04159952
0,006829634
-0,04723508
0,04159952
0,006829634
-0,04723508
-0,005160629
-0,001339678
0,001771188
-0,02115225
-0,006819878
0,00177668
-0,02115225
-0,006819878
0,00177668
-0,007896564
-0,04973262
-0,1398472
-0,005175612
0,008856405
-0,2198132
-0,002498146
0,06050067
-0,2790644
-0,002498146
0,06050067
-0,2790644
0,009538688
0,1306579
-0,3065002
-0,001188814
0,03214518
-0,1793235
-0,001188814
0,03214518
-0,1793235
-0,003939477
-0,05705452
-0,125672
-0,003840946
-0,04539401
-0,1177415
-0,003840946
-0,04539401
-0,1177415
0,00213927
0,02461037
-0,147842
0,01309518
0,1084085
-0,171621
0,01403055
0,1014804
-0,1176046
0,01403055
0,1014804
-0,1176046
0,02052722
0,166222
-0,1480684
0,0370857
0,2942849
-0,1839368
0,0370857
0,2942849
-0,1839368
0,05816038
0,4176889
-0,08885653
0,05732162
0,3845707
-0,02957356
0,05732162
0,3845707
-0,02957356
0,1034636
0,670904
0,1321134
0,08145299
0,5187504
0,1497362
0,08145299
0,5187504
0,1497362
0,06425609
0,4095981
0,1921002
0,04761441
0,2702662
0,2101442
0,03219936
0,1410809
0,2598682
0,03219936
0,1410809
0,2598682
-0,01389713
-0,2371181
0,400014
-0,01981615
-0,2926631
0,4290417
-0,01981615
-0,2926631
0,4290417
-0,01356695
-0,2584995
0,5787985
-0,01437551
-0,2220237
0,4373503
-0,01437551
-0,2220237
0,4373503
-0,02184554
-0,2340834
0,5433027
-0,003657218
-0,1014434
0,5296111
-0,0008991273
-0,05700291
0,4588879
-0,0008991273
-0,05700291
0,4588879
-0,001233537
0,01186098
0,232028
0,002440197
0,05347872
0,1809947
0,002440197
0,05347872
0,1809947
0,02070606
0,2261944
0,08267237
0,02512298
0,2768523
0,0417399
0,02512298
0,2768523
0,0417399
0,02936802
0,3737929
0,02297626
0,02932733
0,3857901
0,03214486
0,02698308
0,3898773
0,06300475
0,02698308
0,3898773
0,06300475
0,0171381
0,4089482
0,1225917
0,006221223
0,2952294
0,07172002
0,006221223
0,2952294
0,07172002
-0,01061862
0,2493187
-0,0145943
-0,01853814
0,2101352
-0,08340276
-0,01853814
0,2101352
-0,08340276
-0,04550108
0,1946647
-0,4271204
-0,07307059
0,03354433
-0,5059786
-0,09805524
-0,1390973
-0,504001
-0,09805524
-0,1390973
-0,504001
-0,157961
-0,3105245
-0,1083528
-0,09146793
-0,09106334
0,4928803
-0,0908379
-0,01030992
0,5205031
-0,05799414
0,1618284
0,2334119
-0,05799414
0,1618284
0,2334119
-0,04644266
0,5630268
-0,0493535
-0,02853375
0,439992
-0,07021188
-0,02853375
0,439992
-0,07021188
-0,02067011
0,6245565
0,1385306
-0,005340443
0,2850748
0,01002442
-0,005340443
0,2850748
0,01002442
-0,02779067
0,5775295
-0,005221295
-0,01554707
0,3825556
0,1383063
-0,02016105
0,3813783
0,2334015
-0,01863673
0,2182713
0,1241451
-0,02367145
0,2051939
0,02583839
-0,01706737
0,1901771
-0,02187131
-0,02016905
0,2902737
0,02598478
-0,009499568
0,1771011
0,07811674
-0,01865931
0,1995123
0,04822883
-0,02343178
0,1640561
0,007251335
-0,0233543
0,1741129
-0,05085681
-0,002824636
0,2277213
-0,108815
-0,02443714
0,30667
-0,1158349
-0,03601583
0,3372254
-0,1863223
-0,02778303
0,2822261
-0,2414138
-0,03725586
0,3273525
-0,2750292
-0,01917333
0,1808035
-0,1824718
-0,02962455
0,2732125
-0,3162574
-0,0251896
0,2357916
-0,2630356
-0,03646856
-0,001104683
-0,01350839
-0,027562
0,005625665
-0,002934158
-0,005572085
-0,000434339
-0,002666697
-0,01111264
0,01682609
0,01748626
-0,01541695
0,02250469
0,02376337
-0,0108032
0,01169145
0,01181282
-0,04595309
0,02502015
0,01798904
-0,0213846
0,01764899
0,01762819
-0,01066156
0,6873077
-0,3145695
-0,07576646
0,07486641
0,09248325
-0,0233928
0,6122745
-0,1882408
-0,01155068
0,5865205
-0,2221404
-0,01621077
0,0676631
0,06791203
-0,009224406
0,3954361
-0,1165774
-0,005753182
0,481042
-0,07555116
0,003581875
0,3657424
0,02664761
0,01186206
0,5423846
0,1418269
0,03048794
0,2734674
0,283121
0,05028198
0,0767644
0,4095824
0,05272759
0,168542
0,3962482
-0,0009179053
0,3084427
-0,04703759
-0,05449125
0,5711581
-0,3497123
-0,04424657
0,4201514
-0,2287914
-0,0612526
0,5805114
-0,07267741
-0,01112121
0,3877743
0,3971565
0,01434723
0,0254767
0,2430754
0,05427073
-0,2448548
0,5257791
0,04280817
-0,2156804
0,4106397
0,05640068
-0,2949369
0,8854165
0,09253186
-0,6892761
1,164151
-0,07430404
-0,1358848
-0,07492876
-0,1289986
-0,1902709
-0,1920105
-0,06457651
-0,03227705
-0,02677745
0,005186409
-0,025895
-0,03683847
0,003481247
-0,01121891
-0,02186942
0,01244084
-0,003587693
-0,00160569
0,07517257
-0,03312352
-0,08930144
0,09636595
-0,01264891
-0,1460918
0,06738354
0,1432142
0,1009485
0,04239888
0,2025574
0,1922063
0,01755664
0,1849645
0,1325975
0,01873742
0,3193923
0,2342111
0,01038903
0,2399311
0,181569
0,00695837
0,4078788
0,2802995
-0,01494545
0,6094324
0,3638872
-0,0262419
0,5665331
0,3505185
-0,05606037
0,7121025
0,5184891
-0,1132426
1,042442
0,6470476
-0,03450862
0,2994048
0,2302862
-0,01829085
0,07066133
0,478985
-0,006275498
0,01389282
0,3491566
0,006240896
-0,09308169
0,3067206
0,0194206
-0,1707712
0,288547
0,02167152
-0,1714627
0,2011405
0,04238756
-0,3274535
0,2665116
0,03375494
-0,2454465
0,1301057
0,04974403
-0,336654
0,1073572
0,06515537
-0,4041419
0,08975311
0,03758165
-0,1534159
0,06702081
0,02616073
0,01759889
0,002061573
0,02802463
0,1375367
0,03355396
0,003454915
0,1558366
0,07825568
0,01434817
0,0553651
0,1475966
0,0296059
-0,1405979
0,1052455
0,04491598
-0,3495574
0,1461948
0,0004371787
-0,2310699
0,4197989
-0,0265712
-0,001888017
0,3158885
-0,04939403
0,1131317
0,3177279
-0,01880606
-0,0111817
0,1832441
0,01429174
-0,2257881
0,1169457
0,03060638
-0,2895805
0,03152027
0,04722426
-0,4049962
-0,01101642
0,05401884
-0,4846785
-0,03401096
0,04667054
-0,4216767
-0,03574411
0,04948329
-0,4553131
-0,06035984
0,07919014
-0,7494509
-0,1303924
0,06285455
-0,6363579
-0,1297453
0,06193765
-0,7902721
-0,1612944
0,06126828
-0,8997109
-0,2001882
0,04162485
-0,9566475
-0,1693496
0,04238869
-1,116082
-0,2728677
0,01936072
-0,6406286
-0,1848096
0,008314773
-0,4751151
-0,1695122
0,005320538
-0,540373
-0,1913868
-0,07088985
-0,2003685
-0,07415921
-0,05868848
-0,08443522
0,03923902
-0,002553221
-0,3846712
-0,007726833
0,017129
-0,5039847
-0,1551425
-0,1277055
-0,1978601
-0,0001482069
0,01297793
-0,4138417
-0,0902562
-0,007068004
-0,4328821
-0,03109468
0,003354869
-0,4045181
-0,05184839
-0,01335909
-0,4209072
0,05138364
-0,002586511
-0,4642546
0,06872957
-0,001817282
-0,4524457
0,1013024
-0,006125104
-0,4842819
0,1630478
-0,006125104
-0,4842819
0,1630478
-0,02129101
-0,5997903
0,206679
-0,03090571
-0,6444045
0,2588323
-0,03701462
-0,6652115
0,2869087
-0,05144088
-0,747308
0,3063825
-0,05866657
-0,7620868
0,3020947
-0,05866657
-0,7620868
0,3020947
-0,1291201
-1,300751
0,5271424
-0,1207071
-1,126595
0,4714663
-0,1207071
-1,126595
0,4714663
0,02940743
0,02233869
0,2430785
-0,04811343
-0,362697
0,5330131
-0,04811343
-0,362697
0,5330131
-0,03629556
-0,1149824
0,4241715
-0,01778531
-0,1061272
0,3728978
-0,03169257
-0,1402085
0,4330992
-0,03169257
-0,1402085
0,4330992
-0,0769832
-0,1587149
0,663273
-0,06463399
-0,08552152
0,6291896
-0,06463399
-0,08552152
0,6291896
-0,06601648
-0,07390549
0,5951144
-0,08352668
-0,08624136
0,5850824
-0,08352668
-0,08624136
0,5850824
-0,09975985
-0,05720907
0,6495703
-0,1045346
-0,05526503
0,6487131
-0,1045346
-0,05526503
0,6487131
-0,07198388
0,04835802
0,659394
-0,1449351
0,1266255
0,9366136
-0,1144947
0,1374021
0,8566328
-0,1144947
0,1374021
0,8566328
-0,1018938
0,08028574
0,5661557
-0,1015576
0,1034438
0,4987567
-0,1015576
0,1034438
0,4987567
-0,06775082
0,07921408
0,3761521
-0,09018753
0,1424407
0,5069451
-0,09018753
0,1424407
0,5069451
-0,126886
0,2798519
0,7096835
-0,09593529
0,1840117
0,4889804
-0,1007374
0,186491
0,493216
-0,1007374
0,186491
0,493216
-0,1063784
0,2870583
0,5428614
-0,03135284
0,0812826
0,2811538
-0,03135284
0,0812826
0,2811538
0,03191838
0,3158677
0,4347133
-0,08246768
0,4013484
0,415937
-0,08246768
0,4013484
0,415937
-0,07831088
0,5208114
0,4522142
-0,06762759
0,4822186
0,400968
-0,06762759
0,4822186
0,400968
-0,1509739
1,009828
0,8228603
-0,08644117
0,4746559
0,5742748
0,465273
0,2863252
-0,1407681
0,465273
0,2863252
-0,1407681
-0,06278214
0,2586598
0,4573374
0,0002604723
0,1204781
0,2426916
0,0002604723
0,1204781
0,2426916
-0,04129744
0,1773089
0,2991095
-0,07021162
0,2026408
0,2757289
-0,07913934
0,2585028
0,3050536
0,6999473
0,5104266
-0,1794205
0,6999473
0,5104266
-0,1794205
0,5974352
1,042323
-0,1625881
0,4817827
1,048404
-0,1825991
0,4127472
0,2518821
-0,3515508
0,1238572
1,114466
-0,1740622
0,1238572
1,114466
-0,1740622
0,4515595
0,4852516
-0,5457868
0,1897223
0,5834136
-0,1465712
0,4619378
0,6641399
-0,674569
0,1572336
0,7092881
-0,1438276
0,1260135
0,7299634
-0,1930414
0,2228858
0,7041968
-1,312493
0,0162391
0,6859955
-0,3777921
-0,1165936
0,7912879
-1,240832
0,3462847
0,3558837
-0,8165854
0,174173
0,8468995
-1,407419
0,1848662
0,904433
-1,552623
0,1957819
0,9712891
-1,76959
0,2357576
0,8987187
-2,078958
-0,107307
0,7529616
-2,2194
0,4031601
0,295851
-2,756295
0,5185528
-0,1504079
-3,126788
0,6962475
-0,8276862
-3,806727
0,7735765
-1,012197
-4,321347
0,8041071
-0,8013489
-4,209878
0,9216254
-0,8323901
-4,016429
0,9010843
-0,7614315
-4,091645
0,7494588
-0,4908016
-4,110651
0,6795915
-0,5219631
-3,929756
0,6343707
-0,6638008
-3,671057
0,5183154
-0,8855387
-3,240454
0,4374064
-0,9335231
-2,744909
0,463873
-0,9730926
-2,422167
0,3817962
-0,9437159
-1,91296
0,2650844
-0,9663933
-1,439956
0,357447
-0,9754485
-1,189823
0,1048369
-1,180155
-1,007951
-0,03499023
-0,6350082
-0,2609733
0,006547505
-0,3736191
-0,02518121
0,009664745
-0,2373347
-0,0250474
0,002615722
-0,5253882
0,03891004
0,00585965
-0,7033702
0,07496829
0,0414798
-0,7267144
-0,08267191
0,0414798
-0,7267144
-0,08267191
-0,09169139
-0,1721447
-0,3995006
-0,09169139
-0,1721447
-0,3995006
0,02799964
-0,3738387
0,06721432
0,04711439
0,008927435
0,001286238
0,1211405
0,07684521
-0,2395424
0,1609696
-0,06895531
-0,4203144
0,1536085
0,06530598
-0,3551297
0,1536085
0,06530598
-0,3551297
0,197282
0,460462
-0,5715876
0,1904782
0,6893125
-0,5792145
0,1806546
1,17326
-0,6604851
-0,4193314
1,269085
0,09899354
-0,08231149
0,7139155
0,2307036
0,06255682
0,1750916
0,1245671
0,03389898
0,08352423
0,08671412
-0,01602965
0,5221753
0,04445535
-0,04796154
0,5834318
0,1248366
-0,152242
1,319198
0,4063718
-0,1516031
1,119279
0,0811969
0,1823422
-0,3962362
-0,6780555
-0,04490212
0,1645288
-0,06777465
0,01820851
-0,04985529
-0,01284757
0,003212646
-0,009625196
-0,000674352
-0,002934769
0,01134068
-0,010717
0,1764502
0,03770155
-0,5157931
-0,002391387
0,145001
-0,1663422
-0,008338145
0,4181033
-0,1225902
-0,02953413
0,4181243
-0,299759
0,02932254
0,1369791
-0,2817246
0,231061
0,04095894
-1,144435
0,1160198
0,4694972
-1,055837
0,1431918
0,44822
-0,7729177
0,08867378
0,7621211
-0,864353
0,02793421
0,2193974
-0,1872991
0,01131884
0,2483862
-0,1536278
0,007038562
0,06680885
0,03250387
-0,0007033497
0,03779927
0,0007090271
-0,01280537
0,2020274
0,005002253
-0,01823001
0,1415232
0,01508784
-0,07901359
0,5176604
0,06526911
-0,05165747
0,4706237
0,1147915
-0,01669005
0,2882698
0,1167325
0,06699076
0,0924764
0,4541371
0,07113501
-0,05700874
0,5004734
0,3847569
-1,089255
0,8860055
-0,03388745
-0,04006401
1,260812
-0,1699759
-0,2583006
1,400898
0,7362876
-2,763666
1,397867
-0,1408827
-1,101373
1,741962
-0,06391042
-0,603897
0,7802981
-1,160303
-2,05345
3,684652
0,2589076
-0,8064868
1,484597
0,464828
-0,1578834
0,7302718
0,4251596
-0,6369591
1,059421
0,3865772
-0,8191496
1,002638
0,5736139
-0,8791585
0,8644142
0,5899035
-0,9759425
0,8239035
0,9599926
-0,5802008
0,6537745
0,4859422
-0,7979516
1,017261
0,5341166
-0,6618656
1,173223
0,590344
-0,710064
1,316554
0,5859547
-0,68496
1,313884
0,5459625
-0,3258037
1,330175
0,5187098
0,1657001
1,414151
0,4492133
0,4869772
1,343535
0,3695186
0,7434466
1,223808
-0,1820232
0,8592468
0,6235385
-0,2102171
1,038306
0,7916913
0,0691421
0,2841313
0,3956547
0,0321774
0,08247218
0,06844972
-0,007686406
0,0427053
0,05467156
-0,0249646
-0,01751679
0,1377201
-0,04457635
0,3206413
0,6592711
-0,07747206
0,000534296
0,2495351
0,001094609
0,04240233
0,2244002
-0,007962644
0,2138526
0,5438638
-0,05558848
-0,06008822
0,5197504
0,3224089
-0,3687745
0,9367117
0,2886714
-0,5484448
1,151389
0,2205841
-0,2246149
1,558958
0,4640648
-0,5262993
1,674817
0,6873375
-0,7846817
1,61045
0,3007371
-1,377714
1,411436
0,2809375
-1,562295
1,421519
0,2741013
-1,698336
1,498792
0,2542833
-1,784932
1,508332
0,2273098
-1,821614
1,496354
0,9632747
-1,532547
1,595257
1,028426
-1,696004
1,591787
1,061336
-1,777234
1,565125
1,086583
-1,851259
1,531443
1,130298
-1,978092
1,478999
1,134283
-2,019536
1,370484
1,118068
-2,000617
1,339113
1,111131
-1,975022
1,403911
1,100876
-1,927409
1,383179
1,056064
-1,74248
1,509355
1,052502
-1,623004
1,715103
1,156359
-1,672493
2,023372
0,5100265
-2,132324
2,241333
0,1198289
-0,3523611
0,103445
0,1198289
-0,5485612
0,103445
0,1198289
-0,9409612
0,103445
0,1198289
-1,137161
0,103445
0,3455099
-0,3719874
0,5831541
0,1821938
-0,1738974
0,379861
0,2205017
-0,1308226
0,3991765
0,2774871
-0,04604845
0,3960872
0,2932663
0,02784359
0,3752748
0,2991423
0,06981049
0,3423105
0,2838145
0,1250387
0,2473422
0,2690541
0,1356602
0,1961073
0,2251877
0,1222647
0,09164244
0,197621
0,101161
0,04099976
0,164593
0,08157414
-0,01121585
0,108795
0,005984187
-0,09502169
0,07965828
-0,03262541
-0,1334158
0,01549611
-0,1013068
-0,2042529
-0,02116067
-0,1276904
-0,2370673
-0,06037278
-0,1459958
-0,2669492
-0,1535511
-0,1398183
-0,315179
-0,1963536
-0,124919
-0,327663
-0,26964
-0,07347095
-0,3244531
-0,2783685
-0,01127633
-0,2585912
-0,3149907
0,03919177
-0,1990536
-0,3261306
0,05607182
-0,07800201
-0,3219093
0,04857394
-0,02257038
-0,3135605
0,04022907
0,03108053
-0,2606431
0,01743723
0,1385298
-0,2427847
0,01462245
0,1868345
0,002853399
-0,005401941
-0,0001639603
-0,01182084
-0,003567515
0,03484154
-0,02695643
0,03506597
0,06419224
-0,01336997
0,01909608
0,03269808
0,007520353
-0,02631621
-0,009024108
0,01263048
-0,02617611
-0,002492348
-0,01121905
-0,008369282
0,02543586
0,009973709
-0,01603788
0,01684659
0,05251724
-0,04460089
0,06458016
0,08639018
-0,05506262
0,08487713
0,1422512
-0,07026102
0,1098383
0,1685001
-0,07223853
0,1201134
-0,01691323
0,01280513
-0,01086082
-0,0102752
0,001800723
0,01076351
-0,02570621
0,004903927
0,02130917
0,004053421
-0,0009331554
-0,002149501
0,001872179
-0,0006554574
0,0009859935
-0,004229892
-0,000384815
0,01433705
-0,00136253
-0,0009833053
0,006227711
0,0001633605
-0,003512859
0,01228706
-0,003036951
-0,008482493
0,02770168
-0,01088579
-0,02547294
0,05493026
-0,01743726
-0,009253725
0,06239118
-0,03211334
0,02477364
0,0956858
-0,01731558
0,07465196
0,0518355
-0,001437238
0,07043728
0,006127834
-0,01419876
0,168734
0,02538808
-0,04090498
0,2377688
0,07467858
-0,05989737
0,2527875
0,1111732
-0,1223202
0,4902958
0,2028854
-0,1617274
0,5003353
0,2824898
-0,04319203
0,1930097
0,1493679
-0,03510902
0,1231866
0,07405929
-0,003564514
0,06336349
-0,004465476
-0,05818151
0,1233332
0,1202118
-0,01584752
-0,008664049
0,2581431
-0,03030056
-0,03832562
0,09721477
-0,04812685
-0,02977675
0,03546412
-0,1670983
-0,2846968
0,2828508
-0,09973788
-0,06355363
0,09541011
-0,08025901
-0,3751749
0,2083026
-0,04681859
-0,2273679
0,1586972
-0,0094142
-0,1151613
0,04590501
-0,03385183
-0,06345726
0,03014389
-0,00894734
-0,2900723
0,1317299
0,009921333
-0,146556
0,01807991
0,001719342
-0,2662813
0,1006826
-0,001688848
-0,2489264
0,1086704
0,001399281
-0,2627041
0,1095403
-0,002110864
-0,2881873
0,1318832
-0,001243689
-0,2885931
0,1293263
0,008535518
-0,3259418
0,1270118
0,01814516
-0,3096095
0,1179921
0,0264119
-0,298043
0,1033375
0,04019525
-0,3964727
0,1269167
0,0663148
-0,5450314
0,1605819
0,06078652
-0,4450712
0,1271846
0,1278003
-0,7481742
0,2242428
0,1099434
-0,7223678
0,3377756
0,05501242
-0,4137292
0,2351652
0,03204588
-0,2942065
0,1858424
0,03591015
-0,4374104
0,3351431
0,04756452
-0,382609
0,2749242
0,04410487
-0,3017575
0,2519494
0,02966141
-0,2597007
0,3220907
0,03681232
-0,2155646
0,3085036
0,03681232
-0,2155646
0,3085036
0,03397763
-0,1197623
0,1997702
0,04917962
-0,08684015
0,162682
0,05847432
-0,02738667
0,1396164
0,0723087
0,03746739
0,1632479
0,02374662
0,02672695
0,0853019
0,02374662
0,02672695
0,0853019
0,02220616
-0,006064094
0,1591676
0,03820916
-0,0501364
0,3047107
0,03820916
-0,0501364
0,3047107
0,04303153
-0,02565517
0,3000009
0,01979273
-0,001565077
0,1450258
0,01979273
-0,001565077
0,1450258
0,02518343
0,03022147
0,2649375
0,02098924
0,01433386
0,259407
0,02282965
0,02153364
0,4206381
0,02282965
0,02153364
0,4206381
-0,03517163
0,1554749
0,5967572
closestDistance
0,1513999
0,1455853
0,1429199
0,1402777
0,1361409
0,1314038
0,1264917
0,1194588
0,1206476
0,1044299
0,09281327
0,08345999
0,09921431
0,09175193
0,09319865
0,09149671
0,07695279
0,06354675
0,04987774
0,04892776
0,05167087
0,04461481
0,02950696
0,03343481
0,03179453
0,02939793
0,03810822
0,05047803
0,04237152
0,04055199
0,04133405
0,04530668
0,04718786
0,05469232
0,05038764
0,04740567
0,0435964
0,03837406
0,0436231
0,04948278
0,05005571
0,0478798
0,04663794
0,04466492
0,04256862
0,04105808
0,03620451
0,04122788
0,0380525
0,08700078
0,09207749
0,07627296
0,09421363
0,09145517
0,0871034
0,09517048
0,09702577
0,09550206
0,09557249
0,09561171
0,09565099
0,09571561
0,09429431
0,1018791
0,0942844
0,0952917
0,08605569
0,08804049
0,08986311
0,09057296
0,07847118
0,07362607
0,08045423
0,0809956
0,08136626
0,08533793
0,09179271
0,08899609
0,08024786
0,07462171
0,07142669
0,05866013
0,03769717
0,1379139
0,1454029
0,07738105
0,08062381
0,08565152
0,09751161
0,09120647
0,09092788
0,09050842
0,08445378
0,09128685
0,09274828
0,08668248
0,0855056
0,07838603
0,1153903
0,1205607
0,1148932
0,1064344
0,1063575
0,1062854
0,1059953
0,1062366
0,1061688
0,114082
0,1064888
0,1059731
0,113387
0,1131936
0,1130756
0,1131985
0,1132587
0,1133463
0,1143555
0,1088809
0,1188953
0,120587
0,1232952
0,1082858
0,1076357
0,08830815
0,1071198
0,1064991
0,134164
0,1368783
0,09661019
0,09516059
0,1154678
0,1240448
0,09461339
0,08972758
0,09521941
0,09503669
0,08935396
0,08592576
0,1129791
0,1161366
0,1206266
0,1158708
0,1062506
0,1065326
0,1333706
0,1165399
0,1110838
0,1240737
0,1019229
0,1087549
0,1048246
0,1063445
0,1082801
0,111595
0,101614
0,1003897
0,1172541
0,1086096
0,1177648
0,09774695
0,1121023
0,1208289
0,1125829
0,108093
0,1102412
0,128393
0,08879086
0,09263767
0,08752504
0,09413906
0,1048966
0,09954865
0,0932236
0,113142
0,09603392
0,0970515
0,0970515
0,0970515
0,0970515
0,0970515
0,0970515
0,0970515
0,0970515
0,0970515
0,0970515
0,0970515
0,0970515
0,0970515
0,0970515
0,0970515
0,0970515
0,0970515
0,0970515
0,0970515
0,0970515
0,0970515
0,09705154
0,0970515
0,09705153
0,0970515
0,0970515
0,0970515
0,09705153
0,0970515
0,0970515
0,0970515
0,0970515
0,0970515
0,0970515
0,0970515
0,0970515
0,0970515
0,0970515
0,0970515
0,09707196
0,0973019
0,09783071
0,09945336
0,09328293
0,08050186
0,08092054
0,1130606
0,1058755
0,1072412
0,107374
0,1074119
0,1074119
0,1074119
0,1074119
0,1074119
0,1074119
0,1074119
0,1074119
0,1074119
0,1074119
0,1074119
0,1074119
0,1074119
0,1074119
0,1074783
0,1084849
0,1086682
0,108678
0,1093305
0,1106207
0,1046427
0,1049647
0,1070659
0,1013008
0,09874393
0,0989565
0,09945638
0,1002356
0,1014665
0,1025745
0,1036963
0,09543272
0,0957084
0,09577429
0,09903602
0,09890816
0,0988859
0,09897154
0,1096491
0,1095887
0,1093607
0,1088506
0,1081781
0,1075079
0,1068102
0,1052301
0,103615
0,1020399
0,1004776
0,09339217
0,09334058
0,1014639
0,1000965
0,09863206
0,09842415
0,09826776
0,09820203
0,09825027
0,09847006
0,09886535
0,09948649
0,1003131
0,1013415
0,1023254
0,1025472
0,1024858
0,1023186
0,1020453
0,101733
0,101446
0,1011678
0,105125
0,1047119
0,1041448
0,1006067
0,1006158
0,1007569
0,1010954
0,1014022
0,1016144
0,1016882
0,1016821
0,1016776
0,1016771
0,1016642
0,1016277
0,1015596
0,1014198
0,1012253
0,1009715
0,1006661
0,1006375
0,1006934
0,1007949
0,1008954
0,1008359
0,1007223
0,1007795
0,1009284
0,1010652
0,1010472
0,1010654
0,1010814
0,1010918
0,1011523
0,1012108
0,1012807
0,1013243
0,1013583
0,1014105
0,1014483
0,108748
0,1106167
0,1123887
0,1124199
0,1122631
0,112105
0,1118996
0,1116641
0,111365
0,1107381
0,1101441
0,1095457
0,1089044
0,1085077
0,1082255
0,1080372
0,107988
0,1081922
0,1085446
0,1083896
0,1083868
0,1084486
0,108417
0,1083509
0,1082711
0,1081737
0,1080301
0,1078937
0,1077654
0,1077253
0,1077103
0,1077181
0,1077619
0,1077515
0,1077141
0,1076685
0,1074403
0,1072072
0,1070087
0,1065897
0,1060626
0,1054012
0,1044692
0,09999365
0,09925929
0,0986195
0,09784355
0,0969452
0,09588987
0,09448836
0,09368373
0,09194603
0,08921213
0,08751047
0,08645903
0,08490065
0,0820251
0,1047862
0,1045542
0,1120924
0,1178286
0,1098743
0,1106447
0,1117649
0,1130924
0,1142297
0,1155403
0,1075342
0,1095245
0,1116457
0,1139917
0,1169619
0,1150881
0,1209969
0,1161635
0,1067179
0,1059191
0,1165538
0,1138038
0,1110133
0,1099455
0,1100007
0,1329524
0,130465
0,1286464
0,09523882
0,1191559
0,1117805
0,1124057
0,09412529
0,09181903
0,1191175
0,1132318
0,1136177
0,1152728
0,1168475
0,1177334
0,09800961
0,09674502
0,1023659
0,1011172
0,09798012
0,09654109
0,1151621
0,114131
0,1042805
0,103751
0,0961801
0,09767109
0,09520667
0,09957965
0,08740497
0,08826856
0,09646931
0,09646931
0,09646931
0,09646931
0,09646931
0,09758171
0,1018159
0,1107362
0,1132464
0,1141735
0,08061044
0,1283121
0,1120256
0,1136808
0,1057018
0,1017647
0,1035395
0,09660642
0,09768226
0,09870332
0,09951337
0,1003359
0,1016516
0,09660336
0,1016187
0,1002975
0,09901097
0,09904621
0,09827109
0,1019842
0,1024113
0,09605689
0,092271
0,08739188
0,08634655
0,08455311
0,08314133
0,08215788
0,08133426
0,0929289
0,09373806
0,09451899
0,09528108
0,09564295
0,09597308
0,0962703
0,09647875
0,09676076
0,08859026
0,08899815
0,08930356
0,09034652
0,09026311
0,09005429
0,08982943
0,08958043
0,08924504
0,105105
0,1067184
0,108151
0,1069414
0,1056381
0,1013129
0,1023208
0,1033687
0,1043311
0,1048069
0,104746
0,1043695
0,1041131
0,1038517
0,103606
0,1033391
0,1030104
0,1027183
0,1024732
0,1021909
0,1018973
0,1016053
0,1013105
0,1010717
0,1008671
0,1005909
0,1002379
0,09987909
0,09953843
0,09926474
0,09907416
0,09898227
0,09897584
0,09903926
0,09914084
0,09926535
0,09939393
0,09955196
0,09972934
0,09980851
0,09988344
0,09997666
0,09997296
0,09999152
0,1000316
0,1000354
0,1000505
0,100088
0,1001012
0,1001196
0,09412695
0,0943686
0,09457819
0,09477288
0,09495538
0,09509836
0,09522792
0,09533352
0,09539989
0,09544063
0,09546238
0,0954634
0,09543813
0,09540701
0,09537797
0,09502833
0,09418725
0,09291533
0,08634929
0,09429173
0,09844226
0,09606939
0,09474288
0,0794126
0,07945621
0,09901258
0,09682913
0,0943741
0,09247947
0,06683831
0,08726219
0,08387731
0,08082698
0,08466846
0,08396826
0,07616745
0,0800256
0,084267
0,08546638
0,05613446
0,05699706
0,07579144
0,07224829
0,08514626
0,06247622
0,05842201
0,08315062
0,08494665
0,08393483
0,08195677
0,1014778
0,0982681
0,1020129
0,09834258
0,1001829
0,1006335
0,1006646
0,1004879
0,07975135
0,09271658
0,08020873
0,07787445
0,07527147
0,0785612
0,07667835
0,08216496
0,07934088
0,07667373
0,07939842
0,0758409
0,0660078
0,05412954
0,05214979
0,07494573
0,07827269
0,07882197
0,05287683
0,05972832
0,05453287
0,05101653
0,06693748
0,05533455
0,06723126
0,06124358
0,06511667
0,06948625
0,09522238
0,08655256
0,0824312
0,09315986
0,08991133
0,09449999
0,09258245
0,08876287
0,085634
0,09336568
0,08853505
0,09290978
0,08947276
0,08734883
0,07818541
0,08068387
0,08803259
0,1020195
0,1020399
0,1020853
0,1021852
0,1023128
0,1024705
0,1028656
0,1114228
0,1170097
0,07207634
0,1279852
0,1196134
0,1116617
0,1245727
0,1257073
0,1243156
0,123932
0,1281496
0,05517446
0,04893166
0,06820343
0,06988082
0,05806527
0,05830201
0,05163713
0,04949336
0,02360895
0,0870411
0,1052978
0,1018623
0,09359816
0,09481794
0,09096066
0,09137964
0,09154697
0,09149156
0,09148928
0,09039817
0,09509083
0,0891702
0,09173115
0,085773
0,07145425
0,0696974
0,04999382
0,03439435
0,07102112
0,1049092
0,09307466
0,08987653
0,08935023
0,0940375
0,09777086
0,0911092
0,09215461
0,09074729
0,0892787
0,09105515
0,08797816
0,0987814
0,08339927
0,08627851
0,07248483
0,07716968
0,07268584
0,09440627
0,09468708
0,09726983
0,08923943
0,0922493
0,08222458
0,07991293
0,08373833
0,08151834
0,07366854
0,06960165
0,07398343
0,06165236
0,1305179
0,1301904
0,1234412
0,1201535
0,1284191
0,1144422
0,1174828
0,1125221
0,1231803
0,11602
0,1146927
0,1207922
0,1214238
0,122044
0,1183001
0,1191385
0,1124645
0,118867
0,1167062
0,1151149
0,1230058
0,1232091
0,1246334
0,1256172
0,1318912
0,1284171
0,1136427
0,1076977
0,1028294
0,1092257
0,1056405
0,1076055
0,1094336
0,09899502
0,1026697
0,1030168
0,09707358
0,09754845
0,095617
0,09576575
0,09373141
0,0956315
0,09399948
0,09056731
0,08836427
0,09665179
0,09451453
0,1018171
0,09951342
0,09815999
0,09641658
0,09511442
0,1036761
0,09964108
0,09799369
0,1016763
0,100645
0,09674555
0,09504168
0,09993064
0,09743876
0,09502275
0,09794367
0,09340406
0,08547229
0,08678278
0,07901181
0,09401909
0,132969
0,1327507
0,102524
0,1021811
0,1022865
0,1023638
0,1025848
0,1026957
0,09043904
0,1033263
0,1033264
0,1033263
0,1033103
0,09578957
0,08596978
0,09072923
0,100436
0,09160347
0,09730538
0,09129136
0,09293308
0,09802197
0,09362026
0,1029719
0,1029719
0,1029719
0,1029719
0,1029719
0,1029719
0,1029719
0,1029719
0,1029719
0,1029719
0,1029719
0,1029719
0,1029719
0,1029719
0,1029719
0,1029719
0,1029719
0,1029719
0,1029719
0,1029719
0,1029719
0,1029719
0,1029719
0,1027929
0,09934273
0,1004832
0,09488904
0,0958093
0,09934565
0,09070703
0,1059501
0,1015373
0,1093481
0,1093141
0,1063928
0,1017219
0,09945779
0,1052061
0,1019998
0,1133428
0,1161785
0,08462757
0,1119967
0,1056256
0,114367
0,1172728
0,1138994
0,1148277
0,08220806
0,09341897
0,08732072
0,08545268
0,08445604
0,08405074
0,08352593
0,08067156
0,08595959
0,08211181
0,08013044
0,1132925
0,05344686
0,1726162
0,1637489
0,1157675
0,1000136
0,1009263
0,09910528
0,0990624
0,09008504
0,09058051
0,0919885
0,08166546
0,0848209
0,08768927
0,07778431
0,07981212
0,08140989
0,07537453
0,0542248
0,07545794
0,07089521
0,07260788
0,09250802
0,08918955
0,08912034
0,08911918
0,08907986
0,08907973
0,08907973
0,08907972
0,08907974
0,08907973
0,0890797
0,08907973
0,08907973
0,08907973
0,08011071
0,08757716
0,09637715
0,09419672
0,08847964
0,08733601
0,08781643
0,08838715
0,08656786
0,1074623
0,1050247
0,1013344
0,1013344
0,1013344
0,1013344
0,1013344
0,1013344
0,1013344
0,1013344
0,1013344
0,1013344
0,1013344
0,1013344
0,1013344
0,1013344
0,1013344
0,1013344
0,1013344
0,1013344
0,1013344
0,1013344
0,1013344
0,1013344
0,1013344
0,09760892
0,07927196
0,07675757
0,08985676
0,09552751
0,09749384
0,0922916
0,09717241
0,09462336
0,0920316
0,09577684
0,09390783
0,1041138
0,1054219
0,09890179
0,09613602
0,1011238
0,100203
0,09870631
0,09687927
0,09657201
0,09994463
0,09773728
0,1001626
0,1012205
0,08729878
0,08844836
0,08910041
0,08861733
0,08760247
0,08744074
0,0875278
0,08684798
0,1046101
0,104676
0,1056565
0,08719784
0,08705744
0,08650937
0,08526649
0,08342315
0,08125565
0,1026408
0,08042791
0,09487008
0,09481712
0,09478581
0,09479706
0,09481548
0,09487053
0,09510399
0,09607403
0,09690096
0,09737333
0,09870856
0,09708393
0,09277018
0,08873235
0,08391211
0,08886718
0,09112059
0,09857057
0,09762659
0,09625544
0,09719251
0,09558437
0,09062354
0,09211618
0,08951993
0,09349341
0,08663736
0,09853498
0,0948243
0,09635526
0,1008629
0,09741685
0,09928893
0,09536674
0,09630264
0,09871289
0,09896309
0,09286197
0,09463725
0,08620905
0,08104322
0,08573507
0,07574245
0,07545546
0,06958646
0,08584026
0,08175029
0,09388158
0,08811653
0,09662537
0,08523317
0,08406541
0,09553033
0,09434836
0,09310674
0,09092838
0,09515035
0,09285605
0,09607959
0,09484906
0,09910551
0,09687928
0,09457484
0,09272482
0,09163425
0,08953624
0,08003083
0,08532533
0,08258415
0,0792024
timeStamps
5,112004
5,127561
5,141557
5,154978
5,168492
5,181692
5,195489
5,209196
5,2243
5,238995
5,264633
5,292529
5,308587
5,334204
5,349905
5,376293
5,404345
5,432337
5,460399
5,488875
5,515834
5,543465
5,571675
5,599361
5,627387
5,655011
5,682914
5,713461
5,738144
5,765978
5,793883
5,821935
5,850009
5,878001
5,905505
5,933434
5,961442
5,989158
6,017183
6,044823
6,073004
6,100396
6,128198
6,156197
6,184098
6,211861
6,23994
6,267592
6,295702
6,323455
6,351178
6,379012
6,406839
6,434896
6,462538
6,490368
6,518265
6,546027
6,574227
6,601811
6,630071
6,657602
6,685446
6,713256
6,741301
6,76903
6,797019
6,8248
6,852231
6,879981
6,908169
6,936374
6,963864
6,992001
7,019211
7,047523
7,075575
7,103137
7,130924
7,158803
7,186569
7,214424
7,242624
7,270289
7,298416
7,326183
7,353602
7,38124
7,409552
7,437298
7,465574
7,493104
7,52104
7,548431
7,576459
7,605107
7,632389
7,659829
7,688296
7,71572
7,74381
7,771599
7,799309
7,827307
7,855164
7,882795
7,910875
7,938508
7,966671
7,99429
8,022397
8,049963
8,077996
8,106008
8,133536
8,16149
8,18951
8,217299
8,245541
8,273126
8,300894
8,328205
8,356547
8,384157
8,412294
8,440076
8,468353
8,495678
8,524369
8,551398
8,57944
8,60704
8,635032
8,662483
8,69066
8,718505
8,734274
8,760057
8,774993
8,789102
8,803273
8,817256
8,829539
8,842299
8,856396
8,870881
8,884818
8,898723
8,913287
8,926773
8,941033
8,954629
8,969063
8,982637
8,996638
9,010811
9,024575
9,038332
9,052373
9,066303
9,080462
9,094522
9,108176
9,122249
9,135988
9,150187
9,163865
9,177836
9,191647
9,205417
9,219623
9,23361
9,247517
9,261207
9,275294
9,289217
9,303063
9,31706
9,330904
9,344979
9,358789
9,372478
9,386533
9,400624
9,41441
9,428665
9,442371
9,456358
9,470352
9,484458
9,498114
9,512143
9,525838
9,539986
9,553797
9,567621
9,581306
9,595454
9,609624
9,623316
9,637422
9,651505
9,665344
9,678967
9,693107
9,707019
9,721069
9,734636
9,74861
9,762555
9,776396
9,790179
9,804364
9,818217
9,832593
9,846177
9,860202
9,874132
9,888478
9,901758
9,915653
9,929923
9,943632
9,957518
9,971158
9,985435
9,999333
10,0131
10,02698
10,04132
10,05474
10,06899
10,08277
10,09681
10,1103
10,12429
10,13821
10,15251
10,16622
10,18096
10,19431
10,20848
10,22267
10,23613
10,24979
10,26403
10,27827
10,29139
10,30526
10,31937
10,3334
10,34734
10,3615
10,37532
10,38923
10,40336
10,41708
10,43117
10,44493
10,45876
10,47314
10,48651
10,50034
10,51443
10,52828
10,54225
10,55625
10,57048
10,5842
10,59818
10,61215
10,62587
10,63986
10,65382
10,66746
10,68112
10,69526
10,70921
10,72324
10,73731
10,7513
10,76518
10,77897
10,79319
10,80677
10,8208
10,8346
10,84878
10,86239
10,87633
10,89048
10,90403
10,91802
10,93233
10,94621
10,95988
10,97408
10,98774
11,00177
11,01565
11,02967
11,04331
11,0572
11,07129
11,08506
11,09931
11,11327
11,12726
11,14095
11,15524
11,16891
11,18291
11,19698
11,21046
11,2246
11,23792
11,25199
11,26614
11,28011
11,29428
11,30842
11,32207
11,33593
11,3501
11,36363
11,37784
11,3919
11,40537
11,41937
11,43351
11,44703
11,46105
11,47562
11,489
11,50311
11,51669
11,5308
11,54491
11,55849
11,57248
11,58625
11,60023
11,61401
11,62812
11,64205
11,65608
11,67008
11,68402
11,69789
11,71186
11,72574
11,73979
11,75352
11,76773
11,78096
11,79512
11,80898
11,82299
11,83724
11,85096
11,8649
11,87894
11,89295
11,90668
11,92058
11,93451
11,94845
11,96201
11,97599
11,99002
12,00401
12,01819
12,03197
12,04593
12,05989
12,07406
12,08776
12,10159
12,11533
12,12933
12,143
12,15687
12,17081
12,18482
12,19893
12,2129
12,22679
12,24087
12,25466
12,26854
12,2824
12,29639
12,31024
12,32416
12,33767
12,35189
12,36594
12,37976
12,39391
12,40796
12,42169
12,43593
12,44951
12,46393
12,47727
12,49142
12,50481
12,51869
12,53318
12,54677
12,56087
12,57485
12,58885
12,60277
12,61642
12,63082
12,64476
12,65891
12,67271
12,68654
12,70075
12,72791
12,74252
12,7696
12,78487
12,81088
12,82656
12,8527
12,86779
12,89474
12,91051
12,93611
12,95242
12,97786
12,99382
13,01961
13,03479
13,06143
13,07743
13,10328
13,13161
13,1593
13,18649
13,20211
13,22883
13,25702
13,28486
13,31271
13,3404
13,36841
13,39632
13,42408
13,45211
13,48004
13,50821
13,53583
13,56359
13,5912
13,61928
13,64694
13,67475
13,68936
13,70433
13,73002
13,74338
13,75795
13,77177
13,78611
13,79958
13,81421
13,82886
13,84249
13,85594
13,86866
13,88296
13,89701
13,91097
13,92491
13,93884
13,95326
13,9668
13,981
13,99493
14,00874
14,02257
14,03677
14,05032
14,06422
14,07824
14,09233
14,10623
14,12037
14,134
14,14807
14,16191
14,17573
14,18994
14,20382
14,21791
14,23151
14,24509
14,25907
14,27329
14,28732
14,30134
14,31515
14,32925
14,3429
14,35696
14,37083
14,38473
14,39881
14,41236
14,42635
14,44018
14,45417
14,46856
14,48234
14,49641
14,51016
14,52403
14,53784
14,55189
14,56595
14,57952
14,59342
14,60743
14,62103
14,63521
14,64954
14,66303
14,67701
14,69093
14,70494
14,71906
14,73274
14,74693
14,76088
14,7743
14,78837
14,8022
14,8163
14,82981
14,84437
14,8583
14,87215
14,88579
14,90005
14,91371
14,92778
14,94182
14,95572
14,96942
14,98282
14,99689
15,01114
15,02504
15,0391
15,05343
15,06711
15,08069
15,09461
15,10888
15,1227
15,13623
15,15022
15,16393
15,17823
15,19194
15,20636
15,21998
15,23388
15,24804
15,26205
15,27576
15,28955
15,30358
15,31823
15,33283
15,34562
15,35877
15,37262
15,38694
15,40074
15,41489
15,42905
15,44313
15,45646
15,47044
15,48447
15,49855
15,51205
15,52599
15,53995
15,55411
15,56802
15,58213
15,5961
15,60983
15,62405
15,63787
15,65181
15,66551
15,67951
15,69321
15,70724
15,72117
15,73499
15,74968
15,76357
15,77737
15,79109
15,8049
15,81878
15,83283
15,84663
15,86043
15,87441
15,88795
15,90205
15,91583
15,93002
15,94425
15,9581
15,97263
15,98646
16,00047
16,01451
16,02851
16,05491
16,06874
16,08285
16,09693
16,11067
16,12525
16,1397
16,15389
16,18064
16,1956
16,21033
16,2357
16,25027
16,27787
16,29379
16,31929
16,33517
16,36124
16,38901
16,40463
16,43095
16,44711
16,47219
16,50061
16,52848
16,55663
16,58419
16,6124
16,64027
16,66831
16,69598
16,72409
16,75147
16,77925
16,80737
16,83533
16,86318
16,89093
16,91884
16,94679
16,97435
17,00273
17,03024
17,05842
17,08629
17,11339
17,14157
17,16953
17,1975
17,2253
17,25274
17,28182
17,30876
17,33687
17,36451
17,39225
17,42032
17,44792
17,4761
17,50368
17,53172
17,5594
17,58688
17,61513
17,64291
17,67103
17,69869
17,72643
17,7543
17,7824
17,81028
17,83804
17,86602
17,8931
17,92138
17,94927
17,97723
18,00479
18,03271
18,06021
18,08841
18,11639
18,14417
18,17194
18,19984
18,22766
18,25546
18,28335
18,31122
18,33956
18,36673
18,39487
18,42217
18,45007
18,47824
18,50636
18,53393
18,56174
18,58979
18,61701
18,6455
18,67363
18,70116
18,72872
18,75678
18,78429
18,81214
18,84037
18,86838
18,89609
18,9237
18,95167
18,97927
19,00779
19,03481
19,05086
19,07651
19,09238
19,11798
19,13387
19,16003
19,18768
19,20349
19,22966
19,24416
19,25907
19,27302
19,28692
19,31249
19,32652
19,34128
19,35477
19,36869
19,38275
19,3967
19,41028
19,4245
19,43815
19,45215
19,46636
19,48059
19,4947
19,50836
19,5224
19,5365
19,5513
19,56377
19,57791
19,59168
19,60557
19,61929
19,63329
19,64731
19,66141
19,67558
19,68941
19,70331
19,7172
19,731
19,74492
19,75924
19,77291
19,78677
19,8004
19,81444
19,82828
19,84245
19,85663
19,87069
19,88441
19,89832
19,9121
19,92613
19,93998
19,95384
19,96803
19,98184
19,99522
20,00947
20,024
20,03809
20,05258
20,07927
20,09479
20,1209
20,1357
20,15061
20,17586
20,19029
20,20442
20,2193
20,24582
20,26195
20,28756
20,3158
20,34347
20,3715
20,39922
20,42715
20,45494
20,48288
20,51092
20,53842
20,56639
20,59451
20,62235
20,65013
20,67774
20,70558
20,73375
20,76168
20,78934
20,81698
20,84504
20,87275
20,90065
20,92842
20,95623
20,98457
21,0118
21,03985
21,06761
21,0959
21,12337
21,15131
21,17886
21,19438
21,22055
21,23651
21,26188
21,27674
21,29144
21,31758
21,33324
21,34653
21,3611
21,37458
21,38803
21,4028
21,42844
21,44366
21,47051
21,49831
21,51375
21,54038
21,56859
21,59645
21,62449
21,65247
21,67987
21,70744
21,73586
21,76354
21,79181
21,81916
21,84729
21,87481
21,90304
21,93079
21,95866
21,98631
22,01419
22,04215
22,07016
22,09793
22,126
22,1533
22,18133
22,20913
22,23721
22,26458
22,29294
22,32032
22,34853
22,37628
22,40424
22,43221
22,45985
22,48745
22,51543
22,54345
22,57135
22,59906
22,62738
22,65444
22,68227
22,71059
22,73848
22,76605
22,79418
22,82136
22,84947
22,87782
22,90536
22,93358
22,96118
22,98839
23,01684
23,04478
23,07259
23,09998
23,12798
23,15569
23,18385
23,2116
23,23934
23,26721
23,29487
23,32303
23,35128
23,37918
23,40644
23,43453
23,46195
23,49
23,51774
23,54602
23,57346
23,60166
23,62879
23,65713
23,68527
23,71283
23,74093
23,76831
23,79628
23,82413
23,85209
23,87981
23,90754
23,93554
23,96349
23,99148
24,0196
24,04693
24,07471
24,10272
24,13029
24,15832
24,18629
24,21427
24,24173
24,26937
24,29748
24,3252
24,35328
24,38132
24,40913
24,43667
24,46441
24,49243
24,52053
24,54812
24,57606
24,60356
24,63135
24,65965
24,68776
24,7154
24,74286
24,77081
24,79864
24,82642
24,85462
24,88225
24,9101
24,93767
24,96568
24,99328
25,02143
25,04944
25,07708
25,10496
25,13278
25,16055
25,18873
25,21622
25,24404
25,27205
25,29983
25,32747
25,35612
25,3835
25,4115
25,43901
25,46693
25,49457
25,52253
25,55049
25,5783
25,60625
25,63387
25,66176
25,69023
25,71759
25,74552
25,77288
25,8009
25,82877
25,85692
25,88445
25,91242
25,94014
25,9682
25,99594
26,02405
26,05209
26,07948
26,10713
26,13508
26,16284
26,19108
26,219
26,24654
26,27433
26,30245
26,3304
26,35783
26,37322
26,39941
26,41438
26,42925
26,45467
26,46967
26,48343
26,49695
26,51094
26,52547
26,55208
26,56605
26,58141
26,59516
26,60911
26,62304
26,6367
26,65063
26,66424
26,67809
26,6916
26,70649
26,72046
26,73473
26,74861
