ParticipantNumber;Task;SdfState;Repetition;TimeStamp;NumHits;TimeToCompleteTask;InstanteneousVelocityMag;InstanteneousVelocityX;InstanteneousVelocityY;InstanteneousVelocityZ;ClosestDistance
10;complexWire;1;3;4,82551;24;21,38551;0,8816216;0,1962019;0,5034819;0,6966114;0,166833
10;complexWire;1;3;4,840803;24;21,38551;0,6323247;0,07226133;0,443392;0,4449903;0,1563124
10;complexWire;1;3;4,853226;24;21,38551;0,6323247;0,07226133;0,443392;0,4449903;0,1492069
10;complexWire;1;3;4,867039;24;21,38551;0,6750261;-0,1493874;0,657867;0,02355197;0,1413893
10;complexWire;1;3;4,881351;24;21,38551;0,5876317;-0,1426622;0,5635898;-0,08558685;0,1333486
10;complexWire;1;3;4,894796;24;21,38551;0,5876317;-0,1426622;0,5635898;-0,08558685;0,1360411
10;complexWire;1;3;4,908892;24;21,38551;0,6235589;-0,03394568;0,5546376;0,2829321;0,127887
10;complexWire;1;3;4,923052;24;21,38551;0,6770754;0,04475224;0,4798335;0,4755926;0,1191439
10;complexWire;1;3;4,936889;24;21,38551;0,6770754;0,04475224;0,4798335;0,4755926;0,1109983
10;complexWire;1;3;4,950934;24;21,38551;1,223866;0,04473194;1,059492;0,6110026;0,09684855
10;complexWire;1;3;4,964839;24;21,38551;0,9334608;-0,1019744;0,9224499;0,1001824;0,08238899
10;complexWire;1;3;4,978572;24;21,38551;0,9334608;-0,1019744;0,9224499;0,1001824;0,083505
10;complexWire;1;3;4,992719;24;21,38551;0,6621366;-0,2046899;0,5866334;-0,2288846;0,08447617
10;complexWire;1;3;5,008489;24;21,38551;0,5464332;-0,2275043;0,4544517;-0,2007603;0,07798965
10;complexWire;1;3;5,034105;24;21,38551;0,2717896;-0,1084687;0,1997019;0,1490746;0,07019712
10;complexWire;1;3;5,048793;24;21,38551;0,5452917;-0,08034575;0,1868031;0,5059567;0,07445973
10;complexWire;1;3;5,063543;24;21,38551;0,4166326;-0,06707225;0,246992;0,3287537;0,0705912
10;complexWire;1;3;5,078204;24;21,38551;0,4166326;-0,06707225;0,246992;0,3287537;0,06725229
10;complexWire;1;3;5,103747;24;21,38551;0,4827216;-0,1840174;0,4172166;-0,158392;0,05549895
10;complexWire;1;3;5,118826;24;21,38551;0,4827216;-0,1840174;0,4172166;-0,158392;0,05408219
10;complexWire;1;3;5,145382;24;21,38551;0,1308717;-0,1131948;0,0175764;-0,06328825;0,06316587
10;complexWire;1;3;5,161014;24;21,38551;0,2966094;-0,01946136;-0,2322223;0,1834971;0,06455562
10;complexWire;1;3;5,186766;24;21,38551;0,2111317;-0,1007051;0,03697873;-0,1818451;0,06417019
10;complexWire;1;3;5,201948;24;21,38551;0,3690673;-0,1298091;0,2591091;-0,2285229;0,0661782
10;complexWire;1;3;5,216725;24;21,38551;0,3690673;-0,1298091;0,2591091;-0,2285229;0,06567438
10;complexWire;1;3;5,242426;24;21,38551;0,3171277;-0,1105856;0,1585062;-0,2514291;0,07513396
10;complexWire;1;3;5,258852;24;21,38551;0,3171277;-0,1105856;0,1585062;-0,2514291;0,07847925
10;complexWire;1;3;5,284364;24;21,38551;0,1336452;0,05259816;-0,1159634;0,04058286;0,07674794
10;complexWire;1;3;5,300644;24;21,38551;0,1990422;0,07280898;-0,1790839;0,04738779;0,07452943
10;complexWire;1;3;5,325965;24;21,38551;0,03891933;0,02929847;0,02102633;-0,01463583;0,07515635
10;complexWire;1;3;5,341199;24;21,38551;0,2028184;-0,02833086;0,1671182;-0,1113741;0,07489231
10;complexWire;1;3;5,356432;24;21,38551;0,2028184;-0,02833086;0,1671182;-0,1113741;0,07552713
10;complexWire;1;3;5,381608;24;21,38551;0,2125361;0,007605893;0,2123984;0,0007993032;0,07371325
10;complexWire;1;3;5,39728;24;21,38551;0,2125361;0,007605893;0,2123984;0,0007993032;0,07374932
10;complexWire;1;3;5,423653;24;21,38551;0,08035539;0,04405387;-0,04224389;0,05226566;0,0706502
10;complexWire;1;3;5,438727;24;21,38551;0,08035539;0,04405387;-0,04224389;0,05226566;0,06971627
10;complexWire;1;3;5,465325;24;21,38551;0,03637281;0,01551556;-0,0327955;-0,002589155;0,06921785
10;complexWire;1;3;5,481351;24;21,38551;0,05831452;0,0386153;0,04008406;-0,01739857;0,06907961
10;complexWire;1;3;5,506875;24;21,38551;0,04148681;0,04035498;0,009379744;0,002156607;0,06838405
10;complexWire;1;3;5,52213;24;21,38551;0,09366296;0,05592577;-0,02184631;0,0718874;0,0677634
10;complexWire;1;3;5,536973;24;21,38551;0,09366296;0,05592577;-0,02184631;0,0718874;0,06653098
10;complexWire;1;3;5,562652;24;21,38551;0,07428147;0,04477231;-0,04172266;0,04209984;0,06393937
10;complexWire;1;3;5,578224;24;21,38551;0,07428147;0,04477231;-0,04172266;0,04209984;0,06311014
10;complexWire;1;3;5,605067;24;21,38551;0,05322533;0,03801474;-0,01657259;0,03336411;0,06059477
10;complexWire;1;3;5,620747;24;21,38551;0,2680007;0,1300155;-0,0840892;0,2187449;0,05975344
10;complexWire;1;3;5,646397;24;21,38551;0,2410326;0,1145438;-0,02882473;0,2101085;0,05462081
10;complexWire;1;3;5,662508;24;21,38551;0,1354472;0,05990389;0,04630918;0,1123073;0,05173567
10;complexWire;1;3;5,688286;24;21,38551;0,1823615;0,05635692;0,1336924;0,1104806;0,05027656
10;complexWire;1;3;5,716164;24;21,38551;0,3434776;0,1367579;0,0562121;0,3100231;0,04445055
10;complexWire;1;3;5,731567;24;21,38551;0,3302366;0,1312457;0,01466008;0,3026811;0,03963585
10;complexWire;1;3;5,757811;24;21,38551;0,3314217;0,1237772;0,03522453;0,3054157;0,03489074
10;complexWire;1;3;5,785913;24;21,38551;0,1310292;0,05254804;-0,001326155;0,1200233;0,03228121
10;complexWire;1;3;5,801788;24;21,38551;0,2712345;0,09678801;0,04911695;0,2485715;0,02744252
10;complexWire;1;3;5,827479;24;21,38551;0,3534824;0,1199033;0,09375385;0,3190348;0,02462931
10;complexWire;1;3;5,842836;24;21,38551;0,3888023;0,13506;0,04689301;0,361562;0,02230011
10;complexWire;1;3;5,869626;24;21,38551;0,0828678;-0,0004726547;0,08285204;-0,001545469;0,02406341
10;complexWire;1;3;5,884903;24;21,38551;0,1758904;0,05606779;0,008144675;0,1665157;0,09209125
10;complexWire;1;3;5,911174;24;21,38551;0,200689;0,06404898;-0,0451257;0,1847633;0,08870463
10;complexWire;1;3;5,926319;24;21,38551;0,2141028;0,06630938;-0,004520372;0,2035256;0,08095261
10;complexWire;1;3;5,952805;24;21,38551;0,2581071;0,07484752;0,02193478;0,2460406;0,08238294
10;complexWire;1;3;5,968083;24;21,38551;0,2365898;0,05534663;0,110924;0,2015127;0,07938006
10;complexWire;1;3;5,99442;24;21,38551;0,3081816;0,07336032;0,1278207;0,2706585;0,07304985
10;complexWire;1;3;6,022413;24;21,38551;0,08262397;0,01784124;0,01915053;0,0783688;0,08899169
10;complexWire;1;3;6,038103;24;21,38551;0,08262397;0,01784124;0,01915053;0,0783688;0,0868356
10;complexWire;1;3;6,064406;24;21,38551;0,1816348;0,03989147;0,07805248;0,1590839;0,07960226
10;complexWire;1;3;6,080275;24;21,38551;0,3318965;0,07539452;0,08658773;0,3114057;0,09107544
10;complexWire;1;3;6,105962;24;21,38551;0,2251046;0,03827064;0,115523;0,1893723;0,08511075
10;complexWire;1;3;6,12134;24;21,38551;0,3056;0,05119253;0,1340116;0,2698362;0,09053469
10;complexWire;1;3;6,147491;24;21,38551;0,2082663;0,02518725;0,1280326;0,162321;0,08467151
10;complexWire;1;3;6,163116;24;21,38551;0,2986107;0,04227908;0,1697813;0,2419816;0,08159059
10;complexWire;1;3;6,189363;24;21,38551;0,3097078;0,06157248;0,1283555;0,2750502;0,07964946
10;complexWire;1;3;6,217446;24;21,38551;0,2617451;0,02992781;0,1845955;0,1831374;0,08191955
10;complexWire;1;3;6,233567;24;21,38551;0,307258;0,02198211;0,2448942;0,1842581;0,08654021
10;complexWire;1;3;6,259049;24;21,38551;0,1527861;0,03131714;0,0421942;0,143466;0,09563384
10;complexWire;1;3;6,275206;24;21,38551;0,219228;0,04915525;0,05448804;0,206581;0,09362162
10;complexWire;1;3;6,300468;24;21,38551;0,1367693;0,02984249;0,06363447;0,1173283;0,09265409
10;complexWire;1;3;6,316672;24;21,38551;0,1367693;0,02984249;0,06363447;0,1173283;0,09130915
10;complexWire;1;3;6,342702;24;21,38551;0,1472861;0,02391028;0,1010014;0,1044998;0,08776135
10;complexWire;1;3;6,370477;24;21,38551;0,1412649;0,02574173;0,07926318;0,1140635;0,09660729
10;complexWire;1;3;6,398792;24;21,38551;0,2051258;0,05009657;0,0230538;0,1975739;0,09421755
10;complexWire;1;3;6,426143;24;21,38551;0,2061805;0,0453498;0,0624521;0,1911897;0,08848741
10;complexWire;1;3;6,442727;24;21,38551;0,2542897;0,0406796;0,1337115;0,2124374;0,09649439
10;complexWire;1;3;6,467991;24;21,38551;0,1641287;0,02692986;0,0757433;0,1430943;0,09335316
10;complexWire;1;3;6,49612;24;21,38551;0,2059615;0,03308369;0,08773571;0,1833795;0,1006736
10;complexWire;1;3;6,523647;24;21,38551;0,09538242;0,02267115;0,05749245;0,0726529;0,09874931
10;complexWire;1;3;6,551777;24;21,38551;0,1120991;0,04035741;0,04540206;0,09421325;0,09726617
10;complexWire;1;3;6,579535;24;21,38551;0,1059458;0,04157795;0,03251707;0,09186088;0,09650355
10;complexWire;1;3;6,607791;24;21,38551;0,07821015;0,02475465;0,05683371;0,04768609;0,09490624
10;complexWire;1;3;6,635489;24;21,38551;0,0896152;0,02935103;0,06736027;0,05130295;0,1029013
10;complexWire;1;3;6,663193;24;21,38551;0,03630021;0,0123168;0,02983882;0,01660261;0,1022164
10;complexWire;1;3;6,691339;24;21,38551;0,04648304;0,02039176;0,03478916;0,02312063;0,1014444
10;complexWire;1;3;6,719096;24;21,38551;0,05662744;0,02472085;0,04950488;0,01203385;0,1004543
10;complexWire;1;3;6,747316;24;21,38551;0,0662406;0,01625664;0,05462468;0,03375919;0,09908064
10;complexWire;1;3;6,77451;24;21,38551;0,09384781;0,03478565;0,06162355;0,06164339;0,09765975
10;complexWire;1;3;6,80304;24;21,38551;0,08134916;0,01847002;0,06943791;0,03814341;0,09604961
10;complexWire;1;3;6,830632;24;21,38551;0,09835124;0,02820632;0,08342156;0,04379742;0,09429983
10;complexWire;1;3;6,858519;24;21,38551;0,1304513;0,04184582;0,09645902;0,07721482;0,1015893
10;complexWire;1;3;6,886009;24;21,38551;0,3488651;0,02210251;0,2949472;-0,1849987;0,09700931
10;complexWire;1;3;6,914189;24;21,38551;0,06636228;0,02138142;0,04850668;0,03992355;0,09616645
10;complexWire;1;3;6,941887;24;21,38551;0,003076484;0,00154792;0,002486706;0,0009407401;0,1052564
10;complexWire;1;3;6,970012;24;21,38551;0,03359615;0,002975501;0,01415747;-0,03032184;0,1051164
10;complexWire;1;3;6,997553;24;21,38551;0,02503318;-0,02068269;0,01408467;-0,000713259;0,1047129
10;complexWire;1;3;7,025879;24;21,38551;0,01517213;-0,01235592;0,008699507;0,001357704;0,1039294
10;complexWire;1;3;7,052975;24;21,38551;0,01568558;-0,01222966;0,009784281;-0,0008606613;0,1035377
10;complexWire;1;3;7,081359;24;21,38551;0,008712053;-0,005185036;0,0061737;-0,00330162;0,1032067
10;complexWire;1;3;7,10892;24;21,38551;0,02585915;-0,01986164;0,01642767;-0,002083927;0,1028702
10;complexWire;1;3;7,137244;24;21,38551;0,02276968;-0,01971185;0,01074496;0,003800929;0,1023192
10;complexWire;1;3;7,164574;24;21,38551;0,0007521439;0,0001694066;0,0004679561;-0,0005639493;0,1021903
10;complexWire;1;3;7,192535;24;21,38551;0,005221092;-0,002761149;-0,0007201433;0,004372329;0,1055439
10;complexWire;1;3;7,220254;24;21,38551;0,01525114;-0,01188183;0,005077004;0,008102059;0,1047507
10;complexWire;1;3;7,248171;24;21,38551;0,03087795;-0,02500137;0,01811671;0,0004054904;0,1043093
10;complexWire;1;3;7,275835;24;21,38551;0,09454808;-0,0735596;0,04866964;0,03405276;0,1024749
10;complexWire;1;3;7,303954;24;21,38551;0,08868993;-0,05268133;0,04133427;0,05815548;0,1000142
10;complexWire;1;3;7,331553;24;21,38551;0,8453534;0,1839727;0,5894352;0,5773583;0,1188928
10;complexWire;1;3;7,359655;24;21,38551;0,9199452;0,2153628;0,6447465;0,6198547;0,08677098
10;complexWire;1;3;7,387214;24;21,38551;0,9596689;0,2564523;0,5987952;0,7047276;0,08125094
10;complexWire;1;3;7,415147;24;21,38551;1,382228;0,3608811;0,7678033;1,091237;0,0939937
10;complexWire;1;3;7,442955;24;21,38551;0,4258126;-0,009880036;0,3088053;0,2930154;0,08454613
10;complexWire;1;3;7,471205;24;21,38551;0,618576;0,06009987;0,4972328;0,3630204;0,1106427
10;complexWire;1;3;7,498744;24;21,38551;0,1898897;0,0100489;0,1499239;0,1161032;0,1127063
10;complexWire;1;3;7,526734;24;21,38551;0,0978085;0,0008513331;0,0874376;0,04382285;0,1079756
10;complexWire;1;3;7,554538;24;21,38551;0,1053298;0,05693966;0,08056685;-0,03689471;0,1086032
10;complexWire;1;3;7,582419;24;21,38551;0,02249981;0,01289789;0,005945385;-0,01745102;0,1086481
10;complexWire;1;3;7,610179;24;21,38551;0,02551387;0,009653136;-0,02357972;-0,001330957;0,1086809
10;complexWire;1;3;7,637936;24;21,38551;0,01503298;0,008646578;-0,0006179512;-0,01228191;0,1086913
10;complexWire;1;3;7,665804;24;21,38551;0,008202102;6,511807E-06;0,008074149;-0,001443103;0,1085834
10;complexWire;1;3;7,694098;24;21,38551;0,02555045;0,006731778;-0,02443001;-0,00326851;0,1086427
10;complexWire;1;3;7,721426;24;21,38551;0,003165851;-0,0002933294;0,003148705;-0,000149101;0,1086649
10;complexWire;1;3;7,749635;24;21,38551;0,1480431;-0,03073965;0,1440993;0,01439613;0,1084689
10;complexWire;1;3;7,777024;24;21,38551;0,117101;-0,01402135;0,1157931;-0,01039252;0,1082452
10;complexWire;1;3;7,805476;24;21,38551;0,1475604;0,02627556;0,137979;-0,04522687;0,1079377
10;complexWire;1;3;7,832821;24;21,38551;0,1455994;-0,02401632;0,1374688;0,04153012;0,09935772
10;complexWire;1;3;7,860502;24;21,38551;0,1837101;-0,08140814;0,1418925;0,08359812;0,09963489
10;complexWire;1;3;7,888449;24;21,38551;0,2798873;-0,04191317;0,2690771;0,06463528;0,1011215
10;complexWire;1;3;7,91633;24;21,38551;0,707144;0,1747624;0,5946984;0,3403594;0,1006077
10;complexWire;1;3;7,944714;24;21,38551;0,2478365;-0,1124293;0,19131;0,110377;0,1027257
10;complexWire;1;3;7,971997;24;21,38551;0,8375841;0,187002;0,69275;0,4320588;0,1124874
10;complexWire;1;3;7,999876;24;21,38551;0,3445477;-0,1451896;0,2781427;0,1423718;0,1059059
10;complexWire;1;3;8,027732;24;21,38551;0,9805004;0,2614874;0,7380866;0,5901132;0,1061966
10;complexWire;1;3;8,055759;24;21,38551;0,2429224;-0,1257676;0,1677136;0,1227435;0,1194484
10;complexWire;1;3;8,083555;24;21,38551;0,4543194;0,1678494;0,3734613;0,196874;0,1128528
10;complexWire;1;3;8,111478;24;21,38551;0,1203786;-0,02986959;-0,02607505;0,1136613;0,1080665
10;complexWire;1;3;8,139066;24;21,38551;0,1644921;-0,03811617;-0,05426817;0,1505316;0,08689996
10;complexWire;1;3;8,167315;24;21,38551;0,2132184;0,001503244;0,1190648;0,1768711;0,08815645
10;complexWire;1;3;8,194774;24;21,38551;0,3521224;0,09541778;0,2388648;0,2404771;0,1132067
10;complexWire;1;3;8,222596;24;21,38551;0,0739677;0,003563799;0,00835415;0,07340796;0,1098986
10;complexWire;1;3;8,250584;24;21,38551;0,07158051;0,008147065;0,0006327331;0,07111254;0,110722
10;complexWire;1;3;8,278309;24;21,38551;0,05136105;0,002014033;-0,03867883;0,03373202;0,1113657
10;complexWire;1;3;8,306273;24;21,38551;0,02939496;0,008586015;-0,01029858;0,02615881;0,1116154
10;complexWire;1;3;8,334031;24;21,38551;0,07789037;0,006707581;-0,07726004;0,007266728;0,1071522
10;complexWire;1;3;8,361941;24;21,38551;0,03383605;-0,004666151;-0,02035332;0,0266242;0,1068217
10;complexWire;1;3;8,389824;24;21,38551;0,07569085;-0,005419755;-0,07125889;0,02493796;0,1067174
10;complexWire;1;3;8,417804;24;21,38551;0,1104181;-0,01633088;-0,09697898;-0,05020503;0,1052103
10;complexWire;1;3;8,445648;24;21,38551;0,0880967;-0,03063311;-0,05884019;-0,05796959;0,1027433
10;complexWire;1;3;8,473292;24;21,38551;0,2159619;-0,06437809;-0,1924375;-0,07391091;0,09947685
10;complexWire;1;3;8,501061;24;21,38551;0,198893;-0,03730905;-0,1949888;0,01207526;0,1037291
10;complexWire;1;3;8,529196;24;21,38551;0,2136408;-0,03880707;-0,2099745;0,006866128;0,1022333
10;complexWire;1;3;8,556952;24;21,38551;0,2251157;-0,06440085;-0,1812142;-0,1170085;0,1004079
10;complexWire;1;3;8,584475;24;21,38551;0,2249649;-0,06800421;-0,1597128;-0,143096;0,09473837
10;complexWire;1;3;8,612638;24;21,38551;0,4133955;-0,0719331;-0,3781067;-0,1508535;0,08969527
10;complexWire;1;3;8,640664;24;21,38551;0,2618124;-0,02772798;-0,260182;0,009068554;0,09567795
10;complexWire;1;3;8,668128;24;21,38551;0,1929604;-0,03150715;-0,1800361;0,06187085;0,09641498
10;complexWire;1;3;8,696053;24;21,38551;0,3319378;-0,01732484;-0,3286045;0,04360836;0,1047017
10;complexWire;1;3;8,723595;24;21,38551;0,1508506;-0,03108248;-0,1400388;0,04667906;0,1062343
10;complexWire;1;3;8,751827;24;21,38551;0,2405018;-0,04018962;0,04382205;0,2330355;0,08029578
10;complexWire;1;3;8,779439;24;21,38551;0,3473681;-0,02986611;0,006510007;0,3460205;0,07894976
10;complexWire;1;3;8,807401;24;21,38551;0,2659493;0,002369825;-0,08861656;0,2507399;0,08611741
10;complexWire;1;3;8,835403;24;21,38551;0,431424;0,01332823;-0,09414589;0,4208154;0,0877082
10;complexWire;1;3;8,863355;24;21,38551;0,2460758;-0,04230414;0,1531588;0,1878991;0,07733677
10;complexWire;1;3;8,890836;24;21,38551;0,3529631;-0,07670084;0,2784026;0,202958;0,0706527
10;complexWire;1;3;8,918954;24;21,38551;0,3047979;-0,06455955;0,1737604;0,2419527;0,0951945
10;complexWire;1;3;8,94653;24;21,38551;0,2019735;-0,02319772;0,06138609;0,1910155;0,09184396
10;complexWire;1;3;8,97465;24;21,38551;0,1548813;-0,05015476;0,09283959;0,1133734;0,09426256
10;complexWire;1;3;9,002799;24;21,38551;0,07864673;-0,02840677;0,01311547;0,07215503;0,0875599
10;complexWire;1;3;9,030271;24;21,38551;0,0948441;-0,02746926;-0,08692659;0,0261651;0,0858363
10;complexWire;1;3;9,058064;24;21,38551;0,1335116;-0,07066218;-0,005675728;-0,113137;0,08353687
10;complexWire;1;3;9,086052;24;21,38551;0,1222379;-0,06429257;0,06058744;-0,08448505;0,08271202
10;complexWire;1;3;9,113628;24;21,38551;0,1632807;-0,08089867;0,02933428;-0,1387642;0,07782966
10;complexWire;1;3;9,141867;24;21,38551;0,1819468;-0,03669939;-0,1349897;-0,1163426;0,07382005
10;complexWire;1;3;9,16971;24;21,38551;0,2232163;-0,08530462;-0,04219057;-0,2019123;0,09966376
10;complexWire;1;3;9,197277;24;21,38551;0,2913027;-0,1411763;0,1972841;-0,1612623;0,122465
10;complexWire;1;3;9,225283;24;21,38551;0,1728503;-0,08445653;0,1246026;-0,08496188;0,1167968
10;complexWire;1;3;9,253224;24;21,38551;0,1218856;-0,08909249;0,07776397;-0,02951918;0,114437
10;complexWire;1;3;9,280866;24;21,38551;0,04729098;-0,03379545;0,00696757;0,03233818;0,1144744
10;complexWire;1;3;9,308869;24;21,38551;0,06684405;-0,04328531;-0,02550712;0,04408965;0,1152074
10;complexWire;1;3;9,336641;24;21,38551;0,05091747;-0,04552763;-0,02047507;0,01002969;0,1152404
10;complexWire;1;3;9,364907;24;21,38551;0,0651028;-0,04037832;0,02738543;0,04310457;0,1159924
10;complexWire;1;3;9,392358;24;21,38551;0,1256095;-0,01736959;-0,073038;0,100705;0,1176456
10;complexWire;1;3;9,420077;24;21,38551;0,1348945;0,003955851;-0,06809431;0,1163788;0,1217448
10;complexWire;1;3;9,447886;24;21,38551;0,1757069;0,01233076;-0,1565599;0,07880276;0,1067446
10;complexWire;1;3;9,476089;24;21,38551;0,1971104;0,01715493;-0,1653701;0,1058818;0,1100942
10;complexWire;1;3;9,504005;24;21,38551;0,1524143;0,0206735;-0,1333214;0,07090926;0,1141243
10;complexWire;1;3;9,531646;24;21,38551;0,1391698;0,01096794;-0,1385308;-0,007560959;0,1067966
10;complexWire;1;3;9,559778;24;21,38551;0,05892936;-0,0208895;0,00941838;-0,05429173;0,1056262
10;complexWire;1;3;9,58715;24;21,38551;0,1220795;-0,006865943;-0,08044737;-0,0915668;0,102957
10;complexWire;1;3;9,615053;24;21,38551;0,3330295;0,05150598;-0,3276196;0,03035126;0,1284916
10;complexWire;1;3;9,642952;24;21,38551;0,1315017;0,02388703;-0,1253274;0,03186128;0,1314896
10;complexWire;1;3;9,671077;24;21,38551;0,2107102;-0,003555628;-0,1367375;-0,1602779;0,1316064
10;complexWire;1;3;9,698879;24;21,38551;0,198562;-0,002222433;-0,1497369;-0,1303871;0,1293137
10;complexWire;1;3;9,726658;24;21,38551;0,1755374;0,01106972;-0,1585678;-0,07447877;0,162615
10;complexWire;1;3;9,754044;24;21,38551;0,4204641;0,04356116;-0,4136641;-0,0614368;0,1609913
10;complexWire;1;3;9,782133;24;21,38551;0,2902383;0,0483616;-0,2771696;0,07124932;0,1728298
10;complexWire;1;3;9,810278;24;21,38551;0,4560579;0,05414;-0,4513279;0,03688927;0,1653908
10;complexWire;1;3;9,837752;24;21,38551;0,3015834;0,03529579;-0,2910485;0,07069313;0,1516666
10;complexWire;1;3;9,865792;24;21,38551;0,2359538;0,02806733;-0,2332517;0,02191012;0,1539619
10;complexWire;1;3;9,893851;24;21,38551;0,3945231;0,05145098;-0,3721929;0,1203066;0,1553966
10;complexWire;1;3;9,921236;24;21,38551;0,3463129;0,04855966;-0,328933;0,09683851;0,1533553
10;complexWire;1;3;9,94953;24;21,38551;0,1697828;0,01608248;-0,1689671;-0,004206082;0,150959
10;complexWire;1;3;9,977834;24;21,38551;0,1789487;0,02470449;-0,1616421;0,07269227;0,1480605
10;complexWire;1;3;10,00494;24;21,38551;0,1736906;0,02152307;-0,1677006;0,03977041;0,1492627
10;complexWire;1;3;10,03261;24;21,38551;0,1550335;0,01184997;-0,1529299;-0,02252592;0,1468094
10;complexWire;1;3;10,0605;24;21,38551;0,1653177;0,0122989;-0,1620154;-0,03049081;0,1498364
10;complexWire;1;3;10,08851;24;21,38551;0,2554528;0,02104436;-0,254302;-0,01199059;0,1486629
10;complexWire;1;3;10,1168;24;21,38551;0,364823;0,02323951;-0,3599434;-0,05474044;0,1532024
10;complexWire;1;3;10,14438;24;21,38551;0,2941911;0,0163712;-0,286776;-0,06356038;0,1598191
10;complexWire;1;3;10,17238;24;21,38551;0,3991077;-0,0009683267;-0,3461352;-0,1986868;0,1622812
10;complexWire;1;3;10,19968;24;21,38551;0,4164014;-0,0008173332;-0,3541301;-0,2190464;0,07981487
10;complexWire;1;3;10,22776;24;21,38551;0,2981512;-0,005909449;-0,2357063;-0,1824877;0,0750329
10;complexWire;1;3;10,25559;24;21,38551;0,3901316;-0,01503718;-0,3120647;-0,2336496;0,07982264
10;complexWire;1;3;10,28329;24;21,38551;0,2791466;-0,001140619;-0,2526538;-0,1186911;0,07606655
10;complexWire;1;3;10,31155;24;21,38551;0,3150589;-0,01230819;-0,2691399;-0,1633227;0,08272194
10;complexWire;1;3;10,32705;24;21,38551;0,3879422;-0,01059596;-0,3535428;-0,1593561;0,09192182
10;complexWire;1;3;10,35267;24;21,38551;0,3475128;0,001563072;-0,3417586;-0,06295825;0,0851244
10;complexWire;1;3;10,36759;24;21,38551;0,4003813;0,006680496;-0,3993326;-0,02817815;0,08682116
10;complexWire;1;3;10,39442;24;21,38551;0,4193207;-0,002958404;-0,408914;-0,09279232;0,08502273
10;complexWire;1;3;10,41027;24;21,38551;0,3726858;-0,009180175;-0,355816;-0,1104782;0,09423821
10;complexWire;1;3;10,4359;24;21,38551;0,2195259;-0,005464866;-0,2028851;-0,0836626;0,08885235
10;complexWire;1;3;10,4512;24;21,38551;0,2413872;-0,009779289;-0,2182657;-0,1026265;0,08616029
10;complexWire;1;3;10,46558;24;21,38551;0,2152052;-0,007267335;-0,2013165;-0,07571097;0,08380721
10;complexWire;1;3;10,47979;24;21,38551;0,2152052;-0,007267335;-0,2013165;-0,07571097;0,08622833
10;complexWire;1;3;10,50557;24;21,38551;0,2002712;-0,003697582;-0,1955415;-0,04310905;0,09610896
10;complexWire;1;3;10,51997;24;21,38551;0,2002712;-0,003697582;-0,1955415;-0,04310905;0,09422369
10;complexWire;1;3;10,53407;24;21,38551;0,3332351;-0,01257095;-0,3252089;-0,07160187;0,09137712
10;complexWire;1;3;10,54813;24;21,38551;0,3455837;-0,0159634;-0,3352023;-0,0825388;0,08852905
10;complexWire;1;3;10,56207;24;21,38551;0,2808927;-0,0101254;-0,2763643;-0,04920325;0,08985846
10;complexWire;1;3;10,58886;24;21,38551;0,2007511;-0,01170389;-0,191082;-0,06042898;0,08571459
10;complexWire;1;3;10,6028;24;21,38551;0,2286824;-0,01734779;-0,21235;-0,08307946;0,08804905
10;complexWire;1;3;10,61737;24;21,38551;0,2286824;-0,01734779;-0,21235;-0,08307946;0,08570719
10;complexWire;1;3;10,63083;24;21,38551;0,2467603;-0,0134532;-0,2412814;-0,04992894;0,09720643
10;complexWire;1;3;10,64505;24;21,38551;0,1205335;-0,006756268;-0,1181244;-0,02300683;0,09559859
10;complexWire;1;3;10,65959;24;21,38551;0,1205335;-0,006756268;-0,1181244;-0,02300683;0,0946701
10;complexWire;1;3;10,67415;24;21,38551;0,125251;-0,005988905;-0,1241298;-0,01561202;0,09823599
10;complexWire;1;3;10,68756;24;21,38551;0,148915;-0,007709619;-0,1470572;-0,02214546;0,09709497
10;complexWire;1;3;10,70092;24;21,38551;0,1499548;-0,01002914;-0,1464334;-0,03070996;0,09586176
10;complexWire;1;3;10,71457;24;21,38551;0,1499548;-0,01002914;-0,1464334;-0,03070996;0,09435442
10;complexWire;1;3;10,72827;24;21,38551;0,1876858;-0,01805466;-0,1781091;-0,05636626;0,09288962
10;complexWire;1;3;10,74281;24;21,38551;0,1731865;-0,01636653;-0,1648452;-0,05051478;0,1045929
10;complexWire;1;3;10,757;24;21,38551;0,1731865;-0,01636653;-0,1648452;-0,05051478;0,1021258
10;complexWire;1;3;10,77032;24;21,38551;0,1053412;0,001847878;-0,0948157;-0,0458622;0,1006664
10;complexWire;1;3;10,78405;24;21,38551;0,09213921;0,0146464;-0,08255234;-0,03821293;0,09952889
10;complexWire;1;3;10,7982;24;21,38551;0,09213921;0,0146464;-0,08255234;-0,03821293;0,09863491
10;complexWire;1;3;10,812;24;21,38551;0,3041801;-0,01714554;-0,2728012;-0,1334583;0,09603289
10;complexWire;1;3;10,82643;24;21,38551;0,3657913;-0,02467147;-0,3649321;0,00437754;0,0981072
10;complexWire;1;3;10,84004;24;21,38551;0,3798775;-0,03162979;-0,3774986;-0,02830645;0,09674974
10;complexWire;1;3;10,85378;24;21,38551;0,3798775;-0,03162979;-0,3774986;-0,02830645;0,08989422
10;complexWire;1;3;10,86781;24;21,38551;0,4077699;-0,03843509;-0,4023124;-0,05425665;0,09186894
10;complexWire;1;3;10,88191;24;21,38551;0,389648;-0,03683032;-0,3837756;-0,0564394;0,08832999
10;complexWire;1;3;10,896;24;21,38551;0,389648;-0,03683032;-0,3837756;-0,0564394;0,0900936
10;complexWire;1;3;10,91003;24;21,38551;0,4490004;-0,05101706;-0,4320932;-0,1108787;0,08602814
10;complexWire;1;3;10,92389;24;21,38551;0,3675982;-0,03804722;-0,3573499;-0,07734291;0,08226482
10;complexWire;1;3;10,93746;24;21,38551;0,3675982;-0,03804722;-0,3573499;-0,07734291;0,08384612
10;complexWire;1;3;10,95182;24;21,38551;0,7770369;-0,08809695;-0,7527995;-0,1712258;0,07745467
10;complexWire;1;3;10,96542;24;21,38551;0,7132116;-0,07816082;-0,6963375;-0,1329501;0,0625433
10;complexWire;1;3;10,97928;24;21,38551;0,7132116;-0,07816082;-0,6963375;-0,1329501;0,07191257
10;complexWire;1;3;10,99351;24;21,38551;1,070033;-0,09912592;-1,059726;-0,1101143;0,1219847
10;complexWire;1;3;11,00729;24;21,38551;0,5228786;-0,0469973;-0,5109662;-0,1005323;0,1322882
10;complexWire;1;3;11,02108;24;21,38551;0,2960571;-0,03566261;-0,2650351;-0,1270214;0,0929102
10;complexWire;1;3;11,03543;24;21,38551;0,2960571;-0,03566261;-0,2650351;-0,1270214;0,08650148
10;complexWire;1;3;11,04933;24;21,38551;0,1400152;-0,01827537;-0,1027417;-0,09335108;0,08863746
10;complexWire;1;3;11,06318;24;21,38551;0,1049333;-0,005967547;-0,1040874;-0,01188227;0,09009171
10;complexWire;1;3;11,07708;24;21,38551;0,1049333;-0,005967547;-0,1040874;-0,01188227;0,09074754
10;complexWire;1;3;11,09067;24;21,38551;0,2237462;0,004185257;-0,2052566;0,08896399;0,0907432
10;complexWire;1;3;11,10472;24;21,38551;0,2662752;-0,004193925;-0,2564051;0,07170297;0,09084994
10;complexWire;1;3;11,11864;24;21,38551;0,2662752;-0,004193925;-0,2564051;0,07170297;0,09148886
10;complexWire;1;3;11,13245;24;21,38551;0,2700467;0,001160347;-0,2580543;0,07957304;0,09210724
10;complexWire;1;3;11,14642;24;21,38551;0,1058979;0,007112432;-0,09762659;0,04040827;0,09258314
10;complexWire;1;3;11,16062;24;21,38551;0,07970989;0,01120447;-0,06863223;0,03895823;0,09278476
10;complexWire;1;3;11,17445;24;21,38551;0,07970989;0,01120447;-0,06863223;0,03895823;0,09277422
10;complexWire;1;3;11,18827;24;21,38551;0,2091867;0,02174209;-0,1493051;0,1448943;0,09221832
10;complexWire;1;3;11,20249;24;21,38551;0,3208722;0,03445647;-0,1959192;0,2517686;0,09122387
10;complexWire;1;3;11,21626;24;21,38551;0,3208722;0,03445647;-0,1959192;0,2517686;0,08991242
10;complexWire;1;3;11,2301;24;21,38551;0,5592238;0,03509008;-0,3687648;0,4189422;0,09555299
10;complexWire;1;3;11,24395;24;21,38551;0,3764651;0,03001151;-0,2932431;0,234166;0,09411546
10;complexWire;1;3;11,25804;24;21,38551;0,3764651;0,03001151;-0,2932431;0,234166;0,09402487
10;complexWire;1;3;11,27168;24;21,38551;0,195673;0,07093021;-0,1063435;0,1481482;0,09364731
10;complexWire;1;3;11,28569;24;21,38551;0,1400004;0,06843852;-0,02672676;0,119172;0,0930984
10;complexWire;1;3;11,29954;24;21,38551;0,1400004;0,06843852;-0,02672676;0,119172;0,09874658
10;complexWire;1;3;11,31357;24;21,38551;0,1877338;0,1154608;0,03499215;0,1438344;0,09725653
10;complexWire;1;3;11,32742;24;21,38551;0,3055001;0,06019098;0,03725854;0,2971854;0,09495616
10;complexWire;1;3;11,34144;24;21,38551;0,4466905;0,08198105;-0,01494269;0,4388487;0,09185057
10;complexWire;1;3;11,35543;24;21,38551;0,4466905;0,08198105;-0,01494269;0,4388487;0,09406596
10;complexWire;1;3;11,3693;24;21,38551;0,3171335;0,06375544;-0,04635755;0,3071806;0,09100632
10;complexWire;1;3;11,38335;24;21,38551;0,257767;0,06272332;-0,01147633;0,2497557;0,08821879
10;complexWire;1;3;11,39718;24;21,38551;0,257767;0,06272332;-0,01147633;0,2497557;0,09222071
10;complexWire;1;3;11,41114;24;21,38551;0,2132723;0,07283881;0,08958812;0,1793142;0,08983275
10;complexWire;1;3;11,42516;24;21,38551;0,2293933;0,07527845;0,1399654;0,165421;0,08717477
10;complexWire;1;3;11,43877;24;21,38551;0,2293933;0,07527845;0,1399654;0,165421;0,08427173
10;complexWire;1;3;11,45295;24;21,38551;0,3500994;0,09428106;0,1970633;0,2735812;0,09340721
10;complexWire;1;3;11,46677;24;21,38551;0,3251187;0,08111557;0,1468733;0,2784792;0,08887964
10;complexWire;1;3;11,48071;24;21,38551;0,5721801;0,1395652;0,1626779;0,5305163;0,08459699
10;complexWire;1;3;11,49465;24;21,38551;0,5721801;0,1395652;0,1626779;0,5305163;0,07850099
10;complexWire;1;3;11,50853;24;21,38551;0,6371367;0,181516;0,1585127;0,5898041;0,07749745
10;complexWire;1;3;11,52265;24;21,38551;0,4662596;0,1458554;0,2377382;0,3736372;0,0714322
10;complexWire;1;3;11,53627;24;21,38551;0,4662596;0,1458554;0,2377382;0,3736372;0,07731539
10;complexWire;1;3;11,55037;24;21,38551;0,7524301;0,2100323;0,5492622;0,4694131;0,06887289
10;complexWire;1;3;11,56423;24;21,38551;0,7604981;0,1745591;0,3724751;0,6396474;0,1027366
10;complexWire;1;3;11,57837;24;21,38551;0,7604981;0,1745591;0,3724751;0,6396474;0,102078
10;complexWire;1;3;11,59189;24;21,38551;0,791873;0,1308234;0,1463785;0,7671515;0,1112126
10;complexWire;1;3;11,60632;24;21,38551;0,7169222;0,1196215;0,06940913;0,7034561;0,112519
10;complexWire;1;3;11,6199;24;21,38551;0,7169222;0,1196215;0,06940913;0,7034561;0,1129056
10;complexWire;1;3;11,63388;24;21,38551;0,367648;0,08681792;0,1768671;0,3103961;0,1087683
10;complexWire;1;3;11,6475;24;21,38551;0,3539801;0,07959482;0,2174484;0,2677363;0,1043467
10;complexWire;1;3;11,6617;24;21,38551;0,3775763;0,07693539;0,2720553;0,2502612;0,1080199
10;complexWire;1;3;11,67578;24;21,38551;0,3775763;0,07693539;0,2720553;0,2502612;0,1116074
10;complexWire;1;3;11,68942;24;21,38551;0,3004206;-0,1522075;0,2469241;0,07819176;0,1040436
10;complexWire;1;3;11,70333;24;21,38551;0,174165;-0,1152126;0,1028805;0,08046791;0,1034306
10;complexWire;1;3;11,71778;24;21,38551;0,174165;-0,1152126;0,1028805;0,08046791;0,1031712
10;complexWire;1;3;11,73158;24;21,38551;0,2591629;-0,1290236;0,0166245;0,2241472;0,1045641
10;complexWire;1;3;11,74558;24;21,38551;0,6538353;0,1748357;0,1329497;0,6158388;0,1095175
10;complexWire;1;3;11,75968;24;21,38551;0,6538353;0,1748357;0,1329497;0,6158388;0,1193093
10;complexWire;1;3;11,77336;24;21,38551;0,4963143;0,1438646;0,2315568;0,4147436;0,1076741
10;complexWire;1;3;11,78721;24;21,38551;0,1524449;-0,07037899;0,07443176;0,1128989;0,1109256
10;complexWire;1;3;11,801;24;21,38551;0,1382122;-0,08927774;0,04619342;0,09485912;0,1031879
10;complexWire;1;3;11,81474;24;21,38551;0,1382122;-0,08927774;0,04619342;0,09485912;0,1033683
10;complexWire;1;3;11,82847;24;21,38551;0,2867432;-0,1612341;0,1298402;0,1984105;0,1041118
10;complexWire;1;3;11,84267;24;21,38551;0,8066165;0,1731544;0,2149888;0,75791;0,1073089
10;complexWire;1;3;11,8565;24;21,38551;0,8066165;0,1731544;0,2149888;0,75791;0,1186958
10;complexWire;1;3;11,87052;24;21,38551;0,5220817;0,1325266;0,1104765;0,4927483;0,1185769
10;complexWire;1;3;11,88433;24;21,38551;0,5441128;0,1237314;0,1044456;0,5194616;0,1174036
10;complexWire;1;3;11,89835;24;21,38551;0,5441128;0,1237314;0,1044456;0,5194616;0,1164512
10;complexWire;1;3;11,91248;24;21,38551;0,444294;-0,1935948;0,04274943;0,3976062;0,1095278
10;complexWire;1;3;11,92618;24;21,38551;0,3428468;0,05252862;0,05451661;0,3343839;0,1130648
10;complexWire;1;3;11,94057;24;21,38551;0,5366619;0,09456025;0,1594387;0,5036305;0,109717
10;complexWire;1;3;11,95409;24;21,38551;0,5366619;0,09456025;0,1594387;0,5036305;0,1165089
10;complexWire;1;3;11,96799;24;21,38551;0,4327585;0,05963068;0,07543795;0,4219398;0,1144847
10;complexWire;1;3;11,98205;24;21,38551;0,1817738;0,01531773;-0,002127775;0,1811147;0,1115112
10;complexWire;1;3;11,99569;24;21,38551;0,1817738;0,01531773;-0,002127775;0,1811147;0,113557
10;complexWire;1;3;12,00984;24;21,38551;0,1828556;0,004759275;-0,01254034;0,182363;0,1077976
10;complexWire;1;3;12,02354;24;21,38551;0,1807393;0,002866335;0,000625888;0,1807155;0,1097333
10;complexWire;1;3;12,03769;24;21,38551;0,1807393;0,002866335;0,000625888;0,1807155;0,1117866
10;complexWire;1;3;12,05125;24;21,38551;0,139609;-0,005782777;-0,00571403;0,1393721;0,1133986
10;complexWire;1;3;12,06524;24;21,38551;0,1363375;-0,01209883;-0,01368917;0,1351079;0,1071303
10;complexWire;1;3;12,07926;24;21,38551;0,1363375;-0,01209883;-0,01368917;0,1351079;0,106033
10;complexWire;1;3;12,0932;24;21,38551;0,2277483;-0,06086932;-0,04730785;0,214304;0,1076961
10;complexWire;1;3;12,10698;24;21,38551;0,2193018;-0,04654212;-0,03041678;0,2121366;0,1095265
10;complexWire;1;3;12,12117;24;21,38551;0,1699959;-0,04545696;-0,002347451;0,1637888;0,1003363
10;complexWire;1;3;12,13501;24;21,38551;0,1699959;-0,04545696;-0,002347451;0,1637888;0,1019041
10;complexWire;1;3;12,14892;24;21,38551;0,3265409;-0,1085838;0,02667948;0,3068008;0,1043269
10;complexWire;1;3;12,16319;24;21,38551;0,3302552;-0,1094278;-1,174672E-05;0,3115991;0,1073738
10;complexWire;1;3;12,17668;24;21,38551;0,3302552;-0,1094278;-1,174672E-05;0,3115991;0,09942293
10;complexWire;1;3;12,19063;24;21,38551;0,1199335;-0,1148991;-0,003773799;0,03417607;0,09952446
10;complexWire;1;3;12,20492;24;21,38551;0,16406;-0,09738734;0,07660572;-0,1075312;0,09892837
10;complexWire;1;3;12,21851;24;21,38551;0,16406;-0,09738734;0,07660572;-0,1075312;0,09737474
10;complexWire;1;3;12,23237;24;21,38551;0,2160206;-0,06659776;0,1696027;-0,1160368;0,09468653
10;complexWire;1;3;12,24678;24;21,38551;0,2269384;-0,06400011;0,1423558;-0,1647417;0,09183284
10;complexWire;1;3;12,26044;24;21,38551;0,2295742;-0,06464424;0,09499512;-0,1987495;0,09878065
10;complexWire;1;3;12,27433;24;21,38551;0,2295742;-0,06464424;0,09499512;-0,1987495;0,0967589
10;complexWire;1;3;12,28827;24;21,38551;0,4331225;-0,1151499;0,04713437;-0,4148662;0,09485778
10;complexWire;1;3;12,30209;24;21,38551;0,4056076;-0,09753297;0,1050691;-0,3794276;0,09318206
10;complexWire;1;3;12,31581;24;21,38551;0,4056076;-0,09753297;0,1050691;-0,3794276;0,09022596
10;complexWire;1;3;12,33012;24;21,38551;0,5200762;-0,08549917;0,3754049;-0,3496287;0,08880826
10;complexWire;1;3;12,34373;24;21,38551;0,5765457;-0,07700019;0,3652822;-0,4393686;0,09245841
10;complexWire;1;3;12,35758;24;21,38551;0,5765457;-0,07700019;0,3652822;-0,4393686;0,08974162
10;complexWire;1;3;12,37182;24;21,38551;0,8657678;-0,07829693;0,3199726;-0,8006504;0,09137376
10;complexWire;1;3;12,38545;24;21,38551;0,7031531;-0,06365169;0,2827445;-0,6406468;0,09328971
10;complexWire;1;3;12,39951;24;21,38551;0,7031531;-0,06365169;0,2827445;-0,6406468;0,0900799
10;complexWire;1;3;12,41332;24;21,38551;0,2135348;-0,04067307;0,1957756;-0,07493144;0,09623621
10;complexWire;1;3;12,42749;24;21,38551;0,1994442;-0,03322142;0,1465522;0,1311366;0,09846248
10;complexWire;1;3;12,44124;24;21,38551;0,230589;-0,03136491;0,0908953;0,2095843;0,1009264
10;complexWire;1;3;12,45566;24;21,38551;0,230589;-0,03136491;0,0908953;0,2095843;0,1033871
10;complexWire;1;3;12,46931;24;21,38551;0,1317239;-0,02629419;0,02724271;-0,1261651;0,09935869
10;complexWire;1;3;12,48309;24;21,38551;0,1910276;-0,03329207;0,08979778;-0,1652862;0,09908646
10;complexWire;1;3;12,49716;24;21,38551;0,1910276;-0,03329207;0,08979778;-0,1652862;0,1032765
10;complexWire;1;3;12,51114;24;21,38551;0,2307625;-0,04116248;0,07557322;0,214116;0,1051002
10;complexWire;1;3;12,52472;24;21,38551;0,2869903;-0,04553617;-0,03786018;0,280814;0,1070437
10;complexWire;1;3;12,53901;24;21,38551;0,2869903;-0,04553617;-0,03786018;0,280814;0,103911
10;complexWire;1;3;12,55276;24;21,38551;0,1798352;-0,06020411;-0,01405369;0,1688747;0,1047129
10;complexWire;1;3;12,56657;24;21,38551;0,2381452;-0,05587348;0,08504141;0,215312;0,09305557
10;complexWire;1;3;12,58075;24;21,38551;0,3953544;-0,06146213;0,1541055;0,358858;0,09531441
10;complexWire;1;3;12,59434;24;21,38551;0,3953544;-0,06146213;0,1541055;0,358858;0,09918507
10;complexWire;1;3;12,60859;24;21,38551;0,3646166;-0,06436165;0,1758906;0,3128343;0,0988624
10;complexWire;1;3;12,62256;24;21,38551;0,31616;-0,06166578;0,2138788;0,2245224;0,08987535
10;complexWire;1;3;12,63615;24;21,38551;0,31616;-0,06166578;0,2138788;0,2245224;0,09363911
10;complexWire;1;3;12,65021;24;21,38551;0,5163794;-0,07374862;0,2128485;0,464655;0,09471422
10;complexWire;1;3;12,66471;24;21,38551;0,6395199;-0,08027124;0,1925051;0,6045527;0,1048277
10;complexWire;1;3;12,67827;24;21,38551;0,6395199;-0,08027124;0,1925051;0,6045527;0,09757447
10;complexWire;1;3;12,69174;24;21,38551;0,5066523;-0,07817169;0,2014287;0,4582708;0,09079854
10;complexWire;1;3;12,70643;24;21,38551;0,4684298;-0,07339662;0,2169285;0,4086336;0,1001423
10;complexWire;1;3;12,72013;24;21,38551;0,2138721;-0,03667588;0,1441634;0,1536655;0,09980399
10;complexWire;1;3;12,73343;24;21,38551;0,2138721;-0,03667588;0,1441634;0,1536655;0,09898134
10;complexWire;1;3;12,74753;24;21,38551;0,1969069;-0,0229116;0,1947928;-0,01741117;0,0970607
10;complexWire;1;3;12,76139;24;21,38551;0,2319802;-0,02576533;0,2302438;0,01177986;0,09422365
10;complexWire;1;3;12,77509;24;21,38551;0,2319802;-0,02576533;0,2302438;0,01177986;0,09986933
10;complexWire;1;3;12,7894;24;21,38551;0,2646233;-0,03162799;0,2484849;0,08532555;0,09685504
10;complexWire;1;3;12,80323;24;21,38551;0,1523355;-0,01515144;0,1493472;-0,02592173;0,09420224
10;complexWire;1;3;12,81712;24;21,38551;0,1523355;-0,01515144;0,1493472;-0,02592173;0,09213832
10;complexWire;1;3;12,83138;24;21,38551;0,3756156;-0,05240051;0,3208329;-0,1881689;0,1011018
10;complexWire;1;3;12,84599;24;21,38551;0,3692122;-0,04193491;0,3305085;-0,1591327;0,09540303
10;complexWire;1;3;12,8608;24;21,38551;0,419517;-0,03389248;0,3221663;-0,2665609;0,08959643
10;complexWire;1;3;12,88676;24;21,38551;0,4464083;-0,02329215;0,1831665;-0,4064332;0,0869233
10;complexWire;1;3;12,90261;24;21,38551;0,4596455;-0,03118782;0,1618904;-0,4290604;0,08082605
10;complexWire;1;3;12,92821;24;21,38551;0,2860483;-0,02403969;0,08503967;-0,2720551;0,08647951
10;complexWire;1;3;12,9443;24;21,38551;0,2724892;-0,02321017;0,129178;-0,2387985;0,09512173
10;complexWire;1;3;12,96973;24;21,38551;0,1744344;-0,01914807;0,1432889;-0,09761649;0,09942096
10;complexWire;1;3;12,98423;24;21,38551;0,3703167;-0,01711978;0,1388428;-0,3428762;0,1119747
10;complexWire;1;3;12,99898;24;21,38551;0,3703167;-0,01711978;0,1388428;-0,3428762;0,1152719
10;complexWire;1;3;13,02522;24;21,38551;0,152451;-0,006779216;-0,1070202;-0,1083606;0,1042548
10;complexWire;1;3;13,04014;24;21,38551;0,05964604;0,008904093;-0,04041192;-0,04295631;0,103099
10;complexWire;1;3;13,06723;24;21,38551;0,07124386;-0,01506613;0,0366023;0,05923656;0,1020391
10;complexWire;1;3;13,08195;24;21,38551;0,02358991;-0,009254472;0,01994048;-0,008556629;0,111867
10;complexWire;1;3;13,096;24;21,38551;0,02358991;-0,009254472;0,01994048;-0,008556629;0,1125073
10;complexWire;1;3;13,10971;24;21,38551;0,1936817;-0,0388632;-0,04617715;-0,1840378;0,1033069
10;complexWire;1;3;13,12403;24;21,38551;0,07073403;-0,009217035;-0,03296339;-0,06190125;0,1035785
10;complexWire;1;3;13,15102;24;21,38551;0,08099386;-0,03033915;0,06696977;0,03397928;0,1040557
10;complexWire;1;3;13,16571;24;21,38551;0,2525564;-0,05464448;0,2298635;0,08922712;0,1056868
10;complexWire;1;3;13,1801;24;21,38551;0,2884721;-0,05622189;0,2728883;0,0747478;0,1086705
10;complexWire;1;3;13,19486;24;21,38551;0,2884721;-0,05622189;0,2728883;0,0747478;0,09475537
10;complexWire;1;3;13,22003;24;21,38551;0,02304808;-0,01318404;0,001249939;-0,01886353;0,1080466
10;complexWire;1;3;13,2354;24;21,38551;0,02304808;-0,01318404;0,001249939;-0,01886353;0,10819
10;complexWire;1;3;13,26246;24;21,38551;0,01667742;-0,01525696;0,005088031;0,004412889;0,09616328
10;complexWire;1;3;13,2776;24;21,38551;0,01667742;-0,01525696;0,005088031;0,004412889;0,0961975
10;complexWire;1;3;13,30365;24;21,38551;0,007433733;-0,00637959;-0,002281487;-0,003058761;0,09637427
10;complexWire;1;3;13,31846;24;21,38551;0,007433733;-0,00637959;-0,002281487;-0,003058761;0,09639386
10;complexWire;1;3;13,33387;24;21,38551;0,1382866;-0,04441609;0,1132915;0,06569201;0,09713379
10;complexWire;1;3;13,35949;24;21,38551;0,1462076;-0,01005276;0,1411262;0,0368647;0,09966699
10;complexWire;1;3;13,37473;24;21,38551;0,09071389;-0,06146545;0,007725954;-0,06626701;0,100929
10;complexWire;1;3;13,40134;24;21,38551;0,008785942;-0,007992834;0,00309217;0,001935422;0,09502895
10;complexWire;1;3;13,41658;24;21,38551;0,008785942;-0,007992834;0,00309217;0,001935422;0,09507158
10;complexWire;1;3;13,43107;24;21,38551;0,3743555;-0,005186819;0,3438419;0,1479456;0,09721427
10;complexWire;1;3;13,45704;24;21,38551;1,296345;0,03434473;1,21803;-0,4424191;0,1203449
10;complexWire;1;3;13,47335;24;21,38551;0,2499972;-0,06900223;0,1896559;0,1475395;0,1010344
10;complexWire;1;3;13,49867;24;21,38551;0,2681377;-0,03218621;0,2309764;0,132332;0,09460729
10;complexWire;1;3;13,5267;24;21,38551;0,9155089;0,02802037;0,8967067;-0,1824515;0,1222847
10;complexWire;1;3;13,55524;24;21,38551;0,7806479;0,02190695;0,7633215;-0,1620849;0,1353775
10;complexWire;1;3;13,58299;24;21,38551;0,5768704;0,01457353;0,5662453;0,1092403;0,1213175
10;complexWire;1;3;13,61039;24;21,38551;0,5129521;0,03647526;0,4262921;0,2829567;0,1229568
10;complexWire;1;3;13,63859;24;21,38551;0,4897083;0,04632775;0,3768719;0,30925;0,1715717
10;complexWire;1;3;13,66628;24;21,38551;0,4121697;0,02004208;0,286596;0,2955417;0,07592726
10;complexWire;1;3;13,69409;24;21,38551;0,5184104;0,008233178;0,3943116;0,3364519;0,0752209
10;complexWire;1;3;13,72214;24;21,38551;0,2756467;0,002274629;0,2376709;0,1396009;0,07277638
10;complexWire;1;3;13,75004;24;21,38551;0,3940857;-0,01475187;0,3070341;0,2466089;0,07043409
10;complexWire;1;3;13,77756;24;21,38551;0,3487654;-0,002106384;0,2126276;0,276446;0,09209772
10;complexWire;1;3;13,80566;24;21,38551;0,1097667;0,007617217;0,09302688;0,0577643;0,09464863
10;complexWire;1;3;13,83339;24;21,38551;0,2357138;-0,01210598;0,1653635;0,1675391;0,09646644
10;complexWire;1;3;13,86166;24;21,38551;0,271428;-0,006304794;0,1370248;0,2342171;0,1047658
10;complexWire;1;3;13,88948;24;21,38551;0,114306;0,01784784;-0,02819609;0,1093265;0,1108502
10;complexWire;1;3;13,91732;24;21,38551;0,09748391;0,03293689;-0,07483269;0,05308808;0,1124908
10;complexWire;1;3;13,94485;24;21,38551;0,02998037;0,01190041;0,01024364;0,02553959;0,1037027
10;complexWire;1;3;13,97316;24;21,38551;0,1144768;0,02500172;-0,007911582;0,1114328;0,1060215
10;complexWire;1;3;14,00057;24;21,38551;0,1320042;0,04012218;-0,08925158;0,08859732;0,1101668
10;complexWire;1;3;14,02856;24;21,38551;0,1032193;0,03514635;-0,09397785;-0,02423071;0,1024197
10;complexWire;1;3;14,05671;24;21,38551;0,1361978;0,06545956;-0,119432;-0,000929494;0,1040367
10;complexWire;1;3;14,08419;24;21,38551;0,08260541;0,04265909;-0,06789599;0,0198492;0,1088363
10;complexWire;1;3;14,11187;24;21,38551;0,141709;0,0444342;-0,1208334;-0,05921437;0,1032814
10;complexWire;1;3;14,14001;24;21,38551;0,1053528;0,03255698;-0,05462334;-0,08399736;0,102755
10;complexWire;1;3;14,16781;24;21,38551;0,04911926;0,01512291;-0,02232392;-0,04105657;0,1020249
10;complexWire;1;3;14,19587;24;21,38551;0,07331561;0,06698786;0,02940311;-0,004823029;0,1018295
10;complexWire;1;3;14,22324;24;21,38551;0,1116854;0,06755301;0,03330131;0,08246969;0,1033405
10;complexWire;1;3;14,25132;24;21,38551;0,1784206;0,0510566;0,1298006;0,1112607;0,1055601
10;complexWire;1;3;14,27893;24;21,38551;0,3546406;0,05764383;0,287886;0,1989191;0,108161
10;complexWire;1;3;14,30753;24;21,38551;0,2187357;0,03068194;0,1642998;0,141101;0,1043708
10;complexWire;1;3;14,33471;24;21,38551;0,2684126;0,02187896;0,1976348;0,1802973;0,1067893
10;complexWire;1;3;14,36262;24;21,38551;0,2838916;0,01406304;0,2063915;0,1944202;0,09551304
10;complexWire;1;3;14,39043;24;21,38551;0,306681;0,02359009;0,1760633;0,2499969;0,09881605
10;complexWire;1;3;14,41844;24;21,38551;0,4593659;0,03606349;0,2897428;0,3546344;0,09922142
10;complexWire;1;3;14,44614;24;21,38551;0,3474039;0,005394216;0,2771773;0,2093636;0,09739467
10;complexWire;1;3;14,47387;24;21,38551;0,2999223;0,02248663;0,2613553;0,1454;0,08997463
10;complexWire;1;3;14,50193;24;21,38551;0,2397608;0,02382824;0,1846367;0,1510852;0,09607239
10;complexWire;1;3;14,52962;24;21,38551;0,4285151;0,006552351;0,3727332;0,2113108;0,1061879
10;complexWire;1;3;14,55771;24;21,38551;0,3198161;0,03041196;0,2664403;0,1742614;0,1021828
10;complexWire;1;3;14,58552;24;21,38551;0,09403566;0,03214411;0,08571245;0,02151365;0,1042146
10;complexWire;1;3;14,61311;24;21,38551;0,192888;0,01533707;0,1918017;0,01351504;0,1044939
10;complexWire;1;3;14,64109;24;21,38551;0,1378002;0,01094185;0,1312369;-0,04057137;0,1040896
10;complexWire;1;3;14,6693;24;21,38551;0,1132639;0,02122382;0,04149093;0,1032316;0,0944356
10;complexWire;1;3;14,69686;24;21,38551;0,2311371;0,01130751;0,06369449;0,2218998;0,09923419
10;complexWire;1;3;14,72474;24;21,38551;0,05594165;0,00939767;0,02721998;0,04796065;0,08991762
10;complexWire;1;3;14,75256;24;21,38551;0,04785518;0,0165191;-0,04487319;-0,001906543;0,09080941
10;complexWire;1;3;14,78023;24;21,38551;0,08658153;-0,009045016;0,03967796;0,07642125;0,09312925
10;complexWire;1;3;14,80806;24;21,38551;0,2590108;-0,04822073;0,1900915;0,1691939;0,08894046
10;complexWire;1;3;14,8359;24;21,38551;0,1919769;-0,04269021;0,1610815;0,09531745;0,09201775
10;complexWire;1;3;14,86396;24;21,38551;0,1828616;-0,04181962;0,1437202;0,1050427;0,0959264
10;complexWire;1;3;14,8917;24;21,38551;0,304462;-0,07173287;0,2305334;0,1854882;0,08721826
10;complexWire;1;3;14,91968;24;21,38551;0,3908459;-0,08505809;0,2359279;0,2997727;0,1116082
10;complexWire;1;3;14,94739;24;21,38551;0,1961807;-0,04626649;0,1486367;0,1193877;0,1053871
10;complexWire;1;3;14,97543;24;21,38551;0,250702;-0,06295332;0,2196235;0,1032176;0,1095283
10;complexWire;1;3;15,00339;24;21,38551;0,217148;-0,045233;0,1461098;0,15414;0,1075458
10;complexWire;1;3;15,03079;24;21,38551;0,2394673;-0,01045284;-0,06181987;0,2311139;0,09987345
10;complexWire;1;3;15,05868;24;21,38551;0,1482451;0,01722504;-0,1227628;0,08129703;0,0962591
10;complexWire;1;3;15,08675;24;21,38551;0,08556951;-0,0006045743;-0,02548875;0,08168292;0,09202075
10;complexWire;1;3;15,11456;24;21,38551;0,08500355;0,02331167;-0,07727902;-0,0266481;0,09591284
10;complexWire;1;3;15,14218;24;21,38551;0,1329035;0,02662793;-0,1243495;0,03861961;0,09610573
10;complexWire;1;3;15,17061;24;21,38551;0,2979472;0,01633169;-0,1520286;0,2557207;0,09876059
10;complexWire;1;3;15,19807;24;21,38551;0,112165;0,02868546;-0,09592014;0,05057123;0,101623
10;complexWire;1;3;15,22584;24;21,38551;0,1077362;0,02802293;-0,08883944;-0,05412347;0,09929798
10;complexWire;1;3;15,25348;24;21,38551;0,2695808;0,01881749;0,09687424;-0,2508686;0,09543848
10;complexWire;1;3;15,28137;24;21,38551;0,188912;-0,007712929;0,1234297;-0,1428054;0,0981984
10;complexWire;1;3;15,30983;24;21,38551;0,2404397;0,02915291;-0,1703727;0,1671362;0,09723026
10;complexWire;1;3;15,33785;24;21,38551;0,51915;0,03922769;-0,3155393;0,4103814;0,1055475
10;complexWire;1;3;15,36503;24;21,38551;0,08188697;-0,006060363;0,06063741;0,05469783;0,09878757
10;complexWire;1;3;15,39266;24;21,38551;0,2734087;-0,005869382;0,1836292;-0,20248;0,09718187
10;complexWire;1;3;15,42089;24;21,38551;0,07057103;-0,003435371;0,07033993;-0,004556493;0,09550767
10;complexWire;1;3;15,44875;24;21,38551;0,1421794;0,02626716;-0,08853763;0,1081023;0,09605733
10;complexWire;1;3;15,47629;24;21,38551;0,1144381;0,03116478;-0,08448634;0,07061794;0,09847674
10;complexWire;1;3;15,50408;24;21,38551;0,1852159;0,03362977;-0,1541272;0,09705029;0,1031167
10;complexWire;1;3;15,53201;24;21,38551;0,2864537;0,01335523;-0,1279684;0,2559325;0,1071001
10;complexWire;1;3;15,56014;24;21,38551;0,1158519;-0,004350695;0,009939164;0,1153427;0,112398
10;complexWire;1;3;15,58777;24;21,38551;0,06326014;0,006602883;-0,01652867;0,06070461;0,1066067
10;complexWire;1;3;15,61576;24;21,38551;0,1582199;0,02095786;-0,1187603;0,1024222;0,1091477
10;complexWire;1;3;15,64366;24;21,38551;0,082385;-0,009124596;0,05524766;0,06042951;0,1016529
10;complexWire;1;3;15,67127;24;21,38551;0,1093449;0,007310225;-0,0482972;0,09782763;0,1034276
10;complexWire;1;3;15,69947;24;21,38551;0,1356423;0,01685586;-0,08277135;0,1061302;0,09719229
10;complexWire;1;3;15,72714;24;21,38551;0,1722739;-0,01473853;0,0456389;0,1654634;0,1022677
10;complexWire;1;3;15,75493;24;21,38551;0,1698192;-0,009040111;0,02259407;0,1680665;0,1301108
10;complexWire;1;3;15,78267;24;21,38551;0,1796946;0,02196605;-0,1244515;0,1277477;0,1063023
10;complexWire;1;3;15,81044;24;21,38551;0,247351;0,003507334;-0,06858584;0,2376262;0,1027346
10;complexWire;1;3;15,8383;24;21,38551;0,294198;-0,0004359941;-0,06512124;0,2868998;0,1098204
10;complexWire;1;3;15,86665;24;21,38551;0,1604939;0,02321943;-0,1267841;0,09562915;0,1070823
10;complexWire;1;3;15,894;24;21,38551;0,4074618;0,01153982;-0,230617;0,3357197;0,1061218
10;complexWire;1;3;15,92203;24;21,38551;0,1306189;0,007056395;-0,06776138;0,1114446;0,1128226
10;complexWire;1;3;15,95011;24;21,38551;0,1367053;0,01644872;-0,1050182;0,08595914;0,1005119
10;complexWire;1;3;15,97747;24;21,38551;0,2719005;0,03650479;-0,2467898;0,1081299;0,1055381
10;complexWire;1;3;16,00508;24;21,38551;0,268868;0,04307275;-0,2617792;0,04366205;0,1021688
10;complexWire;1;3;16,03307;24;21,38551;0,5013825;0,06084281;-0,4826379;0,1214219;0,09179605
10;complexWire;1;3;16,06097;24;21,38551;0,2936533;0,04845581;-0,2894639;-0,009745823;0,104584
10;complexWire;1;3;16,08929;24;21,38551;0,3056364;0,05874288;-0,2576306;-0,1535884;0,1028935
10;complexWire;1;3;16,11666;24;21,38551;0,1321622;0,02076773;-0,1301287;-0,01010206;0,1073467
10;complexWire;1;3;16,14468;24;21,38551;0,2623546;0,03814383;-0,2567879;-0,03788094;0,1069624
10;complexWire;1;3;16,17265;24;21,38551;0,3406903;0,02663703;-0,3302595;0,07930315;0,1038075
10;complexWire;1;3;16,2006;24;21,38551;0,218764;0,002962804;-0,1751964;0,1309776;0,1021297
10;complexWire;1;3;16,22793;24;21,38551;0,2094953;0,01818727;-0,2086736;0,003578539;0,1057349
10;complexWire;1;3;16,25601;24;21,38551;0,1598382;0,01387099;-0,1551757;-0,03572575;0,1014452
10;complexWire;1;3;16,28355;24;21,38551;0,168102;0,006014735;-0,1641195;0,03587309;0,1065569
10;complexWire;1;3;16,31158;24;21,38551;0,269361;0,0004547237;-0,2477271;0,105766;0,1027567
10;complexWire;1;3;16,33935;24;21,38551;0,1995434;0,002144111;-0,1905852;0,05907849;0,1082296
10;complexWire;1;3;16,3674;24;21,38551;0,1989315;-0,002236905;-0,1809357;0,08264975;0,1051512
10;complexWire;1;3;16,39503;24;21,38551;0,2918093;-0,001356449;-0,2734163;0,1019527;0,1099499
10;complexWire;1;3;16,42299;24;21,38551;0,1840804;-0,0003624088;-0,1771516;0,05002778;0,1070995
10;complexWire;1;3;16,45086;24;21,38551;0,238206;-0,002581533;-0,2303187;0,06073462;0,1031526
10;complexWire;1;3;16,47899;24;21,38551;0,232647;-0,01149846;-0,2148252;0,08855822;0,1088987
10;complexWire;1;3;16,50652;24;21,38551;0,1919012;-0,004496627;-0,1907886;0,02013893;0,104654
10;complexWire;1;3;16,5346;24;21,38551;0,2706618;-0,01285154;-0,2692004;0,02497664;0,1105075
10;complexWire;1;3;16,56258;24;21,38551;0,1919677;-0,02006243;-0,185402;0,0455542;0,1075422
10;complexWire;1;3;16,59033;24;21,38551;0,2550254;-0,02708451;-0,2530058;0,0171016;0,1035406
10;complexWire;1;3;16,61786;24;21,38551;0,3156943;-0,03583725;-0,3136015;0,005716786;0,1106162
10;complexWire;1;3;16,64629;24;21,38551;0,1942713;-0,0338994;-0,1910699;-0,009190877;0,107424
10;complexWire;1;3;16,67361;24;21,38551;0,2364415;-0,03770459;-0,2214101;-0,07389537;0,1028697
10;complexWire;1;3;16,70164;24;21,38551;0,1608818;-0,04001706;-0,1540686;-0,02333354;0,107728
10;complexWire;1;3;16,72912;24;21,38551;0,2515989;-0,05889089;-0,2426488;0,03091021;0,1025863
10;complexWire;1;3;16,75748;24;21,38551;0,298719;-0,0694028;-0,2853633;0,05462711;0,110374
10;complexWire;1;3;16,78491;24;21,38551;0,3499584;-0,05846142;-0,3437409;0,02992348;0,07236142
10;complexWire;1;3;16,81255;24;21,38551;0,4552608;-0,06200884;-0,4503521;0,02449964;0,07226264
10;complexWire;1;3;16,82823;24;21,38551;0,3996124;-0,07084937;-0,3876162;0,06651381;0,07633505
10;complexWire;1;3;16,85425;24;21,38551;0,2290356;-0,04878853;-0,2233479;0,0138814;0,07774954
10;complexWire;1;3;16,87057;24;21,38551;0,2738904;-0,06172097;-0,2561513;0,07478634;0,07562002
10;complexWire;1;3;16,89596;24;21,38551;0,2687444;-0,04941691;-0,2492695;0,08744282;0,0799383
10;complexWire;1;3;16,92365;24;21,38551;0,1115613;-0,02449361;-0,1029705;0,03525708;0,07831266
10;complexWire;1;3;16,93933;24;21,38551;0,1115613;-0,02449361;-0,1029705;0,03525708;0,08471031
10;complexWire;1;3;16,96545;24;21,38551;0,1864323;-0,01571499;-0,1857649;-0,001211183;0,0809837
10;complexWire;1;3;16,98034;24;21,38551;0,1723257;-0,01434817;-0,1716875;0,003697621;0,08621543
10;complexWire;1;3;17,00704;24;21,38551;0,2492637;-0,02235929;-0,2384642;0,06904548;0,08360194
10;complexWire;1;3;17,0218;24;21,38551;0,4622801;-0,0455747;-0,4164327;0,1954728;0,08233048
10;complexWire;1;3;17,03598;24;21,38551;0,4622801;-0,0455747;-0,4164327;0,1954728;0,08127137
10;complexWire;1;3;17,05053;24;21,38551;0,8290884;-0,08714483;-0,7265559;0,3897562;0,07870819
10;complexWire;1;3;17,06469;24;21,38551;0,6126375;-0,05898456;-0,5321496;0,2977622;0,08354126
10;complexWire;1;3;17,09051;24;21,38551;0,1991812;-0,01410557;-0,1722295;0,0990514;0,08070483
10;complexWire;1;3;17,10543;24;21,38551;0,2530338;-0,01236243;-0,2378812;0,08535679;0,07986587
10;complexWire;1;3;17,11897;24;21,38551;0,2530338;-0,01236243;-0,2378812;0,08535679;0,08602599
10;complexWire;1;3;17,13281;24;21,38551;0,337863;-0,02482622;-0,2713186;0,1998031;0,08511982
10;complexWire;1;3;17,14694;24;21,38551;0,4665169;-0,047775;-0,3687718;0,2817143;0,07793713
10;complexWire;1;3;17,16003;24;21,38551;0,5009463;-0,05310745;-0,4306212;0,2503842;0,09210685
10;complexWire;1;3;17,17407;24;21,38551;0,5009463;-0,05310745;-0,4306212;0,2503842;0,06922419
10;complexWire;1;3;17,18801;24;21,38551;0,5791886;-0,06887636;-0,4593398;0,3460094;0,1000766
10;complexWire;1;3;17,20192;24;21,38551;0,4135136;-0,04498187;-0,3195054;0,2586241;0,09508015
10;complexWire;1;3;17,21567;24;21,38551;0,4135136;-0,04498187;-0,3195054;0,2586241;0,09845984
10;complexWire;1;3;17,22978;24;21,38551;0,1816526;-0,01242732;-0,1336844;0,1223589;0,09131313
10;complexWire;1;3;17,24397;24;21,38551;0,1815598;-0,01667928;-0,1202327;0,135018;0,0929453
10;complexWire;1;3;17,25801;24;21,38551;0,1815598;-0,01667928;-0,1202327;0,135018;0,09473729
10;complexWire;1;3;17,27172;24;21,38551;0,3679639;-0,0565514;-0,2576125;0,2565836;0,0979665
10;complexWire;1;3;17,28572;24;21,38551;0,2774611;-0,0431907;-0,193329;0,1942758;0,1017772
10;complexWire;1;3;17,29977;24;21,38551;0,2774611;-0,0431907;-0,193329;0,1942758;0,1043425
10;complexWire;1;3;17,3138;24;21,38551;0,3475176;-0,05938862;-0,1957662;0,2809218;0,09929987
10;complexWire;1;3;17,32765;24;21,38551;0,3063875;-0,05431695;-0,1511551;0,2609121;0,1028215
10;complexWire;1;3;17,34195;24;21,38551;0,2439709;-0,04427151;-0,0900547;0,222378;0,1057792
10;complexWire;1;3;17,35572;24;21,38551;0,2439709;-0,04427151;-0,0900547;0,222378;0,08955105
10;complexWire;1;3;17,36939;24;21,38551;0,232219;-0,03441353;0,03380102;0,2271539;0,09279171
10;complexWire;1;3;17,38349;24;21,38551;0,2685035;-0,0492571;-0,005108363;0,2638972;0,09634832
10;complexWire;1;3;17,39734;24;21,38551;0,2685035;-0,0492571;-0,005108363;0,2638972;0,1001544
10;complexWire;1;3;17,41126;24;21,38551;0,4738061;-0,10328;-0,161794;0,4331837;0,1059256
10;complexWire;1;3;17,42535;24;21,38551;0,4056332;-0,08313081;-0,1938957;0,3464563;0,1030623
10;complexWire;1;3;17,4392;24;21,38551;0,4056332;-0,08313081;-0,1938957;0,3464563;0,09785498
10;complexWire;1;3;17,45308;24;21,38551;0,2617758;-0,04739586;-0,09469889;0,2393999;0,1013138
10;complexWire;1;3;17,46723;24;21,38551;0,1438345;-0,01594727;0,03169768;0,139389;0,08568501
10;complexWire;1;3;17,4811;24;21,38551;0,1775382;-0,003489552;0,1334205;0,1170752;0,08373249
10;complexWire;1;3;17,49497;24;21,38551;0,1775382;-0,003489552;0,1334205;0,1170752;0,09836403
10;complexWire;1;3;17,50895;24;21,38551;0,3116946;-0,04668812;0,102241;0,2907242;0,1019934
10;complexWire;1;3;17,52265;24;21,38551;0,3401667;-0,06533631;-0,004255281;0,333806;0,1088428
10;complexWire;1;3;17,53647;24;21,38551;0,3401667;-0,06533631;-0,004255281;0,333806;0,07779498
10;complexWire;1;3;17,55046;24;21,38551;0,259389;-0,04151356;-0,03978973;0,2529349;0,08353554
10;complexWire;1;3;17,56451;24;21,38551;0,2463609;-0,04139011;-0,06948308;0,2327072;0,0809756
10;complexWire;1;3;17,57831;24;21,38551;0,2463609;-0,04139011;-0,06948308;0,2327072;0,07887972
10;complexWire;1;3;17,59227;24;21,38551;0,4500785;-0,09359522;-0,1388713;0,4177623;0,08335974
10;complexWire;1;3;17,60643;24;21,38551;0,235779;-0,02594208;0,04210294;0,2305343;0,07948466
10;complexWire;1;3;17,62031;24;21,38551;0,1899728;0,02894669;0,186158;0,02443246;0,08562696
10;complexWire;1;3;17,63396;24;21,38551;0,1899728;0,02894669;0,186158;0,02443246;0,084687
10;complexWire;1;3;17,64794;24;21,38551;0,3431611;0,03101543;0,3336612;0,07394449;0,08344422
10;complexWire;1;3;17,6619;24;21,38551;0,2076761;-0,02980993;-0,01879629;0,2046642;0,08208146
10;complexWire;1;3;17,67592;24;21,38551;0,2076761;-0,02980993;-0,01879629;0,2046642;0,08075175
10;complexWire;1;3;17,68983;24;21,38551;0,403196;-0,07469702;-0,2007414;0,3415996;0,08603797
10;complexWire;1;3;17,7037;24;21,38551;0,2495309;-0,02913883;-0,1233916;0,2149212;0,08355873
10;complexWire;1;3;17,71809;24;21,38551;0,2495309;-0,02913883;-0,1233916;0,2149212;0,08168917
10;complexWire;1;3;17,73138;24;21,38551;0,1338767;0,05887501;0,1200784;0,006154073;0,08821276
10;complexWire;1;3;17,74557;24;21,38551;0,2685339;0,09131347;0,2394099;-0,0803443;0,08742245
10;complexWire;1;3;17,75961;24;21,38551;0,2685339;0,09131347;0,2394099;-0,0803443;0,0871378
10;complexWire;1;3;17,77311;24;21,38551;0,1176816;0,07451007;0,081973;-0,03971936;0,0800398
10;complexWire;1;3;17,78708;24;21,38551;0,06650155;0,04419826;-0,01995431;0,04550599;0,07823447
10;complexWire;1;3;17,80099;24;21,38551;0,1385144;0,04463665;0,0132122;0,1304578;0,07733823
10;complexWire;1;3;17,815;24;21,38551;0,1385144;0,04463665;0,0132122;0,1304578;0,07553867
10;complexWire;1;3;17,82889;24;21,38551;0,3218528;0,1325672;0,2905255;-0,04012617;0,08306803
10;complexWire;1;3;17,84297;24;21,38551;0,4763149;0,1850087;0,3465819;-0,2693114;0,07418752
10;complexWire;1;3;17,85678;24;21,38551;0,4763149;0,1850087;0,3465819;-0,2693114;0,07551564
10;complexWire;1;3;17,87091;24;21,38551;0,2964672;0,1827995;-0,01232806;-0,2330775;0,07125396
10;complexWire;1;3;17,88496;24;21,38551;0,1842958;0,1081902;-0,1487826;-0,01111634;0,06427361
10;complexWire;1;3;17,89859;24;21,38551;0,1842958;0,1081902;-0,1487826;-0,01111634;0,06310295
10;complexWire;1;3;17,91272;24;21,38551;0,5129246;0,0001931202;-0,092299;0,5045517;0,05800198
10;complexWire;1;3;17,92629;24;21,38551;0,4718099;0,006092931;-0,034961;0,4704733;0,06057543
10;complexWire;1;3;17,94029;24;21,38551;0,2976507;0,06004145;0,008431041;0,2914101;0,05942551
10;complexWire;1;3;17,9545;24;21,38551;0,2976507;0,06004145;0,008431041;0,2914101;0,1058759
10;complexWire;1;3;17,96835;24;21,38551;0,2860736;0,1231467;-0,07053521;0,2483904;0,1091175
10;complexWire;1;3;17,98209;24;21,38551;0,4066586;0,04109889;-0,1295986;0,3832575;0,1033496
10;complexWire;1;3;17,9959;24;21,38551;0,4066586;0,04109889;-0,1295986;0,3832575;0,1072154
10;complexWire;1;3;18,00992;24;21,38551;0,939669;-0,09414033;0,05197967;0,9334953;0,1077188
10;complexWire;1;3;18,02384;24;21,38551;0,7893021;-0,08410208;-0,07189201;0,7815089;0,1055829
10;complexWire;1;3;18,03796;24;21,38551;0,7893021;-0,08410208;-0,07189201;0,7815089;0,1060172
10;complexWire;1;3;18,05175;24;21,38551;0,3860242;0,0839533;-0,2841966;0,247384;0,06660265
10;complexWire;1;3;18,06585;24;21,38551;0,1315782;0,1048495;0,01667514;0,07772604;0,09626153
10;complexWire;1;3;18,07979;24;21,38551;0,1315782;0,1048495;0,01667514;0,07772604;0,09742147
10;complexWire;1;3;18,09361;24;21,38551;0,7598578;-0,03108713;0,5077694;0,5644357;0,1057919
10;complexWire;1;3;18,10733;24;21,38551;0,5596001;-0,02062193;0,3468054;0,4386946;0,1038051
10;complexWire;1;3;18,12152;24;21,38551;0,241143;0,04276345;0,1912979;0,1404505;0,09421492
10;complexWire;1;3;18,13511;24;21,38551;0,241143;0,04276345;0,1912979;0,1404505;0,1438922
10;complexWire;1;3;18,14935;24;21,38551;0,279065;0,1396587;0,1671753;-0,1744279;0,09688212
10;complexWire;1;3;18,16319;24;21,38551;0,3307517;0,1034187;0,2878936;-0,1257717;0,09365893
10;complexWire;1;3;18,17716;24;21,38551;0,3307517;0,1034187;0,2878936;-0,1257717;0,08938019
10;complexWire;1;3;18,19069;24;21,38551;0,4623258;0,04147431;0,4529002;0,08310529;0,09592428
10;complexWire;1;3;18,20501;24;21,38551;0,3018681;0,03879416;0,2964117;0,04194641;0,1004161
10;complexWire;1;3;18,21938;24;21,38551;0,3018681;0,03879416;0,2964117;0,04194641;0,1038298
10;complexWire;1;3;18,23236;24;21,38551;0,2822073;0,06248103;0,2710408;-0,04768642;0,1316305
10;complexWire;1;3;18,24679;24;21,38551;0,2528602;-0,003450755;0,2214276;0,12205;0,1090355
10;complexWire;1;3;18,26138;24;21,38551;0,3521575;-0,04766006;0,2462655;0,2471774;0,1126592
10;complexWire;1;3;18,27508;24;21,38551;0,3521575;-0,04766006;0,2462655;0,2471774;0,1172372
10;complexWire;1;3;18,28859;24;21,38551;0,3402606;0,1211426;0,1313169;-0,2895817;0,1033064
10;complexWire;1;3;18,30317;24;21,38551;0,2725015;0,08753907;0,08413287;-0,2439582;0,1318504
10;complexWire;1;3;18,31706;24;21,38551;0,2725015;0,08753907;0,08413287;-0,2439582;0,1288302
10;complexWire;1;3;18,33073;24;21,38551;0,1714985;0,01453085;0,1707905;-0,005587011;0,0680175
10;complexWire;1;3;18,34548;24;21,38551;0,1190882;-0,01477832;0,07119936;0,09430929;0,08745282
10;complexWire;1;3;18,35947;24;21,38551;0,1190882;-0,01477832;0,07119936;0,09430929;0,08871479
10;complexWire;1;3;18,37341;24;21,38551;0,2453183;-0,04601653;0,1070997;0,2158546;0,07018377
10;complexWire;1;3;18,39866;24;21,38551;0,1310667;-0,01341162;0,05240994;0,119381;0,06861474
10;complexWire;1;3;18,41292;24;21,38551;0,08405226;0,02565841;-0,07963498;0,008043532;0,0814328
10;complexWire;1;3;18,42718;24;21,38551;0,1467087;0,02768496;-0,1437078;-0,01024938;0,08016995
10;complexWire;1;3;18,44115;24;21,38551;0,06125058;0,009262571;-0,04302976;0,04259435;0,07850928
10;complexWire;1;3;18,45504;24;21,38551;0,06125058;0,009262571;-0,04302976;0,04259435;0,1052929
10;complexWire;1;3;18,46971;24;21,38551;0,5740008;-0,1161567;0,3382829;0,4489423;0,1098861
10;complexWire;1;3;18,48408;24;21,38551;0,5199856;-0,1011991;0,3075502;0,4068865;0,1114996
10;complexWire;1;3;18,49812;24;21,38551;0,5199856;-0,1011991;0,3075502;0,4068865;0,1177588
10;complexWire;1;3;18,51235;24;21,38551;0,2002334;-0,02013621;0,1272152;0,1533109;0,09966169
10;complexWire;1;3;18,53822;24;21,38551;0,2825698;0,0107491;0,2823453;0,003357612;0,09623421
10;complexWire;1;3;18,55252;24;21,38551;0,3468774;-0,0006522613;0,3459592;0,02521305;0,1213253
10;complexWire;1;3;18,56777;24;21,38551;0,1172987;0,002228296;0,1146674;0,02460475;0,09816796
10;complexWire;1;3;18,59432;24;21,38551;0,1316956;-0,01478914;0,121868;0,04767803;0,09673369
10;complexWire;1;3;18,60955;24;21,38551;0,3400014;-0,07230625;0,2636644;0,2021234;0,09623247
10;complexWire;1;3;18,6363;24;21,38551;0,2475023;-0,05642088;0,1700632;0,1707413;0,09195746
10;complexWire;1;3;18,65209;24;21,38551;0,06772489;0,02349219;-0,01164415;-0,0624435;0,09542777
10;complexWire;1;3;18,67764;24;21,38551;0,1006432;0,02624939;0,04048467;-0,08832341;0,09311116
10;complexWire;1;3;18,69315;24;21,38551;0,1235422;0,0249726;0,08128382;-0,08962133;0,09096815
10;complexWire;1;3;18,71932;24;21,38551;0,1038506;0,01697145;0,08448117;-0,0579642;0,09659911
10;complexWire;1;3;18,73572;24;21,38551;0,2109565;0,01067548;0,2053413;-0,0471551;0,09470222
10;complexWire;1;3;18,76086;24;21,38551;0,1712483;0,05486502;0,001087051;-0,1622179;0,09027766
10;complexWire;1;3;18,77649;24;21,38551;0,1712483;0,05486502;0,001087051;-0,1622179;0,09311934
10;complexWire;1;3;18,80271;24;21,38551;0,2623887;0,08090863;0,04112947;-0,246191;0,08462697
10;complexWire;1;3;18,81783;24;21,38551;0,2623887;0,08090863;0,04112947;-0,246191;0,1043927
10;complexWire;1;3;18,84491;24;21,38551;0,0403679;0,009097405;0,01006181;-0,03802058;0,1109825
10;complexWire;1;3;18,86034;24;21,38551;0,1344395;0,002589799;-0,09549641;-0,09459226;0,1114232
10;complexWire;1;3;18,88668;24;21,38551;0,08006536;0,002370894;-0,06340577;-0,04883185;0,1111091
10;complexWire;1;3;18,90254;24;21,38551;0,04643925;-0,01230349;-0,02978139;-0,03344095;0,1108714
10;complexWire;1;3;18,9283;24;21,38551;0,01535181;-0,003116742;0,01348144;0,00664942;0,1107921
10;complexWire;1;3;18,9443;24;21,38551;0,01927399;-0,00530953;-0,01251027;-0,01366706;0,1108131
10;complexWire;1;3;18,96986;24;21,38551;0,03345579;-0,00885392;-0,02217633;-0,02343306;0,1107207
10;complexWire;1;3;18,98548;24;21,38551;0,03268822;-0,02859859;-0,002792656;-0,01558337;0,1106518
10;complexWire;1;3;19,0117;24;21,38551;0,04576358;0,0002447367;0,03579843;0,0285082;0,1106742
10;complexWire;1;3;19,02716;24;21,38551;0,006775998;0,003230877;-0,002146721;-0,005555823;0,1107685
10;complexWire;1;3;19,05375;24;21,38551;0,07198739;-0,003660485;-0,04821876;-0,0533267;0,1109225
10;complexWire;1;3;19,08153;24;21,38551;0,051697;0,008629084;0,05049297;-0,006969869;0,1121289
10;complexWire;1;3;19,09682;24;21,38551;0,051697;0,008629084;0,05049297;-0,006969869;0,1049022
10;complexWire;1;3;19,12323;24;21,38551;0,09346077;0,004513785;0,09251541;-0,01246756;0,1071035
10;complexWire;1;3;19,13861;24;21,38551;0,09346077;0,004513785;0,09251541;-0,01246756;0,1083759
10;complexWire;1;3;19,16519;24;21,38551;0,2120946;0,0170509;0,2113649;0,0042741;0,1127746
10;complexWire;1;3;19,18036;24;21,38551;0,1001757;0,02661157;0,09318015;-0,02538615;0,1074275
10;complexWire;1;3;19,20722;24;21,38551;0,05784402;-0,004140049;0,054465;-0,01903564;0,1098675
10;complexWire;1;3;19,22224;24;21,38551;0,1551711;0,02828918;0,1514017;0,01884975;0,1108447
10;complexWire;1;3;19,24842;24;21,38551;0,2361961;0,06068866;0,2272447;0,02157249;0,1068612
10;complexWire;1;3;19,26489;24;21,38551;0,3561134;0,07150307;0,3488282;-0,004792045;0,1104858
10;complexWire;1;3;19,2901;24;21,38551;0,3598028;0,01434741;0,323754;0,1563188;0,1090336
10;complexWire;1;3;19,30659;24;21,38551;0,4303035;-0,04378572;0,2433691;0,3521581;0,1107684
10;complexWire;1;3;19,33196;24;21,38551;0,3282617;-0,02349796;0,1969693;0,2615466;0,103007
10;complexWire;1;3;19,34835;24;21,38551;0,3482288;-0,02169356;0,2346587;0,2563747;0,1038926
10;complexWire;1;3;19,37335;24;21,38551;0,3646688;-0,03822688;0,2500174;0,2627038;0,1083258
10;complexWire;1;3;19,38974;24;21,38551;0,5193006;-0,07395761;0,3208874;0,4015405;0,09736557
10;complexWire;1;3;19,41508;24;21,38551;0,1867888;-0,01502571;0,1658793;0,08454785;0,0918427
10;complexWire;1;3;19,43153;24;21,38551;0,1221619;-0,04020469;0,1136861;0,01956014;0,1019282
10;complexWire;1;3;19,45687;24;21,38551;0,04358976;-0,03865693;-0,01954833;0,004855081;0,1018951
10;complexWire;1;3;19,48533;24;21,38551;0,04173534;-0,01286882;0,03955412;-0,003421128;0,1016121
10;complexWire;1;3;19,51308;24;21,38551;0,06246633;-0,01109614;0,05999221;-0,01341094;0,1008535
10;complexWire;1;3;19,54103;24;21,38551;0,06193236;-0,01453675;0,0588939;-0,01248229;0,09994686
10;complexWire;1;3;19,569;24;21,38551;0,05699483;0,02577506;0,03050689;-0,04066185;0,09900888
10;complexWire;1;3;19,59725;24;21,38551;0,06969338;0,02405964;0,06089901;-0,02386652;0,09753186
10;complexWire;1;3;19,6247;24;21,38551;0,0892138;0,0182362;0,08381569;-0,02452495;0,09625617
10;complexWire;1;3;19,6526;24;21,38551;0,1173539;0,01747137;0,1117096;-0,03142677;0,09460835
10;complexWire;1;3;19,68064;24;21,38551;0,08076384;0,03023889;0,07109905;-0,02352303;0,1027432
10;complexWire;1;3;19,70849;24;21,38551;0,09515882;0,04791262;0,06834199;-0,04570509;0,1015552
10;complexWire;1;3;19,73638;24;21,38551;0,2163903;0,02573105;0,1854665;-0,1084658;0,09973736
10;complexWire;1;3;19,76443;24;21,38551;0,153442;0,02213416;0,1121457;-0,1023615;0,09622885
10;complexWire;1;3;19,79204;24;21,38551;0,1240842;0,02198486;0,09449451;-0,07735859;0,09381732
10;complexWire;1;3;19,82038;24;21,38551;0,1501201;0,0145709;0,1264024;-0,07966278;0,09176949
10;complexWire;1;3;19,84789;24;21,38551;0,3178416;0,03947817;0,2364918;-0,2086537;0,09856313
10;complexWire;1;3;19,87586;24;21,38551;0,1972848;0,01995691;0,1537591;-0,1219884;0,0943258
10;complexWire;1;3;19,90352;24;21,38551;0,157574;0,02889035;0,08540093;-0,1292346;0,09095521
10;complexWire;1;3;19,93155;24;21,38551;0,3124392;0,06782643;0,1100555;-0,2844392;0,08556421
10;complexWire;1;3;19,95896;24;21,38551;0,2690453;0,05337394;0,1176118;-0,2360171;0,07874238
10;complexWire;1;3;19,98702;24;21,38551;0,2612254;0,05062281;0,123089;-0,224778;0,1493665
10;complexWire;1;3;20,01472;24;21,38551;0,4240236;0,08118583;0,1565644;-0,3856066;0,1475627
10;complexWire;1;3;20,04267;24;21,38551;0,2975264;0,04037879;0,1682546;-0,2420371;0,0943772
10;complexWire;1;3;20,07061;24;21,38551;0,1886509;0,003513644;0,1571973;-0,1042393;0,1214523
10;complexWire;1;3;20,09821;24;21,38551;0,1986774;-0,0008932313;0,1668799;-0,1078101;0,1132471
10;complexWire;1;3;20,12621;24;21,38551;0,1051566;-0,01358373;0,1033054;-0,01419101;0,1163551
10;complexWire;1;3;20,15401;24;21,38551;0,07443015;-0,02235238;0,04616233;0,05393752;0,1444786
10;complexWire;1;3;20,1819;24;21,38551;0,08085938;-0,02476487;0,04381374;0,06328741;0,1423602
10;complexWire;1;3;20,21006;24;21,38551;0,1192074;-0,03200649;0,1070405;0,04157323;0,1407457
10;complexWire;1;3;20,23781;24;21,38551;0,1897603;-0,05574048;0,1536251;0,09644323;0,1385685
10;complexWire;1;3;20,26596;24;21,38551;0,1803559;-0,05651557;0,1309133;0,1104354;0,1346829
10;complexWire;1;3;20,29327;24;21,38551;0,1230417;-0,03046793;0,1182638;0,01498837;0,1336541
10;complexWire;1;3;20,32104;24;21,38551;0,07812868;-0,01636063;0,07620954;-0,005341019;0,1335414
10;complexWire;1;3;20,3491;24;21,38551;0,09381741;-0,01991411;0,09103268;-0,01087139;0,1339251
10;complexWire;1;3;20,3769;24;21,38551;0,1053104;-0,01859919;0,1024582;-0,01570611;0,1343453
10;complexWire;1;3;20,40481;24;21,38551;0,08097191;-0,01133158;0,07847902;-0,01640395;0,1334049
10;complexWire;1;3;20,43263;24;21,38551;0,1020084;-0,008410731;0,09544177;-0,03501205;0,1340977
10;complexWire;1;3;20,46057;24;21,38551;0,09431013;-0,006337211;0,07616159;-0,05525986;0,135223
10;complexWire;1;3;20,48846;24;21,38551;0,08940152;-0,007580199;0,07520086;-0,04774939;0,1269836
10;complexWire;1;3;20,51603;24;21,38551;0,08120538;0,001002251;0,0520437;-0,06232786;0,1281099
10;complexWire;1;3;20,54387;24;21,38551;0,0612073;0,002255419;0,03553687;-0,0497833;0,1386537
10;complexWire;1;3;20,57208;24;21,38551;0,04870514;-0,004539032;0,0432985;-0,02183639;0,1396117
10;complexWire;1;3;20,59977;24;21,38551;0,02297765;-0,001840988;0,0225606;-0,003949997;0,1394196
10;complexWire;1;3;20,6275;24;21,38551;0,0357944;-0,003522555;0,03528598;0,004871399;0,1409806
10;complexWire;1;3;20,65522;24;21,38551;0,1489104;-0,03429267;0,07418397;0,1244791;0,1390724
10;complexWire;1;3;20,68326;24;21,38551;0,1687657;-0,03874859;0,1079635;0,1237913;0,1353308
10;complexWire;1;3;20,71142;24;21,38551;0,2336186;-0,05549994;0,1681775;0,1523605;0,1327918
10;complexWire;1;3;20,73894;24;21,38551;0,2752528;-0,06646063;0,1309738;0,2327938;0,1283756
10;complexWire;1;3;20,76718;24;21,38551;0,2175869;-0,05180306;0,1246434;0,170659;0,1331395
10;complexWire;1;3;20,79477;24;21,38551;0,2288168;-0,05885133;0,09114612;0,2014598;0,1297697
10;complexWire;1;3;20,82237;24;21,38551;0,1262731;-0,009320185;0,0475612;0,1166017;0,12982
10;complexWire;1;3;20,85045;24;21,38551;0,07497751;0,01746463;0,04611006;0,0564843;0,1005456
10;complexWire;1;3;20,87799;24;21,38551;0,05367679;0,004861832;0,03684228;0,0387325;0,09975169
10;complexWire;1;3;20,9059;24;21,38551;0,05454355;-0,002307951;0,0194207;0,05091669;0,09894408
10;complexWire;1;3;20,93372;24;21,38551;0,08291049;-0,006317526;0,0390368;0,07287227;0,09757583
10;complexWire;1;3;20,96184;24;21,38551;0,0511691;-0,01268919;0,02316967;0,04382268;0,09600787
10;complexWire;1;3;20,9895;24;21,38551;0,08610886;-0,03062629;0,03096311;0,07428359;0,1314923
10;complexWire;1;3;21,01732;24;21,38551;0,09738503;-0,02122688;0,03257253;0,08928771;0,1296388
10;complexWire;1;3;21,04519;24;21,38551;0,06783316;-0,01194127;0,0009628506;0,06676689;0,09035397
10;complexWire;1;3;21,07316;24;21,38551;0,1508325;-0,05518779;0,02320569;0,1384422;0,08778266
10;complexWire;1;3;21,10098;24;21,38551;0,07023752;-0,03216017;0,03383829;0,05247859;0,09903561
10;complexWire;1;3;21,12905;24;21,38551;0,03946986;-0,008592848;0,03468909;0,01675409;0,0984472
10;complexWire;1;3;21,1567;24;21,38551;0,06169787;-0,0207337;0,05190278;0,02613125;0,09847645
10;complexWire;1;3;21,18432;24;21,38551;0,04393147;-0,01838858;0,03520046;0,01878194;0,09818707
10;complexWire;1;3;21,21208;24;21,38551;0,07366355;-0,02288806;0,05147659;0,04746173;0,09801981
10;complexWire;1;3;21,24034;24;21,38551;0,05682581;-0,02468236;0,04371929;0,02661911;0,09735189
10;complexWire;1;3;21,26792;24;21,38551;0,09001197;-0,020162;0,07450928;0,04630352;0,09738029
10;complexWire;1;3;21,29577;24;21,38551;0,09999333;-0,03333273;0,07016009;0,0629695;0,09721928
10;complexWire;1;3;21,32366;24;21,38551;0,06603637;-0,03226371;0,04552812;0,03531352;0,09664636
10;complexWire;1;3;21,35149;24;21,38551;0,2301974;-0,06569215;0,1267953;0,1805501;0,09591413
10;complexWire;1;3;21,37943;24;21,38551;0,2059811;-0,02364534;0,06514256;0,1939731;0,09347517
10;complexWire;1;3;21,40721;24;21,38551;0,09652699;-0,03446324;0,04370669;0,07886362;0,1002575
10;complexWire;1;3;21,4351;24;21,38551;0,1774655;-0,01793937;0,003907405;0,1765132;0,09808484
10;complexWire;1;3;21,46333;24;21,38551;0,129811;-0,03079183;-0,02492364;0,1236187;0,09425441
10;complexWire;1;3;21,49069;24;21,38551;0,1968681;-0,007876471;-0,03783615;0,1930374;0,09939588
10;complexWire;1;3;21,5185;24;21,38551;0,7000037;0,3711246;-0,510237;0,3031996;0,09762078
10;complexWire;1;3;21,54627;24;21,38551;0,7255291;0,3204058;-0,5665185;0,3206077;0,09248917
10;complexWire;1;3;21,57427;24;21,38551;0,2851691;0,05026722;-0,2074497;0,1891011;0,09228958
10;complexWire;1;3;21,60208;24;21,38551;0,5901881;-0,04741636;-0,3737003;0,4543367;0,08665863
10;complexWire;1;3;21,62996;24;21,38551;0,8009825;-0,2247946;-0,4659454;0,6115025;0,08154139
10;complexWire;1;3;21,65768;24;21,38551;0,7786057;-0,1209107;-0,5813345;0,5036443;0,07369829
10;complexWire;1;3;21,6858;24;21,38551;0,678378;-0,1378805;-0,4548649;0,4840285;0,1305099
10;complexWire;1;3;21,71354;24;21,38551;1,082608;-0,3079759;-0,5332687;0,8904015;0,08041843
10;complexWire;1;3;21,74141;24;21,38551;0,4960099;-0,1065855;-0,3297463;0,35487;0,0801743
10;complexWire;1;3;21,76928;24;21,38551;0,379268;-0,03106834;-0,3151571;0,2086982;0,1217851
10;complexWire;1;3;21,79733;24;21,38551;0,6901752;-0,1725147;-0,3747138;0,5533264;0,08393504
10;complexWire;1;3;21,82481;24;21,38551;0,741726;0,4797559;-0,1043946;0,5559617;0,0888841
10;complexWire;1;3;21,85304;24;21,38551;0,5304656;0,4072185;0,01760644;0,3394951;0,0973875
10;complexWire;1;3;21,88074;24;21,38551;0,1195292;-0,0595022;-0,05901004;0,08523216;0,09882379
10;complexWire;1;3;21,90897;24;21,38551;0,2431258;0,01737766;-0,04526129;0,2382427;0,1023952
10;complexWire;1;3;21,93626;24;21,38551;0,4198945;-0,132553;-0,09713115;0,3864022;0,09660706
10;complexWire;1;3;21,96409;24;21,38551;0,07537228;-0,03417183;0,001313936;0,067168;0,09591342
10;complexWire;1;3;21,99162;24;21,38551;0,3117309;-0,07941654;0,00832621;0,3013301;0,09809922
10;complexWire;1;3;22,01967;24;21,38551;0,1335915;-0,1019809;-0,03675599;0,0780741;0,09673037
10;complexWire;1;3;22,04758;24;21,38551;0,1380409;-0,1054227;-0,0610479;0,06491932;0,09383112
10;complexWire;1;3;22,07573;24;21,38551;0,458632;-0,117529;0,0203157;0,4428515;0,09653386
10;complexWire;1;3;22,10363;24;21,38551;0,8238059;0,5885133;0,1844616;0,5461522;0,09500937
10;complexWire;1;3;22,13146;24;21,38551;0,9366788;0,6098444;0,2055536;0,6805913;0,09542459
10;complexWire;1;3;22,15893;24;21,38551;0,9302124;0,6589544;0,2305232;0,6147627;0,09542459
10;complexWire;1;3;22,18668;24;21,38551;0,9271193;0,4864272;-0,06160756;0,7868565;0,09542457
10;complexWire;1;3;22,2145;24;21,38551;0,9766881;0,5084704;-0,06036342;0,8317054;0,09542457
10;complexWire;1;3;22,24281;24;21,38551;1,017047;0,5042746;-0,06355123;0,8809387;0,09542459
10;complexWire;1;3;22,27025;24;21,38551;1,083014;0,5004045;-0,07555365;0,9574996;0,09542459
10;complexWire;1;3;22,29816;24;21,38551;1,132542;0,5207474;-0,07368167;1,003018;0,09542459
10;complexWire;1;3;22,32603;24;21,38551;1,164085;0,4823656;-0,0944456;1,055223;0,09542459
10;complexWire;1;3;22,35429;24;21,38551;1,267712;0,8532406;0,2281375;0,9094104;0,09542459
10;complexWire;1;3;22,38162;24;21,38551;1,27744;0,8698353;0,2184423;0,9096821;0,09542459
10;complexWire;1;3;22,40963;24;21,38551;1,254405;0,8671708;0,198622;0,8843628;0,09542461
10;complexWire;1;3;22,43741;24;21,38551;1,274806;0,8864417;0,1902013;0,8962004;0,09542458
10;complexWire;1;3;22,46522;24;21,38551;1,313347;0,9291804;0,2025367;0,9058045;0,09542458
10;complexWire;1;3;22,49318;24;21,38551;1,316859;0,9681857;0,2235987;0,8641395;0,09542458
10;complexWire;1;3;22,52092;24;21,38551;1,350191;1,008824;0,2509251;0,8615841;0,09542459
10;complexWire;1;3;22,54884;24;21,38551;1,436689;1,079059;0,2917101;0,9025597;0,09542459
10;complexWire;1;3;22,57679;24;21,38551;1,491635;1,140027;0,3409662;0,8994751;0,09542458
10;complexWire;1;3;22,60456;24;21,38551;1,247951;0,6577904;0,06197555;1,058703;0,09542456
10;complexWire;1;3;22,63258;24;21,38551;1,20926;0,6697057;0,1150514;1,000283;0,09542459
10;complexWire;1;3;22,66006;24;21,38551;1,110541;0,6616027;0,1800604;0,8735911;0,09542459
10;complexWire;1;3;22,68805;24;21,38551;1,109978;0,6783258;0,2054558;0,854232;0,09542459
10;complexWire;1;3;22,7159;24;21,38551;1,538551;1,258419;0,4778388;0,7451117;0,09542459
10;complexWire;1;3;22,74378;24;21,38551;1,139681;0,6828274;0,1869534;0,8931223;0,09542459
10;complexWire;1;3;22,77195;24;21,38551;1,202942;0,7503746;0,2247772;0,9129527;0,09542459
10;complexWire;1;3;22,79965;24;21,38551;1,12012;0,6962881;0,2813657;0,8310753;0,09542458
10;complexWire;1;3;22,82735;24;21,38551;1,578929;1,318361;0,5962424;0,6320081;0,09542459
10;complexWire;1;3;22,855;24;21,38551;1,548394;1,291954;0,560977;0,6431835;0,09542459
10;complexWire;1;3;22,88291;24;21,38551;1,092584;0,655012;0,3065769;0,8189687;0,09542459
10;complexWire;1;3;22,91108;24;21,38551;1,677711;1,389677;0,6510604;0,6779613;0,09542458
10;complexWire;1;3;22,93866;24;21,38551;1,612517;1,33805;0,6542494;0,6178921;0,09542458
10;complexWire;1;3;22,96673;24;21,38551;1,560598;1,296361;0,654693;0,5712193;0,09542458
10;complexWire;1;3;22,99431;24;21,38551;1,606521;1,326971;0,6441229;0,6365243;0,09542458
10;complexWire;1;3;23,02207;24;21,38551;1,576707;1,302616;0,61306;0,6429254;0,09542458
10;complexWire;1;3;23,05021;24;21,38551;1,52005;1,260371;0,6100197;0,5915183;0,09542458
10;complexWire;1;3;23,0783;24;21,38551;1,482467;1,231985;0,6166312;0,5474383;0,09542458
10;complexWire;1;3;23,10571;24;21,38551;1,532923;1,268501;0,6204479;0,596491;0,09542459
10;complexWire;1;3;23,13397;24;21,38551;1,520233;1,259022;0,6095793;0,5953018;0,09542459
10;complexWire;1;3;23,16134;24;21,38551;1,473293;1,225371;0,5991507;0,5568445;0,09542459
10;complexWire;1;3;23,18923;24;21,38551;1,39378;1,163388;0,548972;0,5364516;0,09542458
10;complexWire;1;3;23,217;24;21,38551;1,386855;1,159411;0,5492662;0,5267262;0,09542459
10;complexWire;1;3;23,24503;24;21,38551;1,257098;1,055168;0,452258;0,5122294;0,0954246
10;complexWire;1;3;23,27285;24;21,38551;1,139677;0,9623249;0,3816339;0,4766026;0,09542459
10;complexWire;1;3;23,30073;24;21,38551;1,560412;1,343894;0,7559056;0,2396694;0,09542459
10;complexWire;1;3;23,32865;24;21,38551;1,465036;1,295309;0,6443491;0,2309121;0,09542459
10;complexWire;1;3;23,35629;24;21,38551;0,08392897;0,04465161;-0,06087185;0,03667318;0,09330422
10;complexWire;1;3;23,38421;24;21,38551;0,2211874;0,09864741;-0,1731822;0,09591906;0,09138148
10;complexWire;1;3;23,41212;24;21,38551;0,2805692;0,121834;-0,2166848;0,1300895;0,1013917
10;complexWire;1;3;23,43981;24;21,38551;0,3424442;0,1598419;-0,245354;0,1775387;0,1005943
10;complexWire;1;3;23,46782;24;21,38551;0,4495438;0,2392371;-0,2562114;0,2814443;0,1143134
10;complexWire;1;3;23,49572;24;21,38551;0,4582296;0,2077023;-0,2573241;0,3172041;0,1160819
10;complexWire;1;3;23,52341;24;21,38551;0,2424247;0,2406641;0,02614373;-0,01292446;0,1164947
10;complexWire;1;3;23,55135;24;21,38551;0,2458842;0,2382505;-0,01435772;-0,0590729;0,1065548
10;complexWire;1;3;23,57922;24;21,38551;0,2572835;0,2415442;-0,02453065;-0,08514358;0,1063461
10;complexWire;1;3;23,60695;24;21,38551;0,2357554;0,22484;0,02663878;-0,06571095;0,10651
10;complexWire;1;3;23,63496;24;21,38551;0,2160614;0,2033085;0,03466268;-0,06439471;0,1067492
10;complexWire;1;3;23,66295;24;21,38551;0,2213198;0,1670197;-0,0378131;-0,1402036;0,1067812
10;complexWire;1;3;23,69055;24;21,38551;0,2324763;0,143306;-0,06924346;-0,169452;0,1061422
10;complexWire;1;3;23,71878;24;21,38551;0,256871;0,1067436;-0,1386518;-0,1880537;0,1120499
10;complexWire;1;3;23,74611;24;21,38551;0,2885669;0,05097993;-0,1464745;-0,2433457;0,1097885
10;complexWire;1;3;23,77393;24;21,38551;0,3029737;0,01428153;-0,1634309;-0,2547145;0,1075522
10;complexWire;1;3;23,80193;24;21,38551;0,2590074;-0,1884581;-0,01036865;-0,1773721;0,105388
10;complexWire;1;3;23,83035;24;21,38551;0,257029;-0,2083395;-0,05652599;-0,1395112;0,0986094
10;complexWire;1;3;23,85742;24;21,38551;0,2676707;-0,2422874;-0,06278153;-0,09488344;0,09706374
10;complexWire;1;3;23,88521;24;21,38551;0,3050367;-0,2957885;-0,06058714;0,04342529;0,09621728
10;complexWire;1;3;23,91323;24;21,38551;0,3260388;-0,3027109;-0,06847882;0,09989037;0,09573139
10;complexWire;1;3;23,94109;24;21,38551;0,3640097;-0,2890976;-0,05891103;0,2132021;0,09544136
10;complexWire;1;3;23,96896;24;21,38551;0,3808863;-0,2719975;-0,05129506;0,2616497;0,09504181
10;complexWire;1;3;23,99711;24;21,38551;0,3931691;-0,247048;-0,0391081;0,3033476;0,09473739
10;complexWire;1;3;24,02464;24;21,38551;0,3974128;-0,1762622;-0,008570641;0,356083;0,1064468
10;complexWire;1;3;24,05273;24;21,38551;0,3094745;-0,08488408;0,1324185;0,266523;0,1096876
10;complexWire;1;3;24,08047;24;21,38551;0,1806889;-0,0215657;0,09785095;0,1503616;0,1102366
10;complexWire;1;3;24,10831;24;21,38551;0,1145226;0,0008470789;0,06132212;0,09671767;0,1102996
10;complexWire;1;3;24,13576;24;21,38551;0,05195399;0,02240692;0,0216182;0,04159087;0,1102535
10;complexWire;1;3;24,16364;24;21,38551;0,005155958;0,0005153083;0,003513737;-0,003737916;0,1101897
10;complexWire;1;3;24,19154;24;21,38551;0,03212038;-0,005501753;0,03082474;0,007161354;0,1100198
10;complexWire;1;3;24,2198;24;21,38551;0,09569953;-0,03177108;0,05958544;0,06781279;0,1105151
10;complexWire;1;3;24,24735;24;21,38551;0,082396;-0,01711485;0,07236225;0,0354949;0,1104936
10;complexWire;1;3;24,27558;24;21,38551;0,08199794;-0,02110515;0,0651994;0,04502525;0,09983855
10;complexWire;1;3;24,3029;24;21,38551;0,06468859;-0,01448622;0,05486961;0,03104978;0,09963696
10;complexWire;1;3;24,33083;24;21,38551;0,0491142;-0,001193695;0,04906003;-0,001973117;0,09927852
10;complexWire;1;3;24,3589;24;21,38551;0,0478262;-0,003407547;0,04770456;9,776706E-05;0,09859967
10;complexWire;1;3;24,38687;24;21,38551;0,1247556;-0,02164905;0,1171293;0,03709474;0,09759828
10;complexWire;1;3;24,41454;24;21,38551;0,2276985;0,01092417;0,2208434;-0,05436401;0,09488638
10;complexWire;1;3;24,44254;24;21,38551;0,3014724;0,03581189;0,2710736;-0,1269734;0,08728475
10;complexWire;1;3;24,47001;24;21,38551;0,3070347;-0,04250946;0,2972085;0,06426785;0,08701101
10;complexWire;1;3;24,4982;24;21,38551;0,4296274;-0,1671363;0,04899583;0,3927399;0,1015987
10;complexWire;1;3;24,52583;24;21,38551;0,262883;-0,09822652;0,03321059;0,24157;0,06209164
10;complexWire;1;3;24,55407;24;21,38551;0,4621286;-0,1741566;0,06874888;0,4224996;0,09192594
10;complexWire;1;3;24,58146;24;21,38551;0,2781661;-0,09874347;0,07612291;0,2486592;0,0751521
10;complexWire;1;3;24,60931;24;21,38551;0,2453921;-0,0768309;0,1242593;0,1971647;0,08016899
10;complexWire;1;3;24,6371;24;21,38551;0,230026;-0,08241162;0,02039254;0,213786;0,0969021
10;complexWire;1;3;24,66505;24;21,38551;0,204592;-0,06285395;0,09187841;0,1716555;0,09560087
10;complexWire;1;3;24,69294;24;21,38551;0,2469648;-0,05618566;0,1777794;0,1619546;0,08630588
10;complexWire;1;3;24,72074;24;21,38551;0,1772701;-0,02550081;0,1467798;0,09607328;0,08558107
10;complexWire;1;3;24,74862;24;21,38551;0,1544857;-0,03396697;0,08066814;0,1272978;0,08847427
10;complexWire;1;3;24,77686;24;21,38551;0,1727833;-0,009490022;0,1487665;0,08736439;0,09467964
10;complexWire;1;3;24,80423;24;21,38551;0,1488406;0,0037462;0,1319322;0,06879961;0,07773729
10;complexWire;1;3;24,83206;24;21,38551;0,229047;-0,01833655;0,1699005;0,1525127;0,08416985
10;complexWire;1;3;24,86021;24;21,38551;0,1870423;0,003716409;0,1654153;0,08722831;0,07371884
10;complexWire;1;3;24,88784;24;21,38551;0,3561947;-0,01289926;0,3140396;0,167593;0,07106445
10;complexWire;1;3;24,9157;24;21,38551;0,3989029;-0,03513967;0,2674834;0,293839;0,07042422
10;complexWire;1;3;24,94371;24;21,38551;0,2028113;-0,004172796;0,1118564;0,1691247;0,07804362
10;complexWire;1;3;24,97122;24;21,38551;0,3077615;-0,0186599;0,2380894;0,1941196;0,08968048
10;complexWire;1;3;24,99903;24;21,38551;0,3376698;-0,06134136;0,1290932;0,3059299;0,08112855
10;complexWire;1;3;25,0274;24;21,38551;0,2328054;-0,02593961;-0,07116889;0,2201375;0,08163328
10;complexWire;1;3;25,05501;24;21,38551;0,2697845;-0,03106395;-0,06659316;0,2595843;0,08229326
10;complexWire;1;3;25,08288;24;21,38551;0,2085236;-0,02247108;0,02140411;0,2062014;0,08288816
10;complexWire;1;3;25,11035;24;21,38551;0,2753465;0,01755079;-0,2010517;0,1873124;0,08292482
10;complexWire;1;3;25,13824;24;21,38551;0,412018;0,01451783;-0,3413951;0,2302117;0,08256044
10;complexWire;1;3;25,16621;24;21,38551;0,3397343;0,02224839;-0,2918901;0,1724082;0,08158066
10;complexWire;1;3;25,19403;24;21,38551;0,2824807;0,01598155;-0,1997547;0,1990929;0,08115785
10;complexWire;1;3;25,22188;24;21,38551;0,1825477;0,04187227;-0,1441469;0,1038849;0,07962724
10;complexWire;1;3;25,24979;24;21,38551;0,2660433;0,07165309;-0,2399991;0,08969557;0,09531864
10;complexWire;1;3;25,27757;24;21,38551;0,335435;0,03593081;-0,2832967;0,1759789;0,1008771
10;complexWire;1;3;25,30546;24;21,38551;0,3028744;0,05259688;-0,281927;0,09738388;0,1036653
10;complexWire;1;3;25,33333;24;21,38551;0,2563769;0,02764049;-0,2202207;0,1283277;0,09876733
10;complexWire;1;3;25,3612;24;21,38551;0,2117187;0,02922282;-0,1793286;0,1086834;0,104646
10;complexWire;1;3;25,38899;24;21,38551;0,2621723;0,01060388;-0,210238;0,1562749;0,09891454
10;complexWire;1;3;25,41697;24;21,38551;0,4600862;-0,05086295;-0,3672589;0,2724209;0,1045509
10;complexWire;1;3;25,44487;24;21,38551;0,2996804;-0,04312844;-0,2082066;0,211183;0,1065267
10;complexWire;1;3;25,47255;24;21,38551;0,5012324;-0,09963884;-0,3539964;0,3405768;0,1130131
10;complexWire;1;3;25,50072;24;21,38551;0,2736586;-0,05512415;-0,1828478;0,1960027;0,1045682
10;complexWire;1;3;25,52807;24;21,38551;0,4112665;-0,08938297;-0,301955;0,2645259;0,1021334
10;complexWire;1;3;25,5565;24;21,38551;0,6030648;-0,1525391;-0,4473044;0,3746167;0,1150409
10;complexWire;1;3;25,58387;24;21,38551;0,4966425;-0,121585;-0,370762;0,3072563;0,08922585
10;complexWire;1;3;25,6003;24;21,38551;0,5255831;-0,1247468;-0,4092686;0,3052459;0,09125492
10;complexWire;1;3;25,62739;24;21,38551;0,4658799;-0,1184956;-0,3450541;0,2897251;0,0948861
10;complexWire;1;3;25,65512;24;21,38551;0,4612812;-0,03417891;-0,3655336;0,2792799;0,09712395
10;complexWire;1;3;25,68232;24;21,38551;0,1702977;-0,01273963;-0,1299847;0,1092839;0,09877466
10;complexWire;1;3;25,69801;24;21,38551;0,1702977;-0,01273963;-0,1299847;0,1092839;0,09926345
10;complexWire;1;3;25,72571;24;21,38551;0,1943321;-0,01979578;-0,1344295;0,1389309;0,09876783
10;complexWire;1;3;25,74265;24;21,38551;0,1794531;-0,01622771;-0,1017997;0,1468908;0,09976687
10;complexWire;1;3;25,75838;24;21,38551;0,1794531;-0,01622771;-0,1017997;0,1468908;0,09951155
10;complexWire;1;3;25,77341;24;21,38551;0,17451;-0,01428379;-0,07504958;0,156899;0,100375
10;complexWire;1;3;25,7885;24;21,38551;0,2158431;-0,02297005;-0,1144765;0,1815372;0,1001588
10;complexWire;1;3;25,81571;24;21,38551;0,2075201;-0,02629428;-0,1064546;0,1761835;0,09959849
10;complexWire;1;3;25,83099;24;21,38551;0,3025038;0,006542161;-0,1382344;0,2689926;0,1001776
10;complexWire;1;3;25,84661;24;21,38551;0,2762878;0,002429217;-0,1273428;0,2451792;0,09982273
10;complexWire;1;3;25,86146;24;21,38551;0,2637075;0,0006684214;-0,1493581;0,2173324;0,1011696
10;complexWire;1;3;25,88784;24;21,38551;0,2693748;0,006075978;-0,1532167;0,2214735;0,09984563
10;complexWire;1;3;25,90248;24;21,38551;0,3063899;-0,02353446;-0,1562288;0,2625138;0,1000924
10;complexWire;1;3;25,91698;24;21,38551;0,3063899;-0,02353446;-0,1562288;0,2625138;0,1004675
10;complexWire;1;3;25,93207;24;21,38551;0,4326511;-0,08922186;-0,1922714;0,3771712;0,1007748
10;complexWire;1;3;25,95811;24;21,38551;0,2161092;-0,03227054;-0,05226529;0,2071959;0,09977867
10;complexWire;1;3;25,97331;24;21,38551;0,2237436;-0,0149053;-0,02903669;0,2213502;0,1006527
10;complexWire;1;3;25,98766;24;21,38551;0,2111696;-0,009612292;-0,02286796;0,2097076;0,1001162
10;complexWire;1;3;26,00226;24;21,38551;0,2212244;0,02693164;-0,06955209;0,2082725;0,09943823
10;complexWire;1;3;26,02781;24;21,38551;0,2619749;-0,01324585;-0,02296731;0,2606298;0,09900004
10;complexWire;1;3;26,04278;24;21,38551;0,3667959;-0,08000857;-0,03748354;0,3559955;0,09102071
10;complexWire;1;3;26,05848;24;21,38551;0,3667959;-0,08000857;-0,03748354;0,3559955;0,09002773
10;complexWire;1;3;26,08395;24;21,38551;0,2878255;-0,1030791;0,008490324;0,2686003;0,08837461
10;complexWire;1;3;26,09891;24;21,38551;0,2878255;-0,1030791;0,008490324;0,2686003;0,08935042
10;complexWire;1;3;26,11318;24;21,38551;0,3890995;-0,09132195;0,09313932;0,3665839;0,08948027
10;complexWire;1;3;26,1277;24;21,38551;0,3212933;-0,01897758;0,03916561;0,3183321;0,09905526
10;complexWire;1;3;26,1535;24;21,38551;0,1180337;0,04502609;0,04820517;0,09788188;0,09916613
10;complexWire;1;3;26,16817;24;21,38551;0,2106097;-0,01412669;0,02734702;0,2083483;0,09944668
10;complexWire;1;3;26,18269;24;21,38551;0,6175941;-0,4116609;-0,004027376;0,4603711;0,09137683
10;complexWire;1;3;26,1971;24;21,38551;0,6175941;-0,4116609;-0,004027376;0,4603711;0,0989518
