participantNumber
3
repetitionNum
2
sdfEnabled
1
taskTime
34,66588
numHits
51
positionDifference
0,1414834
angleDifference
120,551
finalPosX
-0,0744146
finalPosY
-0,07868366
finalPosZ
0,904141
finalRotX
341,3502
finalRotY
240,8659
finalRotZ
65,59763
taskType
complexWire
velocityMagnitude
0,502526
0,005064924
0,595568
0,08050025
0,4783969
0,184691
0,3044387
0,4987718
0,2194377
0,3434826
0,1251936
0,1648891
0,1846041
0,1083336
0,1521693
0,1249338
0,2540002
0,2995005
0,2818682
0,3436292
0,2669519
0,3586284
0,2461368
0,2121712
0,211216
0,2780911
0,3131078
0,31927
0,2706082
0,2706082
0,1756865
0,2059569
0,2207622
0,2310932
1,06166
0,1734857
0,1701208
0,2985775
0,2402135
0,1844948
0,03292093
0,05180223
0,05563193
0,03385261
0,06387915
0,02466985
0,05457512
0,07394549
0,05678434
0,0608115
0,02886987
0,06111414
0,02959389
0,009230083
0,02877004
0,04156755
0,01702345
0,03450783
0,004942267
0,03025149
0,01964628
0,02607732
0,03741731
0,01752592
0,0579571
0,009996191
0,07414965
0,8618683
0,5311767
1,592363
1,613204
0,2130356
0,1497539
0,06354443
0,1009735
0,1243144
0,1125851
0,1148457
0,01969738
0,1919233
0,2555673
0,3845005
0,6820372
0,7328014
0,5028633
0,4529904
0,901896
0,4793566
1,235902
0,288023
0,274171
0,2393211
0,3854332
0,056041
0,05206338
0,04935393
0,1290299
0,2011422
0,1869025
0,1037918
0,1699739
0,1105712
0,2096979
0,2247839
0,1766572
0,1953598
0,1661659
0,2161351
0,2667841
0,2288718
0,4250436
0,1876334
0,09933839
0,0996204
0,07418517
0,4747365
0,334467
0,02655226
0,2047085
0,07325719
0,1087683
0,3029104
0,1993491
0,2010072
0,1055536
0,1706936
0,2074977
0,3472198
0,4281684
0,2743205
0,5872948
0,3171991
0,03365272
0,03640107
0,1356779
0,1377148
0,297523
0,08357713
0,08063129
0,09238859
0,03843828
0,06118374
0,04028264
0,04174919
0,05564089
0,05498644
0,07198419
0,1262307
0,1784198
0,1843114
0,3350253
0,3056736
0,8640312
0,4336081
0,2551872
0,405432
0,8562649
0,9253533
0,8874086
0,8079907
0,9513891
0,5027431
0,285091
0,285091
0,317801
0,2870698
0,2870698
0,1500483
0,06016666
0,06016666
0,04798464
0,03189026
0,03189026
0,02787812
0,01244947
0,01244947
0,01223556
0,01192612
0,01925463
0,01925463
0,02728551
0,01211473
0,01211473
0,03397751
0,1435233
0,1435233
0,3078807
1,590606
1,590606
1,779913
1,790082
1,791416
1,791416
1,936596
1,98396
1,98396
2,037349
2,045277
2,045277
2,055092
2,088187
2,147991
2,147991
2,32795
2,396811
2,396811
2,439192
2,443813
2,443813
2,531835
2,607728
2,607728
2,747596
2,7843
2,823878
2,823878
2,836058
2,787166
2,787166
2,720814
2,704857
2,704857
2,592105
2,487635
2,385115
2,385115
2,135677
1,995069
1,995069
1,686314
1,640218
1,640218
1,477946
1,454751
1,454751
1,311153
1,181029
1,104076
1,104076
1,006154
0,9670916
0,9670916
0,8155592
0,7772644
0,7772644
0,6967696
0,6263143
0,6312975
0,6312975
0,5749863
0,548395
0,548395
0,5493647
0,5557275
0,5557275
0,6100171
0,6461526
0,6256588
0,6256588
0,7126226
0,7126226
0,7527025
0,7527025
0,7834361
0,7836426
0,7850047
0,8184571
0,8206106
0,8206106
0,8483034
0,8483034
0,8919127
0,9088904
0,9321101
1,040336
1,068153
1,098215
1,119862
1,119862
1,13511
1,140612
1,150426
1,15999
1,159734
1,14563
1,12888
0,2005329
0,396684
0,396684
0,4407723
0,5763736
0,5763736
0,3574336
0,5465329
0,5465329
0,614695
0,7458357
0,7458357
0,7274277
0,5321275
0,5321275
0,4212556
0,344715
0,344715
0,3596056
0,357466
0,4333416
0,4333416
0,5654575
0,7149937
0,7149937
0,9031628
1,094157
1,094157
1,286718
0,2657681
0,4364132
0,4364132
0,2882806
0,3945012
0,3945012
0,449396
0,2950345
0,2950345
0,2882344
0,2759078
0,2759078
0,2632565
0,3046875
0,4397202
0,4397202
0,1971749
0,1803739
0,1803739
0,1552541
0,1305336
0,1305336
0,1158715
0,1151592
0,1232553
0,1232553
0,1407373
0,1629336
0,1629336
0,1857097
0,1656559
0,1656559
0,1361487
0,1109867
0,1037854
0,1037854
0,1118246
0,1212573
0,1212573
0,1153009
0,1130947
0,1130947
0,1126928
0,1110541
0,1110541
0,1033825
0,09339423
0,08731747
0,08731747
0,07333966
0,059714
0,059714
0,04395948
0,02822434
0,02822434
0,01293599
0,003973133
0,0180512
0,0180512
0,03273299
0,04695194
0,04695194
0,06038551
0,07264546
0,07264546
0,08371358
0,09985593
0,09985593
0,1085281
0,1103932
0,1117217
0,1117217
0,1125567
0,1101434
0,1101434
0,004847949
0,007305864
0,007305864
0,02909464
0,02149015
0,02179993
0,02179993
0,02834271
0,02477292
0,02477292
0,02847276
0,02420809
0,02420809
0,04506856
0,04447111
0,04447111
0,1007584
0,144592
0,1740137
0,1740137
0,197128
0,2942143
0,2942143
0,3540083
0,2878592
0,2878592
0,5300667
0,3289588
0,3286409
0,3286409
0,3546819
0,3435503
0,3435503
0,3144945
0,2856275
0,2856275
0,3664581
0,3580457
0,3541195
0,3541195
0,3935133
0,3401877
0,3401877
0,2867248
0,1959352
0,1959352
0,2416507
0,2122884
0,2122884
0,2338788
0,2008985
0,1535724
0,1535724
0,06590205
0,06062264
0,06062264
0,05635253
0,05942589
0,05942589
0,07274751
0,08340455
0,08905473
0,08905473
0,1203273
0,1351303
0,1351303
0,3020054
0,3038604
0,3038604
0,4281619
0,3766632
0,3766632
0,5171478
0,5160342
0,589412
0,589412
0,584295
0,5190254
0,5190254
0,5344718
0,4978355
0,4978355
0,6026703
0,3760965
0,3739675
0,3739675
0,3934891
0,3567809
0,3567809
0,2863945
0,2430992
0,2430992
0,3354381
0,3419777
0,3419777
0,4570851
0,384214
0,3663763
0,3663763
0,4382124
0,4334531
0,4334531
0,563292
0,561968
0,561968
0,3982654
0,360155
0,4235489
0,4235489
0,4165394
0,3110097
0,5271223
0,420364
0,351179
0,5415867
0,1124743
0,07904773
0,04919273
0,04919273
0,04025611
0,04025611
0,02293464
0,04200309
0,04927937
0,05381128
0,02951886
0,04809165
0,05150137
0,0679395
0,09470631
0,1498009
0,1877526
0,6268431
0,2717233
0,2783128
0,2591068
0,4229589
0,8575892
0,09745422
0,1407524
0,359834
0,1113826
0,1475016
1,05885
1,010337
0,8216047
0,8655013
0,8521007
0,9015653
1,10517
1,257035
1,30779
1,313979
1,441514
1,625703
1,74374
1,789767
1,877199
2,090975
1,352543
0,3424547
0,9036945
0,5104772
0,5688294
0,07293009
0,0805627
0,1056218
0,09646438
0,1633597
0,1068005
0,1669764
0,325757
0,1441486
0,4161522
0,2324624
0,2447819
0,3443962
0,2498607
0,2674302
0,441306
0,3973233
0,5278279
0,5843741
0,5116877
0,5972804
0,6120131
0,3607944
1,027885
0,824167
0,8570904
0,9035009
0,9600896
1,026519
1,075864
1,136399
1,213367
1,310078
1,356355
1,406617
1,484581
1,573066
1,636657
1,686939
1,746018
1,793638
1,849918
1,889432
1,922363
1,925102
1,915529
1,874495
1,808993
1,701637
1,582524
1,441357
1,283786
1,141402
1,006942
0,967287
0,8969733
0,8554777
0,8497906
0,8669499
0,9135556
0,9579952
0,9935087
1,025869
0,9960209
0,9962777
1,011099
1,009787
1,011902
1,017722
1,024333
1,051461
1,115422
1,177354
1,281767
1,421446
1,511341
1,599582
1,68203
1,710354
1,733383
1,720875
1,681369
1,614065
1,528939
1,456361
1,363204
1,278291
1,207363
1,151054
1,118574
1,126012
0,1264975
0,3358989
0,4583331
0,6459852
0,7077807
0,7427722
0,7406245
0,7208811
0,5856623
0,5289326
0,4654496
0,3598698
0,3121555
0,218521
0,225501
0,200349
0,1505825
0,1578402
0,1875163
0,2729262
0,3134949
0,3903095
0,4212765
0,4451148
0,4606905
0,4565364
0,4215344
0,3916115
0,2688413
0,1494112
0,103642
0,148855
0,1657653
0,1715135
0,228355
0,258059
0,3087174
0,3286453
0,3426456
0,3575982
0,353076
0,330559
0,3124847
0,0579973
0,032409
0,07076976
0,04755394
0,04140081
0,04024622
0,02064832
0,009466401
0,02877774
0,04582582
0,06789019
0,0312296
0,06269211
0,07878024
0,5230443
0,6338051
0,198037
0,0680473
0,02728974
0,005256304
0,01272946
0,1647454
0,2096791
0,2195068
0,1909586
0,1752637
0,1953623
0,2101649
0,7949504
0,3344122
0,5604204
0,7543309
0,5759
0,04432869
0,02267412
0,0807061
0,1455448
0,1199031
0,1794595
0,1211274
0,1749389
1,031228
1,227674
1,423485
1,570885
0,7741076
2,865256
3,801738
2,049369
1,611947
2,978936
2,978936
1,015029
0,3498135
0,3498135
0,2516693
0,1914112
0,1914112
0,3278149
0,4070295
0,4070295
0,7965063
2,36498
2,744876
2,744876
1,088185
0,8186889
0,8186889
2,378395
0,7314706
0,7314706
0,9660378
1,347555
1,211105
1,211105
2,172478
1,808168
1,808168
3,165723
0,6323732
0,6323732
0,7544525
0,2846511
0,7204126
0,7542123
0,543319
0,2893865
0,3655021
0,3443162
0,5367492
0,843316
1,085524
0,6196406
0,5087043
1,963316
2,24935
2,55271
3,01711
4,014968
4,669631
5,266964
5,075334
4,591677
4,570116
4,16821
3,80983
3,747134
3,828829
3,787408
3,894283
3,868335
3,914423
3,943516
3,848918
3,730252
3,509759
3,473732
3,411851
3,488667
4,082411
4,804873
4,54327
3,639873
2,341964
2,29812
0,4274181
0,6165287
0,7771819
0,0582598
0,0582598
0,1691329
0,044206
0,03335024
0,2313399
0,3571483
0,4574316
0,6167938
0,3692087
0,2691838
0,2994334
0,2994334
0,1372118
0,1831053
0,1589701
0,170544
0,170544
0,1993411
0,2404688
0,2712153
0,2992201
0,3078903
0,3078903
0,3418635
0,4213826
0,5710373
0,7284429
0,9134696
0,9134696
1,102367
1,065074
0,8299015
0,5263683
0,5263683
0,5622426
0,5365328
0,5365328
0,4952591
0,4561905
0,4127531
0,4127531
0,4095546
0,4308399
0,4308399
0,4876604
0,5666227
0,5666227
0,7004009
0,2672796
0,2633748
0,2633748
0,1488843
0,1636014
0,1636014
0,1755135
0,211342
0,211342
0,2595989
0,07221334
0,07384066
0,07384066
0,1240285
0,1140981
0,1140981
0,132982
0,1459332
0,1459332
0,1325166
0,1179699
0,1179699
0,09897456
0,09819039
0,0820831
0,0820831
0,07490175
0,05726243
0,05726243
0,04102619
0,02499579
0,02499579
0,01557146
0,005382117
0,01978863
0,01978863
0,03365608
0,04674441
0,04674441
0,05833125
0,06729883
0,06729883
0,07540009
0,08181463
0,08181463
0,08531091
0,09038704
0,09250409
0,09250409
0,0916291
0,08746316
0,08746316
0,08163819
0,07425429
0,07425429
0,06462608
0,05448867
0,04262568
0,04262568
0,03004264
0,0164807
0,0164807
0,002727823
0,01152693
0,01152693
0,02536749
0,03837105
0,03837105
0,05023894
0,06118043
0,07096809
0,07096809
0,01028288
0,004518887
0,004518887
0,02670999
0,01965673
0,01965673
0,04059488
0,05268678
0,05845353
0,05845353
0,08714462
0,0871933
0,0871933
0,1376566
0,1142846
0,1142846
0,2030794
0,4485521
0,5341997
0,5341997
0,1400245
0,1125639
0,1125639
0,08451246
0,09323687
0,09323687
0,3479299
0,2109595
0,2109595
0,7217669
0,7763222
0,7935532
0,7935532
0,8601088
0,8825243
0,8825243
0,8786432
0,8890626
0,8890626
0,9275988
0,9474349
0,9622329
0,9622329
0,9833177
0,9951318
0,9951318
1,026854
1,035089
1,035089
1,039253
1,044749
1,044749
1,083526
1,102891
1,107453
1,107453
1,115982
1,129395
1,129395
1,142976
1,161087
1,161087
1,165174
1,157158
1,154566
1,154566
1,195104
1,210127
1,210127
1,23271
1,229533
1,229533
1,282699
1,283871
1,283871
1,289725
1,286022
1,28178
1,28178
1,272433
1,252869
1,252869
1,241283
1,237899
1,237899
1,199615
1,170921
1,127755
1,127755
1,084642
1,049323
1,049323
1,055127
1,061612
1,061612
1,032526
1,04339
1,04339
1,148377
1,18267
1,167272
1,167272
1,111446
1,075375
1,075375
1,064558
0,9079244
0,9079244
0,4110878
0,1231883
0,5073402
0,5073402
0,3280756
0,1996483
0,1996483
1,090774
0,9494268
0,9494268
0,6048464
0,1969003
0,5100213
0,5100213
0,2052565
0,05276092
0,05276092
0,3261671
0,2238934
0,2238934
0,12377
0,1385688
0,1385688
0,1036859
0,1026715
0,08298063
0,08298063
0,06601721
0,06444923
0,06444923
0,08335361
0,0684491
0,0684491
0,07095413
0,06146695
0,07466086
0,07466086
0,1196775
0,1795422
0,1795422
0,2279864
0,2576046
0,2576046
0,08489969
0,1269494
0,1269494
0,09671753
0,2665187
0,2567303
0,2567303
0,1215935
0,104272
0,104272
0,09837028
0,1128704
0,08311631
0,08541384
0,07211507
0,07211507
0,07065351
0,05401525
0,05401525
0,1194673
0,09930341
0,09930341
0,0820727
0,1254818
0,1254818
0,193837
0,1612778
0,1238845
0,1238845
0,1113013
0,09533361
0,09533361
0,1523275
0,1749807
0,1749807
0,3812096
0,4508265
0,7611569
0,7611569
0,8701799
0,6718724
0,29982
0,2085491
0,2085491
0,04998159
0,1176981
0,1176981
0,03946333
0,03946333
0,08253326
0,03950458
0,04306995
0,0280175
0,03515896
0,03515896
0,03364559
0,03364559
0,06108794
0,05252524
0,05252524
0,06514577
0,05414765
0,06980457
0,04567912
0,02478544
0,03322349
0,02961035
0,02653204
0,03024511
0,03024511
0,04626697
0,03959896
0,07020621
0,1816624
0,1816624
0,7582465
0,7582465
0,3388801
0,3388801
0,1132221
0,05474271
0,06977265
0,1068052
0,1068052
0,05247262
0,05247262
0,1269463
0,1144909
0,08004148
0,07763139
0,03736665
0,05713058
0,02690238
0,02690238
0,8632309
0,6447874
0,3898126
0,1024999
0,0567562
0,3422668
0,2483144
0,07855807
0,005198566
0,0005262276
0,0005262276
0,0004802188
0,0004802188
0,0004889689
0,001792104
0,0003536275
0,0003979361
0,002943351
0,005878974
0,09480509
0,1783504
0,1783504
0,01372467
0,01372467
0,09630934
0,1105249
0,1105249
0,1001526
1,013267
2,02505
2,890448
2,551958
1,139257
2,08087
0,5006574
0,08491444
0,1330959
0,05643211
0,06440743
0,06898393
0,01015226
0,06916192
0,1646933
0,1645738
0,1621476
0,2351424
0,2047292
0,1990118
0,03860189
0,2183267
0,6254002
0,6776581
0,8761222
1,069032
1,186433
1,350806
1,630641
1,928253
2,141841
2,519139
2,89605
2,834246
2,757682
2,748354
2,702416
2,692755
2,705414
2,688959
2,669902
2,668172
2,677296
2,675428
2,655694
2,635869
2,626976
2,649218
2,715273
2,760073
2,679206
2,554243
2,465937
2,392763
2,317486
2,214713
2,102859
2,083346
1,934689
1,825301
1,727221
1,680114
1,654549
1,685467
1,626664
1,576047
1,555427
1,551919
1,620238
1,707476
1,841642
1,985868
2,0627
2,150943
2,17485
2,183658
2,185429
2,141283
2,053729
1,993611
1,895323
1,814858
1,772821
1,764237
1,757939
1,724754
1,731394
1,717761
1,686407
1,68247
1,713581
1,760275
1,830228
1,895004
1,970009
2,033855
2,061499
2,059361
2,031079
1,979217
1,920428
1,863375
1,808719
1,772295
1,773442
1,767925
1,758855
1,757624
1,773369
1,759365
1,729442
0,2137401
0,4488025
0,6441597
0,83991
1,013023
1,207222
1,054664
0,9160086
0,9501068
0,8174313
0,6244347
0,1615996
0,08583347
0,1943134
0,07968204
0,1227756
0,2197088
0,04400236
0,03217225
0,04456702
0,04836422
0,2625963
0,456482
0,1161819
0,1161819
0,005104976
0,03330329
0,0151135
0,009435032
0,003177905
0,004757578
0,002281506
0,004448445
0,000938258
0,001855233
0,007058733
0,005979807
0,005979807
0,0156107
0,03357724
0,03746714
0,07482308
0,1211314
0,189033
0,09290658
0,1916488
0,2677691
0,0970135
0,02533453
0,1571672
0,04561983
0,05051709
0,03732904
0,06541146
0,08054345
0,1749118
0,2236674
0,3205526
0,4671897
0,4958523
1,061988
0,4437872
0,7001933
0,8892046
0,4064112
0,9680446
1,936615
2,067174
1,817954
1,891995
2,011946
2,222461
2,460855
2,557897
2,664433
2,859061
2,974129
3,097548
3,34736
2,343339
3,055474
4,23713
4,150353
4,356061
4,607652
3,14015
2,18651
5,282593
4,781893
5,442991
5,603872
5,806543
5,946917
6,131958
6,310647
6,503121
6,580781
5,824983
6,123953
6,099239
6,121244
6,147669
6,1326
6,5045
6,541795
6,810526
6,976687
6,403747
6,494451
6,668669
6,838888
7,066179
7,232059
5,704974
6,760371
7,527158
5,543516
2,02623
2,946127
3,028604
2,162609
1,325317
0,279371
0,1940595
0,1119231
0,07465032
0,09654813
0,03623882
0,06033634
0,0331139
0,01138606
0,4907116
0,7546052
0,4064942
0,9933062
0,4976607
1,351006
0,9534596
0,3600414
3,702739
1,874558
1,963775
2,471916
2,804349
3,560403
4,518901
5,126387
6,235768
6,968863
7,84212
8,580962
8,952101
9,367186
9,392537
9,608787
9,756551
9,861732
10,04619
9,929412
9,945452
10,18938
6,947349
6,623914
6,708698
6,745005
6,704269
6,686256
6,674261
6,700213
6,66037
6,580477
6,51274
6,438086
6,33799
6,420044
6,363498
6,144477
6,106414
0,3480718
0,3096132
0,3832863
0,4759966
0,5083792
0,5437517
0,6153488
0,5923535
0,4739641
0,4326852
0,3828451
0,246837
0,1879636
0,1521537
0,1673685
0,1926708
0,2741929
0,3172758
0,3271032
0,338254
0,3457709
0,3467043
0,3482637
0,3472591
0,3353595
0,3274804
0,3051685
0,2923965
0,2602609
0,2437193
0,2301878
0,221237
0,2270038
0,2394325
0,241681
0,2817872
0,3467441
0,3682383
0,3890589
0,3818549
0,3446657
0,2986439
0,2657998
0,2225586
0,1435355
0,1142356
0,1508723
0,1568084
0,192128
0,2605878
0,2734954
0,3097771
0,3328542
0,3387215
0,3254194
0,2625773
0,2141664
0,1200379
0,02861106
0,009040509
0,01261629
0,01313938
0,007587603
0,006690061
0,02925267
0,06095395
0,1096376
0,1615835
0,1930863
0,31585
0,5599861
1,115645
1,281358
3,099962
2,351108
2,783178
2,848251
2,918713
3,108373
3,420531
3,783519
4,103542
4,507902
3,936041
5,186193
5,303932
5,348701
5,32293
5,281862
5,126006
4,793178
4,575208
4,555428
4,344839
3,970133
3,612731
3,304606
2,884429
2,525464
2,116251
1,423647
0,9047022
0,6747813
0,3528121
0,4949738
0,6060953
0,8475842
0,6453243
0,6713421
0,5462497
0,1224386
0,306837
0,4845774
0,4511138
0,597262
0,8079349
0,7990742
0,7990742
1,609572
1,609572
velocityComponents
0,1306137
0,1837537
0,449118
0,005052891
-0,0002547691
0,0002384186
0,1625101
-0,01877521
0,5726597
0,02574944
-0,0398788
0,06501491
0,1279247
-0,2339662
0,3971885
0,04799627
-0,09906586
0,1483006
0,07806052
0,03841348
0,2917428
0,1318483
-0,08960761
0,4726096
0,06071318
-0,06603745
0,2002645
0,08407591
0,01388749
0,3327442
0,02954929
0,01737894
0,1204086
0,02587339
0,09823985
0,1298765
0,02950106
0,1107958
0,1446812
0,02481641
0,01817346
0,1038751
0,03622955
-0,003368384
0,1477551
0,02718017
0,04887315
0,1117189
0,04984684
0,1057788
0,2254823
0,04554748
0,1849225
0,2311486
0,04773814
0,1702
0,2195511
0,05389692
0,2037901
0,2713776
0,04316141
0,1577047
0,2110204
0,07322851
0,1196745
0,3300453
0,06043272
-0,02754242
0,2370076
0,05296256
-0,03471477
0,2025005
0,04725976
0,03511969
0,2028431
0,04347908
0,1545906
0,2270374
0,05516345
0,1360319
0,2765661
0,05767125
0,1251688
0,2879933
0,04160891
0,1385483
0,228696
0,04160891
0,1385483
0,228696
-0,05195363
0,08040208
0,1473162
-0,06978453
0,1225013
0,1501393
-0,08893508
0,1405481
0,1451645
-0,0836807
0,1539583
0,1506602
0,1804414
0,9375857
0,4642164
-0,111407
0,1085591
0,07681605
-0,06277963
0,1551791
0,03031874
-0,1469673
0,2587655
0,02428125
-0,09885897
0,2070733
0,07106385
-0,04879522
0,1512979
0,09362862
-0,004985213
0,008384645
0,03144254
-0,02734178
0,007645279
0,04332953
-0,03792797
0,009447813
0,03958686
-0,01837035
0,002910614
0,02828529
-0,03454615
0,01337743
0,05203992
-0,005766347
-0,01215589
0,02067813
-0,01028138
0,0005559921
0,05359504
-0,01577342
-0,0222438
0,0687339
-4,713982E-05
0,01311058
0,05525008
-0,01923262
-0,001607656
0,05766767
-0,008701973
0,001493096
0,02748665
-0,04858468
0,01470721
0,03403181
0,005888648
0,02747703
0,00928092
-0,005713023
0,007019639
0,001811206
-0,0235024
0,0161953
-0,003614545
-0,0344424
0,02322829
0,001424313
-0,01503584
0,005183458
0,006070673
-0,03308365
0,008019924
-0,005651832
0,004355397
0,0005812645
0,002262443
0,01552693
0,02119243
0,01499826
0,00118234
0,0167408
0,01021391
0,01634355
0,005378246
-0,01959565
0,01823726
0,01008922
-0,03107515
0,00551603
0,004558265
-0,01599854
0,02947111
0,01174933
-0,04850188
-0,005855948
0,003842592
0,007132053
-0,01327807
0,05110466
0,05205935
0,1576732
0,5045406
0,6807312
0,1047218
0,2417689
0,4612264
0,3419068
0,5273949
1,463071
0,1622356
0,6176319
1,481431
-0,0657824
0,08995871
0,1815607
-0,0328638
-0,06785885
-0,1293885
0,001028448
0,03758365
0,05122799
-0,001115978
0,06271813
0,07912546
0,009713173
0,1069069
0,06269479
-0,003897846
0,07456762
0,08426082
0,01922351
-0,07379304
-0,08587533
0,004643172
-0,01138565
-0,01538813
0,02881745
0,1870084
0,03212428
0,05817042
0,2194253
0,1174026
0,06232384
0,2921408
0,2420952
0,1223349
0,5067412
0,439798
0,1277948
0,5667679
0,4465876
0,08545855
0,2951866
0,3980367
0,04399211
0,3801463
0,2423917
-0,02736588
0,8858839
0,1669646
-0,02841713
0,4746132
0,06097122
-0,05120832
1,234277
0,03730492
-0,1566978
0,1043813
-0,2179623
-0,1695933
0,1901381
-0,1012686
-0,1558973
0,08384341
-0,1610617
-0,1166505
0,06212696
-0,3620658
0,02615079
-0,04730031
-0,0148125
0,03143887
-0,01529893
-0,03857636
0,0249459
0,00158304
-0,04255593
0,04798283
-0,07947886
0,08960736
0,06323208
-0,1080965
0,1574009
0,07983425
-0,06602615
0,1555621
0,03221758
-0,06591213
0,07341903
0,05184823
-0,1105653
0,1182294
0,01433109
-0,0696699
0,08465642
-0,005199164
-0,09336716
0,1876932
0,007882267
-0,1030426
0,1996194
0,03818749
0,01622486
0,1717156
0,009454489
-0,05336738
0,1876912
-0,002530068
0,02863121
0,1636611
0,0224086
-0,1855584
0,1085371
-0,05830964
0,2539569
0,05726805
0,03262094
-0,2084541
0,0886852
-0,09566985
0,4130483
0,0300078
0,00496304
0,1201197
0,1440588
0,04544252
-0,02869916
0,08354311
0,01841414
0,003182173
0,09785202
0,0002316982
-0,06524181
0,03531135
0,09441876
-0,44619
0,1318117
0,0518298
-0,3230702
0,06933615
0,008372545
-0,02518833
-0,0006862581
0,05794793
-0,1963317
0,001215398
0,002110578
-0,07301468
0,005569413
0,01998624
-0,1068403
-0,004031837
0,01296683
-0,3022818
0,01457009
-0,0009419974
-0,1993364
0,002047405
0,0192602
-0,199658
-0,01302487
-0,00786088
-0,0763837
-0,07242438
-0,02988739
-0,137438
-0,09671527
-0,00571119
-0,2069661
-0,0137015
-0,04006624
-0,2008291
-0,2803996
-0,005116545
-0,2676655
-0,3341514
0,003304057
-0,1939075
-0,1940121
0,03427922
-0,4866486
-0,3269759
-0,1979313
-0,2145886
-0,1240575
-0,01771115
-0,02861378
-0,0002690554
-0,005741104
-0,03584978
-0,002621293
-0,06829681
-0,1171862
0,003379673
-0,0593342
-0,1198823
-0,03275758
-0,1649598
-0,2297384
-0,09234953
-0,05005503
-0,06416571
0,01903662
-0,04933546
-0,0605737
0,01995605
-0,04470244
-0,07320964
0,03431749
-0,01936812
-0,02996027
0,01430941
-0,02803412
-0,04756331
0,02636796
-0,01189226
-0,03651917
0,01214969
-0,01038512
-0,0371418
0,01598847
-0,01326466
-0,04432088
0,03091305
-0,006457947
-0,05089384
0,0197894
-0,003738083
-0,06987244
0,01689947
-0,005371116
-0,1223306
0,03066862
-0,008560069
-0,1679036
0,05973881
0,04299161
-0,1761189
0,03323454
0,01743574
-0,3274739
0,06854738
0,03638894
-0,2903271
0,08844399
0,111791
-0,8346573
-0,1933904
-0,1338542
-0,3705898
0,1810033
-0,04053681
-0,240543
0,07494228
0,08383101
-0,3966337
-0,005404016
0,1714131
-0,8387954
0,01514838
0,1779946
-0,9074133
0,03460827
0,156872
-0,8731983
0,02024635
0,1327999
-0,7968034
-0,01781921
0,1295035
-0,9381683
-0,09061106
-0,04271189
-0,4868057
-0,1180954
0,002704971
-0,2740855
-0,07840095
0,002704971
-0,2740855
-0,07840095
0,01129797
-0,3096598
-0,07057343
0,01671341
-0,278902
-0,06590468
0,01671341
-0,278902
-0,06590468
-0,02006241
-0,1470704
-0,02196085
-0,01551201
-0,05763903
-0,007559525
-0,01551201
-0,05763903
-0,007559525
0,005769718
-0,04606843
-0,01212173
-0,008855179
-0,02948514
0,008318715
-0,008855179
-0,02948514
0,008318715
-0,01413713
-0,02008468
0,01318852
-0,004007062
-0,004799247
0,01076569
-0,004007062
-0,004799247
0,01076569
-0,004532624
-0,003255904
0,01088868
-0,002270265
-7,605553E-05
0,0117078
-0,006503629
-0,004120767
0,01764831
-0,006503629
-0,004120767
0,01764831
0,001804098
-0,0006325841
0,02721845
-0,001893126
0,01154733
0,003137201
-0,001893126
0,01154733
0,003137201
0,02482685
0,01593995
-0,0168528
0,08530319
0,06558931
-0,09497553
0,08530319
0,06558931
-0,09497553
0,04181454
-0,1398734
-0,2710674
0,2621236
-0,2883791
-1,542127
0,2621236
-0,2883791
-1,542127
0,2538247
-0,4299219
-1,708458
0,2412281
-0,4318328
-1,720385
0,2378141
-0,4319645
-1,722214
0,2378141
-0,4319645
-1,722214
0,2219048
-0,4720809
-1,865021
0,2181286
-0,5018008
-1,907017
0,2181286
-0,5018008
-1,907017
0,2081194
-0,542083
-1,95285
0,2003206
-0,5379892
-1,963058
0,2003206
-0,5379892
-1,963058
0,1949734
-0,5351454
-1,974591
0,2039479
-0,5296746
-2,009571
0,2213969
-0,5089324
-2,075051
0,2213969
-0,5089324
-2,075051
0,2444045
-0,5023109
-2,259934
0,2426397
-0,5274087
-2,32544
0,2426397
-0,5274087
-2,32544
0,2269333
-0,60344
-2,35245
0,2167473
-0,6519151
-2,345261
0,2167473
-0,6519151
-2,345261
0,1979528
-0,7818273
-2,399948
0,176415
-0,8821638
-2,447634
0,176415
-0,8821638
-2,447634
0,1158216
-1,129344
-2,50209
0,08797541
-1,213515
-2,50439
0,05475408
-1,305372
-2,503456
0,05475408
-1,305372
-2,503456
0,001389146
-1,477258
-2,420936
-0,007668495
-1,496005
-2,351639
-0,007668495
-1,496005
-2,351639
-0,02521539
-1,467205
-2,291179
-0,03987905
-1,487194
-2,258963
-0,03987905
-1,487194
-2,258963
-0,06930974
-1,469747
-2,134021
-0,07697487
-1,389566
-2,061919
-0,08554351
-1,311436
-1,990375
-0,08554351
-1,311436
-1,990375
-0,08306953
-1,127921
-1,811632
-0,0625501
-1,044558
-1,698613
-0,0625501
-1,044558
-1,698613
-0,4085645
-1,083913
-1,225504
-0,4078299
-1,049037
-1,193109
-0,4078299
-1,049037
-1,193109
-0,3983232
-0,9019654
-1,100963
-0,3944112
-0,8261004
-1,130618
-0,3944112
-0,8261004
-1,130618
-0,349241
-0,568609
-1,128644
-0,3144048
-0,4231915
-1,056829
-0,2934698
-0,3367887
-1,00967
-0,2934698
-0,3367887
-1,00967
-0,2742282
-0,2538117
-0,9341971
-0,2711909
-0,2053479
-0,9052922
-0,2711909
-0,2053479
-0,9052922
0,04154357
-0,3276265
-0,7457023
-0,01268406
-0,2859254
-0,7226518
-0,01268406
-0,2859254
-0,7226518
-0,1172762
-0,2134331
-0,652825
-0,1710548
-0,1513302
-0,5831887
-0,3373044
-0,1004341
-0,5240947
-0,3373044
-0,1004341
-0,5240947
-0,2036379
0,01919505
-0,5373755
-0,1959903
0,05013883
-0,5097166
-0,1959903
0,05013883
-0,5097166
-0,1690775
0,01326366
-0,5225309
-0,1735919
-0,01765552
-0,5276241
-0,1735919
-0,01765552
-0,5276241
-0,3631528
-0,09563407
-0,4807234
-0,3628639
-0,1256693
-0,5196635
-0,2195814
-0,1497135
-0,5664087
-0,2195814
-0,1497135
-0,5664087
-0,1613625
-0,2390104
-0,651665
-0,1613625
-0,2390104
-0,651665
-0,147504
-0,2806272
-0,68268
-0,147504
-0,2806272
-0,68268
-0,09888145
-0,209042
-0,7485292
-0,08608757
-0,1823706
-0,7572488
-0,08623224
-0,1871063
-0,7574877
-0,06818627
-0,1833307
-0,7947405
-0,07070169
-0,1903309
-0,7950957
-0,07070169
-0,1903309
-0,7950957
-0,06341836
-0,2001781
-0,8219036
-0,06341836
-0,2001781
-0,8219036
-0,03326884
-0,1675092
-0,8754097
-0,02910829
-0,2004223
-0,8860392
-0,02105139
-0,2484672
-0,898137
-0,3935727
-0,06681374
-0,9606952
-0,3903781
-0,04911575
-0,9930473
-0,3893731
-0,03504398
-1,026273
-0,3871533
-0,04623353
-1,049793
-0,3871533
-0,04623353
-1,049793
-0,3845223
-0,09904405
-1,063394
-0,3850718
-0,1068951
-1,068311
-0,3814469
-0,08099139
-1,082321
-0,3755708
-0,01932669
-1,097337
-0,3712704
0,02161524
-1,098487
-0,3634744
0,04018477
-1,085698
-0,3521519
0,07283714
-1,070072
-0,00401487
-0,200434
-0,004847487
-0,00401487
-0,396634
-0,004847487
-0,00401487
-0,396634
-0,004847487
-0,1089425
-0,422641
-0,0615331
-0,1768064
-0,5425242
-0,08132362
-0,1768064
-0,5425242
-0,08132362
-0,165098
-0,3137807
-0,045201
-0,3244862
-0,4121282
-0,1534837
-0,3244862
-0,4121282
-0,1534837
-0,3963041
-0,4243088
-0,2018787
0,34578
0,499625
-0,4325296
0,34578
0,499625
-0,4325296
-0,3074453
0,4255784
-0,5034992
-0,1837838
0,3169412
-0,3859164
-0,1837838
0,3169412
-0,3859164
-0,1670039
0,1434981
-0,3591299
-0,2125951
-0,02650138
-0,2700545
-0,2125951
-0,02650138
-0,2700545
-0,197226
-0,1691379
-0,2486172
-0,177871
-0,2322908
-0,2053894
-0,1576764
-0,3457131
-0,2083399
-0,1576764
-0,3457131
-0,2083399
-0,1934938
-0,5173019
-0,1212476
-0,1794593
-0,677861
-0,1396957
-0,1794593
-0,677861
-0,1396957
-0,1794593
-0,874061
-0,1396957
-0,1794593
-1,070261
-0,1396957
-0,1794593
-1,070261
-0,1396957
-0,1794593
-1,266461
-0,1396957
0,06891707
-0,2072614
-0,1514127
0,06891707
-0,4034615
-0,1514127
0,06891707
-0,4034615
-0,1514127
0,0318024
-0,2229204
0,1800022
0,02031377
-0,3247516
0,2230581
0,02031377
-0,3247516
0,2230581
0,002516137
-0,3419988
0,2915257
0,08371612
-0,01228797
0,2826411
0,08371612
-0,01228797
0,2826411
0,09968361
0,01654018
0,2699419
0,1132233
0,03123848
0,2496593
0,1132233
0,03123848
0,2496593
0,1207144
0,03813443
0,2308198
0,1207144
-0,1580656
0,2308198
0,1207144
-0,3542656
0,2308198
0,1207144
-0,3542656
0,2308198
0,1344077
0,01550299
0,1434301
0,1384295
0,02469191
0,1129705
0,1384295
0,02469191
0,1129705
0,1382276
0,02789414
0,06495273
0,1269554
0,01595101
0,02582482
0,1269554
0,01595101
0,02582482
0,1145303
0,01054482
-0,01406437
0,1027904
-0,002234131
-0,05187261
0,08422257
-0,01642802
-0,08847909
0,08422257
-0,01642802
-0,08847909
0,06435272
-0,02948289
-0,1216407
0,04067304
-0,03650731
-0,1534936
0,04067304
-0,03650731
-0,1534936
0,01043756
-0,03837028
-0,1814025
-0,04302884
-0,02389835
-0,1581748
-0,04302884
-0,02389835
-0,1581748
-0,08530976
-0,01329702
-0,1052706
-0,09536751
0,004150525
-0,05662033
-0,1020095
-0,009921625
-0,01634116
-0,1020095
-0,009921625
-0,01634116
-0,105613
-0,02977094
0,02154779
-0,1093164
-0,03198782
0,04159368
-0,1093164
-0,03198782
0,04159368
-0,1121949
-0,0162212
0,02105871
-0,1129851
0,004920647
-0,0007532518
-0,1129851
0,004920647
-0,0007532518
-0,1108088
0,001822934
-0,02043893
-0,1070704
0,001317322
-0,02944817
-0,1070704
0,001317322
-0,02944817
-0,1003428
0,004567847
-0,02446248
-0,09165817
0,007260352
-0,0163875
-0,08269136
-0,002263993
-0,02795272
-0,08269136
-0,002263993
-0,02795272
-0,06963842
0,01015742
-0,02064032
-0,05662832
0,01136902
-0,01515718
-0,05662832
0,01136902
-0,01515718
-0,0425454
0,008129761
-0,007498779
-0,02782962
0,00436686
-0,001748226
-0,02782962
0,00436686
-0,001748226
-0,0128183
0,001266897
0,00119421
0,002278887
-0,001532257
0,002871351
0,01733844
-0,003988236
0,003052559
0,01733844
-0,003988236
0,003052559
0,0320658
-0,005941108
0,002817089
0,04625838
-0,007498637
0,002901188
0,04625838
-0,007498637
0,002901188
0,05968807
-0,008531138
0,00331121
0,07212611
-0,008416936
0,002083712
0,07212611
-0,008416936
0,002083712
0,08324907
-0,008389324
0,00267842
0,09404001
-0,00814341
0,03257864
0,09404001
-0,00814341
0,03257864
0,1020273
-0,005622014
0,03656727
0,1073013
-0,005872279
0,02527067
0,1106159
-0,005394369
0,01472259
0,1106159
-0,005394369
0,01472259
0,1122626
-0,004583701
0,006715246
0,1100155
-0,003482878
0,004004729
0,1100155
-0,003482878
0,004004729
-0,004711706
0,001132427
0,0001415681
-0,006481816
0,0006583352
0,003305799
-0,006481816
0,0006583352
0,003305799
-0,02294572
0,003318101
0,01757789
-0,01580311
0,002827078
0,01428621
-0,01242168
-0,0006522536
0,01790288
-0,01242168
-0,0006522536
0,01790288
-0,01511329
0,004641458
0,02352349
-0,007036022
0,004875153
0,02324704
-0,007036022
0,004875153
0,02324704
-0,003873492
0,00591737
0,02758041
-0,0001422213
0,005053878
0,02367424
-0,0001422213
0,005053878
0,02367424
0,007612352
0,009517878
0,04338937
0,01194079
0,009890586
0,04168062
0,01194079
0,009890586
0,04168062
0,01109191
0,007655442
0,09985294
0,01017932
-0,03347175
0,1402956
0,004473094
-0,04334661
0,168469
0,004473094
-0,04334661
0,168469
0,009963986
-0,0188399
0,1959725
0,0222485
-0,01983586
0,2927005
0,0222485
-0,01983586
0,2927005
0,04928441
-0,03443642
0,3488654
0,0604376
-0,02445017
0,2803791
0,0604376
-0,02445017
0,2803791
0,1149694
-0,02643981
0,5167723
0,0641965
0,01130795
0,3224358
0,06642594
0,03738449
0,3196793
0,06642594
0,03738449
0,3196793
0,0722291
0,09429248
0,3342022
0,07208647
0,1371986
0,3066054
0,07208647
0,1371986
0,3066054
0,07029777
0,188345
0,2418494
0,06437962
0,1753769
0,2160586
0,06437962
0,1753769
0,2160586
0,08550221
0,2264326
0,275153
0,07596807
0,171724
0,3048548
0,06480651
0,08766937
0,3369196
0,06480651
0,08766937
0,3369196
0,0561694
-0,01528946
0,3891837
0,04175517
-0,03220578
0,3360758
0,04175517
-0,03220578
0,3360758
0,04048493
0,05242511
0,278969
0,02809508
0,0432199
0,1890326
0,02809508
0,0432199
0,1890326
0,0175536
-0,01982311
0,2401957
0,009881377
-0,03984887
0,2082805
0,009881377
-0,03984887
0,2082805
0,000390648
-0,05720283
0,2267752
-0,006190307
-0,06633338
0,1895304
-0,0136634
-0,0748746
0,1333851
-0,0136634
-0,0748746
0,1333851
-0,01502279
-0,005765148
0,06390743
-0,01550248
0,02042382
0,05493309
-0,01550248
0,02042382
0,05493309
-0,02170789
0,03033896
0,04223651
-0,02298299
0,03154138
0,04481473
-0,02298299
0,03154138
0,04481473
-0,026658
0,04342167
0,05192407
-0,02539063
0,05245391
0,0596676
-0,02437772
0,06135001
0,05977163
-0,02437772
0,06135001
0,05977163
-0,02331468
0,1125807
0,03550588
-0,02050348
0,1299927
0,03068751
-0,02050348
0,1299927
0,03068751
-0,02853539
0,2839443
0,0988362
-0,02892813
0,2678581
0,1405218
-0,02892813
0,2678581
0,1405218
-0,02482521
0,2973106
0,3071038
-0,009727562
0,2722808
0,2600841
-0,009727562
0,2722808
0,2600841
0,008028887
0,3562161
0,3748166
0,01795847
0,2821035
0,4317249
0,02593747
0,2742162
0,5210942
0,02593747
0,2742162
0,5210942
0,03346816
0,3080428
0,4953687
0,0337223
0,2993515
0,4226569
0,0337223
0,2993515
0,4226569
0,03543468
0,3587949
0,3945512
0,03222694
0,3288879
0,3723364
0,03222694
0,3288879
0,3723364
0,03581349
0,4308297
0,4198983
0,02362787
0,2897908
0,2385614
0,02004999
0,2647618
0,2633455
0,02004999
0,2647618
0,2633455
0,01193384
0,2083797
0,3335702
0,0122514
0,2348671
0,2682908
0,0122514
0,2348671
0,2682908
0,008266664
0,2267305
0,1747764
0,005566591
0,1832166
0,1596806
0,005566591
0,1832166
0,1596806
0,005787413
0,2505755
0,2229286
0,00651442
0,2574885
0,2249577
0,00651442
0,2574885
0,2249577
0,009542901
0,4245349
0,1691327
0,009899408
0,3625734
0,1267395
0,008880442
0,3352508
0,1475114
0,008880442
0,3352508
0,1475114
0,01013796
0,4149549
0,1404984
0,01033542
0,408615
0,1442516
0,01033542
0,408615
0,1442516
0,01180245
0,5337501
0,179637
0,01428529
0,5203303
0,2118026
0,01428529
0,5203303
0,2118026
0,01183541
0,3914701
0,07229351
0,01068184
0,3568792
-0,04727388
0,009958791
0,400456
-0,1375844
0,009958791
0,400456
-0,1375844
0,007194243
0,3945115
-0,1334692
0,005709415
0,2997983
-0,08255552
0,006545246
0,5065507
-0,1456756
0,004007689
0,3999525
-0,1293359
0,001903151
0,327594
-0,126512
0,001582391
0,4978895
-0,213119
-0,07283608
0,0831157
0,02090819
-0,03271203
0,07008937
0,01630789
-0,02662649
0,03975326
-0,01142947
-0,02662649
0,03975326
-0,01142947
-0,02165403
0,03260934
0,009396166
-0,02165403
0,03260934
0,009396166
-0,01602627
0,01485381
0,006965682
-0,03508104
0,02125326
0,00904873
-0,04354093
0,02168292
0,007905364
-0,04495028
0,02602458
0,01406583
-0,01412878
0,02178931
0,01403448
-0,02703361
0,02968162
0,02647626
-0,02419828
0,02993375
0,03421703
-0,0350324
0,04257101
0,03970158
-0,03835317
0,08328259
0,0237135
-0,0355348
0,1455111
0,002030551
-0,03323317
0,1840718
-0,01625261
-0,02236971
0,5934771
-0,2005412
0,01670373
0,1707405
0,2107183
-0,08862317
0,2634544
-0,01398908
-0,03057083
0,2490216
-0,0647302
0,01817098
0,4211189
0,03496982
-0,3042945
0,3819679
-0,7049572
0,002635993
0,05893344
0,07757078
-0,02106853
0,08296788
0,1117304
0,04956554
0,2335135
0,2692493
0,02290413
0,08189589
0,07193425
0,01789293
0,1111677
0,09528011
-0,6055626
0,5156913
-0,698942
-0,5659515
0,6081657
-0,5749915
-0,4748234
0,6181107
-0,2598389
-0,4580878
0,7207118
-0,1407932
-0,3217707
0,7815964
-0,1079177
-0,2938289
0,8520163
-0,02351069
-0,4297987
1,0176
0,03412551
-0,4535767
1,167312
-0,1085676
-0,3905262
1,237343
-0,1636694
-0,3025808
1,251886
-0,2603208
-0,1649385
1,298227
-0,6044539
0,0137198
1,428476
-0,7760028
0,1661863
1,477791
-0,910575
0,336152
1,432172
-1,019387
0,4281263
1,398996
-1,176178
0,7720564
1,679831
-0,9768691
0,4151129
1,053732
-0,7393923
0,09743861
0,2263461
-0,2377991
0,207889
0,5452901
-0,6900033
-0,08459517
0,4569827
-0,2111813
-0,06814183
0,5194461
-0,2215835
0,01091896
0,0720399
0,003134727
-0,04941764
0,04910758
-0,04045603
-0,04773512
0,08933264
0,0299499
-0,02591508
0,07753003
0,05121407
0,02461328
0,149614
0,06079647
0,02613351
0,09625441
0,0381901
0,02616619
0,08752877
0,1397682
0,01429474
0,2774909
0,1700355
-0,0174973
0,07147983
0,1239488
0,06309792
0,3569982
0,204337
0,01290312
0,1609457
0,1672387
0,01292886
0,04400185
0,2404473
0,09808521
0,2087194
0,2557817
0,04054979
0,1654005
0,1828353
-0,003826052
0,02699822
0,2660364
0,06226929
0,2467874
0,3605129
0,05605797
0,166927
0,3561723
0,04983933
0,1949442
0,4879703
0,06893746
0,2231969
0,5356528
0,08832907
0,1204258
0,4894077
0,1008709
0,1220045
0,57592
0,08384586
0,05130045
0,604068
0,1698149
-0,06564965
0,3114893
-0,4988139
0,255291
0,8617181
-0,3991201
0,5255632
0,4936979
-0,4728886
0,4960663
0,514683
-0,5624279
0,1358748
0,6939213
-0,6063428
0,07084396
0,7410139
-0,6362683
0,06423575
0,8029806
-0,6684751
0,05994073
0,8408516
-0,7092692
0,05351532
0,8862708
-0,7430565
0,06202731
0,9572247
-0,7747949
0,09219429
1,052377
-0,7970021
0,1123734
1,091723
-0,8103288
0,1395236
1,141259
-0,827996
0,1752112
1,219715
-0,8542964
0,1847863
1,307888
-0,8746035
0,1885499
1,370461
-0,8492534
0,2444238
1,436937
-0,8110805
0,296088
1,517583
-0,817081
0,2727221
1,573257
-0,8286573
0,2151839
1,639884
-0,8423563
0,1621097
1,683481
-0,8623137
0,09023187
1,715736
-0,8695557
0,03822884
1,717099
-0,8544852
0,02966595
1,714126
-0,833312
0,0374603
1,678666
-0,7980184
0,07422319
1,621762
-0,7522042
0,1175098
1,521824
-0,6877381
0,1599052
1,416273
-0,629991
0,1891678
1,282512
-0,5837588
0,2464098
1,116519
-0,5319923
0,3183812
0,95834
-0,4861787
0,3847286
0,7934396
-0,3967775
0,7028099
0,5331697
-0,3647147
0,690878
0,4407176
-0,3485779
0,669956
0,4018638
-0,3465725
0,6643841
0,4007808
-0,3551015
0,662654
0,4317345
-0,372006
0,6620196
0,5078635
-0,3878851
0,6554996
0,5810511
-0,3968309
0,6529729
0,6349891
-0,4096037
0,6496251
0,6801618
-0,460984
0,3328935
0,8177611
-0,4574766
0,3274941
0,8222117
-0,4570156
0,34132
0,8348405
-0,4567435
0,3403105
0,8338125
-0,4582492
0,3333801
0,8383384
-0,4617599
0,3252503
0,8466096
-0,4636764
0,3174268
0,8564473
-0,474526
0,2968509
0,8900986
-0,4934328
0,2871133
0,9582568
-0,5114177
0,2780244
1,023385
-0,5449512
0,258947
1,130885
-0,5628623
0,194859
1,290629
-0,5748739
0,1424024
1,390465
-0,5746729
0,1360541
1,486574
-0,5824835
0,1228044
1,573168
-0,5859714
0,1114297
1,602976
-0,5793173
0,1197346
1,629316
-0,5706737
0,1323791
1,618091
-0,5573258
0,1666678
1,577534
-0,5431378
0,2089721
1,505503
-0,5324386
0,2400305
1,412993
-0,5159015
0,2870321
1,331333
-0,4995031
0,3353465
1,22326
-0,4910811
0,3810976
1,116974
-0,4918573
0,3937005
1,029952
-0,4890748
0,3931854
0,964954
-0,4773839
0,4133444
0,9232867
-0,4679523
0,4660831
0,9119704
-0,01649069
-0,09325525
-0,08386382
-0,0985406
-0,3183321
-0,04221918
-0,1557145
-0,4308226
-0,01463075
-0,3024163
-0,5662493
0,07213181
-0,3835273
-0,5793934
0,1347722
-0,462153
-0,5417356
0,2112999
-0,5684389
-0,3517149
0,3189021
-0,5935645
-0,2046922
0,354192
-0,4904824
0,2057593
0,2451335
-0,4318957
0,2624052
0,1561387
-0,3708443
0,2740689
0,06327806
-0,2782095
0,2203226
-0,059697
-0,2386445
0,1721401
-0,1041998
-0,1315151
0,006371774
-0,1743979
-0,08770479
-0,1039547
-0,1798666
-0,06579238
0,04855457
-0,1829031
0,04248412
-0,006382808
-0,1443241
0,08903
-0,04761712
-0,1213252
0,1347524
-0,08775905
-0,09644941
0,2235325
-0,1521786
-0,03692705
0,2704653
-0,1585168
7,539988E-05
0,3490566
-0,1572155
0,07605454
0,3801434
-0,1423071
0,1127545
0,4040032
-0,1150859
0,1471864
0,4126708
-0,01295766
0,2043788
0,395713
0,02817655
0,2259265
0,3322893
0,09974022
0,2394305
0,2885082
0,1226415
0,2346948
0,1575622
0,1844596
0,1158639
0,1101978
0,1008918
0,0009922944
0,0849636
0,04372314
-0,04013889
0,0313973
-0,07761024
-0,1230799
-0,004416395
-0,09182765
-0,1379359
-0,06257032
-0,06179389
-0,1472527
-0,1508801
-0,08915401
-0,1463993
-0,1938777
-0,09472904
-0,1415355
-0,2676986
-0,097087
-0,1192392
-0,299541
-0,0879712
-0,1026838
-0,3247244
-0,07338995
-0,08107987
-0,3555175
-0,01465191
-0,03562441
-0,3527633
0,01141322
-0,009510828
-0,3245082
0,04958576
0,03879362
-0,2999702
0,06315309
0,06063197
0,05561056
-0,009358857
-0,0135486
0,01255895
-0,00240811
-0,02977947
0,01083578
0,0008969903
-0,06992954
0,004015282
-0,01045765
-0,04621571
0,007130174
-0,01587458
-0,03756575
0,01001663
-0,01150151
-0,03724434
0,00487806
-0,01087409
-0,01686155
0,002225969
-0,006692491
0,006314142
0,002756473
-0,0003795037
0,0286429
0,002170078
0,0001576636
0,04577414
0,002620448
0,007977049
0,06736897
-0,003324172
-0,004006467
0,03079263
-0,001544735
-0,01042189
0,06180048
-0,0006241417
-0,01253356
0,07777433
-0,03632568
0,04780317
0,519587
-0,04713055
0,1042018
0,6234016
-0,03254904
-0,01964347
0,1943537
0,004825508
0,005939389
-0,06761563
-0,003902094
0,004772223
-0,02658439
-0,003074551
0,001464428
-0,004003912
-0,01218588
0,003046151
0,002065063
0,005997715
0,06850914
0,149705
-0,01064767
0,07248747
0,1964625
-0,0330109
0,03093238
0,2147945
-0,02641119
0,0009782016
0,1891209
-0,02462811
0,00233537
0,173509
-0,01884432
-0,007045835
0,1943237
-0,01561656
-0,01171678
0,2092561
0,01022306
-0,4126346
0,6793926
0,02028656
-0,02578548
0,3327988
0,006740834
-0,160987
0,5367576
0,2980762
-0,6641775
0,1975701
-0,08201544
-0,1075577
0,5597907
0,01328161
0,01458132
-0,03969908
0,007227266
-0,001827329
0,02141362
0,004672145
-0,01497054
0,07916772
-0,01397567
-0,04043815
0,1391141
-0,006098624
-0,03964648
0,1129943
0,005685717
-0,0571416
0,1700241
0,003221989
-0,04825592
0,1110533
0,02280673
-0,1003956
0,1414361
-0,06049367
-0,9090221
-0,4831668
0,2223471
-1,142496
-0,3904459
0,1141374
-1,418689
0,02457734
0,3920247
-1,390687
-0,6164296
0,1349826
-0,7363625
-0,1969582
0,397091
-2,710218
-0,8406705
0,05153951
-3,78875
-0,3097286
0,00817225
-2,040086
-0,1946661
1,508977
-0,5049367
0,2576834
0,4286901
0,1153486
2,945671
0,4286901
0,1153486
2,945671
-0,01914211
-0,8699958
0,522517
0,003042445
-0,2468882
0,2478033
0,003042445
-0,2468882
0,2478033
0,006021261
-0,1678393
0,187433
0,01255888
-0,1213031
0,1475333
0,01255888
-0,1213031
0,1475333
0,01101039
-0,102493
0,3111858
-0,04979643
-0,04224372
0,4017572
-0,04979643
-0,04224372
0,4017572
-0,02683437
-0,2114985
0,7674443
0,02630028
-0,09203613
2,363043
-0,03331077
0,2516826
2,73311
-0,03331077
0,2516826
2,73311
0,4196622
0,5372547
0,8481668
0,2408168
-0,1834329
0,7606649
0,2408168
-0,1834329
0,7606649
-0,3578974
0,1387127
2,347218
-0,09834018
0,2540296
0,6788574
-0,09834018
0,2540296
0,6788574
-0,07039555
0,4585666
0,847343
-0,03136187
0,7734288
1,103054
0,009338494
0,8490355
0,8636122
0,009338494
0,8490355
0,8636122
0,05494234
1,764131
1,266681
-0,01983214
1,346976
1,206123
-0,01983214
1,346976
1,206123
-0,2834564
2,128508
2,326137
0,3997282
0,4596077
0,1699231
0,3997282
0,4596077
0,1699231
0,08433828
0,7374318
0,1352032
0,02136039
0,2520732
0,1304955
-0,03496355
0,439725
0,5695733
-0,1405961
0,2832671
0,6847106
0,01177942
0,506343
0,196656
0,009188352
0,2878028
0,02880412
-0,005603253
0,365332
0,009636462
0,0425134
0,3364419
-0,0596077
0,1304737
0,4302481
-0,2931944
0,1278122
0,78018
-0,2935387
0,08369099
0,9584804
-0,5026658
-0,1137476
-0,1116198
-0,5987963
-0,01079234
0,270057
-0,4309673
0,4037114
1,21398
-1,489254
0,4444837
1,32973
-1,758928
0,4373285
1,443004
-2,059809
0,5317192
1,492856
-2,567412
0,7302516
1,22892
-3,751861
1,018158
1,389632
-4,340246
0,8491698
1,989759
-4,802154
0,6168083
2,618296
-4,303845
0,5299127
2,751107
-3,63787
0,5725594
2,762534
-3,59535
0,7517946
2,349264
-3,36002
0,9051306
1,946166
-3,147695
0,9248512
1,964464
-3,053939
0,9942362
1,931815
-3,1527
1,113693
1,694409
-3,198925
1,290951
1,330282
-3,424797
1,318599
1,311468
-3,391955
1,287856
1,492472
-3,381814
1,286508
1,555983
-3,387496
1,290708
1,520402
-3,291902
1,372678
1,220548
-3,246659
1,53407
0,5332515
-3,111379
1,682978
-0,1015061
-3,037119
1,867038
-1,055604
-2,653412
1,646817
-2,022636
-2,316837
1,399721
-2,831728
-2,586152
1,700043
-3,359248
-2,985315
1,621343
-2,99825
-3,003839
1,418671
-2,373326
-2,367144
0,1535081
-1,536083
-1,761158
1,143236
-1,02177
-1,711827
0,3969996
-0,06570023
0,144087
0,1813761
-0,5763828
-0,1224469
0,2117231
-0,7462925
-0,04725015
-0,03534895
-0,03842515
-0,02584887
-0,03534895
-0,03842515
-0,02584887
-0,01743358
-0,1681337
-0,005750299
0,0002834797
-0,04397815
0,004473448
-0,03208476
0,003313303
-0,008475184
0,01886678
-0,2256511
-0,04736835
-0,02402872
-0,3546411
0,0347442
-0,05815596
-0,4389896
0,114672
0,4644595
0,4056345
-0,01313531
0,2981435
0,1164037
0,1840534
0,2585298
0,01214925
0,07399093
0,2487864
-0,1537304
0,06428564
0,2487864
-0,1537304
0,06428564
0,03994502
-0,1170573
0,05940589
0,02933205
-0,1576713
0,08835705
-0,01328844
-0,1198907
0,103543
-0,06506501
-0,1129608
0,109962
-0,06506501
-0,1129608
0,109962
-0,123746
-0,09824511
0,1215389
-0,150106
-0,1340898
0,1315802
-0,1896075
-0,1447774
0,1290202
-0,2310956
-0,1481556
0,1190688
-0,2546553
-0,1359714
0,1070461
-0,2546553
-0,1359714
0,1070461
-0,2420188
-0,1989686
0,1367809
-0,2194092
-0,3286567
0,1463135
-0,2125943
-0,5079402
0,1512746
-0,2517307
-0,676104
0,1007178
-0,2517307
-0,872304
0,1007178
-0,2517307
-0,872304
0,1007178
-0,2517307
-1,068504
0,1007178
-0,603118
-0,7848966
-0,3931515
-0,2297451
-0,3188661
-0,7309433
-0,1741723
0,06753206
-0,4921047
-0,1741723
0,06753206
-0,4921047
-0,1966809
-0,1013304
-0,5168806
-0,09782895
0,05826953
-0,5243106
-0,09782895
0,05826953
-0,5243106
0,006806239
0,1360629
-0,4761535
0,07670326
0,140596
-0,4271524
0,1395173
0,133088
-0,3649488
0,1395173
0,133088
-0,3649488
0,1407485
-0,033921
-0,3831112
0,2052699
-0,07777539
-0,3707267
0,2052699
-0,07777539
-0,3707267
0,2619052
-0,1871767
-0,3663104
0,279629
-0,3338574
-0,3625027
0,279629
-0,3338574
-0,3625027
0,279629
-0,5300574
-0,3625027
0,1873141
0,06353742
-0,1797633
0,180608
-0,09450576
-0,1667805
0,180608
-0,09450576
-0,1667805
0,1430413
-0,0187898
0,03677858
0,1467402
-0,05579676
0,04603757
0,1467402
-0,05579676
0,04603757
0,1193122
-0,07935773
0,1013506
0,1092424
-0,09921591
0,1512869
0,1092424
-0,09921591
0,1512869
0,09136921
-0,1495643
0,191504
-0,06530857
0,01175356
0,02848528
-0,0686278
-0,02565674
0,009186944
-0,0686278
-0,02565674
0,009186944
-0,06768712
-0,101068
-0,02422393
-0,1102214
-0,01423812
0,02582424
-0,1102214
-0,01423812
0,02582424
-0,1158052
-0,0253094
0,0602726
-0,1155885
-0,03413959
0,08228181
-0,1155885
-0,03413959
0,08228181
-0,1093163
-0,02277276
0,07135819
-0,1075797
-0,01280227
0,04668631
-0,1075797
-0,01280227
0,04668631
-0,09488101
0,006861269
0,0273218
-0,09583232
-0,00748907
0,0200358
-0,07943447
0,007561013
0,01925179
-0,07943447
0,007561013
0,01925179
-0,0741818
-0,002202198
0,01012346
-0,05555622
0,006719843
0,0121382
-0,05555622
0,006719843
0,0121382
-0,04087218
0,0008568764
0,003446538
-0,02488412
0,001027986
0,002124515
-0,02488412
0,001027986
0,002124515
-0,01319508
-0,005989864
-0,00569926
0,0045228
-0,002490267
-0,001519881
0,01898317
-0,004214689
-0,003669497
0,01898317
-0,004214689
-0,003669497
0,03246394
-0,006496787
-0,006051106
0,04539434
-0,007440299
-0,008308783
0,04539434
-0,007440299
-0,008308783
0,05737047
-0,009642556
-0,004264324
0,06606063
-0,007765204
-0,01023854
0,06606063
-0,007765204
-0,01023854
0,07405053
-0,01038438
-0,009687996
0,08022238
-0,008660987
-0,01352739
0,08022238
-0,008660987
-0,01352739
0,08405596
-0,00801295
-0,01217951
0,08943781
-0,002981424
-0,01272035
0,0915153
-0,0009510219
-0,01345553
0,0915153
-0,0009510219
-0,01345553
0,09039415
0,001462042
-0,01492153
0,08608451
0,003280684
-0,01511614
0,08608451
0,003280684
-0,01511614
0,08050783
0,004266769
-0,01284832
0,07306929
0,005332172
-0,01208912
0,07306929
0,005332172
-0,01208912
0,06342092
0,00566411
-0,01105595
0,05301827
0,006124452
-0,01098037
0,0420865
0,004390553
-0,00513787
0,0420865
0,004390553
-0,00513787
0,02934114
0,003811538
-0,005208654
0,01584565
0,002402008
-0,003841763
0,01584565
0,002402008
-0,003841763
0,002658999
0,0004775971
-0,0003776865
-0,01092913
-0,002035975
0,003046144
-0,01092913
-0,002035975
0,003046144
-0,02412504
-0,00417906
0,006635327
-0,03682757
-0,005414084
0,009314251
-0,03682757
-0,005414084
0,009314251
-0,04858254
-0,00748913
0,01037308
-0,05935839
-0,01044248
0,01051576
-0,06901958
-0,00885132
0,01394354
-0,06901958
-0,00885132
0,01394354
0,01015628
0,001182738
-0,001090245
0,0003298885
-0,0003998559
0,004489057
0,0003298885
-0,0003998559
0,004489057
-0,01015184
-0,008119095
0,02333332
-0,01037171
-0,00301398
0,01642347
-0,01037171
-0,00301398
0,01642347
-0,03804139
-0,002634689
0,01392321
-0,04546104
0,01158528
0,02397858
-0,04439744
0,02222383
0,03085101
-0,04439744
0,02222383
0,03085101
-0,03752533
0,0528681
0,05823228
-0,03215336
0,05809601
0,0565127
-0,03215336
0,05809601
0,0565127
-0,0368439
0,09929695
0,08793175
-0,04665459
0,07823082
0,06902355
-0,04665459
0,07823082
0,06902355
-0,07880202
0,144468
0,1189979
-0,05607821
-0,1654061
0,4131526
-0,04399728
-0,1766841
0,5022113
-0,04399728
-0,1766841
0,5022113
-0,05471636
0,02956546
0,1254547
-0,06986386
0,00808914
0,08788761
-0,06986386
0,00808914
0,08788761
-0,02540664
0,01803523
0,07855946
-0,01192648
0,06814355
0,06250864
-0,01192648
0,06814355
0,06250864
-0,1499215
0,2407589
0,201529
-0,1527145
0,02531103
0,1433232
-0,1527145
0,02531103
0,1433232
0,4612884
0,2631778
0,4887718
0,4519503
0,2970522
0,5569355
0,4509572
0,3220682
0,5680109
0,4509572
0,3220682
0,5680109
0,4506157
0,385776
0,6228238
0,4421664
0,4113282
0,6435427
0,4421664
0,4113282
0,6435427
0,4101713
0,4272378
0,649031
0,4022742
0,443443
0,6572413
0,4022742
0,443443
0,6572413
0,3914937
0,4750389
0,6939095
0,3859173
0,4922079
0,7116404
0,3813059
0,5065721
0,7237974
0,3813059
0,5065721
0,7237974
0,3805358
0,5236507
0,7402
0,386768
0,5439545
0,7381133
0,386768
0,5439545
0,7381133
0,3891485
0,555127
0,7712498
0,3826735
0,5509796
0,7882837
0,3826735
0,5509796
0,7882837
0,3751772
0,5502607
0,7978101
0,3724343
0,5483101
0,8075581
0,3724343
0,5483101
0,8075581
0,3781961
0,5482779
0,8546266
0,3830468
0,558154
0,8706943
0,3763116
0,5532585
0,8824663
0,3763116
0,5532585
0,8824663
0,3667887
0,5370756
0,9068802
0,3625275
0,5381625
0,9243854
0,3625275
0,5381625
0,9243854
0,3452065
0,5423984
0,9450033
0,3347278
0,5512923
0,9654832
0,3347278
0,5512923
0,9654832
0,3107981
0,5589514
0,9739655
0,3072239
0,5725186
0,9575235
0,3013426
0,5830151
0,9498988
0,3013426
0,5830151
0,9498988
0,2917022
0,6245927
0,9762519
0,2795317
0,6334469
0,9924791
0,2795317
0,6334469
0,9924791
0,2642203
0,6422822
1,018448
0,2613555
0,643505
1,014567
0,2613555
0,643505
1,014567
0,4896434
0,4397377
1,100998
0,4886478
0,4393337
1,102966
0,4886478
0,4393337
1,102966
0,486072
0,4433113
1,109324
0,4934418
0,4524166
1,098038
0,4983616
0,4575287
1,088699
0,4983616
0,4575287
1,088699
0,514788
0,4755901
1,062023
0,5505983
0,5046327
1,005917
0,5505983
0,5046327
1,005917
0,6280182
0,549358
0,9190115
0,6398575
0,5679672
0,8946449
0,6398575
0,5679672
0,8946449
0,6145909
0,5596914
0,8649275
0,5906506
0,5319837
0,8597562
0,5824504
0,5045881
0,8233913
0,5824504
0,5045881
0,8233913
0,6047372
0,4948283
0,7522535
0,611483
0,4878462
0,69941
0,611483
0,4878462
0,69941
0,5989254
0,4533006
0,7410129
0,5616349
0,4081979
0,8030941
0,5616349
0,4081979
0,8030941
0,3846521
0,52066
0,8044041
0,4203732
0,5064012
0,8096342
0,4203732
0,5064012
0,8096342
0,4975559
0,539574
0,8832144
0,5154487
0,5309914
0,9225335
0,5213711
0,4929942
0,9206812
0,5213711
0,4929942
0,9206812
0,484378
0,4106081
0,9121897
0,4671142
0,4038169
0,8804362
0,4671142
0,4038169
0,8804362
0,4935839
0,2410099
0,9119065
-0,003200992
0,3550855
0,835602
-0,003200992
0,3550855
0,835602
0,05195672
0,1513641
0,378659
0,05362304
0,04923058
0,09937945
0,07851919
0,2865062
0,41127
0,07851919
0,2865062
0,41127
0,08129317
0,1770171
0,2639886
0,07879296
0,09714815
0,1556064
0,07879296
0,09714815
0,1556064
-0,1312054
0,8093282
0,719417
0,3984894
0,6327944
0,5849689
0,3984894
0,6327944
0,5849689
0,2762706
0,4127663
0,3451633
0,05026147
0,185534
0,042669
0,1385399
0,1472481
0,4682375
0,1385399
0,1472481
0,4682375
0,1378506
0,1508176
0,01953161
0,02089339
0,04784106
0,007642925
0,02089339
0,04784106
0,007642925
0,2336678
0,2275222
-0,004239976
0,1343943
0,1787941
0,009955466
0,1343943
0,1787941
0,009955466
0,03350002
0,1156443
0,02869081
0,06096548
0,1224165
0,02233219
0,06096548
0,1224165
0,02233219
-0,02186716
0,08816005
0,05000389
0,01856324
0,09861255
0,02173504
0,009658068
0,07990091
0,02020769
0,009658068
0,07990091
0,02020769
0,02990094
0,05877305
0,003151909
0,04991727
0,04027544
-0,006313398
0,04991727
0,04027544
-0,006313398
0,0501028
0,06489427
-0,01504219
0,03664313
0,05502006
-0,01775821
0,03664313
0,05502006
-0,01775821
0,0210997
0,06513842
-0,01860853
0,02433884
0,04564051
0,0332077
0,02865495
0,04654507
0,05085956
0,02865495
0,04654507
0,05085956
0,03154989
0,07233569
0,08997147
0,08013166
0,0861307
0,1356311
0,08013166
0,0861307
0,1356311
0,1092842
0,1350783
0,1476096
0,121826
0,1509501
0,169507
0,121826
0,1509501
0,169507
-0,01505992
0,08353356
-0,001816556
0,0360207
0,07345995
0,09706844
0,0360207
0,07345995
0,09706844
-0,01312426
0,04960694
0,08198284
0,1037839
0,1062405
0,2213009
0,1079896
0,111034
0,204744
0,1079896
0,111034
0,204744
-0,00273402
0,06760284
0,1010315
-0,01473181
0,05865774
0,08494052
-0,01473181
0,05865774
0,08494052
-0,009374589
0,07390702
0,06423847
-0,01099174
0,09429418
0,06105337
-0,03251174
0,07361386
0,02079201
-0,007142231
0,08494738
-0,005334377
0,0001156777
0,0720921
0,001816407
0,0001156777
0,0720921
0,001816407
-0,003743634
0,06959306
-0,0116065
0,02381361
0,04737215
0,01031693
0,02381361
0,04737215
0,01031693
0,004608661
0,1180523
-0,01774416
0,03841446
0,08702273
0,02850509
0,03841446
0,08702273
0,02850509
-0,02703609
0,07749166
-0,0001411643
0,04119068
0,1162125
-0,02331693
0,04119068
0,1162125
-0,02331693
0,04776838
0,1705133
-0,07884269
0,02702744
0,1477997
-0,05861134
0,01586584
0,1137914
-0,04633763
0,01586584
0,1137914
-0,04633763
0,01555815
0,09813515
-0,05015392
-0,002507798
0,08702956
-0,03883381
-0,002507798
0,08702956
-0,03883381
-0,005366005
0,1381025
-0,06405152
0,01342718
0,1489211
-0,09088707
0,01342718
0,1489211
-0,09088707
0,05996248
0,2931088
-0,2362468
0,05954486
0,3185951
-0,3133626
0,1097687
0,5024483
-0,5611206
0,1097687
0,5024483
-0,5611206
0,09594917
0,5258235
-0,6866705
-0,3252357
0,05379361
-0,5854405
0,07850748
-0,01474149
-0,2889833
0,03072511
-0,03415085
-0,2034267
0,03072511
-0,03415085
-0,2034267
-0,006523192
0,0006923378
-0,04954925
0,007156655
-0,03014236
-0,1135477
0,007156655
-0,03014236
-0,1135477
-0,009676419
-0,00293491
-0,03814587
-0,009676419
-0,00293491
-0,03814587
-0,02575609
-0,005961448
-0,07818455
-0,0310938
0,006556273
-0,02346918
-0,03960939
0,01604001
-0,005369753
-0,02316487
0,01359308
0,007974803
-0,02692322
0,01728219
0,01458144
-0,02692322
0,01728219
0,01458144
-0,02896242
0,01700956
-0,001969576
-0,02896242
0,01700956
-0,001969576
-0,05625142
0,02368927
-0,002516508
-0,0485833
0,01638946
-0,01139954
-0,0485833
0,01638946
-0,01139954
-0,05579984
0,02659884
0,02056333
-0,04869357
0,02293122
-0,005921483
-0,0653021
0,02413875
-0,005063146
-0,04349554
0,01391917
0,0009883344
-0,02235689
0,008695781
0,006234661
-0,03175427
0,00799346
-0,00561884
-0,0277569
0,009968102
-0,002638996
-0,02523593
0,008191049
-5,90682E-05
-0,02697418
0,0123176
-0,005952895
-0,02697418
0,0123176
-0,005952895
-0,03851847
0,01542062
0,02047351
-0,01670735
0,012707
0,03357789
-0,03994296
0,03368998
0,0468877
-0,1143765
0,12573
0,06411877
-0,1143765
0,12573
0,06411877
-0,145075
0,74365
0,02959204
-0,145075
0,74365
0,02959204
-0,1545277
0,2494023
0,1695861
-0,1545277
0,2494023
0,1695861
-0,01761268
0,08278954
0,07519933
0,009863853
0,01796904
0,05076005
0,03055163
-0,05724309
0,02565245
0,021998
-0,0991637
0,03301524
0,021998
-0,0991637
0,03301524
0,03579999
-0,02603759
0,02817412
0,03579999
-0,02603759
0,02817412
-0,005813137
-0,01624446
0,1257684
0,0186162
-0,05468731
0,09884784
-0,001594216
0,007236382
0,07969776
0,01100403
0,0200663
0,07418145
0,02389312
0,01553051
0,02417
0,01440641
0,04029156
0,0378543
0,01405312
0,01639748
0,01604277
0,01405312
0,01639748
0,01604277
0,4082762
0,3075109
-0,6956402
0,1994427
0,4018512
-0,4631296
0,1063825
-0,1640823
-0,3372144
-0,0436088
-0,02369368
-0,08968335
-0,02526995
0,01679468
-0,04796493
-0,07253939
0,3342363
-0,01306462
-0,2337246
0,08250725
0,01501334
0,03030594
0,02725565
-0,06715691
0,003303988
0,001036584
-0,003877401
0,0005100388
0,0001159906
5,763769E-05
0,0005100388
0,0001159906
5,763769E-05
0,0004469696
0,0001490116
9,286404E-05
0,0004469696
0,0001490116
9,286404E-05
0,0004775776
9,840727E-05
-3,641844E-05
0,0008741901
0,0008864999
-0,00128901
0,0002459039
0,000249505
-4,827976E-05
0,0002699555
0,0002894998
4,082918E-05
-0,001826257
0,002298832
0,000208497
-0,00240631
0,004558265
0,002827406
0,01385713
0,08693755
-0,03518307
-0,01246951
0,1743662
-0,03535253
-0,01246951
0,1743662
-0,03535253
-0,009044223
0,01025736
0,001164079
-0,009044223
0,01025736
0,001164079
-0,04515348
-0,03339231
-0,07824069
-0,05545398
-0,02485955
-0,092318
-0,05545398
-0,02485955
-0,092318
-0,01423705
-0,002714038
-0,09909832
0,09470154
0,8940536
-0,4673443
-0,2143115
1,673549
-1,119881
-0,2940727
2,377708
-1,617008
0,009875596
1,848527
-1,759359
-0,5871179
0,9337463
-0,2851619
-0,385925
1,870777
-0,8253942
0,137829
0,2458757
-0,4137707
-0,04198031
0,07348061
-0,006979644
-0,0726956
0,1113474
0,005622625
-0,02213258
0,05189204
-0,001395643
0,0004580021
0,06433606
0,002996385
-0,03640926
0,04529428
0,03716958
0,003294557
-0,006642103
-0,006935179
-0,004047841
0,06884801
0,005190134
-7,611513E-05
0,1636719
0,01831353
-0,01681376
0,1634976
0,008390188
0,05431953
0,1521568
0,0137676
0,0185319
0,2314622
0,03706461
-0,06719685
0,1840309
0,05942452
-0,06010029
0,1708897
0,08240369
-0,03016695
0,01983851
0,01365628
-0,04970741
0,07644254
0,198374
0,4984775
0,3188792
0,2023898
0,4997257
0,3260738
0,3212017
0,5583554
0,3987957
0,5447856
0,5977492
0,4846123
0,7420761
0,6110404
0,5323269
0,8665339
0,6132902
0,5922545
1,047753
0,6281195
0,7118832
1,325774
0,5937526
0,7950083
1,653354
0,6149963
0,8288551
1,876769
0,7764053
0,9604247
2,195642
0,8240284
1,084997
2,555555
0,6511341
1,06545
2,544364
0,5331588
1,030034
2,501916
0,504182
1,020507
2,501562
0,486824
0,9966611
2,464289
0,5081587
0,990974
2,451667
0,5560456
0,9927258
2,4545
0,5713444
0,9850487
2,435928
0,5770981
0,9768555
2,416834
0,585829
0,9761974
2,413086
0,5941927
0,9802122
2,419511
0,5874065
0,9787455
2,419695
0,5591913
0,9686799
2,408667
0,5574598
0,960184
2,390625
0,5810042
0,9572036
2,376384
0,6417053
0,9700965
2,380227
0,775234
0,9991509
2,402793
0,9639792
0,9594164
2,401721
1,079629
0,9085557
2,277514
1,170757
0,7474061
2,143565
1,263517
0,5611132
2,041941
1,352245
0,4582551
1,920091
1,402965
0,3828542
1,804398
1,380336
0,3298672
1,700239
1,377061
0,2269204
1,572967
1,45356
0,1621381
1,483647
1,440799
0,05984361
1,289781
1,392173
0,05401729
1,179262
1,363994
0,01646473
1,0595
1,371513
-0,1583626
0,9574222
1,359954
-0,2507688
0,908389
1,37122
-0,2905855
0,9360091
1,336441
-0,2800052
0,8840584
1,308141
-0,2201782
0,8510069
1,292669
-0,1456979
0,852721
1,288579
-0,05853978
0,8628975
1,325822
-0,05631985
0,9296201
1,371274
-0,01152219
1,017325
1,383275
0,05801645
1,214426
1,398154
0,1417764
1,403116
1,462983
0,1135866
1,449658
1,506148
0,1061468
1,531929
1,487533
0,1369145
1,580656
1,528172
0,09968831
1,556635
1,541309
0,09378314
1,546502
1,506448
0,1032844
1,518236
1,43928
0,1138957
1,460583
1,440441
0,08533078
1,375621
1,400737
0,07050101
1,274839
1,37254
0,05340646
1,186167
1,370112
0,04520397
1,12412
1,376778
0,04024139
1,10245
1,343646
0,05409126
1,132272
1,307119
0,1014108
1,120683
1,325281
0,08748566
1,110721
1,307525
0,09047112
1,110358
1,264875
0,1018163
1,110718
1,264571
0,09364203
1,105801
1,275026
0,09191534
1,141148
1,257711
0,1210047
1,225598
1,242761
0,1745535
1,33222
1,217025
0,2687293
1,427472
1,18828
0,3750762
1,525859
1,183527
0,4419716
1,593892
1,185469
0,4692454
1,619953
1,191134
0,4627448
1,61494
1,183872
0,444379
1,589421
1,188047
0,3838636
1,535739
1,196508
0,3056428
1,470712
1,217383
0,2141707
1,394373
1,21695
0,1933253
1,324055
1,216408
0,1810025
1,276173
1,222742
0,1810324
1,271702
1,220132
0,1815951
1,266436
1,222447
0,1768798
1,252162
1,23688
0,1636167
1,237982
1,261973
0,151317
1,236676
1,26676
0,1520493
1,211432
1,255361
0,1567129
1,179186
-0,004215548
-0,210149
-0,03878718
-0,04459017
-0,4460339
-0,02211578
-0,04459017
-0,6422339
-0,02211578
-0,04459017
-0,8384339
-0,02211578
-0,1558449
-1,000695
-0,02319993
-0,1558449
-1,196895
-0,02319993
0,3415746
0,8294351
0,5546886
0,3457395
0,6301964
0,5677926
-0,02840492
0,8162077
0,4854905
0,05000483
0,5201852
0,6285705
-0,03844102
0,4151189
0,4648841
0,02072686
0,08634602
0,1350155
-0,01898224
0,03585295
0,07564143
-0,01614432
-0,1930326
0,01534566
-0,04013223
-0,02260962
-0,06501874
-0,04425117
-0,03965873
-0,1074377
-0,05016296
-0,08457513
-0,1964756
0,008645363
-0,01240367
-0,04132329
0,009759402
-0,01676573
-0,0256655
0,02506666
-0,009745449
-0,03553742
0,02866933
-0,01257925
-0,03686367
0,03393229
-0,2571982
-0,04067548
0,03393229
-0,4533982
-0,04067548
-0,0267677
-0,05182423
-0,1004787
-0,0267677
-0,05182423
-0,1004787
0,002594268
0,003974263
-0,001880369
0,009832582
-0,03131986
0,005612112
0,007501494
-0,01220416
0,004817056
0,004174952
0,00361681
0,007649072
-0,0001182053
0,000796929
0,003074087
0,0004524523
-0,002615124
-0,003948539
-0,0020965
-0,0008137599
0,0003843829
0,00038049
-0,002444595
-0,003697004
0,0007115062
-0,0003297925
0,0005150959
-0,00147091
-0,0003825352
0,001063945
-0,005643236
0,0007290132
0,004177097
-0,004153964
0,001279261
0,004106843
-0,004153964
0,001279261
0,004106843
-0,009980136
0,0104619
-0,005885549
-0,008416887
0,03063213
-0,01087471
-0,006496427
0,03509489
-0,01139874
-0,003471071
0,07155201
-0,02160452
0,0003467845
0,1136833
-0,04181872
0,005206393
0,1696691
-0,0831791
0,0005192962
0,09110981
-0,01817593
0,01904895
0,1882521
-0,03045611
0,005108553
0,2610917
-0,05920573
-0,024826
0,08478832
-0,04007778
-0,02032381
-0,0009385645
-0,01509637
0,004564885
0,02723551
-0,1547221
0,0334404
0,01820424
-0,02512994
0,03281508
-0,002622545
-0,03831801
0,02908255
0,01097685
-0,02066812
0,03854666
0,003091156
-0,05275661
0,04267953
0,007189751
-0,06792653
0,06958012
0,03031445
-0,1575873
0,08573231
0,03410673
-0,2037494
0,07914747
0,08887523
-0,2976421
-0,02500241
0,3274407
-0,3323006
-0,1216586
0,4451734
-0,1813541
-0,2201483
1,032318
-0,1169342
-0,07532567
0,4006536
-0,1753562
-0,1521985
0,6686729
-0,1413608
-0,1475618
0,8031688
-0,3518949
-0,01529373
0,3814221
-0,1394754
-0,007706039
0,9228565
-0,2922103
0,8361182
0,6593215
1,617615
0,6598368
1,147887
1,587507
0,4430716
1,09793
1,379563
0,3963004
1,205247
1,403557
0,3370549
1,36305
1,440978
0,2533451
1,626282
1,493438
0,1906343
1,886449
1,568686
0,2288006
1,979486
1,603783
0,2042449
2,056682
1,681531
0,02844107
2,186881
1,841459
-0,2883761
1,752656
2,385472
-0,3451462
1,762645
2,523641
-0,8828698
1,434347
2,892751
-0,365918
0,8705605
2,144637
-0,2726681
1,405406
2,699334
-0,4169556
1,708187
3,855063
-0,4767377
1,688692
3,761179
-0,4856434
2,485095
3,544535
-0,60585
2,478024
3,83703
-1,310837
1,360895
2,50803
-1,079459
0,5199201
1,82901
-0,06206572
0,1552613
5,279946
0,07365143
0,6971805
4,730224
0,0865339
0,5872841
5,410523
0,02678633
0,5015268
5,58132
-0,06938314
0,3799677
5,793683
-0,3039181
0,01656079
5,939123
-0,2236928
0,1749606
6,125378
-0,2925724
0,05596638
6,303613
-0,485271
-0,2353755
6,480717
-0,5369489
-0,3120565
6,551411
-0,1278346
-0,6385221
5,788469
-0,1585855
-0,8325812
6,065019
-0,4470257
-1,323547
5,937096
-0,4596615
-1,360361
5,950442
-0,491874
-1,41354
5,962701
-0,4871882
-1,52227
5,920653
-0,4746817
-1,757402
6,244576
-1,010575
-2,124382
6,104165
-0,2956345
-1,665118
6,597215
-0,3168329
-1,773163
6,740154
-0,5066139
-2,296203
5,956405
-1,025476
-2,611403
5,857206
-1,067068
-2,747634
5,981891
-1,124387
-2,91078
6,085516
-1,151541
-3,093199
6,247957
-1,10601
-3,203522
6,388808
-0,8431091
-2,856377
4,865902
-0,4255084
-3,084908
6,000409
-0,3834165
-3,744994
6,518138
-0,7368525
-2,046733
5,098873
0,4432462
-0,9835078
1,715183
-0,5673617
-1,226481
2,617921
1,160522
-0,4013221
2,768496
1,119796
-0,4218883
1,801373
0,4650867
0,1672393
1,229712
0,1869922
-0,177299
0,1079218
0,06688637
-0,1801667
0,02693081
-0,0908488
-0,01646554
-0,06326258
-0,04305373
-0,009150624
0,06029356
0,05886811
-0,05194485
0,05619448
0,02439308
-0,02434886
0,01119655
0,0305337
0,008059144
0,05141222
-0,01896304
-0,01410639
-0,0231936
-0,00887242
0,003868461
-0,005996466
0,1460184
0,4152299
0,2169346
0,2475709
0,174316
0,6911957
-0,00267005
0,1724179
0,3681065
0,1699613
0,4300959
0,8790835
-0,06915295
0,1399639
0,4725401
0,04887247
0,5845031
1,21704
0,1660906
0,2749332
0,8977253
0,06816953
-0,3072542
-0,1748644
-3,003027
-1,399784
1,653092
-0,6768471
-1,018023
1,421082
-0,8954227
-1,159465
1,307773
-1,129336
-1,723268
1,365767
-1,280095
-2,081205
1,376342
-1,594052
-2,865682
1,386844
-2,000317
-3,81673
1,360799
-2,301815
-4,39704
1,283562
-2,770036
-5,465167
1,159163
-3,130337
-6,154544
0,9421434
-3,519052
-6,976246
0,6686659
-3,856709
-7,659045
0,3126245
-4,034975
-7,990864
0,07193065
-4,213771
-8,363381
-0,2052875
-4,223171
-8,386558
-0,2241139
-4,295709
-8,588046
-0,3480246
-4,351457
-8,718306
-0,4962292
-4,37579
-8,820334
-0,5548906
-4,425486
-8,99527
-0,6528411
-4,358289
-8,904144
-0,5610237
-4,326501
-8,940894
-0,503803
-4,396119
-9,16995
-0,6400588
0,1241207
1,259506
6,831098
2,656314
-3,682121
4,823092
2,708776
-3,801529
4,818459
2,737973
-3,849307
4,81471
2,711834
-3,797062
4,814095
2,697883
-3,776509
4,813048
2,676904
-3,772697
4,811102
2,701357
-3,806818
4,806627
2,669618
-3,761541
4,804631
2,584713
-3,683594
4,801362
2,496167
-3,639538
4,789435
2,399826
-3,611134
4,759148
2,308611
-3,550735
4,715158
0,407629
0,6983724
6,368916
0,4303112
0,6696167
6,313521
2,189349
-3,404391
4,622929
2,169772
-3,362592
4,612305
0,1420171
-0,3158804
-0,03470911
0,1752164
-0,2538559
-0,02677265
0,2025084
-0,3196304
-0,06111565
0,2635432
-0,3625133
-0,1603181
0,3069625
-0,3344463
-0,228843
0,3470184
-0,3024206
-0,2894579
0,430332
-0,1872173
-0,3980179
0,4161951
-0,04939604
-0,4185981
0,3354011
0,18779
-0,2772778
0,3098541
0,2037308
-0,2229364
0,2719693
0,2156104
-0,1616021
0,1733345
0,1741617
-0,02348106
0,1439977
0,1168774
0,03057221
0,1087199
-0,01254449
0,1057042
0,08787169
-0,03979634
0,1367736
0,05036154
-0,07647265
0,1695219
-0,02768168
-0,151348
0,2269565
-0,07085086
-0,1793177
0,2519707
-0,2180611
-0,06071246
0,2361353
-0,2582312
-0,05886556
0,2103979
-0,2910766
-0,05507176
0,1783227
-0,3347023
-0,01325423
0,08945727
-0,3452421
-0,004925355
0,04551127
-0,3443635
0,01392682
-0,04252823
-0,321019
0,03606324
-0,09006804
-0,2984048
0,03994784
-0,1288495
-0,2344907
0,04327239
-0,1904454
-0,1957925
0,04249519
-0,2129676
-0,106371
0,03419219
-0,2350571
-0,06036925
0,02190475
-0,235106
-0,01494351
0,007261649
-0,2295874
0,07658339
-0,02837795
-0,2056101
0,1208423
-0,0462829
-0,1865094
0,1622861
-0,06146936
-0,1649626
0,2269201
-0,0816218
-0,01596421
0,2562959
-0,1085405
0,04399297
0,3133634
-0,09063655
0,1175578
0,3279869
-0,07366425
0,1503251
0,3446688
-0,05319846
0,1724534
0,3209355
0,01051904
0,2066469
0,2604648
0,07483116
0,2129621
0,2070818
0,07715788
0,200878
0,1690839
0,08090276
0,188454
0,1080888
0,08591785
0,1745487
0,02092858
0,04003593
0,1362408
-0,02275226
0,01615542
0,110775
-0,1148079
-0,06911848
0,06931251
-0,1361174
-0,07231325
0,0288396
-0,1690144
-0,09132232
-0,002748113
-0,2236174
-0,1122434
-0,07281949
-0,2339016
-0,09171388
-0,1080664
-0,2594979
-0,06861097
-0,1546457
-0,2708957
-0,0305289
-0,1909854
-0,2638036
-0,006519377
-0,2123616
-0,2282101
0,0341828
-0,2294548
-0,1729766
0,1018116
-0,1692936
-0,1414329
0,1008918
-0,1252391
-0,09337436
0,05918185
-0,04677432
0,02205553
-0,004543298
0,01764951
0,002425891
-0,007090861
0,005056239
0,008213242
-0,006671336
0,006870705
0,01219233
-0,000562463
-0,004865592
0,006104386
0,00075946
-0,004442005
0,005138552
-0,00394612
0,001667436
0,001014584
-0,0174062
0,02348858
-0,01637116
-0,01611179
0,05646043
-0,03208596
-0,02575091
0,1016257
-0,05968332
-0,05266797
0,1406172
-0,07228413
-0,0604382
0,1685365
-0,0922641
-0,1158085
0,2789928
-0,2119825
-0,3024063
0,4209493
-0,4709265
-0,6299974
0,7911985
-0,1136133
-0,5714312
1,141244
-0,09572148
-1,321555
2,802516
0,08354795
-0,9542593
2,147118
-0,7319623
-1,083242
2,45701
-0,6909316
-1,18826
2,494632
-0,6145967
-1,348215
2,514651
-0,5769995
-1,530402
2,64328
-0,6214328
-1,711501
2,895621
-0,7506799
-1,826761
3,227141
-0,9498908
-1,775809
3,575369
-1,176068
-1,760955
3,979583
0,1335719
-3,059507
2,47265
-1,523759
-1,870305
4,590939
-1,579875
-1,898526
4,69375
-1,585042
-1,92688
4,731108
-1,532461
-1,978292
4,698032
-1,459351
-2,054118
4,642086
-1,32898
-2,090275
4,487816
-1,095985
-2,113853
4,159928
-0,9125158
-2,178335
3,918507
-0,864763
-2,215408
3,885366
-0,7815077
-2,134761
3,702657
-0,6392489
-2,013052
3,361687
-0,4990592
-1,915379
3,022265
-0,404063
-1,794312
2,745469
-0,2752008
-1,658009
2,344185
-0,1614397
-1,562994
1,977108
0,1564683
-1,513046
1,471302
-0,1991464
-1,072218
0,9151288
0,03135102
-0,701737
0,5701477
0,1524697
-0,4816967
0,4472708
0,3043447
-0,1368491
0,1145557
0,4721825
0,1166451
-0,09185132
0,5570463
0,2233747
-0,08458553
0,6328391
0,516822
-0,2254076
0,4440193
0,4443331
-0,1478457
0,4309822
0,4490056
-0,2516913
0,3417735
0,3324296
-0,2665898
0,1021991
-0,05106747
-0,04403028
-0,04454321
-0,258092
0,1598541
-0,1224113
-0,3601275
0,3002315
-0,1464581
-0,2499721
0,3457855
-0,2116029
-0,3188229
0,4585827
-0,3087773
-0,4085358
0,6249111
-0,3271777
-0,3451738
0,6421288
-0,3271777
-0,3451738
0,6421288
-0,6842119
-0,6327431
1,312331
-0,6842119
-0,6327431
1,312331
closestDistance
0,08181921
0,07362442
0,05739272
0,06066274
0,05855985
0,05667279
0,05509746
0,04995931
0,0524116
0,05447005
0,05630468
0,05712789
0,05758088
0,05943492
0,06256399
0,06330191
0,07015295
0,07552541
0,07106677
0,07258558
0,07557779
0,09948044
0,09484068
0,09930174
0,09565444
0,0791536
0,08124596
0,08031806
0,1054919
0,108941
0,1050423
0,1073064
0,09263046
0,07806336
0,1190721
0,1097766
0,1094261
0,1137407
0,1054784
0,1134103
0,1151373
0,1156459
0,1157119
0,1078511
0,1156236
0,1159294
0,1157807
0,1160116
0,1161942
0,1167407
0,109458
0,1094366
0,1096247
0,1098009
0,1098869
0,1102019
0,1108368
0,1106964
0,1105183
0,1109263
0,1054954
0,1054925
0,1054376
0,1051861
0,1106009
0,1106336
0,1115282
0,1207283
0,124753
0,1270395
0,09243075
0,0920766
0,08536883
0,08452578
0,08390943
0,1093382
0,08087241
0,08077668
0,08120512
0,08074882
0,1079453
0,1147318
0,1158803
0,1209966
0,1186781
0,1111881
0,1072458
0,0960176
0,1097012
0,1011914
0,0917624
0,09188099
0,1025482
0,1042502
0,1027755
0,1072493
0,1074176
0,1071438
0,1081258
0,1086962
0,1088814
0,109263
0,1101365
0,1117895
0,1140812
0,1141199
0,1095056
0,1112188
0,1132506
0,1066526
0,1081921
0,1121527
0,1032633
0,1056762
0,1134175
0,1148664
0,110743
0,1111875
0,1115257
0,1117711
0,1177343
0,1183571
0,1199018
0,1078966
0,108348
0,1032615
0,1151765
0,1145276
0,1069204
0,1219473
0,107397
0,09257149
0,09379719
0,1142061
0,1082234
0,1085578
0,1110485
0,1127944
0,112462
0,1124528
0,1124554
0,1124761
0,1126989
0,1129659
0,1131521
0,1135326
0,1145489
0,1163349
0,1105063
0,1145927
0,1145257
0,116506
0,1255868
0,1291523
0,1128694
0,1157969
0,1180751
0,1140998
0,1277496
0,1181918
0,120403
0,09734589
0,1012234
0,09977171
0,09707438
0,09674329
0,09562
0,09959311
0,098842
0,1100138
0,1105139
0,1109162
0,1111329
0,1112175
0,1112552
0,1112503
0,1112096
0,111168
0,1111289
0,1111619
0,1110632
0,1107995
0,1101039
0,1095482
0,1088581
0,109014
0,1103184
0,1131848
0,1131848
0,1131848
0,1131848
0,1131848
0,1131848
0,1131848
0,1131848
0,1131848
0,1131848
0,1131848
0,1131848
0,1131848
0,1131848
0,1131848
0,1131848
0,1131848
0,1131848
0,1131848
0,1131848
0,1131848
0,1131848
0,1131848
0,1131848
0,1131848
0,1131848
0,1131848
0,1131848
0,1131848
0,1131848
0,1131848
0,1131848
0,1131848
0,1131848
0,1131848
0,1131848
0,1131848
0,1131848
0,1131848
0,1131848
0,1131848
0,1131848
0,1131848
0,1131848
0,1131848
0,1131848
0,1131848
0,1131848
0,1131848
0,1131848
0,1131848
0,1131848
0,1131848
0,1131848
0,1131848
0,1131848
0,1131848
0,1131848
0,1131848
0,1131848
0,1131849
0,1131862
0,1131867
0,1131867
0,1131867
0,1131867
0,1131867
0,1131867
0,1131908
0,1131945
0,1131965
0,1131965
0,1131965
0,1131965
0,1131965
0,1131965
0,1131965
0,1131965
0,1131965
0,1131965
0,1131965
0,1131965
0,1131965
0,1131965
0,1131965
0,1131965
0,1131965
0,1131965
0,1131965
0,1131965
0,1131965
0,1131965
0,1131965
0,1131965
0,1131965
0,1131965
0,1131965
0,1131965
0,1131965
0,1144312
0,1091513
0,1135419
0,117362
0,1132417
0,1095348
0,1111031
0,1143707
0,1073389
0,1093847
0,111739
0,1301795
0,1306353
0,1320665
0,1377904
0,1013315
0,1080769
0,1074384
0,1089723
0,1112376
0,1136049
0,1179797
0,1145767
0,1220345
0,120404
0,1029463
0,09726731
0,1040301
0,1074333
0,1166255
0,09503249
0,09680854
0,08706115
0,08542605
0,08610305
0,09012779
0,09079815
0,09162383
0,08890898
0,08408227
0,08458604
0,1015416
0,1028367
0,1056236
0,1105123
0,1052515
0,1068514
0,106279
0,1060589
0,1059347
0,1058003
0,10544
0,1051027
0,1048405
0,1045008
0,1041586
0,1113292
0,1109503
0,1105296
0,1100797
0,1095811
0,109292
0,1091027
0,1089792
0,1090277
0,109365
0,1099444
0,1106381
0,1111881
0,1114883
0,1112213
0,1112509
0,1113583
0,1114923
0,1116261
0,1117621
0,1118975
0,1121407
0,1122429
0,1122757
0,1122797
0,1123061
0,1123461
0,1123944
0,1124348
0,1124635
0,1124807
0,1124667
0,1124301
0,1123729
0,1122878
0,1121767
0,1120548
0,1118995
0,1117164
0,1115552
0,1114493
0,1113315
0,111207
0,1110574
0,1108871
0,1106982
0,1104946
0,1103129
0,1102494
0,110232
0,1102386
0,1102989
0,1103538
0,1104028
0,1105039
0,1105743
0,1106272
0,1106637
0,1106902
0,1107131
0,1107315
0,1107558
0,110767
0,1107569
0,1111578
0,1120658
0,1133926
0,1150406
0,1084101
0,1102451
0,1128408
0,1160789
0,1074733
0,1100281
0,1145328
0,1123244
0,0975761
0,0981359
0,09671029
0,09643926
0,09435455
0,09176479
0,09072316
0,08833463
0,08560017
0,08323108
0,08229791
0,0895317
0,08982985
0,08956059
0,08994643
0,09018072
0,08949029
0,08901934
0,08937591
0,08928065
0,08954066
0,09001509
0,09066682
0,09143355
0,09210136
0,09225749
0,09204125
0,09158545
0,09096789
0,09029375
0,08966909
0,08877736
0,08788567
0,08695748
0,0859796
0,08462992
0,09151741
0,08970688
0,0780528
0,07460137
0,07879473
0,0750642
0,07179759
0,06816278
0,06458016
0,07353587
0,06547277
0,0683341
0,06416847
0,06390769
0,07305507
0,06892172
0,068106
0,06467552
0,06821169
0,06470742
0,06666328
0,06696722
0,06881614
0,06639911
0,06668636
0,06904441
0,06706674
0,06813703
0,07027455
0,06768332
0,06538308
0,06673765
0,06635082
0,06801868
0,06549509
0,06704605
0,06873751
0,06572969
0,06670056
0,06333633
0,09210411
0,09842941
0,09425967
0,097816
0,09279351
0,08761746
0,09057512
0,09241685
0,08641046
0,09238432
0,09178792
0,08515881
0,09392877
0,09298516
0,09227283
0,09136427
0,1092703
0,1098453
0,109997
0,1102927
0,1104384
0,11071
0,1109015
0,1111613
0,11135
0,1124805
0,1142691
0,1120986
0,1190132
0,1178837
0,1107034
0,1171206
0,1132022
0,1115571
0,1043522
0,1058125
0,1005305
0,08611548
0,08608069
0,08606505
0,08606505
0,08606505
0,08606505
0,08606267
0,08603767
0,08603703
0,08603703
0,08603703
0,08603703
0,08603703
0,08603703
0,08603703
0,08603703
0,08603703
0,07696536
0,0828708
0,07858524
0,09483155
0,09666914
0,1103688
0,1124636
0,1132315
0,1077404
0,1083051
0,1097869
0,1110683
0,1120637
0,1148661
0,1083394
0,1125463
0,1186658
0,11256
0,1158625
0,11262
0,113098
0,1143129
0,1217686
0,1194718
0,0945298
0,09579725
0,09905946
0,100021
0,08916567
0,09585614
0,09585614
0,09585614
0,09585614
0,09585614
0,09585614
0,09585614
0,09585614
0,09585614
0,09585614
0,09585614
0,09585614
0,09585614
0,09585614
0,09585614
0,09585614
0,09585614
0,09585614
0,09585614
0,09585614
0,09585614
0,09585614
0,09585614
0,09585614
0,09585614
0,09585614
0,09585614
0,09585614
0,09585614
0,09585614
0,09585614
0,09585614
0,09585614
0,09585614
0,09585614
0,09585614
0,09585614
0,09585614
0,09585614
0,09585614
0,09585614
0,09585614
0,09585614
0,09585614
0,09585614
0,09585614
0,09585614
0,09585614
0,09585614
0,09585614
0,09585614
0,09585614
0,09585614
0,09585614
0,09585614
0,09585614
0,09585614
0,09585614
0,09585614
0,09585614
0,09585614
0,09585614
0,09585614
0,09585614
0,09585614
0,09585614
0,09585614
0,09585614
0,09589896
0,09485583
0,09769694
0,0944105
0,07430823
0,09792982
0,1016093
0,1045062
0,1045937
0,1002183
0,09613801
0,09176165
0,09106573
0,09139352
0,09406427
0,09402776
0,09409299
0,09393767
0,09367362
0,09333159
0,09287321
0,09191947
0,09094769
0,09012831
0,08910138
0,08781502
0,08646757
0,08530913
0,08262496
0,08038633
0,08789819
0,0884684
0,09048992
0,09170398
0,09274742
0,09379083
0,09499139
0,09641052
0,08805841
0,08962557
0,09098782
0,09217002
0,09321178
0,09357571
0,09357154
0,09345005
0,09342729
0,09373293
0,09401923
0,09408355
0,09426548
0,09431052
0,09417419
0,09389826
0,09336219
0,09334558
0,09336817
0,09239092
0,09098803
0,09692764
0,09687629
0,09670386
0,09671197
0,09673668
0,09677713
0,09666334
0,09604796
0,09613488
0,09627575
0,09695743
0,1110622
0,1201681
0,1100639
0,1164556
0,1260294
0,1279126
0,09875793
0,09873638
0,09878404
0,09885687
0,09897278
0,09906619
0,09919637
0,09890378
0,09860882
0,09860883
0,08724703
0,08028027
0,07937632
0,07283225
0,04928423
0,06467757
0,1624338
0,08813562
0,09415033
0,09336448
0,0933085
0,09185734
0,09096172
0,09035834
0,08992263
0,08947054
0,08759673
0,08384497
0,08476403
0,08895337
0,08895338
0,08895338
0,08895504
0,09276561
0,09611959
0,09575281
0,100752
0,0945203
0,0905869
0,08652279
0,08069978
0,09821165
0,1064676
0,111322
0,1035208
0,1242137
0,09692045
0,09092362
0,09257361
0,0920766
0,09134495
0,09887616
0,1033404
0,09564561
0,09596554
0,1098528
0,09975258
0,0936489
0,08947457
0,08806056
0,1359513
0,1377401
0,12893
0,12893
0,12893
0,12893
0,12893
0,12893
0,12893
0,12893
0,12893
0,12893
0,12893
0,12893
0,12893
0,12893
0,12893
0,12893
0,12893
0,12893
0,12893
0,12893
0,12893
0,12893
0,12893
0,12893
0,12893
0,12893
0,12893
0,12893
0,12893
0,1534023
0,06709956
0,1005647
0,09984086
0,09995152
0,1001407
0,1000677
0,09967758
0,09903219
0,09837919
0,09822244
0,09760857
0,09687341
0,09164586
0,1418865
0,1433491
0,143195
0,1429407
0,1010825
0,1020127
0,1026471
0,1029677
0,1012408
0,09977669
0,09918645
0,09890234
0,09892199
0,1083321
0,1082159
0,1080909
0,1079893
0,1412816
0,1085119
0,1105722
0,1081338
0,1042972
0,1105071
0,1084245
0,1048717
0,1024835
0,1047884
0,1032852
0,1031319
0,102874
0,1025383
0,1020874
0,1034149
0,1058077
0,0999558
0,1030598
0,1029593
0,1086978
0,1057702
0,1026636
0,1061326
0,1026854
0,1024667
0,1018947
0,1021078
0,1022465
0,1023328
0,1023345
0,1024813
0,1021909
0,1013611
0,101288
0,1017806
0,1025299
0,1025791
0,102538
0,1024786
0,1024477
0,1054244
0,1055126
0,1056802
0,10564
0,1057648
0,1060118
0,1059934
0,1061395
0,1063083
0,1063031
0,1063757
0,1064465
0,1064698
0,106589
0,1066631
0,1066798
0,1066871
0,1066935
0,1066973
0,1066896
0,1066486
0,1065947
0,1065367
0,106425
0,1063243
0,1062484
0,1061535
0,1060303
0,1058721
0,1057188
0,1055561
0,1054042
0,105241
0,1050907
0,1049549
0,1048221
0,1046913
0,104582
0,1044962
0,1043979
0,1043242
0,1042721
0,104229
0,1041941
0,1041742
0,1041818
0,1042071
0,1042433
0,1042877
0,1043487
0,1044483
0,1045725
0,1046838
0,1047852
0,104791
0,1045456
0,1044367
0,1043764
0,1043273
0,1043175
0,1042615
0,1041424
0,1010498
0,1002617
0,09928687
0,09827821
0,09672917
0,09520971
0,1032527
0,1009343
0,08889757
0,1007469
0,1016303
0,1021322
0,1063827
0,1075316
0,1083426
0,1091893
0,1012646
0,0996623
0,09847655
0,09462459
0,1108119
0,1108119
0,1108119
0,110812
0,1108119
0,110812
0,1108119
0,1108119
0,1108119
0,1108119
0,1108119
0,1108119
0,1108119
0,1108119
0,1108119
0,1108119
0,1108119
0,1108119
0,1108119
0,1108119
0,1108119
0,1108119
0,1108119
0,1108119
0,110812
0,1108119
0,1108119
0,1108119
0,110812
0,1108119
0,1108119
0,1108119
0,1108119
0,110812
0,1108119
0,1108119
0,1108119
0,1108119
0,1108119
0,1108119
0,1108119
0,1108119
0,1108119
0,1108119
0,1108119
0,1108119
0,1108119
0,1108119
0,1108119
0,1108119
0,1108119
0,1108119
0,1108119
0,1108119
0,1108119
0,1108119
0,1108119
0,1108119
0,1108119
0,1108119
0,1108119
0,1108119
0,1108119
0,1108119
0,1108119
0,1108119
0,1108119
0,1108119
0,1108119
0,1108119
0,1108119
0,1108119
0,1108119
0,1108119
0,1108119
0,1108119
0,1108119
0,1133921
0,1206078
0,09882508
0,115148
0,1138938
0,1167085
0,0940792
0,1125846
0,1121084
0,1034786
0,1042951
0,1125403
0,08700155
0,08287977
0,08710573
0,09989964
0,08188491
0,1077235
0,1076044
0,1080038
0,1085728
0,1087887
0,1089917
0,109298
0,1097721
0,1100973
0,1091552
0,1093067
0,1094033
0,1094459
0,1094457
0,1093993
0,109152
0,1089426
0,1089145
0,1084174
0,1085621
0,1095641
0,1107
0,112293
0,1142285
0,1147384
0,1168486
0,1097577
0,1127771
0,1137362
0,1146627
0,1161829
0,1137701
0,116059
0,1095146
0,1128651
0,1150637
0,106785
0,1099743
0,110992
0,1127739
0,1094585
0,1096514
0,1097285
0,109802
0,1098075
0,1098686
0,1104762
0,1106774
0,1109157
0,1118404
0,1122871
0,1126039
0,1129064
0,1129175
0,1129167
0,1129107
0,1129221
0,1128412
0,112706
0,1125679
0,1123568
0,1120957
0,1117743
0,1109653
0,1018819
0,109028
0,1153344
0,1079367
0,09993527
0,1146918
0,1080444
0,1076547
0,1058608
0,107045
0,1065734
0,114189
0,1140771
0,113764
0,1132589
0,1131227
0,1130094
0,1129128
0,1129241
0,1130854
0,1130081
0,1130013
0,1129913
0,1127997
0,1128957
0,1129733
0,1128856
0,1127669
0,1127371
0,1126491
0,1124583
0,1124986
0,1123339
0,1123891
0,1123351
0,1125838
0,113007
0,1148564
0,1169758
0,1128114
0,08972552
0,09722383
0,1055616
0,1046897
0,09750114
0,09818144
0,09902374
0,1003074
0,1012179
0,1016598
0,1043434
0,0986991
0,1010821
0,1022377
0,102423
0,09611975
0,09587451
0,09585166
0,09410556
0,09166121
0,08038164
0,105233
0,1060766
0,1126467
0,1119485
0,1066584
0,1066708
0,1067197
0,1067184
0,1067173
0,1067172
0,1067617
0,1068012
0,1069048
0,1069196
0,1069271
0,1076371
0,1100868
0,1007853
0,09878433
0,09809218
0,09797863
0,09747248
0,09750076
0,1163776
0,1004374
0,09133379
0,1445299
0,1815833
0,0885477
0,1674898
0,1027338
0,1065717
0,1033652
0,104063
0,1011438
0,09847459
0,09724911
0,1059701
0,1056072
0,1053352
0,1011865
0,1004427
0,09783509
0,1176574
0,111979
0,1105427
0,0953025
0,1077809
0,1097762
0,1097762
0,1097762
0,1097762
0,1097762
0,1097762
0,1097762
0,1097762
0,1097762
0,1097762
0,1097762
0,1097762
0,1097762
0,1097762
0,1097762
0,1097762
0,1097762
0,1097762
0,1097762
0,1097762
0,1097762
0,1097762
0,1097762
0,1097762
0,1097762
0,1097762
0,1097762
0,1097762
0,1097762
0,1097762
0,1097762
0,1097762
0,1097762
0,1097762
0,1097762
0,1097762
0,1097762
0,1097762
0,1097762
0,1097762
0,1097762
0,1097762
0,1097762
0,1097762
0,1097762
0,1097762
0,1097762
0,1097762
0,1097762
0,1097762
0,1097762
0,1097762
0,1097762
0,1097762
0,1097762
0,1097762
0,1097762
0,1097763
0,1097762
0,1097762
0,1097763
0,1097762
0,1097763
0,1097763
0,1097763
0,1097763
0,1097763
0,1097763
0,1097763
0,1097763
0,1097763
0,1097763
0,1097763
0,1097763
0,1097763
0,1097763
0,1097763
0,1097763
0,1097763
0,1097763
0,1097763
0,1097763
0,1097763
0,1097763
0,1097763
0,1097763
0,1097763
0,1097763
0,1069331
0,1019764
0,09936933
0,09021845
0,0893629
0,09018037
0,0512284
0,1520859
0,1445129
0,1495112
0,08932714
0,1537002
0,1003393
0,100559
0,09843133
0,1152831
0,1162841
0,1168748
0,1164779
0,1077055
0,1077976
0,1140165
0,1080322
0,1180089
0,1126179
0,1048046
0,1045939
0,1042801
0,1109883
0,1109501
0,110959
0,1109696
0,1110117
0,1110271
0,1110242
0,1110111
0,1109361
0,110927
0,1112765
0,1118212
0,1123566
0,106699
0,1082206
0,1121344
0,1171423
0,1140825
0,1301914
0,1261515
0,1249772
0,1353227
0,1348132
0,1346903
0,1347495
0,1346121
0,1346664
0,1344213
0,1336843
0,1327935
0,1270901
0,1120589
0,08020598
0,1258436
0,08894009
0,09375976
0,09232476
0,1023863
0,1012397
0,1513263
0,1513263
0,1513263
0,1513263
0,1513263
0,1513263
0,1513263
0,1513263
0,1513263
0,1513263
0,1513263
0,1513263
0,1616315
0,09303541
0,09767428
0,09755505
0,09755505
0,09755506
0,08935252
0,07922579
0,08429883
0,09623792
0,09623792
0,09623792
0,09623792
0,09630697
0,09632871
0,09632874
0,09637352
0,09662317
0,07708543
0,07708543
0,07556529
0,07448946
0,07263144
0,08060474
0,0784034
0,07790912
0,08372505
0,08372505
0,08337405
0,08326091
0,0832609
0,08326091
0,08326091
0,08326091
0,07351039
0,06801166
0,0756766
0,08545371
0,1055932
0,1630524
0,1200129
0,1100932
0,1016709
0,1131426
0,1042399
0,1088087
0,09633601
0,09629879
0,0967276
0,09546113
0,09508459
0,09288136
0,09560291
0,09022941
0,1025003
0,08712895
0,1001566
0,1048907
0,1201988
0,113068
0,09480202
0,08750331
0,08750331
0,0875033
0,08750331
0,08750331
0,08750331
0,08750331
0,08750331
0,08750331
0,08750331
0,08750331
0,08750331
0,08750331
0,08750331
0,08750331
0,08750331
0,08750331
0,08750331
0,08750331
0,08750331
0,08750331
0,08750331
0,08750331
0,08750331
0,08750331
0,08750333
0,08750333
0,08750333
0,08750333
0,08750333
0,08750333
0,08750334
0,08750334
0,08750332
0,08750334
0,08750334
0,08750334
0,08750334
0,08334235
0,07489202
0,1012159
0,1044505
0,1101852
0,1116591
0,1121034
0,1128507
0,1105768
0,1060444
0,1032274
0,1007335
0,09161773
0,09256772
0,09248752
0,09137832
0,08892086
0,1105316
0,1132483
0,1127362
0,1121993
0,1108175
0,109379
0,10801
0,1064907
0,1054798
0,1047904
0,1042468
0,1038761
0,1034731
0,1033479
0,1034834
0,1038903
0,09727427
0,09758573
0,09693768
0,09569918
0,09362791
0,1100048
0,1093589
0,1097378
0,1099975
0,1100784
0,1089773
0,1087153
0,1130678
0,1132206
0,1137252
0,1138223
0,1139031
0,1138569
0,1134585
0,1125614
0,112017
0,1112016
0,1098347
0,1077291
0,1063216
0,1059127
0,1051679
0,1053513
0,1053841
0,1053303
0,1053939
0,1056885
0,1062734
0,1074278
0,1095949
0,1018988
0,1059021
0,1123175
0,1179794
0,1003671
0,08719444
0,08719445
0,08719445
0,08719445
0,08719447
0,08719444
0,08719444
0,08719444
0,08719445
0,08719445
0,08719445
0,08719445
0,08719445
0,08719445
0,08719445
0,08719445
0,08719445
0,08719445
0,08719445
0,08719445
0,08719445
0,08719445
0,08719445
0,08719445
0,08719445
0,08719445
0,08719445
0,07836148
0,0828568
0,08139729
0,0812225
0,07908858
0,07402768
0,08404239
0,07795233
0,07465714
0,1045292
0,1046275
0,1081515
0,1129498
0,1219756
0,1183104
0,1181417
0,1143473
0,1101061
0,07028893
0,08016352
timeStamps
4,837225
4,865256
4,893114
4,920825
4,948495
4,964
4,990437
5,018643
5,045938
5,073719
5,101838
5,129741
5,157705
5,18513
5,212979
5,24126
5,269172
5,296814
5,324918
5,352584
5,380408
5,408016
5,424382
5,449577
5,465635
5,490976
5,506968
5,533292
5,560993
5,577265
5,60228
5,630825
5,65879
5,686531
5,714746
5,742214
5,77026
5,798374
5,826134
5,854163
5,88232
5,909576
5,93716
5,96509
5,993201
6,02129
6,048804
6,076929
6,10495
6,132638
6,160483
6,188171
6,216341
6,244318
6,271971
6,299785
6,327659
6,355328
6,383172
6,411089
6,439029
6,466739
6,49513
6,522446
6,550291
6,578114
6,606008
6,633861
6,661665
6,69006
6,717734
6,745411
6,773856
6,801073
6,828639
6,856462
6,88475
6,912479
6,940145
6,968018
6,996495
7,023611
7,05163
7,079292
7,107202
7,135303
7,162973
7,191009
7,218852
7,246741
7,274429
7,302024
7,330173
7,35804
7,385612
7,413613
7,441212
7,469346
7,497182
7,525133
7,553013
7,580682
7,608417
7,636353
7,664189
7,691996
7,719756
7,747745
7,775831
7,803373
7,831184
7,859011
7,886938
7,914764
7,942677
7,970433
7,998199
8,026256
8,054439
8,081943
8,109799
8,137935
8,165259
8,193521
8,221117
8,249235
8,276782
8,304892
8,332735
8,360257
8,38807
8,415919
8,443846
8,472187
8,499491
8,527871
8,55521
8,583336
8,610901
8,639114
8,666441
8,69466
8,722457
8,750107
8,777972
8,805873
8,833657
8,861881
8,88962
8,917359
8,945522
8,972864
9,000839
9,028719
9,05637
9,084436
9,112303
9,128425
9,156061
9,183428
9,210532
9,225061
9,240149
9,253749
9,267696
9,280905
9,294347
9,308657
9,32193
9,3356
9,349028
9,363121
9,377311
9,390602
9,40483
9,41921
9,432511
9,44615
9,460201
9,474177
9,487972
9,501968
9,516653
9,529932
9,54375
9,557733
9,571286
9,585422
9,599526
9,612979
9,626971
9,640949
9,655542
9,669634
9,683167
9,696802
9,710737
9,725025
9,73966
9,752552
9,766174
9,780584
9,794726
9,808464
9,82174
9,835673
9,849404
9,863411
9,877695
9,891345
9,905612
9,919867
9,934608
9,947989
9,96143
9,974945
9,988917
10,00261
10,01709
10,0308
10,04486
10,05884
10,07239
10,08639
10,10087
10,11444
10,1282
10,14249
10,15643
10,17001
10,18413
10,19863
10,21189
10,22556
10,23968
10,25367
10,26746
10,28178
10,29611
10,30904
10,32338
10,33754
10,35127
10,36497
10,37879
10,39302
10,40728
10,42052
10,43472
10,4485
10,46269
10,47708
10,49032
10,50403
10,51842
10,53206
10,54611
10,5611
10,57588
10,60206
10,61709
10,64326
10,65948
10,67264
10,68643
10,71242
10,72697
10,7419
10,75631
10,78201
10,79691
10,8106
10,82467
10,85153
10,86656
10,88141
10,90715
10,92125
10,93558
10,95029
10,96516
10,99095
11,00575
11,02106
11,04673
11,06226
11,08796
11,10198
11,11642
11,13086
11,14532
11,15968
11,17431
11,20032
11,21385
11,22728
11,24134
11,25546
11,26994
11,28363
11,29768
11,31158
11,32571
11,33967
11,35395
11,36745
11,38141
11,39492
11,40917
11,42301
11,43696
11,45086
11,46483
11,47861
11,49263
11,50681
11,5207
11,53437
11,54835
11,56232
11,57672
11,59014
11,60438
11,6182
11,63207
11,64586
11,65974
11,67391
11,68776
11,70179
11,71553
11,72975
11,74326
11,75718
11,77138
11,78551
11,79907
11,81283
11,82752
11,84115
11,85472
11,86877
11,88269
11,89658
11,91029
11,9245
11,93823
11,95242
11,96624
11,98018
11,99386
12,00781
12,02171
12,03569
12,04963
12,06346
12,07767
12,09152
12,10529
12,11915
12,1332
12,14749
12,16103
12,17547
12,18912
12,20305
12,21729
12,23089
12,24508
12,25864
12,27263
12,28616
12,30031
12,31427
12,32825
12,34225
12,35608
12,37045
12,38389
12,39784
12,41176
12,42607
12,43924
12,45356
12,46702
12,48147
12,49529
12,50879
12,52305
12,53669
12,55064
12,56468
12,57843
12,59276
12,60634
12,62062
12,63466
12,64812
12,66222
12,67629
12,68999
12,70423
12,71796
12,73171
12,74619
12,7596
12,77351
12,78761
12,80137
12,81542
12,82954
12,84317
12,8573
12,87131
12,88516
12,89915
12,91276
12,92685
12,9411
12,95475
12,9686
12,98274
12,9962
13,01064
13,02422
13,03826
13,05215
13,06616
13,08001
13,0937
13,10798
13,12151
13,13577
13,14945
13,1638
13,17744
13,1914
13,20521
13,21905
13,23327
13,24697
13,26124
13,27484
13,28859
13,30243
13,31678
13,33042
13,34444
13,35825
13,37253
13,38624
13,40045
13,41422
13,42786
13,44174
13,45568
13,46983
13,48353
13,49778
13,51168
13,52556
13,53942
13,55331
13,56743
13,58095
13,5949
13,60904
13,62287
13,637
13,65069
13,66498
13,67885
13,6924
13,70653
13,72033
13,73423
13,74853
13,7623
13,77585
13,79015
13,8041
13,81795
13,83173
13,84573
13,85948
13,87355
13,88721
13,90124
13,91547
13,9293
13,94307
13,95709
13,97107
13,98479
13,99918
14,01278
14,02654
14,04133
14,05521
14,06978
14,09606
14,11089
14,12556
14,14002
14,16516
14,18003
14,20686
14,22197
14,2368
14,26295
14,27843
14,30433
14,32038
14,34624
14,36231
14,38774
14,40405
14,42999
14,44529
14,47119
14,48757
14,51331
14,52845
14,55506
14,5707
14,59673
14,62518
14,65311
14,68062
14,70857
14,73664
14,76475
14,79229
14,8205
14,848
14,87582
14,90367
14,93187
14,95942
14,98763
15,01521
15,04328
15,07108
15,09838
15,12646
15,15484
15,18211
15,21001
15,23765
15,26609
15,29357
15,32135
15,34913
15,37736
15,40503
15,43283
15,46036
15,48849
15,51639
15,54396
15,57227
15,59996
15,6275
15,65564
15,68362
15,71129
15,7389
15,76703
15,79452
15,82259
15,8505
15,87814
15,90616
15,93419
15,96215
15,98993
16,01815
16,04533
16,07305
16,10085
16,12864
16,1566
16,1845
16,21229
16,24024
16,26845
16,29595
16,32376
16,35171
16,37952
16,40747
16,43515
16,46351
16,49088
16,51855
16,54677
16,57455
16,60277
16,63029
16,65759
16,68588
16,71391
16,74145
16,76979
16,79692
16,82494
16,85295
16,88108
16,90848
16,93633
16,96446
16,99222
17,01985
17,04758
17,07564
17,10354
17,13138
17,15922
17,18721
17,21482
17,24254
17,27105
17,2985
17,32624
17,35406
17,38173
17,40956
17,43767
17,46547
17,49332
17,5209
17,54879
17,57693
17,60466
17,63245
17,66055
17,68827
17,7162
17,74407
17,77162
17,79933
17,82736
17,85551
17,88322
17,91073
17,93878
17,96669
17,99472
18,02233
18,0502
18,078
18,10589
18,13386
18,16144
18,18969
18,21733
18,24519
18,27297
18,30069
18,32877
18,35639
18,38453
18,41203
18,43999
18,46757
18,49606
18,52352
18,55158
18,57907
18,60744
18,63468
18,66295
18,69052
18,71883
18,74647
18,77394
18,80177
18,82973
18,85779
18,88555
18,91323
18,94118
18,96912
18,99731
19,02473
19,05253
19,08061
19,1086
19,13588
19,1638
19,19164
19,21995
19,24773
19,27526
19,30328
19,33072
19,35858
19,38668
19,41444
19,44269
19,46997
19,49789
19,52595
19,55369
19,5816
19,60945
19,63777
19,6652
19,69307
19,72089
19,74863
19,77678
19,8043
19,8322
19,86009
19,88784
19,91579
19,94373
19,9717
19,9998
20,027
20,0549
20,08278
20,11085
20,13838
20,16632
20,19466
20,22202
20,24999
20,27797
20,30554
20,33324
20,36127
20,38982
20,41707
20,44524
20,47288
20,48761
20,50208
20,51374
20,52785
20,54163
20,55567
20,56946
20,58342
20,59735
20,61163
20,62568
20,63923
20,65359
20,66736
20,68123
20,6952
20,70926
20,72311
20,73674
20,75142
20,76467
20,77885
20,79278
20,80662
20,8204
20,83462
20,84849
20,86223
20,87624
20,89001
20,90421
20,91794
20,93175
20,94638
20,96179
20,98747
21,00308
21,02891
21,04494
21,07072
21,08604
21,11235
21,12794
21,15424
21,17021
21,19585
21,22421
21,25173
21,27966
21,30759
21,3357
21,36367
21,39158
21,41919
21,44731
21,47488
21,50273
21,53054
21,55869
21,5864
21,61448
21,64212
21,67023
21,69778
21,72581
21,75327
21,76986
21,79713
21,82447
21,85195
21,87946
21,90713
21,93491
21,96248
21,99036
22,01823
22,046
22,06223
22,08939
22,10461
22,11991
22,13414
22,1488
22,16372
22,17867
22,1943
22,20961
22,22433
22,25104
22,26534
22,28102
22,29538
22,30911
22,33641
22,35061
22,36507
22,37888
22,39229
22,40762
22,42171
22,44852
22,46247
22,4777
22,49249
22,5062
22,52009
22,54577
22,56114
22,57591
22,58952
22,60349
22,62916
22,64328
22,65733
22,67156
22,68581
22,69927
22,71365
22,72752
22,74167
22,7558
22,76915
22,78298
22,79765
22,81101
22,82504
22,83909
22,85325
22,86685
22,88096
22,89505
22,90925
22,9229
22,93676
22,95016
22,96409
22,97817
22,99213
23,00648
23,02015
23,03441
23,04827
23,06205
23,07616
23,08985
23,10361
23,1176
23,13154
23,14525
23,15953
23,17333
23,18743
23,20165
23,2154
23,22949
23,24284
23,2564
23,27081
23,28449
23,29849
23,31275
23,32643
23,34058
23,35438
23,36853
23,38233
23,39614
23,40988
23,42373
23,4378
23,45191
23,46569
23,47953
23,49366
23,5072
23,52147
23,53493
23,54934
23,56299
23,57713
23,59111
23,60466
23,6187
23,6326
23,64672
23,6608
23,67435
23,6885
23,70239
23,71607
23,73005
23,74444
23,75813
23,77187
23,78615
23,79991
23,81357
23,82779
23,84151
23,85568
23,86964
23,88358
23,89711
23,91131
23,92493
23,93909
23,95301
23,96667
23,98063
23,99463
24,00877
24,02246
24,03658
24,05069
24,06433
24,07824
24,09258
24,10595
24,12013
24,1339
24,14784
24,16171
24,17616
24,18958
24,20382
24,21766
24,23147
24,24525
24,25951
24,27325
24,28714
24,30136
24,31481
24,3288
24,34312
24,35673
24,37074
24,38452
24,39869
24,41251
24,42628
24,44016
24,45437
24,46802
24,48206
24,4959
24,50974
24,52406
24,53753
24,55145
24,56606
24,57926
24,59325
24,60772
24,6212
24,635
24,64899
24,66313
24,67682
24,69096
24,70465
24,71883
24,73256
24,74651
24,76098
24,77423
24,7884
24,80222
24,81614
24,8303
24,84412
24,85791
24,87177
24,88558
24,89972
24,91384
24,92736
24,94134
24,9553
24,96932
24,98316
24,99709
25,01148
25,02493
25,03897
25,05324
25,06662
25,0806
25,09475
25,10849
25,12261
25,13663
25,15019
25,16416
25,1784
25,19194
25,20583
25,21985
25,23381
25,24777
25,26167
25,2756
25,28953
25,30348
25,31735
25,33173
25,34537
25,3594
25,37292
25,38691
25,40091
25,41483
25,42875
25,44263
25,45671
25,47051
25,48437
25,49834
25,51213
25,52647
25,54012
25,5539
25,56823
25,5818
25,59572
25,61004
25,62361
25,63778
25,65133
25,6653
25,6793
25,69321
25,70716
25,72144
25,73499
25,74894
25,76283
25,7772
25,79077
25,80458
25,81877
25,83231
25,84636
25,86044
25,8741
25,8881
25,90221
25,91644
25,92978
25,94376
25,95764
25,97162
25,98555
25,99963
26,01369
26,02763
26,04132
26,05536
26,06989
26,08376
26,09815
26,11232
26,13878
26,15286
26,16717
26,18104
26,19444
26,20796
26,22211
26,23535
26,24983
26,26373
26,27786
26,29184
26,30521
26,3196
26,33319
26,34735
26,36179
26,37512
26,38917
26,40409
26,41752
26,43062
26,44481
26,45932
26,47278
26,48632
26,50134
26,5154
26,5293
26,54382
26,5697
26,5842
26,59963
26,62525
26,64018
26,65559
26,68091
26,69552
26,70964
26,73684
26,75094
26,76531
26,78039
26,79481
26,82015
26,83434
26,84896
26,86322
26,87774
26,89188
26,91773
26,93231
26,94734
26,97305
26,98766
27,00229
27,02896
27,04369
27,05861
27,07278
27,09868
27,11391
27,14039
27,15618
27,18227
27,19797
27,22374
27,23988
27,2656
27,28072
27,3075
27,32268
27,338
27,36303
27,37867
27,40498
27,42033
27,4469
27,47473
27,49026
27,51674
27,54445
27,55954
27,58634
27,60183
27,62782
27,65584
27,67172
27,69756
27,71358
27,73903
27,75479
27,78101
27,79688
27,82267
27,83833
27,86451
27,88036
27,90618
27,92208
27,9484
27,97594
28,00433
28,02048
28,03642
28,06327
28,07998
28,09682
28,12303
28,13981
28,16708
28,18352
28,2107
28,23915
28,26738
28,296
28,32352
28,35156
28,37966
28,40777
28,43562
28,46354
28,49131
28,5194
28,54758
28,57549
28,60307
28,63115
28,65857
28,68677
28,71433
28,74217
28,7697
28,79786
28,82584
28,85371
28,88143
28,90895
28,937
28,96509
28,9928
29,02068
29,04811
29,07616
29,10428
29,13215
29,15989
29,18756
29,21565
29,24334
29,27119
29,29903
29,32664
29,35448
29,38235
29,41019
29,43839
29,46587
29,49379
29,52168
29,54985
29,5773
29,60514
29,6331
29,66081
29,68881
29,71707
29,74486
29,77224
29,80024
29,82832
29,8559
29,88385
29,91141
29,93935
29,96778
29,99494
30,0229
30,05115
30,07871
30,10664
30,13436
30,16204
30,19007
30,21786
30,24573
30,27347
30,30161
30,32933
30,35723
30,38481
30,41322
30,44051
30,46846
30,4962
30,5242
30,55204
30,57973
30,60765
30,63552
30,66344
30,69128
30,71909
30,74711
30,7749
30,80268
30,83048
30,85833
30,8861
30,91406
30,94206
30,96973
30,99738
31,02544
31,05311
31,08105
31,10903
31,13677
31,16468
31,19236
31,22047
31,2484
31,27598
31,30388
31,33159
31,35963
31,38742
31,41535
31,58256
31,61011
31,62608
31,65163
31,67932
31,70735
31,73559
31,76315
31,79124
31,81882
31,84647
31,87465
31,90221
31,93015
31,95816
31,98582
32,01397
32,04148
32,05768
32,08325
32,11072
32,13889
32,16675
32,19447
32,21095
32,23632
32,26399
32,2802
32,30543
32,33363
32,36162
32,37808
32,40341
32,43081
32,44731
32,4725
32,48898
32,51434
32,54242
32,57005
32,58685
32,6116
32,64001
32,66782
32,69589
32,72354
32,75165
32,77931
32,80766
32,83533
32,86275
32,8908
32,91854
32,94658
32,97454
33,00216
33,03014
33,05801
33,08576
33,11357
33,1412
33,16923
33,19709
33,22494
33,25309
33,28045
33,30837
33,33657
33,36403
33,39197
33,41975
33,44757
33,47567
33,50394
33,53149
33,55909
33,58669
33,61461
33,64259
33,67039
33,69815
33,726
33,75417
33,78214
33,80956
33,83743
33,86531
33,89328
33,9214
33,94892
33,97684
34,00459
34,03272
34,06017
34,08831
34,11591
34,14376
34,17175
34,19957
34,22742
34,25514
34,28313
34,3112
34,33888
34,36673
34,39475
34,4224
34,45047
34,47811
34,50621
34,53381
34,56213
34,59
34,61766
34,64529
34,67335
34,70117
34,72903
34,75692
34,78455
34,81252
34,84045
34,86816
34,89581
34,92356
34,9519
34,97969
35,00762
35,03502
35,063
35,09095
35,11883
35,14688
35,17427
35,20213
35,23018
35,25805
35,28581
35,31354
35,34142
35,36902
35,39705
35,42535
35,45265
35,4805
35,50861
35,53669
35,56404
35,59193
35,62003
35,64793
35,67546
35,70332
35,73129
35,75936
35,78696
35,81525
35,84264
35,8705
35,89828
35,92613
35,95414
35,98222
36,01001
36,03738
36,06532
36,0933
36,12109
36,1489
36,17686
36,20513
36,23271
36,26053
36,28832
36,31617
36,34409
36,37191
36,3994
36,42733
36,45543
36,48292
36,51096
36,53923
36,56646
36,59437
36,62218
36,6501
36,67818
36,70579
36,73371
36,76142
36,78937
36,81715
36,8451
36,87302
36,90083
36,92874
36,95686
36,98423
37,01239
37,04008
37,06767
37,09575
37,12336
37,15143
37,1791
37,20709
37,23495
37,26255
37,29055
37,31883
37,34619
37,37422
37,40196
37,43031
37,45775
37,48527
37,51329
37,54152
37,56953
37,59716
37,6245
37,65238
37,68017
37,70805
37,73603
37,76411
37,79168
37,8194
37,84745
37,87538
37,90313
37,93102
37,95914
37,98667
38,0146
38,04261
38,07032
38,0983
38,12607
38,15378
38,18157
38,20957
38,23718
38,26538
38,29296
38,32117
38,34901
38,37642
38,40433
38,43206
38,46001
38,48795
38,51578
38,54369
38,57164
38,59905
38,62706
38,65483
38,683
38,71047
38,73848
38,76648
38,7941
38,82191
38,85006
38,87759
38,90557
38,93332
38,96161
38,9892
39,01765
39,0447
39,07291
39,10033
39,12835
39,14365
39,16977
39,1854
39,21145
39,23903
39,25527
39,28064
39,30877
39,32497
39,35068
39,36634
39,39227
39,42002
39,43523
39,46169
39,47625
