ParticipantNumber;Task;SdfState;Repetition;TimeStamp;NumHits;TimeToCompleteTask;InstanteneousVelocityMag;InstanteneousVelocityX;InstanteneousVelocityY;InstanteneousVelocityZ;ClosestDistance
3;complexWire;1;5;5,459268;34;17,19535;0,07026298;-0,01467067;0,06839627;0,006603693;0,1062615
3;complexWire;1;5;5,487329;34;17,19535;0,0453821;0,003607789;0,04058669;0,01998097;0,09904768
3;complexWire;1;5;5,503131;34;17,19535;0,6009542;0,1075804;0,3990392;0,4362798;0,09691239
3;complexWire;1;5;5,528916;34;17,19535;0,3358069;0,09154206;0,1519057;0,2851509;0,08483822
3;complexWire;1;5;5,544638;34;17,19535;0,2001546;0,05763367;0,04539071;0,1862254;0,08382458
3;complexWire;1;5;5,570929;34;17,19535;0,116035;0,03530528;-0,07000307;0,08554074;0,08024548
3;complexWire;1;5;5,58623;34;17,19535;0,2895442;0,09707573;0,01313255;0,2724696;0,0781246
3;complexWire;1;5;5,612708;34;17,19535;0,4691906;0,1681113;-0,03417238;0,4367043;0,06960951
3;complexWire;1;5;5,627431;34;17,19535;0,05858449;0,025675;-0,03224079;0,04163495;0,06666572
3;complexWire;1;5;5,6549;34;17,19535;0,08320002;-0,02566795;0,04111518;-0,06762353;0,06692822
3;complexWire;1;5;5,670106;34;17,19535;0,04584932;0,01551865;0,01627621;0,03995518;0,06668006
3;complexWire;1;5;5,696342;34;17,19535;0,221738;0,07943933;0,02283365;0,2057565;0,06305884
3;complexWire;1;5;5,711586;34;17,19535;0,1973155;0,07144696;-0,001130577;0,1839224;0,06048978
3;complexWire;1;5;5,738198;34;17,19535;0,1918386;0,06523338;0,009490755;0,1801571;0,05629221
3;complexWire;1;5;5,766227;34;17,19535;0,0849971;0,02689152;0,02513121;0,07661446;0,0501816
3;complexWire;1;5;5,794438;34;17,19535;0,2945926;0,06605854;0,1549946;0,2416563;0,04163767
3;complexWire;1;5;5,822421;34;17,19535;0,06136974;0,00498785;0,0514249;0,03311868;0,04895271
3;complexWire;1;5;5,850052;34;17,19535;0,2612348;0,05751087;0,09584287;0,236115;0,04555083
3;complexWire;1;5;5,877755;34;17,19535;0,2458347;0,05994914;0,002257534;0,2384024;0,02744444
3;complexWire;1;5;5,906113;34;17,19535;0,1016478;0,02757697;0,008738037;0,09744456;0,03539335
3;complexWire;1;5;5,933546;34;17,19535;0,1923869;0,0329374;0,008248225;0,1893669;0,03314986
3;complexWire;1;5;5,961666;34;17,19535;0,08292714;0,01659668;0,006987694;0,08094833;0,03367293
3;complexWire;1;5;5,98931;34;17,19535;0,3574437;0,08805405;-0,09972039;0,3317654;0,02879019
3;complexWire;1;5;6,005223;34;17,19535;0,3079154;0,06952127;-0,08139569;0,28871;0,03241389
3;complexWire;1;5;6,030916;34;17,19535;0,2336489;0,05197505;-0,05218322;0,2217371;0,03767763
3;complexWire;1;5;6,05885;34;17,19535;0,3122362;0,06932312;-0,06516534;0,2973873;0,04987877
3;complexWire;1;5;6,086724;34;17,19535;0,1337814;0,03505539;0,001603448;0,1290969;0,05672662
3;complexWire;1;5;6,114459;34;17,19535;0,1443995;0,03078195;-0,01291026;0,1404885;0,07569069
3;complexWire;1;5;6,142186;34;17,19535;0,08467818;0,02345034;-0,02234171;0,07823889;0,05956145
3;complexWire;1;5;6,158262;34;17,19535;0,08467818;0,02345034;-0,02234171;0,07823889;0,06590483
3;complexWire;1;5;6,184184;34;17,19535;0,1378253;0,04296034;-0,04636372;0,122477;0,07217065
3;complexWire;1;5;6,211843;34;17,19535;0,2865761;0,07119571;0,1053558;0,2568213;0,07648782
3;complexWire;1;5;6,239604;34;17,19535;0,4421164;0,09248;0,2470795;0,3547761;0,07830071
3;complexWire;1;5;6,255285;34;17,19535;0,5098737;0,09412381;0,3246274;0,3817446;0,08878554
3;complexWire;1;5;6,281695;34;17,19535;0,1853656;0,03370587;0,1252103;0,1324639;0,0806385
3;complexWire;1;5;6,309602;34;17,19535;0,2922671;0,01228754;0,2711086;0,108486;0,08779004
3;complexWire;1;5;6,337095;34;17,19535;0,3036414;0,01443414;0,2747307;0,1285022;0,08001034
3;complexWire;1;5;6,365033;34;17,19535;0,1829889;0,01685969;0,1510594;0,101891;0,08085772
3;complexWire;1;5;6,393017;34;17,19535;0,2958464;0,03476671;0,2208215;0,1937892;0,08682383
3;complexWire;1;5;6,421244;34;17,19535;0,116913;0,006899462;0,10169;0,05727294;0,09235908
3;complexWire;1;5;6,448832;34;17,19535;0,1660797;0,007002827;0,1464059;0,0780943;0,08941647
3;complexWire;1;5;6,476694;34;17,19535;0,171109;0,01878656;0,1270561;0,1130579;0,09377249
3;complexWire;1;5;6,504743;34;17,19535;0,1052461;0,02164974;0,04956837;0,09028287;0,0978245
3;complexWire;1;5;6,532218;34;17,19535;0,0990442;0,0233175;0,03988808;0,08760701;0,09390493
3;complexWire;1;5;6,559999;34;17,19535;0,1556552;0,04165671;0,03221643;0,1464765;0,09732899
3;complexWire;1;5;6,587839;34;17,19535;0,1285965;0,03034714;0,04990011;0,1145692;0,0955962
3;complexWire;1;5;6,615822;34;17,19535;0,1247967;0,02638384;0,05635856;0,108175;0,0930309
3;complexWire;1;5;6,643672;34;17,19535;0,1608655;0,03166976;0,08000752;0,1359174;0,09802707
3;complexWire;1;5;6,671494;34;17,19535;0,2138086;0,03475789;0,1235502;0,171001;0,1027033
3;complexWire;1;5;6,6996;34;17,19535;0,2525181;0,03059017;0,17312;0,1812708;0,1090704
3;complexWire;1;5;6,727055;34;17,19535;0,2385035;0,02460266;0,1729226;0,1624082;0,1111758
3;complexWire;1;5;6,755291;34;17,19535;0,2741979;0,02254331;0,2064189;0,179074;0,1179894
3;complexWire;1;5;6,782898;34;17,19535;0,2614132;0,01852437;0,2039903;0,1624244;0,1133862
3;complexWire;1;5;6,810829;34;17,19535;0,2906838;0,0152838;0,2333313;0,1726847;0,1132782
3;complexWire;1;5;6,838767;34;17,19535;0,2150673;0,005707324;0,1814364;0,1153351;0,1139513
3;complexWire;1;5;6,866465;34;17,19535;0,3128623;0,004797379;0,2679295;0,1614733;0,110393
3;complexWire;1;5;6,894689;34;17,19535;0,2116141;-0,00103302;0,1857963;0,1012876;0,1170194
3;complexWire;1;5;6,922224;34;17,19535;0,2715628;0,00685985;0,22317;0,1545783;0,1246983
3;complexWire;1;5;6,950067;34;17,19535;0,1510546;-0,0199907;0,1145607;0,09640399;0,1177713
3;complexWire;1;5;6,978174;34;17,19535;0,1259092;-0,009798842;0,1077691;0,06436551;0,1133149
3;complexWire;1;5;7,006087;34;17,19535;0,1833934;-0,04569948;0,1546883;0,08727085;0,1119917
3;complexWire;1;5;7,033643;34;17,19535;0,1870244;0,009047163;0,1652566;0,08710068;0,1164709
3;complexWire;1;5;7,061449;34;17,19535;0,1699149;0,006714309;0,1495664;0,08034839;0,1213506
3;complexWire;1;5;7,089299;34;17,19535;0,1932897;0,008509583;0,1621682;0,1048331;0,1134653
3;complexWire;1;5;7,117249;34;17,19535;0,2532016;0,00849032;0,2112157;0,1393803;0,119336
3;complexWire;1;5;7,145001;34;17,19535;0,2316079;0,006886617;0,1920972;0,1292031;0,1177488
3;complexWire;1;5;7,172906;34;17,19535;0,1508409;0,006283404;0,1193525;0,09202424;0,1227775
3;complexWire;1;5;7,200876;34;17,19535;0,2711062;0,0113424;0,2131493;0,1671445;0,1171687
3;complexWire;1;5;7,228997;34;17,19535;0,1971554;0,004723783;0,1596945;0,1155232;0,1201608
3;complexWire;1;5;7,256189;34;17,19535;0,1658936;-0,0002820307;0,1410381;0,08734334;0,1165511
3;complexWire;1;5;7,284269;34;17,19535;0,2353145;0,0004367661;0,1976715;0,1276663;0,1229997
3;complexWire;1;5;7,312325;34;17,19535;0,2264566;0,002536379;0,1852837;0,1301772;0,1160524
3;complexWire;1;5;7,33974;34;17,19535;0,1324729;0,003806651;0,1032404;0,08292167;0,1200775
3;complexWire;1;5;7,368007;34;17,19535;0,3136222;0,01031418;0,2407214;0,2007629;0,1161605
3;complexWire;1;5;7,395628;34;17,19535;0,2481683;0,002445596;0,1994865;0,147603;0,1151993
3;complexWire;1;5;7,423577;34;17,19535;0,150453;-0,004860604;0,1320668;0,07190844;0,1194489
3;complexWire;1;5;7,451225;34;17,19535;0,4418513;-0,02040863;0,3941912;0,1985682;0,1131248
3;complexWire;1;5;7,479046;34;17,19535;0,3240784;-0,01266074;0,2853122;0,1531778;0,1221358
3;complexWire;1;5;7,506838;34;17,19535;0,3163086;-0,0141583;0,2819563;0,1426579;0,1225875
3;complexWire;1;5;7,534748;34;17,19535;0,1880593;-0,009927979;0,1699055;0,07999926;0,1156161
3;complexWire;1;5;7,562722;34;17,19535;0,276998;-0,0102605;0,2474106;0,1241394;0,1147553
3;complexWire;1;5;7,590691;34;17,19535;0,1335873;0,000336031;0,1026432;0,08549763;0,1129186
3;complexWire;1;5;7,61823;34;17,19535;0,2188324;0,02259344;0,1492496;0,1584352;0,1176725
3;complexWire;1;5;7,646276;34;17,19535;0,1786836;0,01894226;0,1297274;0,1214077;0,1094307
3;complexWire;1;5;7,674178;34;17,19535;0,1237648;0,0112701;0,08202355;0,09199378;0,1134174
3;complexWire;1;5;7,701974;34;17,19535;0,1316322;0,01332658;0,09450407;0,09065545;0,1167
3;complexWire;1;5;7,729514;34;17,19535;0,1509271;0,01832516;0,09485819;0,115953;0,1068421
3;complexWire;1;5;7,757733;34;17,19535;0,3155379;0,02873176;0,2197056;0,2246511;0,1130036
3;complexWire;1;5;7,785313;34;17,19535;0,150096;0,0242468;0,06148126;0,1347626;0,1104755
3;complexWire;1;5;7,813551;34;17,19535;0,1863555;0,02538875;0,08578604;0,1634764;0,1145306
3;complexWire;1;5;7,841027;34;17,19535;0,1388475;0,03576187;0,07316303;0,1124584;0,1182485
3;complexWire;1;5;7,869309;34;17,19535;0,1617978;0,04171615;0,04017216;0,1510778;0,1087485
3;complexWire;1;5;7,897116;34;17,19535;0,1557947;0,03512084;-0,02343133;0,1499649;0,1117446
3;complexWire;1;5;7,924759;34;17,19535;0,1500729;0,04536753;0,01387415;0,1423769;0,114517
3;complexWire;1;5;7,952627;34;17,19535;0,2368526;0,07095574;-0,06347918;0,2168752;0,118068
3;complexWire;1;5;7,980603;34;17,19535;0,251509;0,07310133;-0,06797446;0,2308515;0,1180505
3;complexWire;1;5;8,007938;34;17,19535;0,5732529;0,1435815;-0,05276012;0,5524668;0,117098
3;complexWire;1;5;8,036031;34;17,19535;0,2452006;0,04179512;0,07448518;0,2298444;0,1226004
3;complexWire;1;5;8,063728;34;17,19535;0,1826387;-0,1092756;0,03726725;0,1415164;0,1295801
3;complexWire;1;5;8,091723;34;17,19535;0,2535932;-0,06587978;-0,2025301;0,1376624;0,1490228
3;complexWire;1;5;8,119868;34;17,19535;0,2675297;-0,01552029;-0,252739;0,08633822;0,1481569
3;complexWire;1;5;8,14732;34;17,19535;0,2524244;0,008814931;-0,1567383;0,1976701;0,1492944
3;complexWire;1;5;8,175023;34;17,19535;0,652591;0,2287171;-0,1038305;0,6023145;0,1364705
3;complexWire;1;5;8,203079;34;17,19535;0,1116099;-0,07830672;0,01903889;0,07721621;0,1090319
3;complexWire;1;5;8,230755;34;17,19535;0,1709127;-0,07903719;0,08330919;0,1265853;0,1060178
3;complexWire;1;5;8,259036;34;17,19535;0,236279;-0,0561671;0,1597403;0,1647909;0,1124107
3;complexWire;1;5;8,286416;34;17,19535;0,1510639;0,009866104;0,07699665;0,1295935;0,113745
3;complexWire;1;5;8,314472;34;17,19535;0,2701633;0,060706;-0,2632369;-0,003049031;0,1121494
3;complexWire;1;5;8,342474;34;17,19535;0,09098926;-0,01044017;-0,09030563;0,003865629;0,1138284
3;complexWire;1;5;8,370472;34;17,19535;0,2307058;0,04416182;-0,2180445;-0,06108604;0,1140177
3;complexWire;1;5;8,397872;34;17,19535;0,2600206;0,0950813;-0,2330669;-0,06519292;0,1153042
3;complexWire;1;5;8,425969;34;17,19535;0,09405322;0,02868618;-0,08706585;-0,02103926;0,1131049
3;complexWire;1;5;8,453709;34;17,19535;0,105981;0,04983143;-0,08651459;-0,03555319;0,1138805
3;complexWire;1;5;8,481377;34;17,19535;0,1208919;0,02235476;-0,1136976;-0,03446686;0,1144137
3;complexWire;1;5;8,509724;34;17,19535;0,2638622;0,06361145;-0,2452727;-0,07360809;0,1152017
3;complexWire;1;5;8,537051;34;17,19535;0,266192;0,0557786;-0,2450143;-0,08783486;0,1165518
3;complexWire;1;5;8,565081;34;17,19535;0,1022214;0,0104423;-0,09473819;-0,03694397;0,1176315
3;complexWire;1;5;8,592725;34;17,19535;0,07994855;0,02899559;-0,06400734;-0,03813249;0,1181644
3;complexWire;1;5;8,620668;34;17,19535;0,04076119;0,01933151;-0,02655613;-0,02413584;0,1187397
3;complexWire;1;5;8,648947;34;17,19535;0,0144906;0,003238663;-0,01064968;-0,009277552;0,1188778
3;complexWire;1;5;8,67654;34;17,19535;0,01052936;6,09979E-05;-0,01014179;-0,002829805;0,1126056
3;complexWire;1;5;8,704245;34;17,19535;0,07293475;-0,007530067;-0,07013673;-0,01853685;0,1130232
3;complexWire;1;5;8,73195;34;17,19535;0,07898032;-0,005882759;-0,07507503;-0,02381226;0,1132876
3;complexWire;1;5;8,760266;34;17,19535;0,05594621;-0,007584702;-0,05377644;-0,0134367;0,1136103
3;complexWire;1;5;8,787984;34;17,19535;0,2336029;0,01532578;0,2152537;0,08944988;0,1031607
3;complexWire;1;5;8,815582;34;17,19535;0,03410467;0,0001375005;0,03214145;0,01140338;0,1022073
3;complexWire;1;5;8,843232;34;17,19535;0,09597974;-0,01571188;-0,08960289;-0,03060341;0,1046646
3;complexWire;1;5;8,871193;34;17,19535;0,963024;-0,7154962;-0,6203891;0,1749225;0,1043541
3;complexWire;1;5;8,898931;34;17,19535;1,033962;-0,6867883;-0,7680943;0,08619815;0,1043541
3;complexWire;1;5;8,926915;34;17,19535;0,9991762;-0,5953038;-0,7886539;0,1482953;0,1043541
3;complexWire;1;5;8,95478;34;17,19535;1,079733;-0,6084474;-0,8755467;0,1703901;0,1043541
3;complexWire;1;5;8,982837;34;17,19535;1,18857;-0,6224632;-0,9985739;0,1675937;0,1043541
3;complexWire;1;5;9,010539;34;17,19535;1,274103;-0,6044507;-1,102004;0,2087208;0,1043541
3;complexWire;1;5;9,038511;34;17,19535;1,332799;-0,5728971;-1,170946;0,2775419;0,1043541
3;complexWire;1;5;9,066366;34;17,19535;1,372699;-0,5396602;-1,21091;0,3560417;0,1043541
3;complexWire;1;5;9,094295;34;17,19535;1,393185;-0,5320383;-1,237596;0,3553264;0,1043541
3;complexWire;1;5;9,122458;34;17,19535;1,382528;-0,5255831;-1,224501;0,3684334;0,1043541
3;complexWire;1;5;9,150299;34;17,19535;1,378798;-0,4897967;-1,155663;0,570636;0,1043541
3;complexWire;1;5;9,177257;34;17,19535;1,344694;-0,5732501;-0,9663336;0,7387725;0,1043541
3;complexWire;1;5;9,205412;34;17,19535;1,360223;-0,6825942;-0,7970075;0,8654768;0,1043541
3;complexWire;1;5;9,233056;34;17,19535;1,380448;-0,7336988;-0,6867231;0,9464324;0,1043371
3;complexWire;1;5;9,261278;34;17,19535;0,5870813;-0,2846168;0,2117956;0,467761;0,1036945
3;complexWire;1;5;9,288808;34;17,19535;1,684536;-0,4623519;-1,269196;1,006496;0,09666386
3;complexWire;1;5;9,316841;34;17,19535;0,8404623;-0,1902572;0,6993244;0,4255872;0,1123559
3;complexWire;1;5;9,344641;34;17,19535;0,3718558;-0,1153258;0,1154954;0,3341219;0,1080816
3;complexWire;1;5;9,372827;34;17,19535;0,4161915;-0,08263218;-0,3960168;0,09776527;0,1047268
3;complexWire;1;5;9,400064;34;17,19535;0,4745026;-0,1388359;-0,1476383;0,4290457;0,1135203
3;complexWire;1;5;9,428041;34;17,19535;0,03911354;-0,01537085;-0,03265704;0,01507062;0,1162683
3;complexWire;1;5;9,455887;34;17,19535;0,0433911;0,0001296699;-0,04125573;-0,0134438;0,1082754
3;complexWire;1;5;9,483835;34;17,19535;0,06317968;-0,02900475;-0,04570523;-0,03257957;0,112036
3;complexWire;1;5;9,512066;34;17,19535;0,1057424;-0,02056336;-0,09738778;-0,03569636;0,1101136
3;complexWire;1;5;9,539602;34;17,19535;0,1517032;0,0786988;-0,1296917;0,0006358027;0,1113457
3;complexWire;1;5;9,567208;34;17,19535;0,1492731;0,04581307;-0,1417982;-0,0087699;0,1162797
3;complexWire;1;5;9,595155;34;17,19535;0,05891041;-0,05834377;0,000138402;-0,008149907;0,1167831
3;complexWire;1;5;9,623137;34;17,19535;0,4708765;-0,03005654;-0,4655893;-0,06362225;0,1086403
3;complexWire;1;5;9,651195;34;17,19535;0,6605726;-0,02961452;-0,6559931;-0,07177883;0,1185573
3;complexWire;1;5;9,679001;34;17,19535;0,8431255;-0,03446035;-0,8375379;-0,09057161;0,1322069
3;complexWire;1;5;9,706627;34;17,19535;1,23375;-0,03446035;-1,229938;-0,09057161;0,1376816
3;complexWire;1;5;9,734675;34;17,19535;1,429427;-0,03446035;-1,426138;-0,09057161;0,1288968
3;complexWire;1;5;9,762239;34;17,19535;1,628636;-0,1054103;-1,421315;-0,7881669;0,1294354
3;complexWire;1;5;9,790558;34;17,19535;1,766115;-0,09554645;-1,559016;-0,8243188;0,07830034
3;complexWire;1;5;9,818195;34;17,19535;1,905446;-0,06213979;-1,703565;-0,8513122;0,07609223
3;complexWire;1;5;9,833095;34;17,19535;2,082715;-0,06213979;-1,899765;-0,8513122;0,07881495
3;complexWire;1;5;9,847396;34;17,19535;2,263109;-0,06213979;-2,095965;-0,8513122;0,0862383
3;complexWire;1;5;9,860628;34;17,19535;2,445938;-0,06213979;-2,292165;-0,8513122;0,08477292
3;complexWire;1;5;9,873695;34;17,19535;2,445938;-0,06213979;-2,292165;-0,8513122;0,0641693
3;complexWire;1;5;9,886731;34;17,19535;1,626389;0,9972077;-0,7788535;-1,021815;0,1220757
3;complexWire;1;5;9,900936;34;17,19535;1,599926;1,114199;-0,3890486;-1,080261;0,1124897
3;complexWire;1;5;9,914799;34;17,19535;1,599926;1,114199;-0,3890486;-1,080261;0,09950986
3;complexWire;1;5;9,928856;34;17,19535;0,9579487;-0,2314829;-0,7544795;-0,5429936;0,1061218
3;complexWire;1;5;9,94275;34;17,19535;0,6612055;-0,4716155;-0,3268999;-0,3284935;0,1129012
3;complexWire;1;5;9,956893;34;17,19535;0,6612055;-0,4716155;-0,3268999;-0,3284935;0,1149375
3;complexWire;1;5;9,971321;34;17,19535;0,5980582;-0,3953436;-0,4235855;-0,1481631;0,1100147
3;complexWire;1;5;9,984979;34;17,19535;0,6497793;-0,4423463;-0,4704568;-0,07220309;0,1118849
3;complexWire;1;5;9,998536;34;17,19535;0,6497793;-0,4423463;-0,4704568;-0,07220309;0,1145555
3;complexWire;1;5;10,01302;34;17,19535;0,7780098;-0,4374858;-0,6387394;-0,07692379;0,1102962
3;complexWire;1;5;10,02647;34;17,19535;0,729391;-0,4142057;-0,5996814;-0,02875968;0,09435178
3;complexWire;1;5;10,04083;34;17,19535;0,5963802;-0,4922961;-0,236684;0,239363;0,09733255
3;complexWire;1;5;10,05439;34;17,19535;0,5963802;-0,4922961;-0,236684;0,239363;0,09620973
3;complexWire;1;5;10,06858;34;17,19535;0,5411611;-0,4508158;-0,02071962;0,2986488;0,09359657
3;complexWire;1;5;10,08253;34;17,19535;0,5279608;-0,4179157;0,03697498;0,3205026;0,09018368
3;complexWire;1;5;10,09648;34;17,19535;0,5279608;-0,4179157;0,03697498;0,3205026;0,08926404
3;complexWire;1;5;10,11036;34;17,19535;0,5152562;-0,3841113;0,08453409;0,3328685;0,08683916
3;complexWire;1;5;10,1243;34;17,19535;0,4756013;-0,3274427;0,1158828;0,3248831;0,084681
3;complexWire;1;5;10,13832;34;17,19535;0,4756013;-0,3274427;0,1158828;0,3248831;0,1156779
3;complexWire;1;5;10,15221;34;17,19535;0,4702039;-0,3208693;-0,06244604;0,3379868;0,1188939
3;complexWire;1;5;10,16603;34;17,19535;0,5330009;-0,3208693;-0,258646;0,3379868;0,1159043
3;complexWire;1;5;10,18012;34;17,19535;0,3205999;-0,08568509;0,148092;0,2711293;0,1165214
3;complexWire;1;5;10,19418;34;17,19535;0,3205999;-0,08568509;0,148092;0,2711293;0,1138788
3;complexWire;1;5;10,20786;34;17,19535;0,2604024;-0,01914774;0,1226947;0,2288859;0,1140017
3;complexWire;1;5;10,22165;34;17,19535;0,2081432;0,02238447;0,02083273;0,2058848;0,1146607
3;complexWire;1;5;10,23571;34;17,19535;0,2081432;0,02238447;0,02083273;0,2058848;0,104769
3;complexWire;1;5;10,24955;34;17,19535;0,1933266;0,0843468;0,001066342;0,173953;0,1053504
3;complexWire;1;5;10,26338;34;17,19535;0,2027706;0,1251579;-0,04410841;0,1533162;0,1059035
3;complexWire;1;5;10,2772;34;17,19535;0,2027706;0,1251579;-0,04410841;0,1533162;0,1064859
3;complexWire;1;5;10,29129;34;17,19535;0,2085886;0,1624284;-0,09319225;0,09187733;0,1069872
3;complexWire;1;5;10,30509;34;17,19535;0,2369832;0,1979799;-0,1207202;0,04890449;0,1074196
3;complexWire;1;5;10,31934;34;17,19535;0,2369832;0,1979799;-0,1207202;0,04890449;0,1077838
3;complexWire;1;5;10,33289;34;17,19535;0,2741036;0,2309769;-0,1472729;0,009649336;0,1080541
3;complexWire;1;5;10,34703;34;17,19535;0,3113106;0,2590219;-0,1699829;-0,03045931;0,1084399
3;complexWire;1;5;10,36076;34;17,19535;0,3208998;-0,146002;0,2601498;-0,1182462;0,110925
3;complexWire;1;5;10,37489;34;17,19535;0,3208998;-0,146002;0,2601498;-0,1182462;0,1109168
3;complexWire;1;5;10,38887;34;17,19535;0,07459582;-0,01321152;0,06446692;-0,03512847;0,1103031
3;complexWire;1;5;10,40268;34;17,19535;0,05180804;-0,02112093;-0,01487143;-0,04490902;0,1094542
3;complexWire;1;5;10,41646;34;17,19535;0,05180804;-0,02112093;-0,01487143;-0,04490902;0,109065
3;complexWire;1;5;10,4305;34;17,19535;0,121176;0,0001842845;-0,1026822;-0,06434257;0,1095285
3;complexWire;1;5;10,44457;34;17,19535;0,1175912;-0,01907279;-0,1040535;-0,05134971;0,1102716
3;complexWire;1;5;10,45852;34;17,19535;0,1175912;-0,01907279;-0,1040535;-0,05134971;0,09854994
3;complexWire;1;5;10,47254;34;17,19535;0,138563;0,02407569;-0,1275389;-0,04851703;0,1000526
3;complexWire;1;5;10,48654;34;17,19535;0,1084502;0,0995944;-0,03134802;0,02932076;0,1003482
3;complexWire;1;5;10,50003;34;17,19535;0,1366061;0,1137194;-0,04605143;0,06006983;0,09929281
3;complexWire;1;5;10,51404;34;17,19535;0,1366061;0,1137194;-0,04605143;0,06006983;0,09894638
3;complexWire;1;5;10,52778;34;17,19535;0,1236675;0,1084495;-0,03750068;0,04610929;0,09860614
3;complexWire;1;5;10,54176;34;17,19535;0,1348713;0,1302976;-0,02909532;0,01913795;0,09827879
3;complexWire;1;5;10,55595;34;17,19535;0,1348713;0,1302976;-0,02909532;0,01913795;0,09809312
3;complexWire;1;5;10,56974;34;17,19535;0,1514652;0,1467016;-0,03748819;-0,00387146;0,09811075
3;complexWire;1;5;10,58372;34;17,19535;0,1668387;0,1587857;-0,04279046;-0,02812895;0,09922583
3;complexWire;1;5;10,59758;34;17,19535;0,1668387;0,1587857;-0,04279046;-0,02812895;0,09983213
3;complexWire;1;5;10,61171;34;17,19535;0,183924;0,1757704;-0,03984311;-0,03667849;0,1005928
3;complexWire;1;5;10,62564;34;17,19535;0,1724229;0,1723309;-0,003199607;0,00463317;0,1010939
3;complexWire;1;5;10,63928;34;17,19535;0,1724229;0,1723309;-0,003199607;0,00463317;0,101175
3;complexWire;1;5;10,65334;34;17,19535;0,1769845;0,1727083;-0,01486248;0,03569921;0,1013664
3;complexWire;1;5;10,6673;34;17,19535;0,1669325;0,1632416;0,007228956;0,03415253;0,1013457
3;complexWire;1;5;10,68137;34;17,19535;0,1606388;0,157866;0,01198478;0,0271938;0,101148
3;complexWire;1;5;10,69515;34;17,19535;0,1606388;0,157866;0,01198478;0,0271938;0,1011627
3;complexWire;1;5;10,70903;34;17,19535;0,1414863;0,1363771;0,02340652;0,02952648;0,1010535
3;complexWire;1;5;10,72289;34;17,19535;0,1227491;0,1187707;0,01644754;0,02627422;0,1009088
3;complexWire;1;5;10,73732;34;17,19535;0,1227491;0,1187707;0,01644754;0,02627422;0,1008576
3;complexWire;1;5;10,75094;34;17,19535;0,1026245;0,09919138;0,02143869;0,01527199;0,1007774
3;complexWire;1;5;10,76473;34;17,19535;0,08102199;0,07989973;0,01145561;0,007026099;0,1007484
3;complexWire;1;5;10,77863;34;17,19535;0,08102199;0,07989973;0,01145561;0,007026099;0,1008234
3;complexWire;1;5;10,79242;34;17,19535;0,06020021;0,05823708;0,01514931;-0,001733959;0,1008456
3;complexWire;1;5;10,80619;34;17,19535;0,03854575;0,03778147;0,007099077;-0,002817552;0,1008988
3;complexWire;1;5;10,82011;34;17,19535;0,01394294;0,01392994;0,0005971342;-7,652375E-05;0,1009946
3;complexWire;1;5;10,83437;34;17,19535;0,01394294;0,01392994;0,0005971342;-7,652375E-05;0,1010483
3;complexWire;1;5;10,84837;34;17,19535;0,01986669;-0,009119468;-0,01700716;-0,004719874;0,1011909
3;complexWire;1;5;10,86223;34;17,19535;0,03931559;-0,03247415;-0,01171999;-0,01880923;0,101381
3;complexWire;1;5;10,87586;34;17,19535;0,03931559;-0,03247415;-0,01171999;-0,01880923;0,1015125
3;complexWire;1;5;10,88984;34;17,19535;0,05998154;-0,05375934;-0,01611644;-0,02116551;0,1016352
3;complexWire;1;5;10,90394;34;17,19535;0,08368178;-0,07630359;-0,02272345;-0,02576912;0,1017787
3;complexWire;1;5;10,9177;34;17,19535;0,08368178;-0,07630359;-0,02272345;-0,02576912;0,1019787
3;complexWire;1;5;10,93188;34;17,19535;0,1064043;-0,09468951;-0,03786512;-0,03036463;0,1023672
3;complexWire;1;5;10,94579;34;17,19535;0,1118784;-0,1082487;-0,02165039;-0,01817332;0,1026293
3;complexWire;1;5;10,95931;34;17,19535;0,1118784;-0,1082487;-0,02165039;-0,01817332;0,1026697
3;complexWire;1;5;10,97335;34;17,19535;0,1188205;-0,1176321;-0,01642793;-0,00333466;0,1024957
3;complexWire;1;5;10,98785;34;17,19535;0,1253708;-0,1248053;-0,0106349;0,005328428;0,1022992
3;complexWire;1;5;11,00132;34;17,19535;0,1300653;-0,1297118;-0,009495467;-0,001287994;0,1021198
3;complexWire;1;5;11,01508;34;17,19535;0,1300653;-0,1297118;-0,009495467;-0,001287994;0,1019681
3;complexWire;1;5;11,02932;34;17,19535;0,1368956;-0,1336022;-0,01175183;-0,02743652;0,1019733
3;complexWire;1;5;11,04332;34;17,19535;0,1439315;-0,133654;-0,01385382;-0,05158432;0,1021211
3;complexWire;1;5;11,05715;34;17,19535;0,1439315;-0,133654;-0,01385382;-0,05158432;0,102429
3;complexWire;1;5;11,07095;34;17,19535;0,1246935;-0,1245244;0,005601451;-0,003278971;0,1020599
3;complexWire;1;5;11,08478;34;17,19535;0,1205743;-0,1143753;-0,01017626;0,0367819;0,1016092
3;complexWire;1;5;11,09898;34;17,19535;0,1205743;-0,1143753;-0,01017626;0,0367819;0,1013279
3;complexWire;1;5;11,11255;34;17,19535;0,1058716;-0,1042055;0,01693007;0,007961813;0,100986
3;complexWire;1;5;11,12682;34;17,19535;0,09667807;-0,09462863;0,01075661;-0,01662428;0,1007726
3;complexWire;1;5;11,14046;34;17,19535;0,006076064;0,005682976;0,000756706;0,002012396;0,1007229
3;complexWire;1;5;11,15443;34;17,19535;0,006076064;0,005682976;0,000756706;0,002012396;0,1005495
3;complexWire;1;5;11,16832;34;17,19535;0,01083627;0,001714149;0,002861582;0,01031008;0,1003901
3;complexWire;1;5;11,18252;34;17,19535;0,01296717;-0,006073158;0,004230574;0,01064737;0,1002392
3;complexWire;1;5;11,19642;34;17,19535;0,01296717;-0,006073158;0,004230574;0,01064737;0,1001052
3;complexWire;1;5;11,21011;34;17,19535;0,033235;-0,0009228601;0,009406224;0,03186278;0,09982618
3;complexWire;1;5;11,22422;34;17,19535;0,03438025;0,01059402;0,007396899;0,03185992;0,09949505
3;complexWire;1;5;11,23811;34;17,19535;0,03438025;0,01059402;0,007396899;0,03185992;0,09919081
3;complexWire;1;5;11,25196;34;17,19535;0,04513537;0,01216556;0,04148966;0,01295411;0,09844143
3;complexWire;1;5;11,26595;34;17,19535;0,07274127;0,01260271;0,07157308;0,00312378;0,09754423
3;complexWire;1;5;11,27989;34;17,19535;0,07274127;0,01260271;0,07157308;0,00312378;0,09655932
3;complexWire;1;5;11,29388;34;17,19535;0,1236841;0,01053299;0,1196412;-0,0295434;0,09507113
3;complexWire;1;5;11,30786;34;17,19535;0,1386494;0,01036493;0,1349684;-0,02999619;0,1072187
3;complexWire;1;5;11,32198;34;17,19535;0,2140951;0,01449504;0,2098542;-0,03984711;0,1104196
3;complexWire;1;5;11,33569;34;17,19535;0,2140951;0,01449504;0,2098542;-0,03984711;0,1077715
3;complexWire;1;5;11,3494;34;17,19535;0,4518718;0,02712448;0,4488022;-0,04504335;0,1032978
3;complexWire;1;5;11,36345;34;17,19535;0,4336737;0,02488291;0,4317404;-0,03246551;0,1054841
3;complexWire;1;5;11,37724;34;17,19535;0,4336737;0,02488291;0,4317404;-0,03246551;0,1005912
3;complexWire;1;5;11,39113;34;17,19535;0,5385885;0,03322988;0,5375538;0,003034905;0,1327464
3;complexWire;1;5;11,40524;34;17,19535;0,4885107;0,03156315;0,4867208;0,02737468;0,1348388
3;complexWire;1;5;11,41928;34;17,19535;0,4885107;0,03156315;0,4867208;0,02737468;0,1137313
3;complexWire;1;5;11,43313;34;17,19535;0,3791888;0,03260433;0,3589328;0,117849;0,1114928
3;complexWire;1;5;11,44728;34;17,19535;0,345351;0,03070957;0,3188156;0,1291543;0,1086108
3;complexWire;1;5;11,46071;34;17,19535;0,3639168;0,03373609;0,3198724;0,1702319;0,1138123
3;complexWire;1;5;11,47523;34;17,19535;0,3639168;0,03373609;0,3198724;0,1702319;0,1118652
3;complexWire;1;5;11,48847;34;17,19535;0,4091705;0,04329759;0,326019;0,2434285;0,1339094
3;complexWire;1;5;11,50287;34;17,19535;0,5942988;0,05326022;0,4772187;0,3501668;0,1171608
3;complexWire;1;5;11,51681;34;17,19535;0,5942988;0,05326022;0,4772187;0,3501668;0,1158318
3;complexWire;1;5;11,53057;34;17,19535;0,5635141;0,05284543;0,3965028;0,3969144;0,1165379
3;complexWire;1;5;11,54451;34;17,19535;0,5424956;0,04883539;0,3793956;0,3846759;0,115693
3;complexWire;1;5;11,55842;34;17,19535;0,5424956;0,04883539;0,3793956;0,3846759;0,1430251
3;complexWire;1;5;11,57238;34;17,19535;0,6291386;0,0628794;0,3873832;0,4917275;0,1360975
3;complexWire;1;5;11,58639;34;17,19535;0,5288208;0,04782613;0,3191119;0,418965;0,1259244
3;complexWire;1;5;11,60035;34;17,19535;0,410991;0,0489255;0,2360239;0,3328853;0,1387443
3;complexWire;1;5;11,61393;34;17,19535;0,410991;0,0489255;0,2360239;0,3328853;0,1402515
3;complexWire;1;5;11,62783;34;17,19535;0,4515153;0,02852578;0,3493677;0,2845954;0,1327056
3;complexWire;1;5;11,64206;34;17,19535;0,3937607;0,02920966;0,2476901;0,304703;0,1385294
3;complexWire;1;5;11,6561;34;17,19535;0,3937607;0,02920966;0,2476901;0,304703;0,1399385
3;complexWire;1;5;11,6699;34;17,19535;0,2400808;0,02015742;0,08278601;0,2244525;0,08787705
3;complexWire;1;5;11,68382;34;17,19535;0,1601137;0,01352067;0,00913089;0,1592803;0,09397649
3;complexWire;1;5;11,69742;34;17,19535;0,1601137;0,01352067;0,00913089;0,1592803;0,0999825
3;complexWire;1;5;11,71157;34;17,19535;0,06316457;0,0125119;-0,04333355;0,04422011;0,09955508
3;complexWire;1;5;11,7254;34;17,19535;0,04640456;0,002384625;-0,01701023;0,04310857;0,09906509
3;complexWire;1;5;11,73934;34;17,19535;0,04640456;0,002384625;-0,01701023;0,04310857;0,09821652
3;complexWire;1;5;11,75355;34;17,19535;0,06136731;0,005387357;-0,01497883;0,05926684;0,09755772
3;complexWire;1;5;11,76749;34;17,19535;0,06859943;0,004226801;-0,00920671;0,06784727;0,09679911
3;complexWire;1;5;11,78164;34;17,19535;0,07075176;0,003993128;0,001399724;0,07062511;0,1032994
3;complexWire;1;5;11,79552;34;17,19535;0,07075176;0,003993128;0,001399724;0,07062511;0,1024624
3;complexWire;1;5;11,80907;34;17,19535;0,1112613;-0,002989246;-0,06468839;0,09047401;0,09581055
3;complexWire;1;5;11,82339;34;17,19535;0,1234795;0,005010623;-0,089209;0,08522811;0,09451438
3;complexWire;1;5;11,83735;34;17,19535;0,1234795;0,005010623;-0,089209;0,08522811;0,09340392
3;complexWire;1;5;11,85035;34;17,19535;0,2214194;0,009112335;-0,1779292;0,1314712;0,09948406
3;complexWire;1;5;11,86466;34;17,19535;0,1397496;0,006438552;-0,1096592;0,08639076;0,09719238
3;complexWire;1;5;11,87899;34;17,19535;0,1397496;0,006438552;-0,1096592;0,08639076;0,09552265
3;complexWire;1;5;11,89234;34;17,19535;0,2578315;0,01636998;-0,1847122;0,1791382;0,09282622
3;complexWire;1;5;11,90664;34;17,19535;0,2442473;0,01871352;-0,1525197;0,1898534;0,08982997
3;complexWire;1;5;11,92074;34;17,19535;0,2550952;0,02186643;-0,1315568;0,2174585;0,0954268
3;complexWire;1;5;11,9344;34;17,19535;0,2550952;0,02186643;-0,1315568;0,2174585;0,09232939
3;complexWire;1;5;11,94802;34;17,19535;0,4416839;0,0418658;-0,1228577;0,4221824;0,08795035
3;complexWire;1;5;11,96241;34;17,19535;0,4501497;0,04391524;-0,1007715;0,4365219;0,08241592
3;complexWire;1;5;11,97587;34;17,19535;0,4501497;0,04391524;-0,1007715;0,4365219;0,07729646
3;complexWire;1;5;11,99025;34;17,19535;0,630264;0,06087838;-0,1503971;0,6090216;0,07575875
3;complexWire;1;5;12,00365;34;17,19535;0,6838825;0,06709388;-0,1781259;0,6568598;0,0642569
3;complexWire;1;5;12,01781;34;17,19535;0,6838825;0,06709388;-0,1781259;0,6568598;0,06474964
3;complexWire;1;5;12,03168;34;17,19535;1,214282;0,1168947;-0,3839514;1,146035;0,06481857
3;complexWire;1;5;12,04552;34;17,19535;0,8268089;0,07810862;-0,2848622;0,772247;0,06773923
3;complexWire;1;5;12,05978;34;17,19535;0,8268089;0,07810862;-0,2848622;0,772247;0,06963257
3;complexWire;1;5;12,07363;34;17,19535;0,7016965;0,07987649;-0,1178457;0,6871027;0,1224649
3;complexWire;1;5;12,08756;34;17,19535;0,5140951;0,06466115;0,05025155;0,5075307;0,1208218
3;complexWire;1;5;12,10183;34;17,19535;0,4412426;0,05479959;0,1307314;0,4178533;0,1181728
3;complexWire;1;5;12,11533;34;17,19535;0,4412426;0,05479959;0,1307314;0,4178533;0,114209
3;complexWire;1;5;12,12941;34;17,19535;0,504424;0,06028613;0,160867;0,4742689;0,1208627
3;complexWire;1;5;12,1438;34;17,19535;0,4536772;0,05460725;0,1222424;0,4334718;0,06346325
3;complexWire;1;5;12,15706;34;17,19535;0,4536772;0,05460725;0,1222424;0,4334718;0,06995048
3;complexWire;1;5;12,17068;34;17,19535;0,4449001;0,06063706;0,2296888;0,3761679;0,0753523
3;complexWire;1;5;12,18465;34;17,19535;0,3431418;0,04781322;0,2404563;0,2400853;0,07350515
3;complexWire;1;5;12,19853;34;17,19535;0,3431418;0,04781322;0,2404563;0,2400853;0,07842068
3;complexWire;1;5;12,21283;34;17,19535;0,54936;0,05898613;0,509655;0,1963894;0,07433587
3;complexWire;1;5;12,22667;34;17,19535;0,4360095;0,04922014;0,3711728;0,2234107;0,07717318
3;complexWire;1;5;12,24086;34;17,19535;0,4677454;0,05090846;0,3727947;0,2778817;0,0743147
3;complexWire;1;5;12,25463;34;17,19535;0,4677454;0,05090846;0,3727947;0,2778817;0,07058343
3;complexWire;1;5;12,26883;34;17,19535;0,6137203;0,05565664;0,5694845;0,2219062;0,08019148
3;complexWire;1;5;12,28249;34;17,19535;0,4437495;0,04174866;0,4221743;0,1301521;0,07594629
3;complexWire;1;5;12,2969;34;17,19535;0,4437495;0,04174866;0,4221743;0,1301521;0,08556842
3;complexWire;1;5;12,31002;34;17,19535;0,609419;0,04418344;0,6070587;0,03031723;0,08086458
3;complexWire;1;5;12,32402;34;17,19535;0,5239684;0,03769784;0,5207469;0,04409537;0,08232727
3;complexWire;1;5;12,3377;34;17,19535;0,5239684;0,03769784;0,5207469;0,04409537;0,08448652
3;complexWire;1;5;12,3517;34;17,19535;0,5816673;0,03556995;0,5805321;-0,007359812;0,07965188
3;complexWire;1;5;12,36612;34;17,19535;0,4561327;0,02155568;0,4492541;-0,07591588;0,08138968
3;complexWire;1;5;12,38067;34;17,19535;0,4998425;0,01688356;0,4764142;-0,1502898;0,08381179
3;complexWire;1;5;12,39619;34;17,19535;0,4998425;0,01688356;0,4764142;-0,1502898;0,08532207
3;complexWire;1;5;12,41119;34;17,19535;0,4482456;0,01263025;0,4297826;-0,1266946;0,08113875
3;complexWire;1;5;12,42735;34;17,19535;0,4108454;0,01248795;0,3994973;-0,09507854;0,08322708
3;complexWire;1;5;12,45399;34;17,19535;0,2425203;0,01185487;0,2420098;-0,01033437;0,09105054
3;complexWire;1;5;12,46976;34;17,19535;0,3265223;0,00529331;0,326457;0,003821783;0,08783843
3;complexWire;1;5;12,48478;34;17,19535;0,367208;-0,003916608;0,3647443;0,04228438;0,09111321
3;complexWire;1;5;12,49949;34;17,19535;0,367208;-0,003916608;0,3647443;0,04228438;0,08730473
3;complexWire;1;5;12,51588;34;17,19535;0,5231979;-0,0238304;0,5170858;0,07609481;0,08139838
3;complexWire;1;5;12,54299;34;17,19535;0,2893473;-0,01352215;0,2854556;0,045322;0,08196788
3;complexWire;1;5;12,57157;34;17,19535;0,3893676;-0,02647132;0,3883871;-0,00786333;0,08191378
3;complexWire;1;5;12,58719;34;17,19535;0,48722;-0,03670479;0,4856778;-0,01237507;0,08324483
3;complexWire;1;5;12,6141;34;17,19535;0,4506135;-0,03406206;0,4478325;-0,03658324;0,0747101
3;complexWire;1;5;12,63015;34;17,19535;0,4677053;-0,03733181;0,4616182;-0,06529325;0,07533666
3;complexWire;1;5;12,65644;34;17,19535;0,2875941;-0,01426318;0,2821753;0,05370308;0,07788241
3;complexWire;1;5;12,67302;34;17,19535;0,2852674;-0,005159903;0,2221142;0,1789305;0,08203854
3;complexWire;1;5;12,69866;34;17,19535;0,3097606;-0,007874207;0,2399447;0,1957452;0,08705229
3;complexWire;1;5;12,72653;34;17,19535;0,07409541;0,01590039;0,05549307;0,04645242;0,09964179
3;complexWire;1;5;12,74273;34;17,19535;0,04386907;0,01200501;0,03794627;0,01845145;0,1028829
3;complexWire;1;5;12,76842;34;17,19535;0,02688364;-0,000774255;0,01762635;0,02028404;0,1026457
3;complexWire;1;5;12,79665;34;17,19535;0,04031321;0,009358037;0,03920907;-0,0004802644;0,1021696
3;complexWire;1;5;12,81234;34;17,19535;0,08028273;0,007267043;0,07491195;-0,0279411;0,1012572
3;complexWire;1;5;12,83814;34;17,19535;0,08717777;0,004591592;0,07921755;-0,03610346;0,09948865
3;complexWire;1;5;12,85409;34;17,19535;0,09536603;-0,00199987;0,09255314;-0,02290408;0,09836401
3;complexWire;1;5;12,88045;34;17,19535;0,09640009;-0,02027391;0,09083414;-0,0251218;0,09612525
3;complexWire;1;5;12,90821;34;17,19535;0,1738716;-0,02710528;0,114259;-0,1282245;0,09339336
3;complexWire;1;5;12,93616;34;17,19535;0,5913548;-0,04601887;0,5470075;-0,2199217;0,08595535
3;complexWire;1;5;12,96399;34;17,19535;0,3782028;-0,02362645;0,3561382;-0,1250788;0,09172416
3;complexWire;1;5;12,99219;34;17,19535;0,2039138;-0,01875935;0,1666289;-0,1160334;0,09091821
3;complexWire;1;5;13,0201;34;17,19535;0,4389033;-0,03336509;0,4018731;-0,1732655;0,08730195
3;complexWire;1;5;13,04792;34;17,19535;0,3798397;-0,02965346;0,3511342;-0,1417874;0,08311878
3;complexWire;1;5;13,07589;34;17,19535;0,3730344;-0,03266288;0,3368989;-0,1568022;0,07998886
3;complexWire;1;5;13,10384;34;17,19535;0,6369838;-0,0616829;0,5746692;-0,2677664;0,07400747
3;complexWire;1;5;13,13186;34;17,19535;0,7048035;-0,07135266;0,6460316;-0,2725802;0,05903378
3;complexWire;1;5;13,15935;34;17,19535;1,035826;-0,1068341;0,9662653;-0,3575655;0,04237983
3;complexWire;1;5;13,1871;34;17,19535;0,6264155;-0,06590738;0,5962428;-0,180408;0,1482762
3;complexWire;1;5;13,21529;34;17,19535;0,8268659;-0,1052057;0,8001295;-0,1800878;0,1517051
3;complexWire;1;5;13,24297;34;17,19535;0,3821391;-0,04443201;0,3778133;-0,0362378;0,1496864
3;complexWire;1;5;13,2708;34;17,19535;0,3896322;-0,03714869;0,3812424;0,07132635;0,07419609
3;complexWire;1;5;13,2987;34;17,19535;0,5164915;-0,03432763;0,4645253;0,2231623;0,08415265
3;complexWire;1;5;13,32646;34;17,19535;0,279594;1,394464E-05;0,2032813;0,1919623;0,08058533
3;complexWire;1;5;13,35411;34;17,19535;0,1999866;0,005567421;0,1375571;0,1450575;0,09204623
3;complexWire;1;5;13,38195;34;17,19535;0,1965475;0,01684031;0,06673126;0,184104;0,08732219
3;complexWire;1;5;13,41035;34;17,19535;0,4055199;0,03073751;0,08545358;0,3952205;0,08148311
3;complexWire;1;5;13,43764;34;17,19535;0,4006242;0,03104525;0,1004003;0,386595;0,07789426
3;complexWire;1;5;13,46551;34;17,19535;0,3905783;0,05076446;0,005418562;0,3872274;0,07530493
3;complexWire;1;5;13,49333;34;17,19535;0,5068665;0,07771374;-0,06815174;0,4962152;0,06960595
3;complexWire;1;5;13,52159;34;17,19535;0,4597515;0,08205443;-0,156508;0,4244335;0,05150565
3;complexWire;1;5;13,54931;34;17,19535;0,8750691;0,1422405;-0,3603704;0,7846316;0,06291067
3;complexWire;1;5;13,57695;34;17,19535;1,037361;0,1837292;-0,6112025;0,8177976;0,06905177
3;complexWire;1;5;13,60472;34;17,19535;0,6103988;0,1006619;-0,3669028;0,477322;0,08329717
3;complexWire;1;5;13,63287;34;17,19535;0,1925837;0,03869227;0,07375607;0,1736416;0,1032342
3;complexWire;1;5;13,66102;34;17,19535;0,2928591;-0,00670456;0,2830465;-0,07487421;0,08780614
3;complexWire;1;5;13,68837;34;17,19535;0,2325214;-0,004548992;0,2255657;-0,05626379;0,08300062
3;complexWire;1;5;13,71607;34;17,19535;0,3575658;-0,00872238;0,3446858;-0,09470432;0,07598756
3;complexWire;1;5;13,7446;34;17,19535;0,3180075;0,01177396;0,3159721;-0,03393765;0,0768917
3;complexWire;1;5;13,77243;34;17,19535;0,32271;0,03295399;0,181003;0,2651296;0,07916516
3;complexWire;1;5;13,80049;34;17,19535;0,553833;-0,04347021;0,4527704;0,3159751;0,06941697
3;complexWire;1;5;13,82801;34;17,19535;0,866793;-0,1147386;0,8410336;0,1755783;0,07073389
3;complexWire;1;5;13,85528;34;17,19535;1,392292;-0,2140624;1,332359;0,3427472;0,06515843
3;complexWire;1;5;13,88335;34;17,19535;0,8593447;-0,1409087;0,8017827;0,2752498;0,08362413
3;complexWire;1;5;13,91118;34;17,19535;0,5928033;-0,08005966;0,3226445;0,4908225;0,1145375
3;complexWire;1;5;13,93934;34;17,19535;0,4978941;-0,0009022793;-0,1574988;0,472326;0,1089296
3;complexWire;1;5;13,96689;34;17,19535;0,330702;0,01746732;-0,2084833;0,2561122;0,1077105
3;complexWire;1;5;13,99484;34;17,19535;0,561684;0,06297444;-0,5127004;0,2205933;0,08507548
3;complexWire;1;5;14,02244;34;17,19535;0,5364933;0,04545835;-0,4605658;0,2713628;0,08645022
3;complexWire;1;5;14,05035;34;17,19535;0,9422475;0,02067802;-0,6636965;0,668513;0,06077472
3;complexWire;1;5;14,07856;34;17,19535;1,178114;0,001299036;-0,7710186;0,890776;0,05760446
3;complexWire;1;5;14,10622;34;17,19535;0,5682495;-0,03398722;-0,216712;0,5242025;0,06825082
3;complexWire;1;5;14,13405;34;17,19535;0,5063335;-0,01976507;-0,2834062;0,4191228;0,07682525
3;complexWire;1;5;14,16183;34;17,19535;0,4229649;0,02564874;-0,3918952;0,1570336;0,07415138
3;complexWire;1;5;14,18964;34;17,19535;0,6224662;0,02495256;-0,5638548;0,262506;0,08219833
3;complexWire;1;5;14,21773;34;17,19535;0,6387118;-0,0633999;-0,1409545;0,6197298;0,08532059
3;complexWire;1;5;14,24568;34;17,19535;0,3814127;-0,07924657;0,07531156;0,365409;0,09604529
3;complexWire;1;5;14,27318;34;17,19535;0,260819;-0,0369737;-0,05798575;0,2515892;0,0990622
3;complexWire;1;5;14,30108;34;17,19535;0,07243883;0,01099212;-0,032468;0,06381525;0,0992808
3;complexWire;1;5;14,3292;34;17,19535;0,2078535;0,001892132;-0,1391014;0,1544354;0,09920754
3;complexWire;1;5;14,35683;34;17,19535;0,2799397;0,002094804;-0,1932976;0,2024792;0,09707768
3;complexWire;1;5;14,3845;34;17,19535;0,3242806;0,01414885;-0,2632924;0,1887718;0,09573608
3;complexWire;1;5;14,41257;34;17,19535;0,4097762;0,04107631;-0,3954186;0,099365;0,09773959
3;complexWire;1;5;14,44014;34;17,19535;0,5690971;0,05788686;-0,56595;0,01487472;0,09527472
3;complexWire;1;5;14,46827;34;17,19535;0,7940696;0,06665409;-0,7900137;-0,04452102;0,09181589
3;complexWire;1;5;14,49642;34;17,19535;0,9178755;0,06759069;-0,9089161;-0,1086212;0,08813704
3;complexWire;1;5;14,52372;34;17,19535;0,8695455;0,05521057;-0,8570631;-0,1360293;0,0869057
3;complexWire;1;5;14,55146;34;17,19535;1,101529;0,05721546;-1,079785;-0,2101367;0,08504801
3;complexWire;1;5;14,57978;34;17,19535;0,732088;0,03430482;-0,7210186;-0,1220987;0,08894021
3;complexWire;1;5;14,60742;34;17,19535;1,186406;0,03391331;-1,173965;-0,1679758;0,08391189
3;complexWire;1;5;14,63528;34;17,19535;0,6125804;0,02408536;-0,6113121;-0,0311797;0,08427616
3;complexWire;1;5;14,66313;34;17,19535;1,08838;-0,2975631;-0,9551855;-0,4285405;0,09673233
3;complexWire;1;5;14,69096;34;17,19535;0,8830209;0,1368185;-0,7062075;-0,5121306;0,09673233
3;complexWire;1;5;14,71903;34;17,19535;0,9678707;0,1748742;-0,6931587;-0,6524751;0,09673233
3;complexWire;1;5;14,74715;34;17,19535;0,9341314;0,0849995;-0,6230302;-0,6908038;0,09673233
3;complexWire;1;5;14,77442;34;17,19535;1,081825;0,04609556;-0,5881868;-0,9067837;0,09673233
3;complexWire;1;5;14,80228;34;17,19535;1,603729;0,1979934;-0,6110256;-1,469487;0,09673233
3;complexWire;1;5;14,82982;34;17,19535;1,353337;-0,146608;-0,9802289;-0,9215087;0,09673233
3;complexWire;1;5;14,8583;34;17,19535;2,35497;0,3407788;-0,4982857;-2,276283;0,09673233
3;complexWire;1;5;14,88581;34;17,19535;2,683476;0,3288911;-0,1741894;-2,657543;0,09673233
3;complexWire;1;5;14,91411;34;17,19535;3,20986;0,5040482;-0,1682397;-3,16557;0,09673233
3;complexWire;1;5;14,94129;34;17,19535;1,730606;-0,3356002;-0,6982203;-1,547533;0,09673233
3;complexWire;1;5;14,95785;34;17,19535;1,730606;-0,3356002;-0,6982203;-1,547533;0,09673233
3;complexWire;1;5;14,98299;34;17,19535;1,765325;-0,3257051;-0,6139989;-1,622743;0,09673233
3;complexWire;1;5;15,0111;34;17,19535;1,70499;-0,3243382;-0,6209421;-1,554421;0,09673233
3;complexWire;1;5;15,03907;34;17,19535;1,708015;-0,3286083;-0,6971852;-1,524225;0,09673233
3;complexWire;1;5;15,06689;34;17,19535;1,782913;-0,3407735;-0,7917968;-1,560676;0,09673233
3;complexWire;1;5;15,09423;34;17,19535;1,824273;-0,3530997;-0,8496941;-1,575219;0,09673234
3;complexWire;1;5;15,11063;34;17,19535;1,846123;-0,3655826;-0,8759474;-1,583426;0,09673234
3;complexWire;1;5;15,13593;34;17,19535;1,91158;-0,3825046;-0,8655589;-1,660914;0,09673234
3;complexWire;1;5;15,164;34;17,19535;2,004046;-0,395351;-0,9698458;-1,708596;0,09673234
3;complexWire;1;5;15,19188;34;17,19535;2,051481;-0,3936504;-1,091332;-1,691925;0,09673234
3;complexWire;1;5;15,21977;34;17,19535;2,054926;-0,3855691;-1,218652;-1,60902;0,09673234
3;complexWire;1;5;15,24753;34;17,19535;2,238127;-0,01393525;-1,275609;-1,838978;0,09673234
3;complexWire;1;5;15,27553;34;17,19535;2,05669;-0,00150682;-1,247653;-1,635034;0,09673234
3;complexWire;1;5;15,30361;34;17,19535;1,82813;-0,01137722;-1,058333;-1,49059;0,09673234
3;complexWire;1;5;15,33133;34;17,19535;1,651364;-0,03077143;-0,9085299;-1,378633;0,09673234
3;complexWire;1;5;15,35943;34;17,19535;1,23842;-0,6508593;-0,5963134;-0,8686061;0,09673234
3;complexWire;1;5;15,38728;34;17,19535;1,193197;-0,6540052;-0,5706875;-0,8187266;0,09673234
3;complexWire;1;5;15,41494;34;17,19535;1,109932;-0,6437612;-0,5038361;-0,7507801;0,09673234
3;complexWire;1;5;15,4426;34;17,19535;0,9992005;-0,6127499;-0,4809504;-0,6258003;0,09673234
3;complexWire;1;5;15,47084;34;17,19535;0,9273512;-0,5951378;-0,4405622;-0,5582975;0,09673234
3;complexWire;1;5;15,49846;34;17,19535;0,8283275;-0,5673357;-0,401856;-0,4502982;0,09673234
3;complexWire;1;5;15,5263;34;17,19535;0,9277655;-0,4959452;-0,4027362;-0,6727487;0,09673234
3;complexWire;1;5;15,55407;34;17,19535;0,9265797;0,06194666;-0,504263;-0,774875;0,09673234
3;complexWire;1;5;15,58222;34;17,19535;0,978531;0,08362173;-0,6034531;-0,7657511;0,09673234
3;complexWire;1;5;15,60965;34;17,19535;0,9951811;0,07113645;-0,6823794;-0,7208907;0,09673234
3;complexWire;1;5;15,6377;34;17,19535;1,020046;0,07719048;-0,7665019;-0,6685885;0,09673234
3;complexWire;1;5;15,66536;34;17,19535;1,079561;0,07808527;-0,8566849;-0,6522616;0,09673234
3;complexWire;1;5;15,69358;34;17,19535;1,18145;0,09583519;-0,9559585;-0,6875917;0,09673234
3;complexWire;1;5;15,72105;34;17,19535;1,302529;0,1438667;-1,067162;-0,7328377;0,09673234
3;complexWire;1;5;15,74922;34;17,19535;1,339872;0,150773;-1,116997;-0,7244606;0,09673234
3;complexWire;1;5;15,77689;34;17,19535;1,326108;0,1434371;-1,115595;-0,7024511;0,09673234
3;complexWire;1;5;15,8048;34;17,19535;1,272256;-0,3090208;-1,045684;-0,6555043;0,09673148
3;complexWire;1;5;15,83253;34;17,19535;1,196525;-0,3134606;-0,9738235;-0,6205504;0,09671921
3;complexWire;1;5;15,86041;34;17,19535;0,4533081;-0,06045615;-0,4422993;0,07876917;0,09506365
3;complexWire;1;5;15,88832;34;17,19535;0,6461741;-0,06045615;-0,6384993;0,07876917;0,09438558
3;complexWire;1;5;15,91651;34;17,19535;0,8405846;-0,06045615;-0,8346993;0,07876917;0,09182098
3;complexWire;1;5;15,94383;34;17,19535;1,23111;-0,06045615;-1,227099;0,07876917;0,08208086
3;complexWire;1;5;15,95946;34;17,19535;1,23111;-0,06045615;-1,227099;0,07876917;0,07396693
3;complexWire;1;5;15,98522;34;17,19535;1,62254;-0,06045615;-1,619499;0,07876917;0,09209969
3;complexWire;1;5;15,99908;34;17,19535;1,62254;-0,06045615;-1,619499;0,07876917;0,1000736
3;complexWire;1;5;16,013;34;17,19535;1,103039;0,04507025;-1,099767;0,07194624;0,1012963
3;complexWire;1;5;16,02712;34;17,19535;1,237207;0,01340689;-1,234508;0,08056933;0,1045152
3;complexWire;1;5;16,04134;34;17,19535;1,171658;0,07350354;-1,138912;0,2650639;0,1026526
3;complexWire;1;5;16,05524;34;17,19535;1,171658;0,07350354;-1,138912;0,2650639;0,1076063
3;complexWire;1;5;16,06887;34;17,19535;1,195007;-0,06928118;-0,8466951;0,8404464;0,1031625
3;complexWire;1;5;16,08311;34;17,19535;1,226636;-0,09823398;-0,6178038;1,055132;0,1027437
3;complexWire;1;5;16,0969;34;17,19535;1,226636;-0,09823398;-0,6178038;1,055132;0,1024724
3;complexWire;1;5;16,11078;34;17,19535;1,041235;-0,1688014;0,2009254;1,007624;0,09495614
3;complexWire;1;5;16,12473;34;17,19535;0,9545144;-0,1774455;0,3854772;0,854996;0,1065415
3;complexWire;1;5;16,13848;34;17,19535;0,9545144;-0,1774455;0,3854772;0,854996;0,1059232
3;complexWire;1;5;16,15249;34;17,19535;0,8779144;-0,1644079;0,5125514;0,6935379;0,1050724
3;complexWire;1;5;16,16638;34;17,19535;0,7986043;-0,1511014;0,5710877;0,5373974;0,1047009
3;complexWire;1;5;16,18037;34;17,19535;0,6954017;-0,1275544;0,4115097;0,5458692;0,1047178
3;complexWire;1;5;16,19474;34;17,19535;0,6954017;-0,1275544;0,4115097;0,5458692;0,107796
3;complexWire;1;5;16,2083;34;17,19535;0,6269742;-0,1134587;0,2816921;0,5485191;0,1118523
3;complexWire;1;5;16,2225;34;17,19535;0,5604498;-0,1201426;0,1801617;0,5169251;0,1167883
3;complexWire;1;5;16,23653;34;17,19535;0,5604498;-0,1201426;0,1801617;0,5169251;0,1116444
3;complexWire;1;5;16,25012;34;17,19535;0,3113877;-0,08384226;0,2823141;0,101151;0,1131555
3;complexWire;1;5;16,26446;34;17,19535;0,2059914;-0,06991053;0,191952;0,02644618;0,1137533
3;complexWire;1;5;16,27812;34;17,19535;0,2059914;-0,06991053;0,191952;0,02644618;0,1144321
3;complexWire;1;5;16,2917;34;17,19535;0,1113373;-0,077971;0,07703411;0,01955132;0,1146802
3;complexWire;1;5;16,30549;34;17,19535;0,08305725;-0,07608971;-0,03255033;0,007024163;0,1149154
3;complexWire;1;5;16,31954;34;17,19535;0,08305725;-0,07608971;-0,03255033;0,007024163;0,1052657
3;complexWire;1;5;16,33341;34;17,19535;0,1724872;-0,08580842;-0,1489664;0,01406186;0,1060822
3;complexWire;1;5;16,34785;34;17,19535;0,2893585;-0,09664803;-0,271477;0,02622442;0,1073648
3;complexWire;1;5;16,36147;34;17,19535;0,4269505;-0,1005205;-0,4128178;0,04199773;0,1090615
3;complexWire;1;5;16,37561;34;17,19535;0,4269505;-0,1005205;-0,4128178;0,04199773;0,1116829
3;complexWire;1;5;16,38933;34;17,19535;0,5776527;-0,1025742;-0,5654768;0,05828558;0,1151869
3;complexWire;1;5;16,40338;34;17,19535;0,502848;-0,08226013;-0,4304959;-0,2465007;0,1085892
3;complexWire;1;5;16,41715;34;17,19535;0,502848;-0,08226013;-0,4304959;-0,2465007;0,1079807
3;complexWire;1;5;16,43113;34;17,19535;0,5879412;-0,07045952;-0,4786754;-0,3340363;0,1081294
3;complexWire;1;5;16,44484;34;17,19535;0,6600831;-0,04521043;-0,4929178;-0,4366896;0,1088941
3;complexWire;1;5;16,45885;34;17,19535;0,6600831;-0,04521043;-0,4929178;-0,4366896;0,1100067
3;complexWire;1;5;16,47275;34;17,19535;0,7205663;-0,009130273;-0,470991;-0,5452521;0,103989
3;complexWire;1;5;16,48663;34;17,19535;0,7657604;0,0358145;-0,409996;-0,6457628;0,1056787
3;complexWire;1;5;16,50084;34;17,19535;0,624004;0,1215477;0,1387814;-0,5961098;0,1072507
3;complexWire;1;5;16,51472;34;17,19535;0,624004;0,1215477;0,1387814;-0,5961098;0,09397504
3;complexWire;1;5;16,5287;34;17,19535;0,5786588;0,140354;0,1900054;-0,5282468;0,09600134
3;complexWire;1;5;16,54259;34;17,19535;0,5183614;0,1529889;0,2289579;-0,4391711;0,09139291
3;complexWire;1;5;16,55656;34;17,19535;0,5183614;0,1529889;0,2289579;-0,4391711;0,09022022
3;complexWire;1;5;16,57072;34;17,19535;0,4580464;0,1613481;0,2370869;-0,3571597;0,08921782
3;complexWire;1;5;16,58452;34;17,19535;0,3905971;0,1592169;0,200224;-0,2951719;0,08874006
3;complexWire;1;5;16,59787;34;17,19535;0,3905971;0,1592169;0,200224;-0,2951719;0,08896203
3;complexWire;1;5;16,61192;34;17,19535;0,321945;0,1489243;0,1734861;-0,2266554;0,08883528
3;complexWire;1;5;16,6258;34;17,19535;0,2615907;0,1659009;0,1550044;-0,1299239;0,08846419
3;complexWire;1;5;16,64011;34;17,19535;0,2024191;0,1580082;0,07107773;-0,1046655;0,08772855
3;complexWire;1;5;16,654;34;17,19535;0,2024191;0,1580082;0,07107773;-0,1046655;0,0877111
3;complexWire;1;5;16,6679;34;17,19535;0,160166;0,1461274;-0,01269511;-0,06433317;0,08800118
3;complexWire;1;5;16,68179;34;17,19535;0,1747749;0,1397855;-0,1023859;-0,02287804;0,08856059
3;complexWire;1;5;16,696;34;17,19535;0,1747749;0,1397855;-0,1023859;-0,02287804;0,08951849
3;complexWire;1;5;16,70971;34;17,19535;0,210522;0,1643121;-0,07687677;0,1068223;0,08887456
3;complexWire;1;5;16,72386;34;17,19535;0,2615568;0,1573754;-0,1456267;0,1497925;0,08785067
3;complexWire;1;5;16,73763;34;17,19535;0,2615568;0,1573754;-0,1456267;0,1497925;0,08761995
3;complexWire;1;5;16,7509;34;17,19535;0,310743;0,1498793;-0,1767873;0,2069871;0,09792592
3;complexWire;1;5;16,76492;34;17,19535;0,3660418;0,1401339;-0,2128348;0,2627744;0,08533917
3;complexWire;1;5;16,77938;34;17,19535;0,3660418;0,1401339;-0,2128348;0,2627744;0,08591711
3;complexWire;1;5;16,79313;34;17,19535;0,4163516;0,1259964;-0,2268529;0,3255938;0,08647284
3;complexWire;1;5;16,8071;34;17,19535;0,4593256;0,1002961;-0,2230418;0,3888098;0,08711337
3;complexWire;1;5;16,82097;34;17,19535;0,4939551;0,06617367;-0,2053109;0,4443649;0,08785154
3;complexWire;1;5;16,83516;34;17,19535;0,4939551;0,06617367;-0,2053109;0,4443649;0,08849024
3;complexWire;1;5;16,84893;34;17,19535;0,5193145;0,02810209;-0,1762011;0,4876997;0,08912686
3;complexWire;1;5;16,86296;34;17,19535;0,4007654;-0,04270859;0,1774052;0,3568141;0,08975452
3;complexWire;1;5;16,87674;34;17,19535;0,4007654;-0,04270859;0,1774052;0,3568141;0,0854451
3;complexWire;1;5;16,89079;34;17,19535;0,335958;-0,0650182;0,1672108;0,2840439;0,09808332
3;complexWire;1;5;16,90413;34;17,19535;0,2753714;-0,08460926;0,1441588;0,2188354;0,09779261
3;complexWire;1;5;16,91842;34;17,19535;0,2753714;-0,08460926;0,1441588;0,2188354;0,09748708
3;complexWire;1;5;16,93225;34;17,19535;0,2163254;-0,1028581;0,108709;0,1562026;0,1030069
3;complexWire;1;5;16,94616;34;17,19535;0,1670313;-0,119455;0,06457002;0,097266;0,1025733
3;complexWire;1;5;16,96065;34;17,19535;0,1374586;-0,131126;0,01554523;0,03819927;0,1021769
3;complexWire;1;5;16,97425;34;17,19535;0,1374586;-0,131126;0,01554523;0,03819927;0,1018726
3;complexWire;1;5;16,98802;34;17,19535;0,1549352;-0,1509252;-0,03172398;-0,01483511;0,1015984
3;complexWire;1;5;17,00252;34;17,19535;0,1954759;-0,1649686;-0,07810034;-0,0699752;0,1013518
3;complexWire;1;5;17,01569;34;17,19535;0,1954759;-0,1649686;-0,07810034;-0,0699752;0,1011651
3;complexWire;1;5;17,02979;34;17,19535;0,2427866;-0,1753309;-0,1171646;-0,12032;0,1010557
3;complexWire;1;5;17,04364;34;17,19535;0,2966026;-0,1854521;-0,1485211;-0,1775446;0,1010526
3;complexWire;1;5;17,05758;34;17,19535;0,2966026;-0,1854521;-0,1485211;-0,1775446;0,1011572
3;complexWire;1;5;17,07149;34;17,19535;0,3483042;-0,1915686;-0,1690511;-0,2367256;0,1012734
3;complexWire;1;5;17,08519;34;17,19535;0,3950203;-0,1931789;-0,1786965;-0,2946023;0,1014947
3;complexWire;1;5;17,09915;34;17,19535;0,3950203;-0,1931789;-0,1786965;-0,2946023;0,09677747
3;complexWire;1;5;17,11347;34;17,19535;0,4341802;-0,1885511;-0,1744486;-0,3500409;0,09764871
3;complexWire;1;5;17,12779;34;17,19535;0,3496446;-0,1835916;0,1070445;-0,2776454;0,08924822
3;complexWire;1;5;17,14139;34;17,19535;0,3073626;-0,1677829;0,1129758;-0,231424;0,08865816
3;complexWire;1;5;17,15503;34;17,19535;0,3073626;-0,1677829;0,1129758;-0,231424;0,08850668
3;complexWire;1;5;17,16933;34;17,19535;0,259334;-0,1488796;0,1086917;-0,1824146;0,08844608
3;complexWire;1;5;17,18282;34;17,19535;0,2066668;-0,1278844;0,09415302;-0,1322571;0,08845728
3;complexWire;1;5;17,19656;34;17,19535;0,2066668;-0,1278844;0,09415302;-0,1322571;0,08847908
3;complexWire;1;5;17,2105;34;17,19535;0,1513644;-0,1052143;0,07109113;-0,08238439;0,08852915
3;complexWire;1;5;17,22442;34;17,19535;0,09758374;-0,08199599;0,04060218;-0,03392208;0,105936
3;complexWire;1;5;17,23863;34;17,19535;0,09758374;-0,08199599;0,04060218;-0,03392208;0,1057242
3;complexWire;1;5;17,25253;34;17,19535;0,0598959;-0,05788182;0,006739125;0,01384913;0,1060287
3;complexWire;1;5;17,26636;34;17,19535;0,07527232;-0,03392667;-0,02931117;0,06046287;0,1066504
3;complexWire;1;5;17,28043;34;17,19535;0,1249428;-0,009318911;-0,06353554;0,1071779;0,1076126
3;complexWire;1;5;17,29398;34;17,19535;0,1249428;-0,009318911;-0,06353554;0,1071779;0,1090502
3;complexWire;1;5;17,30797;34;17,19535;0,1820952;0,01697051;-0,09368759;0,1552202;0,1108297
3;complexWire;1;5;17,32183;34;17,19535;0,237329;0,04337075;-0,1164781;0,2021803;0,106445
3;complexWire;1;5;17,33579;34;17,19535;0,237329;0,04337075;-0,1164781;0,2021803;0,1089602
3;complexWire;1;5;17,35001;34;17,19535;0,1822746;0,07862742;-0,03672501;0,1602904;0,1106365
3;complexWire;1;5;17,3637;34;17,19535;0,1711701;0,1298137;-0,01440978;0,1106344;0,1116614
3;complexWire;1;5;17,37791;34;17,19535;0,1711701;0,1298137;-0,01440978;0,1106344;0,1120457
3;complexWire;1;5;17,39159;34;17,19535;0,1790404;0,1607933;-0,03230125;0,07181654;0,1121139
3;complexWire;1;5;17,40578;34;17,19535;0,1964456;0,1851087;-0,05566016;0,03503712;0,1120589
3;complexWire;1;5;17,41944;34;17,19535;0,1964456;0,1851087;-0,05566016;0,03503712;0,1119029
3;complexWire;1;5;17,43356;34;17,19535;0,2220166;0,2074844;-0,07900025;0,0007436052;0,1116328
3;complexWire;1;5;17,4473;34;17,19535;0,2057668;0,1999695;-0,02922159;0,03870779;0,1113781
3;complexWire;1;5;17,46117;34;17,19535;0,2231453;0,2123462;-0,01872018;0,06597313;0,111156
3;complexWire;1;5;17,47537;34;17,19535;0,2231453;0,2123462;-0,01872018;0,06597313;0,0860482
3;complexWire;1;5;17,48919;34;17,19535;0,2218861;0,2194013;-0,02403855;0,02277434;0,08632407
3;complexWire;1;5;17,50322;34;17,19535;0,2154384;0,2062533;0,005473122;0,06199438;0,08606851
3;complexWire;1;5;17,51692;34;17,19535;0,2154384;0,2062533;0,005473122;0,06199438;0,08523842
3;complexWire;1;5;17,53104;34;17,19535;0,2077546;0,1996808;0,01699769;0,05477782;0,09832253
3;complexWire;1;5;17,54506;34;17,19535;0,1910214;0,1848093;0,02667943;0,04028542;0,09866223
3;complexWire;1;5;17,55865;34;17,19535;0,1910214;0,1848093;0,02667943;0,04028542;0,09898414
3;complexWire;1;5;17,57264;34;17,19535;0,1707076;0,1645516;0,03452404;0,02952874;0,09919443
3;complexWire;1;5;17,58674;34;17,19535;0,1510912;0,1446993;0,03702624;0,02279742;0,09938125
3;complexWire;1;5;17,60049;34;17,19535;0,126396;0,1199175;0,03531194;0,01867683;0,09953897
3;complexWire;1;5;17,61461;34;17,19535;0,126396;0,1199175;0,03531194;0,01867683;0,09965683
3;complexWire;1;5;17,62855;34;17,19535;0,09972922;0,09402896;0,02848852;0,01711361;0,09977383
3;complexWire;1;5;17,64247;34;17,19535;0,07250103;0,06783896;0,02298638;0,01122059;0,09987993
3;complexWire;1;5;17,65617;34;17,19535;0,07250103;0,06783896;0,02298638;0,01122059;0,0945903
3;complexWire;1;5;17,67013;34;17,19535;0,0429179;0,03986164;0,01330669;0,008713642;0,09469101
3;complexWire;1;5;17,68389;34;17,19535;0,01412726;0,012128;0,001933947;0,006982186;0,09475239
3;complexWire;1;5;17,69802;34;17,19535;0,01412726;0,012128;0,001933947;0,006982186;0,09474701
3;complexWire;1;5;17,71207;34;17,19535;0,01969127;-0,01727926;-0,009426221;0,0005653528;0,09472301
3;complexWire;1;5;17,72599;34;17,19535;0,05184759;-0,0473319;-0,01998414;-0,006964037;0,09468303
3;complexWire;1;5;17,73977;34;17,19535;0,05184759;-0,0473319;-0,01998414;-0,006964037;0,09462949
3;complexWire;1;5;17,75393;34;17,19535;0,0854792;-0,07740986;-0,03617692;-0,002374218;0,09449011
3;complexWire;1;5;17,76836;34;17,19535;0,1114459;-0,1031554;-0,0378845;-0,01854515;0,09999343
3;complexWire;1;5;17,78204;34;17,19535;0,1348868;-0,1252364;-0,03697947;-0,03380557;0,09989981
3;complexWire;1;5;17,79555;34;17,19535;0,1348868;-0,1252364;-0,03697947;-0,03380557;0,09971481
3;complexWire;1;5;17,80964;34;17,19535;0,1600315;-0,1507452;-0,0470283;-0,02596769;0,09959718
3;complexWire;1;5;17,82364;34;17,19535;0,1760791;-0,1679553;-0,0401905;-0,03434511;0,09947725
3;complexWire;1;5;17,83763;34;17,19535;0,1760791;-0,1679553;-0,0401905;-0,03434511;0,09921166
3;complexWire;1;5;17,85094;34;17,19535;0,06508065;0,03433562;0,05317108;-0,01514569;0,09842377
3;complexWire;1;5;17,86491;34;17,19535;0,09639505;0,03979676;0,06475817;-0,05928409;0,09750232
3;complexWire;1;5;17,87904;34;17,19535;0,09639505;0,03979676;0,06475817;-0,05928409;0,09663109
3;complexWire;1;5;17,89269;34;17,19535;0,1459378;0,04589005;0,03014857;-0,1352147;0,09583594
3;complexWire;1;5;17,90723;34;17,19535;0,1581063;0,04264316;0,01566831;-0,1514387;0,09502641
3;complexWire;1;5;17,92106;34;17,19535;0,1294761;0,03474274;0,0271012;-0,1217478;0,09842962
3;complexWire;1;5;17,93477;34;17,19535;0,1294761;0,03474274;0,0271012;-0,1217478;0,09758107
3;complexWire;1;5;17,94892;34;17,19535;0,1395147;0,03363303;0,04461841;-0,1278373;0,09655834
3;complexWire;1;5;17,96275;34;17,19535;0,1385425;0,0304284;0,0372739;-0,1299184;0,09550207
3;complexWire;1;5;17,97647;34;17,19535;0,1385425;0,0304284;0,0372739;-0,1299184;0,09454033
3;complexWire;1;5;17,99047;34;17,19535;0,1173719;0,02170059;0,006855303;-0,1151445;0,09469068
3;complexWire;1;5;18,00406;34;17,19535;0,07752731;0,0121269;-0,008882634;-0,07605604;0,09548358
3;complexWire;1;5;18,01831;34;17,19535;0,07752731;0,0121269;-0,008882634;-0,07605604;0,09619166
3;complexWire;1;5;18,03255;34;17,19535;0,06598552;0,0007191708;-0,0469684;-0,04634157;0,09694999
3;complexWire;1;5;18,04574;34;17,19535;0,06009532;-0,004013074;-0,05342773;-0,02721802;0,09314807
3;complexWire;1;5;18,05989;34;17,19535;0,06009532;-0,004013074;-0,05342773;-0,02721802;0,09379139
3;complexWire;1;5;18,07424;34;17,19535;0,05300039;-0,0258733;-0,010061;0,04514853;0,09336566
3;complexWire;1;5;18,0878;34;17,19535;0,07612831;-0,013333;0,02924078;0,06901252;0,0926541
3;complexWire;1;5;18,10205;34;17,19535;0,09967982;-0,01170406;0,04412473;0,08861202;0,09164402
3;complexWire;1;5;18,11603;34;17,19535;0,09967982;-0,01170406;0,04412473;0,08861202;0,09048717
3;complexWire;1;5;18,12959;34;17,19535;0,1892505;-0,02614724;0,08361908;0,1677496;0,09778405
3;complexWire;1;5;18,14395;34;17,19535;0,3154851;-0,03868248;0,100917;0,2963955;0,09788682
3;complexWire;1;5;18,15757;34;17,19535;0,3154851;-0,03868248;0,100917;0,2963955;0,09868767
3;complexWire;1;5;18,17134;34;17,19535;0,4468981;-0,05952475;0,2211224;0,3837702;0,09896991
3;complexWire;1;5;18,18509;34;17,19535;0,5177428;-0,05176464;0,3494125;0,3785353;0,109533
3;complexWire;1;5;18,19922;34;17,19535;0,5177428;-0,05176464;0,3494125;0,3785353;0,1116785
3;complexWire;1;5;18,21321;34;17,19535;1,016604;-0,05657252;0,8829523;0,5006779;0,1130262
3;complexWire;1;5;18,22704;34;17,19535;1,198728;-0,06122703;1,079071;0,5184636;0,0622606
3;complexWire;1;5;18,24135;34;17,19535;1,34646;-0,07673599;1,222867;0,5582676;0,0526823
3;complexWire;1;5;18,25498;34;17,19535;1,34646;-0,07673599;1,222867;0,5582676;0,1092704
3;complexWire;1;5;18,26903;34;17,19535;1,874654;-0,1792557;1,597619;0,9642655;0,06642024
3;complexWire;1;5;18,28307;34;17,19535;1,399412;-0,1488688;1,177703;0,7410843;0,06618099
3;complexWire;1;5;18,29793;34;17,19535;1,399412;-0,1488688;1,177703;0,7410843;0,07477254
3;complexWire;1;5;18,3119;34;17,19535;1,213646;-0,2501329;0,7165172;0,9470864;0,08738086
3;complexWire;1;5;18,33849;34;17,19535;0,5790654;0,006253079;0,4074259;0,4114386;0,09035514
3;complexWire;1;5;18,353;34;17,19535;0,3322789;0,003894776;0,1464148;0,2982563;0,09932434
3;complexWire;1;5;18,38036;34;17,19535;0,4890318;-0,06629395;0,323457;0,3607392;0,1076742
3;complexWire;1;5;18,40801;34;17,19535;0,5192698;-0,0750163;0,2238796;0,4624841;0,09900413
3;complexWire;1;5;18,43598;34;17,19535;0,6627297;-0,1701814;0,4583772;0,4473694;0,1019874
3;complexWire;1;5;18,45171;34;17,19535;0,3687155;-0,1067434;0,239219;0,2594826;0,0939847
3;complexWire;1;5;18,47725;34;17,19535;0,158591;-0,05405251;0,111263;0,09924708;0,09304421
3;complexWire;1;5;18,50525;34;17,19535;0,1149167;-0,04474913;0,08741456;0,05968308;0,1001123
3;complexWire;1;5;18,52165;34;17,19535;0,1536023;-0,01176075;0,1223173;0,09216186;0,09942772
3;complexWire;1;5;18,54692;34;17,19535;0,1915403;-0,04924884;0,1202615;0,1407104;0,09847877
3;complexWire;1;5;18,56317;34;17,19535;0,2090826;-0,06748055;0,1365006;0,1432812;0,09828206
3;complexWire;1;5;18,58859;34;17,19535;0,1644664;-0,04208186;0,1092222;0,1155371;0,09801991
3;complexWire;1;5;18,60456;34;17,19535;0,1834511;-0,03425546;0,1491883;0,1011124;0,09779152
3;complexWire;1;5;18,62965;34;17,19535;0,1726316;-0,02648981;0,1504512;0,08040132;0,09674916
3;complexWire;1;5;18,65824;34;17,19535;0,1420642;-0,01837279;0,1202306;0,07341172;0,1026908
3;complexWire;1;5;18,68609;34;17,19535;0,1769182;-0,02584742;0,1335586;0,1131109;0,1026333
3;complexWire;1;5;18,71402;34;17,19535;0,1153822;-0,01765485;0,0993649;0,05592829;0,0990992
3;complexWire;1;5;18,74171;34;17,19535;0,3116201;-0,05663767;0,257754;0,1657171;0,09985858
3;complexWire;1;5;18,75791;34;17,19535;0,3116201;-0,05663767;0,257754;0,1657171;0,1015145
3;complexWire;1;5;18,78334;34;17,19535;0,1596694;-0,0003075376;0,1515784;0,05018196;0,1039104
3;complexWire;1;5;18,79964;34;17,19535;0,1596694;-0,0003075376;0,1515784;0,05018196;0,1037689
3;complexWire;1;5;18,82498;34;17,19535;0,03968564;-0,001876283;0,03880143;0,008116574;0,103214
3;complexWire;1;5;18,85307;34;17,19535;0,09350057;-0,03803886;0,079761;-0,03055462;0,1024356
3;complexWire;1;5;18,88102;34;17,19535;0,5977876;-0,2563363;0,1105859;-0,5285949;0,09940796
3;complexWire;1;5;18,89726;34;17,19535;0,5977876;-0,2563363;0,1105859;-0,5285949;0,0993951
3;complexWire;1;5;18,92256;34;17,19535;0,2133254;-0,02410028;0,1710931;-0,1251162;0,0939447
3;complexWire;1;5;18,95056;34;17,19535;0,3819979;0,04910229;-0,06496727;-0,3732166;0,09404338
3;complexWire;1;5;18,97861;34;17,19535;0,538568;0,1071574;0,3042099;-0,431311;0,09447917
3;complexWire;1;5;19,00639;34;17,19535;1,509918;0,2470631;1,010904;-1,094022;0,06669348
3;complexWire;1;5;19,03472;34;17,19535;1,344727;0,09504977;1,103343;-0,7628189;0,1480922
3;complexWire;1;5;19,06218;34;17,19535;1,64138;0,2224669;1,088876;-1,207885;0,1639641
3;complexWire;1;5;19,09029;34;17,19535;0,8385606;0,1255764;0,5244774;-0,6421354;0,1507979
3;complexWire;1;5;19,11798;34;17,19535;0,5524436;0,1075628;0,3210242;-0,4365405;0,1253083
3;complexWire;1;5;19,14604;34;17,19535;0,4424486;0,09054931;0,3167831;-0,2953134;0,1260809
3;complexWire;1;5;19,17423;34;17,19535;0,3934377;0,0568187;0,3547267;-0,1604176;0,1233491
3;complexWire;1;5;19,20193;34;17,19535;0,2736705;0,0394274;0,2611589;0,07167308;0,1155822
3;complexWire;1;5;19,22978;34;17,19535;0,685929;-0,0262228;0,6731013;0,1294048;0,1145834
3;complexWire;1;5;19,25777;34;17,19535;0,8398288;-0,04469367;0,8384996;-0,01527329;0,08821227
3;complexWire;1;5;19,28538;34;17,19535;0,2999161;0,05087375;0,1237403;0,2684211;0,07605045
3;complexWire;1;5;19,3135;34;17,19535;0,5165092;-0,0955646;0,1917745;0,4699699;0,07254688
3;complexWire;1;5;19,34081;34;17,19535;0,4711668;-0,06579266;0,3060452;0,3521446;0,1309847
3;complexWire;1;5;19,36865;34;17,19535;0,5393641;-0,06437667;0,1015421;0,5257932;0,07550102
3;complexWire;1;5;19,39648;34;17,19535;0,6569898;-0,02499062;0,1281008;0,6438954;0,1144834
3;complexWire;1;5;19,42435;34;17,19535;0,970154;-0,253182;0,4081907;0,8428985;0,1274656
3;complexWire;1;5;19,45221;34;17,19535;0,8999717;-0,2274599;0,278346;0,8250663;0,126291
3;complexWire;1;5;19,48001;34;17,19535;0,3131911;-0,1257071;0,03639838;0,2845374;0,09405307
3;complexWire;1;5;19,50788;34;17,19535;0,2188934;-0,09639801;-0,05316573;0,1891961;0,09476563
3;complexWire;1;5;19,53567;34;17,19535;0,2990193;-0,04236997;-0,1930916;0,2243502;0,1017489
3;complexWire;1;5;19,5634;34;17,19535;0,5690793;0,01760061;-0,4527127;0,3443729;0,0988153
3;complexWire;1;5;19,59143;34;17,19535;0,6804192;0,01275956;-0,5508127;0,3992655;0,07160316
3;complexWire;1;5;19,61964;34;17,19535;1,211566;0,01446406;-0,9780092;0,714969;0,06381477
3;complexWire;1;5;19,6471;34;17,19535;1,32683;0,02721451;-1,122469;0,7069665;0,03429935
3;complexWire;1;5;19,67508;34;17,19535;2,114176;0,1745147;-2,057579;0,4534913;0,1311737
3;complexWire;1;5;19,703;34;17,19535;0,113114;0,1001012;-0,04348612;0,02972357;0,1213357
3;complexWire;1;5;19,73079;34;17,19535;0,006871224;-0,00588879;0,000995636;-0,003397733;0,1041277
3;complexWire;1;5;19,75885;34;17,19535;0,05838769;-0,05304104;0,005738497;-0,02372426;0,1038905
3;complexWire;1;5;19,78631;34;17,19535;0,07816554;0,06023264;-0,02773023;0,04138738;0,1044701
3;complexWire;1;5;19,81436;34;17,19535;0,2946516;0,1044669;-0,1622998;0,2226321;0,109074
3;complexWire;1;5;19,84212;34;17,19535;1,825608;0,680021;-1,000029;1,36761;0,1421465
3;complexWire;1;5;19,8701;34;17,19535;0,666384;0,2159869;0,02793193;0,6297913;0,1565923
3;complexWire;1;5;19,89759;34;17,19535;0,4918129;0,05146518;0,1238183;0,473181;0,1037451
3;complexWire;1;5;19,92593;34;17,19535;1,004161;-0,4742484;0,2247838;0,856096;0,1135112
3;complexWire;1;5;19,95366;34;17,19535;1,113011;-0,2823543;0,01656781;1,076473;0,1224132
3;complexWire;1;5;19,98121;34;17,19535;1,408785;-0,3597237;0,4055367;1,300313;0,1155738
3;complexWire;1;5;20,00893;34;17,19535;1,230792;-0,2872636;0,7585941;0,9256697;0,08673045
3;complexWire;1;5;20,03683;34;17,19535;0,7555264;-0,1550406;0,5904353;0,4451614;0,07301908
3;complexWire;1;5;20,0649;34;17,19535;0,7490475;-0,1544431;0,6090981;0,4076997;0,1094559
3;complexWire;1;5;20,09247;34;17,19535;1,321225;-0,2838296;1,055408;0,7424223;0,09753402
3;complexWire;1;5;20,12033;34;17,19535;0,4386179;0,2387145;0,3233638;0,1756043;0,1327286
3;complexWire;1;5;20,14864;34;17,19535;0,1203295;0,07797781;0,07989264;0,04489797;0,1094701
3;complexWire;1;5;20,1761;34;17,19535;0,09052281;-0,03596565;-0,08045623;0,02067962;0,110331
3;complexWire;1;5;20,20432;34;17,19535;0,137517;0,087256;0,08912322;0,05791689;0,1173178
3;complexWire;1;5;20,23165;34;17,19535;0,06746385;0,04111078;0,002371699;0,05343828;0,106112
3;complexWire;1;5;20,25967;34;17,19535;0,1099937;0,03242582;-0,03038333;0,1006182;0,1067941
3;complexWire;1;5;20,28775;34;17,19535;0,4756123;-0,1953046;0,0593821;0,4295777;0,1137027
3;complexWire;1;5;20,31545;34;17,19535;0,6535752;-0,04831406;-0,2825413;0,5873642;0,1185134
3;complexWire;1;5;20,34342;34;17,19535;0,1733976;0,06749631;-0,1260455;0,09809957;0,1202148
3;complexWire;1;5;20,37115;34;17,19535;0,2969146;0,09060178;-0,2578498;0,1160305;0,1118879
3;complexWire;1;5;20,39877;34;17,19535;0,4849312;0,09211278;-0,4400443;0,1817541;0,107055
3;complexWire;1;5;20,42702;34;17,19535;0,6999916;0,2521387;-0,6225098;0,1972204;0,1126137
3;complexWire;1;5;20,45444;34;17,19535;0,5408613;0,3191571;-0,4358027;0,02730739;0,1126063
3;complexWire;1;5;20,48273;34;17,19535;0,06769098;-0,04220513;0,05287147;-0,002324492;0,1125281
3;complexWire;1;5;20,51033;34;17,19535;0,01162204;-0,002302483;-0,01047808;-0,004469931;0,1125458
3;complexWire;1;5;20,53806;34;17,19535;0,01364019;0,007438809;-0,01132059;-0,001600981;0,1125852
3;complexWire;1;5;20,566;34;17,19535;0,009171341;0,004639089;-0,007793784;-0,00135988;0,1125732
3;complexWire;1;5;20,59399;34;17,19535;0,009350052;0,006831616;-0,004970431;0,004005909;0,1125606
3;complexWire;1;5;20,62153;34;17,19535;0,007265132;0,001630813;0,003694773;0,006039143;0,1125551
3;complexWire;1;5;20,64959;34;17,19535;0,03424967;0,001362175;0,02168143;0,02647829;0,1125442
3;complexWire;1;5;20,67752;34;17,19535;0,03511221;0,001684844;0,0220238;0,02729434;0,1125624
3;complexWire;1;5;20,70522;34;17,19535;0,01157895;0,0005601197;0,006320357;0,009685636;0,1125833
3;complexWire;1;5;20,73321;34;17,19535;0,03509919;0,0003900975;0,02439439;0,02523321;0,1126165
3;complexWire;1;5;20,76088;34;17,19535;0,01150659;-0,001267567;0,004618764;0,0104624;0,1126303
3;complexWire;1;5;20,78875;34;17,19535;0,0239547;0,006465524;0,01193511;0,01973772;0,1128138
3;complexWire;1;5;20,81667;34;17,19535;0,03138457;0,006640345;0,01155746;0,02841341;0,1129063
3;complexWire;1;5;20,8444;34;17,19535;0,009817117;0,006227583;-0,002094746;0,007294178;0,1129511
3;complexWire;1;5;20,87229;34;17,19535;0,05465806;0,02733655;-0,04069149;0,02417475;0,1132083
3;complexWire;1;5;20,90003;34;17,19535;0,03273841;0,02387824;-0,02134979;0,006769001;0,1134388
3;complexWire;1;5;20,92804;34;17,19535;0,05504477;0,04120477;-0,02377546;0,02769154;0,1136393
3;complexWire;1;5;20,95575;34;17,19535;0,08642008;0,04333798;-0,006365538;0,07449651;0,114389
3;complexWire;1;5;20,98384;34;17,19535;0,201065;0,1023016;-0,1309005;0,1132545;0,1162018
3;complexWire;1;5;21,01143;34;17,19535;1,372154;0,09620234;-1,251722;0,5538442;0,1241649
3;complexWire;1;5;21,03961;34;17,19535;0,380457;0,3295161;-0,1718922;0,08136171;0,1105929
3;complexWire;1;5;21,06727;34;17,19535;0,3117141;0,2635008;-0,1582086;0,05199069;0,1095535
3;complexWire;1;5;21,09527;34;17,19535;2,218566;0,6515675;-1,488217;1,510864;0,1281244
3;complexWire;1;5;21,12286;34;17,19535;0,5405356;0,4254138;-0,3330493;0,01673281;0,11452
3;complexWire;1;5;21,1511;34;17,19535;0,1374161;-0,114597;0,01977026;0,0732109;0,119858
3;complexWire;1;5;21,17853;34;17,19535;0,1572466;0,1538287;0,006789818;0,03189252;0,1105274
3;complexWire;1;5;21,20671;34;17,19535;0,1417935;0,1406733;0,005328134;-0,01697086;0,1100421
3;complexWire;1;5;21,23416;34;17,19535;0,1358298;0,1294497;0,002914056;-0,04103685;0,1095646
3;complexWire;1;5;21,26251;34;17,19535;0,1328209;0,1004655;-0,002079368;-0,08685489;0,109093
3;complexWire;1;5;21,28983;34;17,19535;0,1356848;0,08275411;-0,004096076;-0,1074492;0,1086364
3;complexWire;1;5;21,31826;34;17,19535;0,1405909;0,06347291;-0,006671652;-0,1252696;0,1081842
3;complexWire;1;5;21,34571;34;17,19535;0,1542987;0,02190481;-0,009222075;-0,1524572;0,107786
3;complexWire;1;5;21,37373;34;17,19535;0,1615696;0,0004282761;-0,008410186;-0,16135;0,1074366
3;complexWire;1;5;21,40109;34;17,19535;0,172185;-0,04127667;-0,005414173;-0,1670766;0,1071531
3;complexWire;1;5;21,42926;34;17,19535;0,1746598;-0,06038182;-0,003462002;-0,1638539;0,1068921
3;complexWire;1;5;21,45683;34;17,19535;0,1751338;-0,0779402;-0,0003836453;-0,1568344;0,1067231
3;complexWire;1;5;21,48511;34;17,19535;0,1689927;-0,1060103;0,004488558;-0,1315303;0,1066322
3;complexWire;1;5;21,51243;34;17,19535;0,16289;-0,1163001;0,005771503;-0,1139041;0,1066362
3;complexWire;1;5;21,54064;34;17,19535;0,1437096;-0,1243317;0,006186292;-0,07180406;0,1067465
3;complexWire;1;5;21,56824;34;17,19535;0,1340164;-0,1246732;0,005816877;-0,04881774;0,1069796
3;complexWire;1;5;21,59643;34;17,19535;0,1255217;-0,1231126;0,003424764;-0,02423358;0,1072898
3;complexWire;1;5;21,62384;34;17,19535;0,1148735;-0,1117262;-0,002885729;0,0265492;0,1076538
3;complexWire;1;5;21,65196;34;17,19535;0,1094654;-0,09812257;-0,005872831;0,04816792;0,1080593
3;complexWire;1;5;21,68006;34;17,19535;0,1158546;-0,06800897;-0,004623637;0,09367866;0,1083994
3;complexWire;1;5;21,70744;34;17,19535;0,1272234;-0,05388908;-0,008487701;0,1149335;0,1086208
3;complexWire;1;5;21,73565;34;17,19535;0,1374907;-0,03605812;-0,01041465;0,1322688;0,1088645
3;complexWire;1;5;21,76334;34;17,19535;0,1568819;0,002458751;-0,01137622;0,1564496;0,1091021
3;complexWire;1;5;21,79113;34;17,19535;0,1649214;0,02164776;-0,01077552;0,163139;0,1093077
3;complexWire;1;5;21,81895;34;17,19535;0,1709477;0,04042746;-0,008037448;0,165904;0,1095009
3;complexWire;1;5;21,8465;34;17,19535;0,1761727;0,07320797;-0,001562893;0,1602342;0,109634
3;complexWire;1;5;21,87448;34;17,19535;0,1748978;0,08653869;0,001400411;0,1519814;0,1097239
3;complexWire;1;5;21,90226;34;17,19535;0,1639209;0,1063171;0,007261753;0,1245552;0,109762
3;complexWire;1;5;21,9304;34;17,19535;0,154765;0,1123421;0,009239584;0,1060475;0,109735
3;complexWire;1;5;21,95841;34;17,19535;0,1441502;0,1157424;0,009181723;0,08543229;0,1096807
3;complexWire;1;5;21,98593;34;17,19535;0,1211257;0,1147305;0,005787179;0,03840393;0,1095922
3;complexWire;1;5;22,01386;34;17,19535;0,1116766;0,1108939;0,002638742;0,01293206;0,1094868
3;complexWire;1;5;22,04188;34;17,19535;0,1029072;0,09567909;-0,006300867;-0,037359;0,109383
3;complexWire;1;5;22,06933;34;17,19535;0,1042962;0,08403397;-0,01100601;-0,0607853;0,1092932
3;complexWire;1;5;22,09742;34;17,19535;0,109368;0,07009106;-0,01438813;-0,08271382;0,1092456
3;complexWire;1;5;22,12518;34;17,19535;0,1245787;0,03427194;-0,01612981;-0,1186808;0,1092079
3;complexWire;1;5;22,15326;34;17,19535;0,1342602;0,0147025;-0,0127427;-0,132843;0,1090494
3;complexWire;1;5;22,18106;34;17,19535;0,007393089;-0,001522325;0,001411116;0,007095706;0,1087855
3;complexWire;1;5;22,2087;34;17,19535;0,0237178;-0,01461759;-0,0007899543;0,01866109;0,1086459
3;complexWire;1;5;22,23637;34;17,19535;0,02411637;-0,02024571;-0,007262185;0,01090741;0,1088131
3;complexWire;1;5;22,2642;34;17,19535;0,03956656;-0,01324407;-0,02627978;0,02644769;0,1093491
3;complexWire;1;5;22,29234;34;17,19535;0,04036699;-0,01306664;-0,02438387;0,029397;0,1102393
3;complexWire;1;5;22,32005;34;17,19535;0,03717991;-0,0119767;-0,02252571;0,0270462;0,1110656
3;complexWire;1;5;22,34778;34;17,19535;0,03783768;-0,01492803;-0,0229656;0,02610413;0,1118696
3;complexWire;1;5;22,37605;34;17,19535;0,03642596;-0,01349371;-0,02139402;0,02621195;0,1126683
3;complexWire;1;5;22,40348;34;17,19535;0,03584804;-0,01177904;-0,02123201;0,02637305;0,1134208
3;complexWire;1;5;22,43149;34;17,19535;0,03918109;-0,01180496;-0,02338265;0,02913851;0,1142431
3;complexWire;1;5;22,45948;34;17,19535;0,04719222;-0,01267539;-0,02751398;0,03618591;0,1152433
3;complexWire;1;5;22,48736;34;17,19535;0,08606079;-0,02603184;-0,04956289;0,06536301;0,1134367
3;complexWire;1;5;22,51506;34;17,19535;0,3023341;-0,1241597;-0,106869;0,2541048;0,1168266
3;complexWire;1;5;22,54268;34;17,19535;0,7937362;-0,2708915;-0,39653;0,6319801;0,1244602
3;complexWire;1;5;22,57054;34;17,19535;0,8833917;-0,3435089;-0,4399443;0,6847128;0,1254735
3;complexWire;1;5;22,58714;34;17,19535;2,299708;-0,9649549;-1,192379;1,713403;0,124253
3;complexWire;1;5;22,61421;34;17,19535;3,912081;-0,2879127;-2,101784;3,286942;0,1880058
3;complexWire;1;5;22,629;34;17,19535;2,030531;1,16331;-1,094882;1,253395;0,1336271
