participantNumber
9
repetitionNum
2
sdfEnabled
1
taskTime
24,92222
numHits
4
positionDifference
0,1490116
angleDifference
125,1458
finalPosX
-0,02308704
finalPosY
-0,03248136
finalPosZ
0,836394
finalRotX
297,8057
finalRotY
176,9205
finalRotZ
131,1684
taskType
easyWire
velocityMagnitude
0,4738586
0,4738586
1,13948
0,6134858
0,6134858
1,127777
0,5354386
0,4447169
0,4447169
0,7227632
0,3620719
0,3620719
0,8122729
0,6122676
0,6122676
0,5901976
0,1182247
0,1832809
0,1832809
0,4287392
0,293301
0,293301
0,4685788
0,4289155
0,4289155
0,6071441
0,4092515
0,250268
0,250268
0,1380924
0,1380924
0,5236049
0,4036329
0,5273679
0,2734814
0,08972621
0,0583166
0,0583166
0,1032812
0,1032812
0,06495284
0,06495284
0,15869
0,03512336
0,07528682
0,1284503
0,2712522
0,4082825
0,4097157
0,1873938
0,1644714
0,1342847
0,2487034
0,3039231
0,2495038
0,2773811
0,2835027
0,2269835
0,3317817
0,3543791
0,2196662
0,1511687
0,1725995
0,1167037
0,2156472
0,1818801
0,2451833
0,0981916
0,2175161
0,2563847
0,2151132
0,1176834
0,1003224
0,2384789
0,1652437
0,1917749
0,1750345
0,2785323
0,3656269
0,2392447
0,2746296
0,2683351
0,1798322
0,2208559
0,115241
0,09928776
0,1376259
0,1047315
0,2725146
0,1237239
0,06056174
0,1165791
0,07698048
0,09653039
0,0916146
0,1268038
0,07818874
0,06190484
0,2149572
0,1021119
0,06087624
0,104238
0,08877525
0,1817493
0,06138713
0,1536534
0,2420515
0,09617524
0,2519904
0,1452412
0,1654539
0,3816887
0,09630667
0,1068452
0,1512927
0,108015
0,2998057
0,1075692
0,3814234
0,4076056
0,0608626
0,2073526
0,05596177
0,257102
0,3115784
0,01949501
0,09593952
0,1032109
0,3797523
0,3061422
0,144797
0,1273308
0,2171675
0,08761562
0,3571898
0,4714582
0,3059869
0,08558896
0,06440059
0,2316942
0,2849728
0,2295897
0,2059681
0,2352272
0,3510737
0,1655399
0,1635545
0,2817547
0,2510296
0,2451628
0,06054994
0,05220123
0,07040007
0,04812734
0,01500609
0,02572953
0,05038545
0,048071
0,04658798
0,3636835
0,08952715
0,1960586
0,202698
0,1333008
0,4113911
0,2629075
0,2857333
0,1502484
0,1502484
0,2383936
0,2383936
0,1158046
0,09967054
0,09967054
0,1334698
0,1159023
0,1071724
0,1490194
0,1490194
0,08469651
0,108144
0,1523976
0,2032861
0,1085771
0,1085771
0,06842574
0,07429767
0,07429767
0,2580679
0,1781992
0,03988284
0,03988284
0,1048423
0,1048423
0,1569639
0,2949485
0,3740153
0,2694142
0,2694142
0,04858428
0,04858428
0,186029
0,1420824
0,027146
0,027146
0,09151988
0,09848922
0,2843253
0,2896732
0,09697844
0,01452221
0,0108722
0,0108722
0,2107672
0,2108058
0,2108058
0,3553282
0,2944482
0,2944482
0,4137508
0,4353154
0,4353154
0,581679
0,4756081
0,2097782
0,2097782
0,1325009
0,0855084
0,0855084
0,09404257
0,03094485
0,03094485
0,3114684
0,3368956
0,3521275
0,3521275
0,5042147
0,3123311
0,3123311
0,1206477
0,1393647
0,1393647
0,3378236
0,324983
0,3769758
0,3769758
0,1654563
0,1809279
0,1809279
0,2443205
0,2251624
0,2251624
0,4811527
0,4750414
0,4750414
0,4199355
0,2169961
0,08925606
0,08925606
0,3710302
0,2639984
0,2639984
0,3239639
0,3000464
0,3000464
0,3989256
0,2820382
0,1800054
0,1800054
0,3056664
0,4227001
0,4227001
0,7404939
0,3646574
0,3646574
0,05041116
0,06771598
0,06771598
0,07413202
0,08115111
0,1013305
0,1013305
0,1393511
0,1531964
0,1531964
0,2842526
0,2939953
0,2939953
0,2379123
0,2508545
0,235757
0,235757
0,1972836
0,09842575
0,09842575
0,4264931
0,2262091
0,2262091
0,1973472
0,07639458
0,1410418
0,1410418
0,4590791
0,3742072
0,3742072
0,08635876
0,17801
0,17801
0,2698705
0,2761563
0,2761563
0,2611436
0,2258482
0,1578587
0,1578587
0,1572224
0,2873508
0,2873508
0,3759888
0,6030931
0,6030931
0,7186142
0,4044831
0,1265513
0,1265513
0,2075767
0,1942112
0,1942112
0,2890717
0,3551643
0,3551643
0,221777
0,07451012
0,07451012
0,1104007
0,1560855
0,173057
0,173057
0,08113248
0,09846549
0,09846549
0,1184999
0,1000979
0,1000979
0,5092416
0,3212017
0,03851712
0,03851712
0,3633527
0,2142951
0,2142951
0,259357
0,1797669
0,1797669
0,1768729
0,08115771
0,0571915
0,0571915
0,2598717
0,1973632
0,2038414
0,1876507
0,1876507
0,07256716
0,390751
0,4485694
0,3906036
0,2356487
0,2356487
0,04553721
0,04553721
0,2544406
0,3309945
0,2670463
0,2166682
0,1161647
0,08863004
0,1210597
0,1210597
0,159724
0,159724
0,2323129
0,1761657
0,2603052
0,2917967
0,248864
0,2303881
0,2764599
0,2634689
0,2228339
0,1720955
0,1820864
0,2048468
0,2233322
0,3135961
0,3966281
0,368138
0,2753511
0,2642938
0,08276333
0,1851994
0,3202707
0,1270763
0,1231544
0,1250133
0,2296647
0,1924527
0,09184594
0,2658748
0,2221048
0,152436
0,1394071
0,1705788
0,1442895
0,02686856
0,06801968
0,1545448
0,1215244
0,1062949
0,1611691
0,126476
0,0983969
0,1399506
0,1285385
0,1798844
0,05230533
0,25881
0,1657156
0,2626377
0,1526412
0,03898591
0,1758719
0,1733319
0,05677396
0,1704414
0,08405488
0,202717
0,09594048
0,144894
0,09878539
0,2290032
0,1482667
0,1000862
0,2403671
0,2030905
0,1426629
0,03737631
0,2986509
0,1591152
0,1043245
0,05824959
0,1363642
0,07794342
0,1003931
0,1233534
0,1764494
0,08075427
0,2089035
0,07743209
0,07283431
0,07841408
0,2644222
0,1360634
0,152379
0,1461101
0,1962632
0,286906
0,2607326
0,2067086
0,3043473
0,3775229
0,2283387
0,16977
0,1426685
0,1848492
0,09459305
0,2974349
0,3039246
0,3750088
0,1311825
0,4448746
0,04126306
0,3292281
0,1015534
0,1635755
0,1538031
0,1378191
0,1986252
0,05672173
0,2340176
0,1249126
0,1528975
0,1944354
0,2092131
0,1922151
0,3298004
0,09249311
0,3613539
0,178464
0,3376617
0,05617967
0,2688212
0,2013978
0,4689605
0,1784745
0,172162
0,1389326
0,3126719
0,3131798
0,1039782
0,04926741
0,04289642
0,09894349
0,0607098
0,06475786
0,2324475
0,175249
0,142574
0,1430142
0,09468538
0,3042559
0,1663229
0,237507
0,3144707
0,152494
0,1641172
0,2271308
0,28216
0,1914853
0,2127208
0,2163257
0,2818509
0,2150254
0,2150254
0,2158053
0,1513518
0,1513518
0,2909704
0,1469706
0,1469706
0,07936879
0,07936879
0,1641907
0,2252026
0,1751292
0,08103927
0,08103927
0,1335325
0,1253614
0,15693
0,208576
0,208576
0,1944819
0,1502325
0,1469414
0,1469414
0,1773402
0,1165945
0,1165945
0,1443658
0,1506933
0,1730636
0,1333342
0,07224186
0,07224186
0,04853711
0,08213522
0,08213522
0,2861865
0,2581088
0,2581088
0,131667
0,02797268
0,01452086
0,01452086
0,2851331
0,3786689
0,3786689
0,3733281
0,1691738
0,1691738
0,09360534
0,08703327
0,08703327
0,05842342
0,1812102
0,2099991
0,2099991
0,1143975
0,05207449
0,05207449
0,1333584
0,1047598
0,1047598
0,3243209
0,2465129
0,08751249
0,08751249
0,08822695
0,1000951
0,1000951
0,3827139
0,3982322
0,3982322
0,3531262
0,06333764
0,1347286
0,1347286
0,293495
0,1726195
0,1726195
0,1937171
0,218064
0,218064
0,07457691
0,04996875
0,04996875
0,05712163
0,0797282
0,1090084
0,1090084
0,06444944
0,0963616
0,0963616
0,1285885
0,008506265
0,008506265
0,1947517
0,1639157
0,08821025
0,08821025
0,0785943
0,07783792
0,07783792
0,1741126
0,1425919
0,1425919
0,1268196
0,1210703
0,1210703
0,2956612
0,2432022
0,1407779
0,1407779
0,174152
0,1859681
0,1859681
0,1795484
0,2089976
0,2089976
0,0994411
0,08070543
0,2149712
0,2149712
0,223791
0,1246133
0,1246133
0,4053001
0,2494109
0,2494109
0,1316944
0,3369711
0,3369711
0,3570535
0,2121831
0,2412841
0,2412841
0,4214923
0,2141067
0,2141067
0,3482424
0,2980374
0,2980374
0,1177184
0,08928757
0,104341
0,104341
0,1665276
0,1400973
0,1400973
0,09891381
0,08638658
0,08638658
0,2978535
0,3496147
0,3266687
0,3266687
0,303859
0,1667056
0,1667056
0,1467363
0,1264352
0,1264352
0,09233946
0,03574032
0,03574032
0,04299048
0,05500747
0,05612062
0,05612062
0,05523735
0,06718795
0,06718795
0,09893714
0,1213246
0,1213246
0,2216299
0,1033342
0,06530723
0,06530723
0,1150017
0,1215361
0,1215361
0,2393647
0,2797771
0,2797771
0,1448424
0,02779204
0,02779204
0,1274409
0,1430821
0,1672746
0,1672746
0,2872169
0,2314806
0,2314806
0,1242248
0,0779449
0,0779449
0,01304596
0,03671828
0,04231198
0,04231198
0,1167083
0,1267986
0,1267986
0,1113303
0,1119258
0,1119258
0,07102828
0,09347661
0,09347661
0,02807486
0,02784194
0,1423187
0,1423187
0,2474657
0,2563078
0,2563078
0,2343779
0,07284655
0,07284655
0,1365536
0,1018772
0,1029795
0,1029795
0,063577
0,2138528
0,2138528
0,4148273
0,2451298
0,2451298
0,0983155
0,07924484
0,07924484
0,11539
0,2562752
0,2900932
0,2900932
0,1762961
0,08577385
0,08577385
0,05740133
0,05539634
0,2287292
0,2635309
0,2108991
0,2108991
0,1230998
0,1016212
0,1362831
0,1649889
0,1649889
0,109447
0,109447
0,08675266
0,1529381
0,2039605
0,2711836
0,1861291
0,1861291
0,09877045
0,09877045
0,1607177
0,1697267
0,1040109
0,06515076
0,1096554
0,1561087
0,219077
0,219077
0,2315152
0,1572353
0,1793015
0,3286608
0,3776911
0,2323209
0,259396
0,2172957
0,3337268
0,1830358
0,2659224
0,2935591
0,4270305
0,2816611
0,1826848
0,1738943
0,1312638
0,1962043
0,252369
0,1948651
0,1356639
0,09767251
0,1987467
0,2096538
0,1108752
0,1799859
0,1734061
0,1144595
0,2146801
0,1198189
0,1057948
0,1449388
0,07577338
0,07481894
0,06123858
0,1055452
0,1390649
0,08539923
0,08736897
0,09595877
0,1066832
0,05651311
0,06192477
0,09689566
0,08135471
0,05696586
0,1209025
0,1389386
0,1488335
0,06261916
0,02024131
0,1094061
0,06444162
0,08279058
0,02377141
0,0296363
0,03802396
0,05732233
0,1173454
0,1023684
0,0948621
0,1217275
0,1068316
0,03968238
0,05622424
0,07656147
0,06886231
0,03971769
0,09664616
0,1528866
0,1070753
0,08625703
0,1357757
0,1887558
0,1400481
0,2063341
0,3150475
0,1539102
0,163054
0,1858577
0,2297899
0,07613201
0,1949226
0,1034712
0,1115705
0,1604586
0,4154642
0,2625312
0,2604436
0,03588473
0,1295052
0,1581682
0,2885692
0,07924955
0,1640823
0,17783
0,2971722
0,0832421
0,1036074
0,2156775
0,2887118
0,07356415
0,4840128
0,3168507
0,1076322
0,08086842
0,6276782
0,6282689
0,3048543
0,165449
0,2017347
0,07924274
0,1438932
0,2501778
0,3537187
0,2162286
0,1030484
0,1706575
0,1649781
0,09099507
0,1102091
0,07153721
0,3134183
0,1409144
0,06152488
0,1292973
0,05560722
0,1572148
0,02752781
0,2387604
0,2098139
0,09223838
0,1910067
0,1057096
0,2979021
0,3692886
0,3495595
0,1940977
0,1308289
0,08926803
0,2726884
0,1965438
0,07491076
0,03996854
0,2314912
0,251765
0,1113507
0,07869958
0,322079
0,2106345
0,1059145
0,1176826
0,2689759
0,1516541
0,09338095
0,05894775
0,1265575
0,1670249
0,1670249
0,0689769
0,10266
0,2009045
0,1996644
0,106881
0,09673274
0,0797707
0,1257907
0,1578253
0,1473573
0,1277684
0,1031877
0,09433468
0,1269393
0,1899772
0,2209379
0,2209379
0,1368828
0,1368828
0,2807119
0,2137928
0,08574712
0,07438656
0,1978011
0,1978011
0,3057061
0,2476017
0,1302651
0,07608923
0,07608923
0,1936131
0,1996717
0,229063
0,229063
0,315086
0,1634004
0,1634004
0,04398701
0,03294428
0,03294428
0,1766833
0,2705298
0,2705298
0,3355163
0,1800505
0,01313516
0,01313516
0,03183607
0,07032396
0,07032396
0,2960509
0,2721255
0,2721255
0,1647401
0,05438369
0,07656015
0,07656015
0,04382785
0,04710633
0,04710633
0,1487492
0,1049629
0,1049629
0,08628504
0,09823599
0,06754229
0,06754229
0,125308
0,1061668
0,1061668
0,1755755
0,1890685
0,1890685
0,1160821
0,03001787
0,03001787
0,1730271
0,08007108
0,2134306
0,2134306
0,4085666
0,2106438
0,006779151
0,2767102
0,1990119
0,1990119
0,1904718
0,1642134
0,1642134
0,07552976
0,0195374
0,02197434
0,02197434
0,2434106
0,2668836
0,2668836
0,1609713
0,05910088
0,05910088
0,09484803
0,1573175
0,1990346
0,1990346
0,1577078
0,06172384
0,06172384
0,02939134
0,06540485
0,06540485
0,1256247
0,09940209
0,06349172
0,06349172
0,07981213
0,07359526
0,07359526
0,09414536
0,06073237
0,06073237
0,07572823
0,1020785
0,1020785
0,1489389
0,1273848
0,09352425
0,09352425
0,01182656
0,06788576
0,06788576
0,122904
0,1158502
0,1158502
0,1442428
0,09529271
0,09529271
0,03779666
0,05888963
0,159265
0,159265
0,2937765
0,1696551
0,1696551
0,05640376
0,04704753
0,04704753
0,1091809
0,1405862
0,1225569
0,1225569
0,04018997
0,08977329
0,08977329
0,1146049
0,07882019
0,07882019
0,1021841
0,05448413
0,02160133
0,02160133
0,1595836
0,1533872
0,1533872
0,1446641
0,1551376
0,1551376
0,07911827
0,01909021
0,01909021
0,08917584
0,09943188
0,1131342
0,1131342
0,09906921
0,02142908
0,02142908
0,1361808
0,1561006
0,1561006
0,08288921
0,01588745
0,007867061
0,007867061
0,1112615
0,1630825
0,1630825
0,1622722
0,05015129
0,05015129
0,0289189
0,03687692
0,03687692
0,1085934
0,1334986
0,1422947
0,1422947
0,089237
0,05507657
0,05507657
0,08842292
0,1479612
0,1479612
0,1192971
0,08271752
0,06429012
0,06429012
0,09321675
0,1181987
0,1181987
0,2017246
0,1007113
0,1007113
0,07728929
0,06349704
0,06162025
0,06162025
0,08176849
0,08014555
0,08014555
0,06491759
0,06073619
0,06073619
0,07642719
0,08623984
0,08623984
0,1082286
0,09434
0,07594153
0,07594153
0,06085371
0,07146162
0,07146162
0,1173806
0,08874325
0,08874325
0,04827413
0,03012716
0,04283461
0,04283461
0,1673206
0,08682234
0,08682234
0,04286353
0,07117306
0,07117306
0,1610598
0,1539665
0,1539665
0,1391556
0,1607509
0,1798767
0,1798767
0,1617348
0,137225
0,137225
0,07301129
0,06526218
0,06526218
0,0955549
0,05776063
0,03514948
0,03514948
0,1242386
0,08635221
0,08635221
0,05625951
0,04536171
0,04536171
0,0382711
0,03927146
0,05711025
0,05711025
0,06510931
0,06570783
0,06151378
0,06151378
0,05704228
0,05151416
0,05553304
0,05553304
0,0749213
0,05446751
0,05446751
0,05416127
0,0433214
0,05102657
0,05102657
0,05881528
0,03198934
0,03198934
0,04822277
0,04406125
0,09673469
0,1157709
0,07933427
0,07933427
0,03518174
0,08789671
0,08789671
0,130759
0,0952004
0,0952004
0,08564151
0,03456511
0,07128806
0,07128806
0,06122318
0,05815706
0,05815706
0,1049797
0,1015584
0,1015584
0,1038332
0,1165979
0,1165979
0,09313881
0,05745164
0,05769676
0,05769676
0,0896365
0,117848
0,117848
0,1152387
0,0539644
0,0539644
0,06330764
0,06883226
0,07688285
0,1063973
0,1329369
0,1329369
0,1102101
0,08228609
0,08228609
0,09026075
0,1382873
0,172261
0,1587975
0,119904
0,119904
0,1062129
0,1419672
0,1419672
0,2014495
0,1823646
0,1395877
0,1132818
0,1164185
0,1164185
0,1705123
0,1705123
0,1611866
0,1744149
0,1549
0,2248423
0,2380689
0,2413575
0,2368773
0,2368773
0,1676619
0,1878558
0,2620226
velocityComponents
-0,03760501
0,4490517
0,1465619
-0,03760501
0,4490517
0,1465619
-0,3257503
1,052322
-0,2914071
-0,1759314
0,5581141
-0,1841784
-0,1759314
0,5581141
-0,1841784
-0,1029206
1,100964
0,2217352
0,07952983
0,2924748
0,4413933
0,04832204
0,2645135
0,3542185
0,04832204
0,2645135
0,3542185
-0,09009504
0,6811731
0,2242158
-0,1153732
0,3357696
-0,07102022
-0,1153732
0,3357696
-0,07102022
-0,1896761
0,7885017
-0,04555585
-0,042736
0,5997968
0,1152781
-0,042736
0,5997968
0,1152781
-0,0931478
0,5710026
0,1166736
-0,03933689
0,0109682
0,1109477
-0,01362243
-0,08540356
0,1615938
-0,01362243
-0,08540356
0,1615938
0,04508271
-0,001268985
0,4263604
0,0224473
0,08813042
0,2788451
0,0224473
0,08813042
0,2788451
-0,06333993
0,4470727
0,1252206
-0,09032486
0,4191777
-0,01000099
-0,09032486
0,4191777
-0,01000099
-0,06185054
0,5835612
0,1557395
0,002633269
0,3291954
0,243126
0,02323199
0,089358
0,2326144
0,02323199
0,089358
0,2326144
-0,02493537
0,1274251
0,0470168
-0,02493537
0,1274251
0,0470168
-0,1229098
0,5084362
-0,02340691
-0,0001979516
0,3553674
0,1913988
0,01926621
0,4350061
0,2975154
0,02395814
0,1802059
0,2043133
-0,002321308
0,02848342
0,0850535
-0,01614487
0,05442338
0,01335158
-0,01614487
0,05442338
0,01335158
-0,0275441
0,09952365
-0,001836985
-0,0275441
0,09952365
-0,001836985
-0,006295939
0,04580003
0,04562445
-0,006295939
0,04580003
0,04562445
0,03649145
-0,06220823
0,1413542
-0,01146588
0,02684022
0,01953935
-0,03002639
0,06901995
-0,001663662
-0,02474413
0,1105673
0,06051531
0,05067707
0,01030918
0,2662767
0,1010351
-0,1815883
0,3514431
0,09477101
-0,1614524
0,3644427
0,01580428
0,1092284
0,1514457
0,004288249
0,1192548
0,1131845
0,02338389
0,07160953
0,1111649
0,04782649
0,1218155
0,2114876
0,06836534
0,06921223
0,2879325
0,05609526
0,06051091
0,2354653
0,0566466
0,1017183
0,2517635
0,04998151
0,1534817
0,2330644
0,04499021
0,1089552
0,1939747
0,07684945
0,1513904
0,2850513
0,08224956
0,1529875
0,3088922
0,05055967
0,08553009
0,1959121
0,02350111
0,08609333
0,1220148
0,01584116
0,1229358
0,1201101
0,009592824
0,08528058
0,0790882
0,02556398
0,1428964
0,1594704
0,02612856
0,1187045
0,135303
0,02251007
0,1812851
0,1635354
0,01178209
0,06113177
0,07593206
0,008569614
0,1777338
0,125102
-0,01814039
0,2478264
0,06313547
-0,0165778
0,2083742
0,0507843
-0,005062216
0,1094819
0,04286586
0,01614013
0,01736709
0,09748057
0,04043063
0,06796624
0,2249848
0,01459306
0,1061858
0,1257661
0,00117177
0,1521149
0,1167789
0,001133313
0,1445219
0,09873801
0,04450892
0,09858695
0,2566706
0,07617546
0,04542049
0,3547074
0,04201756
0,07502639
0,2232568
0,006305611
0,2163153
0,1690838
-0,01716347
0,2509497
0,09345254
0,009531671
0,1370426
0,1160521
0,03622758
0,09065866
0,1981058
0,01195724
0,07193018
0,08923878
0,005368328
0,07094488
0,06925362
0,0170708
0,07647058
0,1131447
0,01347699
0,0618168
0,08346106
0,0286648
0,1644844
0,2153773
0,01981641
0,03938552
0,1156014
0,001424809
0,02535042
0,05498227
0,0005408533
0,06570858
0,0962953
0,00326865
0,0360422
0,06794313
0,002552866
0,04574221
0,08496616
0,01249294
0,01412914
0,08965227
0,01934308
-0,0239315
0,1230135
-0,004650898
0,04946017
0,06037831
0,00098069
0,03198554
0,0529922
0,03104218
0,02071159
0,2116932
0,01538073
-0,01944976
0,09905542
-0,01512159
0,0335272
0,0485096
-0,01116513
0,05226865
0,0894924
-0,002789207
0,05822473
0,06695629
0,01883834
0,003803363
0,1807304
-0,0002734656
0,01725329
0,05891204
0,01537566
-0,008237964
0,15266
0,02979325
0,009280595
0,2400316
-0,01014059
0,08154193
0,04997759
-0,07464683
0,2208159
-0,09574624
-0,02978126
0,1241761
0,06919798
0,03272412
-0,04731428
0,1551305
0,07373929
-0,1720841
0,3326196
0,01528825
-0,04891444
0,08153907
-0,04445459
0,0538218
-0,08088824
-0,05796732
0,1279169
-0,05627196
0,01464765
-0,02305744
0,1045038
0,0415647
-0,1559559
0,2526531
0,01452874
-0,03700699
0,0999526
0,05991634
-0,1479075
0,346435
0,06437726
-0,137517
0,3782683
0,002818251
-0,02081433
0,05712335
-0,06585979
0,1485763
-0,1287737
-0,01695015
0,05278211
0,007645916
0,03307525
-0,1708458
0,1892596
0,04037053
-0,2233705
0,2134408
-0,01019196
-0,01000209
0,01327168
-0,04394349
0,07966915
-0,03043335
0,009570933
-0,0782605
0,06660464
0,04747634
-0,2993049
0,2288545
0,03111402
-0,2255273
0,2046762
0,01480489
-0,08970648
0,112693
-0,01173306
-0,1243885
0,02455557
-0,06054215
-0,08708441
-0,1895064
-0,03730371
0,0002166899
-0,07927726
0,03974834
-0,1434169
0,3247094
0,07607765
-0,1663184
0,4345379
0,03094314
-0,1956603
0,2332114
-0,0355319
-0,05807048
-0,05187267
-0,02617231
-0,04936431
-0,03202518
0,009382006
-0,1873814
0,13595
0,0247299
-0,2435797
0,1458317
-3,262419E-05
-0,2193825
0,06769598
-0,002992487
-0,1895934
0,08042531
0,01625633
-0,1962648
0,1286379
0,01160416
-0,323846
0,1350625
-0,01092172
-0,1651562
-0,002756824
-0,0134758
-0,1629965
-0,0007851276
-0,01054416
-0,269164
0,08261506
0,0009496154
-0,2261867
0,1088786
-0,01204715
-0,2421382
0,03645231
-0,02304306
-0,05513131
-0,00979037
-0,01602052
-0,04492547
0,02121354
-0,01635418
-0,05327679
0,04301505
-0,02331744
-0,03527047
0,02298982
-0,01237572
-0,007869393
-0,003177571
-0,007578078
-0,0239791
0,005439154
-0,01634247
-0,02285847
0,04182233
-0,02546616
-0,01253498
0,03879652
-0,02703623
-0,0230166
0,03016154
0,01247488
-0,3551334
0,07739723
-0,0129159
-0,06548116
0,05967
0,007614007
-0,1861246
0,06114433
0,0097326
-0,1874676
0,07646997
-0,01856023
-0,07184064
0,1107409
0,0206228
-0,3885167
0,1336868
0,01210866
-0,247919
0,0866596
0,01391032
-0,2640997
0,1081729
0,007772872
-0,1375123
0,06003776
0,007772872
-0,1375123
0,06003776
0,01014016
-0,2256134
0,07633662
0,01014016
-0,2256134
0,07633662
-0,002055009
-0,1157861
-0,0002554678
-0,0009569187
-0,09916554
0,009974791
-0,0009569187
-0,09916554
0,009974791
0,003155641
-0,1162912
0,06542621
0,001123139
-0,1028681
0,05338769
-0,001387369
-0,09376692
0,05188219
-0,006042474
-0,1279829
0,0760962
-0,006042474
-0,1279829
0,0760962
-0,01155975
-0,03472265
0,07638199
-0,005609629
-0,008102978
0,107694
0,001201702
-0,0210368
0,1509338
-0,003100204
-0,063578
0,1930634
-0,009443541
-0,0429576
0,09926959
-0,009443541
-0,0429576
0,09926959
-0,02676564
-0,06168468
-0,01267607
-0,02848874
0,01199671
-0,06756192
-0,02848874
0,01199671
-0,06756192
-0,03667099
0,2232837
-0,1240913
-0,02739095
0,1588753
-0,07591656
-0,01005679
-0,03686135
-0,0114343
-0,01005679
-0,03686135
-0,0114343
0,00383513
-0,1017651
0,02492111
0,00383513
-0,1017651
0,02492111
-0,02407469
0,02978223
-0,1522205
-0,04347888
0,1941626
-0,217727
-0,0590662
0,2512041
-0,2707307
-0,05095355
0,139202
-0,2249679
-0,05095355
0,139202
-0,2249679
-0,01440175
-0,02259911
-0,04052532
-0,01440175
-0,02259911
-0,04052532
-0,001433822
-0,1600461
0,09481546
-0,0001367318
-0,1089391
0,09121222
-0,01051803
-0,007582148
0,02384926
-0,01051803
-0,007582148
0,02384926
-0,02779058
0,06371104
-0,0595355
-0,01042313
-0,05679261
0,07978775
0,009237964
-0,2124996
0,1886782
0,01589973
-0,2117893
0,1969849
0,003504186
-0,06925201
0,06779896
-0,01013552
0,003452901
0,009810369
-0,004851899
-0,005289758
0,00816592
-0,004851899
-0,005289758
0,00816592
0,001878487
-0,1501503
0,1478991
0,006853126
-0,1789446
0,1112247
0,006853126
-0,1789446
0,1112247
0,01054929
-0,3348944
0,1182902
0,007392525
-0,2859754
0,06973659
0,007392525
-0,2859754
0,06973659
0,02432544
-0,3446445
0,227636
0,03031608
-0,3464097
0,2618792
0,03031608
-0,3464097
0,2618792
0,03747281
-0,4616854
0,351842
0,02981306
-0,3985973
0,2577488
0,007783104
-0,1974399
0,07045446
0,007783104
-0,1974399
0,07045446
-0,005111847
-0,1323946
-0,001420707
-0,006148337
-0,08477996
-0,009286723
-0,006148337
-0,08477996
-0,009286723
-0,01212253
0,06204068
-0,06962761
-0,00576181
0,03032818
-0,002141614
-0,00576181
0,03032818
-0,002141614
0,02809076
0,01012698
0,3100337
0,03282148
-0,01262345
0,3350552
0,03124931
-0,08794214
0,3395342
0,03124931
-0,08794214
0,3395342
0,04284744
-0,1516819
0,4789459
0,03224669
-0,08234292
0,2995506
0,03224669
-0,08234292
0,2995506
0,01701239
0,06606658
0,09950711
0,01212754
0,1001013
0,09620382
0,01212754
0,1001013
0,09620382
0,02819399
0,06031986
0,3311969
0,02563169
-0,07029133
0,3162532
0,02509586
-0,1657841
0,3376338
0,02509586
-0,1657841
0,3376338
0,009475867
0,04359647
0,1593278
-0,002540347
0,1778722
0,03301463
-0,002540347
0,1778722
0,03301463
-0,0103185
0,2439859
-0,007544022
0,0013051
0,2032756
0,09682693
0,0013051
0,2032756
0,09682693
0,03156925
-0,0688412
0,4751549
0,03053287
-0,2106523
0,4246854
0,03053287
-0,2106523
0,4246854
0,02210133
-0,2041755
0,3662918
0,01438327
-0,07864375
0,2017315
-0,001657597
0,08457112
-0,02848896
-0,001657597
0,08457112
-0,02848896
-0,01353226
0,332109
-0,1648755
-0,007648087
0,2592972
-0,04900641
-0,007648087
0,2592972
-0,04900641
0,014661
-0,0405943
0,321076
0,01250971
-0,1711552
0,2461245
0,01250971
-0,1711552
0,2461245
0,008268886
-0,2382874
0,3198318
0,002830934
-0,1777284
0,2189752
-0,00105047
-0,09789689
0,1510531
-0,00105047
-0,09789689
0,1510531
0,000997634
-0,09890692
0,2892203
0,007498492
-0,1646412
0,389246
0,007498492
-0,1646412
0,389246
0,01160722
-0,3699147
0,6413732
0,007340857
-0,2247991
0,2870305
0,007340857
-0,2247991
0,2870305
-0,0007493788
-0,03571751
-0,03556661
-0,004215397
-0,0004655105
-0,06758304
-0,004215397
-0,0004655105
-0,06758304
-0,002677349
0,06406547
-0,03720219
-0,0001309083
0,08102996
0,004430828
0,002088426
0,09569839
0,03324647
0,002088426
0,09569839
0,03324647
0,003625392
0,1375306
0,02215729
0,001787028
0,1455041
-0,04790095
0,001787028
0,1455041
-0,04790095
-0,003506914
0,1738792
-0,2248406
-0,005217123
0,1847117
-0,2286648
-0,005217123
0,1847117
-0,2286648
-0,001319172
0,1606286
-0,1754963
-0,002208702
0,1264083
-0,2166657
-0,002460594
0,1216709
-0,2019196
-0,002460594
0,1216709
-0,2019196
-6,140008E-05
0,1402844
-0,1387122
0,007463274
0,02739147
0,09424242
0,007463274
0,02739147
0,09424242
0,0147503
-0,1671429
0,3920995
0,00930722
-0,1397306
0,1776494
0,00930722
-0,1397306
0,1776494
-0,007274282
0,01060216
-0,1969279
-0,005818099
0,06735498
-0,03557511
0,002419235
0,04299651
0,1343065
0,002419235
0,04299651
0,1343065
0,008661613
-0,07664235
0,4525534
0,009451744
-0,09204894
0,3625861
0,009451744
-0,09204894
0,3625861
-0,004335654
-0,01444986
-0,08503081
-0,009243513
0,05468898
-0,1691486
-0,009243513
0,05468898
-0,1691486
-0,002979386
0,269671
0,009938638
0,003548602
0,2579802
0,09846797
0,003548602
0,2579802
0,09846797
0,00951064
0,1712242
0,1969462
0,01156522
0,06817951
0,2150005
0,009432078
0,008073406
0,1573697
0,009432078
0,008073406
0,1573697
0,003697778
0,1488444
-0,05050287
-0,002623345
0,2408927
-0,1566342
-0,002623345
0,2408927
-0,1566342
0,002985628
0,2896545
0,239706
0,00952641
0,1801717
0,5754726
0,00952641
0,1801717
0,5754726
0,008184525
-0,2259533
0,6821176
0,009424645
-0,1854684
0,3593316
0,007039904
-0,06634374
0,1075369
0,007039904
-0,06634374
0,1075369
9,780104E-05
0,1367004
-0,1562084
-0,002405601
0,1619791
-0,1071212
-0,002405601
0,1619791
-0,1071212
-0,003671662
0,1250648
0,2605912
-0,0003306071
0,00755616
0,3550837
-0,0003306071
0,00755616
0,3550837
0,004125727
-0,1013642
0,1972139
0,002432335
-0,03348404
0,06651812
0,002432335
-0,03348404
0,06651812
-0,0006603747
0,1103094
0,004438321
-0,001142679
0,1558384
0,008704545
-0,001493289
0,1714194
0,02370399
-0,001493289
0,1714194
0,02370399
0,002034933
0,07872777
-0,01950067
0,002384593
0,04624649
-0,08689665
0,002384593
0,04624649
-0,08689665
0,0009002641
0,06828446
-0,09684337
-0,001197796
0,05598759
0,08296713
-0,001197796
0,05598759
0,08296713
-0,006934957
-0,02748782
0,5084519
0,001659731
-0,0621967
0,315118
0,003936224
-0,01959742
0,0329244
0,003936224
-0,01959742
0,0329244
0,004001078
0,1487881
-0,3314683
-0,0009260704
0,1175849
-0,1791516
-0,0009260704
0,1175849
-0,1791516
-0,005408409
0,2542927
-0,05071555
-0,001547743
0,120472
0,1334175
-0,001547743
0,120472
0,1334175
0,0006966409
0,05012479
0,1696203
0,003433701
0,02398138
0,07745758
0,003674733
0,0498917
-0,02771611
0,003674733
0,0498917
-0,02771611
0,001995589
0,1734772
-0,1934813
-0,002551842
0,1936064
-0,03823962
-0,001547984
0,172152
0,1091449
0,001205489
0,09208383
0,163499
0,001205489
0,09208383
0,163499
0,01090727
6,042528E-05
-0,07174274
0,006314858
0,1115394
-0,3744402
0,000163924
0,1958068
-0,4035767
-0,00282229
0,2681009
-0,2840512
-0,0001775719
0,2179342
-0,08963808
-0,0001775719
0,2179342
-0,08963808
0,0053487
0,03304103
0,03087587
0,0053487
0,03304103
0,03087587
0,003043209
0,1034246
-0,2324524
-0,005342968
0,179133
-0,2782808
-0,00998593
0,2381508
-0,1204084
-0,008594521
0,2162939
-0,009389197
-0,002510429
0,1130298
0,02668674
0,0001903864
0,078903
0,04036785
0,0003916431
0,0779817
0,0925967
0,0003916431
0,0779817
0,0925967
-0,001232157
0,07734705
0,1397415
-0,001232157
0,07734705
0,1397415
-0,002020332
0,09744522
0,2108782
-0,002004347
0,1101339
0,1374804
-0,006230489
0,170697
0,1964242
-0,006187016
0,1556646
0,2467298
-0,002698417
0,1101097
0,2231633
-0,001541272
0,1905418
0,1294995
-0,004284976
0,2736512
0,03907324
-0,003798447
0,2117388
0,1567421
-0,0005599223
0,1904181
0,1157392
0,00107397
0,1699509
0,02706299
-0,000441778
0,1785506
0,03570664
-0,004058866
0,1745947
0,1070627
-0,005027249
0,2030179
0,09292869
-0,01012897
0,2944169
0,1075109
-0,0146129
0,3665456
0,1508133
-0,0138196
0,3472207
0,1215418
-0,002962088
0,23623
0,1414385
0,01151918
0,1338867
0,2275805
0,01545046
0,06105587
0,05369574
0,01205072
0,1690814
0,07459944
-0,0002495999
0,1722821
0,2699854
0,004672189
0,09696079
0,08200703
0,009183037
0,1226612
0,006075935
-0,0003185746
0,1247972
-0,007341128
-0,008539741
0,1163404
0,1978329
0,002642638
0,06645273
0,1805965
0,003622427
0,09131283
-0,009193585
-0,01865818
0,2629947
0,03427908
-0,01254055
0,1272247
0,1816237
-0,001000101
0,08242209
0,1282277
0,006755949
0,1368097
-0,02591923
-0,005381709
0,1295746
0,1108088
0,01375121
-0,02534026
0,1413797
0,01571165
-0,01854466
-0,01145246
0,01341277
0,04937635
-0,04481908
0,0006248751
0,03246119
0,1510959
-0,00236779
0,02797849
0,1182361
-0,001247248
0,09607749
-0,04545511
-0,009066495
0,137828
-0,08304653
-0,00593536
0,109031
-0,06382161
0,003207657
0,06539229
-0,07345413
0,002770973
0,06351303
-0,1246779
-0,01406475
0,1276503
0,005453319
-0,007067802
0,01736918
0,1789044
0,008452665
-0,03549285
0,03747876
0,01258278
0,06002226
-0,2514391
-0,0107098
0,1346987
-0,09593338
0,003960024
-0,1097697
0,2385655
0,01177228
-0,1088914
0,1063175
0,003446955
-0,03358895
0,01948851
-0,01439638
0,008901654
0,1750555
-0,009237968
-0,01224486
0,1726519
-0,002981686
-0,003082273
0,05661177
-0,005788792
0,1059671
-0,1333706
-0,01130356
0,08265821
0,0102505
0,001109766
-0,07951067
0,1864699
0,009556727
-0,07146577
0,06329209
0,01513428
-0,001400765
-0,1440946
-0,01119318
0,09137043
0,03584285
-0,0004756356
-0,05138009
0,2231643
0,01556541
-0,09063256
0,1163034
0,008120795
0,03576806
-0,09312329
-0,01816958
0,2264316
-0,07858083
-0,01895277
0,1195124
0,1631052
0,002007391
-0,0186744
0,1414212
0,006285086
0,00354012
0,03667361
-0,01364705
0,2308632
-0,1889663
-0,01661759
0,1523988
-0,04261596
0,001033686
-0,02947969
0,1000674
0,01108747
-0,05423136
0,01813952
0,007520777
0,0361928
-0,1312582
0,001105272
0,02903202
-0,07232632
0,012669
-0,09306615
0,0354538
0,02111566
-0,08299636
-0,0887794
0,004510266
0,0426626
-0,1711548
-0,01000229
0,03026945
0,07419547
-0,001688435
-0,08271562
0,1918227
0,004097871
-0,04979199
0,05915821
0,009396185
-0,007678161
-0,07181638
-0,00625183
0,06877697
-0,0371404
-0,01022451
-0,05100359
0,2592551
0,00277043
-0,06522708
0,1193775
0,004613863
-0,07062953
0,1349427
-0,0008022227
-0,02628982
0,1437232
-0,0003602541
-0,05765451
0,1876035
0,008789712
-0,1568526
0,2400731
0,01130039
-0,1308474
0,2252393
-0,005951851
-0,02792905
0,2047266
-0,008042394
-0,09242418
0,2898627
-0,0001710076
-0,1735049
0,3352903
0,0001755447
-0,09395751
0,2081118
-0,02072524
0,1217883
0,1164471
-0,0108905
0,0151137
0,141447
0,01508905
-0,1402351
0,1194808
0,01874942
0,01203087
-0,09193238
-0,008122611
0,2004048
-0,2196348
-0,006695579
-0,1571473
0,2600578
0,02016206
-0,2874449
0,240001
0,02547213
-0,05604847
-0,1158386
-0,009112623
0,296736
-0,3313279
-0,009508398
0,03937281
0,007874772
0,004010564
-0,2497903
0,2144292
1,768365E-05
-0,07153396
0,07208319
-0,02650726
0,1595816
-0,02424873
-0,03251065
0,150327
0,0005080496
0,0008888604
-0,0956151
0,09925248
0,00198032
-0,1434827
0,1373345
-0,009992458
0,05380002
-0,0149353
-0,02721389
0,211277
-0,09687953
-0,01357834
-0,07807918
0,09655273
0,005366128
-0,1288648
0,08211394
0,01159412
0,05071828
-0,1873456
-0,01362431
0,1502677
-0,1449279
0,001640045
-0,1513076
0,1185324
0,0326395
-0,3139789
0,09549974
0,007650641
0,008312762
-0,09180055
-0,02971742
0,3210301
-0,1631969
-0,02806274
0,07672944
0,1586646
-0,004376245
-0,1984074
0,2731863
-0,00590249
0,04845807
0,02780524
-0,03509907
0,2553337
-0,07640418
-0,02718425
0,009234457
0,1993409
0,01575224
-0,3502969
0,3113966
0,008407362
-0,1334947
0,1181594
-0,02120671
0,00161398
0,1708433
-0,02575125
0,05413762
0,1253326
-0,002260327
-0,2035478
0,2373329
0,01809799
-0,2591081
0,1749772
0,005354582
-0,08279241
0,06267539
-0,001289693
-0,02845631
0,04019767
0,003304368
-0,03898261
0,01759377
0,01216727
-0,0979946
0,006231541
0,007171185
-0,06028346
0,000397751
-0,004617467
-0,03119264
0,05656217
0,0147455
-0,220846
0,07100333
0,01790486
-0,1716664
0,0303692
0,02289545
-0,1289722
-0,0562968
0,01649509
-0,1412834
-0,01483217
0,01054466
-0,09389627
-0,006133556
0,03345566
-0,3019745
0,01624101
0,02506353
-0,1628565
-0,02264698
0,03129082
-0,2353534
0,006264912
0,03214234
-0,3064435
0,06285754
0,02080278
-0,1510637
0,001194679
0,02205848
-0,1624001
0,008606838
0,01864465
-0,2142195
0,07314885
0,02031786
-0,2618668
0,1030883
0,01933257
-0,185039
0,04531512
0,02027477
-0,2033339
0,05911323
0,01733477
-0,1991303
0,08272497
0,01443422
-0,2475534
0,1339735
0,01480477
-0,1998191
0,07803223
0,01480477
-0,1998191
0,07803223
0,0186144
-0,2104519
0,04399381
0,005862518
-0,1342717
0,06959967
0,005862518
-0,1342717
0,06959967
-0,005392165
-0,2294009
0,1789132
-0,0005794688
-0,1215705
0,08258703
-0,0005794688
-0,1215705
0,08258703
0,0007657277
-0,07108013
0,03530489
0,0007657277
-0,07108013
0,03530489
0,001601599
-0,1561372
0,05076611
-0,001993774
-0,209417
0,08280554
-0,00624536
-0,1547249
0,08180106
-0,006028666
-0,07265708
0,03538315
-0,006028666
-0,07265708
0,03538315
-0,01512931
-0,1201431
0,05628192
-0,0129426
-0,1142685
0,04990665
-0,01182914
-0,1507628
0,04192486
-0,0126372
-0,2038675
0,04221689
-0,0126372
-0,2038675
0,04221689
-0,01676444
-0,1920381
0,02575896
-0,009909203
-0,1477764
-0,02517456
-0,01189336
-0,1455033
-0,01670611
-0,01189336
-0,1455033
-0,01670611
-0,01699338
-0,1753074
-0,02069023
-0,01617272
-0,1154607
-0,001243498
-0,01617272
-0,1154607
-0,001243498
-0,02621573
-0,1328453
0,05006336
-0,02205904
-0,1389983
0,05386426
-0,01685344
-0,1693827
0,03124836
-0,004676249
-0,1305488
-0,02670494
-0,003667424
-0,06864905
-0,02219784
-0,003667424
-0,06864905
-0,02219784
-0,005223454
-0,04521886
-0,01684699
-0,01446787
-0,06708194
0,0451319
-0,01446787
-0,06708194
0,0451319
-0,03163434
-0,2246919
0,1744004
-0,01894507
-0,2256264
0,1239111
-0,01894507
-0,2256264
0,1239111
-0,01152973
-0,116466
0,06032359
-0,00495556
-0,02205854
0,01647221
-0,005988253
-0,01023086
0,00838605
-0,005988253
-0,01023086
0,00838605
-0,03271755
-0,2237393
0,1736986
-0,03053777
-0,3209597
0,1986013
-0,03053777
-0,3209597
0,1986013
-0,02840413
-0,3311574
0,1700056
-0,01479066
-0,1553522
0,06532001
-0,01479066
-0,1553522
0,06532001
-0,00767209
0,07149522
-0,05992939
-0,01360576
0,0753182
-0,04143479
-0,01360576
0,0753182
-0,04143479
-0,03080621
-0,006600556
0,04920068
-0,04010501
-0,09241574
0,1506255
-0,03622628
-0,1361774
0,1557017
-0,03622628
-0,1361774
0,1557017
-0,02968266
-0,05180201
0,09758216
-0,01761737
0,04446796
0,02059081
-0,01761737
0,04446796
0,02059081
-0,026242
0,1242767
0,04063408
-0,03034795
0,03264237
0,0948056
-0,03034795
0,03264237
0,0948056
-0,04688115
-0,2134782
0,2396107
-0,02505332
-0,1867585
0,1589409
-0,006792797
-0,06978592
0,05236622
-0,006792797
-0,06978592
0,05236622
-7,503913E-05
0,08676961
-0,01596949
-0,01961304
0,03539533
0,09155072
-0,01961304
0,03539533
0,09155072
-0,06186893
-0,1445833
0,3489095
-0,05274731
-0,2307184
0,3202742
-0,05274731
-0,2307184
0,3202742
-0,04406574
-0,2131597
0,2780635
-0,008118181
-0,01525705
0,06093417
0,006725901
0,1263132
-0,04638455
0,006725901
0,1263132
-0,04638455
0,006201993
0,2877592
-0,05740656
-0,008906861
0,167996
0,03867164
-0,008906861
0,167996
0,03867164
-0,02842041
-0,05149435
0,1845723
-0,02268834
-0,1378669
0,1674212
-0,02268834
-0,1378669
0,1674212
-0,004294043
-0,04956475
0,05555729
0,009575428
0,02214604
-0,04375774
0,009575428
0,02214604
-0,04375774
0,0008889578
0,05462125
-0,01669161
-0,01541415
-0,01658873
0,07644477
-0,01515196
-0,0632806
0,0874575
-0,01515196
-0,0632806
0,0874575
-0,002871693
-0,05545148
0,03272029
0,01773735
0,03291756
-0,08881091
0,01773735
0,03291756
-0,08881091
0,01616608
0,07423582
-0,1037434
-0,004257855
0,0009492316
0,007302477
-0,004257855
0,0009492316
0,007302477
-0,03180722
-0,096025
0,1664203
-0,024586
-0,07764881
0,1422482
-0,009693263
-0,06470882
0,0591596
-0,009693263
-0,06470882
0,0591596
-0,01494093
-0,01395615
0,07588845
-0,01499412
-0,02099681
0,07343741
-0,01499412
-0,02099681
0,07343741
-0,03453744
-0,003999622
0,1706059
-0,02628762
0,008838381
0,1398688
-0,02628762
0,008838381
0,1398688
-0,02087554
0,03106434
0,1211711
-0,02122752
0,003312723
0,1191488
-0,02122752
0,003312723
0,1191488
-0,04977406
-0,1438779
0,2534507
-0,039926
-0,1218147
0,2066746
-0,02519387
-0,0545263
0,1273207
-0,02519387
-0,0545263
0,1273207
0,00899959
0,1670243
-0,04848517
0,008780749
0,176757
-0,05713144
0,008780749
0,176757
-0,05713144
-0,02582684
0,1315642
0,1194214
-0,03999517
0,02896006
0,2030805
-0,03999517
0,02896006
0,2030805
-0,01793857
-0,01245642
0,09701329
0,01094585
0,06421845
-0,04763975
0,0319948
0,1335809
-0,1653635
0,0319948
0,1335809
-0,1653635
0,02213454
0,1876969
-0,1198431
-0,01737101
0,0850377
0,08941656
-0,01737101
0,0850377
0,08941656
-0,07573802
-0,08439203
0,3891143
-0,03704173
-0,1106871
0,2204134
-0,03704173
-0,1106871
0,2204134
0,03056983
0,05194576
-0,117092
0,06115753
0,1461568
-0,2974012
0,06115753
0,1461568
-0,2974012
0,04266163
0,2636271
-0,2369979
0,002689962
0,2092717
-0,03492518
-0,04646475
0,04422694
0,2326005
-0,04646475
0,04422694
0,2326005
-0,08372831
-0,03340991
0,4117392
-0,03824656
-0,0179392
0,2098977
-0,03824656
-0,0179392
0,2098977
0,05830779
0,1901748
-0,2858435
0,04078484
0,177688
-0,2357749
0,04078484
0,177688
-0,2357749
0,005964437
0,1073791
-0,04787259
-0,01395987
0,05163937
0,07148964
-0,01784729
0,02065986
0,1007059
-0,01784729
0,02065986
0,1007059
-0,02499231
-0,07492091
0,1466073
-0,01495122
-0,09888008
0,09811445
-0,01495122
-0,09888008
0,09811445
-0,005404338
-0,08952797
0,04170704
-0,01374364
-0,04881482
0,06993474
-0,01374364
-0,04881482
0,06993474
-0,05256632
-0,1427313
0,2560883
-0,0616715
-0,1573576
0,3060484
-0,05632246
-0,1549985
0,2819853
-0,05632246
-0,1549985
0,2819853
-0,04614246
-0,1953214
0,2281463
-0,02576256
-0,1096665
0,1228833
-0,02576256
-0,1096665
0,1228833
-0,02664168
-0,08382579
0,1174521
-0,02208921
-0,07808974
0,09695321
-0,02208921
-0,07808974
0,09695321
-0,01283525
-0,0684623
0,06061967
-0,004507174
-0,02548074
0,02465334
-0,004507174
-0,02548074
0,02465334
-0,007167672
0,01800453
0,03837502
-0,00839586
0,03229413
0,04373123
-0,006773037
0,04370693
0,03454496
-0,006773037
0,04370693
0,03454496
0,004225067
0,05380522
-0,01176063
0,01168341
0,04520052
-0,04831802
0,01168341
0,04520052
-0,04831802
0,003162923
0,0982739
-0,01099057
-0,0185303
0,08374377
0,08580945
-0,0185303
0,08374377
0,08580945
-0,04714248
0,06180901
0,2075501
-0,01795318
0,04459844
0,09146926
0,001975444
0,06525485
-0,001713505
0,001975444
0,06525485
-0,001713505
0,01435972
0,09424517
-0,06431972
0,008558058
0,1126605
-0,04478172
0,008558058
0,1126605
-0,04478172
-0,03074994
0,2094612
0,1116956
-0,05505194
0,1603147
0,2225842
-0,05505194
0,1603147
0,2225842
-0,03087683
0,03341927
0,1375104
-0,001083201
0,02648823
0,008342532
-0,001083201
0,02648823
0,008342532
0,00845829
0,118056
-0,04724855
0,002782858
0,1403286
-0,02779656
-0,01711051
0,1572401
0,05443874
-0,01711051
0,1572401
0,05443874
-0,0581433
0,1485718
0,238829
-0,04774984
0,05308871
0,2201927
-0,04774984
0,05308871
0,2201927
-0,0158416
-0,07206653
0,09993623
-0,006795194
-0,05513738
0,05467269
-0,006795194
-0,05513738
0,05467269
0,00680038
-0,006374828
-0,009127616
0,005873458
0,03452715
-0,01102771
-0,00278365
0,03270626
0,02669935
-0,00278365
0,03270626
0,02669935
-0,01920126
-0,03862158
0,1084459
-0,01480887
-0,08060976
0,09675045
-0,01480887
-0,08060976
0,09675045
0,03089963
-0,06414214
-0,08558875
0,03147259
-0,02169979
-0,1051949
0,03147259
-0,02169979
-0,1051949
0,01794744
0,035813
-0,05865438
0,02407104
0,05061114
-0,07481293
0,02407104
0,05061114
-0,07481293
0,0155709
-0,008912632
-0,02159421
0,01242098
-0,0216836
-0,01227657
0,03723505
0,04969347
-0,1280575
0,03723505
0,04969347
-0,1280575
0,05158971
0,1295372
-0,2044453
0,05522786
0,1173235
-0,2210854
0,05522786
0,1173235
-0,2210854
0,04077473
0,1636173
-0,1627876
0,007733265
0,07221632
-0,005623056
0,007733265
0,07221632
-0,005623056
-0,01960292
0,004063126
0,1350781
0,00249613
-0,08591141
0,0546988
0,02498261
-0,0864022
-0,05015292
0,02498261
-0,0864022
-0,05015292
-0,006024529
0,007070803
0,0628947
-0,04238824
0,03459517
0,2067351
-0,04238824
0,03459517
0,2067351
-0,08821871
0,02515869
0,4045568
-0,04284373
-0,02130769
0,2404142
-0,04284373
-0,02130769
0,2404142
0,01736086
-0,09213161
0,02960244
0,002134217
-0,04848953
0,06264148
0,002134217
-0,04848953
0,06264148
0,02193901
0,1105703
-0,02465225
0,03919783
0,223848
-0,1184592
0,03916072
0,2559522
-0,1308012
0,03916072
0,2559522
-0,1308012
0,008103013
0,1748838
0,02074402
-0,002839805
0,01712721
0,08399849
-0,002839805
0,01712721
0,08399849
0,01857125
-0,05064599
0,01962155
0,01845426
0,03794392
-0,03589504
0,03215145
0,2048002
-0,09664466
0,01382232
0,2616837
-0,02791271
-0,006461532
0,2027614
0,0576587
-0,006461532
0,2027614
0,0576587
-0,001461774
0,0969438
0,07585072
-0,004965903
0,04909982
0,08883359
-0,01776961
0,04330462
0,1279923
-0,02094263
0,08849574
0,1376636
-0,02094263
0,08849574
0,1376636
-0,01176978
0,07007924
0,08324077
-0,01176978
0,07007924
0,08324077
0,01979742
0,08076794
-0,02471083
0,00898678
0,1505025
0,02565737
-0,02765511
0,1039672
0,1732798
-0,04985287
0,0365229
0,264048
-0,02371884
0,01322771
0,1841371
-0,02371884
0,01322771
0,1841371
0,0354159
0,05079783
-0,07694735
0,0354159
0,05079783
-0,07694735
0,009284358
0,1544996
0,04328804
0,006695486
0,1439206
0,08971738
0,02859163
0,09852795
0,01711829
0,02869546
0,0579732
-0,007765369
0,03558154
0,1018013
0,01986849
0,01954355
0,1220203
0,0953888
0,007964761
0,1734001
0,1336551
0,007964761
0,1734001
0,1336551
0,04136007
0,2246172
-0,03789127
0,05841987
0,1456285
-0,01011978
0,03260529
0,1046683
0,141882
-0,0211904
0,1203136
0,3051123
-0,02939581
0,1895109
0,3253799
0,03120008
0,2179015
0,07428668
0,04345051
0,2550332
0,01887971
0,02702795
0,2093253
0,0516704
0,004872062
0,3000311
0,1460519
-0,0006900641
0,1668867
0,07516972
0,002663631
0,2535071
0,08026089
0,0452138
0,2827321
-0,06477052
0,01643208
0,426206
0,02081977
-0,01094151
0,2524866
0,1243533
-0,0001176609
0,1659179
0,07645229
0,007113758
0,1288499
0,1165605
0,01659963
0,1242715
0,03887442
0,0002812717
0,1451807
0,1319796
-0,008219912
0,1793829
0,1773254
-0,004775259
0,123076
0,151003
0,03532205
0,1157587
0,06129399
0,01952968
0,0641926
0,07097761
0,0250333
0,02924401
0,194983
0,02071834
0,1130444
0,1753467
0,02634696
0,09814265
0,04435289
0,01770031
0,1116011
0,1400958
-0,005409024
0,04773829
0,1666178
0,02452311
0,08016255
0,0779331
0,003037059
0,1467295
0,1566805
0,0167781
0,08231606
0,08543492
0,04359217
0,04275529
0,08639593
0,03932763
0,03985911
0,1336856
0,03234223
0,04572047
0,05104139
0,05631416
0,04655701
-0,01609454
0,03460686
0,04737303
0,0175592
0,03013336
0,09160644
0,04289558
0,02175431
0,1144057
0,07600745
0,03390212
0,07771702
0,01018525
0,03516148
0,07640231
0,02365785
0,008006938
0,05608706
0,07744815
0,002767915
0,08393966
0,06578591
0,02887052
0,0195666
0,04446766
0,04676805
-0,04058516
-0,0005205693
0,07219848
-0,04340809
-0,04787365
0,05301306
0,03525938
-0,05064563
0,03384542
-0,01520534
0,04322492
0,06868488
-0,09800236
-0,01718572
0,06833208
0,0420883
-0,1134162
0,04439145
0,1069275
-0,09352712
0,01903172
0,0592719
0,006767188
0,01822089
-0,006389127
0,006073612
0,05490635
0,04141387
-0,08508749
-0,007252708
0,04658037
-0,04393621
-0,04568656
0,0149677
0,06740168
-0,009306304
0,01409239
0,01672953
0,003493138
-0,003877446
0,02917317
-0,009482026
-0,007710371
0,03600643
-0,008480661
0,03734766
0,04265068
-0,01045353
0,05376153
0,1037803
0,01332204
0,07994694
0,06253239
0,003101949
0,09350394
0,01569108
-0,003797941
0,02669936
0,1187026
0,03736401
0,02529817
0,09683449
0,0366739
0,008195285
0,01274966
0,01360567
-0,02760876
0,04705111
0,008710378
-0,01790454
0,0739271
0,004610461
-0,02664642
0,06333032
0,006831869
-0,03627464
0,01466188
-0,03133454
-0,03331647
0,08513894
-0,0592597
-0,02846924
0,1380293
-0,04736453
-0,02269077
0,09331053
-0,04109354
-0,0194946
0,07329091
-0,05666055
-0,0005828676
0,1233868
-0,07541037
0,02265154
0,1715486
-0,05572169
0,03858773
0,1225542
-0,06743373
-0,01531292
0,1944016
-0,0942169
-0,03647715
0,2984084
-0,04544442
0,06260786
0,1330542
-0,008543071
0,1623494
0,01250139
-0,02650291
-0,0271504
0,1819438
-0,00893453
-0,1481685
0,1754128
0,008081327
-0,01093023
0,07490864
-0,005890365
0,193653
0,0214155
-0,009707412
0,07290214
0,07278278
0,001351762
-0,04048583
0,103957
0,03007529
0,1245346
-0,09661043
0,04020013
0,3418251
-0,2327016
-0,009895968
-0,2056905
0,1628377
0,003230377
-0,2294615
0,1231578
0,008784198
-0,03113622
0,01552699
-0,01061436
0,1275136
-0,01998042
-0,03993637
-0,05213108
0,143891
-0,02887376
-0,2156807
0,1895267
-0,005111148
-0,06187402
0,04925416
-0,0199226
0,162027
-0,01653374
-0,05255082
-0,03076995
0,1670782
-0,03630104
-0,2200376
0,1964103
0,007970633
-0,08050341
0,01961931
-0,00355827
0,09643596
-0,0377086
-0,04842445
-0,1138906
0,1766374
-0,02887769
-0,2253743
0,1781207
-0,01199135
0,07244761
-0,004385843
-0,03498172
0,4638816
-0,1336358
-0,04752871
0,3112815
-0,03520253
-0,02941779
-0,05182765
0,08962801
0,02562909
-0,01238021
-0,075694
0,03032165
0,5115223
-0,3624988
-0,06433605
0,5954899
-0,1896693
-0,008211565
-0,2653696
0,1498255
0,01542489
-0,1621239
0,02917652
0,03309344
-0,1987012
-0,01093245
-0,001983953
-0,07739819
0,01688186
-0,01798482
-0,1231181
0,0722755
0,007759341
-0,2403658
0,06894208
0,02734897
-0,3484046
0,05461853
0,004998489
-0,2096595
0,05265667
-0,04340657
0,06742526
0,06472001
-0,05986061
-0,05248895
0,150949
-0,009878688
-0,1460892
0,07601396
0,00384825
-0,09018192
0,01151144
-0,0218112
0,1078001
-0,007032486
-0,01944605
0,06842045
0,007620061
0,03118616
-0,3098608
0,03528092
0,02920705
-0,1355836
-0,02491762
-0,01405403
-0,04485773
0,03969357
-0,05305741
0,08862177
0,0777745
-0,02338856
-0,01129229
0,04916932
0,01442002
-0,1562907
0,009043087
0,006258116
-0,01182925
-0,02405587
-0,06201475
0,2262697
0,04430252
-0,05776012
0,1990929
0,03236757
-0,01130193
-0,07545475
0,05183402
0,009913128
-0,1849586
0,04664323
-0,03503356
0,08080655
0,05845921
-0,07533235
0,2763501
0,08186176
-0,0148457
-0,318471
0,1863597
0,0366362
-0,3389733
0,07711552
0,00242615
-0,164919
0,1023218
-0,03037269
-0,002406466
0,1272317
-0,02067657
-0,008247572
0,08644789
0,01886083
-0,2534443
0,09883932
0,02432139
-0,1885806
0,0497521
0,00427148
0,07335323
0,01458357
0,009853702
-0,02407807
0,03034198
0,03215539
-0,2260183
0,03833963
0,02497483
-0,2380708
0,07800117
0,00163647
-0,08701575
0,06945907
0,01251644
-0,05438787
0,05548804
0,03248828
-0,2986129
0,1162314
0,03129083
-0,1972242
0,06701045
0,03203189
-0,07203427
0,07073121
0,01897415
-0,08831514
0,07542947
0,01152747
-0,2026712
0,176464
0,05530155
-0,1344592
0,04314458
0,0419278
-0,07544252
0,03564389
0,03592731
-0,04491127
0,01292456
0,02658766
-0,09943677
0,07363585
0,03860962
-0,1462638
0,07080618
0,03860962
-0,1462638
0,07080618
0,02761485
-0,06072848
0,01752952
0,03415183
-0,09095298
0,0331705
0,03396033
-0,1823379
0,07721528
0,047466
-0,1925783
0,0229437
0,03220743
-0,1019103
-0,0007271678
0,0344143
-0,08940126
-0,01342731
0,02737636
-0,07486112
-0,003116416
0,01556801
-0,1195099
0,03603207
0,01263078
-0,1533545
0,03509573
0,01044217
-0,1441372
0,0288024
0,01908027
-0,126309
-0,002594325
0,007616894
-0,1016377
0,01610773
0,005017209
-0,09318057
0,013829
0,003607327
-0,1250996
0,0212286
0,00480944
-0,1869599
0,03337966
-0,01436516
-0,2027827
0,08652393
-0,01436516
-0,2027827
0,08652393
0,005994229
-0,1342438
0,02606823
0,005994229
-0,1342438
0,02606823
0,0422334
-0,276869
-0,0189489
0,02485996
-0,2121976
0,007844521
0,01351936
-0,08460317
0,003478405
-0,003527766
-0,06184795
0,04117944
-0,01657382
-0,1718
0,09661954
-0,01657382
-0,1718
0,09661954
-0,01861953
-0,2817576
0,1171418
-0,02271849
-0,2183202
0,1145721
-0,01921858
-0,09974456
0,08155156
-0,0177257
-0,03784882
0,06358331
-0,0177257
-0,03784882
0,06358331
-0,03272048
-0,1366151
0,1332355
-0,01521173
-0,1721098
0,100078
-0,003878342
-0,2162018
0,07557508
-0,003878342
-0,2162018
0,07557508
0,01245038
-0,3113852
0,0465128
0,006964496
-0,1604444
0,03014583
0,006964496
-0,1604444
0,03014583
0,00279092
0,04389818
-0,0001320562
-0,005431538
0,02931489
0,01401647
-0,005431538
0,02931489
0,01401647
-0,01457855
-0,1605218
0,07236857
0,002020558
-0,2662772
0,04773628
0,002020558
-0,2662772
0,04773628
0,01240651
-0,3330824
0,0383846
0,009745691
-0,1780661
0,02481278
0,005238277
-0,008366031
0,008666164
0,005238277
-0,008366031
0,008666164
0,006816618
0,03108517
-0,0008837141
0,01151047
-0,06937508
-0,0002579599
0,01151047
-0,06937508
-0,0002579599
0,0149595
-0,2942331
0,0291414
0,01314345
-0,2698184
0,03282668
0,01314345
-0,2698184
0,03282668
0,01877405
-0,1629125
0,01569609
0,02761014
-0,04122819
-0,02225987
0,01797524
0,07312173
-0,01384048
0,01797524
0,07312173
-0,01384048
0,01082565
0,03724894
0,02040105
0,02160307
-0,04184253
0,001231544
0,02160307
-0,04184253
0,001231544
0,009406605
-0,1377027
0,05545977
0,00650123
-0,0903281
0,05306382
0,00650123
-0,0903281
0,05306382
-0,01015715
-0,00524869
0,08552422
-0,01932679
0,02679616
0,09251352
-0,001883029
0,05555209
0,03837162
-0,001883029
0,05555209
0,03837162
0,01372546
0,1245365
-0,002085185
0,000465231
0,1029347
0,02599287
0,000465231
0,1029347
0,02599287
-0,04362117
-0,07594786
0,1521705
-0,04357043
-0,1020357
0,1530923
-0,04357043
-0,1020357
0,1530923
-0,01736792
-0,06929033
0,09150002
0,003842501
0,007719579
0,02875267
0,003842501
0,007719579
0,02875267
0,01578211
0,1721226
-0,007942492
-0,01376593
0,04230282
0,06657588
-0,04757667
-0,1319089
0,160901
-0,04757667
-0,1319089
0,160901
-0,07211703
-0,3285438
0,2319155
0,003979048
-0,206791
0,0399057
-0,0009350446
0,001435414
0,006559128
0,02028804
0,2695514
-0,05915212
-0,00668845
0,1988898
0,001965944
-0,00668845
0,1988898
0,001965944
-0,05978046
0,1146746
0,1398412
-0,05929565
-0,01400937
0,152492
-0,05929565
-0,01400937
0,152492
0,01262134
-0,07384605
-0,009602495
0,005530673
-0,01835298
-0,003780196
-0,001313662
-0,01952044
0,01000493
-0,001313662
-0,01952044
0,01000493
-0,0576391
-0,179723
0,1537079
-0,06252687
-0,1939851
0,1722992
-0,06252687
-0,1939851
0,1722992
-0,02786353
-0,1272968
0,09450353
0,01064878
-0,05798563
-0,004145415
0,01064878
-0,05798563
-0,004145415
-0,02308132
-0,06133679
0,06856529
-0,03620261
-0,1172201
0,09847654
-0,0475487
-0,1486973
0,1234625
-0,0475487
-0,1486973
0,1234625
-0,03480225
-0,1252461
0,0892971
-0,002777016
-0,06011294
0,01373152
-0,002777016
-0,06011294
0,01373152
-0,006398078
-0,01862239
0,02182022
-0,01829457
-0,03792564
0,05004746
-0,01829457
-0,03792564
0,05004746
-0,0345753
-0,07582953
0,09399992
-0,01353527
-0,0852768
0,04924874
0,01346451
-0,06047364
-0,01388685
0,01346451
-0,06047364
-0,01388685
0,02285809
0,06684688
-0,03713461
0,01252647
0,07166868
-0,01108821
0,01252647
0,07166868
-0,01108821
-0,02447308
-0,04233724
0,08044858
-0,008622262
-0,03867379
0,04602624
-0,008622262
-0,03867379
0,04602624
0,01085805
0,07491007
0,002313004
0,01245685
0,1011576
-0,005654926
0,01245685
0,1011576
-0,005654926
-0,003970467
0,1454192
0,03194188
-0,01797084
0,1089712
0,06347618
-0,02500927
0,04441143
0,07841522
-0,02500927
0,04441143
0,07841522
0,006336738
0,0081412
0,005782221
0,0220147
0,0520256
-0,03764528
0,0220147
0,0520256
-0,03764528
0,01047827
0,1215566
-0,01481846
-0,02039809
0,1003125
0,05424578
-0,02039809
0,1003125
0,05424578
-0,04739692
0,06880323
0,1175825
-0,02651982
0,05669733
0,07185271
-0,02651982
0,05669733
0,07185271
0,006015277
0,03725554
0,002104373
-0,01224072
-0,03630622
0,04472149
-0,03676716
-0,113683
0,1053075
-0,03676716
-0,113683
0,1053075
-0,0519029
-0,2467851
0,1506911
-0,003792293
-0,1648538
0,039896
-0,003792293
-0,1648538
0,039896
0,02701524
-0,0332196
-0,03671538
0,005677233
-0,0460105
0,008017025
0,005677233
-0,0460105
0,008017025
-0,02557652
-0,06706879
0,08226846
-0,03713158
-0,08073512
0,1089384
-0,02619418
-0,08569766
0,083606
-0,02619418
-0,08569766
0,083606
0,02537601
0,003710881
-0,03094384
0,03049805
0,06717641
-0,05115117
0,03049805
0,06717641
-0,05115117
0,007597768
0,1140079
0,008873193
-0,005855727
0,06642456
0,04202513
-0,005855727
0,06642456
0,04202513
-0,02646581
0,01379693
0,0977282
-0,007334244
-0,003991342
0,05384049
0,01194861
0,01743645
0,004451796
0,01194861
0,01743645
0,004451796
0,03150766
0,1497626
-0,04522533
0,01721292
0,1514957
-0,0167454
0,01721292
0,1514957
-0,0167454
-0,03534791
0,0880836
0,1091765
-0,04981149
0,0102055
0,1465685
-0,04981149
0,0102055
0,1465685
-0,01812784
-0,002203727
0,07698198
0,004701476
0,007616287
0,01686193
0,004701476
0,007616287
0,01686193
-0,0167021
0,066595
0,05690762
-0,008563049
0,09273901
0,03482599
-0,00708747
0,1098489
0,02612143
-0,00708747
0,1098489
0,02612143
-0,00028762
0,09800691
0,01446618
-0,0006970107
-0,00778509
0,01995275
-0,0006970107
-0,00778509
0,01995275
-0,03719388
-0,07812225
0,1051606
-0,0437704
-0,08956765
0,1201216
-0,0437704
-0,08956765
0,1201216
-0,01182212
-0,06438773
0,05084367
0,005460436
-0,01390075
0,005418864
0,007196853
0,002851207
-0,001402341
0,007196853
0,002851207
-0,001402341
-0,03827243
-0,01990772
0,1025574
-0,05777193
-0,03808473
0,1476748
-0,05777193
-0,03808473
0,1476748
-0,05152162
-0,07410539
0,1348562
-0,009042986
-0,03746299
0,03209206
-0,009042986
-0,03746299
0,03209206
0,002036446
-0,02706473
0,009982789
-0,005463301
-0,02427886
0,02721391
-0,005463301
-0,02427886
0,02721391
-0,03622897
-0,02310055
0,09973135
-0,04592067
-0,02020636
0,1237129
-0,04627249
-0,04469692
0,1269206
-0,04627249
-0,04469692
0,1269206
-0,01837831
-0,04965268
0,07183377
-0,01069758
-0,02149928
0,04956583
-0,01069758
-0,02149928
0,04956583
-0,02384957
0,02092512
0,08253454
-0,0453562
0,04333793
0,1340043
-0,0453562
0,04333793
0,1340043
-0,03153968
0,04520109
0,1058012
-0,01432431
0,03894338
0,07155707
-0,006088062
0,03954425
0,05032303
-0,006088062
0,03954425
0,05032303
-0,0008344707
0,0804686
0,04704756
-0,01222753
0,09335236
0,07146163
-0,01222753
0,09335236
0,07146163
-0,05001898
0,1215618
0,1530152
-0,01690105
0,06353328
0,07629313
-0,01690105
0,06353328
0,07629313
0,00434867
0,07056324
0,03123384
0,001989259
0,04903155
0,04029669
0,006489476
0,043802
0,04285239
0,006489476
0,043802
0,04285239
0,01451923
0,06701554
0,04454431
0,009869007
0,06862874
0,0401996
0,009869007
0,06862874
0,0401996
0,01064564
0,0509681
0,03877133
0,01020987
0,04876713
0,03473341
0,01020987
0,04876713
0,03473341
0,0195024
0,06737507
0,03035411
0,01588497
0,08140668
0,02362057
0,01588497
0,08140668
0,02362057
0,0149086
0,1013014
0,03505976
0,006092952
0,08134634
0,04738867
0,002896196
0,05376365
0,05355556
0,002896196
0,05376365
0,05355556
0,005495955
0,02298982
0,05607528
0,01151764
0,04726996
0,05234174
0,01151764
0,04726996
0,05234174
0,0290538
0,1131796
0,01115634
0,02364339
0,08518103
0,007781152
0,02364339
0,08518103
0,007781152
0,01110243
0,02701686
0,03843459
0,01786215
0,01890958
0,01519924
0,02734194
0,03099451
-0,01125
0,02734194
0,03099451
-0,01125
0,07237632
0,1222268
-0,08842208
0,04610631
0,0605649
-0,04176385
0,04610631
0,0605649
-0,04176385
0,03423987
0,02374317
-0,01005862
0,05448799
0,01799328
-0,04210588
0,05448799
0,01799328
-0,04210588
0,1091097
0,0301821
-0,1145617
0,1064176
0,01201553
-0,1106192
0,1064176
0,01201553
-0,1106192
0,1116321
-0,04183377
-0,07178083
0,1139081
-0,09402335
-0,063446
0,1096272
-0,1346725
-0,04691304
0,1096272
-0,1346725
-0,04691304
0,1136684
-0,09772504
-0,06072442
0,1087648
-0,05782824
-0,06047175
0,1087648
-0,05782824
-0,06047175
0,07083916
-0,0131324
0,01183227
0,05709501
-0,01345686
0,02860464
0,05709501
-0,01345686
0,02860464
0,06336027
-0,04997608
0,0511723
0,02634303
-0,02151036
0,04668661
0,01787405
0,005097479
0,0298332
0,01787405
0,005097479
0,0298332
-0,004389599
0,08757816
0,08801144
-0,003627759
0,05034663
0,07006254
-0,003627759
0,05034663
0,07006254
0,0188726
0,04149886
0,03296667
0,02929881
0,03454753
-0,002394339
0,02929881
0,03454753
-0,002394339
0,02275793
0,03076262
0,0006438917
0,01566315
0,03471934
0,009564565
0,004924733
0,04814424
0,03032261
0,004924733
0,04814424
0,03032261
0,007427342
0,05928602
0,02586938
0,01542678
0,06374618
0,003994829
0,01936007
0,0577486
-0,008615783
0,01936007
0,0577486
-0,008615783
0,02028627
0,05240842
-0,009779906
0,01187094
0,04956767
0,007472272
0,002099289
0,04651061
0,03027002
0,002099289
0,04651061
0,03027002
-0,01052849
0,03221715
0,06681621
-0,003145302
0,03264899
0,04348402
-0,003145302
0,03264899
0,04348402
0,007262591
0,04558315
0,02833503
0,01198075
0,03799547
0,01701616
0,006063343
0,04113511
0,02957785
0,006063343
0,04113511
0,02957785
-0,0005564925
0,02508854
0,05319298
0,005139861
0,0223494
0,02230255
0,005139861
0,0223494
0,02230255
0,02766826
0,03881396
-0,007306084
0,01238725
0,01335886
0,04011846
-0,006793469
-0,02257768
0,09381736
-0,003441222
-0,07706434
0,08632575
0,009509577
-0,06033624
0,0506264
0,009509577
-0,06033624
0,0506264
0,01780183
0,02371693
0,01893032
0,02982671
0,08058222
0,01851228
0,02982671
0,08058222
0,01851228
-0,01597939
0,01747516
0,128597
-0,01136353
-0,03157215
0,08909088
-0,01136353
-0,03157215
0,08909088
-0,01382555
-0,007547128
0,08418054
0,001289231
0,01311648
0,03195376
0,003614635
0,0677647
0,02183731
0,003614635
0,0677647
0,02183731
-0,002436744
0,05260435
0,03122695
-0,006988521
0,04061149
0,04103792
-0,006988521
0,04061149
0,04103792
-0,02405099
0,06128933
0,08176734
-0,02391649
0,05763003
0,0801305
-0,02391649
0,05763003
0,0801305
-0,02436056
0,05325621
0,08574194
-0,0334086
0,02900896
0,1078768
-0,0334086
0,02900896
0,1078768
-0,02296602
0,01506941
0,08899614
-0,009392879
0,02344419
0,05160267
-0,00113397
0,04338164
0,03802189
-0,00113397
0,04338164
0,03802189
-0,007548725
0,06890544
0,05683098
-0,0222636
0,05669472
0,100887
-0,0222636
0,05669472
0,100887
-0,03028186
-0,004512364
0,1110973
-0,005184946
-0,01522006
0,05151332
-0,005184946
-0,01522006
0,05151332
0,02850088
0,05228605
-0,0214878
0,0204201
0,06484619
-0,01076432
0,0008029073
0,07035583
0,0309901
-0,02000576
0,06798533
0,07936095
-0,03613501
0,05304849
0,1164145
-0,03613501
0,05304849
0,1164145
-0,02640808
0,03448807
0,101289
-0,01417429
0,03591831
0,07266337
-0,01417429
0,03591831
0,07266337
-0,003889565
0,06993485
0,0569297
-0,01530518
0,09757282
0,09679193
-0,03465735
0,1037172
0,1330995
-0,03320513
0,07848924
0,1339906
-0,01989198
0,0517085
0,1063367
-0,01989198
0,0517085
0,1063367
-0,0002505869
0,07685161
0,07331403
-0,005789804
0,1141613
0,08419231
-0,005789804
0,1141613
0,08419231
-0,02452756
0,1435733
0,1391655
-0,02802008
0,1096097
0,1430295
-0,01786232
0,06253708
0,1235102
-0,009666304
0,05467295
0,09874308
-0,005236981
0,0680398
0,09432089
-0,005236981
0,0680398
0,09432089
-0,02138148
0,09317434
0,1411943
-0,02138148
0,09317434
0,1411943
-0,02999974
0,02939239
0,1556189
-0,03423177
0,02576679
0,1690704
-0,02489132
0,04681097
0,1455444
-0,03669048
0,09407939
0,2008903
-0,04780223
0,08642504
0,2166159
-0,05348572
0,005321796
0,2352964
-0,03598255
-0,04339456
0,2300718
-0,03598255
-0,04339456
0,2300718
0,01193188
-0,01585611
0,1664834
0,0169457
0,046604
0,1811925
-0,01184707
0,07148014
0,2518057
closestDistance
0,2145656
0,2080226
0,197374
0,1884215
0,1829809
0,1686812
0,1666236
0,1515806
0,1547209
0,1463932
0,137778
0,1374707
0,1286291
0,1235848
0,1166956
0,1176673
0,1138906
0,1129426
0,1124693
0,1100288
0,1066882
0,103617
0,09887051
0,1019091
0,09795117
0,09150635
0,08100104
0,08328547
0,08058651
0,07451469
0,07292292
0,06911399
0,0582343
0,05429459
0,05401258
0,05149676
0,05099188
0,0509469
0,05127542
0,0529857
0,05370415
0,05384525
0,05045552
0,05149685
0,05200522
0,05319634
0,05240386
0,04994805
0,04918396
0,04691742
0,04707289
0,04698702
0,04371451
0,04437206
0,04081482
0,04233832
0,07222576
0,07318154
0,07534119
0,07107317
0,07826802
0,07615549
0,07250541
0,07072995
0,06657001
0,06974375
0,06680278
0,072492
0,06903755
0,06295448
0,07893322
0,06610878
0,08675691
0,09020841
0,09536462
0,09552322
0,102375
0,09843003
0,09978919
0,1126309
0,1049603
0,1055319
0,1053645
0,1105759
0,1090414
0,1119457
0,1151762
0,1117176
0,1102821
0,1154822
0,110704
0,1132074
0,1162095
0,1184624
0,1150015
0,1172085
0,1193279
0,1219135
0,1252054
0,1208923
0,1226945
0,1248317
0,1289919
0,1215317
0,1253111
0,127527
0,1324237
0,0858908
0,11144
0,1133049
0,107264
0,1255206
0,07761972
0,06381311
0,06088368
0,08151825
0,07718506
0,08429059
0,06875898
0,0372616
0,03904499
0,06624912
0,06385434
0,06566105
0,07339592
0,04371885
0,04296546
0,04720734
0,06834928
0,05037349
0,0717141
0,08496092
0,07273755
0,07192473
0,07528015
0,08815491
0,09261515
0,08816663
0,08414598
0,08799163
0,09852014
0,09021899
0,0961716
0,1036828
0,1116464
0,1058641
0,100924
0,1022329
0,1089785
0,1057278
0,1067338
0,1077633
0,1091893
0,1103178
0,1107128
0,1108856
0,111541
0,1120553
0,112421
0,118634
0,1096757
0,1137703
0,1161718
0,119308
0,1135743
0,1199699
0,1155246
0,1192387
0,111465
0,1182551
0,1118724
0,1154042
0,1170521
0,1185003
0,1104405
0,1135097
0,1151679
0,1168378
0,1188844
0,108472
0,1091718
0,1102723
0,1114051
0,1129334
0,1041406
0,1050516
0,1057013
0,1054351
0,1029184
0,1001286
0,09768222
0,09817835
0,1015152
0,1030152
0,1032537
0,09953681
0,09606635
0,09283914
0,1008471
0,101511
0,1018361
0,1041184
0,1061626
0,1075444
0,1078164
0,09736777
0,09779393
0,1004344
0,1034462
0,1067385
0,09843562
0,09848198
0,0985484
0,09989759
0,1021231
0,1048044
0,1089137
0,1035647
0,1075303
0,10268
0,1079457
0,1134518
0,1034457
0,1101868
0,1109788
0,101389
0,1067472
0,1083623
0,1094504
0,1085372
0,1075248
0,1069776
0,1080549
0,1096942
0,1099519
0,1134894
0,1106825
0,1090289
0,1058378
0,1066996
0,1068214
0,1067974
0,0766218
0,09022535
0,07091279
0,07541508
0,09147826
0,08375111
0,08389504
0,08362249
0,07635995
0,07864679
0,08416051
0,08951236
0,0884274
0,08321792
0,08612639
0,08820775
0,0883044
0,08812631
0,08828611
0,08943529
0,09266728
0,09586545
0,08918272
0,09184799
0,08520979
0,08697945
0,1008548
0,1002761
0,09952747
0,09931184
0,1005295
0,09141152
0,1060342
0,1067652
0,0960538
0,09603553
0,09492555
0,1049056
0,1035715
0,08977846
0,08792783
0,08595183
0,08392405
0,09344957
0,09166414
0,08998795
0,0885072
0,09684735
0,09625903
0,08231927
0,08191922
0,0822102
0,08355567
0,08606257
0,08080306
0,08912103
0,07361618
0,0863322
0,08661051
0,08844406
0,07803134
0,08255638
0,09259584
0,08943925
0,08954529
0,08929493
0,09009837
0,08632129
0,08344923
0,07996963
0,0832957
0,08119339
0,08078752
0,09236941
0,09291641
0,07909818
0,08366221
0,08949883
0,09585939
0,08587508
0,0873453
0,09280013
0,09430511
0,09349103
0,09097564
0,08833436
0,08671182
0,08344667
0,0842031
0,08596778
0,0887088
0,08944777
0,08801655
0,08618921
0,09341274
0,0911587
0,08962625
0,08848677
0,08747584
0,08615967
0,0743386
0,07369721
0,07593413
0,08872015
0,0913446
0,09199118
0,09025776
0,08706494
0,08458409
0,08906788
0,08592087
0,08477423
0,08471791
0,08489574
0,08502343
0,0842976
0,08205134
0,08565737
0,08325735
0,08182842
0,08151917
0,08991712
0,08553288
0,07836539
0,08540892
0,09568749
0,09842985
0,1006833
0,1012678
0,101908
0,102994
0,1072602
0,1006718
0,103793
0,1065738
0,1079056
0,1093436
0,11228
0,1124613
0,1161983
0,09723818
0,1009199
0,1039889
0,1089842
0,1045517
0,1084753
0,1030611
0,1065253
0,1110313
0,1083867
0,101727
0,1071126
0,1146063
0,1112989
0,1079486
0,1187205
0,1156487
0,09898034
0,0943469
0,1012414
0,1066818
0,1022537
0,1054004
0,1017129
0,1067886
0,1091987
0,09903253
0,1065379
0,1047716
0,1076328
0,1135135
0,1104613
0,1033028
0,1029862
0,1050478
0,109051
0,1110003
0,1054423
0,1060813
0,09974994
0,09788693
0,09800098
0,09498681
0,09547231
0,09325638
0,09247146
0,1072601
0,1071354
0,09490299
0,09670119
0,1014477
0,1042743
0,09563972
0,09712249
0,117025
0,1169966
0,1158082
0,0941423
0,1203085
0,1035418
0,0933026
0,09228449
0,1250519
0,1288841
0,09807119
0,09670689
0,1191285
0,1209145
0,1134004
0,1187945
0,1172632
0,1092153
0,1136032
0,109474
0,1094596
0,125393
0,1115556
0,1106944
0,1103603
0,1121551
0,1081964
0,1160097
0,1179972
0,1478454
0,1240746
0,1610427
0,1023411
0,09874763
0,107251
0,1149914
0,1000266
0,1050375
0,09905373
0,09860911
0,06625577
0,1001061
0,1112457
0,1056214
0,08867411
0,07670672
0,1006061
0,07811034
0,07879584
0,076216
0,09994153
0,1038465
0,07807949
0,09245744
0,1019195
0,09733884
0,09682335
0,08844887
0,09544045
0,1001887
0,09762029
0,09316752
0,172561
0,1028519
0,09766373
0,09138149
0,1572307
0,1135958
0,09651759
0,1221479
0,09536599
0,1219088
0,1284538
0,1029872
0,1005181
0,09324023
0,09437715
0,0954022
0,09782955
0,1009692
0,06720877
0,06310813
0,06500075
0,06064435
0,1030621
0,09912746
0,09087882
0,09817134
0,09625435
0,09142756
0,09439228
0,1012412
0,105386
0,1016278
0,107326
0,1024188
0,1105751
0,1018321
0,1051023
0,1109847
0,1042486
0,1081662
0,1050457
0,103884
0,1068119
0,09902737
0,1012246
0,1063128
0,1089225
0,1032595
0,1009545
0,102456
0,1041273
0,1058879
0,1098187
0,1034543
0,1060339
0,1080784
0,1007945
0,1024802
0,1043421
0,1061035
0,1074753
0,100162
0,1035929
0,1057463
0,1075948
0,1000185
0,1007806
0,1013563
0,1019314
0,1029276
0,1059711
0,1092137
0,1035875
0,1054629
0,106608
0,1070063
0,1071558
0,1092322
0,1091553
0,1049027
0,109659
0,1048165
0,1071287
0,1064206
0,1052471
0,1040226
0,1041357
0,105201
0,1070887
0,1096354
0,1111253
0,103411
0,1030272
0,1019857
0,1096072
0,1097478
0,1135229
0,1088828
0,1120213
0,1132209
0,1129675
0,1121399
0,1124189
0,1156657
0,1201939
0,1179822
0,1339644
0,1345259
0,1008252
0,1006934
0,1002276
0,1428567
0,141249
0,1393317
0,1375311
0,1364105
0,1359336
0,135761
0,136021
0,1357123
0,1405088
0,1396969
0,1391272
0,1388469
0,1388844
0,1395003
0,1398987
0,1400592
0,1076652
0,1062788
0,1049241
0,1365327
0,1363714
0,1357677
0,1349844
0,1342995
0,1327676
0,1310124
0,1294479
0,1081163
0,1065827
0,1052664
0,1329235
0,1320557
0,1314578
0,1006167
0,09964063
0,09855121
0,09758418
0,1018604
0,09950223
0,09732635
0,09621224
0,09560195
0,09538593
0,1023895
0,1019228
0,1290464
0,08405215
0,08767491
0,09463464
0,09386426
0,09398101
0,09451976
0,09558184
0,08753446
0,08804382
0,08967335
0,09283651
0,09701826
0,09308253
0,1024021
0,1025466
0,1031147
0,1035777
0,09998626
0,06989247
0,07060083
0,07086422
0,08773075
0,06940234
0,08385558
0,08314674
0,06612368
0,09053586
0,07123051
0,06842609
0,09612494
0,07061313
0,1044891
0,1054253
0,1060394
0,09797239
0,09828415
0,09869263
0,09907173
0,09936962
0,09953249
0,09911151
0,09855778
0,09790116
0,09721198
0,09648031
0,09582292
0,09541555
0,1030307
0,101704
0,1002026
0,09864176
0,09733726
0,09649564
0,09568885
0,09476274
0,09370483
0,1011216
0,09877788
0,09591661
0,09335967
0,1008537
0,1001096
0,09972829
0,09839309
0,09681386
0,09503126
0,09303132
0,09326386
0,09101269
0,09829209
0,09837269
0,09883279
0,09931114
0,09919566
0,09885934
0,09833197
0,09782233
0,0976701
0,09789199
0,09867721
0,0993365
0,09986646
0,1001402
0,09103727
0,09053663
0,0899826
0,08994634
0,0900234
0,09011617
0,08971765
0,07133593
0,07663117
0,07690575
0,07684759
0,07663564
0,07613821
0,08032092
0,07988195
0,08005958
0,08087744
0,07544863
0,07473478
0,07885124
0,07687362
0,07524672
0,07438189
0,07452416
0,07476737
0,07486331
0,06786235
0,07249197
0,07084212
0,06925764
0,0734747
0,07205165
0,07135728
0,0713202
0,07126109
0,06983386
0,06815593
0,07188045
0,06982423
0,07446685
0,07318977
0,07147075
0,07041296
0,06899322
0,06666303
0,07573131
0,07490445
0,07360963
0,07199024
0,06934336
0,07481829
0,07724307
0,07622325
0,07587332
0,0704065
0,07089408
0,07596891
0,07500941
0,07297207
0,0712309
0,06909303
0,06675116
0,06755314
0,1006093
0,1025852
0,1061142
0,09947018
0,07395513
0,07029409
0,07370076
0,09841338
0,1062544
0,06732168
0,06050861
0,1043249
0,1121339
0,1188124
0,1133357
0,1181254
0,1122251
0,1083247
0,1147991
0,0640877
0,07212899
0,1021833
0,1058464
0,06605923
0,06261509
0,0896716
0,08588386
0,09127901
0,08721369
0,08459076
0,1094883
0,09711664
0,09619228
0,09530661
0,09430337
0,1060849
0,1014862
0,1034002
0,1066779
0,1094021
0,1046812
0,1042161
0,1032685
0,1026223
0,1027689
0,1020859
0,1081877
0,1073615
0,1083286
0,09592609
0,09628518
0,09684808
0,1257284
0,1129891
0,1133369
0,1134339
0,1144989
0,1162211
0,1186148
0,1214397
0,1040881
0,1070734
0,1090276
0,09658067
0,0980296
0,09940925
0,09969145
0,1001558
0,102232
0,1042889
0,1058658
0,1085581
0,1118256
0,1061856
0,1114823
0,1079124
0,1133377
0,107284
0,1072219
0,1116161
0,1031025
0,0794074
0,1075889
0,1100587
0,09672345
0,1052768
0,1040883
0,1073624
0,109814
0,1095763
0,1097024
0,1141234
0,1062237
0,1065856
0,1114613
0,106281
0,1087321
0,1072194
0,1088983
0,1160172
0,08245715
0,09913366
0,1044312
0,09420173
0,08367158
0,1020494
0,1116019
0,1125751
0,1009253
0,1125985
0,1120413
0,1557666
0,1138656
0,1247511
0,1093809
0,1111091
0,07827877
0,07348429
0,07037855
0,07097556
0,07317119
0,07072593
0,06553398
0,07022829
0,07066392
0,07045048
0,06876647
0,07821833
0,07954099
0,08402054
0,07150024
0,06854019
0,07906554
0,0819544
0,07072822
0,06217753
0,06936827
0,07490712
0,07433656
0,07116133
0,06455897
0,0719146
0,07170609
0,06205666
0,06466866
0,0679235
0,06596445
0,0685538
0,06135453
0,06369846
0,0697584
0,06792433
0,06293686
0,06816573
0,06628405
0,06486849
0,07237665
0,07062114
0,0682492
0,06730869
0,06459629
0,07079624
0,06837926
0,06205198
0,1037569
0,09711389
0,09943599
0,1032132
0,1051932
0,09888842
0,102608
0,10398
0,1077948
0,09774783
0,100971
0,1063126
0,09900882
0,1023216
0,1056163
0,09914776
0,1011847
0,1024205
0,1050463
0,09980656
0,1064279
0,1086333
0,1011748
0,1020239
0,10428
0,1068798
0,1096714
0,112662
0,1029817
0,1067846
0,1089073
0,1000716
0,09967226
0,09939957
0,1011243
0,1039305
0,107376
0,1117296
0,1061191
0,1082252
0,1084248
0,1082261
0,108088
0,1088273
0,1031188
0,1066991
0,1099447
0,1034687
0,1046629
0,1050003
0,1040597
0,1034403
0,1032069
0,1036612
0,1051905
0,1069529
0,1083677
0,1090575
0,1094833
0,1097439
0,1093401
0,1083225
0,1069681
0,1059885
0,1068979
0,1088265
0,1110377
0,1126145
0,1135534
0,113747
0,1119657
0,1110081
0,1112393
0,1138074
0,1179493
0,1086057
0,1132329
0,08626712
0,1077915
0,1056421
0,1053521
0,1132289
0,1146201
0,1153338
0,1084836
0,1086129
0,1088422
0,1108756
0,1139042
0,08557078
0,08422286
0,1145623
0,1151138
0,1162204
0,1177842
0,1197853
0,08851776
0,08757643
0,08688087
0,08673857
0,08654332
0,0862617
0,08580759
0,08504319
0,08438703
0,08396668
0,09277362
0,08422267
0,08437366
0,08429946
0,08377735
0,08309117
0,09131085
0,09101616
0,09081994
0,09070809
0,09115908
0,09040136
0,08955604
0,08868153
0,08825223
0,08812713
0,08833931
0,08837172
0,08820115
0,08766579
0,08667661
0,08578461
0,09421278
0,09403396
0,09372807
0,09324241
0,09242257
0,09145853
0,09072363
0,09062602
0,09083062
0,09099633
0,09099896
0,09042959
0,08973552
0,119016
0,1205714
0,1209392
0,1204779
0,1194727
0,1186578
0,1181771
0,1182351
0,119175
0,1200753
0,1207841
0,1207424
0,1198836
0,1185222
0,1175022
0,1215028
0,1225386
0,1242143
0,1252327
0,09979395
0,09949357
0,09874444
0,07694917
0,07708297
0,07742802
0,07788006
0,0782421
0,07807972
0,0771556
0,07597693
0,09629597
0,09602051
0,09586485
0,0957998
0,09573632
0,09530453
0,1024773
0,1014295
0,09295288
0,09247016
0,08900403
0,08892895
0,08884186
0,08870832
0,08816709
0,08751014
0,09418666
0,0934215
0,09286446
0,09244352
0,09212396
0,09153042
0,09075054
0,08970954
0,09598549
0,09505799
0,09747279
0,09681464
0,09604095
0,09512801
0,09415819
0,09278722
0,0914534
0,09041838
0,08970061
0,09245544
0,09180367
0,09112852
0,09031174
0,0894393
0,08865601
0,08795495
0,08730391
0,08667947
0,08597542
0,08522286
0,08455693
0,08724537
0,08629244
0,08537834
0,08462939
0,09044982
0,08971617
0,08888649
0,08800635
0,08718026
0,0901309
0,08948711
0,08895465
0,08854332
0,08822788
0,08781392
0,08739609
0,08710218
0,08680692
0,08653527
0,08637746
0,08640572
0,0792926
0,0794132
0,07945724
0,07961596
0,07992209
0,08037091
0,1082809
0,1070568
0,1060343
0,1058592
0,1060399
0,1063917
0,1068522
0,1073405
0,1078527
0,1082761
0,1046139
0,106143
0,1073387
0,1082243
0,1088438
0,1091115
0,1093663
0,109687
0,1101485
0,1108582
0,1116165
0,1123303
0,1129044
0,1132912
0,113621
0,1140287
0,114522
0,1152606
0,1161843
0,1119986
0,1127599
0,1134516
0,1140582
0,1145756
0,1152145
0,09614935
0,09678373
0,09719625
0,09764407
0,09851146
0,09885953
0,0988347
0,09855264
0,09819245
0,1125493
0,11299
0,1138283
0,08747711
0,08831517
0,08854824
0,08899423
0,08940648
0,08973179
0,09066471
0,09158565
0,09247643
0,08881374
0,08995691
0,09112309
0,09226611
0,09344309
0,09458417
0,09560543
0,09641188
0,09712904
0,09772807
0,09847394
0,09946971
0,09648981
0,09787066
0,09859839
0,09905329
0,09917109
0,09960641
0,1002222
0,1019858
0,1032227
0,1007748
0,1021386
0,1031223
0,1040365
0,1049097
0,09686113
0,09870552
0,1022383
0,1001406
0,1018368
0,1030511
0,1043889
0,1059662
0,107887
0,1012808
0,1037272
0,107213
0,1087746
0,1101554
0,1071684
0,1113442
0,1002183
0,1017311
0,1042329
0,1057293
0,1077725
0,1101887
0,07915061
0,0771087
0,07524959
0,07350033
0,07000901
0,06745532
timeStamps
3,38371
3,397578
3,411512
3,42561
3,439493
3,453435
3,467371
3,481176
3,495368
3,509031
3,523024
3,537271
3,550829
3,564765
3,578727
3,592656
3,606863
3,621624
3,634872
3,648678
3,662268
3,67646
3,690409
3,704038
3,717944
3,732128
3,74638
3,761512
3,775837
3,801163
3,815931
3,831048
3,856672
3,871767
3,886798
3,9126
3,940519
3,95614
3,982143
3,997497
4,024006
4,03959
4,066195
4,093832
4,109538
4,135536
4,151217
4,177094
4,192386
4,219448
4,235311
4,260944
4,288926
4,304896
4,330555
4,346359
4,372188
4,387927
4,414164
4,430182
4,455666
4,471575
4,497408
4,513412
4,539297
4,567724
4,59564
4,62322
4,651494
4,679026
4,695298
4,720613
4,748811
4,776489
4,804314
4,832036
4,860398
4,887917
4,916
4,944021
4,971627
4,999473
5,027812
5,055262
5,083413
5,110966
5,138793
5,166747
5,194548
5,2223
5,250302
5,278187
5,30632
5,333918
5,361648
5,389454
5,417517
5,445212
5,473316
5,5009
5,529238
5,556583
5,584756
5,612295
5,64063
5,668325
5,696087
5,723604
5,751466
5,779623
5,807275
5,835037
5,863026
5,890842
5,918777
5,946613
5,974576
6,002263
6,03018
6,057994
6,085849
6,11379
6,14193
6,169504
6,197199
6,225083
6,253082
6,280898
6,309088
6,336425
6,364625
6,39211
6,419944
6,448012
6,475726
6,503801
6,531526
6,559147
6,587167
6,615232
6,643435
6,670835
6,69876
6,726447
6,75421
6,78201
6,809725
6,825366
6,851578
6,879152
6,895112
6,921035
6,949262
6,976909
7,004627
7,02066
7,04671
7,073741
7,089357
7,115491
7,131198
7,157721
7,185197
7,200842
7,226906
7,242483
7,268811
7,283834
7,298817
7,324361
7,339268
7,366158
7,380658
7,395039
7,41016
7,435656
7,45066
7,464554
7,47872
7,493331
7,507175
7,53276
7,546669
7,560838
7,575345
7,58914
7,603303
7,617829
7,631114
7,644998
7,660002
7,673933
7,700163
7,714491
7,728717
7,75624
7,770577
7,785924
7,799948
7,82563
7,839845
7,853734
7,868604
7,882648
7,897178
7,910983
7,936922
7,951729
7,96555
7,980474
8,006256
8,020259
8,035025
8,048894
8,063008
8,077711
8,09106
8,104965
8,118549
8,131833
8,145576
8,159641
8,173882
8,187721
8,20152
8,215749
8,229689
8,243586
8,257898
8,271505
8,28566
8,299712
8,31325
8,327325
8,341483
8,355061
8,369041
8,383289
8,397226
8,410728
8,42505
8,438586
8,45277
8,46678
8,480367
8,49437
8,508545
8,522257
8,536375
8,550434
8,564012
8,578092
8,592198
8,605819
8,619704
8,633845
8,647515
8,661497
8,675886
8,689238
8,70325
8,717634
8,731094
8,744962
8,758913
8,772955
8,786981
8,800542
8,814601
8,828769
8,842461
8,856514
8,870304
8,88453
8,898161
8,912387
8,926161
8,939943
8,954185
8,96778
8,981885
8,995966
9,00966
9,023282
9,037583
9,051265
9,06534
9,07932
9,092948
9,106912
9,120862
9,134938
9,148738
9,162824
9,176576
9,190866
9,204427
9,218516
9,232604
9,246294
9,260612
9,274383
9,288082
9,302062
9,315734
9,329775
9,343931
9,35749
9,371428
9,385697
9,399673
9,413212
9,427473
9,441197
9,45497
9,469094
9,482847
9,496918
9,510906
9,525079
9,538465
9,552561
9,566518
9,580674
9,594799
9,60823
9,622941
9,636649
9,650213
9,663566
9,677572
9,691386
9,70539
9,719435
9,733546
9,747516
9,761208
9,775181
9,789097
9,803336
9,818021
9,831673
9,845265
9,859205
9,872803
9,88647
9,900591
9,915034
9,928152
9,942384
9,95664
9,970144
9,984473
9,998361
10,01252
10,02752
10,04116
10,05521
10,06883
10,09447
10,1097
10,12411
10,13799
10,15196
10,17805
10,19201
10,20641
10,22191
10,23635
10,2616
10,27615
10,29063
10,30533
10,33142
10,34623
10,36143
10,38702
10,40229
10,41722
10,44272
10,45874
10,48456
10,50057
10,52656
10,54186
10,56847
10,59615
10,61177
10,63796
10,65404
10,67959
10,70759
10,72342
10,74985
10,7772
10,79375
10,81878
10,84738
10,87489
10,90271
10,93089
10,95854
10,98674
11,01464
11,04219
11,07004
11,09789
11,12582
11,15382
11,18156
11,20931
11,23725
11,26528
11,2929
11,32076
11,3488
11,3764
11,40437
11,43222
11,46002
11,48785
11,5158
11,54411
11,57133
11,59934
11,62702
11,65491
11,68279
11,71058
11,73856
11,76632
11,79425
11,82207
11,85003
11,87822
11,90549
11,93374
11,96118
11,98928
12,01696
12,04483
12,07252
12,10089
12,1282
12,15614
12,18399
12,21179
12,23959
12,26745
12,29573
12,32314
12,35143
12,37885
12,40676
12,43474
12,4626
12,49026
12,51851
12,54607
12,57385
12,60156
12,62964
12,6574
12,68534
12,71314
12,74129
12,76899
12,79694
12,82425
12,85273
12,87999
12,90822
12,93569
12,96349
12,99147
13,01945
13,04736
13,07528
13,10276
13,13101
13,15841
13,18664
13,21412
13,24214
13,26978
13,29787
13,32553
13,35355
13,38128
13,40906
13,43707
13,46479
13,49264
13,52066
13,54838
13,5762
13,60442
13,63185
13,66059
13,68811
13,71544
13,74318
13,7711
13,79918
13,82695
13,85476
13,88282
13,9104
13,93806
13,96608
13,9941
14,02189
14,05008
14,0773
14,10529
14,13305
14,16087
14,18879
14,2171
14,24446
14,27296
14,30017
14,32841
14,35575
14,38396
14,41149
14,42771
14,45528
14,48284
14,51032
14,53757
14,5534
14,58135
14,59811
14,61377
14,64183
14,65772
14,67394
14,70016
14,71712
14,74286
14,75841
14,77372
14,79953
14,81524
14,84172
14,85649
14,87046
14,88471
14,90008
14,92551
14,93973
14,95448
14,96876
14,9832
14,99726
15,01076
15,02441
15,03814
15,05254
15,0785
15,09265
15,10663
15,12067
15,13482
15,14882
15,16287
15,17717
15,19166
15,20497
15,2187
15,23237
15,24629
15,2606
15,27445
15,28823
15,30263
15,31658
15,33031
15,34395
15,35801
15,37223
15,38587
15,39978
15,41374
15,42776
15,44164
15,45609
15,46973
15,4834
15,49749
15,51121
15,5251
15,53907
15,55333
15,5669
15,58083
15,59496
15,60874
15,62257
15,63681
15,65052
15,6644
15,67833
15,69231
15,70626
15,7204
15,73408
15,74807
15,76222
15,7758
15,78975
15,80402
15,81877
15,83176
15,84526
15,85945
15,87323
15,88713
15,90114
15,91485
15,92901
15,94274
15,95666
15,9706
15,98466
15,99868
16,01245
16,02633
16,04057
16,05425
16,06889
16,08224
16,09594
16,10995
16,12384
16,13818
16,15175
16,16588
16,17948
16,1935
16,2078
16,22167
16,23509
16,24917
16,26354
16,27687
16,29083
16,30477
16,31868
16,3329
16,34661
16,36054
16,37472
16,38882
16,40228
16,41668
16,43023
16,44402
16,45811
16,47192
16,48587
16,49987
16,51399
16,52784
16,54144
16,5554
16,56945
16,58334
16,59719
16,61115
16,62521
16,63907
16,65298
16,66687
16,68079
16,69519
16,70882
16,72261
16,7368
16,75051
16,76467
16,7785
16,792
16,80709
16,82074
16,83411
16,84773
16,86126
16,87513
16,88918
16,90304
16,91727
16,93116
16,94496
16,95893
16,97293
16,98692
17,00115
17,01465
17,02898
17,04329
17,05745
17,07066
17,08491
17,09955
17,11261
17,12691
17,14022
17,15375
17,16738
17,18137
17,19563
17,20923
17,22327
17,2372
17,25124
17,26522
17,27924
17,29313
17,30725
17,32144
17,33484
17,34918
17,36273
17,37697
17,39057
17,40451
17,41877
17,4324
17,44652
17,46082
17,47411
17,48809
17,50187
17,51603
17,52978
17,54368
17,5581
17,57178
17,5854
17,59955
17,61339
17,62758
17,64157
17,65527
17,66937
17,68369
17,69696
17,71098
17,72458
17,73915
17,75309
17,76635
17,78061
17,7944
17,80837
17,82305
17,83659
17,8503
17,86373
17,87761
17,89181
17,90663
17,91986
17,93376
17,94753
17,96199
17,97575
17,98981
18,00355
18,01766
18,03203
18,04674
18,07229
18,08694
18,10132
18,11575
18,12963
18,14366
18,16934
18,18371
18,19884
18,22525
18,23995
18,2547
18,26899
18,28347
18,30842
18,32333
18,33877
18,36431
18,37904
18,39486
18,41993
18,43562
18,4501
18,47548
18,49015
18,50529
18,51959
18,54561
18,57326
18,5888
18,61533
18,6312
18,65702
18,6727
18,69874
18,71404
18,74097
18,76856
18,79653
18,81293
18,83825
18,86628
18,89437
18,92191
18,94975
18,97796
19,00593
19,03347
19,0616
19,08941
19,11711
19,14497
19,17299
19,20067
19,22856
19,2563
19,28418
19,3126
19,33999
19,36784
19,39544
19,42385
19,45116
19,4794
19,50678
19,53484
19,56269
19,59097
19,61841
19,64631
19,67397
19,70184
19,72972
19,75777
19,78531
19,81329
19,84108
19,86913
19,89679
19,92464
19,95251
19,98075
20,00813
20,0362
20,06389
20,09222
20,11946
20,14739
20,1753
20,20346
20,23085
20,25896
20,28653
20,31459
20,34223
20,3702
20,39795
20,42593
20,45379
20,48153
20,50937
20,5374
20,56506
20,59314
20,62075
20,64876
20,67686
20,70425
20,73209
20,75998
20,78781
20,81571
20,84373
20,87144
20,89915
20,92709
20,95497
20,98294
21,01044
21,03848
21,06672
21,09418
21,12217
21,1498
21,1775
21,2056
21,23329
21,26126
21,28908
21,31694
21,34509
21,37268
21,40043
21,42831
21,45606
21,48394
21,51175
21,5397
21,56766
21,59538
21,62368
21,65116
21,67878
21,70675
21,73484
21,7624
21,79067
21,818
21,84649
21,87376
21,90142
21,92937
21,95716
21,98525
22,01289
22,04096
22,06856
22,09652
22,12446
22,15304
22,18004
22,20808
22,23609
22,26385
22,29118
22,31923
22,34691
22,37525
22,40265
22,43056
22,4585
22,48628
22,5141
22,54209
22,5699
22,59809
22,62547
22,65377
22,68112
22,70944
22,73694
22,75356
22,78047
22,80775
22,82332
22,83908
22,86604
22,88245
22,91156
22,92737
22,94293
22,96986
22,98629
23,01269
23,02936
23,0549
23,0707
23,09736
23,12512
23,14018
23,16771
23,18272
23,19775
23,22301
23,23777
23,2521
23,2665
23,28095
23,30661
23,32157
23,33578
23,35065
23,37604
23,39018
23,40498
23,4191
23,4328
23,44704
23,46134
23,47497
23,4888
23,50335
23,51678
23,53034
23,54366
23,55707
23,57098
23,58535
23,59909
23,61348
23,62769
23,64118
23,65518
23,66921
23,68324
23,69697
23,71139
23,72564
23,73876
23,75315
23,76669
23,78066
23,79464
23,80894
23,82258
23,83643
23,85036
23,86439
23,87827
23,89251
23,90627
23,92005
23,93405
23,94822
23,96202
23,97576
23,98967
24,00392
24,01779
24,03171
24,04524
24,05955
24,07308
24,08735
24,10138
24,11532
24,12881
24,14272
24,29623
24,31005
24,32439
24,3384
24,35205
24,3657
24,37937
24,39344
24,40753
24,42115
24,43505
24,44918
24,46293
24,47687
24,49091
24,50482
24,51876
24,5326
24,54662
24,56052
24,57479
24,58841
24,60262
24,61656
24,63039
24,64411
24,6583
24,67188
24,68585
24,70006
24,71358
24,72751
24,74189
24,75536
24,76931
24,78347
24,79712
24,81108
24,82513
24,83899
24,85296
24,86683
24,88084
24,89502
24,90866
24,92272
24,93696
24,95031
24,96442
24,97838
24,99207
25,00601
25,0199
25,03402
25,04793
25,06213
25,07563
25,08953
25,10349
25,11742
25,1314
25,14555
25,15919
25,17328
25,18771
25,20096
25,21498
25,22882
25,24302
25,25668
25,27057
25,28454
25,29854
25,31246
25,32637
25,34079
25,35403
25,36808
25,3819
25,39591
25,40991
25,42406
25,43758
25,45159
25,46585
25,47958
25,49327
25,50754
25,52126
25,53523
25,54926
25,56295
25,57693
25,5912
25,60483
25,6187
25,63261
25,64648
25,66041
25,6747
25,68818
25,70223
25,71628
25,72997
25,74404
25,75784
25,77181
25,78571
25,79982
25,81353
25,82758
25,84171
25,85538
25,86933
25,88341
25,8973
25,91129
25,92496
25,93908
25,95278
25,96679
25,98066
25,9946
26,00844
26,02283
26,03621
26,05021
26,06415
26,0781
26,092
26,1062
26,12015
26,13387
26,14795
26,16164
26,17551
26,18953
26,20361
26,21775
26,2312
26,2456
26,25909
26,27301
26,28696
26,30133
26,31471
26,32866
26,34261
26,3565
26,37045
26,38459
26,39828
26,41232
26,42637
26,44015
26,45398
26,46807
26,48185
26,496
26,50967
26,52373
26,53787
26,5514
26,56546
26,57969
26,59355
26,60708
26,62135
26,63521
26,64906
26,66297
26,67656
26,69086
26,70447
26,7187
26,73263
26,74642
26,76051
26,7744
26,788
26,80194
26,81586
26,82984
26,84376
26,85778
26,87204
26,88661
26,90197
26,91644
26,93095
26,94598
26,96123
26,97632
26,99072
27,00593
27,02022
27,03494
27,04934
27,06388
27,07815
27,09237
27,10684
27,12116
27,135
27,1489
27,16379
27,17799
27,19211
27,21937
27,23377
27,24846
27,26188
27,27518
27,28911
27,3023
27,31649
27,33053
27,34438
27,35812
27,37226
27,38635
27,40014
27,41407
27,42839
27,44296
27,45635
27,47086
27,48435
27,49781
27,51163
27,52577
27,5395
27,55383
27,56857
27,58193
27,59591
27,60903
27,62366
27,63809
27,6514
27,66475
27,67966
27,69376
27,70783
27,73413
27,74818
27,76224
27,77732
27,79091
27,80494
27,81967
27,83308
27,84707
27,87306
27,88717
27,90188
27,91566
27,92972
27,9442
27,95841
27,97237
27,98669
28,0121
28,02693
28,04139
28,05645
28,08182
28,09689
28,11176
28,13771
28,15205
28,16702
28,18098
28,20749
28,22152
28,23623
28,25125
28,27715
28,29203
