participantNumber
3
repetitionNum
3
sdfEnabled
0
taskTime
17,292
numHits
20
positionDifference
0,1271599
angleDifference
109,4128
finalPosX
-0,04170333
finalPosY
-0,06025264
finalPosZ
0,9090566
finalRotX
295,1822
finalRotY
219,4273
finalRotZ
129,6356
taskType
easyWire
velocityMagnitude
0,3233685
0,3233685
0,4481646
0,2091383
0,2091383
0,4039235
0,3367536
0,3367536
0,6122785
0,0549092
0,03149232
0,03149232
0,2889265
0,2737649
0,2737649
0,1564225
0,08725942
0,08725942
0,1548905
0,07644699
0,09217129
0,09217129
0,1602827
0,0987616
0,0987616
0,1330817
0,1350968
0,1350968
0,1016372
0,05894228
0,05894228
0,2329477
0,1575944
0,08795723
0,08795723
0,1136938
0,09691876
0,09691876
0,1951376
0,1368543
0,1368543
0,2570681
0,1448164
0,1920785
0,1920785
0,2552128
0,02943635
0,02943635
0,2311769
0,2505342
0,2505342
0,8867097
0,4248004
0,2663729
0,2663729
0,3970918
0,1320023
0,1320023
0,4182248
0,05563048
0,05563048
0,4331493
0,13154
0,13154
0,5662297
0,2987419
0,2109333
0,2109333
0,3411888
0,3386956
0,3386956
0,4380294
0,2264536
0,2264536
0,2321844
0,1879526
0,2939575
0,2939575
0,4176764
0,07088643
0,07088643
0,5160316
0,23126
0,23126
0,4318164
0,17319
0,17319
0,6060094
0,1215749
0,2235583
0,2235583
0,4775633
0,1716528
0,1716528
0,4242044
0,2513655
0,2513655
0,1972513
0,1101316
0,1354893
0,1354893
0,4402204
0,1917564
0,1917564
0,3994077
0,1500384
0,1500384
0,4201993
0,2603927
0,2603927
0,2257743
0,1652451
0,1302378
0,1302378
0,2891968
0,2220464
0,2220464
0,2546512
0,267184
0,267184
0,3714414
0,0638981
0,1805787
0,1805787
0,4756894
0,2064389
0,2064389
0,05069482
0,157208
0,157208
0,3127097
0,3301238
0,1406694
0,1406694
0,1851058
0,2616025
0,2616025
0,3947839
0,1087944
0,1087944
0,2131887
0,35342
0,35342
0,3598667
0,2155171
0,109753
0,109753
0,25262
0,1453147
0,1453147
0,07809456
0,3168589
0,3168589
0,5259151
0,1597581
0,1597581
0,1746157
0,2404696
0,1355015
0,1355015
0,3779573
0,4378346
0,4378346
0,7268753
0,1419812
0,1419812
0,390983
0,2897071
0,4145379
0,4145379
0,8272448
0,2797042
0,2797042
0,2869247
0,2211459
0,2211459
0,3059206
0,120123
0,1615786
0,1615786
0,2031255
0,02579432
0,02579432
0,19404
0,01424099
0,01424099
0,1954186
0,1385503
0,1385503
0,182857
0,07975325
0,08906356
0,08906356
0,1649746
0,0392255
0,0392255
0,2210851
0,226094
0,226094
0,3450788
0,1347417
0,05339856
0,05339856
0,0222827
0,08424243
0,08424243
0,1320194
0,1176205
0,1176205
0,1050801
0,1691224
0,1691224
0,3592145
0,2056367
0,2788656
0,2788656
0,411121
0,1151688
0,1151688
0,2210909
0,02667648
0,02667648
0,1455015
0,2261509
0,2353022
0,2353022
0,2917285
0,1977993
0,1977993
0,6452081
0,257809
0,257809
0,335246
0,07023293
0,07023293
0,2606173
0,08232943
0,1330089
0,1330089
0,2722
0,1423657
0,1423657
0,06756624
0,1252241
0,1252241
0,1669031
0,09090988
0,04811405
0,04811405
0,3566418
0,2770477
0,2770477
0,189894
0,2678351
0,2678351
0,7388238
0,2202693
0,2202693
0,1396723
0,1551827
0,2493521
0,2493521
0,8074574
0,2707652
0,2707652
0,6252988
0,6774819
0,6774819
0,6786414
0,02321851
0,2682712
0,2682712
0,6260102
0,4432943
0,4432943
1,780362
0,9289163
0,9289163
0,8615677
0,2818416
0,5666838
0,5666838
0,9965133
0,2887036
0,2887036
0,7760307
0,2977751
0,2977751
0,2174933
0,2508812
0,2753358
0,2753358
0,4691342
0,118156
0,118156
0,1988521
0,1209809
0,1209809
0,2881777
0,2937243
0,2937243
0,7703593
0,2180995
0,1969605
0,1969605
0,4065138
0,4239229
0,4239229
0,9440494
0,4749353
0,4749353
0,1423876
0,08960479
0,08960479
0,2270802
0,4349476
0,389386
0,389386
0,3790055
0,1743933
0,1743933
0,04410601
0,2586665
0,2586665
0,7169544
0,2256082
0,1131308
0,1131308
0,09831101
0,1148165
0,1148165
1,291521
0,5141607
0,5141607
0,04070708
0,5662649
0,585094
0,585094
0,4355817
0,8552685
0,8552685
0,7923062
0,7455688
0,7455688
1,664657
1,043185
1,043185
3,096191
0,5424883
1,30086
1,30086
2,763323
0,406782
0,406782
1,764816
0,678317
0,678317
1,263274
0,8556968
0,3168311
0,3168311
1,082876
0,4244888
0,4244888
0,1304399
0,1000976
0,1000976
0,1914254
0,5356123
0,5356123
1,282917
0,1069041
0,1719743
0,1719743
0,3968439
0,05498264
0,05498264
0,8031745
0,662325
0,662325
0,1799674
0,544699
0,4337532
0,4337532
0,3881511
0,4183587
0,4183587
0,2723674
0,2681388
0,2681388
0,2894762
0,2264159
0,2264159
0,246896
0,1040051
0,1276065
0,1276065
0,2990951
0,1152163
0,1152163
0,3203785
0,1432791
0,1432791
0,09244764
0,1248957
0,2408008
0,2408008
0,5249983
0,2698307
0,2698307
0,2292629
0,2639532
0,2639532
0,1107596
0,1807311
0,1517457
0,1517457
0,1417444
0,1223511
0,1223511
0,507314
0,1439187
0,1439187
0,3092305
0,3570846
0,3570846
0,6967776
0,3176243
0,4815969
0,4815969
0,5470155
0,3545652
0,3545652
0,8376933
0,1207941
0,1207941
0,5831286
0,4615046
0,4649866
0,4649866
1,303043
0,3315285
0,3315285
0,1809262
0,09619682
0,09619682
0,1671281
0,2526915
0,2526915
0,3049132
0,1546806
0,0742386
0,0742386
0,2042368
0,07264583
0,07264583
0,3793652
0,3002752
0,3002752
0,9986606
0,6131942
0,1283968
0,1283968
0,7644771
0,125904
0,125904
0,5911235
0,2033142
0,2033142
0,4493822
0,03896952
0,03896952
0,3881417
0,3105626
0,293527
0,293527
0,6317184
0,09697946
0,09697946
0,2866691
0,3613322
0,3613322
0,8780562
0,3776726
0,567387
0,567387
1,09583
0,4988651
0,4988651
0,9131427
0,3424449
0,3424449
0,8261308
0,4573002
0,2022786
0,2022786
0,755529
0,4016151
0,4016151
0,9800968
0,1628164
0,1628164
0,1207305
0,1752072
0,1752072
0,4376284
0,235045
0,3054172
0,3054172
0,2293883
0,1414322
0,1414322
1,231987
0,4622427
0,4622427
0,4417301
0,1081561
0,1753297
0,1753297
0,8692695
0,4676104
0,4676104
0,7398396
0,6551296
0,6551296
1,282757
1,064097
1,064097
0,7719012
0,9267117
1,426536
1,426536
2,177202
1,520278
1,520278
1,820128
0,7011804
0,7011804
1,207502
1,22156
1,022858
1,022858
0,764517
0,8531078
0,8531078
1,547977
0,2446656
0,2446656
0,9223807
0,5725616
0,5725616
0,5883126
0,7903982
0,9547119
0,9547119
0,6947945
0,1723289
0,1723289
0,9753085
0,7222318
0,7222318
0,377751
0,3456187
0,1208405
0,1208405
0,7504649
0,5398774
0,5398774
0,5899903
0,229515
0,229515
0,3051769
0,4836414
0,4836414
0,9648312
0,3344327
0,1363084
0,1363084
0,5150734
0,1436084
0,1436084
0,6325346
0,2750134
0,2750134
0,3530318
0,06366603
0,03835377
0,03835377
0,9732057
0,5455546
0,5455546
0,3043372
0,2256604
0,2256604
0,9943055
1,323621
1,323621
2,046819
0,1817649
0,4534406
0,4534406
1,140577
0,2026201
0,2026201
2,006109
0,7767031
0,7767031
0,4011365
0,4117372
0,4294602
0,4294602
2,382164
1,952603
1,952603
0,4060469
0,3868908
0,3868908
0,5228708
1,181329
1,221354
1,221354
0,7078744
0,3279549
0,3279549
0,4788123
0,8805198
0,8805198
1,820394
2,222176
2,222176
3,351024
4,296632
5,132269
5,132269
5,98402
7,088174
7,088174
9,462429
10,33811
10,33811
10,73989
11,65782
13,01318
13,01318
13,83669
13,96543
13,96543
14,53378
14,61361
14,61361
15,72186
16,35239
16,35239
16,86806
17,44965
17,07042
17,07042
17,75002
18,33746
18,33746
18,26152
18,52016
18,52016
19,31423
19,32939
19,01556
19,01556
18,54107
18,39734
18,39734
17,43924
17,2872
17,2872
17,68109
17,37497
17,37497
16,59678
16,43504
16,72572
16,72572
16,4573
16,14908
16,14908
16,44486
16,57056
16,57056
17,40307
18,35572
19,00711
19,00711
20,4878
21,33543
21,33543
23,00692
23,09951
23,09951
22,34899
21,60425
21,60728
21,60728
22,33492
22,52377
22,52377
22,8042
23,18703
23,18703
24,3767
24,96338
24,96338
24,96408
24,99864
25,18347
25,18347
25,66227
25,8298
25,8298
25,19208
24,78671
24,78671
23,92792
23,64127
23,5483
23,5483
23,85855
23,90403
23,90403
24,17036
24,51637
24,51637
25,11073
25,26154
25,26154
25,04533
25,1049
25,34061
25,34061
25,00755
24,29945
24,29945
22,39108
22,32091
22,32091
22,9501
0,02307637
0,04129606
0,04129606
0,06245054
0,08254369
0,08254369
0,101806
0,115074
0,115074
0,1285367
0,1394445
0,1394445
0,147602
0,1529659
0,1554436
0,1554436
0,1470976
0,1189908
0,1189908
0,1378853
0,1776343
0,1776343
0,2311984
0,2952178
0,2258634
0,2258634
0,200542
0,1853888
0,1853888
0,1661115
0,1479819
0,1479819
0,1320045
0,12064
0,12064
0,1163952
0,1179305
0,1292372
0,1292372
0,1469832
0,1632207
0,1632207
0,1765608
0,1922954
0,1922954
0,2046262
0,2175129
0,2197685
0,2197685
0,2210754
0,218171
0,218171
0,211121
0,1401296
0,1401296
0,08860265
0,06137719
0,06137719
0,09045338
0,1360999
0,1473312
0,1473312
0,1579231
0,1632536
0,1632536
0,1648758
0,1631893
0,1631893
0,1572478
0,1483245
0,1356901
0,1356901
0,1204883
0,1022892
0,1022892
0,08210879
0,06049243
0,06049243
0,03787979
0,01800554
0,02018637
0,02018637
0,0410388
0,06343287
0,06343287
0,08516783
0,1052118
0,1052118
0,1228172
0,1380955
0,1380955
0,1499385
0,1588359
0,1637514
0,1637514
0,1654286
0,1607493
0,1607493
0,1164355
0,07200177
0,07200177
0,05132522
0,04659847
0,04236491
0,04236491
0,0425067
0,04687059
0,04687059
0,05340444
0,06089475
0,06089475
0,06740906
0,07260986
0,07260986
0,07679096
0,07836757
0,07815851
0,07815851
0,07694479
0,07362312
0,07362312
0,06934762
0,06418926
0,06418926
0,05847283
0,05233626
0,04643966
0,04643966
0,04134253
0,03770471
0,03770471
0,03619929
0,03713171
0,03713171
0,04009236
0,04438554
0,04438554
0,04929601
0,05420441
0,0219794
0,0219794
0,1837853
0,1080154
0,1080154
0,111852
0,1343097
0,1343097
0,2030835
0,05857062
0,1235339
0,1235339
0,2936726
0,3065906
0,3065906
0,4135204
0,2621302
0,2621302
0,8661074
0,08267105
0,08267105
1,515831
2,115713
0,4857248
0,4857248
1,68736
1,589894
1,589894
3,213073
1,83146
1,83146
1,698329
1,628955
0,5881019
0,5881019
1,746274
8,951314
8,951314
9,092858
9,116598
9,116598
9,611746
9,509654
9,46898
9,46898
8,981709
9,054342
9,054342
9,354952
9,245096
9,245096
6,481829
8,723558
8,723558
1,309864
0,166287
0,730236
0,730236
0,9513695
0,8517675
0,8517675
0,266197
1,105618
1,105618
2,856898
3,278743
2,983775
2,983775
2,744607
2,835907
2,835907
3,087993
2,993953
2,993953
3,290734
3,302092
3,302092
3,285638
3,54419
3,851286
3,851286
1,0655
0,6470133
0,6470133
1,014173
0,4462647
0,4462647
0,4077681
0,1948353
0,4221279
0,4221279
0,2604119
0,2814658
0,2814658
0,199399
0,331576
0,331576
0,56133
0,04230506
0,04230506
0,3786106
0,3135393
0,2172299
0,2172299
0,2566223
0,17639
0,17639
0,8761795
0,2362692
0,2362692
0,322808
0,4054177
0,3787445
0,3787445
0,4675333
0,1815773
0,1815773
0,6956348
0,3280731
0,3280731
0,6869119
0,1416358
0,1932836
0,1932836
0,642043
0,2635155
0,2635155
0,5961905
0,3608189
0,3608189
0,3700392
0,05791707
0,05791707
0,387848
0,3758286
0,238095
0,238095
0,3616277
0,160424
0,160424
0,3019907
0,2047557
0,2047557
0,3664925
0,189014
0,4655384
0,4655384
0,5030812
0,5419196
0,5419196
1,41668
1,09674
1,09674
0,920049
0,6723352
0,6723352
1,590069
0,4783335
0,2761638
0,2761638
0,3649611
0,2427323
0,2427323
1,084691
0,7456335
0,7456335
0,7057096
0,1755345
0,3165904
0,3165904
0,4261435
0,30452
0,30452
0,408073
0,2935904
0,2935904
0,7472644
0,3838264
0,3838264
0,5739373
0,2199251
0,09424476
0,09424476
0,2948273
0,2439292
0,2439292
0,7285073
0,4117222
0,4117222
0,1314887
0,2625299
0,4689276
0,4689276
0,06635665
0,4316006
0,4316006
0,8766555
0,2119486
0,2119486
0,2446565
0,1672625
0,1672625
0,1315853
0,3344163
0,1452039
0,1452039
0,5028777
0,1673813
0,1673813
0,2691932
0,145529
0,145529
0,4249808
0,1547491
0,1054171
0,1054171
0,3121639
0,1726768
0,1726768
0,4139955
0,08776487
0,08776487
0,3923837
0,3422216
0,3267581
0,3267581
0,5955942
0,2223699
0,2223699
0,5103641
0,1140812
0,1140812
0,4573093
0,3200767
0,3200767
2,475121
1,114287
0,4993087
0,4993087
1,120637
0,473725
0,473725
0,2840563
0,6654227
0,6654227
1,984856
0,4327702
0,1828632
0,1828632
0,4096419
0,1679478
0,1679478
0,8409587
0,6952978
0,6952978
1,076512
0,0916625
0,0916625
1,305828
0,7809543
0,8673207
0,8673207
1,968834
0,6510606
0,6510606
0,4226621
0,329302
0,329302
0,8347631
0,4007577
0,6645303
0,6645303
0,9842858
0,1235492
0,1235492
0,1578881
0,1104331
0,1104331
0,3553067
0,1674176
0,1674176
0,1718137
0,1451665
0,1535366
0,1535366
0,4544694
0,5422564
0,5422564
0,3338631
0,1939351
0,1939351
1,195346
0,4205379
0,3494513
0,3494513
0,9731632
1,222999
1,222999
1,754279
0,7604032
0,7604032
0,07984691
0,07641768
0,07641768
0,08883259
0,1858253
0,2338403
0,2338403
0,2109488
0,03128674
0,03128674
0,5887728
0,07373136
0,07373136
0,3467209
0,2248523
0,6254149
0,6254149
0,6108031
2,072956
2,072956
0,3203961
0,4556332
0,4556332
0,3665269
0,09288514
0,2069632
0,2069632
0,3544694
0,7455969
0,7455969
0,3685245
0,2309854
0,2309854
0,3963586
0,2820962
0,2820962
0,3271827
0,6088466
0,5638312
0,5638312
0,7168099
0,3367046
0,3367046
0,6608679
0,3779484
0,3779484
0,9441414
0,06718809
0,131227
0,131227
0,3761583
0,6254092
0,6254092
0,4429798
0,8024982
0,8024982
1,002492
0,9966666
0,9966666
velocityComponents
0,1041447
0,08585453
0,2938539
0,1041447
0,08585453
0,2938539
0,1030173
0,3037792
0,312981
0,0474751
0,1435827
0,1444608
0,0474751
0,1435827
0,1444608
0,09341287
0,2478078
0,304991
0,06911922
0,2456404
0,2197415
0,06911922
0,2456404
0,2197415
0,1406894
0,3730755
0,4646569
0,01708241
0,02456382
0,04604161
0,006455183
0,01199804
0,02839267
0,006455183
0,01199804
0,02839267
0,06462038
0,1628522
0,2297431
0,06994233
0,130444
0,2303034
0,06994233
0,130444
0,2303034
0,03752932
0,08584261
0,1252621
0,02335422
0,02864003
0,07904768
0,02335422
0,02864003
0,07904768
0,02576709
0,1121394
0,1036912
0,01663752
0,04734397
0,05767047
0,01543164
0,06607473
0,06238222
0,01543164
0,06607473
0,06238222
0,01641847
0,139712
0,07682145
0,01754798
0,06995276
0,06747246
0,01754798
0,06995276
0,06747246
0,01833159
0,1012711
0,08437335
0,01417659
0,1176585
0,06485879
0,01417659
0,1176585
0,06485879
0,01789872
0,06168056
0,0787735
0,002642162
0,05228277
0,02708733
0,002642162
0,05228277
0,02708733
0,01981258
0,194034
0,1273692
0,01635272
0,1283947
0,08990765
0,01749545
0,02945326
0,08101165
0,01749545
0,02945326
0,08101165
0,01438558
0,01680963
0,1115203
0,01447089
0,03490634
0,08924901
0,01447089
0,03490634
0,08924901
-0,00112392
0,1670955
0,1007795
-0,002013333
0,1230197
0,05992651
-0,002013333
0,1230197
0,05992651
0,01725759
0,1691168
0,1928359
0,0173673
0,07498264
0,1226693
0,01378991
0,1414977
0,1291603
0,01378991
0,1414977
0,1291603
-0,03104173
0,2512972
0,03193319
-0,0135377
0,02317261
0,01209378
-0,0135377
0,02317261
0,01209378
0,000679493
0,1638381
0,1630932
-0,01154803
0,2363252
0,08236766
-0,01154803
0,2363252
0,08236766
-0,1325974
0,8740594
-0,06850064
-0,07000845
0,4088717
-0,09153187
-0,06658528
0,2333642
-0,1098275
-0,06658528
0,2333642
-0,1098275
0,03808979
-0,3886103
0,07220209
0,02244897
-0,05817586
0,1163453
0,02244897
-0,05817586
0,1163453
0,06102566
0,01438686
0,4134983
0,001583621
0,01934869
0,0521332
0,001583621
0,01934869
0,0521332
0,02167318
0,2501807
0,352928
0,001272
0,08968539
0,0962168
0,001272
0,08968539
0,0962168
0,07593352
0,122718
0,5475312
0,05330369
-0,01071785
0,2937526
0,0319466
0,01515271
0,2079487
0,0319466
0,01515271
0,2079487
0,00152383
0,2111401
0,2680063
0,01890697
0,2199094
0,256899
0,01890697
0,2199094
0,256899
-0,004054978
0,3318868
0,28584
-0,002262555
0,1859131
0,1292765
-0,002262555
0,1859131
0,1292765
0,01021121
0,09506475
0,2115846
0,02095029
0,01932662
0,1857787
0,04815441
0,03829803
0,2874464
0,04815441
0,03829803
0,2874464
0,06187055
0,1410812
0,3882289
-0,004329905
0,06204378
0,03401041
-0,004329905
0,06204378
0,03401041
0,03907681
0,313738
0,4078358
0,03022254
0,09641889
0,2080172
0,03022254
0,09641889
0,2080172
0,0701787
0,03510974
0,4246265
0,02429187
0,05491655
0,1624465
0,02429187
0,05491655
0,1624465
0,1053002
0,06603803
0,5931258
0,01556464
0,04197787
0,1130313
-0,003047474
0,1961011
0,1073003
-0,003047474
0,1961011
0,1073003
0,04199203
0,2706248
0,3912359
0,02109557
0,07420816
0,1533389
0,02109557
0,07420816
0,1533389
0,05322527
0,1587033
0,3897816
0,02631675
0,158409
0,1933873
0,02631675
0,158409
0,1933873
-0,02051238
0,1934107
0,03285706
-0,009567291
0,1066796
0,02563
0,006755441
0,09781905
0,09350479
0,006755441
0,09781905
0,09350479
0,02941769
0,3130138
0,3081411
0,02077613
0,1217663
0,1466691
0,02077613
0,1217663
0,1466691
0,04833974
0,2203908
0,329572
0,01556799
0,09908453
0,1115859
0,01556799
0,09908453
0,1115859
-0,0254944
0,4080594
0,09697974
0,008718297
0,2154686
0,1459509
0,008718297
0,2154686
0,1459509
0,009308755
0,1854826
0,1283884
-0,005558878
0,1588039
0,04534721
-0,00585448
0,1251869
0,03543794
-0,00585448
0,1251869
0,03543794
0,05738996
0,03567748
0,2811909
0,03189798
0,1077656
0,1915038
0,03189798
0,1077656
0,1915038
-0,03783181
0,2507493
-0,02325475
-0,04194081
0,2624869
-0,02699792
-0,04194081
0,2624869
-0,02699792
-0,07734038
0,3457077
-0,1116842
0,005898997
0,0206098
0,06019473
0,04622675
-0,08660555
0,1515627
0,04622675
-0,08660555
0,1515627
0,1075441
-0,3287815
0,3265232
0,03823284
-0,1790397
0,09539425
0,03823284
-0,1790397
0,09539425
-0,0004010275
0,009631366
0,04976988
0,01802873
0,05658902
0,1455575
0,01802873
0,05658902
0,1455575
0,04044008
0,04303381
0,3070831
0,02574343
0,1780547
0,276795
0,001856312
0,09086803
0,1073658
0,001856312
0,09086803
0,1073658
-0,01252983
0,1421496
0,117901
0,005386956
0,1765877
0,1929343
0,005386956
0,1765877
0,1929343
-0,08376613
0,3796361
-0,06865859
0,01753177
-0,05245656
0,09368658
0,01753177
-0,05245656
0,09368658
-0,04190318
0,2087675
0,01047254
0,06201845
0,01797602
0,3474712
0,06201845
0,01797602
0,3474712
0,07188134
-0,06705225
0,3461808
0,04307609
-0,1078606
0,1815438
0,01751669
-0,02943054
0,1042724
0,01751669
-0,02943054
0,1042724
-3,390014E-05
0,1243375
0,2199024
0,006846897
0,06074682
0,1318306
0,006846897
0,06074682
0,1318306
-0,01422614
-0,04472136
0,06242096
0,04699267
-0,01113713
0,3131568
0,04699267
-0,01113713
0,3131568
0,07914677
-0,1471609
0,4986644
0,02278928
-0,04394054
0,1518965
0,02278928
-0,04394054
0,1518965
-0,01609046
0,1095146
0,1350492
0,03408212
-0,002834946
0,2380252
0,02190135
-0,06176904
0,1185983
0,02190135
-0,06176904
0,1185983
0,06155521
-0,2056956
0,3110498
0,0725517
-0,05276501
0,4285455
0,0725517
-0,05276501
0,4285455
0,1284763
-0,346192
0,6260931
-0,02683603
0,01589393
0,1385131
-0,02683603
0,01589393
0,1385131
-0,06388579
0,03292729
0,3843203
0,01560476
0,1365865
0,2550114
-0,01071332
0,2268752
0,3467773
-0,01071332
0,2268752
0,3467773
0,2831645
0,2173074
0,746277
-0,09268104
-0,07106311
0,2541549
-0,09268104
-0,07106311
0,2541549
-0,08488536
-0,06255742
0,266846
-0,0486255
-0,0751418
0,2022246
-0,0486255
-0,0751418
0,2022246
-0,06143034
-0,2754557
0,1180587
-0,03554326
-0,110588
0,03060269
-0,07687294
-0,05135912
0,1325158
-0,07687294
-0,05135912
0,1325158
-0,1042854
-0,08461618
0,1523963
0,01315618
-0,007819414
-0,0207634
0,01315618
-0,007819414
-0,0207634
0,01302361
-0,1753916
-0,08197391
-0,001267433
-0,01415944
0,0008423328
-0,001267433
-0,01415944
0,0008423328
-0,0001139641
-0,1783923
-0,07977855
-0,02285731
-0,1324123
-0,0337745
-0,02285731
-0,1324123
-0,0337745
-0,05923867
-0,1728846
-0,006196499
-0,01811481
-0,07545161
-0,01842523
-0,03781021
-0,08058619
0,002927661
-0,03781021
-0,08058619
0,002927661
-0,06905937
-0,1488693
-0,01689219
0,002936959
-0,02846479
-0,02682853
0,002936959
-0,02846479
-0,02682853
-0,1314932
-0,05101204
0,1702526
0,1130004
-0,02877617
-0,1937042
0,1130004
-0,02877617
-0,1937042
-0,2287971
-0,1684129
0,1958785
0,09505439
0,05175662
-0,08025742
-0,03566253
-0,03695393
0,01462865
-0,03566253
-0,03695393
0,01462865
-0,008355021
-0,01950336
-0,006806731
0,02158904
-0,03646851
-0,07280624
0,02158904
-0,03646851
-0,07280624
0,08997321
0,04881811
-0,0833711
-0,07272804
-0,06341243
0,06726134
-0,07272804
-0,06341243
0,06726134
0,01972127
-0,06329441
-0,08152735
0,04934251
-0,05354905
-0,152644
0,04934251
-0,05354905
-0,152644
0,2224527
0,12178
-0,2544003
-0,09066209
-0,1611106
-0,09005669
-0,2390306
-0,1435278
0,005492181
-0,2390306
-0,1435278
0,005492181
-0,09575641
-0,01102741
-0,3996618
-0,04221775
-0,04441488
-0,09751321
-0,04221775
-0,04441488
-0,09751321
-0,1018759
-0,0751645
0,1812534
0,001835383
-0,001840889
-0,02654952
0,001835383
-0,001840889
-0,02654952
-0,04460146
0,08523482
-0,1091623
-0,2110224
0,05010441
-0,06405711
-0,1061197
0,2098832
-0,007399917
-0,1061197
0,2098832
-0,007399917
-0,01251996
-0,09519681
0,2754748
0,003295019
-0,1316302
0,1476049
0,003295019
-0,1316302
0,1476049
-0,01869034
-0,1403194
0,6294876
0,01008268
-0,1332667
0,2204627
0,01008268
-0,1332667
0,2204627
-0,05450733
0,0478331
-0,3273085
-0,0202978
0,02606772
0,06197691
-0,0202978
0,02606772
0,06197691
-0,03870726
-0,2276532
0,1208186
-0,0004885718
-0,04275702
0,07035434
-0,004885532
-0,07576421
0,1092121
-0,004885532
-0,07576421
0,1092121
-0,03871229
-0,26941
-0,003524125
-0,01879968
-0,1323335
0,04901439
-0,01879968
-0,1323335
0,04901439
-0,05256794
0,013371
0,04028678
-0,02627354
-0,1130894
-0,04692078
-0,02627354
-0,1130894
-0,04692078
-0,02729055
-0,04939549
0,1570731
-0,03516972
-0,06479379
0,05319268
-0,04003458
0,004375167
-0,02632588
-0,04003458
0,004375167
-0,02632588
-0,03861133
0,0491729
0,351119
0,00259988
-0,2442883
0,1306593
0,00259988
-0,2442883
0,1306593
-0,06393734
-0,1761381
-0,03077537
-0,07593185
0,1703899
-0,1921907
-0,07593185
0,1703899
-0,1921907
-0,1546605
0,7157851
-0,09794086
-0,05594529
0,2085295
0,04363656
-0,05594529
0,2085295
0,04363656
-0,06873459
-0,1149993
-0,0394851
-0,0503324
0,1466397
-0,006717443
-0,07190938
0,174167
-0,1633137
-0,07190938
0,174167
-0,1633137
-0,1320248
0,792829
0,07732511
-0,06499319
0,2516732
-0,07583052
-0,06499319
0,2516732
-0,07583052
0,04377123
-0,6179798
0,08475631
0,1026783
-0,5563352
0,3727332
0,1026783
-0,5563352
0,3727332
0,07796334
-0,6374717
0,2193302
-0,005596504
0,02147276
0,006833673
-0,02576234
0,2562156
0,07522851
-0,02576234
0,2562156
0,07522851
-0,1234902
0,5594559
-0,2522856
0,02408884
0,06617308
0,437665
0,02408884
0,06617308
0,437665
0,238964
-1,24851
1,246518
0,127385
-0,7795939
0,4887655
0,127385
-0,7795939
0,4887655
0,06825365
-0,851631
0,1111984
-0,03891028
0,09600791
-0,2621129
-0,08690637
0,326647
-0,4548401
-0,08690637
0,326647
-0,4548401
-0,1489023
0,8712032
-0,4602954
-0,03353804
-0,1414387
-0,2494395
-0,03353804
-0,1414387
-0,2494395
0,03053136
-0,7562826
-0,1712546
0,01864834
-0,2957419
-0,02930909
0,01864834
-0,2957419
-0,02930909
0,01460537
-0,2168836
0,007179379
-0,03167642
0,06619524
-0,2399087
-0,04114611
0,07354031
-0,2621233
-0,04114611
0,07354031
-0,2621233
-0,07935753
0,231342
-0,4003376
-0,02609296
0,1091805
-0,03687292
-0,02609296
0,1091805
-0,03687292
0,01126993
-0,05200887
0,1915991
0,01070146
-0,04137326
0,1131818
0,01070146
-0,04137326
0,1131818
0,02099816
-0,01764139
0,2868697
0,03332384
-0,1415282
0,2552122
0,03332384
-0,1415282
0,2552122
0,07857075
-0,6024897
0,4735887
0,01694551
-0,001307391
0,2174363
-0,00638701
0,1204032
0,1557425
-0,00638701
0,1204032
0,1557425
-0,01433454
0,2081764
0,3488705
0,0342004
-0,1594786
0,3912896
0,0342004
-0,1594786
0,3912896
0,08193478
-0,7671053
0,5441189
0,04863273
-0,3690647
0,2949402
0,04863273
-0,3690647
0,2949402
-0,01067752
-0,127652
-0,06217062
-0,01219455
0,08695918
-0,01784414
-0,01219455
0,08695918
-0,01784414
-0,002778601
-0,2082897
0,09040534
0,02273349
-0,36092
0,2416596
0,03058081
-0,3253005
0,2118155
0,03058081
-0,3253005
0,2118155
0,007076375
-0,3777679
-0,02977401
-0,01267903
0,1514344
-0,08555651
-0,01267903
0,1514344
-0,08555651
-0,01806011
0,03962293
-0,007013977
-0,001453608
-0,2516486
0,05982667
-0,001453608
-0,2516486
0,05982667
0,04450101
-0,5444443
0,464353
0,01335647
-0,2241679
0,02166629
-0,007671863
-0,04360564
-0,104107
-0,007671863
-0,04360564
-0,104107
-0,01573833
0,04534964
-0,08579493
0,0002324581
-0,1142953
0,01092553
0,0002324581
-0,1142953
0,01092553
0,06509908
-1,238608
0,3600538
0,03567003
-0,495816
0,1313597
0,03567003
-0,495816
0,1313597
-0,009739585
-0,01932494
-0,03447831
-0,0465123
0,4879251
-0,283587
-0,05357498
0,5320035
-0,2375647
-0,05357498
0,5320035
-0,2375647
0,0189485
-0,2022903
0,3852934
0,06369185
-0,687921
0,5041748
0,06369185
-0,687921
0,5041748
0,02744375
-0,7845466
0,1071572
-0,05660038
0,4119106
-0,6188691
-0,05660038
0,4119106
-0,6188691
-0,0721084
1,655481
0,1589492
0,06064493
-0,8351256
0,622192
0,06064493
-0,8351256
0,622192
0,131104
-2,902597
1,069646
0,02202224
-0,5208619
-0,1500383
-0,05344162
1,121927
-0,6562471
-0,05344162
1,121927
-0,6562471
-0,1450115
2,688334
-0,622727
0,003256463
-0,1250342
0,3870755
0,003256463
-0,1250342
0,3870755
0,09234231
-1,636745
0,6535396
0,04966483
-0,6171581
0,2770618
0,04966483
-0,6171581
0,2770618
-0,06422959
1,10044
-0,617063
-0,06476603
0,8000731
-0,2964884
-0,01278026
0,2747595
0,1572445
-0,01278026
0,2747595
0,1572445
0,043335
-1,030219
0,3307462
0,02556723
-0,3990363
0,1425028
0,02556723
-0,3990363
0,1425028
0,0007975847
-0,0915572
0,09290427
-0,0110697
0,08696318
-0,04831553
-0,0110697
0,08696318
-0,04831553
-0,03068568
0,136314
-0,1308456
0,0255812
-0,3566615
0,3987715
0,0255812
-0,3566615
0,3987715
0,03998429
-1,19919
0,4541144
0,001112372
-0,03088415
-0,1023397
-0,004135165
0,1642205
0,05088896
-0,004135165
0,1642205
0,05088896
-0,01830133
0,3941171
-0,04268289
-0,004486926
-0,04998818
0,02245307
-0,004486926
-0,04998818
0,02245307
0,02915068
-0,6514713
0,4688546
0,02128184
-0,6136321
0,2483487
0,02128184
-0,6136321
0,2483487
-0,007054396
-0,09610206
-0,1519963
-0,0193486
0,5013369
-0,2120942
-0,02281144
0,3916286
-0,1850635
-0,02281144
0,3916286
-0,1850635
0,009033643
-0,01974255
0,3875434
0,01622159
-0,3420182
0,240384
0,01622159
-0,3420182
0,240384
0,004803855
-0,2546564
0,09649396
-0,009408966
0,2343208
-0,1300141
-0,009408966
0,2343208
-0,1300141
-0,01166062
0,2875701
0,03104806
0,003144983
-0,137078
0,1801774
0,003144983
-0,137078
0,1801774
-0,01342902
-0,2134457
-0,1233622
-0,003220234
0,08505955
0,0597626
-0,01113238
0,1122601
-0,0596419
-0,01113238
0,1122601
-0,0596419
-0,01731031
0,2974235
0,02641082
-0,005609542
-0,07875562
0,08390993
-0,005609542
-0,07875562
0,08390993
-0,004440639
-0,2879359
0,1404122
5,960464E-06
-0,1225837
0,07417649
5,960464E-06
-0,1225837
0,07417649
-0,01717489
-0,01703501
-0,08922666
-6,891787E-05
0,01831502
0,1235455
0,004522875
-0,1054659
0,2164289
0,004522875
-0,1054659
0,2164289
-0,01449864
-0,524798
7,748604E-05
0,007888768
-0,02316684
0,2687186
0,007888768
-0,02316684
0,2687186
-0,008766074
-0,1272246
0,1905218
0,004539639
0,02316907
0,2628952
0,004539639
0,02316907
0,2628952
-0,01269011
-0,02402738
0,1073748
-0,005805865
-0,1804322
-0,008617342
0,0007827766
0,08378774
0,1265138
0,0007827766
0,08378774
0,1265138
-0,00913525
-0,02823472
0,1386032
-0,01006871
0,08950904
-0,08280426
-0,01006871
0,08950904
-0,08280426
-0,005140156
0,3811985
0,3347069
-0,004597474
0,1139201
0,08782744
-0,004597474
0,1139201
0,08782744
-0,009194668
-0,1718685
0,256905
-0,0008473173
-0,3076226
0,1813203
-0,0008473173
-0,3076226
0,1813203
-0,02222136
-0,6831303
-0,1354188
-0,01493562
0,06865859
-0,3097549
-0,01436472
0,432428
-0,2115071
-0,01436472
0,432428
-0,2115071
-0,0128245
0,5272441
0,1451731
0,004678313
0,06048456
0,3493369
0,004678313
0,06048456
0,3493369
0,01042057
0,09251237
0,832504
-0,005076546
0,08499771
-0,0856787
-0,005076546
0,08499771
-0,0856787
-0,01261123
0,4958913
0,3065482
0,002384558
0,2619025
0,3799841
-0,008328632
0,4586525
-0,07603317
-0,008328632
0,4586525
-0,07603317
-0,03599655
1,271688
-0,2818421
-0,01637358
0,3165174
-0,09726137
-0,01637358
0,3165174
-0,09726137
-0,02126087
0,07645512
-0,1625943
-0,02405011
-0,01420705
0,09205206
-0,02405011
-0,01420705
0,09205206
-0,0288195
0,07567382
-0,1462009
-0,04203136
0,0890739
-0,2327063
-0,04203136
0,0890739
-0,2327063
-0,07886647
0,09862959
-0,2775325
-0,02205547
-0,02073359
0,1516896
-0,0302815
-0,0006036758
0,06777932
-0,0302815
-0,0006036758
0,06777932
-0,03296438
-0,03077471
0,1991957
0,0465218
0,00680697
-0,05537874
0,0465218
0,00680697
-0,05537874
-0,003516525
-0,0426904
0,3769391
-0,007451594
0,01725888
0,2996861
-0,007451594
0,01725888
0,2996861
0,194052
0,07240182
0,9769467
0,08578654
0,5068729
0,3342569
-0,04406665
-0,1025535
-0,06345585
-0,04406665
-0,1025535
-0,06345585
-0,04264917
0,5299114
0,5493634
-0,00947779
0,04064944
0,1187839
-0,00947779
0,04064944
0,1187839
-0,0504534
0,1451238
0,5708069
0,02980931
-0,136286
-0,1478992
0,02980931
-0,136286
-0,1478992
-0,03524451
0,2699781
-0,3575109
-0,008473109
-0,01598734
-0,03451427
-0,008473109
-0,01598734
-0,03451427
0,005280972
-0,3092598
-0,2344877
0,001738593
-0,212911
0,2260864
0,01293989
-0,1496555
0,2521783
0,01293989
-0,1496555
0,2521783
-0,003264286
0,2424734
0,5833216
0,01619849
-0,08915737
0,03454834
0,01619849
-0,08915737
0,03454834
0,007445179
0,07248707
-0,2772532
-0,005479995
0,1983754
0,3019571
-0,005479995
0,1983754
0,3019571
-0,01632217
0,5600441
0,6760672
0,05123527
0,352982
0,1241581
-0,08679647
0,5206717
0,2080753
-0,08679647
0,5206717
0,2080753
0,02095677
1,090546
-0,1054175
-0,1244707
0,4805451
-0,0494957
-0,1244707
0,4805451
-0,0494957
-0,06597289
0,8147946
0,4069239
-0,02122228
0,2654511
0,2152994
-0,02122228
0,2654511
0,2152994
-0,07683644
0,7991567
0,1947738
-0,03815652
0,3827144
0,2473809
-0,02007959
0,2012551
0,003135204
-0,02007959
0,2012551
0,003135204
-0,07364009
0,7027142
-0,2675705
-0,04222896
0,3746286
0,138437
-0,04222896
0,3746286
0,138437
-0,08889842
0,7710196
0,5985111
-0,003752531
0,1292665
0,09892061
-0,003752531
0,1292665
0,09892061
0,02586357
-0,06377548
-0,09919479
0,003706478
0,03009774
0,1725629
0,003706478
0,03009774
0,1725629
-0,00310028
0,1621731
0,406459
0,01754286
-0,06995536
0,2237067
0,02881354
-0,1508083
0,2640195
0,02881354
-0,1508083
0,2640195
0,01977859
0,006732717
0,2284348
0,0004567206
0,09948686
0,1005247
0,0004567206
0,09948686
0,1005247
0,01028394
-0,2346255
1,209395
0,05637649
-0,3882341
0,2444673
0,05637649
-0,3882341
0,2444673
-0,3039736
-0,2845424
-0,1475165
-0,04238483
-0,04896852
-0,08662184
-0,0816639
0,0513325
0,146412
-0,0816639
0,0513325
0,146412
0,1066312
0,6980735
0,5069051
-0,04667188
0,4489567
0,1221437
-0,04667188
0,4489567
0,1221437
-0,02316027
-0,08590072
0,7344708
-0,03268379
0,1947265
0,6246664
-0,03268379
0,1947265
0,6246664
-0,1034302
0,5424976
1,157784
-0,06562494
0,967338
-0,4384678
-0,06562494
0,967338
-0,4384678
0,08389149
-0,1217034
-0,757616
0,06224615
-0,7042989
0,5990684
-0,002888916
-0,5527601
1,315087
-0,002888916
-0,5527601
1,315087
-0,1340528
-0,07900111
2,171634
-0,1127117
1,478177
-0,3369466
-0,1127117
1,478177
-0,3369466
0,271944
-0,7934325
-1,615357
0,0770039
-0,6732315
0,1802323
0,0770039
-0,6732315
0,1802323
-0,1054951
0,4721411
1,106352
-0,0441595
1,036954
-0,6441924
-0,05002548
0,7903337
-0,6473866
-0,05002548
0,7903337
-0,6473866
-0,04914454
0,5990036
-0,4725101
0,003255811
-0,4737943
0,7094373
0,003255811
-0,4737943
0,7094373
0,04783338
-1,00754
1,174227
-0,003786851
0,2442379
-0,01395596
-0,003786851
0,2442379
-0,01395596
0,0006720889
-0,6115165
0,6905312
-0,04185131
-0,1106489
0,5602072
-0,04185131
-0,1106489
0,5602072
0,006293412
-0,4187256
0,4132081
-0,133469
0,5490952
0,552639
-0,1391069
0,9430666
0,05243607
-0,1391069
0,9430666
0,05243607
-0,4264849
0,009188056
-0,548421
-0,06188834
0,1319828
0,09191085
-0,06188834
0,1319828
0,09191085
0,03456732
-0,8625373
0,4539397
0,09522287
-0,7115975
0,07861517
0,09522287
-0,7115975
0,07861517
-0,01512724
0,2975445
-0,2322374
-0,008910522
0,2240092
-0,2630452
0,003959658
-0,01852065
-0,1193471
0,003959658
-0,01852065
-0,1193471
0,06221566
-0,739364
0,1125511
0,05988982
-0,5342655
0,04940871
0,05988982
-0,5342655
0,04940871
0,05303565
-0,5860034
0,04330929
0,03528414
-0,15149
-0,1687689
0,03528414
-0,15149
-0,1687689
0,008571614
-0,2895303
0,09608176
0,01754719
-0,4410341
0,197712
0,01754719
-0,4410341
0,197712
0,04171184
-0,8984134
0,3493033
0,03996813
-0,331326
-0,02169888
0,01678844
-0,1172584
-0,0674434
0,01678844
-0,1172584
-0,0674434
-0,01472589
0,458674
-0,2338845
0,006062724
-0,07523801
-0,1221715
0,006062724
-0,07523801
-0,1221715
-0,0004142988
-0,5892927
0,2298564
0,01808568
-0,2694682
0,05188603
0,01808568
-0,2694682
0,05188603
0,008510891
0,2869241
-0,2055081
-0,01224708
0,05793357
-0,02338961
-0,001615286
-0,01975438
-0,03283545
-0,001615286
-0,01975438
-0,03283545
-0,04475117
-0,7698751
0,5936489
0,02883933
-0,5333043
0,1112867
0,02883933
-0,5333043
0,1112867
0,01543229
-0,3000822
-0,0483077
0,01126537
0,1472865
-0,1705943
0,01126537
0,1472865
-0,1705943
-0,003838632
-0,9480012
0,2998706
-0,02653296
-1,122675
0,7006202
-0,02653296
-1,122675
0,7006202
-0,06766454
-1,78473
0,9998154
0,04140278
-0,05076788
-0,1695491
0,011981
0,3811877
-0,2452768
0,011981
0,3811877
-0,2452768
0,02848138
0,9682615
-0,6021414
-0,02714465
-0,1359623
0,1477577
-0,02714465
-0,1359623
0,1477577
-0,09967918
-1,757822
0,9615615
-0,001438009
-0,7302441
0,2645925
-0,001438009
-0,7302441
0,2645925
0,05555242
0,1131844
-0,3808066
0,008430611
0,378225
-0,1624878
-0,05281642
-0,2692655
0,3303673
-0,05281642
-0,2692655
0,3303673
0,9617923
-2,170631
-0,1949956
-0,2979405
-1,70612
0,9016909
-0,2979405
-1,70612
0,9016909
0,09570973
-0,3893706
0,06406456
0,08001282
0,2655199
-0,2697807
0,08001282
0,2655199
-0,2697807
-0,04001918
0,01778184
0,5210338
-0,2819299
-0,8006827
0,8215607
-0,2800097
-0,6107812
1,019924
-0,2800097
-0,6107812
1,019924
-0,1392083
-0,2073045
0,6623685
0,1095486
0,02276278
-0,3082781
0,1095486
0,02276278
-0,3082781
-0,1815769
-0,06419754
0,4383717
-0,07143968
0,2707247
0,8348172
-0,07143968
0,2707247
0,8348172
0,5785297
1,643042
0,5287244
0,7925342
0,6321374
1,977462
0,7925342
0,6321374
1,977462
1,031018
1,042318
3,013293
1,078785
1,281914
3,956509
1,097318
1,482469
4,789401
1,097318
1,482469
4,789401
1,199773
1,759558
5,592226
1,593715
2,308019
6,509634
1,593715
2,308019
6,509634
2,554068
3,574892
8,3806
2,683292
3,931096
9,177301
2,683292
3,931096
9,177301
2,441523
4,89671
9,241556
2,268863
6,064482
9,694285
2,257711
7,028123
10,71685
2,257711
7,028123
10,71685
2,03289
7,834033
11,22271
1,694183
8,763768
10,74054
1,694183
8,763768
10,74054
1,220005
10,27486
10,20634
0,8683438
11,19264
9,355658
0,8683438
11,19264
9,355658
0,1846762
13,46155
8,119697
0,01164246
14,25885
8,005351
0,01164246
14,25885
8,005351
-0,2213891
15,0532
7,60813
-0,3256927
15,64887
7,713434
-0,3914635
15,39886
7,356714
-0,3914635
15,39886
7,356714
-0,3409085
15,74519
8,187545
-0,2810314
16,08639
8,798377
-0,2810314
16,08639
8,798377
-0,3496256
16,18613
8,44808
-0,4293153
16,55031
8,300568
-0,4293153
16,55031
8,300568
-0,4877591
17,28993
8,594177
-0,5189219
17,35076
8,503375
-0,5727477
17,17705
8,137102
-0,5727477
17,17705
8,137102
-0,4989235
16,62364
8,196155
-0,4571393
16,45657
8,211836
-0,4571393
16,45657
8,211836
-0,3920035
15,7429
7,492294
-0,4027843
15,70617
7,211191
-0,4027843
15,70617
7,211191
-0,4684741
15,9462
7,62366
-0,3899667
15,5448
7,75222
-0,3899667
15,5448
7,75222
-0,4393165
15,30334
6,408446
-0,4908473
15,42423
5,65357
-0,5151994
15,741
5,630726
-0,5151994
15,741
5,630726
-0,3417876
14,98116
6,803735
-0,1807358
14,38701
7,333069
-0,1807358
14,38701
7,333069
-0,1318145
14,6254
7,517562
-0,2157116
14,86168
7,325799
-0,2157116
14,86168
7,325799
-0,2751429
15,44922
8,007044
-0,3568594
16,30753
8,418414
-0,459595
16,97421
8,540216
-0,459595
16,97421
8,540216
-0,8186731
18,67873
8,377624
-0,9704692
19,56451
8,455094
-0,9704692
19,56451
8,455094
-1,305363
21,40998
8,320278
-1,518367
21,79229
7,508533
-1,518367
21,79229
7,508533
-1,650372
21,26545
6,673387
-1,495394
20,36576
7,052899
-1,472092
20,27139
7,333361
-1,472092
20,27139
7,333361
-1,550922
20,96757
7,536862
-1,561014
21,15431
7,574846
-1,561014
21,15431
7,574846
-1,523646
21,29543
8,013421
-1,53548
21,61583
8,248421
-1,53548
21,61583
8,248421
-1,748792
22,98609
7,924939
-1,856997
23,67031
7,70965
-1,856997
23,67031
7,70965
-1,897644
23,67744
7,680029
-1,898166
23,64947
7,876033
-1,925046
23,83848
7,888492
-1,925046
23,83848
7,888492
-1,991419
24,36771
7,797494
-2,006615
24,55371
7,763209
-2,006615
24,55371
7,763209
-1,894818
23,86813
7,833449
-1,847305
23,45899
7,787446
-1,847305
23,45899
7,787446
-1,71915
22,52351
7,891847
-1,688935
22,21594
7,906252
-1,686939
22,11515
7,911821
-1,686939
22,11515
7,911821
-1,762897
22,47101
7,821548
-1,79391
22,56178
7,690963
-1,79391
22,56178
7,690963
-1,879104
22,91447
7,456702
-1,96752
23,31067
7,334441
-1,96752
23,31067
7,334441
-2,047949
23,94981
7,263691
-2,059238
24,11003
7,253379
-2,059238
24,11003
7,253379
-1,900737
23,75409
7,70708
-1,818602
23,72913
7,992311
-1,719615
23,84906
8,391172
-1,719615
23,84906
8,391172
-1,379905
23,23776
9,136738
-1,25921
22,53847
8,994169
-1,25921
22,53847
8,994169
-0,7220526
20,37041
9,267448
-0,5197408
20,11513
9,660977
-0,5197408
20,11513
9,660977
-0,5819912
20,85588
9,560376
0,01996438
0,009613261
-0,006444182
0,03991188
-0,006511569
-0,008366981
0,03991188
-0,006511569
-0,008366981
0,06071913
-0,01292314
-0,006800693
0,08062519
-0,01711282
-0,004493362
0,08062519
-0,01711282
-0,004493362
0,09967777
-0,02065513
-0,001474257
0,112449
-0,024148
0,003756192
0,112449
-0,024148
0,003756192
0,1269996
-0,01851054
0,0070819
0,138033
-0,01674514
0,01054802
0,138033
-0,01674514
0,01054802
0,1462964
-0,0133152
0,01436748
0,1515914
-0,009424672
0,01815931
0,1537904
-0,004532337
0,02215103
0,1537904
-0,004532337
0,02215103
0,1458893
-0,002627268
0,01863039
0,1134964
0,006185606
-0,03520111
0,1134964
0,006185606
-0,03520111
0,1059881
-0,03605351
-0,08049236
0,0932471
-0,07983711
-0,1283937
0,0932471
-0,07983711
-0,1283937
0,05714636
-0,1470904
-0,1689716
0,05434473
-0,1710986
-0,2343617
0,00095452
-0,05112702
-0,2199986
0,00095452
-0,05112702
-0,2199986
-0,02976784
0,003270343
-0,1982934
-0,05635935
0,0198829
-0,1754916
-0,05635935
0,0198829
-0,1754916
-0,07252841
0,02348311
-0,1475846
-0,08621226
0,02070883
-0,1184789
-0,08621226
0,02070883
-0,1184789
-0,09795791
0,0155879
-0,08710027
-0,1074645
0,008941561
-0,05408719
-0,1074645
0,008941561
-0,05408719
-0,1146749
0,001188666
-0,01990237
-0,1172808
-0,008202493
0,009248754
-0,1205642
-0,02089579
0,04159186
-0,1205642
-0,02089579
0,04159186
-0,121325
-0,02543196
0,07897794
-0,1167403
-0,02406068
0,1115069
-0,1167403
-0,02406068
0,1115069
-0,1094952
-0,02779262
0,1356911
-0,1012224
-0,02864522
0,160969
-0,1012224
-0,02864522
0,160969
-0,08970743
-0,02495995
0,1822127
-0,07513854
-0,01815
0,2033141
-0,05886983
-0,01316394
0,2113273
-0,05886983
-0,01316394
0,2113273
-0,04148279
-0,005940229
0,2170673
-0,02297297
0,001438215
0,2169534
-0,02297297
0,001438215
0,2169534
-0,003918998
0,00808081
0,2109299
0,04754026
0,06594114
0,1141403
0,04754026
0,06594114
0,1141403
0,05498784
0,03186986
0,06173393
0,06053107
-0,006260753
0,007997002
0,06053107
-0,006260753
0,007997002
0,06402792
-0,04489392
-0,04546179
0,06810045
-0,07541215
-0,09054564
0,08576137
-0,03823908
-0,1135308
0,08576137
-0,03823908
-0,1135308
0,09537161
-0,01503338
-0,1249718
0,09545505
-0,005978614
-0,1323039
0,09545505
-0,005978614
-0,1323039
0,09323206
-0,0006126016
-0,1359832
0,08736174
0,003808916
-0,137783
0,08736174
0,003808916
-0,137783
0,08073789
0,009295613
-0,1346175
0,07316407
0,01265466
-0,1284019
0,06366535
0,01596843
-0,1187583
0,06366535
0,01596843
-0,1187583
0,05359046
0,01670814
-0,106613
0,04209093
0,01685947
-0,09169076
0,04209093
0,01685947
-0,09169076
0,03019406
0,01498242
-0,07487122
0,01814188
0,01119623
-0,0566114
0,01814188
0,01119623
-0,0566114
0,005407865
0,007109731
-0,03681148
-0,007097514
0,001897991
-0,01643845
-0,01939566
-0,003626868
0,004259534
-0,01939566
-0,003626868
0,004259534
-0,03139268
-0,008880496
0,02489618
-0,04260993
-0,01381747
0,04491325
-0,04260993
-0,01381747
0,04491325
-0,05328266
-0,01742668
0,06411574
-0,06300548
-0,01970701
0,08192353
-0,06300548
-0,01970701
0,08192353
-0,07141999
-0,02094027
0,09769723
-0,07892179
-0,01956329
0,1116199
-0,07892179
-0,01956329
0,1116199
-0,0846032
-0,01763965
0,1225263
-0,0890693
-0,01323274
0,1308449
-0,09145147
-0,009058326
0,1355326
-0,09145147
-0,009058326
0,1355326
-0,09239462
-0,002969772
0,1371897
-0,08828084
0,009732842
0,1339855
-0,08828084
0,009732842
0,1339855
-0,07523656
0,01197974
0,08805203
-0,06324726
0,01011963
0,03288817
-0,06324726
0,01011963
0,03288817
-0,04938331
0,006949753
-0,0121354
-0,03702606
0,003057957
-0,02812716
-0,0232926
0,001684055
-0,03534691
-0,0232926
0,001684055
-0,03534691
-0,009267712
-0,0007795691
-0,04147676
0,004778467
-0,003015369
-0,04652876
0,004778467
-0,003015369
-0,04652876
0,01768374
-0,004733562
-0,05016885
0,02926386
-0,006204903
-0,05304052
0,02926386
-0,006204903
-0,05304052
0,03934482
-0,00668779
-0,05432532
0,04765814
-0,006870627
-0,05434785
0,04765814
-0,006870627
-0,05434785
0,05439541
-0,007339969
-0,05370396
0,05893661
-0,006484032
-0,05124363
0,06177836
-0,003016129
-0,0477817
0,06177836
-0,003016129
-0,0477817
0,06359525
0,001056403
-0,04330161
0,06335678
0,002376422
-0,03742505
0,06335678
0,002376422
-0,03742505
0,06209527
0,003091261
-0,03071994
0,05970861
0,003514126
-0,02329792
0,05970861
0,003514126
-0,02329792
0,0563108
0,003393203
-0,01538349
0,05174662
0,003468424
-0,007024368
0,04631702
0,003061414
0,00141556
0,04631702
0,003061414
0,00141556
0,04009426
0,002392083
0,009794537
0,03313542
0,001595721
0,01792046
0,03313542
0,001595721
0,01792046
0,02565179
0,0004470348
0,02553771
0,01762655
-0,0002955496
0,03267998
0,01762655
-0,0002955496
0,03267998
0,00933718
-0,001198083
0,03897151
0,0008854531
-0,001987681
0,04433217
0,0008854531
-0,001987681
0,04433217
-0,007588868
-0,002597094
0,04863909
-0,01598302
-0,003007337
0,05170703
0,006604837
0,003537969
-0,02066284
0,006604837
0,003537969
-0,02066284
-0,03110346
0,03161051
0,1783547
-0,02976957
-0,001917258
0,1038144
-0,02976957
-0,001917258
0,1038144
-0,04993249
-0,01018029
0,09956899
-0,02525707
0,004470229
0,1318378
-0,02525707
0,004470229
0,1318378
-0,08276034
-0,004321456
0,1854048
-0,05196449
-0,007127643
0,02606541
-0,05516468
0,04941654
0,09887105
-0,05516468
0,04941654
0,09887105
-0,1143644
0,1367004
0,2334039
-0,09841365
0,1672585
0,2373545
-0,09841365
0,1672585
0,2373545
-0,2161054
0,237725
0,2603543
0,02278847
0,1706979
0,1976237
0,02278847
0,1706979
0,1976237
-0,2704502
0,624284
0,535974
-0,004614949
0,05843878
0,05829334
-0,004614949
0,05843878
0,05829334
-0,339713
1,261848
0,7681656
1,48564
1,374147
0,61712
0,4681321
0,03380132
0,1250534
0,4681321
0,03380132
0,1250534
-0,6279469
1,499016
0,4536705
0,9984581
-1,225841
0,167799
0,9984581
-1,225841
0,167799
-1,646446
2,63076
0,8319559
0,9686979
-1,521015
-0,3199787
0,9686979
-1,521015
-0,3199787
1,257105
-1,04312
0,4646626
-0,5269279
1,538327
0,09690952
0,02385283
-0,5778098
0,1069145
0,02385283
-0,5778098
0,1069145
-0,268023
1,714654
-0,1939058
-4,309512
6,976538
3,589156
-4,309512
6,976538
3,589156
-3,90029
7,370625
3,625148
-3,614809
7,555216
3,600588
-3,614809
7,555216
3,600588
-3,433968
8,118146
3,832653
-3,285738
8,099066
3,747343
-2,975662
8,212481
3,655431
-2,975662
8,212481
3,655431
-0,3340622
8,737608
2,052728
-0,3500172
8,80618
2,076003
-0,3500172
8,80618
2,076003
1,319905
8,948904
2,385392
1,348602
8,836992
2,358101
1,348602
8,836992
2,358101
1,155616
-0,5860281
-6,351002
0,02922267
8,701599
0,6178856
0,02922267
8,701599
0,6178856
-0,1733854
1,185256
-0,5299538
0,04091514
-0,1245171
-0,1023367
0,2333296
-0,3557973
-0,593473
0,2333296
-0,3557973
-0,593473
0,3212605
-0,8891736
-0,1061411
0,1433097
-0,2399252
-0,8046156
0,1433097
-0,2399252
-0,8046156
0,09757465
-0,1167483
-0,2184259
0,2447614
-1,044368
-0,2679127
0,2447614
-1,044368
-0,2679127
1,195279
-2,584427
-0,2321919
1,371686
-2,963841
-0,2903044
1,267904
-2,691578
-0,2252543
1,267904
-2,691578
-0,2252543
1,1921
-2,470926
-0,07930005
1,228552
-2,55525
-0,06107616
1,228552
-2,55525
-0,06107616
1,298396
-2,798932
0,1258931
1,123888
-2,748554
0,3822095
1,123888
-2,748554
0,3822095
0,8924049
-3,123941
0,5230073
0,7706902
-3,143208
0,6558125
0,7706902
-3,143208
0,6558125
-0,425287
-3,105775
0,9842299
-0,261333
-3,339732
1,157228
0,3450589
-3,723833
0,9200051
0,3450589
-3,723833
0,9200051
-0,2250611
0,1008529
1,036565
-0,1200062
0,4593384
0,4395828
-0,1200062
0,4593384
0,4395828
-0,1867426
0,8322578
0,5486533
0,05789762
-0,4413195
0,03220439
0,05789762
-0,4413195
0,03220439
-0,03950747
-0,1225479
0,3869057
-0,02299973
0,04548765
0,1880497
-0,06566271
0,3769124
0,1783744
-0,06566271
0,3769124
0,1783744
0,09380826
0,1128945
-0,2151027
0,09371793
-0,09033903
-0,2495572
0,09371793
-0,09033903
-0,2495572
0,08043667
-0,1664668
-0,07469058
0,01863213
0,3158484
-0,09917319
0,01863213
0,3158484
-0,09917319
0,08953112
0,431137
-0,3481328
0,01563371
0,003972313
-0,03910915
0,01563371
0,003972313
-0,03910915
0,0408585
0,3464984
-0,1470218
0,002138425
0,3114008
-0,03649518
0,01241697
0,2125196
-0,04324439
0,01241697
0,2125196
-0,04324439
-0,03348801
0,1200229
0,2243392
0,009262636
0,176116
0,003285497
0,009262636
0,176116
0,003285497
0,02305474
0,8400763
-0,2478521
-0,01447581
0,2302634
-0,05091554
-0,01447581
0,2302634
-0,05091554
0,009317197
-0,005024701
0,3226344
-0,005400777
-0,2903316
0,2829167
0,02830444
-0,3548386
0,1293671
0,02830444
-0,3548386
0,1293671
0,03141508
-0,009694666
0,4663759
-0,02421637
0,1711304
-0,05566213
-0,02421637
0,1711304
-0,05566213
-0,1107481
0,4859792
0,4852493
-0,04233748
0,1967482
0,2590939
-0,04233748
0,1967482
0,2590939
-0,1467186
0,1466475
0,6548405
-0,01437868
0,07617883
0,1185358
-0,03887976
0,05210415
0,1820222
-0,03887976
0,05210415
0,1820222
-0,1271747
-0,09495057
0,6221175
-0,05228291
0,03165416
0,2563298
-0,05228291
0,03165416
0,2563298
-0,1243735
-0,04615374
0,5812436
-0,08365642
0,03841966
0,3488779
-0,08365642
0,03841966
0,3488779
-0,04056301
-0,1417205
0,3394097
0,03902446
-0,03231503
-0,0280574
0,03902446
-0,03231503
-0,0280574
-0,05615409
-0,1236558
0,3632933
-0,0707631
-0,1306415
0,3452137
-0,009341165
-0,1775164
0,1583979
-0,009341165
-0,1775164
0,1583979
-0,04961099
-0,1806505
0,3093198
-0,03351411
0,002579764
0,156863
-0,03351411
0,002579764
0,156863
-0,02876306
-0,1718249
0,2466723
-0,03460646
-0,07615313
0,1868904
-0,03460646
-0,07615313
0,1868904
-0,09067375
-0,01647696
0,3547162
-0,03791666
-0,05179718
0,1777798
-0,1391492
0,2174817
0,3873825
-0,1391492
0,2174817
0,3873825
-0,05899454
0,49126
0,09096116
-0,06437264
0,5370151
0,03387928
-0,06437264
0,5370151
0,03387928
-0,3620566
1,18487
0,6870076
-0,3703933
0,3762484
0,9612933
-0,3703933
0,3762484
0,9612933
-0,2927069
0,1640357
0,8566827
0,05779136
0,5905524
-0,3161371
0,05779136
0,5905524
-0,3161371
-0,00665281
1,484387
-0,5699724
-0,1632318
0,3315046
0,3037483
-0,02587149
-0,1411073
0,2359785
-0,02587149
-0,1411073
0,2359785
-0,05634892
-0,246783
0,262906
-0,04379848
-0,1777632
0,1593766
-0,04379848
-0,1777632
0,1593766
0,02966896
-1,028629
0,3429234
0,03372096
-0,6892473
0,2824366
0,03372096
-0,6892473
0,2824366
0,2445921
-0,5435854
-0,3777772
0,06946027
-0,08559152
-0,1366079
0,1048923
-0,2489939
-0,1650125
0,1048923
-0,2489939
-0,1650125
0,1654254
-0,1891784
-0,3441572
0,1043988
0,02668574
-0,2848178
0,1043988
0,02668574
-0,2848178
0,1308113
0,08606389
-0,3768355
0,03544223
-0,2913743
0,006337464
0,03544223
-0,2913743
0,006337464
0,1310427
-0,7328149
-0,06491691
0,1095518
-0,3279358
-0,166671
0,1095518
-0,3279358
-0,166671
0,1655216
0,2060506
-0,5094603
-0,007328019
0,211294
-0,06056577
0,02132207
0,05543716
-0,07317215
0,02132207
0,05543716
-0,07317215
0,001890026
-0,266232
0,1266494
-0,009787828
-0,2077699
0,1274258
-0,009787828
-0,2077699
0,1274258
-0,1380593
-0,4260343
0,5745932
-0,003432389
-0,3734987
0,1732111
-0,003432389
-0,3734987
0,1732111
-0,01578014
-0,07148013
0,1092285
-0,0148531
0,2615005
-0,01785606
-0,05665179
0,4653376
0,01202375
-0,05665179
0,4653376
0,01202375
0,009168405
-0,05575679
0,03478974
-0,06877156
-0,2858818
0,3159449
-0,06877156
-0,2858818
0,3159449
-0,05237209
-0,7467147
0,4562885
-0,02200119
-0,1355246
0,161466
-0,02200119
-0,1355246
0,161466
-0,0210572
-0,1670104
0,1775414
0,0579454
-0,132693
-0,08373559
0,0579454
-0,132693
-0,08373559
-0,01609363
-0,03740862
0,1251251
0,1187101
-0,2177654
-0,2243221
-0,03166795
-0,03400724
0,1375675
-0,03166795
-0,03400724
0,1375675
-0,04142895
-0,4005015
0,3012776
0,02744654
-0,1648376
0,009578466
0,02744654
-0,1648376
0,009578466
0,006179139
-0,2416976
0,1183599
-0,01164461
-0,1023665
0,1027822
-0,01164461
-0,1023665
0,1027822
0,06212201
-0,4180139
0,04487634
0,02107779
-0,151046
0,026232
-0,004451908
-0,07811282
0,07064939
-0,004451908
-0,07811282
0,07064939
0,05192077
-0,3056899
0,03611445
-0,02003293
-0,1126964
0,1292884
-0,02003293
-0,1126964
0,1292884
0,1071887
-0,3924318
-0,07681251
0,007396843
0,08649128
0,01293123
0,007396843
0,08649128
0,01293123
0,09298707
-0,3749452
-0,0688076
0,04142383
-0,3390832
0,0205487
0,04385766
-0,3234202
0,0157088
0,04385766
-0,3234202
0,0157088
0,07009795
-0,5884506
0,0595361
0,04984615
-0,2163893
-0,01180768
0,04984615
-0,2163893
-0,01180768
0,1314651
-0,4782759
-0,1201689
0,02252385
-0,1086831
0,02636611
0,02252385
-0,1086831
0,02636611
-0,09270883
0,3262512
0,3067523
-0,1012482
-0,02324712
0,3027499
-0,1012482
-0,02324712
0,3027499
-0,1915041
-2,312449
0,8614689
-0,09010304
-1,02824
0,4198074
0,01619663
-0,4948907
0,06426573
0,01619663
-0,4948907
0,06426573
0,1960133
1,005563
-0,4541457
0,03540069
0,4587907
-0,1125753
0,03540069
0,4587907
-0,1125753
-0,06627515
-0,08997396
0,2611518
-0,1283515
-0,4916486
0,4296452
-0,1283515
-0,4916486
0,4296452
0,01135878
-1,976254
0,184238
0,0174433
-0,4284538
0,05842149
0,05692095
-0,1540139
-0,08049011
0,05692095
-0,1540139
-0,08049011
0,1253219
0,3303565
-0,2072811
0,03123889
0,1627468
-0,02727807
0,03123889
0,1627468
-0,02727807
-0,1580051
-0,5988881
0,5688399
-0,1103574
-0,5705759
0,3817111
-0,1103574
-0,5705759
0,3817111
-0,0722792
-1,021423
0,3321886
0,03403034
0,0804998
0,02763569
0,03403034
0,0804998
0,02763569
-0,2542025
0,9899877
0,8127064
-0,221457
0,4285097
0,6141871
-0,3019139
-0,184837
0,7917881
-0,3019139
-0,184837
0,7917881
-0,3632408
-1,672569
0,9730756
0,4022396
-0,4514765
0,2413549
0,4022396
-0,4514765
0,2413549
0,03802357
-0,2939838
0,3012822
0,09847756
0,05776422
-0,3088774
0,09847756
0,05776422
-0,3088774
0,1557889
0,7827476
-0,2446741
-0,1283668
-0,2015293
0,3217369
0,2211559
-0,1751702
0,6016694
0,2211559
-0,1751702
0,6016694
-0,04988134
-0,5156771
0,8369035
0,05667436
-0,07730162
0,07795443
0,05667436
-0,07730162
0,07795443
-0,08107901
0,02714968
0,1327319
-0,0680761
0,07886994
-0,03661498
-0,0680761
0,07886994
-0,03661498
-0,1035483
-0,0207231
0,3392509
-0,0003909469
-0,04308474
0,1617782
-0,0003909469
-0,04308474
0,1617782
-0,07383412
-0,0006844997
0,1551387
-0,04629344
0,06936961
-0,1188195
-0,08384591
0,09862202
0,08256549
-0,08384591
0,09862202
0,08256549
-0,1985419
0,2888283
0,2893126
-0,1407245
0,4474077
0,2721489
-0,1407245
0,4474077
0,2721489
-0,02219629
0,2562127
0,2129013
-0,007553905
0,1926831
-0,02066357
-0,007553905
0,1926831
-0,02066357
0,00904277
1,192188
0,08634925
-0,02014376
0,3770299
0,1851887
-0,07233471
0,2638541
0,217405
-0,07233471
0,2638541
0,217405
0,1818154
0,9213943
-0,2549946
0,3762752
0,8694243
-0,7734627
0,3762752
0,8694243
-0,7734627
1,428727
1,007148
-0,147942
0,5430495
0,5317254
-0,02404797
0,5430495
0,5317254
-0,02404797
-0,0733649
-0,01565123
0,02735251
0,0615105
0,0451746
0,00392133
0,0615105
0,0451746
0,00392133
0,05813231
0,05573511
0,03748947
-0,05708665
0,03841543
0,1726164
-0,09991655
0,01530766
0,210864
-0,09991655
0,01530766
0,210864
0,070512
0,1100521
0,1655778
0,01174259
0,01294351
-0,02595067
0,01174259
0,01294351
-0,02595067
-0,2606942
-0,1506057
0,5059742
-0,02875614
-0,01879358
0,06523955
-0,02875614
-0,01879358
0,06523955
-0,0350486
-0,06250548
0,3392345
-0,03277338
0,09523296
-0,2010351
-0,006235123
-0,04934788
0,6234338
-0,006235123
-0,04934788
0,6234338
-0,2363287
-0,09606385
0,5549783
-0,6034105
1,458207
1,344125
-0,6034105
1,458207
1,344125
-0,01864663
0,09859259
0,3042786
-0,07413769
0,4439852
-0,07058606
-0,07413769
0,4439852
-0,07058606
-0,06753987
-0,05804223
0,3555439
-0,007188559
-0,01659948
0,0911067
-0,07866469
0,08554191
0,1712548
-0,07866469
0,08554191
0,1712548
0,1525223
0,1358602
-0,2897024
0,397661
0,3276099
-0,5389363
0,397661
0,3276099
-0,5389363
0,2100928
-0,2966967
-0,06035268
-0,01765024
-0,1687247
0,1567632
-0,01765024
-0,1687247
0,1567632
0,2905829
-0,2485877
-0,1042396
0,1875646
-0,02586748
-0,209114
0,1875646
-0,02586748
-0,209114
0,04228428
0,2222527
0,2363563
-0,188268
0,0978874
0,5706728
-0,1563825
-0,08569565
0,5348891
-0,1563825
-0,08569565
0,5348891
-0,101763
-0,2055533
0,6791234
-0,03096126
-0,07869285
0,3259122
-0,03096126
-0,07869285
0,3259122
-0,02105744
-0,1528981
0,6425925
0,03377354
-0,1461979
0,3468869
0,03377354
-0,1461979
0,3468869
0,03500944
-0,3007129
0,894287
0,03868186
-0,03335202
-0,04365313
0,0628328
-0,02625805
-0,1121743
0,0628328
-0,02625805
-0,1121743
0,09714482
0,1749166
0,3185312
0,2808733
0,5576225
-0,03611147
0,2808733
0,5576225
-0,03611147
0,3531691
-0,2654402
0,03231466
0,1743641
-0,7831957
0,01431704
0,1743641
-0,7831957
0,01431704
-0,1200879
0,008289456
0,9952391
-0,1590298
-0,09179878
0,9796054
-0,1590298
-0,09179878
0,9796054
closestDistance
0,9456888
0,9416307
0,9369916
0,9328433
0,9306491
0,9265381
0,9224796
0,9191535
0,9123936
0,9088128
0,9081642
0,9077722
0,9055002
0,902254
0,8988137
0,8966688
0,8951115
0,8939859
0,8925065
0,8912867
0,8904494
0,8895192
0,8884571
0,887328
0,8862942
0,8851274
0,8839447
0,8829787
0,8818447
0,880997
0,8805755
0,8787241
0,8771394
0,8758233
0,8746645
0,8732659
0,871772
0,8705287
0,869045
0,8677724
0,8668535
0,864236
0,8619918
0,8602032
0,8583376
0,8572991
0,8567974
0,8566091
0,8548775
0,8528508
0,8516374
0,8521053
0,8531373
0,8544112
0,8559239
0,8560359
0,8549126
0,8533165
0,8488124
0,8444034
0,8436785
0,839648
0,8360746
0,8347686
0,8276686
0,8217753
0,817864
0,8149849
0,8116074
0,8079941
0,8044398
0,800832
0,7976342
0,795962
0,793121
0,7905056
0,7879018
0,7840155
0,7793697
0,774726
0,7742918
0,7703312
0,7657295
0,762942
0,7577137
0,753294
0,7510786
0,7434083
0,7386433
0,7371473
0,7358634
0,7320935
0,7276326
0,7257143
0,721294
0,7170234
0,7146385
0,7141762
0,713971
0,7137418
0,7126018
0,7098983
0,7065143
0,7046824
0,7012394
0,6979461
0,6966161
0,6959049
0,6949329
0,6934236
0,6920272
0,6912606
0,6909899
0,6907746
0,6882035
0,6848357
0,6825394
0,6827006
0,6836246
0,6846036
0,6868098
0,6876372
0,6866831
0,6844656
0,6803207
0,6757637
0,6740057
0,6730967
0,6721003
0,6702592
0,6665537
0,6628539
0,6594941
0,6583099
0,6570906
0,655741
0,6536549
0,654235
0,655423
0,6540392
0,6540773
0,6526771
0,6481016
0,643215
0,6395108
0,6368529
0,6353834
0,6332143
0,6308102
0,6292076
0,6280208
0,625939
0,6218559
0,6150276
0,6101163
0,6079576
0,6064461
0,604009
0,6009786
0,5992308
0,5954389
0,590319
0,5843499
0,5755072
0,5693074
0,5675482
0,562649
0,5584737
0,5552751
0,5511827
0,5442088
0,5365619
0,5333323
0,5296019
0,5259587
0,5228638
0,5203099
0,5185167
0,5176179
0,5156314
0,5133801
0,5113044
0,5115327
0,512015
0,5123949
0,5122521
0,512708
0,5130858
0,5131539
0,5127077
0,5124659
0,5123891
0,5120962
0,5118607
0,5117356
0,5119007
0,5099953
0,5092804
0,5120171
0,5093309
0,5080932
0,508981
0,508655
0,5085622
0,5087687
0,5096531
0,5107654
0,5113254
0,5102139
0,5108329
0,5121221
0,5139144
0,5176818
0,5197088
0,5203303
0,5222928
0,5266312
0,5309045
0,5320883
0,5300943
0,5284098
0,5287808
0,5302684
0,5314173
0,532073
0,5325164
0,5302415
0,5265167
0,5242286
0,5171291
0,5097397
0,5065259
0,5101056
0,5122631
0,5114317
0,509276
0,5077494
0,5066673
0,5050059
0,5041838
0,5036083
0,5027012
0,5020662
0,5018933
0,5023232
0,5001861
0,4986926
0,4979199
0,4982728
0,495418
0,4911863
0,4890389
0,4886003
0,4896293
0,4924991
0,4950016
0,4962572
0,4960376
0,4963757
0,4967443
0,4974079
0,5001226
0,5013455
0,5023896
0,5040773
0,5022358
0,4983032
0,4920106
0,488015
0,4861338
0,4861161
0,4855847
0,4884273
0,4908688
0,4850107
0,4689616
0,4537613
0,4464973
0,4437467
0,4444951
0,4482248
0,4549215
0,4618484
0,4686777
0,4721276
0,4742344
0,4757625
0,4760947
0,4761712
0,4775987
0,481154
0,4846604
0,4895642
0,4948258
0,495499
0,4940962
0,4917288
0,4902506
0,486886
0,4831423
0,4795687
0,4731293
0,4684812
0,4655117
0,4634301
0,4597193
0,454941
0,4495449
0,4424842
0,4362786
0,4322558
0,432606
0,4332199
0,433411
0,4322706
0,4300146
0,4270035
0,4244691
0,4242043
0,4251434
0,4260962
0,4263089
0,4261123
0,425558
0,4203799
0,4175965
0,4178396
0,4193221
0,4205633
0,4214367
0,4214941
0,4197711
0,4183836
0,4180002
0,4183202
0,4195638
0,4218895
0,4236205
0,4215772
0,416701
0,4117047
0,4107436
0,4133443
0,4202134
0,4156949
0,4091409
0,40258
0,3983026
0,4001446
0,4044869
0,4075173
0,4074107
0,4066176
0,401527
0,3971266
0,3947107
0,3935187
0,3966124
0,3995474
0,4009157
0,3978874
0,3957597
0,3945829
0,3940617
0,393205
0,392535
0,3928025
0,3937802
0,3928885
0,3888792
0,3877231
0,3882217
0,389442
0,3879857
0,3865573
0,3855085
0,385393
0,3828256
0,3807809
0,3807554
0,3830138
0,3842171
0,3843106
0,3847
0,3817772
0,3774168
0,3759896
0,3755867
0,3756979
0,3761056
0,3744381
0,3726439
0,3709627
0,3733664
0,3739094
0,3728173
0,3729581
0,3716461
0,3699446
0,3691851
0,3686588
0,3682344
0,3678554
0,3688204
0,368531
0,3667124
0,3644026
0,3652868
0,3669895
0,3637259
0,361481
0,3591199
0,3556766
0,3540017
0,3537705
0,3549243
0,3527987
0,3508414
0,3494103
0,3497196
0,344893
0,3396297
0,3377357
0,3354922
0,3337869
0,3333215
0,3388417
0,3432664
0,3461492
0,3458089
0,3422169
0,3369855
0,3320076
0,3223688
0,3147052
0,3151098
0,3086842
0,3018784
0,2956541
0,2939537
0,2914358
0,2896023
0,2895646
0,2909328
0,2922049
0,2911898
0,2923204
0,2943124
0,2969331
0,3002113
0,3006731
0,2986296
0,2976177
0,2954505
0,293443
0,2940944
0,2905762
0,2859047
0,2817218
0,269406
0,2591451
0,2529409
0,2540743
0,249192
0,2411633
0,2394725
0,2331131
0,2278462
0,230302
0,234074
0,2367679
0,237444
0,2413641
0,2420733
0,2396467
0,236816
0,2298954
0,2233775
0,2232419
0,2259705
0,2265869
0,2218788
0,2115065
0,2047642
0,2022078
0,1981842
0,1970657
0,1982304
0,1988004
0,1952838
0,1916398
0,1893665
0,1885939
0,18779
0,1860085
0,1868338
0,1910238
0,196971
0,197189
0,1952724
0,1935299
0,1932454
0,1936909
0,1934431
0,1915064
0,1879297
0,1845938
0,1813576
0,1771336
0,1736889
0,1712068
0,1705886
0,1582681
0,1460054
0,1401111
0,1336108
0,1301017
0,1305072
0,1295276
0,1286988
0,1289438
0,1312069
0,1259693
0,118696
0,1147885
0,1114907
0,1165544
0,1307689
0,1338804
0,1284862
0,1151209
0,1003962
0,08974595
0,09236573
0,1124762
0,1079976
0,09987421
0,089867
0,09106942
0,09987407
0,1144587
0,1261469
0,1364819
0,1428677
0,1339904
0,1194851
0,1089174
0,1119447
0,1052126
0,1000055
0,0996866
0,09507704
0,09767125
0,1072372
0,1194732
0,1300046
0,1386236
0,1407677
0,1332244
0,1238914
0,1150454
0,1163322
0,1184577
0,1201168
0,1193409
0,1133372
0,1044931
0,09780955
0,0904832
0,08460535
0,08172016
0,0786653
0,07520811
0,07135288
0,06437097
0,06028485
0,05729457
0,05554961
0,05602989
0,0572208
0,0553578
0,05239376
0,05020544
0,04886905
0,0485024
0,04863661
0,04882745
0,04831169
0,04849776
0,05111537
0,05122242
0,05080254
0,04966624
0,04730111
0,05154512
0,06206779
0,0774793
0,1033081
0,1138456
0,1120615
0,1060179
0,09404056
0,08345293
0,08621454
0,1080669
0,1275074
0,1375168
0,13354
0,1285799
0,1238974
0,1298716
0,1633891
0,2088235
0,2339336
0,2436369
0,2451962
0,2400946
0,2431624
0,2520076
0,2661539
0,2796653
0,2894484
0,2951949
0,2924867
0,2945408
0,2988641
0,3040967
0,3049321
0,3049321
0,3049321
0,3049321
0,3049321
0,3049321
0,3049321
0,3049321
0,3049321
0,3049321
0,3049321
0,3049321
0,3049321
0,3049321
0,3049321
0,3049321
0,3049321
0,3049321
0,3049321
0,3049321
0,3049321
0,3049321
0,3049321
0,3049321
0,3049321
0,3049321
0,3049321
0,3049321
0,3049321
0,3049321
0,3049321
0,3049321
0,3049321
0,3049321
0,3049321
0,3049321
0,3049321
0,3049321
0,3049321
0,3049321
0,3049321
0,3049321
0,3049321
0,3049321
0,3049321
0,3049321
0,3049321
0,304932
0,3049321
0,3049321
0,3049321
0,3049321
0,3049321
0,3049321
0,3049321
0,3049321
0,3049321
0,3049321
0,3049321
0,3049321
0,3049321
0,3049321
0,3049321
0,3049321
0,3049321
0,3049321
0,3049321
0,3049321
0,3049321
0,3049321
0,304932
0,3049321
0,3049321
0,3049321
0,3049321
0,3049321
0,3049321
0,3049321
0,3049321
0,3049321
0,3049321
0,3049321
0,3049321
0,3049321
0,3049321
0,3049321
0,3049321
0,3049321
0,3049321
0,3049321
0,3049321
0,304932
0,304932
0,304932
0,304932
0,304932
0,304932
0,304932
0,304932
0,304932
0,304932
0,304932
0,304932
0,3049321
0,304932
0,304932
0,304932
0,304932
0,304932
0,3049321
0,304932
0,304932
0,304932
0,3049321
0,304932
0,304932
0,3040541
0,3021016
0,3017058
0,3015274
0,3015102
0,3015733
0,3016679
0,3018114
0,302042
0,3022658
0,3024839
0,3027287
0,3029937
0,3032749
0,3035547
0,3038629
0,3041644
0,3043644
0,3041613
0,3039578
0,3037991
0,3037258
0,3032137
0,3024342
0,3014364
0,3001794
0,2988214
0,2972341
0,2955454
0,293997
0,292655
0,2915269
0,2906524
0,2899545
0,2894241
0,289249
0,2892528
0,2894367
0,2899549
0,2907249
0,2916396
0,292766
0,2940617
0,2954305
0,2969583
0,2986063
0,3003188
0,3021121
0,3038537
0,3056749
0,3073974
0,3090049
0,3106208
0,3117753
0,3120084
0,31216
0,3122815
0,3123817
0,3124524
0,3124979
0,3124695
0,3119657
0,3112582
0,3104076
0,3094608
0,3084318
0,3074251
0,3063259
0,3052386
0,3041555
0,3030847
0,3020418
0,3010918
0,300143
0,2993418
0,2985921
0,2979721
0,2974354
0,2970742
0,2968181
0,2966762
0,2967276
0,2968989
0,2971877
0,2976118
0,2981794
0,298835
0,2995802
0,300456
0,30135
0,3023435
0,3033987
0,3044507
0,3055596
0,3066085
0,3076954
0,3087259
0,3096333
0,3102588
0,3106495
0,3107749
0,3106528
0,310449
0,3101912
0,3098934
0,3095871
0,3092797
0,3089453
0,3086033
0,3082651
0,3079122
0,3075657
0,3072098
0,3068537
0,3064933
0,3061462
0,3058171
0,3054833
0,3051573
0,304831
0,3045305
0,304267
0,3040291
0,3038189
0,3036776
0,3035655
0,3034945
0,3034895
0,3035287
0,3036019
0,3037337
0,3039106
0,3041197
0,304376
0,3046776
0,3050043
0,3053542
0,3057452
0,306156
0,3064858
0,3063035
0,3072326
0,3084157
0,3090218
0,3098291
0,310688
0,3114495
0,3128739
0,3137305
0,3140037
0,314292
0,3147481
0,3152921
0,3155292
0,3157623
0,3161339
0,3167203
0,3162417
0,3161818
0,3163761
0,3134803
0,3158517
0,3209395
0,3228906
0,3189049
0,3177611
0,3299231
0,3244071
0,3214539
0,3214539
0,3315718
0,3312833
0,3220403
0,325134
0,3176567
0,3074631
0,3074631
0,3074631
0,3074631
0,3074631
0,3074631
0,3074631
0,3074631
0,3074631
0,3074631
0,3074631
0,3074631
0,3074631
0,3074631
0,3074631
0,3078482
0,3145158
0,3594728
0,3625307
0,3618968
0,3590951
0,3495236
0,3330351
0,3151425
0,3029599
0,2972686
0,2914681
0,2822309
0,281396
0,281396
0,281396
0,281396
0,281396
0,281396
0,281396
0,281396
0,281396
0,281396
0,281396
0,281396
0,281396
0,281396
0,281396
0,2806601
0,280976
0,2937526
0,306347
0,3132403
0,3219585
0,327811
0,3273329
0,3320924
0,3354122
0,3368723
0,3402267
0,3397918
0,3369384
0,3332543
0,3313403
0,3301913
0,3295343
0,3261904
0,3239964
0,3234802
0,3224861
0,3226686
0,3237501
0,3245196
0,3274017
0,330506
0,3314466
0,331844
0,3326842
0,3339686
0,3386868
0,3423462
0,3448008
0,3450293
0,3445711
0,3438675
0,3439582
0,3501062
0,3569644
0,3610798
0,3697625
0,3756972
0,377602
0,3801498
0,3859095
0,3930311
0,3966049
0,4029643
0,4098263
0,4145733
0,4186994
0,4209706
0,4204332
0,4246875
0,4289804
0,4329835
0,4344608
0,4373371
0,4406117
0,4427618
0,4453436
0,4480474
0,4503242
0,4548687
0,4584704
0,4607976
0,4667073
0,4705833
0,4730342
0,4751052
0,4853495
0,4991222
0,5135907
0,5258852
0,5320024
0,5298507
0,528369
0,5309666
0,5361003
0,5375735
0,539015
0,5403945
0,5418129
0,5420604
0,542508
0,5434776
0,5364323
0,5317063
0,5294271
0,5260346
0,5214364
0,5159627
0,5119003
0,5071028
0,5031501
0,5022205
0,4991752
0,4958793
0,4926293
0,4859706
0,4826278
0,4821976
0,4812223
0,4814583
0,4823169
0,4834151
0,489132
0,4938966
0,4953515
0,496509
0,4971891
0,4974594
0,4986815
0,4992448
0,5000231
0,5037218
0,5080073
0,5119062
0,5138767
0,5159676
0,5165727
0,5151417
0,5167122
0,5154444
0,512529
0,5143571
0,5174389
0,5202339
0,5201936
0,5213475
0,5227135
0,52406
0,5243773
0,5246589
0,5249606
0,5259324
0,5265107
0,5271716
0,5289283
0,5285387
0,5278787
0,5281231
0,5273072
0,5269649
0,5273255
0,5276799
0,5285525
0,5297308
0,5298116
0,5290155
0,5283366
0,5288385
0,5322819
0,5364924
0,5408605
0,555593
0,5679436
0,5757096
0,5779684
0,5729629
0,5656418
0,563181
0,5655843
0,5706065
0,577734
0,5853512
0,5909595
0,5931131
0,5925484
0,5900307
0,5866024
0,5857342
0,592469
0,6016667
0,6089815
0,6169885
0,622057
0,62212
0,6292717
0,6367515
0,6444886
0,655872
0,6720431
0,6885934
0,6950623
0,7001209
0,7018512
0,6978011
0,6913778
0,6906598
0,6958065
0,7062997
0,7182621
0,7287121
0,7297391
0,731138
0,7320298
0,7313255
0,7349047
0,7382513
0,7403653
0,742513
0,7425402
0,7410782
0,7419366
0,744153
0,7470157
0,749462
0,7512527
0,7520849
0,7515793
0,7492753
0,7488598
0,7503976
0,7527263
0,7498978
0,7426038
0,7301652
0,7254591
0,7235535
0,7218903
0,7221476
0,722534
0,7227251
0,7232841
0,7250676
0,7277895
0,7311581
0,7336779
0,7351963
0,7348011
0,7413406
0,7469812
0,7481525
0,7531593
0,7541479
0,7518822
0,7606979
0,7690187
0,778067
0,7942017
0,8013707
0,8038613
0,8026584
0,807017
0,8101882
0,8111988
0,8134314
0,8119106
0,8072866
0,7988972
0,7960942
0,7961045
0,7983963
0,7974838
0,7953116
0,7923812
0,7953315
0,8010277
0,8090591
0,8168985
0,8256523
0,8342532
0,838928
0,8470204
0,8545843
0,8590333
0,8703801
0,8767983
0,8764173
0,8748921
0,8768673
0,8804511
0,8793196
0,8793653
0,8799459
0,8808091
0,8838921
0,8910476
0,9046909
timeStamps
4,081629
4,095187
4,109381
4,123415
4,137399
4,151385
4,165261
4,179166
4,193363
4,207007
4,221162
4,234677
4,248828
4,2624
4,27691
4,290875
4,304653
4,318715
4,332454
4,346423
4,360298
4,374352
4,388051
4,401539
4,416071
4,429873
4,443831
4,457378
4,471626
4,485526
4,499603
4,51342
4,527158
4,541087
4,555293
4,569099
4,583089
4,596881
4,611075
4,624686
4,638776
4,652775
4,666512
4,68082
4,69481
4,708385
4,72219
4,736347
4,75007
4,764195
4,778042
4,792236
4,806201
4,820055
4,833787
4,847546
4,861671
4,875463
4,889695
4,903468
4,917437
4,931155
4,945167
4,958951
4,97293
4,987104
5,000767
5,014756
5,028732
5,042616
5,056859
5,070283
5,084445
5,098219
5,112734
5,126107
5,140213
5,153983
5,167818
5,181775
5,195852
5,209908
5,223572
5,237555
5,251382
5,265311
5,279466
5,293094
5,307072
5,321031
5,334971
5,349074
5,363394
5,376676
5,390672
5,404749
5,418388
5,432372
5,446568
5,460392
5,474355
5,488363
5,502183
5,516401
5,530098
5,543952
5,557773
5,57181
5,585782
5,59936
5,613595
5,627213
5,641166
5,655527
5,669404
5,683258
5,696951
5,710697
5,724754
5,738601
5,75256
5,766753
5,780668
5,79437
5,808611
5,822359
5,836497
5,849965
5,863964
5,878052
5,891905
5,905752
5,920168
5,933711
5,947582
5,961681
5,97541
5,989157
6,003368
6,016958
6,03133
6,045091
6,059035
6,073243
6,086962
6,100816
6,114578
6,128529
6,142366
6,156411
6,170455
6,184537
6,198042
6,212209
6,22599
6,239849
6,253811
6,267771
6,281905
6,295597
6,309399
6,323532
6,337768
6,351768
6,365398
6,379381
6,39302
6,407016
6,420907
6,435224
6,448875
6,462853
6,476793
6,490659
6,504706
6,518916
6,532448
6,546346
6,56032
6,574247
6,588071
6,602219
6,616109
6,630124
6,643672
6,657866
6,671588
6,68539
6,699479
6,713472
6,727379
6,741397
6,755651
6,769326
6,783067
6,797079
6,8108
6,824852
6,839054
6,8526
6,866534
6,880468
6,894546
6,908318
6,922526
6,936483
6,950077
6,964036
6,978175
6,991745
7,005897
7,019905
7,033614
7,047869
7,061577
7,075354
7,089603
7,103698
7,117469
7,130949
7,145232
7,158993
7,172899
7,187109
7,200687
7,214787
7,228524
7,242628
7,256453
7,270154
7,284565
7,298241
7,312294
7,325868
7,339982
7,354065
7,368264
7,381675
7,395751
7,409393
7,423503
7,43745
7,451499
7,465524
7,479055
7,493369
7,5069
7,520837
7,534789
7,548753
7,562549
7,576458
7,590729
7,604543
7,618511
7,632596
7,646319
7,659986
7,673901
7,687803
7,701697
7,716114
7,729822
7,743493
7,757537
7,771523
7,785409
7,799637
7,813265
7,827246
7,841022
7,854926
7,869157
7,882905
7,897051
7,91074
7,924847
7,938316
7,952707
7,966286
7,980064
7,994209
8,008069
8,022017
8,036448
8,049792
8,064037
8,07783
8,091798
8,105684
8,120071
8,133204
8,147454
8,161096
8,175402
8,188944
8,203339
8,216858
8,230925
8,244842
8,258883
8,272946
8,286345
8,300447
8,314309
8,328503
8,342371
8,356227
8,370349
8,383959
8,398333
8,412075
8,425736
8,439638
8,453764
8,467817
8,481758
8,49528
8,509498
8,523355
8,537018
8,551051
8,565017
8,579484
8,592785
8,607049
8,620944
8,634558
8,648587
8,662653
8,676293
8,690358
8,704164
8,718226
8,732482
8,746305
8,760009
8,773965
8,788007
8,801726
8,815482
8,829549
8,843614
8,857454
8,871233
8,885326
8,899615
8,913259
8,927329
8,941096
8,954729
8,96863
8,982579
8,996664
9,010854
9,024336
9,038715
9,052198
9,066658
9,080331
9,09449
9,108014
9,12208
9,135836
9,14982
9,16371
9,178043
9,191424
9,20549
9,219446
9,233212
9,247044
9,261188
9,274887
9,289083
9,302952
9,316962
9,330901
9,344913
9,358501
9,372991
9,386256
9,400461
9,414253
9,428599
9,442257
9,456059
9,470193
9,483765
9,497837
9,512193
9,525671
9,539428
9,553299
9,567781
9,581729
9,59581
9,609365
9,623393
9,637485
9,651278
9,665238
9,679225
9,69264
9,706826
9,720919
9,734901
9,748603
9,762724
9,776454
9,790632
9,804431
9,817904
9,832067
9,846013
9,860378
9,874202
9,888393
9,901855
9,915723
9,93011
9,943398
9,957394
9,971009
9,984975
9,999406
10,01341
10,02727
10,041
10,05495
10,06897
10,08278
10,09678
10,11042
10,12447
10,13857
10,15266
10,16666
10,18035
10,19405
10,20841
10,22215
10,23549
10,24942
10,26367
10,27773
10,2918
10,3057
10,31936
10,33344
10,34712
10,36109
10,37475
10,38905
10,40296
10,4171
10,43052
10,44468
10,45882
10,47242
10,48639
10,50032
10,51414
10,52814
10,54228
10,55585
10,56993
10,58381
10,59787
10,61184
10,62617
10,63954
10,65334
10,66732
10,6814
10,69521
10,70956
10,7231
10,73744
10,75106
10,76478
10,7787
10,79277
10,8067
10,82099
10,83486
10,84924
10,86285
10,8765
10,89071
10,90456
10,91797
10,93235
10,94594
10,96006
10,9738
10,98798
11,00159
11,01556
11,02967
11,04327
11,05707
11,07101
11,08482
11,09891
11,113
11,12683
11,14092
11,1547
11,16868
11,1826
11,19653
11,21073
11,22442
11,23805
11,25195
11,26607
11,28014
11,29385
11,30769
11,3216
11,3357
11,34965
11,36343
11,37759
11,39162
11,40563
11,41925
11,4332
11,44734
11,46133
11,47489
11,4888
11,50295
11,5171
11,53095
11,54475
11,55863
11,57225
11,58628
11,60023
11,614
11,62799
11,64213
11,65592
11,66987
11,6838
11,69754
11,71159
11,72574
11,73938
11,75344
11,76713
11,78112
11,79529
11,80907
11,82319
11,83713
11,85103
11,86486
11,87875
11,89237
11,90662
11,92029
11,93427
11,94839
11,96222
11,97606
11,99033
12,00413
12,01811
12,03197
12,04578
12,0597
12,07395
12,0875
12,10154
12,11549
12,12927
12,14358
12,1575
12,17078
12,18505
12,19893
12,21261
12,22669
12,24085
12,25451
12,26843
12,28229
12,29626
12,31032
12,32409
12,33817
12,35212
12,36613
12,37983
12,39404
12,40827
12,42164
12,43558
12,44935
12,46359
12,47756
12,49158
12,50508
12,51931
12,53318
12,54689
12,56091
12,57517
12,58874
12,60262
12,61651
12,63041
12,64435
12,65849
12,67218
12,6863
12,70004
12,71406
12,72799
12,74177
12,75574
12,76976
12,78363
12,79783
12,81139
12,82581
12,83926
12,85362
12,86704
12,88091
12,8951
12,90901
12,92278
12,93689
12,95082
12,96482
12,97851
12,99278
13,00646
13,02041
13,03439
13,04841
13,06204
13,07622
13,08995
13,10376
13,11766
13,13182
13,14569
13,15929
13,17391
13,18711
13,20115
13,21492
13,2292
13,24293
13,25676
13,27061
13,28458
13,29857
13,31255
13,32671
13,34054
13,35443
13,36838
13,38239
13,39621
13,41019
13,4237
13,43777
13,4517
13,4662
13,4798
13,49375
13,50749
13,52122
13,53528
13,5492
13,56292
13,57712
13,59084
13,60481
13,61908
13,63285
13,64676
13,6606
13,67467
13,68855
13,7022
13,71637
13,73011
13,74402
13,75821
13,77209
13,78591
13,80012
13,8135
13,82779
13,84168
13,85535
13,86957
13,88343
13,89745
13,91127
13,92505
13,93928
13,95294
13,96682
13,98083
13,99489
14,00861
14,02278
14,03644
14,05033
14,06428
14,07835
14,09285
14,1064
14,12008
14,13435
14,14767
14,16204
14,17582
14,18971
14,20343
14,21745
14,23125
14,24536
14,25913
14,27308
14,28713
14,30102
14,31498
14,3291
14,34282
14,3569
14,37107
14,38461
14,39899
14,41256
14,42618
14,44009
14,45433
14,46864
14,48214
14,49599
14,5096
14,52368
14,53785
14,55216
14,5655
14,57949
14,5932
14,60744
14,62123
14,63523
14,649
14,66295
14,677
14,69099
14,70504
14,71854
14,73248
14,74657
14,76036
14,77467
14,78835
14,80266
14,81592
14,82997
14,84384
14,85793
14,87196
14,8858
14,89973
14,91389
14,92771
14,94165
14,9554
14,9695
14,98313
14,99705
15,01135
15,02507
15,03885
15,05276
15,06662
15,08058
15,09445
15,10898
15,12284
15,13622
15,15038
15,16435
15,17823
15,19228
15,20604
15,2198
15,23375
15,24794
15,2615
15,27548
15,28943
15,30355
15,31746
15,33165
15,34509
15,35926
15,37311
15,387
15,40087
15,41505
15,4286
15,44292
15,4564
15,4708
15,4843
15,49841
15,51223
15,52627
15,54021
15,55399
15,56841
15,58266
15,59617
15,61022
15,62415
15,63776
15,65191
15,66538
15,67937
15,69353
15,70731
15,72156
15,7352
15,74949
15,76348
15,77696
15,79103
15,80499
15,81832
15,83228
15,84633
15,86022
15,87455
15,88861
15,90219
15,91624
15,93031
15,94401
15,95803
15,97156
15,98547
15,99941
16,0136
16,02771
16,0415
16,05581
16,06945
16,08331
16,09714
16,11084
16,12469
16,13912
16,15253
16,16671
16,1806
16,19478
16,20898
16,22242
16,23645
16,25034
16,26408
16,27805
16,29202
16,30591
16,31971
16,33377
16,34801
16,36189
16,37554
16,38978
16,40337
16,41757
16,43107
16,44524
16,45888
16,47309
16,48679
16,50079
16,5145
16,52841
16,54266
16,55619
16,57046
16,5843
16,59828
16,61233
16,62597
16,63996
16,65427
16,66777
16,6817
16,69583
16,7095
16,72365
16,73753
16,75144
16,76545
16,77908
16,79321
16,80744
16,82102
16,83479
16,84881
16,86281
16,87666
16,89088
16,90452
16,91857
16,93258
16,94638
16,96074
16,97402
16,98813
17,00205
17,01587
17,02988
17,04411
17,05783
17,07184
17,08541
17,09941
17,11358
17,12727
17,14136
17,15508
17,16918
17,18296
17,19688
17,21118
17,22498
17,23872
17,25273
17,2666
17,28042
17,29433
17,30838
17,32235
17,3362
17,35018
17,3644
17,37778
17,39215
17,40557
17,41997
17,43358
17,44745
17,46149
17,47566
17,48957
17,50331
17,51727
17,53109
17,54523
17,55913
17,57287
17,58685
17,60079
17,61486
17,62859
17,64245
17,65656
17,6703
17,68408
17,6982
17,71231
17,72566
17,73963
17,75384
17,76763
17,78174
17,79573
17,80958
17,82343
17,83731
17,85135
17,86524
17,87926
17,89321
17,90693
17,92087
17,93494
17,9488
17,96271
17,97666
17,99053
18,00452
18,01845
18,03237
18,04638
18,06042
18,07401
18,08823
18,10183
18,1159
18,12981
18,14381
18,15751
18,17138
18,18547
18,19941
18,21351
18,22738
18,24157
18,25493
18,26899
18,28281
18,29688
18,31057
18,32492
18,33863
18,35254
18,36637
18,38027
18,39426
18,40816
18,4221
18,43598
18,45006
18,46392
18,47785
18,49179
18,5056
18,5196
18,53375
18,54745
18,56138
18,57538
18,58942
18,6029
18,61709
18,63097
18,64481
18,65874
18,67325
18,68676
18,70037
18,71471
18,72816
18,74215
18,75623
18,77004
18,78408
18,79802
18,81209
18,8261
18,83969
18,85352
18,86757
18,88165
18,89577
18,90963
18,92343
18,93715
18,95135
18,96519
18,97897
18,99283
19,00695
19,02093
19,03494
19,04877
19,06251
19,07676
19,09044
19,10442
19,11828
19,13193
19,1462
19,15992
19,17405
19,18763
19,20163
19,21546
19,22945
19,2435
19,2577
19,27154
19,28526
19,29922
19,31299
19,32679
19,34071
19,35496
19,36899
19,38276
19,39638
19,41055
19,42452
19,43845
19,45232
19,46662
19,48012
19,49407
19,50788
19,52202
19,53575
19,54979
19,56374
19,57758
19,59148
19,60539
19,61924
19,63316
19,64727
19,66094
19,67517
19,6891
19,703
19,71662
19,73063
19,74467
19,75859
19,77249
19,78644
19,80065
19,81459
19,82818
19,84201
19,85603
19,86988
19,88392
19,89801
19,9117
19,92566
19,93956
19,95337
19,96745
19,98157
19,99528
20,00905
20,02319
20,03745
20,0509
20,06507
20,07861
20,093
20,10674
20,12041
20,13432
20,14855
20,16245
20,17641
20,19016
20,20416
20,21815
20,23195
20,24578
20,25981
20,27354
20,28779
20,30137
20,3156
20,32935
20,34353
20,35732
20,37134
20,38493
20,39926
20,4129
20,42673
20,4407
20,45469
20,46868
20,48279
20,4964
20,51025
20,52429
20,53822
20,55198
20,56592
20,57999
20,59389
20,60799
20,62173
20,63589
20,64977
20,66348
20,67743
20,69122
20,70534
20,71906
20,73303
20,74723
20,761
20,77484
20,78919
20,8028
20,81676
20,83064
20,84457
20,8585
20,87242
20,88623
20,90034
20,91414
20,92821
20,94185
20,95628
20,96995
20,98392
20,9978
21,01183
21,02605
21,03965
21,05352
21,06737
21,08139
21,09571
21,10918
21,12313
21,13712
21,15086
21,16485
21,17862
21,19247
21,20645
21,22039
21,23418
21,24821
21,26213
21,27628
21,28995
21,30405
21,31807
21,33214
21,34547
21,35971
