participantNumber
13
repetitionNum
3
sdfEnabled
1
taskTime
26,38202
numHits
25
positionDifference
0,09196883
angleDifference
112,8288
finalPosX
-0,06710407
finalPosY
0,02044179
finalPosZ
0,9029666
finalRotX
315,1483
finalRotY
113,4596
finalRotZ
250,5183
taskType
easyWire
velocityMagnitude
0,3777042
0,0383563
0,1399471
0,1767034
0,2862861
0,225211
0,180216
0,4074738
0,4074738
0,6192753
0,5295641
0,6324388
0,4402209
0,4402209
0,6982729
0,4952545
0,267967
0,267967
0,192728
0,2321589
0,2321589
0,3337331
0,1212772
0,1212772
0,3818797
0,3392817
0,34671
0,34671
0,5227755
0,4200402
0,4200402
0,245349
0,1111097
0,2461982
0,52053
0,5294403
0,5294403
0,6418425
0,3017616
0,2843168
0,3325283
0,3325283
0,4708973
0,3141877
0,1665231
0,2794098
0,3951091
0,3951091
0,6518369
0,6626801
0,6626801
0,09280438
0,09280438
0,4873822
0,6846278
0,7016861
0,07496624
0,07496624
0,2542947
0,3107207
0,2816219
0,1287336
0,03936493
0,2817358
0,3389865
0,1726924
0,1009352
0,2666537
0,2079315
0,1801543
0,2473946
0,3191209
0,2294981
0,0864045
0,06877223
0,2135281
0,1979213
0,1020758
0,08640487
0,140821
0,2024813
0,1696542
0,1641522
0,1326979
0,1343246
0,2179166
0,2068477
0,2068477
0,1324086
0,1324086
0,09127142
0,09127142
0,07652584
0,09011657
0,0860526
0,08486309
0,09748494
0,1597474
0,1448361
0,1044663
0,06407505
0,06080438
0,06080438
0,05316114
0,1434778
0,143034
0,06314395
0,08801842
0,1438053
0,2850544
0,1768044
0,1768044
0,1511919
0,1520183
0,1088981
0,09496877
0,1505727
0,1426792
0,2226742
0,1922412
0,2151448
0,1914088
0,1964907
0,1181534
0,1181534
0,08454632
0,1184167
0,1163064
0,168277
0,1220617
0,1151124
0,07409264
0,1485846
0,2012131
0,1023088
0,1227606
0,1158249
0,1217891
0,1244074
0,1036495
0,144711
0,09961977
0,1647488
0,3218187
0,2132793
0,2194781
0,1153425
0,0993958
0,1674966
0,1056855
0,1616074
0,1983974
0,2389138
0,1411626
0,08414768
0,1004905
0,1661255
0,05957706
0,1065042
0,07157763
0,1152727
0,1677773
0,1061119
0,12363
0,09024225
0,109536
0,09446242
0,09439703
0,1862149
0,09843146
0,3741914
0,1602889
0,1250126
0,2644691
0,152623
0,1401513
0,1518019
0,08290222
0,229708
0,3270917
0,08648626
0,2691419
0,07508774
0,1820568
0,2840411
0,1158927
0,2210084
0,1463121
0,1789619
0,2538168
0,1433762
0,1635813
0,09005762
0,1378817
0,1637582
0,07432697
0,06124732
0,04895641
0,03698628
0,05834447
0,09463287
0,1426723
0,1024057
0,04495684
0,1230722
0,1797529
0,361043
0,2806923
0,02935774
0,198394
0,3397119
0,6185853
0,4573108
0,1458368
0,09509267
0,06197218
0,2697234
0,1469031
0,09014285
0,1555259
0,08772627
0,2358594
0,4359952
0,1735325
0,212672
0,1021633
0,007372381
0,1705979
0,2554826
0,340978
0,3328035
0,4260692
0,4256795
0,386536
0,3872523
0,4244541
0,2975692
0,3307712
0,2951548
0,320475
0,6987997
0,5930284
0,4290577
0,3650011
0,6721061
0,6265474
0,3761672
0,4973921
0,3464949
0,515732
0,6083035
0,2686476
0,3192857
0,1943982
0,1443806
0,1705894
0,1016728
0,08607598
0,04819189
0,08904488
0,1304427
0,1136312
0,2051194
0,2567101
0,1975672
0,2257413
0,1636877
0,2401785
0,280817
0,2859286
0,3518929
0,2212368
0,2902701
0,183425
0,171644
0,2577402
0,08273935
0,291052
0,6065152
0,4423644
0,4491217
0,1601219
0,1280994
0,1692089
0,3472993
0,2746086
0,4535438
0,4013272
0,363499
0,4000896
0,4034142
0,4978441
0,5682162
0,3985719
0,4510694
0,4325805
0,4325805
0,3243775
0,3243775
0,4004647
0,4432455
0,3613575
0,2857704
0,2736788
0,2975822
0,294317
0,294317
0,3117383
0,2675829
0,2675829
0,2643628
0,2917066
0,3368918
0,3368918
0,4587536
0,3433983
0,3433983
0,2849632
0,2486797
0,2486797
0,4166655
0,4524738
0,4524738
0,6288225
0,4519892
0,329693
0,329693
0,3795717
0,4087118
0,4087118
0,5615665
0,2928427
0,2928427
0,3458033
0,3184244
0,2249483
0,2249483
0,120899
0,2660921
0,2660921
0,1475425
0,04335535
0,04335535
0,1246261
0,04491387
0,1909204
0,1909204
0,6715832
0,7949436
0,7949436
0,1761527
0,1138681
0,1138681
0,04163712
0,03234753
0,03234753
0,08698064
0,07452052
0,05997745
0,05997745
0,04449851
0,0400179
0,0400179
0,03646844
0,03215567
0,03215567
0,04281954
0,04452797
0,04506502
0,04506502
0,06245873
0,07065985
0,07065985
0,05876145
0,07012394
0,07012394
0,09383184
0,09258921
0,09258921
0,2305743
0,1914256
0,2520546
0,2520546
0,6770961
0,3444187
0,3444187
0,1911712
0,2021529
0,2021529
0,2582608
0,5013588
0,3224536
0,3224536
0,1420784
0,07488008
0,07488008
0,5263758
0,1819744
0,1819744
0,04167945
0,1009335
0,1009335
0,1353891
0,5895252
0,2639386
0,2639386
0,8904918
0,1519608
0,1519608
0,7774533
0,1405403
0,1405403
1,384702
0,7787331
1,759262
1,759262
1,161364
0,5734485
0,5734485
0,07367373
0,4141537
0,1266686
0,1828004
0,1274952
0,1274952
0,1205126
0,1205126
0,1413497
0,1076437
0,09239343
0,09722863
0,09722863
0,0641847
0,2615744
0,07382253
0,07382253
0,06322724
0,04494733
0,04494733
0,07511415
0,04144931
0,04144931
0,03642964
0,02821024
0,055705
0,643389
0,1994118
0,1994118
0,1098459
0,009138602
0,003845752
0,008416926
0,005527791
0,01069574
0,03560606
0,03560606
0,07057827
0,05858937
0,05858937
0,08452179
0,05312268
0,03942364
0,05175279
0,05175279
0,07864933
0,05411666
0,0419754
0,0419754
0,1054653
0,1302069
0,1302069
0,3899714
0,3899714
0,8719955
0,4056697
0,2820227
0,2820227
0,1730157
0,2502844
0,4978885
0,6904619
0,6904619
0,8846307
0,6914599
0,4350868
0,4350868
0,4839003
0,6041139
0,6041139
0,5723258
0,5125449
0,5125449
0,5066049
0,4957964
0,4957964
0,4798131
0,4436166
0,406059
0,406059
0,3623461
0,3137338
0,3137338
0,261004
0,2052013
0,2052013
0,1478402
0,08764695
0,04631341
0,04631341
0,071245
0,1285963
0,1285963
0,1927585
0,2511649
0,2511649
0,2899627
0,337293
0,3843523
0,3843523
0,4097185
0,4393204
0,4393204
0,4516264
0,4450839
0,4450839
0,4350174
0,4105452
0,4105452
0,3754761
0,3277967
0,2811812
0,2811812
0,2260248
0,1773091
0,1773091
0,09998439
0,08001512
0,08001512
0,132389
0,2282342
0,3374068
0,3374068
0,243132
0,2718518
0,2718518
0,3042721
0,3410842
0,3410842
0,366183
0,3833648
0,3833648
0,3924122
0,3932004
0,3859673
0,3859673
0,4271436
0,3145829
0,3145829
0,2682249
0,2159085
0,2159085
0,1775011
0,1385646
0,1095227
0,1095227
0,08667284
0,08941166
0,08941166
0,1145488
0,1496686
0,1496686
0,1873398
0,2218786
0,2218786
0,2481171
0,2741008
0,2446063
0,2446063
0,2333643
0,2401533
0,2401533
0,2434247
0,2444247
0,2444247
0,008068158
0,0546701
0,138069
0,138069
0,1825954
0,1164311
0,1164311
0,1477022
0,1833588
0,1833588
0,3128504
0,4778591
0,4778591
0,4656392
0,3332829
0,1984249
0,1984249
0,1796017
0,1981809
0,1981809
0,2832179
0,2894453
0,2894453
0,2442281
0,1341831
0,07030696
0,07030696
0,08024912
0,1242505
0,1242505
0,1439196
0,03359829
0,03359829
0,1004282
0,0895372
0,1041842
0,1041842
0,4136168
0,343189
0,343189
0,3750232
0,1987306
0,1987306
0,2663106
0,147673
0,147673
0,350226
0,3484846
0,2137649
0,2137649
0,1082706
0,1385832
0,1385832
0,2142518
0,1554665
0,1554665
0,2628268
0,2310646
0,1655615
0,1655615
0,1546111
0,1392253
0,1392253
0,1821183
0,1822414
0,1822414
0,2904233
0,2298107
0,2298107
0,3067827
0,267771
0,2768585
0,2768585
0,2755655
0,2506461
0,2506461
0,2361529
0,1744753
0,166309
0,1264932
0,1274151
0,1274151
0,1313163
0,1067717
0,1537701
0,1230997
0,1230997
0,101385
0,09727585
0,1193813
0,08865535
0,08865535
0,08610841
0,08610841
0,08236549
0,05613465
0,06620163
0,1245169
0,1245169
0,1219367
0,1219367
0,1004838
0,1004838
0,1347553
0,1748716
0,225342
0,2335736
0,2479338
0,2663388
0,2663388
0,3101325
0,3858736
0,2671957
0,2720868
0,3260068
0,363327
0,2650956
0,2705516
0,2272711
0,2804311
0,2137627
0,2830146
0,3147407
0,2202508
0,2563868
0,1639712
0,2168173
0,2885495
0,1840733
0,3148501
0,09781439
0,05900004
0,1897346
0,1400898
0,08638349
0,1134897
0,1162379
0,2205247
0,08400875
0,04596471
0,2359767
0,08620763
0,07849194
0,0737925
0,1790569
0,06951211
0,02998176
0,1159623
0,07720353
0,188368
0,1575229
0,06956438
0,2052706
0,1301317
0,1381887
0,1764404
0,06746279
0,1571881
0,1038167
0,1196182
0,1655148
0,04488292
0,1539284
0,131982
0,0577211
0,1541262
0,06935946
0,2275657
0,2224124
0,04283911
0,1087701
0,1279801
0,1481266
0,1864985
0,09988631
0,1117601
0,07240321
0,07802071
0,04750567
0,05673706
0,1120366
0,04924649
0,1092212
0,2433638
0,135101
0,1489289
0,1511192
0,1347901
0,1937531
0,1687938
0,1531112
0,1146979
0,1097806
0,1348889
0,1145569
0,09744553
0,119518
0,1044798
0,1028069
0,06308453
0,0836667
0,09338791
0,08558319
0,0956133
0,09980702
0,09537277
0,1037584
0,1945142
0,2421432
0,2346968
0,2747782
0,2104469
0,2104469
0,2046979
0,2046979
0,2473419
0,2425036
0,2134712
0,2384083
0,290871
0,4519595
0,3781501
0,305448
0,2739593
0,342263
0,3837348
0,3837348
0,4281578
0,3236399
0,3236399
0,2677903
0,2393934
0,2393934
0,2085876
0,2074583
0,2074583
0,2655682
0,1680735
0,06762119
0,06762119
0,1152643
0,1389107
0,1389107
0,1331344
0,1003759
0,1003759
0,09079536
0,1005041
0,1243604
0,1243604
0,1250397
0,09479039
0,09479039
0,06889188
0,06646302
0,06646302
0,1137596
0,1415766
0,1415766
0,2138405
0,1806106
0,1658185
0,1658185
0,1892403
0,1722237
0,1722237
0,2455936
0,2665555
0,2665555
0,3358549
0,3183824
0,3050984
0,3050984
0,2913197
0,2427981
0,2427981
0,2851546
0,2807021
0,2807021
0,3973873
0,3478295
0,3478295
0,3256665
0,303039
0,2246027
0,2246027
0,3464287
0,3382488
0,3382488
0,6311678
0,556604
0,556604
0,3649677
0,281891
0,3164179
0,3164179
0,4442032
0,4275121
0,4275121
0,3916745
0,2534173
0,2534173
0,185712
0,09412934
0,09412934
0,1307286
0,08155717
0,05607483
0,05607483
0,08574976
0,05700113
0,05700113
0,04832793
0,03585668
0,03585668
0,0530115
0,0596064
0,05739826
0,05739826
0,1271845
0,77088
0,77088
0,3848022
0,8454583
0,8454583
0,3533888
0,4594514
0,404801
0,404801
0,3948179
0,4385157
0,4385157
0,5441038
0,5342611
0,5342611
0,7714328
0,6939695
0,6939695
0,4719349
0,4419837
0,4119446
0,4119446
0,4271674
0,04173898
0,02679793
0,01838669
0,01838669
0,004936944
0,01231935
0,01231935
0,009398215
0,006459688
0,006459688
0,03564516
0,02996419
0,02347122
0,005731063
0,01383734
0,01383734
0,09979564
0,1748216
1,022849
0,5416027
0,5416027
0,5193346
0,5193346
0,00510146
0,06746948
0,0711093
0,09412967
0,08959814
0,0863475
0,0640533
0,07998583
0,08665252
0,4161475
0,4391832
0,4958799
0,5575903
0,5715594
0,6198812
0,6885986
0,7257738
0,7257738
0,8374408
0,8374408
0,934738
0,934738
1,031
1,090973
1,117851
1,173791
1,185549
1,215206
1,222071
1,259891
1,286869
1,319664
1,319936
1,317853
1,329168
1,342694
1,358005
1,362587
1,359279
1,357665
1,362882
1,362882
1,359519
1,359519
1,360958
1,363781
1,338527
1,303155
1,223445
1,092946
0,9669071
0,8099907
0,7457908
0,6063811
0,521407
0,07005671
0,08985439
0,1076809
0,1308929
0,1243787
0,1393533
0,1393533
0,1472885
0,1472885
0,3754379
0,3754379
0,5562055
0,7448251
0,06684525
0,04978827
0,190076
0,190076
0,5462897
0,5462897
0,7407931
0,9135906
0,9135906
1,1086
1,279434
1,433184
1,433184
0,7614763
0,8591557
0,8591557
0,7095298
0,5791168
0,5791168
0,4311901
0,3496442
0,3050449
0,3050449
0,2888762
0,2716688
0,2716688
0,251651
0,2302646
0,2302646
0,2107526
0,1929417
0,1812224
0,1812224
0,1775629
0,1832795
0,1832795
0,1970289
0,2151995
0,2151995
0,2375535
0,2620637
0,2620637
0,2843879
0,3024685
0,2063213
0,2063213
0,1555143
0,1067652
0,1067652
0,06889115
0,06168927
0,06168927
0,06741314
0,08385085
0,1019283
0,1019283
0,11316
0,124648
0,124648
0,1253905
0,1305567
0,1305567
0,1271796
0,1330809
0,1330809
0,1214203
0,1201507
0,1030968
0,1030968
0,07760041
0,07725036
0,07725036
0,01151744
0,02106421
0,02106421
0,04078583
0,02781579
0,01417339
0,01417339
0,04854624
0,03522572
0,03522572
0,0482117
0,06680006
0,06680006
0,06153413
0,06438454
0,06438454
0,1293737
0,1380657
0,1559407
0,1559407
0,3371225
0,3258093
0,3258093
0,3371823
0,3012381
0,3012381
0,3778772
0,3946939
0,3993545
0,3993545
0,415054
0,3618412
0,3618412
0,2654952
0,2740514
0,2740514
0,4460779
0,4293664
0,4293664
0,3564029
0,2486099
0,2296521
0,2296521
0,161266
0,1624012
0,1624012
0,2130994
0,2055231
0,2055231
0,1678047
0,1616289
0,1735803
0,1735803
0,1571573
0,1411965
0,1672353
0,1815894
0,1815894
0,199734
0,2659301
0,2378471
0,2000138
0,2056087
0,1809414
0,2561032
0,3111144
0,3236201
0,3542814
0,2874506
0,2247682
0,1627877
0,1627877
0,2303139
0,2303139
0,2127159
0,2477699
0,2274607
0,2906208
0,3930199
0,3546365
0,2726322
0,2685008
0,300694
0,2817953
0,3949495
0,256037
0,2758307
0,1854268
0,2436629
0,4325875
0,216251
0,2662624
0,3865861
0,2003122
0,2478003
0,09543317
0,1856174
0,2606064
0,08457118
0,1214132
0,05201665
0,06276706
0,1282206
0,09692398
0,05674576
0,04132615
0,2049076
0,1201821
0,1123292
0,2698128
0,0597789
0,1385569
0,1475995
0,06516311
0,04597944
0,07141165
0,374796
0,4581032
0,2929914
0,2800009
0,3092212
0,1404945
0,2132944
0,03515368
0,2182319
0,1356125
0,07550304
0,3319472
0,09860647
0,2176495
0,2625684
0,2665894
0,1844
0,05798911
0,03682089
0,02415981
0,01799765
0,03395645
0,02973561
0,05151667
0,04960362
0,04883943
0,04672833
0,0478815
0,0604049
0,06755368
0,08389489
0,09148979
0,1112595
0,106771
0,1753948
0,3488339
0,4072118
0,611589
0,7172599
0,680577
0,2526215
0,163277
0,2471508
0,1202138
0,1330148
0,1588049
0,2563851
0,1785049
0,1530811
0,2072668
0,1644759
0,2509623
0,361662
0,1506781
0,1273222
0,1218007
0,1173012
0,3513401
0,08796421
0,1210343
0,1484016
0,4570488
0,08038063
0,07818981
0,1035189
0,2352212
0,118583
0,1682707
0,1330827
0,4673083
0,448445
0,3449303
0,134266
0,199181
0,6080067
0,6167142
0,6167142
0,9715109
0,9025882
0,9025882
0,2708068
0,1845441
0,1845441
0,7617202
0,6209144
0,1332549
0,1332549
0,171833
0,6781511
0,6781511
0,1626963
0,157106
0,157106
0,1529368
0,1515897
0,1684434
0,1684434
0,8119562
0,1794812
0,1794812
0,142469
0,1367048
0,1367048
0,1588568
0,1897563
0,5354874
0,5354874
0,263743
0,1663579
0,1663579
0,2732088
0,3393028
0,3393028
0,3576089
0,5011717
0,5011717
0,45087
0,4008634
0,4640164
0,4640164
0,5397992
0,5445191
0,5445191
0,6301472
0,5927294
0,5927294
0,1339664
0,09500439
0,09003168
0,09003168
0,1329383
0,1138245
0,1138245
0,1202493
0,05495885
0,05495885
0,08988252
0,08041856
0,07776747
0,07776747
0,09707292
0,07368685
0,07368685
0,1762287
0,09579626
0,09579626
0,07027388
0,05071449
0,05071449
0,09089597
0,06154429
0,02940166
0,02940166
0,03612633
0,02442542
0,02442542
0,03728598
0,03211631
0,03211631
0,4473623
0,287295
0,2870136
0,2870136
0,883697
1,198505
1,198505
1,076166
0,9672284
0,9672284
1,046803
0,8668384
0,4984775
0,4984775
0,6644343
1,028109
0,3461531
0,3367994
0,5482351
0,4753465
0,4753465
0,4523372
0,4075346
0,3540124
0,2396611
0,2990659
0,429521
0,1705205
velocityComponents
0,09057952
0,1428831
0,3376985
-0,03625518
-0,00866843
-0,009034689
-0,030825
-0,02267831
0,1346131
-0,02452005
-0,1748493
-0,007111916
-0,00637493
-0,2677496
0,1011398
0,02523861
-0,1555875
0,1608587
-0,008759771
-0,08598368
0,1581388
0,03351704
-0,3614141
0,1851793
0,03351704
-0,3614141
0,1851793
0,00822783
-0,6187037
0,02529669
-0,04641158
-0,5082255
-0,1413893
-0,01736854
-0,6295263
-0,05808435
0,0416589
-0,4287744
0,09061737
0,0416589
-0,4287744
0,09061737
0,1868757
-0,5738966
0,3511484
0,09350972
-0,465534
0,1407514
0,0311845
-0,2660258
0,008006124
0,0311845
-0,2660258
0,008006124
-0,02564132
-0,01280037
-0,1905853
-0,04619122
0,05401088
-0,2210134
-0,04619122
0,05401088
-0,2210134
-0,006280953
0,2586837
-0,210763
0,02562871
0,1056558
-0,05374173
0,02562871
0,1056558
-0,05374173
0,1364032
0,3293865
0,1368606
0,06716131
0,3309442
0,03282352
0,04095253
0,3440942
-0,01139565
0,04095253
0,3440942
-0,01139565
0,1175266
0,4937591
0,1252346
0,1098997
0,380209
0,1407015
0,1098997
0,380209
0,1407015
0,0905027
0,2280232
0,003289568
0,07092756
0,08424159
0,01476462
0,1379325
-0,01573994
0,2033235
0,263972
0,05390246
0,4453817
0,250814
-0,01476651
0,4660272
0,250814
-0,01476651
0,4660272
0,3087628
-0,134835
0,5463029
0,1559699
-0,1475368
0,2120526
0,06026915
-0,2742375
-0,04469258
0,1372197
-0,2815911
0,1115897
0,1372197
-0,2815911
0,1115897
0,2531162
-0,126164
0,3765091
0,1902293
-0,03022189
0,2482205
0,09169646
0,1271825
0,05609189
0,05014931
0,2442496
-0,1260834
-0,02439594
0,2431329
-0,3104874
-0,02439594
0,2431329
-0,3104874
-0,1188931
0,2350146
-0,5962583
-0,1080028
0,2768846
-0,5922967
-0,1080028
0,2768846
-0,5922967
0,07089368
0,05792905
0,01519753
0,07089368
0,05792905
0,01519753
0,09162793
0,4754429
-0,05567582
-0,1291953
0,4675346
-0,4831514
-0,140901
0,4634455
-0,5076698
0,0318634
0,03491064
0,05818856
0,0318634
0,03491064
0,05818856
0,1013106
-0,02738858
0,2316286
0,06231124
0,258148
0,1613204
-0,01046191
0,2803464
-0,02464449
-0,03811504
0,08775272
-0,08613392
0,005798787
0,02834231
0,02669617
0,09184895
-0,08073612
0,2538119
0,09725894
-0,1922733
0,2616935
0,0102931
-0,1695638
0,03106215
-0,02305693
-0,08402218
-0,05095647
-0,09763955
-0,08202624
-0,2341845
-0,07592995
-0,07970138
-0,1764025
-0,02832414
-0,1709851
-0,0491671
0,01685187
-0,2370069
0,06890452
0,04437273
-0,282283
0,1420759
0,02364296
-0,2116248
0,08558798
0,01032882
-0,07187882
0,04682402
0,01674364
0,01820846
0,06416948
0,05839507
0,06965101
0,1932174
0,05661243
0,07106629
0,1758336
0,02967536
0,03357918
0,09171305
0,02280686
0,04487556
0,07022701
0,03543809
0,09034185
0,1020443
0,05817747
0,09666827
0,1681348
0,04778969
0,08142775
0,1409547
0,04447874
0,05657211
0,1475371
0,03778867
0,02438474
0,1248444
0,04071302
0,003070891
0,1279692
0,06474198
0,03932578
0,2043272
0,06016482
0,05733493
0,1894172
0,06016482
0,05733493
0,1894172
0,03730332
0,04189689
0,1199381
0,03730332
0,04189689
0,1199381
0,02476151
0,02425381
0,08443395
0,02476151
0,02425381
0,08443395
0,002870035
0,06988804
0,03104238
-0,003884681
0,08849078
0,01659176
-0,005355298
0,08477141
0,01379052
0,0105155
0,06309624
0,05576767
0,01109894
0,07854956
0,05665768
0,0132191
0,135021
0,08434352
0,01348309
0,1222935
0,07641995
0,008893665
0,08732593
0,05664182
0,007266369
0,04694723
0,04299733
0,007841717
0,04851063
0,0358106
0,007841717
0,04851063
0,0358106
0,0005899568
0,04905003
0,02049033
0,02534151
0,06457926
0,1255914
0,02872917
0,0532512
0,1296059
0,00754694
0,04936814
0,03863921
0,01655871
0,04893896
0,0712603
0,04146302
0,003834598
0,1376447
0,08563559
-0,06300464
0,2644862
0,05583711
-0,03451543
0,1641666
0,05583711
-0,03451543
0,1641666
0,04992901
-0,001177517
0,1427049
0,04872075
0,01189608
0,1435072
0,02920053
0,07155634
0,07671902
0,01805577
0,0828093
0,04284479
0,02931304
0,1216807
0,08370595
0,03470099
0,09177877
0,103585
0,0567593
0,1131665
0,1831817
0,04471129
0,108528
0,1522473
0,04711257
0,1195306
0,1725692
0,04224557
0,1056014
0,1539512
0,03959806
0,1072819
0,1597849
0,03054594
0,03345206
0,1091244
0,03054594
0,03345206
0,1091244
0,006058174
0,07824761
0,03144346
-0,0003171529
0,1163273
0,02214441
-3,446525E-05
0,1134404
0,02566059
-0,007090006
0,1674055
0,01556592
-0,009311276
0,1217021
-0,0009684388
-0,009988554
0,1146678
-0,001551204
-0,007155175
0,07340737
0,007062655
-0,01264671
0,1444189
0,03256764
-0,01238058
0,1935507
0,05358685
-0,01155768
0,1011046
0,01055292
-0,02029394
0,1210014
-0,004120908
-0,002786617
0,107855
0,04213005
0,001002242
0,1007346
0,06844065
-0,003871542
0,09884153
0,07544914
0,004033384
0,07024147
0,07611239
0,01058889
0,07181245
0,1251884
0,01113346
0,02955865
0,09447979
0,02163133
0,03574747
0,1593623
0,05655665
0,03462203
0,3149126
0,04357316
0,004372473
0,208735
0,03226732
0,07428787
0,2039872
0,02056817
0,0249473
0,110718
0,01975966
0,04353267
0,08714349
0,01525924
0,1412944
0,08864626
0,005177496
0,08720076
0,05948649
0,03231421
0,04040587
0,1531017
0,05739916
0,01737459
0,1891163
0,07226581
0,07784308
0,2140044
0,0400461
0,07609087
0,1119526
0,02398491
0,0375405
0,07138815
0,02626509
0,03258718
0,0913595
0,03883469
0,04547214
0,1549897
0,01455935
-0,001456047
0,05775233
0,02146438
0,002449741
0,1042901
0,005249563
0,05071571
0,05023661
-0,0006582554
0,1029358
0,05188033
0,02570602
0,0779374
0,1463359
0,02100047
0,04368788
0,09439322
0,02366443
0,0559032
0,1076996
0,01902947
0,0318042
0,08228023
0,02145575
0,01549085
0,1062912
0,004462212
0,07199799
0,06098794
-0,007332131
0,09356911
0,01009265
-0,02830831
0,1804158
-0,03639746
0,0262285
-0,07405339
0,05930357
0,1035743
-0,1634317
0,3202837
0,04698649
0,01073077
0,1528714
-0,02715629
0,09381702
-0,0780324
-0,06234977
0,1861911
-0,1771701
-0,03316268
0,1290702
-0,07439681
-0,006600888
0,1320905
0,04637785
0,01723992
0,08139883
0,1269678
0,009575307
0,04879393
0,06633433
-0,00993675
0,2163507
0,07654671
-0,04822534
0,3225264
-0,02529843
-0,009959526
0,08354054
0,0200414
0,0249681
0,146701
0,2242605
0,003436962
0,04267972
0,06168304
0,02157045
0,04155499
0,1759335
0,04742264
-0,01828804
0,2794566
0,01787371
-0,001032646
0,1145014
0,03415423
0,01745998
0,2176542
0,02947595
-0,03950988
0,1377584
0,0355258
-0,1005685
0,1437054
0,05560755
-0,1422042
0,2027529
0,03428271
-0,05438042
0,1281569
0,03872503
-0,08849674
0,1320134
0,02316063
-0,03197082
0,08094335
0,03313727
-0,03481654
0,1292327
0,03715143
-0,06580323
0,1452806
0,01496041
-0,0285724
0,06696494
0,00952986
-0,01590337
0,05837378
0,006720192
-0,0001224742
0,04849283
0,009112866
-0,007816293
0,03498351
-0,003833341
0,05601773
-0,01585548
-0,01330645
0,08861881
-0,03041424
-0,02604275
0,1252325
-0,06319786
-0,02004254
0,08963159
-0,0452925
-0,007596669
-0,02645883
-0,03554348
-0,01420615
-0,08504787
-0,0878169
-0,03500865
-0,0511296
-0,1687343
-0,08607631
0,0663676
-0,3442939
-0,07644149
0,04753464
-0,2658671
-0,01502501
0,00496636
-0,02472774
0,02406177
0,03016209
0,1946059
0,06700621
-0,02011959
0,3324297
0,1209127
-0,1157769
0,5955028
0,08436869
-0,00620062
0,4494181
0,006720804
0,1061949
0,09972887
-0,001896701
0,08422111
0,04411149
0,009190432
0,01164905
0,06016965
0,0272352
-0,2673045
0,02360683
0,02211442
-0,1356749
0,05180528
-0,02036726
0,05648851
-0,06723061
-0,03197398
0,0412327
-0,1465122
-0,01633063
0,007455769
-0,08586979
-0,03971871
0,1769933
-0,1507496
-0,06533357
0,3888563
-0,1860487
-0,02405384
0,1618016
-0,05792402
-0,02597975
0,2058302
-0,04677957
-0,01823728
0,07842164
-0,06288708
-0,0008786363
0,00151008
-0,007162378
-0,02626497
0,01899859
-0,1674898
-0,04280105
0,04671032
-0,2475027
-0,03355598
-0,07745481
-0,3303646
-0,03892874
-0,06026769
-0,3249778
-0,06440686
0,02330223
-0,4205279
-0,05099412
-0,09206037
-0,4124652
-0,02089393
-0,2024863
-0,3285922
-0,0121035
-0,2490252
-0,2963179
-0,103457
-0,2604477
-0,3187866
-0,08340687
-0,2273629
-0,172907
-0,01640503
-0,3295532
0,02313213
0,00832157
-0,2867868
0,06928541
0,04136803
-0,248525
0,1980611
0,1323226
-0,3730127
0,5759108
0,1246444
-0,288309
0,5030153
0,09167646
-0,04570236
0,41665
0,06788296
0,0698425
0,3517665
0,1279791
-0,2026133
0,6279297
0,1179203
-0,1774408
0,5892124
0,03557074
0,2196501
0,303299
0,02479375
0,3501302
0,3524103
0,02712478
0,1757495
0,2973804
0,02143102
0,3171744
0,4061041
-0,02834688
0,5438313
0,2710667
-0,0282818
0,2563408
0,07523983
-0,01993799
0,2749073
0,1611577
-0,01593615
0,1705866
0,0918528
-0,02685057
0,1418238
-0,003284704
-0,03855417
0,1625821
-0,03437109
-0,02776509
0,09525055
-0,0222212
-0,0338201
0,04066272
-0,06791037
-0,02238519
0,001813705
-0,04263886
-0,0359972
-0,03618759
-0,07296336
-0,03254278
-0,09355324
-0,08487676
-0,0268714
-0,09297581
-0,05954382
-0,03441995
-0,1941162
-0,05664021
-0,03426171
-0,2447338
-0,06950979
-0,03066088
-0,1826995
-0,06865556
-0,057016
-0,1683795
-0,1391282
-0,04543137
-0,08115038
-0,1347007
-0,04755724
-0,1699567
-0,1629072
-0,02253201
-0,2688598
-0,07787763
-0,01626342
-0,2545919
-0,1291265
0,02531445
-0,3406503
0,08452925
0,03272009
-0,1748496
0,1315398
0,0138272
-0,2898822
0,005818475
0,005065857
-0,1832732
-0,005477633
0,03023739
-0,05629957
0,1593039
0,04165116
-0,05557168
0,2482076
0,01161923
-0,01599399
0,08034293
0,03519445
0,05931596
0,2827618
0,07338794
0,1095164
0,5920144
0,05070865
0,09689254
0,4286335
0,03994487
0,08405393
0,4393741
0,01246535
-0,01885957
0,158518
0,03544853
-0,05945519
0,1077866
0,06381463
-0,1503975
0,04404482
-0,009558118
-0,3373247
0,0820822
0,05461597
-0,2658951
0,0415546
-0,02516422
-0,4473359
0,07042243
-0,03582907
-0,3960495
0,05407953
0,01730966
-0,3610724
-0,03819193
-0,04765963
-0,3963284
-0,02690777
-0,04368799
-0,4010025
-0,00559791
-0,0491436
-0,4929487
-0,04934767
-0,04673028
-0,5645258
-0,0446821
-0,02157779
-0,3976144
0,01722738
-0,01914153
-0,4491044
0,03744892
-0,01857028
-0,4310593
0,03112673
-0,01857028
-0,4310593
0,03112673
-0,01630773
-0,3237977
0,01048397
-0,01630773
-0,3237977
0,01048397
-0,02063054
-0,3993821
0,02098185
-0,02137376
-0,4416836
0,03041838
-0,01722296
-0,3597541
0,02931875
-0,01259097
-0,2843118
0,02594132
-0,01135058
-0,2713906
0,0334419
-0,01135389
-0,293518
0,0476808
-0,01093775
-0,2899812
0,04913005
-0,01093775
-0,2899812
0,04913005
-0,00446807
-0,2914274
0,1105934
-0,002131768
-0,2449117
0,1077696
-0,002131768
-0,2449117
0,1077696
0,0021851
-0,2223474
0,1429845
0,008164834
-0,2196787
0,1917481
0,01181969
-0,2386243
0,2375181
0,01181969
-0,2386243
0,2375181
0,0141791
-0,3223261
0,3261285
0,01311481
-0,2272374
0,2571256
0,01311481
-0,2272374
0,2571256
0,02660681
-0,04583862
0,2799909
0,02743339
0,01629156
0,2466244
0,02743339
0,01629156
0,2466244
0,04280224
-0,1119031
0,3990687
0,03288783
-0,273204
0,3591802
0,03288783
-0,273204
0,3591802
0,03079219
-0,4782292
0,4071442
0,04048287
-0,2708689
0,3595628
0,04041301
-0,1402557
0,2956224
0,04041301
-0,1402557
0,2956224
0,04579125
-0,1565958
0,342718
0,0397313
-0,2156895
0,3448837
0,0397313
-0,2156895
0,3448837
0,04659836
-0,3342429
0,4488509
0,0464439
-0,1117503
0,2666678
0,0464439
-0,1117503
0,2666678
0,06372941
0,3390898
0,02316391
0,04746578
0,3118438
-0,04352642
0,03820303
0,2165881
-0,04724275
0,03820303
0,2165881
-0,04724275
0,04144119
-0,04476834
0,1043791
0,03715698
-0,1966746
0,1753382
0,03715698
-0,1966746
0,1753382
0,02833494
-0,1377319
0,04467496
0,03150557
-0,02247192
-0,01954733
0,03150557
-0,02247192
-0,01954733
0,04663
0,09503968
-0,06576294
0,03987868
-0,003699371
-0,02032883
0,03029103
-0,1842354
0,03987915
0,03029103
-0,1842354
0,03987915
0,02214675
-0,6014184
0,2980427
0,01746917
-0,6892025
0,3957651
0,01746917
-0,6892025
0,3957651
-0,1243954
-0,114861
-0,04860568
-0,08526511
-0,06150135
0,04374231
-0,08526511
-0,06150135
0,04374231
0,02101474
-0,03548159
0,005752129
-0,0004545748
-0,006306946
0,03172347
-0,0004545748
-0,006306946
0,03172347
-0,03150468
-0,03291676
0,07409166
-0,03318543
-0,02060869
0,06346115
-0,03377233
-0,0105821
0,04842255
-0,03377233
-0,0105821
0,04842255
-0,02454112
-0,0114444
0,03531114
-0,002591131
-0,02369644
0,03214338
-0,002591131
-0,02369644
0,03214338
-0,009693999
0,008707583
0,034061
-0,008823842
0,01262844
0,02822498
-0,008823842
0,01262844
0,02822498
-0,01320156
0,01098278
0,03922513
-0,00937191
0,01425238
0,04113121
-0,009174448
0,01514627
0,04144002
-0,009174448
0,01514627
0,04144002
-0,01225946
0,0209313
0,05755588
-0,008505024
0,001395613
0,07013224
-0,008505024
0,001395613
0,07013224
-0,01228456
0,02496725
0,05175552
0,001908399
0,01591428
0,06826757
0,001908399
0,01591428
0,06826757
0,004511643
0,05846791
0,07325001
-0,01238427
0,01154539
0,09102799
-0,01238427
0,01154539
0,09102799
-0,06524396
0,05489446
0,2142296
-0,05619694
0,03126958
0,1802994
-0,03047524
0,02626358
0,2488233
-0,03047524
0,02626358
0,2488233
-0,01472753
0,3651469
0,5700087
-0,0311735
0,1002794
0,3280191
-0,0311735
0,1002794
0,3280191
0,009476535
0,0934004
0,1665322
-0,01483345
0,08530524
0,1826712
-0,01483345
0,08530524
0,1826712
0,005152851
0,1155832
0,2308952
-0,06609814
0,1766662
0,4645221
-0,0002848357
0,07276297
0,3141366
-0,0002848357
0,07276297
0,3141366
0,01411621
0,06091316
0,1275797
0,03442398
0,02448882
0,06182486
0,03442398
0,02448882
0,06182486
-0,03126621
0,3557681
0,386682
0,01776838
0,03209814
0,1782377
0,01776838
0,03209814
0,1782377
0,02686116
0,005370587
-0,03141356
0,02432369
-0,01162803
-0,09726623
0,02432369
-0,01162803
-0,09726623
0,05756236
0,05344534
0,1102741
0,06414326
0,5503857
0,201249
0,1535489
0,1014679
0,189184
0,1535489
0,1014679
0,189184
0,4618164
0,3992314
-0,6483175
0,1215085
0,008856773
-0,0908258
0,1215085
0,008856773
-0,0908258
0,3789256
0,4927409
-0,4669641
0,07170624
0,1174775
0,02843952
0,07170624
0,1174775
0,02843952
0,1885011
1,325806
-0,3522889
0,06006904
0,750168
0,2001624
0,3350536
1,710065
-0,2417048
0,3350536
1,710065
-0,2417048
-0,533096
0,957558
0,3842636
-0,2079929
0,5240947
0,1044362
-0,2079929
0,5240947
0,1044362
-0,03037176
-0,06533635
0,01537974
0,03682869
0,4122508
0,01470442
-0,07601028
0,1007869
0,01045874
-0,08836882
0,1578983
-0,0259822
-0,07177295
0,1039134
-0,01748341
-0,07177295
0,1039134
-0,01748341
-0,03590974
0,1123646
0,02465712
-0,03590974
0,1123646
0,02465712
-0,03968212
0,1351926
-0,011315
-0,04352894
0,0980128
-0,00926704
-0,04194821
0,08227086
0,002898216
-0,04773421
0,08469957
-0,0009134859
-0,04773421
0,08469957
-0,0009134859
-0,03982587
0,04795516
0,01529309
-0,1762991
0,1928667
-0,01192564
-0,05984133
0,03799236
0,02062428
-0,05984133
0,03799236
0,02062428
0,006422758
-0,03755629
0,05045748
-0,00368011
-0,02263963
0,03865445
-0,00368011
-0,02263963
0,03865445
-0,03340968
-0,01704407
0,06508017
-0,02505657
0,003399849
0,03284287
-0,02505657
0,003399849
0,03284287
-0,02096486
0,004499078
0,02945083
-0,01476792
0,002100706
0,02394396
0,03332818
-0,004547
0,04440275
0,1634489
0,5683607
0,2533771
-0,07973926
0,03715551
0,1789586
-0,07973926
0,03715551
0,1789586
-0,04777038
0,07849908
0,06018317
0,005670741
0,002073288
-0,006859899
0,001768142
-0,00026232
-0,003405094
-0,004925162
-0,0005627275
0,006802261
0,00347355
0,002405643
-0,003564239
0,006690264
0,001981258
-0,008106411
0,02618021
0,001291275
-0,02409816
0,02618021
0,001291275
-0,02409816
0,05647284
-0,0422864
-0,001992911
0,04970482
-0,02852255
0,01219055
0,04970482
-0,02852255
0,01219055
0,04970066
-0,05736575
0,03718802
0,0264819
-0,02286682
0,03997296
0,02364992
-0,02583736
0,01809242
0,02943234
-0,03571767
0,02315894
0,02943234
-0,03571767
0,02315894
0,06466405
-0,0265201
-0,03606886
0,04221581
-0,008096352
-0,03287685
0,03208326
-0,01342909
-0,02350017
0,03208326
-0,01342909
-0,02350017
0,07898615
-0,06901646
-0,01099332
0,09599477
-0,08775571
-0,006145671
0,09599477
-0,08775571
-0,006145671
0,1927754
-0,3345798
-0,05451332
0,1927754
-0,3345798
-0,05451332
0,254575
-0,7934417
-0,2569396
-0,1129983
-0,2982021
-0,2507486
-0,1232459
-0,1763354
-0,1823544
-0,1232459
-0,1763354
-0,1823544
-0,08725113
-0,1078975
-0,103343
-0,1422552
-0,1926268
-0,07280552
0,02451075
-0,4850926
-0,1094411
0,02451075
-0,6812926
-0,1094411
0,02451075
-0,6812926
-0,1094411
0,02451075
-0,8774926
-0,1094411
-0,2212981
-0,6339289
-0,1651608
-0,3395035
-0,233852
-0,1391085
-0,3395035
-0,233852
-0,1391085
-0,3894163
-0,2352182
-0,1648844
-0,3894163
-0,4314182
-0,1648844
-0,3894163
-0,4314182
-0,1648844
-0,4550024
-0,2959339
-0,181529
-0,4834581
-0,06170511
-0,1586286
-0,4834581
-0,06170511
-0,1586286
-0,4896494
-0,005733758
-0,1298426
-0,4778537
0,05351578
-0,1208552
-0,4778537
0,05351578
-0,1208552
-0,4577
0,08164108
-0,1186005
-0,4145433
0,126303
-0,09485302
-0,3686247
0,1528963
-0,07498271
-0,3686247
0,1528963
-0,07498271
-0,3175216
0,1658214
-0,05457071
-0,2646537
0,1648653
-0,03473844
-0,2646537
0,1648653
-0,03473844
-0,2120465
0,151358
-0,01581464
-0,1612485
0,1269
0,001692351
-0,1612485
0,1269
0,001692351
-0,1117347
0,09496385
0,01881317
-0,06435768
0,051863
0,02916001
-0,01365458
0,002278566
0,04419607
-0,01365458
0,002278566
0,04419607
0,02552198
-0,03427264
0,05700758
0,07542534
-0,07831761
0,06866141
0,07542534
-0,07831761
0,06866141
0,124758
-0,12246
0,0812085
0,1697406
-0,1586961
0,09532819
0,1697406
-0,1586961
0,09532819
0,2159881
-0,1661166
0,09916029
0,2659572
-0,178864
0,1050763
0,3200333
-0,1818102
0,1106818
0,3200333
-0,1818102
0,1106818
0,3675657
-0,1475676
0,1048261
0,4101606
-0,1105085
0,1120648
0,4101606
-0,1105085
0,1120648
0,4348288
-0,06596711
0,1026583
0,4356003
-0,007265747
0,09110039
0,4356003
-0,007265747
0,09110039
0,4248042
0,05054702
0,07890891
0,3969745
0,08014677
0,06734357
0,3969745
0,08014677
0,06734357
0,3570989
0,1028033
0,05379782
0,295576
0,137305
0,03511167
0,2460216
0,1347761
0,01927853
0,2460216
0,1347761
0,01927853
0,193057
0,1174623
0,004336916
0,1469147
0,09838201
-0,01324992
0,1469147
0,09838201
-0,01324992
0,08697602
0,0402218
-0,0285352
0,04763162
-0,01626624
-0,06220174
0,04763162
-0,01626624
-0,06220174
0,005296294
-0,1030651
-0,08292405
-0,03968595
-0,2026507
-0,09720379
-0,08553434
-0,3076558
-0,1089731
-0,08553434
-0,3076558
-0,1089731
-0,07840076
-0,1640458
-0,161417
-0,1428033
-0,1187129
-0,1985393
-0,1428033
-0,1187129
-0,1985393
-0,1863963
-0,1038395
-0,2169223
-0,2291437
-0,1002212
-0,2319209
-0,2291437
-0,1002212
-0,2319209
-0,2627265
-0,08692649
-0,2398093
-0,2910002
-0,0668155
-0,2404644
-0,2910002
-0,0668155
-0,2404644
-0,3126339
-0,04182248
-0,2334487
-0,3263798
-0,01441967
-0,2188032
-0,331603
0,01277654
-0,1970964
-0,331603
0,01277654
-0,1970964
-0,331603
-0,1834235
-0,1970964
-0,2794206
0,06662709
-0,1282474
-0,2794206
0,06662709
-0,1282474
-0,2351915
0,08267659
-0,09896516
-0,189132
0,07655711
-0,07060148
-0,189132
0,07655711
-0,07060148
-0,1591071
0,06921972
-0,03741963
-0,1331852
0,03753179
-0,007296061
-0,1058535
0,01539947
0,02351839
-0,1058535
0,01539947
0,02351839
-0,06467593
0,01273005
0,05627745
-0,02803298
-0,006770477
0,08463307
-0,02803298
-0,006770477
0,08463307
0,008850232
-0,02832939
0,1106369
0,04456352
-0,04848097
0,1344038
0,04456352
-0,04848097
0,1344038
0,08065583
-0,06490546
0,156135
0,1116857
-0,07389538
0,1769065
0,1116857
-0,07389538
0,1769065
0,1421907
-0,07930203
0,1872301
0,1705389
-0,07978611
0,1992032
0,1918774
-0,05529696
0,1412712
0,1918774
-0,05529696
0,1412712
0,2164313
-0,04193141
0,07653859
0,2344792
-0,03393321
0,03926339
0,2344792
-0,03393321
0,03926339
0,2417029
-0,02308284
0,01739124
0,2441961
-0,009964868
-0,003517194
0,2441961
-0,009964868
-0,003517194
-0,00223575
0,0006158097
-0,007727702
-0,007539835
0,006786333
-0,05372073
-0,01713397
0,02086309
-0,1354039
-0,01713397
0,02086309
-0,1354039
-0,01812957
0,05533649
-0,1730615
-0,01067123
0,03030187
-0,1119112
-0,01067123
0,03030187
-0,1119112
-0,0120204
0,01979066
-0,1458759
-0,01439785
0,0486296
-0,1762053
-0,01439785
0,0486296
-0,1762053
-0,006347429
0,2137589
-0,2283468
-0,01611177
0,3171214
-0,3571047
-0,01611177
0,3171214
-0,3571047
-0,007550104
0,336084
-0,3221961
-0,006396599
0,2185137
-0,2515717
0,0009147619
0,1304684
-0,1494978
0,0009147619
0,1304684
-0,1494978
0,006547324
0,1343117
-0,1190558
0,004501189
0,1481346
-0,1315734
0,004501189
0,1481346
-0,1315734
0,003740394
0,2271363
-0,1691375
0,01623717
0,2719098
-0,09787738
0,01623717
0,2719098
-0,09787738
0,02773281
0,2426439
-0,001486522
0,01397204
0,1293681
-0,03276854
0,003575714
0,05924018
-0,03769461
0,003575714
0,05924018
-0,03769461
0,01578073
0,07322134
0,02880148
0,02782946
0,02965147
0,1174074
0,02782946
0,02965147
0,1174074
0,02630653
-0,05844261
0,1288615
0,00856735
-0,01139609
0,03042325
0,00856735
-0,01139609
0,03042325
0,006687575
0,097316
0,02388905
0,004254605
0,08776692
0,01719815
0,008802383
0,06748512
0,07888363
0,008802383
0,06748512
0,07888363
0,04262362
0,02774719
0,410478
0,0348654
-0,02577681
0,3404389
0,0348654
-0,02577681
0,3404389
0,02557827
-0,02091494
0,3735649
0,01000443
0,06912192
0,1860535
0,01000443
0,06912192
0,1860535
-0,0001305014
0,2208922
0,1487546
-0,003136917
0,1112734
0,09703449
-0,003136917
0,1112734
0,09703449
0,01139389
0,08936725
0,3384404
0,01915063
0,1137285
0,3288474
0,009272781
0,09231599
0,1925804
0,009272781
0,09231599
0,1925804
-0,005225264
0,08425422
0,06779707
-0,004459184
0,09533162
0,1004854
-0,004459184
0,09533162
0,1004854
-0,0005082725
0,1535026
0,1494675
-0,0007541795
0,1107981
0,1090551
-0,0007541795
0,1107981
0,1090551
0,007305246
0,1803644
0,1910321
0,009119179
0,1609857
0,1655032
0,005961724
0,1190627
0,1148875
0,005961724
0,1190627
0,1148875
0,003627415
0,1141158
0,1042546
-0,0004095062
0,1285473
0,05347071
-0,0004095062
0,1285473
0,05347071
-0,002942137
0,1814329
0,01550844
-0,003501947
0,1820761
0,006925389
-0,003501947
0,1820761
0,006925389
-0,004041843
0,2886863
0,03145746
-0,007564769
0,2296253
-0,005284572
-0,007564769
0,2296253
-0,005284572
-0,01262532
0,3058578
-0,02017905
-0,01088125
0,2670901
-0,01567664
-0,009545727
0,2766232
0,006252876
-0,009545727
0,2766232
0,006252876
-0,008518571
0,2738039
0,02992072
-0,008223075
0,2500814
0,01466777
-0,008223075
0,2500814
0,01466777
-0,009937914
0,2357134
-0,0104221
-0,005885007
0,1741105
0,009619821
-5,264164E-05
0,1546749
0,0611094
0,003956111
0,1041576
0,07166635
0,005880022
0,100243
0,07843069
0,005880022
0,100243
0,07843069
0,006898247
0,1079582
0,07444067
0,004988914
0,0947523
0,04896227
0,008937304
0,127756
0,08511028
0,009655021
0,1003529
0,07063706
0,009655021
0,1003529
0,07063706
0,01290581
0,07346902
0,06866344
0,01389007
0,06933198
0,06680369
0,01959048
0,08726904
0,07907107
0,01740828
0,07018346
0,05129332
0,01740828
0,07018346
0,05129332
0,0200368
0,06764963
0,04936307
0,0200368
0,06764963
0,04936307
0,02881085
0,0108597
0,07639422
0,01955787
0,02017883
0,04859427
0,02311811
0,04082513
0,04670672
0,02931065
0,08833616
0,08271678
0,02931065
0,08833616
0,08271678
0,03054757
0,07388827
0,09206476
0,03054757
0,07388827
0,09206476
0,02627135
0,0822713
0,05136376
0,02627135
0,0822713
0,05136376
0,02036294
0,1272289
0,0394607
0,02296066
0,1652789
0,05230439
0,0243546
0,2191698
0,04637304
0,02016915
0,2311777
0,0265834
0,01525237
0,2473993
-0,005667885
0,01382551
0,2659211
0,005585941
0,01382551
0,2659211
0,005585941
0,01096386
0,3099231
0,003106035
0,01077542
0,3849981
0,02363877
0,01136985
0,2657093
0,02574513
0,008565919
0,2694923
0,03649326
0,009884261
0,3148128
0,08411689
0,007806591
0,3473592
0,1062411
0,005913089
0,2609206
0,046488
0,007374561
0,2538871
0,09319389
0,00948288
0,1943191
0,1174831
0,00567545
0,2528366
0,1211736
-0,0009759449
0,1988108
0,07853538
0,003487753
0,2199345
0,1780841
0,01576783
0,1785033
0,2587463
0,01453592
0,124059
0,181407
0,01046956
0,1695947
0,1919954
0,01009774
0,09625295
0,132363
0,006034356
0,1463303
0,1598773
0,003777677
0,2140793
0,1934337
0,004686177
0,128652
0,1315663
0,01278165
0,1500827
0,2764821
0,009024265
0,0340077
0,09126715
0,006029115
0,02662081
0,05230666
-0,01844157
0,1868829
0,02709108
-0,007736479
0,1198769
0,07207517
0,002500171
0,008126481
0,08596405
-0,00819596
0,08854213
0,07051966
-0,007944994
0,1005856
0,05771188
0,02079514
-0,08154913
0,2038343
0,01534484
-0,04853176
0,06683319
0,01138435
0,02721921
0,03524579
0,04463377
-0,166973
0,1606638
0,01756737
-0,08386477
-0,009478538
-0,000678481
0,03692013
-0,06926347
0,01082436
-0,07299326
0,0003871144
0,01622782
-0,1767157
-0,02386665
-0,01573639
0,06273922
0,0254576
-0,01051865
0,02092164
-0,01872296
-0,01014308
-0,0241878
0,1129572
-0,01261175
0,03262123
0,0688272
-0,02855484
0,1259685
0,1371097
-0,01824892
0,04528856
0,1497644
-0,01242369
0,04897545
0,04781485
-0,03623872
0,2000879
-0,02806442
-0,01726627
0,09938469
0,08221208
-0,01002671
-0,03718311
0,132714
-0,02574492
0,1010477
0,1423298
-0,005863098
0,01090541
0,06631684
-0,00580262
-0,01786326
0,156062
-0,01439266
0,06028374
0,08328641
-0,01315104
0,09135251
0,07609384
-0,004651685
-0,00919826
0,1651935
0,00273818
-0,02036056
0,03990522
-0,01384922
0,09414982
0,1209874
0,0006883657
-0,0234127
0,129887
0,006627483
-0,057339
0,0002024787
0,01262092
-0,1342888
0,07457957
0,006001561
-0,06180186
0,03090705
0,004917702
-0,1166341
0,1953419
0,01642516
-0,1997906
0,09633899
0,000661227
-0,0273104
0,03299841
-0,01133172
0,02731508
0,1046729
-0,0005087922
-0,008801924
0,127676
0,006188163
-0,1129018
0,09568896
-0,004006182
-0,04666131
0,1805224
-0,004700046
0,00608433
0,09958998
0,002604967
-0,09793446
0,05378074
0,004302651
-0,06511291
0,03136912
0,005338716
-0,07221588
-0,0290447
-0,001569977
-0,04731666
0,003931659
0,0003465553
-0,04222456
0,03789538
0,0006361876
-0,08315288
0,07508256
-0,003259028
-0,02523698
0,04216266
-0,008618079
-0,03883143
0,1017208
-0,006366947
-0,1214218
0,2108131
-0,006526479
-0,03614147
0,1300134
-0,01008
-0,0579113
0,1368375
-0,004702895
-0,1053349
0,1082564
-0,0001807336
-0,1024932
0,08754136
-0,0007177231
-0,1431261
0,1305934
-0,0007319807
-0,1207057
0,117987
-0,00793092
-0,1037355
0,1123348
-0,01267393
-0,05303549
0,100907
-0,01189933
-0,0501696
0,09691852
-0,01672323
-0,06311455
0,1180335
-0,01470329
-0,04644898
0,1036803
-0,01120516
-0,05240611
0,08138596
-0,01072515
-0,07870474
0,0893033
-0,008721331
-0,07196932
0,0752356
-0,009335756
-0,07196137
0,0728263
-0,004189137
-0,05400658
0,03233261
-0,002966384
-0,07839079
0,02908954
-0,004655415
-0,08268546
0,04315952
-0,004534069
-0,07893142
0,03276819
-0,006041346
-0,08841244
0,0358977
-0,00536923
-0,09680347
0,02370025
-0,005944638
-0,09277768
0,02128216
-0,01027191
-0,1013327
0,01979846
-0,01493541
-0,1922218
0,02575823
-0,01826076
-0,2413767
0,006094542
-0,02948127
-0,2255289
0,05788048
-0,03630624
-0,2621259
0,07399266
-0,02697056
-0,1999824
0,05972856
-0,02697056
-0,1999824
0,05972856
-0,02556052
-0,1922638
0,06544102
-0,02556052
-0,1922638
0,06544102
-0,02577661
-0,2397229
0,05519545
-0,02732394
-0,2343967
0,05585364
-0,02601468
-0,2099022
0,02888291
-0,03047499
-0,2360202
0,0142922
-0,02951608
-0,2893487
-0,003471727
-0,03993003
-0,4500783
-0,0101243
-0,034362
-0,3760344
-0,02036943
-0,03196771
-0,3020931
-0,03187892
-0,03484416
-0,2714078
-0,0133182
-0,02813115
-0,3355321
-0,0614072
-0,01997529
-0,3667577
-0,1110952
-0,01997529
-0,3667577
-0,1110952
-0,01740113
-0,405628
-0,1359494
-0,01835231
-0,318424
-0,05488299
-0,01835231
-0,318424
-0,05488299
-0,01710385
-0,2638825
-0,04225037
-0,01222062
-0,2291279
-0,06826591
-0,01222062
-0,2291279
-0,06826591
-0,01409499
-0,198939
-0,06110157
-0,01471125
-0,2005283
-0,05109712
-0,01471125
-0,2005283
-0,05109712
-0,01731325
-0,2539048
-0,07588854
-0,01304035
-0,1548224
-0,06409888
0,003991516
-0,06584512
-0,01486988
0,003991516
-0,06584512
-0,01486988
-0,01665842
-0,1140404
0,001779258
-0,02179698
-0,1371267
0,004163608
-0,02179698
-0,1371267
0,004163608
-0,01920827
-0,1317071
0,003010258
-0,01100937
-0,09950421
0,007282287
-0,01100937
-0,09950421
0,007282287
-0,01166638
-0,08862242
0,01592981
-0,01444684
-0,09926798
0,006182522
-0,020809
-0,1224072
0,006999303
-0,020809
-0,1224072
0,006999303
-0,02318782
-0,1174173
0,03619988
-0,01516977
-0,08862832
0,03000195
-0,01516977
-0,08862832
0,03000195
-0,009051074
-0,06553063
0,01923291
-0,009093524
-0,06482188
0,01152236
-0,009093524
-0,06482188
0,01152236
-0,0241747
-0,1030484
0,04168768
-0,02063351
-0,1329402
0,04410307
-0,02063351
-0,1329402
0,04410307
-0,0191543
-0,2054996
0,05595307
-0,01406375
-0,1731037
0,04957298
-0,01233154
-0,1524743
0,06399439
-0,01233154
-0,1524743
0,06399439
-0,01252856
-0,1524818
0,1113743
-0,008442394
-0,1421842
0,09681626
-0,008442394
-0,1421842
0,09681626
-0,01087445
-0,1960251
0,1475538
-0,009734285
-0,2190068
0,1516348
-0,009734285
-0,2190068
0,1516348
-0,01030955
-0,2805206
0,1843919
-0,007385457
-0,2649136
0,1764472
-0,004820218
-0,2621993
0,1559273
-0,004820218
-0,2621993
0,1559273
0,004894948
-0,241008
0,1635798
0,008807628
-0,208262
0,1245001
0,008807628
-0,208262
0,1245001
0,00782652
-0,2317056
0,1660254
0,007011834
-0,2234984
0,1696849
0,007011834
-0,2234984
0,1696849
0,002565457
-0,2649103
0,2961969
0,004544937
-0,2059402
0,2802737
0,004544937
-0,2059402
0,2802737
0,01145318
-0,1665008
0,2796515
0,01810096
-0,1056414
0,2834518
0,02922942
0,03411679
0,2200638
0,02922942
0,03411679
0,2200638
0,0413936
0,2091363
0,2730593
0,03011168
0,1208383
0,3144895
0,03011168
0,1208383
0,3144895
0,001666914
-0,183495
0,6039037
-0,0005540227
-0,2156607
0,5131259
-0,0005540227
-0,2156607
0,5131259
0,04319333
0,107286
0,3461582
0,03338479
0,183335
0,2115096
0,02891429
0,2186448
0,2268891
0,02891429
0,2186448
0,2268891
0,008569906
0,08774155
0,435367
-0,00176331
-0,05426423
0,4240505
-0,00176331
-0,05426423
0,4240505
0,002744931
-0,1369931
0,3669254
0,008979107
-0,07420026
0,2421447
0,008979107
-0,07420026
0,2421447
0,008177344
-0,06833012
0,1724907
0,006566434
-0,03749685
0,08608833
0,006566434
-0,03749685
0,08608833
0,006288275
-0,04877775
0,1211245
0,0007892891
-0,02849877
0,07641184
0,0003701211
-0,01877471
0,0528371
0,0003701211
-0,01877471
0,0528371
0,005480655
-0,02778693
0,08093745
0,01053006
-0,01746732
0,05322725
0,01053006
-0,01746732
0,05322725
0,01949892
-0,01397772
0,0419524
0,01378953
0,008044973
0,03210652
0,01378953
0,008044973
0,03210652
0,01246753
0,02795495
0,04328164
0,01454931
0,008283004
0,05720693
0,004399534
0,01843156
0,05418009
0,004399534
0,01843156
0,05418009
0,02984656
0,1120197
0,052313
0,08726187
0,7623225
0,07420045
0,08726187
0,7623225
0,07420045
0,07563065
0,3476517
0,1465982
0,1029446
0,8301903
-0,1224178
0,1029446
0,8301903
-0,1224178
0,07365393
0,337223
0,07575868
0,05069352
0,3857515
0,2443799
0,0580267
0,3777154
0,1335208
0,0580267
0,3777154
0,1335208
0,04227705
0,3751274
0,1156427
0,05283514
0,4231796
0,1020952
0,05283514
0,4231796
0,1020952
0,05063986
0,515987
0,1650514
0,04686235
0,5119295
0,145489
0,04686235
0,5119295
0,145489
0,05352658
0,7500775
0,1721256
0,05027776
0,6788841
0,1348415
0,05027776
0,6788841
0,1348415
0,04793168
0,4655598
0,06065611
0,05164676
0,4341711
0,06463449
0,05223152
0,3993473
0,08655585
0,05223152
0,3993473
0,08655585
0,04955732
0,3934429
0,158804
-0,0229047
0,009301811
0,03363024
-0,02199933
0,006918788
-0,01364877
-0,0146026
0,004586816
-0,01018801
-0,0146026
0,004586816
-0,01018801
-0,002875097
0,001161337
-0,003841683
-0,01199836
0,001825631
0,002114892
-0,01199836
0,001825631
0,002114892
-0,007669464
0,0003606081
0,00541994
0,002089709
0,0008182526
-0,006057322
0,002089709
0,0008182526
-0,006057322
-0,002933681
-0,00572598
0,03505972
-0,009359993
-0,003698826
0,02822343
-0,01129129
-0,002038062
0,02047563
-0,004173867
-3,8445E-05
0,003927141
0,003112644
0,0006887317
0,01346511
0,003112644
0,0006887317
0,01346511
0,01739512
0,01365995
0,09731385
0,01762739
0,06834757
0,159939
0,08333089
0,8203207
0,6052687
0,04147766
0,413758
0,347012
0,04147766
0,413758
0,347012
0,03612148
0,3586555
0,3738582
0,03612148
0,3586555
0,3738582
-0,003465332
-0,002767354
0,00252153
-0,01285165
-0,002312526
0,06619379
-0,01816963
-0,002162561
0,06871478
-0,02332878
-0,0009928495
0,0911876
-0,01391958
0,001442097
0,08849855
-0,009163862
0,004061714
0,08576372
0,007398159
0,006752662
0,06326526
-0,005083937
0,006710127
0,07954156
-0,0102478
0,007621653
0,0857062
-0,172933
0,3484696
-0,1477898
-0,1745985
0,3752804
-0,1468396
-0,1760505
0,4268134
-0,1809236
-0,2135143
0,4875906
-0,1660542
-0,2184158
0,512495
-0,1277637
-0,2203327
0,5774528
-0,0474813
-0,2299961
0,6490461
0,003010452
-0,2416429
0,6842151
-0,01435578
-0,2416429
0,6842151
-0,01435578
-0,2861486
0,7867702
0,02046221
-0,2861486
0,7867702
0,02046221
-0,3224274
0,8763211
0,0428611
-0,3224274
0,8763211
0,0428611
-0,3386798
0,9709081
0,07479328
-0,3511129
1,029538
0,08361739
-0,3596951
1,054218
0,09398997
-0,3777848
1,105259
0,1160462
-0,3886505
1,113454
0,1212386
-0,3908588
1,142866
0,1334657
-0,3913323
1,149577
0,1370739
-0,3979138
1,185087
0,1567134
-0,4040403
1,209898
0,1700852
-0,4164772
1,238983
0,1816043
-0,4105567
1,240358
0,1875852
-0,4084034
1,238206
0,191801
-0,4115222
1,247551
0,2023708
-0,4096292
1,260708
0,2136503
-0,4097325
1,276047
0,2190943
-0,4084175
1,281766
0,2165985
-0,4020423
1,282129
0,2052974
-0,4007058
1,279574
0,2130272
-0,398922
1,283515
0,2256002
-0,398922
1,283515
0,2256002
-0,3952544
1,281989
0,2203887
-0,3952544
1,281989
0,2203887
-0,3932592
1,283717
0,2227641
-0,3977266
1,28765
0,2089725
-0,3910089
1,26937
0,1657274
-0,3833589
1,239217
0,1248671
-0,3971071
1,157175
0,008273423
-0,4211702
0,9829737
-0,2256295
-0,3766534
0,8234339
-0,339114
0,06897834
0,7080196
-0,3873437
-0,3211048
0,6057594
-0,2935153
-0,2576153
0,4256565
-0,346625
-0,2324622
0,2932724
-0,3630674
-0,03969701
-0,01598629
-0,05546647
-0,0557672
-0,01632859
-0,06853618
-0,06917184
-0,01895604
-0,08031871
-0,07729765
-0,07159349
-0,07766847
-0,07842384
-0,02035369
-0,09436896
-0,09461908
-0,01057813
-0,1017579
-0,09461908
-0,01057813
-0,1017579
-0,1059596
-0,004455447
-0,1022087
-0,1059596
-0,004455447
-0,1022087
-0,1127289
-0,3310817
-0,1364943
-0,1127289
-0,3310817
-0,1364943
-0,1127289
-0,5272818
-0,1364943
-0,1127289
-0,7234818
-0,1364943
-0,02917659
0,008996785
-0,05946487
-0,009404393
0,005447075
-0,04858764
-0,007284842
-0,1809504
-0,05773025
-0,007284842
-0,1809504
-0,05773025
-0,003690974
-0,5398766
-0,08337872
-0,003690974
-0,5398766
-0,08337872
-0,003690974
-0,7360767
-0,08337872
0,00503734
-0,9068571
-0,1106008
0,00503734
-0,9068571
-0,1106008
0,00503734
-1,103057
-0,1106008
0,01860486
-1,271713
-0,139111
-0,02346091
-1,422273
-0,1749478
-0,02346091
-1,422273
-0,1749478
0,4303321
-0,3053206
-0,5490353
0,4303321
-0,5015206
-0,5490353
0,4303321
-0,5015206
-0,5490353
0,4355164
-0,2934878
-0,4770984
0,1879596
0,01989579
-0,5474044
0,1879596
0,01989579
-0,5474044
0,09148142
-0,0258355
-0,4205813
0,03358457
-0,008276269
-0,347929
-0,0006010085
0,011426
-0,3048302
-0,0006010085
0,011426
-0,3048302
-0,03520273
0,03003639
-0,2851456
-0,06397758
0,03489517
-0,261712
-0,06397758
0,03489517
-0,261712
-0,09032828
0,03550257
-0,2321823
-0,1136838
0,03193669
-0,1976812
-0,1136838
0,03193669
-0,1976812
-0,1349471
0,02386762
-0,1601133
-0,1519018
0,01381153
-0,1181591
-0,1651558
0,0005734861
-0,07459754
-0,1651558
0,0005734861
-0,07459754
-0,1746371
-0,01322313
-0,02925074
-0,180432
-0,02772407
0,01634067
-0,180432
-0,02772407
0,01634067
-0,1824452
-0,04036655
0,06248736
-0,1764363
-0,04926591
0,1129333
-0,1764363
-0,04926591
0,1129333
-0,1693484
-0,05545063
0,1570923
-0,1604087
-0,05867477
0,1987554
-0,1604087
-0,05867477
0,1987554
-0,1470204
-0,05456161
0,2372436
-0,1283043
-0,04495053
0,2701937
-0,0360193
0,08668742
0,1837291
-0,0360193
0,08668742
0,1837291
0,005385637
0,08342737
0,1311319
0,0307218
0,04811636
0,09022085
0,0307218
0,04811636
0,09022085
0,0515428
0,008317426
0,04494607
0,05596705
-0,0239757
0,009920772
0,05596705
-0,0239757
0,009920772
0,06443118
-0,01546116
0,01241397
0,07788745
-0,01649335
0,02631501
0,08996491
-0,01579653
0,04523462
0,08996491
-0,01579653
0,04523462
0,1007608
-0,01587905
0,04899272
0,1081061
-0,02075355
0,05847636
0,1081061
-0,02075355
0,05847636
0,1146994
-0,01090673
0,04947573
0,1177819
-0,01484194
0,0543341
0,1177819
-0,01484194
0,0543341
0,1186323
-0,004310533
0,0456337
0,1192152
-0,007872805
0,05861969
0,1192152
-0,007872805
0,05861969
0,1128011
0,002743378
0,04484722
0,1068164
0,0001476407
0,055013
0,09498415
0,006845683
0,03949818
0,09498415
0,006845683
0,03949818
-0,07077991
-0,007094152
-0,0310113
-0,06182908
-0,004896015
-0,04605228
-0,06182908
-0,004896015
-0,04605228
-0,008297854
-0,0003695488
-0,007978749
0,02030245
0,002075892
0,005215542
0,02030245
0,002075892
0,005215542
0,02867206
0,005599051
-0,02846133
0,0004757922
0,001628861
-0,02776398
-0,008036634
-0,002589107
-0,01138394
-0,008036634
-0,002589107
-0,01138394
-0,01909969
-0,006429344
0,04416563
0,0002185851
-0,008233011
0,0342494
0,0002185851
-0,008233011
0,0342494
0,04356256
0,02057726
0,001802141
0,04352231
0,04872848
-0,0139137
0,04352231
0,04872848
-0,0139137
0,04054453
0,0422774
-0,01884705
0,03728728
0,05243402
-0,002387811
0,03728728
0,05243402
-0,002387811
0,03748802
0,114455
0,04724661
0,03598071
0,1275935
0,03856705
0,03471316
0,1466744
0,03998879
0,03471316
0,1466744
0,03998879
0,06102274
0,3291144
0,04014399
0,05351903
0,3178295
0,04766393
0,05351903
0,3178295
0,04766393
0,04637344
0,3127644
0,1171317
0,03949752
0,2669917
0,1337901
0,03949752
0,2669917
0,1337901
0,03647191
0,3296695
0,1810497
0,03776048
0,3687689
0,1355247
0,04163178
0,3923125
0,06198172
0,04163178
0,3923125
0,06198172
0,04397099
0,4100668
0,04670684
0,0344533
0,3469913
0,0966387
0,0344533
0,3469913
0,0966387
0,03288435
0,2490415
0,08593386
0,03246435
0,264042
0,0658181
0,03246435
0,264042
0,0658181
0,03320969
0,4407169
0,06042522
0,03056779
0,4265811
0,03807434
0,03056779
0,4265811
0,03807434
0,02884813
0,3535753
0,03428333
0,02062277
0,2436375
0,0449706
0,01623723
0,2225525
0,05428452
0,01623723
0,2225525
0,05428452
0,009759299
0,1586552
0,02720327
0,008262443
0,1587457
0,03325206
0,008262443
0,1587457
0,03325206
0,005511996
0,203747
0,06219422
0,006491434
0,1985219
0,0527888
0,006491434
0,1985219
0,0527888
0,006283303
0,1576808
0,0570586
0,004903028
0,1475871
0,06571066
0,004745718
0,1601503
0,06677929
0,004745718
0,1601503
0,06677929
0,005925536
0,1481746
0,05203458
0,004982413
0,1311047
0,05218418
0,001599668
0,139106
0,0928149
0,0009316752
0,1562096
0,09258727
0,0009316752
0,1562096
0,09258727
-0,003469842
0,1725185
0,1005933
-0,00331316
0,2221814
0,1460935
-0,002938262
0,2043302
0,1217037
-0,001802043
0,1748262
0,0971498
-0,003266984
0,1771166
0,1043741
-0,004024363
0,1506279
0,100174
-0,008724242
0,2228128
0,1259649
-0,01062523
0,2860725
0,121827
-0,01080739
0,3057594
0,105472
-0,008196772
0,3454384
0,0782332
-0,005066128
0,2813888
0,05850218
-0,003763581
0,2107651
0,07800435
-0,0009287982
0,1532973
0,05476236
-0,0009287982
0,1532973
0,05476236
-0,002438932
0,22048
0,06653646
-0,002438932
0,22048
0,06653646
-0,007855612
0,1841677
0,1061536
-0,01114741
0,2172068
0,1186882
-0,009346901
0,215597
0,0718953
-0,01489324
0,2793521
0,07874687
-0,02945562
0,3564949
0,1628139
-0,02441067
0,3100869
0,1703448
-0,01999633
0,2338688
0,1386861
-0,01818761
0,2446101
0,1092143
-0,02230063
0,2618076
0,1462067
-0,02512517
0,200382
0,1965308
-0,0304875
0,3316298
0,212314
-0,01638232
0,2198277
0,1302396
-0,02090364
0,1783744
0,2093517
-0,005670528
0,1199691
0,141274
-0,01569391
0,1038203
0,2198787
-0,04066892
0,1620413
0,3990245
-0,01730404
0,09673875
0,1926309
-0,01804128
0,1232767
0,2353148
-0,03064533
0,02228346
0,3847248
-0,01423239
-0,03635314
0,1964711
-0,02855714
0,009896305
0,2459503
-0,00948704
0,031567
0,08956009
-0,02304751
-0,01371094
0,18367
-0,03897996
-0,009197565
0,2575105
-0,01084168
0,0173179
0,08206602
-0,01020729
-0,03209559
0,1166484
-0,005437939
0,02712196
0,04405179
-0,003066074
0,05917204
0,02071166
0,005678648
0,1177298
-0,05047726
0,004765364
0,08021393
-0,05419664
0,002395879
0,04645976
-0,03249357
0,009935495
-0,008883532
-0,03911803
0,04787611
-0,09436341
-0,1754724
0,01130222
-0,1143606
-0,03518039
0,02101045
-0,04320667
-0,1015362
0,04944415
-0,05615544
-0,2592311
0,004173519
-0,02705461
-0,0531427
0,01203434
-0,09496652
-0,1001726
-0,008526217
0,07391506
-0,1274735
-0,0151704
0,05763572
-0,02634792
-0,02198026
-0,03106192
0,02580958
-0,02516012
0,05880947
0,03174961
-0,1093872
0,2618629
0,2448148
-0,1414693
0,124625
0,4175088
-0,07005633
-0,08090926
0,2727449
-0,07876318
-0,101747
0,2486854
-0,1035357
0,2529014
0,1447031
-0,0490322
0,107253
0,07636318
-0,06825811
-0,1103008
0,1693193
-0,02303826
0,02654007
0,0008026042
-0,04959011
0,2078719
-0,04421864
-0,02562874
0,07495204
-0,1100732
-0,01528119
0,04730139
-0,0568311
-0,03948526
0,3093028
-0,1138492
0,004340067
0,01685544
-0,0970582
0,02337464
-0,1967035
-0,09018132
0,03885945
0,06405818
-0,2516518
7,909763E-05
0,2039072
-0,1717316
0,0007130898
0,1186229
-0,1411788
0,001444707
0,007036939
-0,05754243
-0,001216117
-0,01981182
-0,03101275
-0,0170017
-0,01658979
0,004406512
-0,007284026
-0,01312703
0,009926699
-0,001331714
-0,02443705
0,02353929
0,004852614
-0,02864542
0,00633237
-0,00366899
-0,04723348
0,02023621
-0,01009837
-0,03721813
0,03119861
-0,01373359
-0,04495249
0,01326467
-0,02068312
-0,03196219
0,02709547
-0,02812701
-0,01000069
0,03743655
-0,03478703
0,007235047
0,04884946
-0,03454166
-0,01662395
0,05562389
-0,0318196
-0,04253143
0,06493799
-0,03585853
-0,03141253
0,07808841
-0,04671978
-0,004542788
0,1008728
-0,0380737
-0,03016799
0,09508064
-0,0410656
-0,1011815
0,1372562
-0,06776506
-0,2093842
0,2706498
-0,07660078
-0,2315468
0,3260978
-0,115826
-0,3045622
0,517559
-0,1118406
-0,4123773
0,5761063
-0,04212054
-0,5189244
0,4383247
-0,002810709
-0,1860689
0,1708452
-0,0002548256
-0,09790408
0,1306679
-0,009694442
-0,1622853
0,1861532
-0,003371395
-0,05299647
0,1078489
-0,01087788
-0,02539356
0,1301144
-0,01443347
-0,09176234
0,1288035
-0,02343308
-0,1992854
0,1595917
0,004952457
-0,1614803
0,07591838
0,01002259
-0,1480391
0,03765387
0,01512846
-0,2047444
0,02846765
0,0207005
-0,1629554
-0,008328553
0,02577717
-0,2488725
-0,01949558
0,02361738
-0,3606024
-0,01440433
0,06282865
-0,1367106
-0,008165372
0,04612214
-0,1158772
-0,02561568
0,05207906
-0,1099811
-0,005227915
0,04362796
-0,1066015
0,0221875
-0,04070492
-0,3488729
0,008405937
0,0572153
-0,05883169
0,03166929
0,05821523
-0,09471533
0,04784668
0,02050351
-0,1398432
0,04523852
-0,08179726
-0,4434565
0,07449268
0,02166006
-0,06328346
0,04457679
0,02086702
-0,06018819
0,04533868
-0,003989492
-0,09699307
0,03595256
-0,04658783
-0,2237676
0,05555765
-0,005957831
-0,1074868
0,04972964
0,04205753
-0,1063728
0,123414
0,01821876
-0,1193183
0,05605567
-0,1028271
-0,4400851
0,1188641
-0,09699439
-0,4206557
0,1214241
-0,07270038
-0,3230874
0,09646801
0,01628386
-0,1034098
0,08407502
0,05835567
-0,1417702
0,1271569
-0,1365092
-0,571292
0,1570439
-0,130898
-0,5795334
0,1653579
-0,130898
-0,5795334
0,1653579
-0,1910755
-0,9202279
0,2459761
-0,1717323
-0,8575258
0,2232106
-0,1717323
-0,8575258
0,2232106
0,1547331
-0,1692504
0,1440426
0,07836127
-0,1528443
0,06748822
0,07836127
-0,1528443
0,06748822
-0,1858838
-0,7223371
0,1545767
-0,140531
-0,5910503
0,1282392
0,07209603
-0,0809367
0,07751305
0,07209603
-0,0809367
0,07751305
0,08048224
-0,1126151
0,1018186
-0,1746597
-0,631752
0,1739895
-0,1746597
-0,631752
0,1739895
0,07913868
-0,09975556
0,1012719
0,07700062
-0,0869143
0,1058258
0,07700062
-0,0869143
0,1058258
0,03104317
-0,08835709
0,1209091
0,02421084
-0,1227895
0,0855336
0,001602918
-0,1424536
0,08987527
0,001602918
-0,1424536
0,08987527
-0,2907616
-0,7147709
0,2526521
0,08317478
-0,06773007
0,143903
0,08317478
-0,06773007
0,143903
0,026463
-0,01452547
0,1392341
0,01465806
-0,0367288
0,13086
0,01465806
-0,0367288
0,13086
-0,01085097
-0,08099639
0,1362252
-0,03582735
-0,09144771
0,1623612
-0,2645848
-0,3159076
0,3419707
-0,2645848
-0,3159076
0,3419707
0,01291765
0,01749289
0,262845
-0,02639674
0,0005760938
0,1642493
-0,02639674
0,0005760938
0,1642493
-0,0854582
0,04451039
0,2556536
-0,131296
0,08909508
0,2999163
-0,131296
0,08909508
0,2999163
-0,09698398
0,2219512
0,2630891
-0,1186185
0,3254431
0,3622009
-0,1186185
0,3254431
0,3622009
-0,08019704
0,3159868
0,3114555
-0,05849842
0,2902586
0,270221
-0,05651888
0,3506155
0,2986397
-0,05651888
0,3506155
0,2986397
-0,01780611
0,4678254
0,2687107
0,09698848
0,4932874
0,2091931
0,09698848
0,4932874
0,2091931
0,1061835
0,5883968
0,1989967
0,0951663
0,5589501
0,1727612
0,0951663
0,5589501
0,1727612
0,05198832
0,1210961
-0,02408168
0,03088075
0,08368978
-0,03268385
0,03380181
0,07437605
-0,0378331
0,03380181
0,07437605
-0,0378331
0,05151343
0,1073616
-0,05909677
0,05094645
0,0879311
-0,05126987
0,05094645
0,0879311
-0,05126987
0,05645418
0,09418568
-0,04900888
0,03619935
0,02640513
-0,03182534
0,03619935
0,02640513
-0,03182534
0,04703016
0,06711951
-0,03690533
0,04819649
0,05827168
-0,02736157
0,04705676
0,05670419
-0,02486111
0,04705676
0,05670419
-0,02486111
0,05478651
0,07237543
-0,0344004
0,05246643
0,05089918
-0,009289712
0,05246643
0,05089918
-0,009289712
0,1391329
0,1025668
0,03433135
0,02109306
0,08748943
0,0328269
0,02109306
0,08748943
0,0328269
0,04513979
0,05385852
-0,0002784729
0,04123601
0,008190215
0,0283632
0,04123601
0,008190215
0,0283632
0,007363936
0,06821424
-0,05962104
0,01770611
0,04845709
0,03355747
0,019511
0,01970744
0,009767056
0,019511
0,01970744
0,009767056
0,02862252
0,02172744
-0,003712296
0,0212845
0,007377625
0,009441495
0,0212845
0,007377625
0,009441495
0,02952988
0,005652487
0,02205175
0,01979304
0,007891178
0,02402961
0,01979304
0,007891178
0,02402961
0,1835108
0,2018574
0,3545567
0,1290623
-0,01137948
0,2564212
0,08755786
0,004728138
0,2732911
0,08755786
0,004728138
0,2732911
0,1033642
-0,02408531
0,8773005
-0,1047546
0,3475
1,142228
-0,1047546
0,3475
1,142228
-0,1168385
0,1133381
1,063784
-0,1450824
0,157093
0,943294
-0,1450824
0,157093
0,943294
-0,2224886
0,2407543
0,9941498
-0,1895857
0,1747558
0,8276029
-0,1164601
0,04906179
0,4821928
-0,1164601
0,04906179
0,4821928
-0,1646597
-0,02489609
0,6432264
-0,1121764
1,016624
0,1044001
-0,08330512
0,2177506
0,255865
-0,08672419
0,1626523
0,2818812
-0,1249761
0,3164685
0,4298725
-0,08505161
0,3202103
0,3408605
-0,08505161
0,3202103
0,3408605
-0,04803497
0,3953741
0,2144316
-0,0768073
0,3139587
0,2482238
-0,06841598
0,3083048
0,1599757
-0,05564515
0,2052419
0,1105297
-0,1186086
0,1048257
0,25374
-0,1870721
0,1129827
0,3697665
0,05622447
0,04898667
0,1533504
closestDistance
0,1493091
0,1298239
0,1298181
0,129423
0,1296288
0,1278088
0,1254031
0,124247
0,1231184
0,1220975
0,1271082
0,1305783
0,1471124
0,1500321
0,1515245
0,1540136
0,1498453
0,144935
0,1467678
0,1481697
0,149399
0,1488951
0,1480226
0,1538514
0,1490839
0,1445468
0,1230134
0,1439121
0,1207727
0,1209401
0,1154932
0,1181775
0,1176904
0,1138754
0,1091845
0,1076474
0,09962512
0,09369898
0,08867211
0,100492
0,1028849
0,1045431
0,1030634
0,106403
0,1025648
0,09995592
0,09693306
0,09520917
0,0949109
0,09621112
0,09800681
0,08559633
0,08441184
0,08186359
0,08875257
0,09407748
0,08613131
0,08520628
0,06896754
0,06255352
0,06178954
0,06404531
0,07201596
0,06846377
0,06466415
0,06135762
0,06331468
0,06791993
0,06046168
0,06277485
0,07426918
0,0709761
0,07084526
0,07087747
0,07055827
0,06800526
0,06565186
0,06253307
0,06151349
0,06041375
0,05742789
0,05535714
0,05247628
0,05117588
0,05011827
0,0483078
0,04693535
0,04563699
0,04371867
0,04281402
0,04447351
0,0443017
0,04230959
0,04009336
0,03986008
0,03952033
0,04065875
0,03959038
0,04237128
0,04269807
0,04277881
0,04332864
0,04213877
0,04247745
0,04225286
0,041321
0,04169002
0,035007
0,04333926
0,04005415
0,03682988
0,06167688
0,06706323
0,06920746
0,0672397
0,06567919
0,06292023
0,07013378
0,06668965
0,06430693
0,06066712
0,06972858
0,06646875
0,06423785
0,07351185
0,07056915
0,06801921
0,06696355
0,06347298
0,06116289
0,05825054
0,07964966
0,08219593
0,08709697
0,08272603
0,08533312
0,08996883
0,09318927
0,09198905
0,09573258
0,09166688
0,09476364
0,09556071
0,1003661
0,09996605
0,1043169
0,04962283
0,0975613
0,1012792
0,1058176
0,1090601
0,1011766
0,1058042
0,05824833
0,05761669
0,0539849
0,05421896
0,0554294
0,05644697
0,05250988
0,06795643
0,07040796
0,07439889
0,07695344
0,04831336
0,05431786
0,07799038
0,06942785
0,06826738
0,07099799
0,07555807
0,08186564
0,07324812
0,06888372
0,08256649
0,08261761
0,08250605
0,08638658
0,08901113
0,08804885
0,08987987
0,09963074
0,1037444
0,1068718
0,09144843
0,09584229
0,07989995
0,08508859
0,08014286
0,0839377
0,08877204
0,08374387
0,08712987
0,08160578
0,0850275
0,08784317
0,0814988
0,08319851
0,08429068
0,08449107
0,08367984
0,08283669
0,08156251
0,05724334
0,08505796
0,07877076
0,07382994
0,07416504
0,07949008
0,08175893
0,09407812
0,09712026
0,09303674
0,08896655
0,0907096
0,08457413
0,08569815
0,08691464
0,08473366
0,08198275
0,07885893
0,08395334
0,08377536
0,08639149
0,09672935
0,09643142
0,0960789
0,09393068
0,08801989
0,0891366
0,08650739
0,09150362
0,09620448
0,09487861
0,08486006
0,09390166
0,09725594
0,09628349
0,1015594
0,1054813
0,1262406
0,07057593
0,07705323
0,07544733
0,09839829
0,1011438
0,098759
0,09417063
0,09128756
0,09720767
0,07684229
0,08890294
0,08558325
0,0861507
0,09008925
0,08457537
0,08640761
0,08724415
0,08352729
0,1015217
0,0984171
0,09492932
0,09178506
0,09623446
0,05714716
0,08780362
0,07683402
0,07695802
0,0921853
0,0784032
0,08154383
0,07938692
0,07348866
0,07845336
0,08373492
0,08791289
0,09117837
0,08847558
0,09389218
0,07947427
0,08272844
0,08192175
0,0833049
0,0872803
0,08482495
0,0816142
0,08276777
0,08291523
0,08270924
0,0803456
0,07323659
0,070066
0,08398759
0,1118152
0,12165
0,1100482
0,115838
0,1155736
0,1080227
0,1131598
0,1142903
0,1102216
0,1142249
0,108833
0,1153219
0,1101456
0,1139452
0,1063281
0,1100487
0,1044652
0,1077051
0,1109873
0,1144513
0,1095702
0,1143559
0,1112957
0,1123208
0,115108
0,104307
0,1057804
0,1094396
0,1064094
0,08637476
0,09355548
0,09264529
0,09362979
0,09034207
0,09489512
0,09566955
0,1007837
0,09974157
0,1015358
0,09559365
0,09694399
0,09590498
0,09467334
0,09373732
0,09444999
0,09624569
0,0990416
0,1006838
0,1015539
0,1017004
0,1011408
0,1008192
0,1009122
0,1021598
0,1058645
0,1012564
0,07639842
0,09757502
0,1095637
0,1092206
0,1094828
0,1097908
0,109948
0,110446
0,1108614
0,1111586
0,111315
0,1114333
0,1115993
0,1120513
0,1121766
0,112078
0,1117297
0,1116163
0,1115518
0,1115175
0,1114853
0,1114335
0,1114312
0,1118097
0,1117843
0,1117617
0,1121578
0,1121387
0,1123226
0,1069627
0,1078742
0,1089935
0,1027483
0,1049785
0,1084204
0,1124493
0,112313
0,1138204
0,1069811
0,1076614
0,1017518
0,09981792
0,09775099
0,1115043
0,1129266
0,1137209
0,1143487
0,1158554
0,09697394
0,09700431
0,09373599
0,1099469
0,1082997
0,09475569
0,1087072
0,09535006
0,1012
0,1000281
0,09885333
0,09833764
0,09752651
0,09608648
0,09362978
0,08305481
0,09439614
0,09208277
0,0862188
0,09103616
0,1091411
0,1123126
0,1127405
0,1066235
0,0963891
0,09487252
0,09205846
0,1018996
0,09986224
0,09829615
0,09643997
0,09451117
0,1013242
0,0999259
0,09857203
0,09773767
0,09567971
0,09241581
0,09386714
0,09397711
0,09455955
0,09499517
0,09537764
0,09560642
0,09547506
0,09527192
0,09508293
0,09540266
0,09246901
0,09397285
0,1041798
0,1006173
0,1000946
0,1034882
0,1034931
0,1034974
0,1034011
0,1033453
0,1032258
0,1037024
0,1044042
0,1014876
0,1023843
0,1030215
0,1019926
0,1023943
0,1028965
0,1032006
0,1033667
0,1034366
0,1036339
0,1044801
0,09623443
0,09736352
0,1119693
0,09030959
0,09892217
0,09743935
0,09538458
0,09584177
0,09625366
0,09637161
0,09892757
0,1045507
0,10415
0,1078451
0,1073142
0,1040315
0,09518943
0,09730127
0,09698134
0,09955937
0,1014542
0,102264
0,1008245
0,1000156
0,09925983
0,09843191
0,09752753
0,09672238
0,09598941
0,09754199
0,09713454
0,09674813
0,09631328
0,1049556
0,1044731
0,1040178
0,1036717
0,1033854
0,1031641
0,1031785
0,1032663
0,1034213
0,1036647
0,1040282
0,1045346
0,09612353
0,09660308
0,09713919
0,09777135
0,09839602
0,09892453
0,09939876
0,09974115
0,09996609
0,1001529
0,1002154
0,09969868
0,09909754
0,09852599
0,09795485
0,09734485
0,09669939
0,1002107
0,09983396
0,09948888
0,09920603
0,0915815
0,09163664
0,09180751
0,09239145
0,09334736
0,09781752
0,09978384
0,1014117
0,09472042
0,09490845
0,09488934
0,09479322
0,09461418
0,09438398
0,09421577
0,09409555
0,1033813
0,1033544
0,1033667
0,1032659
0,1052335
0,09777103
0,09776669
0,09751945
0,09720983
0,09685901
0,09639025
0,09605436
0,09583975
0,09583165
0,09569449
0,09546895
0,09526993
0,09502158
0,09477592
0,09460411
0,09449699
0,0944363
0,09442718
0,09444955
0,0945465
0,0947298
0,09635559
0,09675364
0,09715671
0,09753022
0,09789351
0,09826465
0,09860503
0,09856214
0,09842154
0,09821817
0,09761593
0,09655979
0,09531551
0,09456979
0,08599956
0,08514797
0,08401511
0,08986753
0,09637315
0,08983359
0,09191696
0,08661801
0,1045197
0,101846
0,09941042
0,1059116
0,1034115
0,1043791
0,1011486
0,09824806
0,1090351
0,1168972
0,1158502
0,1150451
0,1147447
0,1149794
0,1201183
0,1218706
0,1101537
0,1106178
0,1105277
0,1233385
0,1230888
0,1237549
0,127018
0,1319699
0,1239755
0,1288901
0,05939716
0,08077074
0,07735103
0,07451628
0,07261242
0,05928257
0,08681442
0,0846924
0,08314019
0,08175936
0,08048209
0,07901789
0,08758
0,08538755
0,08569242
0,08298731
0,08055945
0,08801387
0,08642097
0,08487698
0,09299736
0,09118365
0,08901987
0,09620725
0,09372745
0,08996868
0,08616012
0,08299275
0,07902849
0,08465402
0,08109583
0,07724317
0,08298934
0,07920549
0,07556695
0,0820839
0,07913157
0,0918343
0,09396143
0,09568785
0,09749259
0,0991894
0,09825625
0,1013819
0,1033504
0,1051414
0,1083365
0,1001326
0,1025516
0,1041405
0,1053361
0,1081705
0,1094428
0,09831146
0,07991806
0,07964288
0,08869224
0,08767287
0,08598735
0,08533763
0,09270731
0,09183227
0,09034081
0,09630292
0,09356465
0,09068216
0,08315974
0,07532018
0,07733938
0,07735412
0,1140841
0,1230776
0,1012282
0,09895778
0,104153
0,1119734
0,1097646
0,1153424
0,1123697
0,1105043
0,1164505
0,1046519
0,1113881
0,1045638
0,1101907
0,1058312
0,1122294
0,1114408
0,1173838
0,1181526
0,110929
0,1138806
0,1206035
0,1080403
0,05503585
0,05379838
0,05188663
0,04986887
0,05396864
0,05998367
0,053473
0,05462943
0,0568454
0,05874866
0,05910042
0,05894606
0,05841667
0,05688884
0,05775286
0,05515074
0,05323957
0,05464992
0,05101888
0,04919804
0,1255947
0,04905494
0,05218374
0,04843937
0,04978987
0,04858381
0,05097718
0,05019502
0,04871057
0,0477767
0,05048794
0,04828766
0,0593488
0,05550254
0,09520318
0,04581769
0,04397518
0,09081061
0,08740541
0,09435485
0,09255211
0,08918192
0,08741994
0,08595022
0,08365426
0,09073325
0,08859017
0,08745018
0,08414708
0,09071267
0,08919218
0,08660556
0,09201769
0,08879354
0,09345789
0,0904613
0,08864179
0,0965326
0,09522793
0,0939507
0,09305553
0,09157675
0,08987636
0,1008193
0,09937675
0,0979938
0,09619555
0,09429759
0,09250998
0,09266298
0,09027543
0,09116063
0,09507659
0,08977176
0,09300744
0,08925252
0,09270947
0,09001663
0,09114822
0,08847792
0,08205028
0,08760109
0,08261489
0,07962922
0,07359099
0,07465474
0,07321658
0,0773139
0,06966965
0,1053743
0,1002687
0,1049503
0,1098622
0,11481
0,1085478
0,1123864
0,105759
0,1088375
0,1112986
0,1139494
0,1072552
0,1102863
0,1131927
0,1056488
0,1071101
0,1086044
0,1102264
0,1119927
0,1137133
0,105488
0,1068308
0,1079842
0,1091486
0,1104742
0,1120548
0,1134696
0,1051023
0,1062377
0,1071584
0,108001
0,1088431
0,1100094
0,1043469
0,106182
0,1089668
0,111675
0,1045851
0,1068058
0,1091682
0,1114633
0,1136957
0,104663
0,107748
0,1111409
0,1153224
0,1101799
0,1116086
0,1061365
0,109913
0,1134286
0,1043171
0,1078134
0,09974103
0,1052966
0,109675
0,1140523
0,1024418
0,09962107
0,1026195
0,1114498
0,09297292
0,0854579
0,07150486
0,08574431
0,09077585
0,07077161
0,07407921
0,07797437
0,07466895
0,08439661
0,0803385
0,07645231
0,08623016
0,08483193
0,0892356
0,08919489
0,08925421
0,09189887
0,09163179
0,09146166
0,09117967
0,09096623
0,09079718
0,09067976
0,09052321
0,0903694
0,09027198
0,09022441
0,09009988
0,08984928
0,08927505
0,08882644
0,08851606
0,08803418
0,08677646
0,08532666
0,09430183
0,09032358
0,08394475
0,08126331
0,09744981
0,09265118
0,09766394
0,09459271
0,09812449
0,09281591
0,09676676
0,08976232
0,0920796
0,09488373
0,08494746
0,08486315
0,08608545
0,08915418
0,09229986
0,09620356
0,09069069
0,09491595
0,09110854
0,1004537
0,1002277
0,1000519
0,09975068
0,0997045
0,09959983
0,09954488
0,09951362
0,09949142
0,09957272
0,09972271
0,09975687
0,09976644
0,09975355
0,09974989
0,09953534
0,09817834
0,08985293
0,0891882
0,09359881
0,09620989
0,09346776
0,09612756
0,09808394
0,09806006
0,09804771
0,09802551
0,09802654
0,09803706
0,09804356
0,09804872
0,09805495
0,09805495
0,09805494
0,09805494
0,09805494
0,09805494
0,09805494
0,09805494
0,09805495
0,09805494
0,09805494
0,09805494
0,09805494
0,09805493
0,09805494
0,09805494
0,09805494
0,09805494
0,09805494
0,09805494
0,09805494
0,09805494
0,09805494
0,09805494
0,09805495
0,09805494
0,09805494
0,09805494
0,09805494
0,09805494
0,09805494
0,09805494
0,09805494
0,09805494
0,09805494
0,09805494
0,09805494
0,09805494
0,09805495
0,09805494
0,09805494
0,09805494
0,09805343
0,09805138
0,09805138
0,09805138
0,09805717
0,09792881
0,09781873
0,09873223
0,09867968
0,09847119
0,09831057
0,09809211
0,09795231
0,1017352
0,1063564
0,1036842
0,1208683
0,1023515
0,1022136
0,1026387
0,1049098
0,112998
0,1106099
0,1101725
0,1115177
0,1132372
0,1189317
0,1152548
0,1128515
0,1228261
0,1108507
0,1034871
0,110692
0,1050263
0,09989294
0,09436391
0,08845755
0,0878652
0,08787014
0,08803645
0,08814833
0,08823895
0,08831509
0,08844312
0,08862828
0,08886682
0,0891601
0,0895029
0,08989671
0,09029918
0,09071524
0,09118309
0,09166128
0,09212007
0,09260482
0,09307104
0,09342608
0,09375382
0,09406797
0,09433302
0,09460115
0,09473852
0,09451086
0,09750865
0,09092267
0,09012875
0,08971376
0,08956435
0,08967219
0,08958019
0,08943839
0,08927176
0,08915295
0,09940762
0,09979737
0,1003591
0,1007872
0,1012185
0,1017696
0,1021469
0,102593
0,1031521
0,1034693
0,1039046
0,104408
0,1046393
0,1045235
0,1042027
0,1037952
0,1036537
0,1036298
0,1036805
0,1034965
0,1032953
0,1030803
0,102978
0,1031366
0,10347
0,103789
0,1038018
0,1036098
0,103159
0,1027048
0,1022438
0,1018123
0,1012059
0,1005671
0,09753342
0,09666662
0,09480367
0,09257218
0,08220115
0,08722013
0,0849173
0,09032205
0,08618451
0,08201214
0,08749299
0,08300762
0,08685783
0,08243454
0,08868934
0,0854734
0,09062503
0,08760301
0,09112975
0,08606485
0,08953658
0,08572555
0,09055679
0,0878683
0,09342401
0,09137082
0,0895452
0,08766334
0,09354767
0,0911191
0,08873965
0,08685061
0,09327923
0,09145173
0,08940644
0,08771796
0,08608073
0,09226731
0,09028013
0,08814363
0,08778278
0,09059636
0,08775353
0,08530452
0,08916106
0,08703337
0,08234214
0,08693541
0,08007488
0,1059402
0,1105487
0,1072611
0,08711163
0,1055315
0,1125349
0,1043424
0,1103251
0,1136267
0,1193757
0,11151
0,1194264
0,1196311
0,118469
0,1161737
0,1258613
0,121138
0,1206508
0,129847
0,1182608
0,1163478
0,1212949
0,1166408
0,1242654
0,05165395
0,05032074
0,05111231
0,05156836
0,06926951
0,04738239
0,0691765
0,09918299
0,0967742
0,09524242
0,09517717
0,09733871
0,1011822
0,1030496
0,1037642
0,1046732
0,1041623
0,05909953
0,06331713
0,06195357
0,06398413
0,06593075
0,06533279
0,06491782
0,1535889
0,15763
0,1673742
0,1675645
0,0431325
0,06070111
0,1197112
0,1024561
0,1032338
0,1031968
0,1013212
0,09754948
0,1666551
0,1198755
0,1214912
0,1162018
0,1489899
0,1493328
0,112423
0,1113039
0,1395588
0,1393669
0,1392642
0,1391745
0,1386736
0,138429
0,138286
0,1379773
0,1384286
0,139501
0,140565
0,1414421
0,1136145
0,1155449
0,1175968
0,1483334
0,1576018
0,1515129
0,1679717
0,1338572
0,1080807
0,1066194
0,09963256
0,1049831
0,1028307
0,1055413
0,09798889
0,1027426
0,1024238
0,09969416
0,1034362
0,1002791
0,1035261
0,09938978
0,1023754
0,1054618
0,1071173
0,1000923
0,1042979
0,1132022
0,1140442
0,1170473
0,1123656
0,1172715
0,109061
0,1104178
0,1129339
0,1177446
0,1089338
0,1116867
0,1173556
0,1152313
0,1251804
0,119106
0,1112029
0,1182875
0,1173681
0,1166294
0,1284859
0,1199964
0,1214542
0,1143227
0,1158528
0,1177692
0,1196006
0,1198767
0,1182671
0,1080159
0,1089764
0,1125294
0,122412
0,1063365
0,1070873
0,1079406
0,1091146
0,1106272
0,1034091
0,1055769
0,1143734
0,1120571
0,1007781
0,1005921
0,1008118
0,1015726
0,1030876
0,1048666
0,107129
0,08615842
0,09213004
0,09257562
0,09214993
0,09146534
0,09080169
0,08614396
0,107304
0,09909492
0,1052989
0,1012352
0,1064065
0,1074834
0,1030655
0,1097727
0,110402
0,1036173
0,1064691
0,1097581
0,1124451
0,1127369
0,1127799
0,1127761
0,1126994
0,1125867
0,11246
0,1122876
0,1076921
0,1074049
0,1070642
0,1068238
0,1066025
0,1063941
0,1062097
0,1060514
0,1059174
0,1058761
0,1056661
0,1056522
0,1063747
0,1065027
0,1061852
0,1053714
0,1051975
0,1053967
0,1058464
0,1058725
0,1058275
0,1057689
0,1057532
0,1056294
0,1054475
0,1052149
0,1104693
0,1072703
0,07628047
0,1036242
0,07677355
0,1048961
0,1135699
0,1074125
0,111861
0,103834
0,1096869
0,1029242
0,1123868
0,08951894
0,08660898
0,08514285
0,0767255
0,09658349
0,09854735
0,1031205
0,1004288
0,07874755
0,0823618
0,1023627
0,1038309
0,1088426
0,1077582
0,1138981
timeStamps
4,584538
4,610144
4,625277
4,651986
4,667037
4,682194
4,707271
4,721886
4,736695
4,751366
4,777215
4,791426
4,805469
4,819921
4,833435
4,847117
4,861248
4,874602
4,889023
4,902723
4,916606
4,93096
4,944557
4,958686
4,972686
4,986702
5,00025
5,014759
5,028804
5,042529
5,057231
5,070972
5,085452
5,111667
5,126104
5,140621
5,155091
5,168941
5,183286
5,208346
5,222607
5,238445
5,251829
5,265728
5,292094
5,305949
5,320054
5,334186
5,348044
5,363229
5,377336
5,404058
5,418553
5,432922
5,459772
5,474695
5,501629
5,517115
5,543695
5,571241
5,586468
5,612911
5,628046
5,654585
5,669969
5,696316
5,711618
5,738279
5,753193
5,779963
5,794938
5,810086
5,835351
5,850286
5,865604
5,891031
5,905899
5,933108
5,94772
5,963031
5,988562
6,003845
6,030478
6,045237
6,060382
6,086013
6,100663
6,116238
6,141771
6,157132
6,183784
6,19874
6,225647
6,240565
6,267873
6,295273
6,311197
6,336868
6,352726
6,378586
6,394217
6,420351
6,436433
6,462536
6,490406
6,518209
6,546081
6,573923
6,58958
6,61593
6,643386
6,659416
6,68521
6,701021
6,726802
6,743113
6,76834
6,784411
6,810188
6,826272
6,852169
6,86819
6,893983
6,921668
6,937961
6,963534
6,991416
7,00796
7,032821
7,049438
7,07494
7,102882
7,130552
7,15896
7,18649
7,214438
7,242421
7,270228
7,298356
7,325908
7,353829
7,382079
7,409763
7,437311
7,465213
7,493355
7,521131
7,548818
7,576663
7,604568
7,632534
7,66065
7,688115
7,715968
7,743811
7,771873
7,799406
7,827387
7,855268
7,883095
7,910855
7,939036
7,966575
7,99455
8,022308
8,050166
8,077992
8,105803
8,133654
8,161752
8,189268
8,217518
8,244932
8,272953
8,300591
8,328978
8,356328
8,384363
8,411963
8,439871
8,467801
8,495968
8,523412
8,551506
8,579054
8,6071
8,634837
8,662922
8,690516
8,718329
8,746214
8,773991
8,801946
8,829734
8,857675
8,885363
8,91333
8,940941
8,969163
8,996934
9,024589
9,052407
9,080235
9,108423
9,136147
9,164156
9,191592
9,219429
9,247392
9,275297
9,303099
9,331121
9,358724
9,386676
9,414444
9,442275
9,470097
9,498419
9,526218
9,554094
9,58177
9,609338
9,637437
9,665245
9,692719
9,720751
9,74846
9,776553
9,804642
9,832015
9,860067
9,887823
9,916068
9,943318
9,971552
9,999203
10,02692
10,0551
10,08266
10,11073
10,13836
10,16639
10,19419
10,22211
10,24977
10,27764
10,30549
10,3335
10,36134
10,38905
10,41698
10,44521
10,47247
10,50052
10,52835
10,55606
10,58385
10,61176
10,64007
10,66763
10,69523
10,72362
10,75101
10,77927
10,80662
10,83458
10,86259
10,89064
10,91828
10,9462
10,97391
11,00183
11,02961
11,05749
11,08529
11,1132
11,14108
11,16946
11,19661
11,22471
11,25225
11,28057
11,30797
11,33638
11,36354
11,39163
11,41949
11,44723
11,47513
11,50313
11,53106
11,55869
11,57423
11,60045
11,62804
11,64282
11,65834
11,68344
11,69807
11,71325
11,73954
11,75452
11,76881
11,78261
11,80839
11,82228
11,83662
11,85047
11,86442
11,8783
11,89236
11,90625
11,92032
11,93424
11,94818
11,96264
11,97665
11,99006
12,00406
12,01797
12,03198
12,04579
12,05988
12,07372
12,08782
12,10172
12,11576
12,12957
12,14335
12,15719
12,17154
12,18505
12,19913
12,21292
12,22693
12,24078
12,25517
12,26877
12,28256
12,29642
12,31055
12,32436
12,33869
12,35217
12,3662
12,38012
12,39401
12,40794
12,42241
12,43581
12,44967
12,46381
12,4775
12,49137
12,50558
12,5193
12,53323
12,54731
12,56105
12,57514
12,58918
12,60277
12,61668
12,63091
12,64464
12,65889
12,67272
12,68632
12,70054
12,71464
12,72808
12,742
12,75629
12,7698
12,78367
12,79762
12,81162
12,82564
12,83988
12,85338
12,86727
12,88148
12,89508
12,90913
12,92316
12,93688
12,951
12,96477
12,97873
12,99265
13,00657
13,02051
13,03451
13,04841
13,06223
13,07619
13,0903
13,10452
13,11786
13,13186
13,14593
13,15954
13,17354
13,18774
13,20145
13,21535
13,22942
13,24316
13,25719
13,27141
13,28505
13,29891
13,31316
13,32678
13,34087
13,35462
13,36871
13,3829
13,39813
13,41199
13,42658
13,45171
13,46571
13,48077
13,49559
13,52108
13,53605
13,55018
13,56504
13,59031
13,60506
13,61867
13,6322
13,64665
13,66148
13,67525
13,6885
13,70251
13,71728
13,7307
13,74438
13,75957
13,77311
13,78706
13,81312
13,82734
13,84207
13,85596
13,87024
13,8967
13,91087
13,92651
13,94076
13,96679
13,98151
13,99535
14,00909
14,02272
14,03688
14,05152
14,06523
14,09166
14,10556
14,11993
14,13359
14,14759
14,16243
14,17633
14,19005
14,20529
14,21907
14,24492
14,25899
14,2732
14,28753
14,30078
14,31545
14,32907
14,34268
14,37092
14,38458
14,39889
14,41247
14,42664
14,44081
14,45431
14,46817
14,48247
14,49613
14,51005
14,52432
14,53805
14,55187
14,56614
14,5799
14,5937
14,60769
14,62156
14,63558
14,64962
14,66346
14,6779
14,69139
14,70519
14,71947
14,73307
14,74691
14,76087
14,77478
14,78866
14,80268
14,81692
14,83042
14,84464
14,85857
14,87226
14,88614
14,90029
14,914
14,92792
14,94214
14,95571
14,96971
14,98404
14,99753
15,01148
15,02572
15,03946
15,05323
15,06733
15,08099
15,095
15,1089
15,12325
15,13664
15,15064
15,16476
15,17852
15,19252
15,20659
15,22022
15,23417
15,24841
15,26201
15,2759
15,29002
15,30381
15,31778
15,33198
15,34555
15,35946
15,37373
15,38728
15,40113
15,41539
15,42908
15,44284
15,45687
15,47075
15,48477
15,49876
15,51302
15,52652
15,54053
15,55456
15,5682
15,58221
15,59646
15,60998
15,624
15,63816
15,6522
15,66577
15,67997
15,69369
15,7076
15,72165
15,73523
15,74943
15,76343
15,77702
15,79102
15,80516
15,81881
15,83275
15,8469
15,86055
15,87462
15,88843
15,90242
15,9164
15,93056
15,94428
15,95824
15,97208
15,98596
15,99989
16,01381
16,02789
16,04168
16,05556
16,06945
16,08378
16,09768
16,11151
16,12502
16,13899
16,1536
16,16729
16,18078
16,19493
16,20882
16,22252
16,23648
16,25068
16,26432
16,27826
16,29222
16,3062
16,32014
16,33449
16,34817
16,36174
16,37576
16,38962
16,40356
16,41751
16,43187
16,44527
16,45925
16,47316
16,48744
16,50099
16,51486
16,5291
16,54278
16,55673
16,57074
16,58472
16,59866
16,61287
16,62643
16,6403
16,65431
16,66816
16,68202
16,69648
16,70962
16,72362
16,73749
16,75149
16,76575
16,77981
16,79309
16,80745
16,82107
16,83521
16,84936
16,86345
16,8783
16,89186
16,90634
16,93196
16,94617
16,96023
16,97513
16,98883
17,00309
17,02939
17,0435
17,05886
17,08495
17,10086
17,12704
17,14227
17,1567
17,18237
17,1982
17,22423
17,24009
17,26586
17,28075
17,29609
17,32159
17,33695
17,36339
17,37846
17,3935
17,41898
17,43405
17,44902
17,47511
17,50287
17,51882
17,54441
17,56057
17,58609
17,60221
17,62798
17,64436
17,66968
17,69794
17,72575
17,75395
17,78153
17,80939
17,83752
17,86516
17,89338
17,921
17,94903
17,97676
18,00492
18,03289
18,0608
18,08814
18,11592
18,14375
18,17166
18,19981
18,22738
18,2557
18,28311
18,31083
18,33878
18,36683
18,39437
18,42234
18,45017
18,47812
18,50582
18,53383
18,56144
18,58933
18,61724
18,64534
18,67294
18,70116
18,72864
18,75659
18,78432
18,81229
18,83984
18,86772
18,89565
18,92348
18,95171
18,97898
19,00727
19,03477
19,06246
19,09049
19,11851
19,14639
19,17441
19,20174
19,22993
19,25759
19,28548
19,31328
19,3413
19,3692
19,39676
19,42496
19,45251
19,48068
19,50813
19,53657
19,56384
19,59208
19,61949
19,64734
19,67537
19,70307
19,73121
19,75883
19,78679
19,81449
19,84267
19,87053
19,8981
19,92587
19,9537
19,98163
20,00983
20,03754
20,06525
20,09326
20,12066
20,14871
20,17638
20,20421
20,23246
20,25984
20,27622
20,30118
20,31741
20,34297
20,35901
20,38459
20,4009
20,42618
20,44211
20,46837
20,48374
20,50992
20,52476
20,55182
20,56622
20,58044
20,59462
20,60845
20,62213
20,63617
20,65094
20,66443
20,67879
20,69179
20,70592
20,71941
20,73239
20,74654
20,76006
20,77429
20,78803
20,80214
20,81623
20,83018
20,84427
20,85852
20,87248
20,88607
20,90052
20,91469
20,92783
20,94214
20,95607
20,96977
20,98358
20,99764
21,01149
21,02549
21,03944
21,05331
21,06763
21,08118
21,09514
21,10936
21,12305
21,13711
21,1511
21,16475
21,1787
21,19267
21,20659
21,22051
21,23448
21,24853
21,26235
21,27621
21,29013
21,30398
21,31791
21,33183
21,34604
21,35977
21,37377
21,38763
21,40172
21,41563
21,42941
21,44326
21,45733
21,47121
21,48537
21,4989
21,51305
21,52698
21,54077
21,5547
21,569
21,58258
21,59632
21,61055
21,62422
21,63813
21,65233
21,66614
21,67987
21,69391
21,70774
21,72196
21,73571
21,74951
21,76376
21,77738
21,7913
21,80564
21,81931
21,83323
21,8473
21,8609
21,87482
21,88899
21,90288
21,91672
21,93054
21,94456
21,95845
21,97235
21,98617
22,00008
22,01415
22,02805
22,04236
22,05576
22,06989
22,08406
22,09751
22,1116
22,1254
22,13943
22,15364
22,16859
22,18244
22,19682
22,21063
22,23631
22,25129
22,26531
22,27966
22,30582
22,32043
22,33526
22,34906
22,36332
22,37714
22,39117
22,41651
22,43077
22,4459
22,46008
22,47468
22,48854
22,51419
22,52917
22,54349
22,55807
22,58395
22,59959
22,62576
22,6412
22,66773
22,68263
22,70963
22,72464
22,75147
22,76647
22,79333
22,80815
22,82334
22,84895
22,86426
22,89087
22,9187
22,93446
22,96064
22,97674
23,00201
23,0176
23,04388
23,05944
23,08547
23,10167
23,12733
23,14295
23,16913
23,18441
23,2109
23,22622
23,25258
23,26767
23,29455
23,30984
23,33629
23,35176
23,37816
23,39426
23,41958
23,43548
23,46141
23,47677
23,50341
23,51977
23,54515
23,57318
23,6016
23,62912
23,65671
23,68487
23,7124
23,72833
23,75373
23,76884
23,79575
23,81125
23,83745
23,85273
23,87927
23,89465
23,92105
23,93708
23,96264
23,97843
24,00447
24,01962
24,03404
24,0599
24,0753
24,08918
24,10334
24,11765
24,14347
24,15789
24,17167
24,18603
24,19929
24,21298
24,22714
24,24133
24,25506
24,26918
24,28302
24,29712
24,31101
24,32532
24,33901
24,3529
24,36722
24,38076
24,39468
24,40906
24,42257
24,43658
24,45092
24,46437
24,47831
24,49244
24,50619
24,52016
24,53432
24,5477
24,5618
24,57621
24,58958
24,60338
24,61735
24,63134
24,6453
24,65917
24,67321
24,68712
24,70141
24,71491
24,72893
24,74298
24,75662
24,77057
24,78533
24,79836
24,81238
24,82635
24,84035
24,85414
24,868
24,88218
24,89594
24,90978
24,92385
24,93774
24,95167
24,9658
24,97941
24,99344
25,00751
25,02107
25,0351
25,04913
25,06293
25,07685
25,09108
25,10472
25,11873
25,13299
25,14641
25,16042
25,17459
25,18822
25,20215
25,21632
25,23002
25,24389
25,2581
25,27171
25,28579
25,29954
25,31357
25,32744
25,34155
25,35558
25,36923
25,38319
25,39713
25,41117
25,42515
25,43889
25,45294
25,46675
25,48066
25,49474
25,50851
25,52234
25,53628
25,55034
25,56454
25,57842
25,59185
25,60624
25,61993
25,63368
25,6477
25,66158
25,67578
25,68951
25,70337
25,71778
25,73124
25,74505
25,75936
25,77364
25,78728
25,80135
25,81608
25,8295
25,84356
25,86991
25,88452
25,89966
25,91317
25,93928
25,95422
25,96877
25,99509
26,00978
26,03692
26,05164
26,07889
26,09381
26,10873
26,13474
26,16233
26,1779
26,20399
26,21987
26,24581
26,2621
26,28726
26,30357
26,32907
26,35755
26,38527
26,41328
26,44101
26,46907
26,49686
26,52489
26,55279
26,5805
26,60829
26,63621
26,66406
26,69223
26,71969
26,74768
26,77543
26,80342
26,8312
26,85931
26,88679
26,91483
26,94265
26,97027
26,99829
27,026
27,05402
27,08199
27,10946
27,13739
27,16563
27,19331
27,22112
27,24891
27,27681
27,30439
27,33245
27,36004
27,38814
27,41582
27,44375
27,47152
27,49933
27,52728
27,55504
27,58292
27,61072
27,63844
27,66636
27,69468
27,72219
27,75005
27,77784
27,80577
27,83378
27,86159
27,88916
27,91721
27,94489
27,97296
28,00045
28,02859
28,05627
28,08421
28,11206
28,1398
28,16777
28,19547
28,22338
28,25139
28,27907
28,30694
28,33465
28,3631
28,39083
28,41852
28,4461
28,4742
28,50198
28,52987
28,55732
28,58561
28,61307
28,64116
28,66882
28,6967
28,72462
28,75292
28,78012
28,80838
28,83601
28,86391
28,89157
28,90796
28,93527
28,96302
28,99016
29,00616
29,03322
29,05033
29,06753
29,09393
29,10938
29,1256
29,15253
29,16813
29,19542
29,21055
29,22652
29,25186
29,26683
29,2826
29,30789
29,32302
29,33717
29,35061
29,36497
29,3786
29,39194
29,40589
29,41979
29,43401
29,44777
29,4618
29,47575
29,48991
29,50381
29,51771
29,5319
29,54562
29,55986
29,57354
29,58752
29,60149
29,61534
29,62934
29,64331
29,65726
29,6711
29,68534
29,69915
29,71292
29,72683
29,74075
29,75463
29,76858
29,7825
29,79637
29,81036
29,82432
29,83821
29,8521
29,866
29,87998
29,89384
29,9078
29,92174
29,93589
29,94998
29,96347
29,97744
29,99167
30,00529
30,01913
30,0333
30,04707
30,06123
30,07519
30,08881
30,10278
30,11697
30,13058
30,14441
30,15861
30,17224
30,18643
30,20075
30,21546
30,22868
30,24294
30,25613
30,26934
30,28338
30,29735
30,31125
30,32534
30,33928
30,35327
30,36735
30,38164
30,39638
30,40955
30,42311
30,43698
30,45041
30,46436
30,4783
30,49262
30,50657
30,52071
30,53415
30,54836
30,56206
30,57604
30,59015
30,6039
30,61798
30,63198
30,64608
30,66018
30,67507
30,68856
30,70294
30,7286
30,74355
30,77055
30,78509
30,7998
30,81405
30,83997
30,8678
30,88327
30,90976
30,9253
30,95137
