participantNumber
2
repetitionNum
4
sdfEnabled
1
taskTime
28,4294
numHits
15
positionDifference
0,128091
angleDifference
128,6774
finalPosX
-0,06030602
finalPosY
-0,007289902
finalPosZ
0,8610106
finalRotX
300,365
finalRotY
168,8066
finalRotZ
138,617
taskType
easyWire
velocityMagnitude
0,5543617
0,5543617
0,7403566
0,3454448
0,3454448
0,7044926
0,1629957
0,03569501
0,03569501
1,012337
0,4705133
0,4705133
1,059944
0,2210793
0,2210793
1,340104
0,8349357
0,3142321
0,3142321
0,6010488
0,4725804
0,4725804
1,058911
0,7527202
0,7527202
0,8912213
0,4562913
0,4562913
0,2014491
0,379223
0,6252047
0,6252047
0,6262237
0,2327551
0,2327551
0,1819117
0,1686734
0,1686734
0,2553217
0,2692706
0,2692706
0,120739
0,2163826
0,2586829
0,2028478
0,2028478
0,4560866
0,4331368
0,3760444
0,3102971
0,2983514
0,1978946
0,2790955
0,1488772
0,1577014
0,1738253
0,114208
0,1074074
0,1853555
0,2643164
0,2643164
0,1326663
0,1326663
0,1471124
0,1730215
0,1945548
0,08781111
0,08781111
0,1147264
0,3392994
0,4921757
0,3829501
0,3552514
0,1119843
0,1594952
0,1410549
0,1087629
0,140603
0,1363715
0,2982309
0,2182307
0,1681103
0,08888558
0,08888558
0,197825
0,3333013
0,1798629
0,2288585
0,1368797
0,1793628
0,4646874
0,2306135
0,1024289
0,03040801
0,03040801
0,2774069
0,2774069
0,09009559
0,09009559
0,1531993
0,34841
0,1776882
0,2117941
0,3466233
0,3187677
0,2595388
0,143387
0,1685392
0,1728896
0,2669841
0,2763121
0,1934819
0,2433644
0,1892117
0,125181
0,1377343
0,1336493
0,1355755
0,06392395
0,05909779
0,05324655
0,05742235
0,1707585
0,1298029
0,1033417
0,1155966
0,1359419
0,161794
0,1037342
0,146595
0,1474987
0,08284569
0,1483757
0,1102322
0,1147486
0,243497
0,2005336
0,1263404
0,128585
0,1256242
0,06414588
0,08951519
0,05489495
0,07054188
0,1122673
0,1394218
0,2244009
0,2437096
0,2213369
0,1477118
0,2559724
0,1976556
0,1729025
0,1306866
0,08166723
0,1867227
0,155943
0,1380089
0,2436489
0,1461275
0,1583968
0,3668431
0,1514038
0,09614237
0,07404582
0,065037
0,1212236
0,1290386
0,0783259
0,1116606
0,1371032
0,1268622
0,07904604
0,09997608
0,1026791
0,09498803
0,1926641
0,2220292
0,2142748
0,1397763
0,3098359
0,3933556
0,2036813
0,183148
0,1182911
0,05003051
0,09569138
0,05591336
0,1710167
0,2091497
0,1599834
0,2343867
0,06608614
0,05040814
0,08031631
0,03428639
0,09581329
0,04791159
0,107306
0,1399077
0,07660317
0,05791727
0,0541142
0,1445518
0,0850691
0,06738453
0,1601843
0,1065079
0,1257207
0,215459
0,06799133
0,0484583
0,1618393
0,1029818
0,03005857
0,06895637
0,2393264
0,5024516
0,1639406
0,2331082
0,08515509
0,03997346
0,1064852
0,09231396
0,1312437
0,09174301
0,1464644
0,1687617
0,02712092
0,1595153
0,1260568
0,1263876
0,458809
0,1781788
0,008359523
0,05877933
0,04653657
0,04539074
0,0803403
0,2021157
0,1370117
0,03277605
0,07856429
0,09439043
0,06232096
0,07081826
0,1016131
0,2493034
0,1227907
0,1260415
0,1623871
0,1143104
0,06208278
0,08191326
0,213362
0,1209229
0,09825937
0,2354685
0,1640181
0,1144348
0,1340624
0,1650425
0,1061548
0,1538866
0,1700793
0,1954737
0,1988405
0,2456868
0,2705432
0,2397725
0,1683176
0,2352216
0,2513346
0,1966185
0,1775424
0,2374246
0,1665319
0,1403688
0,08817923
0,1167028
0,1514494
0,1421561
0,1170791
0,1303835
0,2463113
0,2273119
0,2126149
0,1804688
0,1104817
0,1104817
0,1341607
0,1341607
0,2183386
0,1873557
0,1360197
0,1545788
0,177879
0,2079293
0,2044513
0,2044513
0,2064624
0,2668457
0,2668457
0,5063384
0,4926665
0,3113781
0,3113781
0,3425554
0,175258
0,175258
0,1215253
0,06812546
0,06812546
0,1586083
0,1521973
0,1521973
0,1183114
0,08499002
0,1194948
0,1194948
0,3486416
0,2520117
0,2520117
0,377464
0,2078621
0,2078621
0,1892562
0,2753222
0,3371553
0,3371553
0,5280116
0,2935228
0,2935228
0,1527783
0,1645419
0,1645419
0,1138831
0,04816573
0,04816573
0,2772218
0,1685935
0,107473
0,107473
0,4185386
0,3592696
0,3592696
0,3419304
0,09671609
0,09671609
0,2053129
0,05338828
0,03736637
0,03736637
0,2378005
0,2122295
0,2122295
0,4022922
0,5035615
0,5035615
0,3793029
0,1089694
0,1089694
0,07838767
0,09969974
0,1082147
0,1082147
0,4661118
0,278132
0,278132
0,24374
0,1278141
0,1278141
0,2884565
0,2371867
0,1682261
0,1682261
0,2377755
0,1680583
0,1680583
0,0113811
0,05395269
0,05395269
0,1895638
0,1826381
0,05475504
0,05475504
0,2900473
0,2808703
0,2808703
0,3579516
0,1750932
0,1750932
0,1656783
0,1956542
0,1956542
0,433404
0,1777339
0,1088908
0,1088908
0,2686509
0,3244509
0,3244509
0,3230113
0,1669403
0,1669403
0,2293085
0,1604853
0,06397305
0,06397305
0,2224913
0,1452576
0,1452576
0,06006002
0,08425961
0,08425961
0,1392058
0,1273257
0,1273257
0,1745121
0,1171769
0,1076781
0,1076781
0,3305132
0,268408
0,268408
0,07336897
0,1719187
0,1719187
0,5483695
0,413007
0,3441251
0,3441251
0,09006008
0,05472668
0,05472668
0,1285191
0,01554878
0,01554878
0,09436165
0,01723811
0,1083503
0,1083503
0,1183165
0,0423393
0,0423393
0,0661792
0,0768146
0,0768146
0,06170245
0,04629019
0,04629019
0,0697412
0,06412471
0,0765512
0,0765512
0,04110714
0,06896395
0,06896395
0,01155885
0,06017667
0,06017667
0,1933283
0,1430432
0,05957507
0,05957507
0,09248485
0,1084913
0,1084913
0,2517664
0,1664883
0,1664883
0,05831898
0,02553857
0,02553857
0,1062198
0,1920672
0,1504021
0,1504021
0,1282385
0,1167845
0,1167845
0,1266304
0,1213923
0,139447
0,139447
0,1375342
0,1291738
0,1291738
0,1293527
0,1393732
0,1393732
0,5881974
0,3889073
0,3889073
0,3562666
0,2459585
0,2459585
0,3206835
0,2671141
0,1631931
0,1631931
0,1856045
0,1283857
0,1283857
0,07133348
0,05793318
0,05793318
0,2771856
0,213508
0,1106709
0,1106709
0,2564637
0,3498263
0,3498263
0,5354087
0,274887
0,274887
0,1031685
0,08229295
0,08229295
0,1357312
0,1501807
0,08566137
0,08566137
0,1148156
0,07772977
0,07772977
0,2013616
0,2730289
0,2730289
0,09016065
0,09771776
0,1136357
0,1136357
0,07960121
0,1039919
0,1039919
0,141808
0,06856403
0,06856403
0,03674698
0,03218022
0,05213736
0,05213736
0,1401449
0,09052059
0,09052059
0,1454067
0,1091354
0,1091354
0,05084504
0,02506831
0,02506831
0,1329481
0,3111038
0,3496751
0,3496751
0,3365113
0,2125727
0,2125727
0,135403
0,0241333
0,0241333
0,09315233
0,09302609
0,08741879
0,08741879
0,2607263
0,2673116
0,2673116
0,2618687
0,2076951
0,2076951
0,1602492
0,1491873
0,2959612
0,2959612
0,1982738
0,1539955
0,1061206
0,07334899
0,07334899
0,07265239
0,06160476
0,06160476
0,08259997
0,06991871
0,06492921
0,07352246
0,07773214
0,07773214
0,08148497
0,08148497
0,1555056
0,1690539
0,1140078
0,06083577
0,164071
0,230785
0,1356708
0,1356708
0,1733998
0,1733998
0,2416258
0,08210353
0,08210353
0,06163354
0,06163354
0,1348844
0,1348844
0,1621133
0,194286
0,2078285
0,20853
0,20853
0,1615563
0,1615563
0,1833275
0,1168434
0,1359531
0,1187617
0,1443839
0,1157771
0,07204505
0,0712467
0,08710469
0,1079757
0,08566231
0,1160926
0,05376305
0,06647366
0,0820559
0,07411116
0,1139382
0,1356941
0,1336716
0,1169332
0,1062456
0,1287225
0,1389446
0,1084118
0,1385399
0,1437418
0,1274928
0,1183993
0,2225503
0,1976093
0,09203508
0,09738672
0,07369151
0,06032942
0,1223558
0,09702269
0,04578502
0,07212497
0,1017217
0,1019221
0,2178514
0,2173845
0,211761
0,297596
0,2483948
0,2800491
0,1552626
0,1871176
0,1620718
0,08864252
0,05084363
0,0228013
0,01798072
0,07843348
0,07149968
0,06331974
0,0707867
0,07302577
0,117646
0,09285116
0,154441
0,08973964
0,1014929
0,1470423
0,06835221
0,09197728
0,151172
0,06114778
0,1133955
0,147031
0,1976394
0,17584
0,121592
0,1235798
0,04360595
0,2479638
0,2655897
0,1941908
0,2261607
0,1447966
0,09844961
0,03965368
0,03651856
0,05980963
0,09274808
0,0615499
0,1159568
0,1156518
0,17083
0,2116488
0,1706416
0,3224766
0,1906069
0,2719224
0,06561422
0,1647297
0,1654146
0,1761811
0,1711076
0,2026746
0,2548726
0,3440933
0,2228962
0,1028489
0,1009605
0,05025075
0,138328
0,094483
0,03629136
0,07051074
0,0968792
0,1469085
0,1256666
0,1649149
0,1583419
0,1302374
0,1045789
0,2376226
0,1383715
0,09969673
0,1434401
0,1107095
0,1436767
0,1032597
0,08333477
0,02019042
0,06090455
0,07701106
0,02822847
0,1084399
0,09453106
0,1500246
0,1354269
0,09478533
0,0697922
0,05584299
0,07435103
0,1123565
0,08960549
0,09773427
0,1580423
0,1069349
0,09316175
0,02379422
0,06125946
0,07769444
0,0671695
0,1063237
0,06533983
0,06091158
0,05569399
0,09355514
0,05161153
0,1271576
0,1824686
0,1013607
0,1013142
0,1625868
0,0702653
0,08726875
0,06028398
0,09629014
0,1852237
0,1246585
0,1028934
0,08093584
0,05609168
0,08699299
0,09964748
0,08167414
0,08292895
0,08922311
0,2498111
0,3003199
0,2555502
0,2860804
0,01802034
0,1092171
0,07171734
0,0703285
0,03988977
0,004868185
0,08717946
0,152106
0,2249919
0,3202702
0,3425851
0,3712568
0,4557663
0,472361
0,4959507
0,2057652
0,1274239
0,1593294
0,02807323
0,07263241
0,01320856
0,01343998
0,006929079
0,03308508
0,04543519
0,09297433
0,07577141
0,06497478
0,05561608
0,1723394
0,1891039
0,1537475
0,2038968
0,2112054
0,2551653
0,2971106
0,2008852
0,1877743
0,1546096
0,19164
0,2337414
0,2153418
0,2597936
0,2734501
0,2032885
0,1697671
0,1640919
0,1777865
0,1337438
0,1205583
0,1064906
0,1684713
0,1908555
0,1750985
0,1437169
0,1299819
0,1332672
0,1352651
0,1297215
0,1297215
0,1504139
0,1504139
0,1299287
0,1444681
0,1938309
0,2015855
0,2100992
0,1832282
0,2594628
0,2550061
0,2550061
0,1762962
0,1895472
0,271024
0,2256061
0,1817219
0,1817219
0,2409608
0,186294
0,186294
0,163317
0,1423649
0,09632584
0,1185841
0,1428957
0,1428957
0,1667422
0,1418051
0,1418051
0,1188674
0,1219871
0,1219871
0,2150669
0,2238721
0,2280322
0,2280322
0,2053961
0,1351589
0,1351589
0,09878665
0,1076159
0,1076159
0,1605089
0,1816839
0,1816839
0,1688408
0,1241802
0,08804592
0,08804592
0,0478571
0,07170725
0,07170725
0,1258912
0,1106588
0,1106588
0,08166874
0,07685617
0,07059439
0,07059439
0,06303091
0,04126619
0,04126619
0,05613673
0,03949551
0,03949551
0,09721521
0,07355873
0,07355873
0,1119027
0,1020046
0,1089745
0,1089745
0,1930125
0,1236631
0,1236631
0,1053219
0,07592018
0,07592018
0,05301938
0,05641104
0,07688665
0,07688665
0,1744193
0,2474389
0,2474389
0,5294485
0,4289929
0,4289929
0,2770296
0,2340048
0,2340048
0,2668737
0,3370478
0,1793805
0,1793805
0,2183312
0,242877
0,242877
0,1645955
0,1012404
0,1012404
0,1503675
0,3177866
0,4137641
0,4137641
0,5461059
0,4332896
0,4332896
0,2406495
0,1512803
0,1512803
0,1957733
0,1741454
0,124067
0,124067
0,08867355
0,06827132
0,06827132
0,1285681
0,1142915
0,1142915
0,1426256
0,1175917
0,1175917
0,03686846
0,0439737
0,07550936
0,07550936
0,09584181
0,07314567
0,07314567
0,07196284
0,07978027
0,07978027
0,06700432
0,05925464
0,05013372
0,05013372
0,01810058
0,01343788
0,01343788
0,03124934
0,01278825
0,01278825
0,04053763
0,07092208
0,07092208
0,04924957
0,01350868
0,04990456
0,04990456
0,08196372
0,084287
0,084287
0,1282454
0,09258859
0,09258859
0,09666402
0,097541
0,0634671
0,0634671
0,135155
0,1334532
0,1334532
0,1627005
0,2363122
0,2363122
0,21978
0,05458099
0,05458099
0,07955074
0,04165531
0,1382931
0,1382931
0,2348897
0,2439285
0,2439285
0,1473496
0,1473496
0,3005994
0,2237082
0,1759362
0,1759362
0,09520503
0,07251024
0,07251024
0,05807646
0,0436485
0,0436485
0,02911425
0,03398602
0,03398602
0,04803223
0,05239836
0,05710696
0,05710696
0,05430334
0,07178366
0,07178366
0,103999
0,09275386
0,09275386
0,1081874
0,09182138
0,09391651
0,09391651
0,09403414
0,1004109
0,1004109
0,1588834
0,1285845
0,1285845
0,1774075
0,1857813
0,2342193
0,2968383
0,2368052
0,2368052
0,1874381
0,1659465
0,137232
0,1869844
0,2730534
0,2294687
0,2294687
0,1658366
0,1780618
0,2039316
0,1458701
0,1000712
0,1240484
0,1370215
0,1739015
0,2365205
0,2060753
0,120802
0,08814092
0,0880227
0,1077919
0,1187548
0,1377699
0,1292556
0,135388
0,123172
0,1816085
0,1442467
0,08100455
0,1066389
0,08042534
0,08636995
0,1128989
0,1288446
0,1174488
0,1058127
0,1332755
0,1377701
0,2509999
0,2229305
0,2105079
0,1871167
0,2986
0,2343928
0,324422
0,270894
0,3096537
0,3139233
0,2179084
0,3230686
0,1569645
0,1523142
0,1789164
0,1614595
0,1889372
0,2185445
0,2109126
0,1644986
0,237985
0,282757
0,1465853
0,3165235
0,3876269
0,1441747
0,2216447
0,252765
0,1703819
0,1308009
0,07859144
0,1089012
0,07056957
0,02689376
0,04502732
0,02426391
0,04243315
0,05188847
0,0329185
0,0370017
0,02379353
0,02841107
0,07320134
0,04014032
0,03131595
0,03516833
0,02533484
0,03260548
0,1124072
0,1377284
0,1703796
0,1757335
0,157738
0,1899238
0,283462
0,2733347
0,1522139
0,1286123
0,04183626
0,2186529
0,202679
0,1734869
0,4275571
0,2906425
0,2799279
0,3239107
0,22403
0,2103986
0,07581782
0,08946788
0,06940328
0,05816844
0,09908783
0,1017755
0,09665769
0,1664334
0,1353108
0,08968342
0,09923105
0,2365317
0,1240663
0,2156295
0,1498363
0,1133522
0,08597364
0,1018471
0,0720176
0,07657213
0,1845314
0,1615893
1,057279
0,1142911
0,09766676
0,07269168
0,06177929
0,05434416
0,03243487
0,04180211
0,05501838
1,89329
1,916883
1,966321
1,939203
1,910924
1,937924
1,937652
1,857249
1,756881
1,682777
1,630317
1,62298
1,578355
1,012978
0,8170763
0,5227695
0,09038307
0,09713487
0,09720004
0,1525276
0,246457
0,3045473
0,2887034
0,2180578
0,238081
0,2438648
0,2074563
0,292945
0,2885462
0,2094413
0,1379473
0,06081145
0,06081145
0,09541223
0,09541223
0,2877489
0,2423425
0,1792937
0,1451387
0,1451387
0,2211701
0,1927609
0,1997238
0,1110711
0,1110711
0,1796005
0,1726411
0,1854311
0,1854311
0,2061673
0,2061673
0,2358316
0,3143636
0,1954374
0,1050213
0,1050213
0,122291
0,1229441
0,1229441
0,1540834
0,2165897
0,2165897
0,2065641
0,1429732
0,1429732
0,1977791
0,2354479
0,1397602
0,1397602
0,2792552
0,2196553
0,2196553
0,226931
0,2618812
0,2618812
0,2781562
0,2740279
0,1962307
0,1962307
0,1820458
0,1749144
0,1749144
0,1674716
0,1234171
0,1234171
0,1414316
0,1184872
0,1530377
0,1530377
0,3780403
0,3095888
0,3095888
0,4122973
0,4171859
0,4171859
0,3216541
0,3021534
0,3021534
0,3395353
0,4015448
0,3789247
0,3789247
0,5593619
0,2965095
0,2965095
0,2134242
0,1907874
0,1907874
0,02861823
0,07081413
0,1048728
0,1048728
0,04739947
0,0223492
0,0223492
0,08206969
0,07773187
0,07773187
0,1022265
0,0804608
0,01574276
0,01222642
0,01432311
0,01432311
0,03706946
0,0322603
0,0322603
0,02865156
0,03959729
0,03959729
0,0496235
0,03640088
0,03038784
0,03038784
0,0281447
0,0289926
0,0289926
0,06290405
0,1017081
0,1017081
0,1171991
0,1424486
0,1424486
0,369781
0,3362492
0,2087435
0,2087435
0,1178304
0,1302584
0,1302584
0,2087897
0,1739371
0,1739371
0,111665
0,08937583
0,0673451
0,0673451
0,08505289
0,0566907
0,0566907
0,04334539
0,02530063
0,02530063
0,04882311
0,04265771
0,04265771
0,05946221
0,06773662
0,03698071
0,03698071
0,164344
0,1285873
0,1285873
0,08961465
0,06116548
0,06116548
0,1106088
0,09709837
0,05272449
0,05272449
0,1579372
0,06849597
0,06849597
0,3995358
0,2339878
0,2339878
0,1486121
0,0701624
0,0701624
0,1148383
0,1115752
0,1726621
0,1726621
0,3874876
0,3064367
0,3064367
0,2623769
0,3558695
0,3558695
0,4314449
0,4306146
0,5121162
0,5121162
0,3424943
0,2638186
0,2638186
0,2620678
0,2312913
0,4031548
0,5017143
0,4021046
0,4119224
0,4497666
0,5613021
0,7853724
1,41545
1,420467
velocityComponents
0,1031008
0,5429387
-0,04364252
0,1031008
0,5429387
-0,04364252
0,08004159
0,7336929
-0,05844533
0,1171168
0,2559341
0,2002835
0,1171168
0,2559341
0,2002835
0,1232918
0,6920152
0,04715919
-0,05541481
0,09204969
-0,122571
-0,02623014
0,0177756
-0,01643598
-0,02623014
0,0177756
-0,01643598
0,3306642
-0,1703538
0,9415239
0,1945224
0,2612039
0,3395826
0,1945224
0,2612039
0,3395826
-0,12809
0,8126467
-0,6683409
-0,02865531
0,1723431
-0,1354724
-0,02865531
0,1723431
-0,1354724
0,4072417
-0,5031049
1,173422
0,1639977
-0,508602
0,6415188
0,04942752
-0,1988374
0,2382487
0,04942752
-0,1988374
0,2382487
-0,02243228
0,5311288
-0,2804615
0,1190853
0,4424374
0,1157586
0,1190853
0,4424374
0,1157586
0,154626
1,047422
-0,01703203
0,05508931
0,7372954
-0,1412383
0,05508931
0,7372954
-0,1412383
0,1689838
0,8563615
0,1799021
0,1325847
-0,01677739
0,4362815
0,1325847
-0,01677739
0,4362815
0,006804985
0,01360269
0,2008741
-0,06335995
0,3417967
-0,1515606
-0,1193487
0,5459889
-0,2802371
-0,1193487
0,5459889
-0,2802371
-0,1939964
0,5645037
-0,1893599
-0,0339813
0,1708325
0,1543906
-0,0339813
0,1708325
0,1543906
0,005850525
-0,09997313
0,1518651
-0,02221182
-0,0003386433
0,1672041
-0,02221182
-0,0003386433
0,1672041
-0,1302998
0,1600448
-0,1503224
-0,1522474
0,07713956
-0,2082712
-0,1522474
0,07713956
-0,2082712
-0,1135082
0,01166586
-0,03946763
-0,001746418
0,07272902
0,2037863
-0,02167448
0,01914327
0,2570615
-0,004635072
0,117942
0,164971
-0,004635072
0,117942
0,164971
-0,07174082
0,4503331
-0,008270533
-0,09942751
0,407822
-0,1067842
-0,05732888
0,371243
-0,01736199
-0,03223168
0,3046784
0,04915816
-0,05694104
0,2752142
0,1001421
-0,03281821
0,07195231
0,1814059
-0,02574667
-0,02374629
0,276889
-0,02030103
-0,04522656
0,1403811
-0,07477152
0,1286861
0,05214253
-0,1276344
0,08469281
-0,08216964
-0,09950569
0,03943793
-0,03983395
-0,09490234
-0,01782538
0,04703342
-0,05305944
-0,0698574
0,1632829
-0,1034411
-0,1092645
0,2173117
-0,1034411
-0,1092645
0,2173117
-0,1158221
0,03598441
-0,05376537
-0,1158221
0,03598441
-0,05376537
-0,1187557
0,07127975
0,04958165
-0,1516689
0,068241
-0,04770911
-0,1576537
0,1122524
-0,01990599
-0,06603162
0,01286046
0,05643779
-0,06603162
0,01286046
0,05643779
-0,05675364
0,07755917
0,06265582
-0,1250568
0,2902241
-0,1235104
-0,121296
0,4568126
-0,1372822
-0,006047654
0,3595231
0,1317471
0,03574593
0,1592651
0,3155319
-0,04019843
0,0599404
0,08562545
-0,1373211
-0,04201502
-0,0694
-0,1109424
-0,07804866
-0,03868678
-0,08943842
-0,04944728
0,03721709
-0,08436929
-0,05168538
0,09989815
-0,01717185
-0,008254039
0,135034
-0,01285595
-0,1109522
0,2765249
-0,05757082
-0,1575161
0,1396385
-0,151288
-0,02732646
-0,06801686
-0,03730142
0,06518223
0,047545
-0,03730142
0,06518223
0,047545
-0,02196464
-0,1205892
0,1552757
-0,0004279088
-0,1557761
0,294658
0,009005673
0,1104365
0,1416803
-0,06938681
0,2021671
-0,08179346
-0,07631785
0,0766682
-0,08386678
-0,008783804
0,1468565
0,1026013
0,08076038
0,3617257
0,2802976
0,03427159
0,1525447
0,1695233
-0,02942275
0,09047978
0,03793939
-0,01321048
-0,01758533
0,02099729
-0,01321048
-0,01758533
0,02099729
0,06292669
0,1779587
0,2032868
0,06292669
0,1779587
0,2032868
0,00789622
0,02983033
0,08464643
0,00789622
0,02983033
0,08464643
0,02886864
0,03947627
0,1451835
0,08569618
0,1170465
0,316774
0,0388338
0,1088238
0,1349904
0,04756429
0,07294442
0,1930634
0,09350228
0,1130881
0,3140321
0,08046772
0,2079773
0,227779
0,03021391
0,2439548
0,08326805
0,02293576
0,1275325
0,06139432
0,03600881
0,1285357
0,1028951
0,02974588
0,158041
0,06347471
0,01526448
0,2665023
0,004903925
0,03236129
0,2671764
0,06259297
0,04403987
0,1519781
0,1113481
0,05989407
0,1701689
0,1633447
0,02143392
0,1838191
0,03939809
0,01056582
0,1228599
0,02154243
0,02866782
0,10828
0,08015191
0,02839014
0,1064636
0,07564141
0,008949056
0,1338571
0,01956837
0,005605244
0,05935688
0,02305674
0,004128
-0,02205426
0,05467283
-0,002449903
-0,02759415
0,04547258
0,001561119
-0,01133928
0,05626997
0,01981431
-0,06148649
0,1580673
0,01822831
-0,0105214
0,1280852
0,006565705
0,0273157
0,09944969
0,003417383
-0,009770708
0,1151322
0,01446311
-0,00460307
0,1350919
0,01969289
0,02837258
0,1580648
0,004796778
-0,008490383
0,1032748
0,01257786
0,04032454
0,1403774
0,01135067
0,04750818
0,1391762
-0,01275056
0,07355481
0,03592383
-0,01924737
0,1469883
0,006273054
-0,01923437
0,1067915
0,0194099
-0,01258888
0,1126281
0,01799028
0,0148346
0,219385
0,104599
-0,01117722
0,1998043
0,01292296
-0,0006065051
0,08180183
0,09628074
-0,006693
0,09901768
0,08176059
-0,03813128
0,1138073
-0,03708566
-0,02433674
0,04599674
0,03750621
-0,002207137
0,00973934
0,08895642
-0,02247636
-0,02646083
0,04252167
-0,02036666
-0,008513659
0,06699906
0,001121599
-0,01686213
0,1109881
-0,004050124
-0,06896567
0,1211023
0,01130201
-0,145034
0,1708601
0,02027776
-0,1065949
0,2182217
-0,00309821
-0,1268892
0,1813271
-0,008833988
-0,08770686
0,1185252
0,01397317
-0,09563979
0,2370225
0,00150391
-0,1140793
0,1614044
-0,006795306
-0,09024761
0,1473244
-0,003304835
-0,02218323
0,1287477
-0,0174545
-0,03562611
0,07138387
0,01280878
0,04291267
0,1812727
-0,005013002
0,09405884
0,124282
-0,01654549
0,1246867
0,05679728
0,01102148
0,1926271
0,1487888
-0,004154458
0,09559292
0,1104444
-0,02065098
0,1533796
0,03373096
-0,01668128
0,3645561
0,03734195
-0,010304
0,1432359
0,04796251
-0,008521499
0,0284688
0,09143449
-0,003779512
0,01009793
0,07325661
-0,01663222
0,0459861
0,04287726
-0,02831835
0,1117468
0,03749523
-0,0007559767
0,1112759
0,06533044
-0,004728554
0,05411829
0,05642517
-0,005399186
0,1093333
0,02202694
0,01111274
0,08070429
0,1102752
0,00657675
0,06464141
0,1089598
0,000225061
0,03661364
0,07005475
-0,001839539
0,03277415
0,09443351
0,002089518
0,06045341
0,08296994
-0,009036453
-0,03126666
0,08923825
-0,01354472
-0,1484037
0,1221161
0,006888418
-0,1552559
0,1585722
-0,007526323
-0,1640908
0,1375909
-0,01520715
-0,1233409
0,06397804
0,01290177
-0,1811725
0,2510146
0,00776466
-0,2652225
0,2903883
-0,02044355
-0,1792458
0,09454659
-0,03313215
-0,1594161
0,08385669
-0,03129733
-0,06031276
0,09682786
-0,0385141
-0,03084243
-0,008274144
-0,05855006
-0,05239569
-0,05462071
-0,03283127
0,04459529
-0,007724765
-0,05909772
0,1271229
-0,09794872
-0,07324834
0,1516412
-0,1240291
-0,04230451
0,1490724
-0,03977979
-0,05784391
0,2209715
-0,05256234
-0,03222024
0,05644293
-0,01197622
-0,02948863
-0,03363843
0,02323482
-0,04740145
0,06239654
0,01762058
-0,03230101
-0,008417605
-0,007832344
-0,05196706
0,02131805
-0,07762185
-0,02646286
0,03051558
-0,0257689
-0,0533838
-0,01152581
-0,0923683
-0,06895249
-0,1009661
-0,06801151
-0,02883385
-0,07066214
-0,006596669
-0,04448183
0,01919691
-0,03173731
-0,03407556
0,007092377
-0,04143551
-0,04558292
-0,1360924
0,01721228
-0,05780507
-0,05711915
-0,0251541
-0,0119833
0,03494189
0,05635726
-0,01814743
-0,04677265
0,1521249
-0,005177201
-0,06296091
0,08575
-0,01114923
-0,02822502
0,122003
-0,006921745
-0,110687
0,1847244
-0,01081857
-0,05794341
0,03388717
-0,0186252
-0,04136128
0,01704563
0,004046895
0,1519192
0,05564294
-0,008281774
0,09805378
-0,03036628
-0,0009829104
0,01753827
0,02439182
0,01278631
0,01738201
0,06549318
0,02545574
0,2143666
0,1033253
-0,01948627
0,4786668
-0,1515125
0,01057554
0,1550509
0,05219105
0,03769671
0,05928575
0,2222692
0,01252192
0,02644757
0,07996947
0,001729903
-0,01333115
0,03764526
0,008650426
-0,06886255
0,08076023
0,009848814
-0,05004924
0,07694115
0,009580153
-0,08162555
0,102325
0,005502733
-0,06119671
0,06812828
0,009904034
-0,09748759
0,1088572
0,01471182
-0,09830201
0,1363848
-0,002145963
-0,02111303
0,01688724
-0,01027346
-0,1580227
0,01919364
0,002059954
-0,1157733
0,04982595
-0,004733059
-0,1241682
0,02310153
-0,02927742
-0,4577934
0,008586376
-0,005306611
-0,1762492
0,02560738
-0,002681697
0,00181518
-0,007706831
-0,01567158
-0,04264056
-0,03729871
-0,007828742
-0,04434512
-0,01174195
-0,009934121
0,0178757
-0,04052274
-0,01927463
0,01952928
-0,07550932
-0,01872463
-0,197415
0,03908265
-0,006002821
-0,09828973
0,09526433
-0,002083659
0,01007995
0,03111788
-0,00338917
-0,03630834
0,06958854
0,009024537
-0,001284925
0,09394924
0,0002225609
0,04190864
0,04612502
-0,001043949
-0,02770938
0,06516384
0,004147628
-0,06826904
0,07514884
0,004644956
-0,1956312
0,1544638
-0,00307725
-0,1127203
0,04860256
-0,02075004
-0,1241093
-0,007264117
-0,01796846
-0,147862
0,06468035
-0,00600494
-0,08891785
0,07158516
-0,01374738
-0,05751964
0,01888841
-0,008468178
-0,07165384
0,03877887
-0,01167679
-0,1801565
0,1137129
-0,0154793
-0,1157521
0,03137182
-0,01361539
-0,09517246
0,02029103
-0,005715356
-0,1863355
0,1438466
-0,004440446
-0,1364138
0,09095877
-0,008262597
-0,0959568
0,06180085
-0,00459048
-0,1027106
0,086036
-0,002446659
-0,1296193
0,1021366
-0,004802914
-0,08824815
0,05880515
-0,01173576
-0,1408338
0,06090333
-0,01220401
-0,1632297
0,0461963
-0,02337054
-0,1940454
-0,003188489
-0,030606
-0,1907959
-0,04688006
-0,03055534
-0,243779
0,0003734492
-0,03079317
-0,2673276
0,02795277
-0,0321476
-0,2375905
0,002859651
-0,02397087
-0,1665397
0,004555114
-0,03774481
-0,2314067
0,0188543
-0,03502989
-0,24309
0,05337807
-0,0296826
-0,1888177
0,04610501
-0,03030677
-0,1705751
0,03881926
-0,02676579
-0,1985701
0,1273733
-0,0182911
-0,1350882
0,09565298
-0,01299579
-0,09551943
0,1020321
-0,008729408
-0,05448347
0,06878173
-0,0107679
-0,07984963
0,08442537
-0,009494671
-0,1043961
0,1093079
-0,01226876
-0,1121562
0,08648013
-0,009527203
-0,09157993
0,07231784
-0,01213666
-0,113655
0,06273029
-0,0244875
-0,2316049
0,08017977
-0,02049482
-0,2164983
0,06617523
-0,01869227
-0,2049833
0,05326857
-0,0156755
-0,1738855
0,04568461
-0,002711386
-0,09596022
0,05468538
-0,002711386
-0,09596022
0,05468538
-0,003931695
-0,1184957
0,06278867
-0,003931695
-0,1184957
0,06278867
-0,007602834
-0,1907159
0,1060253
-0,009123926
-0,1715381
0,0747905
-0,01759199
-0,134569
-0,009114088
-0,02412422
-0,1498253
-0,02941114
-0,01897599
-0,1744478
0,02913468
0,000969075
-0,158056
0,1350998
-0,0007928762
-0,1625363
0,1240228
-0,0007928762
-0,1625363
0,1240228
0,006714904
-0,14733
0,1444835
-0,006924469
-0,2211372
0,1491879
-0,006924469
-0,2211372
0,1491879
-0,01416112
-0,3989531
0,3114714
-0,02089663
-0,4079986
0,2753558
-0,01657242
-0,2675157
0,1584835
-0,01657242
-0,2675157
0,1584835
-0,04631797
-0,3362904
0,04590868
-0,02860186
-0,1628762
-0,05804
-0,02860186
-0,1628762
-0,05804
0,006927543
0,06390391
-0,1031343
0,006546823
0,04820109
-0,04769563
0,006546823
0,04820109
-0,04769563
0,00328056
0,03697596
-0,1542032
0,007949138
0,06242324
-0,1385791
0,007949138
0,06242324
-0,1385791
0,02342951
0,09138878
-0,07139148
0,03136599
0,07088461
0,0348547
0,03814828
0,0773455
0,08271274
0,03814828
0,0773455
0,08271274
0,09091263
0,1419453
0,3051842
0,01397275
-0,1600238
0,194183
0,01397275
-0,1600238
0,194183
0,01862917
-0,248221
0,2837576
0,02863295
-0,1046459
0,1773022
0,02863295
-0,1046459
0,1773022
0,04845859
-0,02469786
0,1812724
0,01095286
-0,1978673
0,1911305
-0,009401167
-0,2798348
0,1878239
-0,009401167
-0,2798348
0,1878239
-0,001935988
-0,3887273
0,3573283
-0,0001080615
-0,225912
0,1874016
-0,0001080615
-0,225912
0,1874016
0,02920152
0,1076754
-0,1043766
0,02095015
0,1292059
-0,09970433
0,02095015
0,1292059
-0,09970433
0,01743933
0,06188176
-0,09399941
0,004543483
-0,03462261
-0,03317482
0,004543483
-0,03462261
-0,03317482
-0,01130204
-0,227368
0,1582024
-0,001922257
-0,1365296
0,09889262
0,001793353
0,03441088
-0,1017994
0,001793353
0,03441088
-0,1017994
0,0202246
0,2821312
-0,3084923
0,02229155
0,2700784
-0,2358715
0,02229155
0,2700784
-0,2358715
0,05040672
0,3178525
-0,1155221
0,009203678
0,07339302
-0,06231179
0,009203678
0,07339302
-0,06231179
-0,02266107
-0,1931531
0,06581604
-0,007812738
-0,04577607
-0,02634048
0,007514376
0,03615338
-0,005719482
0,007514376
0,03615338
-0,005719482
0,02542422
0,2137296
-0,1011055
0,02792013
0,2022391
-0,05797546
0,02792013
0,2022391
-0,05797546
-0,03922177
-0,3388737
0,2132259
-0,04135259
-0,4178662
0,2779424
-0,04135259
-0,4178662
0,2779424
-0,02787389
-0,3068241
0,2212526
-0,01653284
-0,1055346
0,02152791
-0,01653284
-0,1055346
0,02152791
-0,01489215
-0,003723024
-0,07686996
0,01496655
0,09822611
-0,008226261
0,02130679
0,06702749
0,08224203
0,02130679
0,06702749
0,08224203
0,004930113
-0,2230186
0,409266
-0,002735344
-0,1677406
0,22184
-0,002735344
-0,1677406
0,22184
0,007184336
-0,1060614
0,2193367
0,002911334
-0,05937321
0,1131494
0,002911334
-0,05937321
0,1131494
0,01767834
-0,07921016
0,2768039
0,01525095
-0,06599265
0,2273101
0,01813012
-0,01292436
0,1667461
0,01813012
-0,01292436
0,1667461
0,0375136
0,04494508
0,2304557
0,02489916
0,01560888
0,165469
0,02489916
0,01560888
0,165469
0,002467197
-0,005271735
0,009780137
0,01162117
0,05178835
-0,009685457
0,01162117
0,05178835
-0,009685457
0,03697295
0,1829847
-0,03292472
0,03707901
0,1773968
-0,02263195
0,01469231
0,0320974
0,04185699
0,01469231
0,0320974
0,04185699
0,002687017
-0,1416631
0,2530845
0,02202968
-0,06543068
0,2722529
0,02202968
-0,06543068
0,2722529
0,07285174
0,169427
0,306784
0,04173176
0,1671497
0,03125783
0,04173176
0,1671497
0,03125783
-0,02769754
-0,0695203
-0,1478143
-0,03956591
-0,1903957
-0,02155457
-0,03956591
-0,1903957
-0,02155457
-0,04049134
-0,3492265
0,2534569
-0,01278004
-0,1487201
0,09647962
-0,009068007
-0,005519962
-0,1083721
-0,009068007
-0,005519962
-0,1083721
-0,01387263
0,06458468
-0,2604029
-0,009381906
0,1218761
-0,3005438
-0,009381906
0,1218761
-0,3005438
0,02628338
0,24461
-0,2093117
0,02638226
0,1573449
-0,04914913
0,02638226
0,1573449
-0,04914913
-0,03623359
-0,2132777
0,07604033
-0,01995529
-0,1411128
0,07378677
0,004679956
-0,01458381
0,06211249
0,004679956
-0,01458381
0,06211249
0,02436344
0,1878397
-0,1167264
0,01532903
0,1270613
-0,06870379
0,01532903
0,1270613
-0,06870379
-0,001617493
0,02949369
-0,05229447
-0,002157796
0,03702466
-0,07565845
-0,002157796
0,03702466
-0,07565845
0,02025073
0,1292888
-0,04746113
0,01901028
0,119641
-0,03919806
0,01901028
0,119641
-0,03919806
0,04018968
0,14223
0,09278957
0,02843461
0,1040732
0,04572389
0,01885766
0,1031916
-0,02429958
0,01885766
0,1031916
-0,02429958
0,03780975
0,00311746
0,3283286
0,04255322
0,05185762
0,2598901
0,04255322
0,05185762
0,2598901
0,003685674
-0,01749702
0,0711567
0,01720294
0,003761224
0,1710145
0,01720294
0,003761224
0,1710145
0,04777648
-0,02925529
0,5455004
0,04209766
-0,01775253
0,4104722
0,005426325
-0,1409994
0,3138659
0,005426325
-0,1409994
0,3138659
-0,003868786
-0,06612926
0,06101451
0,0005573048
-0,02698875
0,04760574
0,0005573048
-0,02698875
0,04760574
0,00360652
-0,04131797
0,1216428
0,004388516
0,01321067
0,006927028
0,004388516
0,01321067
0,006927028
0,001003295
0,05070936
-0,07957183
-0,002611731
0,009767995
-0,01396129
-0,007750253
-0,06080577
0,08934417
-0,007750253
-0,06080577
0,08934417
-0,01284223
-0,07876087
0,08735323
-0,007963833
0,007156902
-0,04096306
-0,007963833
0,007156902
-0,04096306
0,004159118
0,06588534
0,004637844
0,004546378
0,0513662
0,05693265
0,004546378
0,0513662
0,05693265
-0,006819363
0,01036992
0,06044132
-0,008263317
0,003337615
0,04542422
-0,008263317
0,003337615
0,04542422
0,0006491647
0,06643995
0,02119308
0,0006162181
0,05126591
0,03851499
0,0008765148
0,02725748
0,07152864
0,0008765148
0,02725748
0,07152864
-0,01011529
0,01541737
-0,03673938
-0,008824163
0,02546191
-0,06348111
-0,008824163
0,02546191
-0,06348111
-0,005198649
0,01016631
-0,001796443
-0,01327076
-0,04752694
0,03444282
-0,01327076
-0,04752694
0,03444282
-0,03466582
-0,1711023
0,08305488
-0,02837412
-0,1316092
0,04832466
-0,01729883
-0,05698996
-0,001443493
-0,01729883
-0,05698996
-0,001443493
-0,004724882
0,0419301
-0,08229818
-0,007790716
0,04247558
-0,09952632
-0,007790716
0,04247558
-0,09952632
-0,02070017
0,06492179
-0,2423696
-0,02060518
0,03025691
-0,162414
-0,02060518
0,03025691
-0,162414
-0,02025775
0,0129084
-0,05314227
-0,009432601
0,02052053
0,01192276
-0,009432601
0,02052053
0,01192276
-0,03373022
-0,02083026
-0,09854452
-0,03523859
7,501772E-05
-0,1888069
-0,02850374
0,006917388
-0,1475143
-0,02850374
0,006917388
-0,1475143
-0,00741392
0,08291959
-0,09754222
-0,01471968
0,04319259
-0,1075004
-0,01471968
0,04319259
-0,1075004
-0,03680521
-0,03307284
-0,1165625
-0,03719967
-0,1155347
0,00200187
-0,02854516
-0,1209012
0,06335245
-0,02854516
-0,1209012
0,06335245
0,006809063
0,03771932
0,1320854
0,01759753
0,08114084
0,09895634
0,01759753
0,08114084
0,09895634
0,01693042
0,1220537
0,03934954
0,01696202
0,06611405
0,1215158
0,01696202
0,06611405
0,1215158
0,01023965
-0,1760227
0,5611482
0,005184175
-0,1344209
0,3649015
0,005184175
-0,1344209
0,3649015
0,01395004
-0,05338282
0,3519681
0,006999374
-0,04554775
0,241603
0,006999374
-0,04554775
0,241603
0,01174215
-0,05383982
0,3159135
0,005087301
-0,07620969
0,2559612
-0,004221112
-0,07550675
0,144613
-0,004221112
-0,07550675
0,144613
-0,01734159
-0,1306534
0,1306828
-0,01259298
-0,0956543
0,08470282
-0,01259298
-0,0956543
0,08470282
-0,008154215
-0,06057595
0,03677672
-0,006286205
-0,01732576
-0,05492318
-0,006286205
-0,01732576
-0,05492318
0,0009836443
0,1145576
-0,2524033
0,001418037
0,1020193
-0,1875519
0,002778976
0,06720597
-0,08788446
0,002778976
0,06720597
-0,08788446
0,01744755
0,1996916
-0,1599765
0,02388755
0,2695523
-0,2216967
0,02388755
0,2695523
-0,2216967
0,03384548
0,4171471
-0,333924
0,0233107
0,2427675
-0,1268203
0,0233107
0,2427675
-0,1268203
0,005237753
0,1013191
-0,01872805
-0,0005949758
0,06609625
-0,04902103
-0,0005949758
0,06609625
-0,04902103
0,0006411261
0,02141375
0,1340299
0,003603937
0,003489646
0,1500969
-0,007319998
-0,03613805
0,07731965
-0,007319998
-0,03613805
0,07731965
-0,009282585
0,0260841
-0,1114274
-0,003594213
0,04727382
-0,06159695
-0,003594213
0,04727382
-0,06159695
0,01472803
0,07562082
0,1860405
0,01280861
0,007392541
0,2726281
0,01280861
0,007392541
0,2726281
-0,0178632
-0,07891887
0,03977011
-0,01251134
-0,05953347
0,07647217
0,002522068
0,0002301526
0,1136074
0,002522068
0,0002301526
0,1136074
0,008326137
0,06359818
0,04714127
0,00348329
0,08440814
-0,06064191
0,00348329
0,08440814
-0,06064191
-0,0111939
0,05811287
-0,1288686
-0,01159247
0,02007767
-0,0645254
-0,01159247
0,02007767
-0,0645254
-0,003309696
0,036552
0,001827028
-0,002063109
0,03192853
0,003446676
-0,002570244
0,04240599
-0,030223
-0,002570244
0,04240599
-0,030223
-0,007912927
0,08787242
-0,1088872
-0,0002256812
0,08979589
-0,01142906
-0,0002256812
0,08979589
-0,01142906
0,004085102
0,07455154
0,1247737
0,004975698
0,06220082
0,08953685
0,004975698
0,06220082
0,08953685
-0,00531204
0,03164443
0,03944148
-0,003940901
0,01391436
0,02047633
-0,003940901
0,01391436
0,02047633
0,004731548
0,03170143
0,1290265
0,006211128
-0,05471244
0,306192
0,007331296
-0,08607921
0,3388352
0,007331296
-0,08607921
0,3388352
0,008772887
-0,08247266
0,3261306
0,009722386
-0,03515937
0,2094193
0,009722386
-0,03515937
0,2094193
0,00587646
-0,01360004
0,1345901
0,001602368
0,004554574
0,02364539
0,001602368
0,004554574
0,02364539
0,002926779
0,06461409
-0,06703588
0,003600051
0,07769594
-0,0510317
0,006855557
0,08664449
-0,009369017
0,006855557
0,08664449
-0,009369017
0,03334582
0,2585442
0,004601394
0,03073945
0,2598874
-0,05448965
0,03073945
0,2598874
-0,05448965
0,02743291
0,2523313
-0,06443235
0,02068583
0,2000961
-0,05168075
0,02068583
0,2000961
-0,05168075
0,02107428
0,1531577
0,04217138
0,01904192
0,1476436
-0,009777978
0,02213576
0,2454146
-0,1639352
0,02213576
0,2454146
-0,1639352
0,01493482
0,1747885
-0,09240369
0,01543772
0,1526395
-0,01332231
0,007602416
0,1013136
-0,03064851
0,004118171
0,06567075
-0,03241092
0,004118171
0,06567075
-0,03241092
0,004088857
0,0701751
-0,01836046
0,004469392
0,06108622
-0,00660648
0,004469392
0,06108622
-0,00660648
0,002723607
0,07554714
-0,03328613
0,00452284
0,06837225
-0,01390706
0,006130732
0,06440619
0,005482533
0,008140652
0,07211737
0,011763
0,008456847
0,07663653
-0,009879764
0,008456847
0,07663653
-0,009879764
0,01081722
0,07924272
0,01560065
0,01081722
0,07924272
0,01560065
0,02203856
0,1504349
0,03264392
0,0248606
0,1200484
0,1164025
0,01932685
0,08779997
0,07011009
0,01066664
0,0441951
0,04042285
0,01662391
0,02837655
0,1607411
0,01967158
0,01332443
0,2295587
0,01462983
0,01814156
0,1336541
0,01462983
0,01814156
0,1336541
0,01462078
-0,001536509
0,1727755
0,01462078
-0,001536509
0,1727755
0,02245504
0,03718862
0,2376885
0,01120301
0,03100969
0,0751923
0,01120301
0,03100969
0,0751923
0,01116155
0,05839577
0,01624954
0,01116155
0,05839577
0,01624954
0,01760803
0,1310916
-0,02643417
0,01760803
0,1310916
-0,02643417
0,02020366
0,159654
-0,01957349
0,02462163
0,1922378
0,01361789
0,02407187
0,2059165
-0,01454803
0,02042982
0,2026605
-0,04467773
0,02042982
0,2026605
-0,04467773
0,01928558
0,155662
0,03870182
0,01928558
0,155662
0,03870182
0,02084921
0,1762242
0,04603614
0,01047689
0,1151604
-0,01675395
0,01095729
0,1354807
0,002856255
0,01000303
0,1158998
0,02390608
0,01017375
0,1439724
0,003893145
0,0048445
0,1123542
-0,02752087
0,0006420834
0,0675572
-0,02502202
5,368716E-05
0,06725321
-0,02351797
-0,0005624105
0,08173008
-0,0301182
-0,0002702667
0,09965259
-0,04156977
0,001514341
0,08558044
-0,00342456
0,005622847
0,1104154
0,03541645
0,002226932
0,05171716
0,01452037
0,003012287
0,06213736
0,02342268
0,004417276
0,06852528
0,04492154
0,003815584
0,06872531
0,02747249
0,004786071
0,1126057
0,01670224
0,00690419
0,1340938
0,01959771
0,008491244
0,1275825
0,0389705
0,00699094
0,1104835
0,03765489
0,00635192
0,09685832
0,04320003
0,008875174
0,1102146
0,06590495
0,008875784
0,1287719
0,0514257
0,006925799
0,09393371
0,05368073
0,008610913
0,110216
0,08349602
0,008999078
0,1197684
0,07896995
0,007608531
0,1090409
0,06562482
0,006855889
0,09899078
0,06459269
0,01426429
0,1875698
0,1189233
0,01233101
0,1715552
0,09729423
0,00571774
0,08014184
0,04488929
0,0062829
0,08222289
0,05180823
0,004559414
0,06769116
0,0287673
0,003543874
0,05489564
0,0247699
0,008384529
0,09792928
0,07287319
0,00837459
0,05828995
0,0771074
0,005179212
-0,003774247
0,0453343
0,005945864
-0,0235069
0,06792704
0,009697036
-0,001793167
0,1012426
0,009915539
0,008604289
0,101073
0,01973653
0,04133717
0,212981
0,01585324
0,02876917
0,2148884
0,01240394
0,0378589
0,2079797
0,01614412
0,09170703
0,2826527
0,00952445
0,06133429
0,2405148
0,004202868
0,06287753
0,2728668
0,0006268211
0,03779164
0,1505917
-0,006739885
-0,02328715
0,1855405
-0,01174739
-0,06626156
0,1474404
-0,008640815
-0,01660836
0,08664291
-0,006844546
0,03460924
0,03661184
-0,007713219
0,00504655
0,02085516
-0,009276698
0,003727038
0,01494518
-0,01073795
0,06591629
0,04112845
-0,007635994
0,07108008
0,001232378
-0,01024193
0,05827058
-0,02256174
-0,007345877
0,06470021
0,0277611
-0,01055434
0,07210246
0,004754392
-0,01210381
0,1158663
-0,01640377
-0,008205849
0,08602945
0,03395491
-0,006575491
0,1504527
0,03424572
-0,006698532
0,08763326
-0,01813134
-0,00975378
0,09882621
0,02095368
-0,01234973
0,05209162
0,1369503
-0,007240511
0,06589611
0,01665243
-0,01303281
0,07766378
0,04752162
-0,02242294
0,01722019
0,1485048
-0,01483459
0,004646083
0,05913882
-0,03056674
0,04330087
0,1002459
-0,02596246
-0,01550038
0,1438882
-0,0500603
-0,07815581
0,1744906
-0,05666249
-0,1019524
0,1315856
-0,03581974
-0,03423587
0,1110381
-0,05039555
-0,02112705
0,1108418
-0,03252243
-0,02299983
0,017742
-0,05932462
-0,06207998
0,2326214
-0,04327017
0,05835336
0,2554613
-0,01725054
0,1682781
0,09536744
-0,02078666
0,1637007
0,1546566
-0,01884691
0,1167432
0,08355764
-0,02769894
0,09444893
0,002119926
-0,02627165
0,02803809
-0,009802059
-0,02866521
0,01752042
-0,01431591
-0,03483944
-0,007573158
-0,04802138
-0,0343712
-0,0052558
-0,08598375
-0,03951105
0,01779774
-0,04370936
-0,04950809
0,05299746
-0,09047757
-0,03953074
0,03371216
-0,1033254
-0,04031504
0,000765964
-0,166003
-0,04213466
-0,002134304
-0,2074014
-0,04915698
-0,1015191
-0,128047
-0,06755325
-0,1763332
-0,2614084
-0,03919255
-0,1582441
-0,09876098
-0,04347735
-0,166532
-0,2105199
-0,03824563
-0,04408138
-0,02998881
-0,0240167
-0,03701119
0,1587112
-0,04609798
-0,1551805
-0,03399979
-0,02709327
-0,09684289
-0,1446624
-0,04344256
-0,1455778
-0,07872538
-0,0255654
0,2004111
0,01608712
-0,009759123
0,1287879
0,2197236
-0,0134987
0,1350751
0,3161846
0,0003277935
0,1331843
0,1787303
-0,005860342
0,02852663
0,09863966
-0,0002125707
0,01177085
-0,1002717
-0,007191647
-0,004130236
0,04956167
-0,01342621
0,06501973
0,121354
-0,01056613
0,03287577
0,08794645
-0,01297101
-0,01634728
0,02969145
-0,01546206
0,06878571
0,001101973
-0,01166934
0,09521382
-0,01355482
-0,01669042
0,1356083
-0,05398074
-0,01466733
0,08264421
-0,09352481
-0,02289423
0,04633109
-0,1566085
-0,03270715
-0,01226926
-0,1544405
-0,02796052
-0,07068124
-0,1057551
-0,03918776
-0,0964055
-0,01034671
-0,05827567
-0,1745613
0,1503223
-0,03363656
-0,1251323
0,0485505
-0,02950831
-0,08347901
0,04582525
-0,02668727
-0,0774186
0,1177676
-0,02901603
-0,09499054
0,04890259
-0,03034605
-0,07255968
0,1202381
-0,01819784
-0,08749861
0,05172424
-0,008707944
-0,06626419
-0,04977864
-0,004019315
-0,009265195
-0,01748298
-0,003505903
-0,02665647
0,05464893
0,008179414
0,002417999
0,07653727
0,01389981
0,0242771
0,003776751
0,02822674
0,08362831
-0,0629981
0,01871633
0,006044415
-0,09246235
0,02392942
0,1086272
-0,1006722
0,00723101
0,08439911
0,1056643
0,002609978
0,04999596
0,0804851
0,003366526
0,06862253
0,01227053
0,0008846773
0,03398744
-0,04430024
0,002574639
0,04271419
-0,06080251
0,002272492
0,08992679
0,06732003
0,002951615
0,05893962
0,06742813
0,006779411
0,08985657
0,03783946
0,009438748
0,1457577
0,06035715
0,003107595
0,06780025
0,08263493
-0,003080591
0,0001432705
0,0931107
0,0003906273
-0,0002053028
0,02379013
-0,002847587
-0,04828734
0,03758916
0,01016221
0,04665653
-0,06128886
0,008547977
0,03957556
-0,05359524
0,0003377563
-0,03989498
0,09855453
0,005963937
0,01072718
0,06417673
0,01425453
0,002151265
0,05918108
0,02564466
0,02631123
-0,04185559
0,02552483
0,0265739
-0,08599345
0,02624186
0,02180743
0,03872403
0,01858211
-0,05120805
0,1148978
0,02306688
-0,02118416
0,1797608
0,03155637
-0,004723731
0,09620745
0,02253748
0,05267024
0,08356117
0,0252794
0,03007505
0,1577685
0,01598445
0,03459499
0,05903301
0,01603789
0,06284104
0,05839199
0,01831222
0,05177469
0,02486369
0,006296441
0,01827079
0,09433093
-0,001949931
-0,01171484
0,1848425
0,003081407
0,01569073
0,1236287
0,006906493
0,02349754
0,09993611
0,01725591
0,07864483
0,008236189
0,01195643
0,05468038
-0,003657331
0,000450821
-0,04124531
0,07659243
4,720859E-05
0,007345105
0,0993764
-0,002888272
0,02401531
0,07801017
0,0001744978
0,0765379
0,0319238
0,004230891
0,08265052
-0,03334299
0,0204569
0,1685549
-0,1832385
0,02210898
0,1626146
-0,2515149
0,01659562
0,1582693
-0,1999533
0,01922359
0,1680492
-0,2307205
-0,009366905
-0,005294248
-0,01445561
-0,006985018
-0,09761917
-0,0484777
0,006144644
-0,04687176
-0,05393198
0,005702876
0,005875077
-0,06985026
0,009504417
-0,01584144
-0,03535404
0,003735714
-0,003071427
0,0005567744
-0,01182658
-0,07344112
0,04546198
0,004875269
-0,0885934
0,1235462
0,001522713
-0,1196031
0,1905628
-0,004922117
-0,2047433
0,2462295
-0,007800481
-0,2377632
0,2465206
-0,008369232
-0,2739649
0,2504092
-0,01158666
-0,3189304
0,32538
-0,01773292
-0,3368496
0,3306703
-0,01971197
-0,4047523
0,2859266
0,0134948
-0,1177635
0,1681932
0,008446086
-0,01537778
0,1262103
0,0004751626
-0,02723093
0,1569844
0,007775813
0,0005047545
0,02697014
0,01726162
-0,02926339
0,06419624
0,008163777
0,004079504
0,009548631
0,0128961
0,003216275
0,001994848
0,005348427
0,003472855
-0,002710301
-0,002499467
-0,005271511
-0,03256665
-0,009645357
-0,02891013
-0,0336976
-0,0035773
-0,01563621
-0,09158023
-0,002465118
-0,002058186
-0,07570332
-0,006657195
-0,03143125
-0,05647548
-0,006559263
-0,03483414
-0,04285683
-0,02330539
-0,1614766
-0,05552509
-0,01850179
-0,1680634
-0,08469158
-0,01095133
-0,1261428
-0,08721446
-0,01847529
-0,1867508
-0,07972908
-0,02475159
-0,2089413
-0,01840132
-0,02902034
-0,2531609
-0,01329277
-0,02604092
-0,2910698
-0,05361841
-0,01683793
-0,1996104
-0,01506816
-0,01807845
-0,1844229
0,03034078
-0,01071991
-0,1539719
0,009046776
-0,009921189
-0,1907326
-0,01576474
-0,01370781
-0,2331682
0,008930634
-0,01503354
-0,212255
0,03307424
-0,01875468
-0,2581965
0,02180693
-0,01884949
-0,2714365
0,02723754
-0,01308982
-0,2019936
0,01880095
-0,008296532
-0,1694278
0,006800974
-0,01214127
-0,1523694
0,05968502
-0,01399507
-0,1408709
0,1075527
-0,006877559
-0,1016143
0,08668696
-0,004341069
-0,09166752
0,07818259
-0,004530479
-0,08674197
0,06160812
-0,01377134
-0,1389487
0,09426662
-0,01666443
-0,1809788
0,05826506
-0,01454667
-0,1714141
0,03263567
-0,01454666
-0,1424234
0,01259054
-0,01316715
-0,1284492
0,01492382
-0,01549412
-0,1315251
0,01487404
-0,01763958
-0,1328061
0,0186558
-0,01882061
-0,1269764
0,01872024
-0,01882061
-0,1269764
0,01872024
-0,02273366
-0,1481355
0,0127825
-0,02273366
-0,1481355
0,0127825
-0,01920087
-0,128038
0,01091147
-0,02385005
-0,1363616
0,04132461
-0,03193782
-0,1783963
0,06873976
-0,03256673
-0,1858609
0,07093541
-0,03256331
-0,1952631
0,070382
-0,02768413
-0,1673561
0,06926829
-0,03833418
-0,2297564
0,1142953
-0,03389173
-0,222153
0,1205301
-0,03389173
-0,222153
0,1205301
-0,01947415
-0,1479796
0,09382515
-0,02271086
-0,1676069
0,08555856
-0,0338924
-0,2233204
0,1497775
-0,02515949
-0,1732882
0,1422543
-0,01702226
-0,1331214
0,1225226
-0,01702226
-0,1331214
0,1225226
-0,01938524
-0,1798719
0,1591616
-0,01018191
-0,1375228
0,1252568
-0,01018191
-0,1375228
0,1252568
-0,01104571
-0,1180537
0,1123111
-0,007226358
-0,1018507
0,09920674
0,003425763
-0,05628488
0,07809573
0,001353218
-0,06578945
0,09865138
-0,004359611
-0,07528601
0,1213762
-0,004359611
-0,07528601
0,1213762
-0,005671014
-0,08491379
0,1433892
-0,0008014762
-0,06541172
0,1258148
-0,0008014762
-0,06541172
0,1258148
0,004577319
-0,03359681
0,1139287
0,004748842
-0,02182907
0,1199241
0,004748842
-0,02182907
0,1199241
-0,01577846
-0,07836054
0,1996608
-0,01892694
-0,08959875
0,2042854
-0,02228253
-0,09839384
0,2045014
-0,02228253
-0,09839384
0,2045014
-0,01630462
-0,09955872
0,1789128
-0,002928049
-0,06815612
0,1166794
-0,002928049
-0,06815612
0,1166794
0,006658572
-0,04490476
0,08773841
0,002204285
-0,052159
0,094105
0,002204285
-0,052159
0,094105
-0,01179335
-0,1081569
0,118009
-0,02036606
-0,1390841
0,1151081
-0,02036606
-0,1390841
0,1151081
-0,01400784
-0,1055199
0,1310593
-0,005326254
-0,07219331
0,1008983
0,005321088
-0,04143365
0,07750498
0,005321088
-0,04143365
0,07750498
0,02245479
0,01500625
0,03950819
0,01418047
0,00542903
0,07008117
0,01418047
0,00542903
0,07008117
0,00478215
-0,002667984
0,1257721
0,01052485
0,01529284
0,1090905
0,01052485
0,01529284
0,1090905
0,02490211
0,0471455
0,06186251
0,03129862
0,06098016
0,03476618
0,02530272
0,04948815
0,04352313
0,02530272
0,04948815
0,04352313
0,01882009
0,02697922
0,05376637
0,01853405
0,01771713
0,03233406
0,01853405
0,01771713
0,03233406
0,02400126
0,04447348
0,02444142
0,00771629
-0,01991331
0,03322369
0,00771629
-0,01991331
0,03322369
-0,005618254
-0,04600065
0,0854586
0,001743646
-0,02012962
0,07072938
0,001743646
-0,02012962
0,07072938
-0,0111822
-0,09371357
0,06012444
-0,009098269
-0,08385506
0,05736271
-0,01182084
-0,09010089
0,06014594
-0,01182084
-0,09010089
0,06014594
-0,03277514
-0,1402483
0,1284914
-0,008812996
-0,04560469
0,1146085
-0,008812996
-0,04560469
0,1146085
-0,0004050183
-0,04225441
0,09647328
0,01022728
-0,01272093
0,07414482
0,01022728
-0,01272093
0,07414482
0,03482952
0,02689482
0,02957411
0,0239928
-0,007563133
0,05049108
0,01818295
-0,02453373
0,07056226
0,01818295
-0,02453373
0,07056226
0,08232968
0,1268695
-0,08687943
0,09843746
0,1720337
-0,1481232
0,09843746
0,1720337
-0,1481232
0,1930849
0,3781408
-0,3162965
0,1584479
0,2989538
-0,2637343
0,1584479
0,2989538
-0,2637343
0,1315035
0,198165
-0,1420664
0,1151297
0,1914985
-0,06951047
0,1151297
0,1914985
-0,06951047
0,1067938
0,2087267
-0,1274749
0,1264347
0,2561014
-0,1789625
0,08022209
0,1466078
-0,06517602
0,08022209
0,1466078
-0,06517602
0,01209
0,03444986
0,2152569
-0,00161331
-0,00448244
0,2428303
-0,00161331
-0,00448244
0,2428303
0,01062092
0,01579315
0,1634915
0,01398576
0,01007028
0,09976278
0,01398576
0,01007028
0,09976278
0,001941955
-0,01542684
0,1495614
-0,04134171
-0,1074299
0,296206
-0,07070513
-0,1958091
0,3575756
-0,07070513
-0,1958091
0,3575756
-0,1036128
-0,2406935
0,479127
-0,08404641
-0,2080279
0,3706757
-0,08404641
-0,2080279
0,3706757
-0,03219682
-0,07776291
0,2254517
-0,02252381
-0,0578155
0,1379702
-0,02252381
-0,0578155
0,1379702
-0,03455913
-0,08757289
0,1716503
-0,03031039
-0,08829261
0,1470113
-0,02182253
-0,07336684
0,09764069
-0,02182253
-0,07336684
0,09764069
-0,01676542
-0,06489036
0,05806169
-0,01263677
-0,04709862
0,0477808
-0,01263677
-0,04709862
0,0477808
-0,02852744
-0,08510968
0,09204507
-0,02511753
-0,06206724
0,09262465
-0,02511753
-0,06206724
0,09262465
-0,03317905
-0,0750142
0,1166794
-0,02700367
-0,0605326
0,09713097
-0,02700367
-0,0605326
0,09713097
-0,008437518
-0,02313376
0,02743939
-0,01019676
-0,02322103
0,03592347
-0,01719213
-0,03197324
0,06621031
-0,01719213
-0,03197324
0,06621031
-0,01875769
-0,01757517
0,09233047
-0,0132321
-0,01119106
0,07106308
-0,0132321
-0,01119106
0,07106308
-0,01315285
-0,01215033
0,06969952
-0,01499698
-0,0142738
0,07704701
-0,01499698
-0,0142738
0,07704701
-0,008498779
0,005730768
0,06621561
-0,005512219
0,01127533
0,05791023
-0,004211432
0,007433574
0,04940037
-0,004211432
0,007433574
0,04940037
0,003334622
0,009051887
0,01531583
0,007485196
0,009097447
-0,006464122
0,007485196
0,009097447
-0,006464122
0,01269696
0,01478303
-0,02442888
0,007322679
9,964044E-07
-0,01048417
0,007322679
9,964044E-07
-0,01048417
0,01150648
-0,009764694
-0,03762382
0,01562187
-0,01495442
-0,06754453
0,01562187
-0,01495442
-0,06754453
0,01313768
-0,01058071
-0,04627062
0,01288181
0,0003271862
-0,004054174
0,006371676
0,01382585
0,04752592
0,006371676
0,01382585
0,04752592
0,02958264
0,07640125
-0,002401735
0,0319715
0,07478452
-0,02212233
0,0319715
0,07478452
-0,02212233
0,04651855
0,1080175
-0,05113836
0,0361228
0,08222736
-0,02250447
0,0361228
0,08222736
-0,02250447
0,03835209
0,08803508
-0,01108481
0,03962043
0,08477655
-0,02752101
0,0295663
0,05574679
-0,006797208
0,0295663
0,05574679
-0,006797208
0,05760733
0,1167006
-0,0364587
0,0590377
0,1175348
-0,02258066
0,0590377
0,1175348
-0,02258066
0,06730483
0,1452245
-0,02917833
0,08720516
0,1479062
-0,1623653
0,08720516
0,1479062
-0,1623653
0,08593463
0,07024217
-0,1896959
0,04323078
0,006332351
-0,03271217
0,04323078
0,006332351
-0,03271217
0,01334894
-0,04168955
0,0664237
0,01546943
-0,01734335
0,03456978
0,02151631
-0,02129073
0,1349397
0,02151631
-0,02129073
0,1349397
0,003437979
-0,02041928
0,2339752
-0,01619233
-0,04907696
0,2383912
-0,01619233
-0,04907696
0,2383912
-0,007322147
-0,0005075893
0,1471667
-0,007322147
-0,0005075893
0,1471667
-0,05912439
-0,1474257
0,2552057
-0,04509771
-0,1026454
0,1935859
-0,03419759
-0,04218053
0,1673465
-0,03419759
-0,04218053
0,1673465
-0,01141188
0,01466051
0,09337471
-0,01155167
-0,001975652
0,07155691
-0,01155167
-0,001975652
0,07155691
-0,01211116
-0,0160803
0,05447585
-0,009367713
-0,01468808
0,04002121
-0,009367713
-0,01468808
0,04002121
-0,006164111
-0,009045715
0,02697811
-0,005896159
-0,0010604
0,03345386
-0,005896159
-0,0010604
0,03345386
-0,003187721
0,01588359
0,04521775
-0,001136702
0,02111792
0,0479409
0,00249411
0,03185364
0,04733212
0,00249411
0,03185364
0,04733212
0,01005607
0,0446853
0,02917108
0,009947251
0,0563411
0,04335467
0,009947251
0,0563411
0,04335467
0,015179
0,08700034
0,05492109
0,02334133
0,08876482
0,01338908
0,02334133
0,08876482
0,01338908
0,03475596
0,1018819
-0,01079826
0,03063976
0,08654458
-0,001551431
0,02890689
0,08672273
0,02153766
0,02890689
0,08672273
0,02153766
0,03044485
0,08707923
0,01824115
0,03545719
0,09277008
0,01479326
0,03545719
0,09277008
0,01479326
0,06290432
0,1285175
-0,06906676
0,0546999
0,1032478
-0,05368216
0,0546999
0,1032478
-0,05368216
0,06556474
0,1636623
0,01973202
0,05326006
0,1682804
0,05796341
0,06510424
0,220758
0,04342811
0,07884201
0,2843906
0,03192027
0,06211507
0,2228935
0,05036747
0,06211507
0,2228935
0,05036747
0,03514965
0,1261326
0,1341198
0,0367471
0,1264509
0,1009854
0,03757774
0,1131062
0,06802591
0,0275434
0,1205342
0,1402714
0,01182252
0,119187
0,245383
0,01068737
0,1018471
0,2053505
0,01068737
0,1018471
0,2053505
0,03993822
0,1393835
0,08049191
0,03118929
0,1177768
0,1298533
0,03197757
0,1350223
0,1494473
0,03584738
0,1104529
0,08827919
0,03116894
0,08976539
0,03138333
0,02712662
0,09889916
0,06979328
0,02152201
0,1069715
0,08287827
0,02697288
0,1610712
0,0597517
0,03409778
0,2289832
0,04843494
0,01789816
0,1917998
0,07320857
0,01652477
0,1189967
0,01264321
0,01423351
0,08622223
-0,01148719
0,009453083
0,0874376
0,003647051
0,00565202
0,1043715
0,0263389
0,01069331
0,1178424
0,01007557
0,01226519
0,136413
0,01488623
0,0108484
0,1270719
0,02102474
0,01480336
0,1339755
0,01270257
0,01526443
0,1217346
0,01090973
0,03627057
0,1720706
-0,04536288
0,03324556
0,1315691
-0,04890203
0,01244988
0,07956243
0,008749721
0,01019096
0,0990719
0,03811514
0,01094033
0,07711662
0,02003925
0,0097398
0,08014723
0,03068104
0,003276791
0,08926278
0,06904773
0,002397281
0,1005082
0,08058093
0,006821711
0,09900277
0,06281829
0,005445067
0,08766805
0,05899994
0,005402778
0,1101184
0,0748807
0,006049918
0,1149936
0,0756337
0,008948735
0,2034628
0,1467098
0,004669798
0,1718846
0,141887
0,001774111
0,1565881
0,1406792
0,0005476064
0,1380557
0,126305
0,00299222
0,2199767
0,201899
0,001714887
0,1698454
0,1615227
0,01421973
0,261002
0,1921599
0,008332255
0,221832
0,1552569
-0,0077645
0,2199872
0,2177861
0,01381445
0,26402
0,1692643
0,02419577
0,2079453
0,06047634
0,0001629483
0,2532093
0,2006449
0,002286359
0,1264053
0,09302851
0,01029113
0,1381689
0,06326986
-0,009164236
0,1273694
0,125316
-0,0193966
0,08712851
0,134542
-0,02786851
0,1016262
0,1568206
-0,04715674
0,03135358
0,2110803
-0,04579823
0,03612495
0,202686
-0,03686874
-0,01459543
0,159648
-0,05543052
0,01236536
0,2311091
-0,07350433
-0,1137839
0,2481972
-0,03791496
-0,08462659
0,1135255
-0,0866225
-0,1996476
0,2298358
-0,1147688
-0,2088876
0,3056937
-0,0461348
-0,07221828
0,1159416
-0,0721779
-0,1130099
0,1764808
-0,08183023
-0,08002052
0,2253679
-0,05968295
-0,04549763
0,1529637
-0,04778198
-0,02928952
0,1181858
-0,04943432
0,0256431
0,05545533
-0,04241299
0,04883886
0,08760925
-0,01315845
0,01440342
0,06781933
-0,002382614
0,01316306
0,02333091
-0,001865126
0,01618626
0,04197602
-0,005802706
0,01136786
0,02063583
-0,01225995
0,01898825
0,03591256
-0,0124113
0,02355085
0,04453909
-0,01223135
0,01171292
0,02822816
-0,01151216
0,01485117
0,03187536
-0,01085364
0,007674523
0,01973404
-0,00352709
0,01280526
0,02511521
-0,02747058
0,02510969
0,06303416
-0,01614733
0,01209112
0,03470322
-0,007249311
0,0115868
0,02817592
-0,0181179
0,00715746
0,0292801
-0,001061291
0,01035325
0,02309844
0,02899468
-0,007228792
-0,01304494
-0,0216614
-0,08653454
-0,06839537
-0,0264818
-0,0580006
-0,1220809
0,01594648
-0,02281229
-0,1680908
0,03773335
0,005687593
-0,1715404
0,03643162
0,001848684
-0,1534621
0,04443575
-0,02789644
-0,182533
0,07612342
-0,06063135
-0,2662325
0,08330037
-0,01102679
-0,2600986
0,04947936
-0,08554623
-0,1157701
0,05940015
-0,08617219
-0,07474688
0,03983966
0,009806496
-0,008179653
-0,03001896
-0,04847195
0,2110887
-0,01130989
0,009895106
0,2021212
-0,007806607
0,0451023
0,1673396
-0,08355724
-0,002961017
0,4193024
-0,05296679
0,01643378
0,2853025
-0,01267174
0,1838331
0,2107236
-0,04621198
0,1535182
0,2814512
-0,04517701
0,06263212
0,210299
-0,03612619
0,09724653
0,1830453
-0,01653121
0,006171604
0,07373583
-0,02294605
-0,01088989
0,08578689
-0,0170071
-0,0159903
0,06535965
-0,01254781
-0,03975475
0,04056697
-0,02018707
-0,08501796
0,04672073
-0,02624979
-0,07901717
0,05852774
-0,02035499
-0,08975987
0,02952202
-0,0432831
-0,1419244
0,07539299
-0,03171036
-0,1214363
0,05056372
-0,0009959212
-0,08417503
-0,03093039
-0,01402483
-0,09798289
0,007032692
-0,05448679
-0,2108026
0,09241597
-0,009428436
-0,1168849
0,04051505
-0,04489254
-0,2037733
0,05437994
-0,01536033
-0,1450298
0,03437096
-0,01099785
-0,1067712
0,03643737
-0,01901793
-0,07345992
0,04041566
-0,02012753
-0,08521777
0,05201575
-0,02316281
-0,05316192
0,04270631
-0,007728815
-0,067884
0,03457339
-0,02223267
-0,1681635
0,0726538
-0,01246504
-0,1498849
0,05907822
0,5999592
-0,8680059
-0,06672999
-0,06569991
-0,06750685
0,06472096
-0,06235911
-0,04470986
0,06042486
-0,04573499
-0,02221733
0,0519498
-0,04079412
-0,02275962
0,0404292
-0,03606671
-0,02048784
0,03511024
-0,02368423
-0,01358628
0,01750687
-0,02969766
-0,01719487
0,02387053
-0,03353745
-0,01937568
0,03907487
1,318669
-1,357322
0,05775702
1,297354
-1,411093
-0,0113031
1,298005
-1,47661
0,0349482
1,277008
-1,459237
0,01964027
1,249847
-1,445226
-0,0288806
1,257651
-1,47436
-0,01119876
1,254141
-1,47676
-0,02838171
1,194679
-1,418638
-0,09788582
1,111915
-1,346522
-0,1927606
1,076847
-1,272687
-0,2289226
1,047007
-1,198811
-0,3529328
1,016791
-1,182131
-0,4502938
0,9700471
-1,131377
-0,5198064
0,359846
-0,8759315
-0,3596947
0,2594095
-0,7481859
-0,2013411
0,2008798
-0,4665314
-0,1236271
0,08682746
-0,02058198
-0,0143692
0,01650107
-0,04243615
0,08580251
0,00113491
-0,04644425
0,08537851
0,01808187
-0,07825106
0,1296707
-0,02580018
-0,1123861
0,2178182
-0,06521194
-0,1185124
0,2728576
-0,0638186
-0,1264529
0,251568
-0,02708828
-0,1257208
0,1760958
-0,003857172
-0,2039429
0,1227801
0,01756593
-0,2334421
0,06831
0,05951724
-0,1919966
-0,05131392
0,09286371
-0,2562221
-0,1074399
0,08353167
-0,2494611
-0,1185349
0,03174238
-0,2066641
-0,01216676
0,006532694
-0,1256812
0,05648898
0,001107572
-0,03538917
0,049441
0,001107572
-0,03538917
0,049441
-0,01432008
0,002017363
0,09430991
-0,01432008
0,002017363
0,09430991
-0,06431933
-0,008422956
0,2803418
-0,05541816
-0,04353882
0,2318686
-0,03650487
-0,04180544
0,1704873
-0,02422444
-0,05460291
0,132276
-0,02422444
-0,05460291
0,132276
-0,03809372
-0,1449105
0,1626838
-0,03226801
-0,1262674
0,1420284
-0,03640515
-0,1155582
0,1587784
-0,01937404
-0,05831411
0,09252513
-0,01937404
-0,05831411
0,09252513
-0,03593689
-0,08992671
0,151255
-0,03304221
-0,09244091
0,1420136
-0,03807377
-0,09571105
0,1541897
-0,03807377
-0,09571105
0,1541897
-0,04762507
-0,08427086
0,1820308
-0,04762507
-0,08427086
0,1820308
-0,05706037
-0,06365848
0,2197914
-0,07182387
-0,09070481
0,2922986
-0,02586985
-0,1078117
0,1609446
-0,002927479
-0,06294832
0,08401431
-0,002927479
-0,06294832
0,08401431
-0,00910414
-0,06061468
0,1058209
-0,009538846
-0,07203435
0,09917317
-0,009538846
-0,07203435
0,09917317
-0,004409407
-0,1403756
0,06337913
0,01779679
-0,2139427
0,02868623
0,01779679
-0,2139427
0,02868623
0,03484601
-0,2035162
-0,005969408
0,01200233
-0,1391178
0,03071672
0,01200233
-0,1391178
0,03071672
-0,003230941
-0,1913768
0,04981026
0,004694498
-0,2353915
0,002118588
0,009664735
-0,1384975
-0,01606111
0,009664735
-0,1384975
-0,01606111
0,02573656
-0,2745569
-0,04404094
0,002051944
-0,2176028
0,02988748
0,002051944
-0,2176028
0,02988748
-0,03145656
-0,2024789
0,09752157
-0,02815109
-0,2546833
0,05408992
-0,02815109
-0,2546833
0,05408992
-0,01711692
-0,2768619
0,0206246
-0,03020668
-0,2678738
0,04921851
-0,02060683
-0,1907661
0,04111157
-0,02060683
-0,1907661
0,04111157
-0,01119961
-0,175678
0,04639506
0,02437521
-0,1729328
0,009753481
0,02437521
-0,1729328
0,009753481
0,01738692
-0,1652333
0,02103334
-0,001589131
-0,115075
0,04457578
-0,001589131
-0,115075
0,04457578
-0,01574803
-0,08797743
0,1096124
0,0350299
0,01074361
0,1126796
0,04398746
0,04769832
0,138602
0,04398746
0,04769832
0,138602
-0,02999736
0,1989885
0,3200285
0,02160781
0,2036111
0,2322087
0,02160781
0,2036111
0,2322087
0,04301947
0,3737264
0,1687216
0,0660643
0,395869
0,1138741
0,0660643
0,395869
0,1138741
0,0456215
0,3062055
0,08728272
0,03715194
0,2861292
0,08970243
0,03715194
0,2861292
0,08970243
0,04502214
0,3278964
0,07577033
0,05407938
0,3905029
0,07629628
0,05317874
0,3705241
0,05888832
0,05317874
0,3705241
0,05888832
0,1234233
0,5443462
-0,03660021
0,06856495
0,2866717
-0,0321883
0,06856495
0,2866717
-0,0321883
-0,007009059
0,1857629
0,1048471
-0,0328189
0,122049
0,1429223
-0,0328189
0,122049
0,1429223
-0,004302153
0,005596389
0,02773401
0,01283607
-0,05589071
-0,04154641
0,009946516
-0,09088854
-0,05136774
0,009946516
-0,09088854
-0,05136774
-0,006993277
-0,04601604
0,008962594
-0,001047139
-0,02180934
0,004768985
-0,001047139
-0,02180934
0,004768985
0,01708783
-0,05942222
-0,05396703
-0,01263932
-0,07661605
0,003531637
-0,01263932
-0,07661605
0,003531637
-0,03493472
-0,08215476
0,04980373
-0,03153894
-0,05050834
0,05411232
-0,00624068
-0,007786857
0,01217593
-0,004828584
-0,002868011
0,01086023
-0,005648501
-0,001704729
0,01305143
-0,005648501
-0,001704729
0,01305143
0,00214077
0,0346571
0,01297873
-0,001280728
0,02669324
0,01807091
-0,001280728
0,02669324
0,01807091
-0,007290754
0,01134364
0,02528001
-0,009887899
0,01554154
0,0350519
-0,009887899
0,01554154
0,0350519
-0,01509967
0,009513631
0,04630316
-0,008015283
0,01347285
0,03285211
-0,006557126
0,0103556
0,02780623
-0,006557126
0,0103556
0,02780623
-0,006892802
0,001642934
0,0272381
-0,007685724
-0,00581216
0,02734446
-0,007685724
-0,00581216
0,02734446
-0,019578
-0,03170506
0,05067949
-0,03369064
-0,05920232
0,07552861
-0,03369064
-0,05920232
0,07552861
-0,03564342
-0,08340837
0,07421739
-0,04262836
-0,1111234
0,07826891
-0,04262836
-0,1111234
0,07826891
-0,1246148
-0,2558728
0,2360894
-0,1164736
-0,2164062
0,2294901
-0,06431067
-0,1524211
0,127302
-0,06431067
-0,1524211
0,127302
-0,02492252
-0,1040656
0,04932767
-0,03079224
-0,1135634
0,05587883
-0,03079224
-0,1135634
0,05587883
-0,06799775
-0,150455
0,1277997
-0,05431852
-0,1338503
0,09689029
-0,05431852
-0,1338503
0,09689029
-0,01533906
-0,1075996
0,02561472
-0,00610471
-0,08610899
0,02315195
-0,001259476
-0,06176696
0,02680706
-0,001259476
-0,06176696
0,02680706
-0,02659589
-0,057073
0,057178
-0,006489478
-0,04088147
0,03873535
-0,006489478
-0,04088147
0,03873535
0,03547188
0,005508273
-0,02429461
0,02521658
0,001661102
0,001219233
0,02521658
0,001661102
0,001219233
0,004640748
-0,02160062
0,04353818
0,008650069
-0,01963798
0,03686742
0,008650069
-0,01963798
0,03686742
0,04164928
0,04164355
0,00817964
0,05048574
0,04169393
-0,01735095
0,0282656
0,01747317
0,01622706
0,0282656
0,01747317
0,01622706
-0,0394145
-0,02237292
0,1579712
-0,02077246
-0,002542542
0,1268729
-0,02077246
-0,002542542
0,1268729
0,05892852
0,06687284
-0,009286467
0,04013383
0,04332059
0,01593169
0,04013383
0,04332059
0,01593169
-0,005893049
0,002868359
0,1104144
0,003830791
0,01334645
0,09610042
0,03744673
0,02513744
0,02730794
0,03744673
0,02513744
0,02730794
0,1152231
-0,006998119
-0,1077907
0,03862342
-0,04472202
0,03463913
0,03862342
-0,04472202
0,03463913
-0,1031678
-0,2134554
0,321593
-0,02817306
-0,1574596
0,1707719
-0,02817306
-0,1574596
0,1707719
0,1252704
-0,01193187
-0,07906029
0,06537995
0,009180855
-0,02374736
0,06537995
0,009180855
-0,02374736
0,1009641
0,05383149
0,009810243
0,0889878
0,06196942
0,02626747
0,05405917
0,100133
0,1298583
0,05405917
0,100133
0,1298583
-0,0128231
0,1577604
0,3536861
0,01503263
0,1489682
0,2673685
0,01503263
0,1489682
0,2673685
0,1492723
0,2154511
-0,01184351
0,1820176
0,2994887
-0,06180011
0,1820176
0,2994887
-0,06180011
0,1762608
0,3937978
0,0003929252
0,1857891
0,387441
-0,02829812
0,22358
0,454175
-0,0774603
0,22358
0,454175
-0,0774603
0,02569775
0,2278478
0,2544158
0,002985125
0,1687952
0,2027301
0,002985125
0,1687952
0,2027301
0,04712165
0,2257966
0,1243985
0,0245106
0,2065872
0,1010773
-0,03469973
0,3075077
0,2583965
-0,08573036
0,3363251
0,3622885
-0,07327042
0,273474
0,2855373
-0,07166629
0,2947778
0,2786577
-0,1467354
0,2087256
0,3703949
-0,2042875
0,1830661
0,4897075
-0,3253155
0,1483926
0,6992563
-0,5846345
0,3014973
1,253315
-0,5724238
0,4471653
1,220697
closestDistance
0,2313842
0,2253416
0,2177295
0,2112971
0,2074576
0,2079996
0,2039863
0,2004518
0,2030393
0,2009898
0,1947808
0,1906671
0,1847697
0,1806726
0,1793468
0,1793493
0,1818784
0,185863
0,1875502
0,1848259
0,1791449
0,1757563
0,1670863
0,158744
0,1526733
0,1458957
0,1418764
0,1340948
0,1404531
0,1310215
0,1279504
0,1393458
0,1189282
0,114585
0,1118719
0,1111493
0,1407101
0,1102162
0,1087318
0,1068901
0,1057709
0,1336527
0,1311287
0,1083037
0,1066515
0,1051614
0,1017955
0,09845623
0,0994304
0,0948121
0,09584866
0,0869972
0,1028076
0,101291
0,1002425
0,09694649
0,09963159
0,09817511
0,09624581
0,09086676
0,0987865
0,09508978
0,09337184
0,09128589
0,08728745
0,08450726
0,08103482
0,07994441
0,07627498
0,07253689
0,06921658
0,06519198
0,06594501
0,06621323
0,06564339
0,0625485
0,0608197
0,05797341
0,05610551
0,05563775
0,05454358
0,05115546
0,04917212
0,05128261
0,05402559
0,05544068
0,05448144
0,05279422
0,05081875
0,05536214
0,05798625
0,04673997
0,06273372
0,04629074
0,04604606
0,05294194
0,07632026
0,07315384
0,06886668
0,07361021
0,07919043
0,05934751
0,07539932
0,07880748
0,08593828
0,0868206
0,08595044
0,08955529
0,08433356
0,0882873
0,09345309
0,09403381
0,0993387
0,09435163
0,09763995
0,1076277
0,1116719
0,09157426
0,09338085
0,09438218
0,0946071
0,09520768
0,09623764
0,09856656
0,09552522
0,09713716
0,09957702
0,1021529
0,1046044
0,1066205
0,09945212
0,1012148
0,1024594
0,103752
0,1055629
0,1041277
0,1075406
0,09965946
0,1020135
0,09223824
0,09257285
0,09963243
0,09480537
0,09495174
0,09263397
0,09420317
0,09654924
0,09547853
0,09807522
0,0978914
0,07561915
0,0808113
0,09333329
0,09621958
0,09797873
0,1000419
0,1020321
0,09492359
0,08913434
0,09098627
0,08721359
0,08513979
0,09775969
0,09196869
0,09376322
0,09496087
0,0884121
0,08906403
0,09044586
0,09025077
0,09147759
0,09388965
0,09595139
0,09014011
0,09251626
0,09434003
0,09598269
0,1001173
0,09531784
0,09737673
0,09227246
0,09905471
0,09375943
0,09605581
0,08380131
0,08369406
0,08319866
0,08156599
0,07896528
0,0880207
0,08456888
0,08348013
0,08151161
0,08094624
0,08064662
0,07970613
0,07809827
0,0759934
0,08299085
0,08055312
0,08001693
0,07928684
0,07674467
0,07597195
0,0757935
0,1006588
0,1031941
0,1081021
0,09104158
0,0952309
0,09790909
0,07851458
0,07845946
0,08714081
0,09684601
0,1000444
0,09226955
0,09065919
0,09370331
0,09646183
0,1004289
0,1043833
0,09618812
0,09842036
0,1006874
0,1031755
0,1031495
0,1064155
0,09755094
0,09809575
0,1001425
0,1007467
0,1019341
0,08640596
0,08805791
0,08777212
0,0882905
0,08775593
0,08429572
0,08461399
0,06590084
0,06651165
0,06761204
0,07082402
0,07710096
0,06723423
0,06458014
0,07139041
0,06613796
0,0728699
0,06931237
0,06634819
0,07430507
0,07196499
0,06985455
0,07292844
0,06943297
0,06642163
0,07162378
0,07858726
0,08611415
0,08310512
0,08124577
0,0789942
0,07492071
0,07957575
0,07312118
0,07195372
0,07477304
0,07136774
0,07496738
0,07046821
0,07634167
0,07187466
0,0659434
0,06220791
0,0605698
0,07712357
0,07657947
0,07621989
0,07520333
0,07452491
0,0688895
0,06795311
0,06504323
0,0715296
0,06931012
0,06505839
0,07181156
0,07058887
0,06742262
0,06610006
0,072744
0,07084136
0,0667997
0,06525335
0,06356239
0,06031036
0,05865328
0,05705257
0,05575895
0,06125955
0,05884272
0,05535078
0,05135972
0,0487893
0,04622602
0,05430915
0,05285032
0,05950859
0,07909918
0,08016767
0,08073951
0,0564859
0,05798272
0,05943782
0,0538168
0,05411023
0,05389225
0,0432862
0,04412379
0,106429
0,04254908
0,04002999
0,03782395
0,03639863
0,08251484
0,08015133
0,07808033
0,07648979
0,08317889
0,08060154
0,07095981
0,09150318
0,09207275
0,0926339
0,08133999
0,08191741
0,08236945
0,08140115
0,08073879
0,07144643
0,07240672
0,07422552
0,08534642
0,07794895
0,07838282
0,07876111
0,07928149
0,1085986
0,1098671
0,1099961
0,1096024
0,1075232
0,1046102
0,1020724
0,1194203
0,1111028
0,1177391
0,07342722
0,07307725
0,07345269
0,07434203
0,0743347
0,07363607
0,07210655
0,06908035
0,07467604
0,0731179
0,07132516
0,08629844
0,08548936
0,08314983
0,0811362
0,07947399
0,07792564
0,07564766
0,07313401
0,08451992
0,09575892
0,09544364
0,09492098
0,09330233
0,09149472
0,08954988
0,1106686
0,1098152
0,1090463
0,1078443
0,1045099
0,1323242
0,09861666
0,09955492
0,1326685
0,1349782
0,1062375
0,1304182
0,1316659
0,1008626
0,1329762
0,08888701
0,08932275
0,07599413
0,08694471
0,09935163
0,1006657
0,1019405
0,1028628
0,08886691
0,08798549
0,08682971
0,09982335
0,09961687
0,0997088
0,08813919
0,09432412
0,07981029
0,07924234
0,08052833
0,08150911
0,08214576
0,08192922
0,08496712
0,07983017
0,09853403
0,09770929
0,09696779
0,08667404
0,08242656
0,09061327
0,0891418
0,08984423
0,0905486
0,09108332
0,09128886
0,09148309
0,09157181
0,09138747
0,09099107
0,09068247
0,09052169
0,09097166
0,09157434
0,09220191
0,09221774
0,0916287
0,09075682
0,08986867
0,08941093
0,08910258
0,08891774
0,08792659
0,08702082
0,08623932
0,08571576
0,08541137
0,08517836
0,08492487
0,08474527
0,08478875
0,08526745
0,08703014
0,0889025
0,09057376
0,09141678
0,09157189
0,09122559
0,09073356
0,09012493
0,08965433
0,08953614
0,08933572
0,08905264
0,08867373
0,08902535
0,08951049
0,09014466
0,0906145
0,07954445
0,07944582
0,07974964
0,088903
0,09145814
0,09294253
0,09395911
0,06813825
0,06672427
0,06507666
0,06329749
0,08337503
0,08165371
0,08268097
0,08225756
0,08757816
0,08808887
0,08865112
0,08933319
0,090132
0,08146476
0,08297123
0,08432641
0,08609592
0,09789632
0,09940112
0,1002999
0,1008334
0,1009205
0,08930545
0,09711958
0,0855137
0,08429691
0,08186518
0,07867009
0,07782067
0,08247257
0,07520652
0,07509061
0,0735814
0,07246827
0,07175873
0,07098644
0,08187478
0,0813296
0,08157896
0,08172566
0,08171467
0,08134926
0,0798492
0,07846814
0,08364584
0,08455051
0,08545271
0,08617135
0,08614311
0,08560987
0,08468977
0,08353378
0,08261424
0,08195905
0,08522579
0,0847661
0,08429035
0,08385313
0,08335165
0,08262579
0,0723443
0,07116161
0,07918422
0,07790297
0,07685201
0,08577005
0,08537973
0,08517848
0,08454981
0,08437286
0,08485984
0,08418569
0,08710152
0,08834851
0,0889727
0,08980516
0,09032249
0,09043383
0,08946914
0,08827861
0,08697811
0,09526402
0,09278584
0,08935743
0,08587907
0,07985739
0,07639669
0,07336953
0,08112654
0,0790397
0,07701449
0,0734717
0,08023656
0,07599937
0,07324154
0,07190306
0,08867182
0,08943864
0,09018723
0,09284467
0,0936416
0,09444125
0,09595296
0,09688867
0,09794443
0,09892851
0,1017426
0,09399734
0,09601559
0,1000892
0,09623435
0,09743236
0,09934057
0,1007241
0,1020766
0,103118
0,1057692
0,08305755
0,08390135
0,09131423
0,09125631
0,09003101
0,08933599
0,08564914
0,08217818
0,07984742
0,07556913
0,08181937
0,07560212
0,08180695
0,07704206
0,1011149
0,1036352
0,1065298
0,1094337
0,1114565
0,1146556
0,1084666
0,1104618
0,1113994
0,1128723
0,1148989
0,1079686
0,1130247
0,1144014
0,1157527
0,1168147
0,1067518
0,1082692
0,1112608
0,1151294
0,1094618
0,1124048
0,1157636
0,1099053
0,1130911
0,1160889
0,1195351
0,1138885
0,1144337
0,1201835
0,1135087
0,116998
0,110443
0,1127811
0,1146556
0,1168167
0,1104823
0,1112787
0,111613
0,1124213
0,1140753
0,1168177
0,1211492
0,1179033
0,09991828
0,1034006
0,1100143
0,0880611
0,09378989
0,09790577
0,1010281
0,1024574
0,103051
0,09450886
0,09494054
0,09453366
0,09383832
0,09392697
0,08738392
0,08644887
0,08649953
0,08664232
0,08581883
0,08523665
0,08704201
0,1026325
0,103895
0,1038759
0,08483584
0,08656784
0,09122191
0,08583675
0,08949298
0,08433964
0,08696923
0,09864778
0,131074
0,1418943
0,1142584
0,107979
0,1107568
0,1037147
0,1051097
0,1057974
0,1063477
0,1070677
0,1358119
0,1373697
0,1121081
0,1413383
0,1348593
0,1453563
0,1041469
0,06981131
0,08354729
0,138374
0,04896547
0,08097646
0,0842173
0,05340546
0,0528134
0,0557569
0,0514136
0,07710903
0,07629683
0,0886975
0,07606453
0,08717944
0,08637676
0,08590138
0,08645843
0,08910117
0,0850585
0,08924838
0,09240024
0,07777994
0,07967321
0,08530392
0,0823217
0,08462053
0,08295463
0,08021099
0,08864809
0,08650954
0,0896619
0,09457669
0,09436778
0,09407369
0,09301329
0,09278577
0,09359784
0,09500908
0,09051535
0,09120459
0,09073717
0,09098385
0,08618174
0,08739651
0,08819961
0,08815029
0,08848415
0,08977389
0,07954258
0,07917381
0,08887316
0,08817464
0,08847962
0,07947388
0,07917669
0,07835674
0,08777777
0,08766713
0,08868532
0,07837547
0,07591189
0,07371343
0,08173762
0,08128779
0,08089726
0,08320092
0,08328126
0,08371275
0,08319142
0,08242586
0,08174958
0,08159472
0,08217583
0,08330296
0,08340652
0,08295242
0,08354346
0,1097525
0,108907
0,08227914
0,1008707
0,1043568
0,1067908
0,1058386
0,09820929
0,1029889
0,1104299
0,1089192
0,108527
0,1086824
0,1104306
0,1159081
0,111577
0,1196768
0,116368
0,1146619
0,1182778
0,07417556
0,08853968
0,08997773
0,09123991
0,09170159
0,09209234
0,09231785
0,09208748
0,09211934
0,09194405
0,09122644
0,08958745
0,08806653
0,08687761
0,09381404
0,09138031
0,08666968
0,08174451
0,08059675
0,0749834
0,07829908
0,08050064
0,07493308
0,07816321
0,08192096
0,07858972
0,08198176
0,0844745
0,079954
0,08229099
0,08501065
0,0813565
0,08534485
0,08239451
0,08777007
0,08664961
0,08479122
0,09057574
0,08753539
0,08570061
0,09065713
0,08922732
0,08702179
0,09287359
0,0903367
0,08903561
0,08644669
0,09236924
0,08990682
0,08902497
0,08678924
0,08528015
0,08250352
0,08757851
0,08485345
0,08296206
0,08101857
0,07974842
0,08580094
0,08410716
0,08141643
0,09298111
0,09107494
0,0889647
0,08336774
0,09783607
0,09642911
0,09511907
0,09296397
0,09800559
0,09682268
0,0954278
0,09405385
0,09249493
0,09117305
0,09612963
0,09486978
0,09362175
0,09191287
0,09633394
0,09429904
0,09246913
0,09708089
0,09528831
0,09407076
0,09301452
0,09209473
0,09114755
0,09635959
0,09512017
0,09397912
0,09275242
0,09162694
0,09705431
0,09614459
0,09542079
0,09473714
0,09393949
0,09283262
0,09165071
0,09057693
0,09620097
0,09544517
0,0948576
0,09426872
0,09357988
0,09185944
0,09130162
0,09073692
0,09022543
0,08980359
0,08908942
0,08834865
0,08761998
0,08702186
0,09311416
0,09256262
0,09203064
0,09129548
0,09047466
0,08955137
0,08865364
0,08779818
0,09355037
0,09274259
0,09197414
0,09124187
0,09040724
0,08993099
0,1335148
0,1393908
0,08399598
0,08505373
0,08651087
0,07681181
0,07858162
0,08545098
0,08095762
0,08325318
0,08066817
0,08157545
0,08280631
0,0790746
0,07730939
0,07621744
0,08046237
0,07961706
0,07852344
0,07654946
0,07926932
0,07553261
0,08587344
0,06788621
0,08004519
0,07810508
0,1023932
0,1020355
0,1017664
0,1016788
0,1018261
0,1021621
0,1025689
0,1030569
0,1033806
0,09582432
0,09618545
0,09642848
0,09677226
0,09715822
0,1025086
0,1026313
0,1027221
0,1028091
0,1029125
0,1027938
0,1025468
0,1023809
0,1021778
0,1019996
0,1018983
0,1016276
0,1012993
0,1009438
0,1006337
0,1003329
0,1000489
0,09986986
0,09962922
0,09938788
0,09921925
0,09904086
0,09898231
0,09912816
0,09399545
0,09398453
0,09383453
0,09336412
0,09237914
0,09115761
0,09856488
0,09733233
0,09610192
0,09494402
0,09355525
0,09219071
0,09576444
0,1019173
0,09719288
0,09553184
0,09392814
0,09208096
0,09016009
0,09727243
0,09657571
0,0878377
0,08773484
0,0878668
0,08789505
0,06603945
0,06464566
0,09021237
0,08888754
0,088147
0,08663335
0,09865163
0,0958465
0,100737
0,09297157
0,0933068
0,0933268
0,09313998
0,09311048
0,09321643
0,09337775
0,09354391
0,09365846
0,09372905
0,0937501
0,093536
0,09325193
0,09290072
0,09242683
0,09184063
0,091145
0,09036613
0,09019901
0,0975252
0,09624303
0,09473465
0,09237564
0,09108545
0,08986612
0,08858409
0,08731328
0,09471633
0,09273656
0,0916772
0,090174
0,08775234
0,09412293
0,08888839
0,08504504
0,0901637
0,08665269
0,08420292
0,08968022
0,08890384
0,08512049
0,1069233
0,1138549
0,1032188
0,08156481
0,07888975
0,08700559
0,09134754
0,09013688
0,08815947
0,08689106
0,08395626
0,08122654
0,07690213
0,09219391
0,08956949
0,0871193
0,1161648
0,0822575
0,0805268
0,1112415
0,1132482
0,1168931
0,1113134
0,1115287
0,1140448
0,1071753
0,109579
0,1110157
0,1136709
0,1166615
0,1107196
0,1136649
0,116723
0,1189302
0,110752
0,1169355
0,1152609
0,1188606
0,1170205
0,1239354
0,118016
0,1269179
0,125319
0,126289
0,1239962
0,0988401
0,09888582
0,09769818
0,1017083
0,1067912
0,09799436
0,1041091
0,1092764
0,1133991
0,120677
0,1108331
0,1201035
0,1104791
0,09900678
0,09516931
0,0997087
0,1078279
0,1320045
0,1386707
0,1359828
0,1031307
0,1026198
0,1022559
0,1021303
0,1020847
0,1020888
0,1020824
0,1020347
0,1348128
0,1347768
0,134768
0,1347011
0,1345722
0,08507227
0,08484089
0,08469365
0,08449535
0,08412568
0,08448837
0,09787153
0,09410555
0,09580817
0,09810142
0,093982
0,0802521
0,07333821
0,07664496
0,07712944
0,07575136
0,07220396
0,1624671
0,06252745
0,1003413
0,08627409
0,09124571
0,09067842
0,08325947
0,08311404
0,08272134
0,0820047
0,08083027
0,07949324
0,08514675
0,08586162
0,08349488
0,09320304
0,08579134
0,0835857
0,08857617
0,0852681
0,08197444
0,08863651
0,08600815
0,09102528
0,08922137
0,08730805
0,08607104
0,08994374
0,08825123
0,08614267
0,08359706
0,09004524
0,08971484
0,08953917
0,0893624
0,08927165
0,08923826
0,089179
0,08917297
0,08917297
0,08917297
0,08917297
0,08917297
0,08917297
0,08917297
0,08917297
0,08917297
0,08917297
0,08917297
0,08917297
0,08917297
0,0719543
0,07720048
0,1231863
0,1173257
0,1077736
0,10851
0,1091942
0,1122932
0,1156251
0,1171316
0,1120719
0,08806949
0,08242036
0,08700736
0,08197717
0,1121195
0,1152103
0,1200889
0,1114936
0,1120693
0,1121508
0,1121701
0,1125574
0,1141445
0,08745611
0,08494125
0,08381768
0,0820599
0,0911924
0,08800361
0,08661113
0,08928819
0,08793189
0,08656763
0,08511429
0,08375959
0,09167059
0,09018991
0,08802821
0,08980554
0,08431185
0,08257011
0,08564524
0,08451286
0,08341573
0,08229272
0,08805729
0,08616449
0,08381652
0,09684157
0,09610178
0,09543028
0,09448847
0,09916718
0,09879287
0,09870992
0,09877765
0,09892645
0,09868421
0,09788547
0,09714633
0,09683401
0,09639532
0,09605946
0,09582115
0,09526966
0,09469417
0,09418952
0,0939336
0,09368033
0,09339226
0,09297321
0,09189895
0,09057457
0,09682143
0,09496916
0,09240036
0,09037512
0,09481885
0,09198012
0,08979353
0,09611519
0,09442264
0,09325542
0,09174409
0,09075827
0,08918989
0,09622478
0,08052696
0,09040111
0,09442136
0,09499176
0,09616543
0,09678781
0,09699916
0,09693182
0,0967446
0,09643136
0,09600405
0,09559067
0,0951768
0,09492357
0,09478233
0,09452261
0,0940472
0,0933615
0,09205199
0,08706279
0,08690716
0,09360164
0,09350047
0,0935598
0,09370311
0,09820171
0,09817038
0,09808521
0,09796542
0,09777528
0,09759954
0,09746037
0,0973421
0,09718851
0,09699894
0,0967624
0,0963708
0,09578095
0,09501291
0,0940977
0,08796825
0,08672677
0,0836092
0,0899343
0,07822343
0,0962742
0,09435689
0,09419493
0,09410169
0,09379147
0,09348246
0,0932541
0,1008162
0,09161048
0,09154969
0,09138934
0,09116782
0,09090651
0,09062113
0,09054563
0,09048624
0,09029949
0,0898935
0,08947928
0,08908073
0,08848319
0,08794682
0,08747952
0,08700962
0,08615464
0,08509049
0,0840323
0,08318345
0,09163652
0,0909466
0,0899085
0,08884727
0,08775581
0,08695969
0,08655424
0,08640233
0,07868668
0,07772894
0,09514713
0,09604294
0,09594876
0,09561701
0,09522112
0,09382962
0,09238857
0,07722469
0,07503082
0,07176297
0,08206454
0,07905052
0,08742861
0,08390216
0,07970712
0,0825888
0,08085242
0,1143246
0,09794887
0,09399902
0,09824286
0,09690654
0,1015525
0,1079502
0,1089144
0,1146296
0,1077501
0,1173426
0,1096137
0,1190117
0,1169916
0,1246807
0,07907365
timeStamps
4,803896
4,817888
4,83156
4,845827
4,85975
4,873509
4,887246
4,901453
4,915461
4,928962
4,94334
4,956921
4,970746
4,984731
4,998619
5,012599
5,026647
5,040472
5,054611
5,068239
5,082645
5,096087
5,110332
5,12393
5,138112
5,151985
5,16612
5,179997
5,1939
5,207697
5,221659
5,235551
5,249623
5,264164
5,2795
5,304769
5,32002
5,333918
5,347638
5,36216
5,375846
5,389558
5,415357
5,429502
5,444337
5,458136
5,472422
5,487225
5,501216
5,527308
5,543174
5,568676
5,58448
5,610891
5,626388
5,652221
5,666811
5,681963
5,708414
5,723338
5,737716
5,764103
5,779305
5,793615
5,819488
5,834497
5,861748
5,876937
5,90376
5,931133
5,946616
5,972964
5,988142
6,014838
6,030507
6,056606
6,072735
6,098692
6,126169
6,142149
6,167925
6,195923
6,223744
6,239207
6,265458
6,280916
6,307273
6,335262
6,350853
6,377029
6,392589
6,418604
6,434387
6,460519
6,476452
6,501966
6,518438
6,543221
6,559752
6,585452
6,613277
6,641415
6,669268
6,685785
6,710988
6,739069
6,766967
6,794774
6,822859
6,850885
6,878303
6,906515
6,934246
6,962148
6,989728
7,018268
7,045589
7,073777
7,10116
7,129224
7,157233
7,184904
7,212651
7,240747
7,268459
7,296516
7,324483
7,352132
7,38006
7,407742
7,435493
7,463348
7,490999
7,519228
7,546764
7,574903
7,602775
7,630825
7,658538
7,686487
7,7139
7,741743
7,76977
7,797987
7,82571
7,853371
7,881104
7,909054
7,937439
7,965116
7,992791
8,020754
8,048278
8,076111
8,104012
8,131783
8,159732
8,187634
8,215536
8,243459
8,271295
8,299652
8,326962
8,355188
8,38263
8,410619
8,438333
8,466501
8,493925
8,522126
8,549827
8,577549
8,605403
8,633301
8,661219
8,688979
8,716741
8,744797
8,772393
8,800428
8,828175
8,856077
8,883751
8,911729
8,939484
8,967437
8,99539
9,023219
9,050878
9,078738
9,106673
9,13484
9,162137
9,190055
9,21807
9,245761
9,273671
9,302051
9,329316
9,357229
9,384991
9,413103
9,440804
9,468818
9,496463
9,524245
9,551958
9,580053
9,607961
9,635416
9,663316
9,691199
9,719407
9,746917
9,775435
9,80252
9,830441
9,858461
9,886478
9,914096
9,941827
9,970071
9,99785
10,02538
10,05357
10,08086
10,10913
10,13662
10,16483
10,19255
10,22054
10,24807
10,27616
10,30384
10,33173
10,35952
10,38756
10,41545
10,44384
10,47122
10,49923
10,52661
10,55453
10,58229
10,61021
10,63773
10,66556
10,69354
10,72173
10,7495
10,7778
10,80497
10,83265
10,86085
10,88854
10,91648
10,94419
10,97208
11,00024
11,0279
11,05611
11,08328
11,11159
11,13927
11,16733
11,19478
11,22307
11,2506
11,27843
11,29423
11,32003
11,34769
11,36402
11,38913
11,40408
11,43133
11,44695
11,47251
11,48748
11,50214
11,52836
11,54369
11,57015
11,58571
11,61211
11,62718
11,64179
11,66757
11,68193
11,69721
11,72313
11,73745
11,75241
11,76645
11,79308
11,80751
11,82263
11,84858
11,86288
11,8773
11,89064
11,90417
11,91892
11,932
11,94627
11,96016
11,97391
11,98829
12,00215
12,01612
12,03003
12,04376
12,05767
12,07187
12,08596
12,09957
12,11346
12,12753
12,14165
12,156
12,16904
12,18339
12,19747
12,21148
12,2255
12,23872
12,25276
12,26663
12,28057
12,29462
12,30859
12,32271
12,33656
12,35039
12,36429
12,37809
12,39228
12,40639
12,41984
12,4338
12,44767
12,46158
12,47578
12,48944
12,50346
12,51733
12,53139
12,54527
12,55947
12,57311
12,58698
12,60128
12,615
12,62886
12,64266
12,65667
12,67056
12,68473
12,69857
12,71253
12,72636
12,73998
12,75431
12,76822
12,7818
12,79605
12,81001
12,82352
12,83767
12,85159
12,86538
12,87939
12,89341
12,90732
12,92113
12,93529
12,94901
12,96292
12,97693
12,99101
13,00465
13,01871
13,0325
13,04629
13,06076
13,07444
13,08836
13,1022
13,11595
13,13009
13,14389
13,15782
13,17203
13,18586
13,19983
13,21412
13,22775
13,24175
13,25564
13,2699
13,28308
13,29674
13,31075
13,32507
13,33904
13,35315
13,36719
13,38126
13,39442
13,40863
13,42244
13,43605
13,45037
13,4639
13,47781
13,49168
13,50576
13,51974
13,53378
13,54742
13,56133
13,5756
13,5895
13,60322
13,61741
13,63117
13,64511
13,65923
13,673
13,6868
13,70101
13,71496
13,72883
13,74236
13,75639
13,77033
13,78446
13,79837
13,81218
13,82627
13,84003
13,85398
13,86792
13,88184
13,89594
13,90959
13,92358
13,93768
13,95131
13,96537
13,97939
13,99324
14,00707
14,02121
14,03568
14,04894
14,06265
14,07674
14,0905
14,10453
14,1185
14,13236
14,14658
14,16034
14,17412
14,18846
14,20209
14,21605
14,22975
14,2439
14,25795
14,27171
14,28567
14,29967
14,31348
14,3272
14,34141
14,35514
14,36915
14,38284
14,39688
14,41089
14,42496
14,44022
14,45323
14,46636
14,48026
14,49411
14,50816
14,52193
14,5361
14,55001
14,56381
14,57796
14,59181
14,60561
14,61979
14,6336
14,64764
14,66146
14,67559
14,68907
14,70344
14,71733
14,73096
14,74507
14,75869
14,77281
14,78686
14,80061
14,81445
14,82862
14,84227
14,85637
14,87056
14,88419
14,89832
14,91182
14,92608
14,93979
14,95391
14,96769
14,98151
14,99563
15,00974
15,02361
15,03764
15,05164
15,06488
15,07918
15,09275
15,10691
15,12076
15,13499
15,14882
15,163
15,17682
15,1906
15,20418
15,21849
15,23209
15,24607
15,26041
15,27459
15,28789
15,30157
15,31565
15,32949
15,34365
15,35784
15,37161
15,38567
15,39945
15,41308
15,42717
15,44145
15,45495
15,46861
15,48266
15,49679
15,5107
15,52449
15,53867
15,55234
15,56633
15,58038
15,59424
15,60811
15,62219
15,63581
15,64977
15,66419
15,67886
15,69221
15,70687
15,72074
15,73457
15,74893
15,77431
15,78907
15,80299
15,81716
15,83155
15,8453
15,85961
15,87371
15,88775
15,91328
15,92754
15,94285
15,95753
15,98287
15,9982
16,0127
16,03882
16,05362
16,06873
16,09477
16,10929
16,12345
16,13817
16,16443
16,17908
16,19431
16,22009
16,23509
16,26188
16,27685
16,30364
16,31831
16,33381
16,35969
16,37563
16,40085
16,41633
16,44279
16,45901
16,48439
16,50047
16,52628
16,54189
16,56828
16,59627
16,62436
16,64075
16,66591
16,69345
16,72176
16,74972
16,76586
16,79081
16,80736
16,83242
16,84893
16,87447
16,90256
16,93036
16,95847
16,98659
17,01403
17,04204
17,06993
17,09811
17,12569
17,15364
17,18144
17,20911
17,23708
17,26505
17,29276
17,32067
17,34871
17,37659
17,40403
17,43201
17,45997
17,48794
17,51539
17,54338
17,5712
17,59893
17,62718
17,65486
17,68274
17,71056
17,73817
17,76636
17,79415
17,82164
17,84993
17,87785
17,90553
17,9336
17,9613
17,98892
18,01672
18,04429
18,07229
18,10055
18,12813
18,15591
18,18381
18,21172
18,23942
18,26726
18,29532
18,32316
18,35116
18,37877
18,40668
18,43433
18,46251
18,48989
18,51796
18,54587
18,57379
18,60173
18,62935
18,65709
18,68493
18,7128
18,74067
18,76855
18,79628
18,82441
18,85244
18,88041
18,9078
18,9354
18,96357
18,99134
19,01948
19,04698
19,07485
19,10302
19,13043
19,15828
19,1867
19,21401
19,24219
19,26968
19,2976
19,32559
19,35338
19,38148
19,40893
19,43698
19,46486
19,49261
19,52037
19,54796
19,57586
19,60381
19,63179
19,65994
19,68754
19,71526
19,74304
19,77067
19,79865
19,82659
19,85467
19,88233
19,90985
19,93775
19,96604
19,99354
20,02176
20,04928
20,07743
20,10515
20,13333
20,16049
20,18849
20,21631
20,24419
20,27225
20,2999
20,32783
20,35603
20,38367
20,41154
20,43924
20,46705
20,49493
20,52253
20,55077
20,57815
20,60655
20,63416
20,66205
20,69025
20,71741
20,74534
20,77329
20,801
20,82884
20,85673
20,88502
20,91236
20,94024
20,96825
20,99632
21,02376
21,05196
21,07952
21,10746
21,13517
21,16357
21,19114
21,21876
21,24668
21,27472
21,30224
21,33047
21,35801
21,38599
21,41371
21,44176
21,46988
21,49759
21,52519
21,55312
21,58106
21,60836
21,63619
21,66398
21,69211
21,71975
21,74762
21,77566
21,80365
21,83184
21,85974
21,88684
21,91462
21,94291
21,97084
21,99817
22,02649
22,05404
22,08193
22,11008
22,13781
22,16573
22,19334
22,22086
22,24878
22,27671
22,3046
22,33243
22,36084
22,38848
22,41611
22,44431
22,47148
22,4995
22,52771
22,55517
22,58331
22,61118
22,63873
22,65515
22,6803
22,70806
22,73585
22,75153
22,7777
22,79361
22,81909
22,83446
22,8612
22,87668
22,90263
22,91875
22,94407
22,96015
22,98606
23,00095
23,02798
23,04355
23,06965
23,08406
23,09857
23,11289
23,12701
23,14176
23,16691
23,18075
23,19565
23,20939
23,22344
23,23816
23,2517
23,26535
23,29215
23,30628
23,32019
23,33489
23,34805
23,36262
23,37653
23,39014
23,40449
23,41911
23,4326
23,44634
23,46093
23,47462
23,48796
23,50255
23,51618
23,53016
23,54326
23,55686
23,57067
23,58461
23,59878
23,61266
23,62666
23,64078
23,65501
23,66862
23,68261
23,69672
23,71061
23,72472
23,73835
23,75246
23,76643
23,78029
23,7941
23,80836
23,82216
23,83591
23,84992
23,86366
23,87753
23,89172
23,90563
23,91966
23,93361
23,9475
23,96128
23,9753
23,98927
24,00306
24,01693
24,03086
24,04473
24,05875
24,07272
24,08667
24,1005
24,11439
24,12845
24,14269
24,15607
24,17003
24,18399
24,1978
24,21213
24,22645
24,23962
24,2537
24,26808
24,28155
24,29547
24,3095
24,32347
24,33794
24,35098
24,36524
24,37959
24,39276
24,40763
24,42129
24,43572
24,44963
24,46376
24,47799
24,49145
24,50485
24,5188
24,53225
24,54563
24,56035
24,57349
24,58655
24,60021
24,61442
24,62853
24,64284
24,65716
24,67062
24,68462
24,69872
24,71265
24,72665
24,7409
24,75461
24,76849
24,78287
24,79634
24,81036
24,82443
24,83858
24,85208
24,8662
24,88014
24,89401
24,9079
24,92209
24,93604
24,94971
24,96351
24,97796
24,99156
25,00537
25,01954
25,03336
25,04726
25,06155
25,07512
25,08895
25,10291
25,11661
25,13063
25,14452
25,15862
25,17252
25,18656
25,20037
25,21428
25,22806
25,24224
25,25623
25,26991
25,2843
25,2977
25,31169
25,32576
25,33969
25,35355
25,3674
25,38159
25,39545
25,40924
25,42473
25,43918
25,46472
25,47858
25,49231
25,50611
25,52033
25,53435
25,54815
25,56213
25,57695
25,58993
25,60389
25,61776
25,63173
25,64601
25,65996
25,67352
25,68773
25,70184
25,71559
25,72934
25,74353
25,75731
25,77096
25,78572
25,7996
25,81292
25,82745
25,84101
25,85415
25,86832
25,88222
25,89653
25,91062
25,92497
25,93877
25,95321
25,96806
25,99327
26,0077
26,02155
26,03628
26,05029
26,07737
26,09261
26,11894
26,1342
26,16057
26,17616
26,2026
26,23033
26,2463
26,272
26,28777
26,31357
26,32987
26,35523
26,3709
26,39734
26,42519
26,45324
26,48107
26,50869
26,53651
26,552
26,57814
26,59403
26,62037
26,64797
26,67589
26,70403
26,73179
26,7594
26,77605
26,80106
26,82893
26,85733
26,88489
26,91253
26,94078
26,96868
26,99668
27,02399
27,0522
27,07998
27,1079
27,13553
27,16354
27,19126
27,2194
27,24686
27,27521
27,30265
27,33088
27,3585
27,38648
27,41391
27,4422
27,46994
27,49788
27,52526
27,55335
27,58103
27,60881
27,63694
27,66482
27,69267
27,72064
27,74858
27,77609
27,80378
27,83195
27,8599
27,88752
27,91513
27,9434
27,97088
27,99879
28,02685
28,05448
28,08223
28,11029
28,13813
28,16588
28,19376
28,22159
28,24944
28,27719
28,30523
28,33304
28,36087
28,3885
28,41661
28,44452
28,47254
28,5003
28,52781
28,55592
28,5833
28,61122
28,63914
28,66707
28,69497
28,7226
28,75085
28,77828
28,80656
28,83413
28,86225
28,88996
28,91743
28,94528
28,97351
29,00123
29,0293
29,05676
29,08457
29,11244
29,14065
29,16836
29,19639
29,22407
29,25177
29,27964
29,30756
29,33515
29,36353
29,39084
29,41892
29,44677
29,47447
29,50254
29,53057
29,55805
29,58581
29,61352
29,64175
29,66967
29,69737
29,72533
29,75282
29,78092
29,80844
29,83644
29,86428
29,8923
29,92009
29,94785
29,97598
30,00389
30,03163
30,05922
30,08701
30,11518
30,13102
30,1563
30,17138
30,19813
30,2137
30,24007
30,26753
30,28263
30,30946
30,32474
30,3513
30,36674
30,39293
30,40726
30,42208
30,44846
30,46303
30,47817
30,50438
30,51927
30,53412
30,55976
30,57531
30,60145
30,61664
30,63096
30,64533
30,67065
30,68464
30,69941
30,71307
30,72684
30,74173
30,75583
30,78296
30,79822
30,82453
30,84024
30,86624
30,88065
30,89482
30,90914
30,92299
30,93675
30,95028
30,96459
30,97813
30,99132
31,00537
31,01845
31,0326
31,04696
31,06056
31,07457
31,08892
31,10263
31,11679
31,1306
31,14475
31,15859
31,17265
31,18684
31,20056
31,21445
31,22854
31,24248
31,25638
31,27054
31,28429
31,29834
31,31213
31,32601
31,34014
31,35391
31,36773
31,3817
31,3955
31,40975
31,42335
31,43736
31,45136
31,4653
31,47899
31,49317
31,50702
31,52107
31,53512
31,54876
31,56282
31,57695
31,59135
31,60472
31,61871
31,63188
31,64612
31,66099
31,67447
31,68786
31,70241
31,71729
31,73052
31,74505
31,7586
31,77195
31,79859
31,81314
31,82681
31,84075
31,85447
31,86865
31,88296
31,89639
31,91054
31,92503
31,93829
31,95211
31,96626
31,98017
31,99392
32,00786
32,02205
32,0367
32,04982
32,06422
32,07779
32,0916
32,10569
32,11929
32,13338
32,14713
32,16117
32,17549
32,18951
32,20303
32,21709
32,23083
32,24503
32,25914
32,27253
32,2864
32,30042
32,3148
32,32849
32,34211
32,35637
32,37001
32,38425
32,39805
32,41202
32,42561
32,43939
32,45323
32,46728
32,48153
32,49562
32,50906
32,52299
32,53693
32,55056
32,56462
32,57867
32,5926
32,60627
32,62026
32,63416
32,64827
32,66238
32,67687
32,68969
32,70368
32,71762
32,73156
32,74571
32,75975
32,77364
32,78734
32,80157
32,81555
32,82911
32,84306
32,85732
32,87116
32,88485
32,89892
32,91285
32,92696
32,94079
32,95478
32,96909
32,98278
32,99677
33,01156
33,03783
33,0524
33,06666
33,08105
33,10759
33,12222
33,14902
33,16459
33,19115
33,21921
