participantNumber
9
repetitionNum
5
sdfEnabled
1
taskTime
26,32805
numHits
3
positionDifference
0,145503
angleDifference
124,7592
finalPosX
-0,02286975
finalPosY
-0,01562265
finalPosZ
0,8306567
finalRotX
296,9286
finalRotY
175,6188
finalRotZ
131,7171
taskType
easyWire
velocityMagnitude
0,5645643
0,9644936
0,6628498
0,6628498
0,01710226
0,5705558
0,5705558
0,02845995
0,02845995
0,07132145
0,07132145
0,1534476
0,3328085
0,3328085
0,08092047
0,08092047
0,1049676
0,1049676
0,2342356
0,01518288
0,04010459
0,06261338
0,1441405
0,2197205
0,288236
0,19586
0,1011334
0,08015909
0,1140494
0,1889226
0,3586712
0,3710498
0,1620461
0,08395481
0,09906133
0,173269
0,3267344
0,1971461
0,1971461
0,08517987
0,08517987
0,1649534
0,3042248
0,2543163
0,121869
0,1780188
0,2455882
0,3883508
0,3236639
0,2576657
0,1514961
0,211053
0,1329523
0,355286
0,3874398
0,15535
0,2389536
0,2018363
0,203884
0,2429896
0,07847305
0,18763
0,3162644
0,1782803
0,2127585
0,1781986
0,3513376
0,2861609
0,1554126
0,2852871
0,2036547
0,2414484
0,3359213
0,1751137
0,2465034
0,2044869
0,2512407
0,2446836
0,175595
0,3650512
0,1628389
0,252373
0,3285292
0,1256479
0,3022516
0,1287825
0,1960737
0,1825394
0,1342962
0,2154213
0,08799623
0,07397184
0,2630686
0,1170435
0,04202441
0,1156492
0,08227538
0,09005017
0,07107253
0,08630262
0,3515212
0,04978511
0,1735406
0,09035535
0,08988497
0,06688812
0,09353399
0,3919466
0,1319434
0,06706496
0,07603746
0,1415075
0,2993413
0,236805
0,1668587
0,41858
0,07954229
0,1697365
0,112028
0,05691474
0,3169057
0,1499237
0,210375
0,08456045
0,03201489
0,1802766
0,1259598
0,1317435
0,1689984
0,1792269
0,3672365
0,1667665
0,164751
0,1839321
0,1421895
0,229202
0,04983221
0,1285759
0,2725716
0,1324567
0,06708314
0,01572275
0,2862819
0,4118326
0,2054835
0,2237725
0,2982507
0,2924346
0,1355383
0,1355383
0,1854381
0,1854381
0,09725033
0,09725033
0,1454352
0,2605461
0,2605461
0,1184524
0,1184524
0,1070239
0,2281238
0,2579714
0,1985175
0,08439237
0,03491095
0,02228398
0,02228398
0,06443713
0,06443713
0,0840619
0,07301546
0,05989787
0,1094609
0,1837348
0,1404805
0,08160418
0,1721878
0,2827457
0,2827457
0,3000417
0,1139716
0,1139716
0,06825411
0,1128729
0,145167
0,145167
0,2986091
0,2505943
0,2505943
0,0511465
0,02881373
0,02881373
0,07922316
0,100393
0,09038725
0,09038725
0,08229013
0,04460908
0,04460908
0,06783559
0,07589915
0,07589915
0,1161156
0,1082484
0,1082484
0,2040724
0,1802491
0,1141445
0,1141445
0,1111847
0,03790472
0,03790472
0,06061789
0,07425741
0,07425741
0,3734393
0,3785339
0,3193481
0,3193481
0,048122
0,07473291
0,07473291
0,05683748
0,1368848
0,1368848
0,2695687
0,1923719
0,1923719
0,1574259
0,08878165
0,09760844
0,09760844
0,3339523
0,2838112
0,2838112
0,2681606
0,1200963
0,1200963
0,1005291
0,09896444
0,1532868
0,1532868
0,2372075
0,1991831
0,1991831
0,2777497
0,2164764
0,2164764
0,2091315
0,1840998
0,1840998
0,252919
0,2230053
0,2552455
0,2552455
0,2597964
0,1284597
0,1284597
0,2604007
0,2539187
0,2539187
0,1983951
0,2015434
0,311086
0,311086
0,2943205
0,03502025
0,03502025
0,8530639
0,6956782
0,3172854
0,3172854
0,407777
0,407777
0,6079479
0,3285351
0,3285351
0,23216
0,0689128
0,0689128
0,6340091
0,5462208
0,5462208
0,1962316
0,0945145
0,113915
0,113915
0,2741971
0,2411956
0,2411956
0,4080103
0,2240124
0,2240124
0,1467905
0,232968
0,3362673
0,3362673
0,3161372
0,3936444
0,3936444
0,5041569
0,1880436
0,1880436
0,2985516
0,3408214
0,3408214
0,3349472
0,224336
0,3026239
0,3026239
0,4143832
0,1470847
0,1470847
0,164654
0,2526052
0,2526052
0,5581805
0,4877079
0,1501997
0,1501997
0,2752658
0,2041768
0,5973881
0,518304
0,518304
0,4457484
0,3648176
0,2143495
0,1723652
0,3089007
0,3089007
0,1730169
0,1291131
0,1780487
0,2418546
0,3206739
0,3496183
0,2979047
0,3520758
0,290681
0,09961612
0,2325795
0,354909
0,4059889
0,327239
0,2692184
0,3087245
0,2540733
0,2540733
0,2080067
0,2932265
0,1696178
0,2312067
0,2638432
0,4228843
0,5995049
0,536781
0,2994861
0,2939515
0,2970586
0,5005446
0,3043707
0,2294562
0,3573138
0,388744
0,4539732
0,1211337
0,2287899
0,4334137
0,2806705
0,05285631
0,1176661
0,3659002
0,2401176
0,05996375
0,2498709
0,164068
0,38447
0,2355708
0,1510684
0,02853687
0,2815259
0,4531698
0,279182
0,01583421
0,2551436
0,1707158
0,1643923
0,1677013
0,3374674
0,2179356
0,2469071
0,3790845
0,3472601
0,3325241
0,1128926
0,3336854
0,1009738
0,5440636
0,1790377
0,2256031
0,3064559
0,2558396
0,4689178
0,05446713
0,4170617
0,2994638
0,2685854
0,3534226
0,06814815
0,1676519
0,3961231
0,18607
0,05965832
0,07277358
0,06429433
0,03574068
0,06563456
0,1250448
0,1258237
0,05828828
0,06496845
0,09025748
0,1418476
0,501718
0,3264191
0,1319877
0,2112727
0,06956512
0,4888636
0,465884
0,09718087
0,191671
0,1572734
0,7797348
0,4383112
0,2399158
0,1032341
0,08203179
0,07331891
0,2059628
0,1841577
0,1647563
0,09187603
0,1592292
0,5454099
0,3247565
0,3247565
0,1776492
0,1776492
0,2232469
0,3911989
0,4803956
0,426116
0,3228713
0,3228713
0,1606494
0,07595836
0,07595836
0,1354844
0,1063099
0,1627431
0,1394749
0,1394749
0,3739926
0,4253087
0,3982482
0,3982482
0,1445108
0,1141226
0,1141226
0,2255424
0,1388725
0,1388725
0,6119137
0,4069477
0,1097098
0,1097098
0,1856683
0,09342072
0,09342072
0,1821224
0,2774812
0,2774812
0,4518011
0,2565194
0,2565194
0,09401518
0,2722449
0,2829434
0,2829434
0,1635509
0,2200512
0,2200512
0,2845962
0,06417921
0,06417921
0,4849626
0,3508867
0,1304395
0,1304395
0,2510204
0,2313796
0,2313796
0,08483631
0,04310694
0,04310694
0,1153223
0,07885447
0,07885447
0,09125754
0,08934563
0,0593732
0,0593732
0,05530054
0,0256456
0,0256456
0,03901334
0,1476657
0,1476657
0,3265287
0,3065737
0,2631109
0,2631109
0,1030978
0,05662722
0,05662722
0,1101991
0,2174299
0,2174299
0,3728024
0,2907083
0,09758753
0,09758753
0,3027152
0,3159656
0,3159656
0,1843301
0,111132
0,111132
0,3668964
0,1967368
0,1967368
0,1422362
0,1332682
0,1658073
0,1658073
0,2468339
0,2469753
0,2469753
0,2990492
0,149878
0,149878
0,1371041
0,1285845
0,1317309
0,1317309
0,2255808
0,1888218
0,1888218
0,1241416
0,05598785
0,05598785
0,07237345
0,1000466
0,1000466
0,1311142
0,08497625
0,08063674
0,08063674
0,1306344
0,1147755
0,1147755
0,0315419
0,07359552
0,07359552
0,2125233
0,1716845
0,1419821
0,1419821
0,1557163
0,09612993
0,09612993
0,08243363
0,1292958
0,1292958
0,1846992
0,2107748
0,2107748
0,2381165
0,1533915
0,08905767
0,08905767
0,03780296
0,08014542
0,08014542
0,2174025
0,2257082
0,2286871
0,2286871
0,2668567
0,2158263
0,2158263
0,1126261
0,09611712
0,1029628
0,1864644
0,1864644
0,421249
0,2624766
0,1657669
0,1657669
0,1212803
0,1183034
0,1544333
0,2793148
0,2793148
0,3058387
0,1632266
0,1632266
0,1433803
0,1709145
0,1709145
0,1066703
0,04132574
0,1122363
0,1008822
0,1008822
0,09484489
0,09484489
0,1228672
0,1183662
0,1104097
0,1172259
0,07539275
0,07846744
0,06720264
0,1106446
0,07577797
0,07577797
0,1217775
0,1217775
0,1250556
0,08491914
0,08415601
0,1528494
0,1966329
0,1291186
0,1126738
0,08358847
0,1053674
0,1679118
0,1479208
0,1518136
0,1333072
0,1568373
0,192228
0,2876672
0,2997409
0,2585048
0,2780457
0,2273032
0,2273032
0,1968389
0,1968389
0,1827092
0,315018
0,2037368
0,2037368
0,1185897
0,1185897
0,1795272
0,1678771
0,1597479
0,2512424
0,2055863
0,2480128
0,173194
0,1529769
0,177792
0,1264932
0,1192962
0,09614103
0,1630294
0,1272292
0,02209303
0,1014187
0,06370495
0,03244346
0,05527508
0,09995334
0,07407739
0,1550591
0,1123575
0,1451914
0,1586646
0,2557026
0,09853512
0,2360184
0,2703414
0,162426
0,1480845
0,1333051
0,3924008
0,156593
0,09627404
0,06359924
0,08250714
0,1461904
0,1327137
0,07975277
0,0671132
0,09854273
0,1675301
0,08116189
0,1026222
0,1331371
0,1953163
0,1143108
0,1382354
0,1248573
0,1272887
0,107905
0,1774205
0,1414545
0,1235285
0,06552303
0,1401898
0,09676423
0,07073885
0,03225588
0,07588521
0,09851551
0,1867448
0,2396588
0,1953405
0,1536669
0,2909161
0,2116084
0,1909348
0,1974917
0,06453613
0,1016053
0,05205091
0,2364525
0,06523106
0,1070581
0,09823331
0,132486
0,1510049
0,2094464
0,2288958
0,02957397
0,1699579
0,1188447
0,08460701
0,1794123
0,1656002
0,2153469
0,1982094
0,1652135
0,0893143
0,1053944
0,1764468
0,09093501
0,07410964
0,06745127
0,08757224
0,119803
0,02787953
0,1116096
0,07531992
0,01256159
0,2418527
0,1373532
0,1829603
0,2120607
0,157693
0,08580607
0,06792765
0,08525066
0,06904637
0,05973621
0,05424249
0,03285576
0,08857317
0,1136941
0,08634421
0,1069011
0,102733
0,09311907
0,08328128
0,07922659
0,07842458
0,08551027
0,1075156
0,09235751
0,04867905
0,03353487
0,02077873
0,01279938
0,02250254
0,02587621
0,02770909
0,02515791
0,01329078
0,05241707
0,02835646
0,07098905
0,1464912
0,1598718
0,1865532
0,07086299
0,1377236
0,1062687
0,06974274
0,07651297
0,02206813
0,1522982
0,1018273
0,01713034
0,0180974
0,03685434
0,03046856
0,0236441
0,006460609
0,05092617
0,01109223
0,02947092
0,04700489
0,02236265
0,005217049
0,03114499
0,01725256
0,04442066
0,05111893
0,03871028
0,04348463
0,03573788
0,1002877
0,02661025
0,03593288
0,02360146
0,01803124
0,06973375
0,03742871
0,03810454
0,04202013
0,05327391
0,1534518
0,06588744
0,05843047
0,08775941
0,08456644
0,06741615
0,04635837
0,03418491
0,08162972
0,04595237
0,05841377
0,06499226
0,1359816
0,1505881
0,06812976
0,1149339
0,1759476
0,144563
0,04846119
0,03382869
0,1064253
0,08288572
0,02285934
0,04966804
0,07172867
0,05408099
0,09308328
0,08021914
0,09666212
0,06001087
0,1056902
0,1376535
0,133299
0,1541422
0,1156452
0,1001216
0,09471662
0,1238279
0,1017111
0,1060402
0,1618628
0,2108381
0,2307657
0,1900749
0,1370582
0,09344112
0,1137281
0,1192339
0,08086014
0,04471755
0,04471755
0,1241056
0,1047787
0,1047787
0,06232437
0,05269806
0,05927365
0,07539076
0,06394581
0,08046798
0,08465236
0,07576903
0,07576903
0,1435129
0,100241
0,07911153
0,06133899
0,05846923
0,1872337
0,2500679
0,2500679
0,1906651
0,1906651
0,147814
0,1890655
0,1742195
0,1758756
0,1946033
0,1946033
0,2795935
0,2490391
0,2490391
0,1678406
0,1409197
0,1409197
0,3016355
0,3127519
0,3127519
0,5211415
0,337621
0,2208904
0,2208904
0,1200964
0,1523308
0,1523308
0,1273972
0,07743209
0,07743209
0,04923782
0,040089
0,04805781
0,04805781
0,07494564
0,04121576
0,04121576
0,03944394
0,05088725
0,05088725
0,05862442
0,04040935
0,05805015
0,05805015
0,06907186
0,04832931
0,04832931
0,04457379
0,06351992
0,06351992
0,04179981
0,04175078
0,04175078
0,05562823
0,09390275
0,07273702
0,07273702
0,04948063
0,02940769
0,02940769
0,03939155
0,0397721
0,0397721
0,03144266
0,07004023
0,07004023
0,09632044
0,05649269
0,02226026
0,02226026
0,02460953
0,02030312
0,02030312
0,06670411
0,07499312
0,07499312
0,0198009
0,01250393
0,01882416
0,01882416
0,01674506
0,01500236
0,01500236
0,1413139
0,1151201
0,1151201
0,02472341
0,032937
0,03517308
0,03517308
0,04749925
0,1141078
0,1141078
0,05791829
0,02660974
0,02660974
0,07248171
0,05542138
0,05542138
0,0754573
0,1187506
0,1247908
0,1247908
0,08773226
0,05053264
0,05053264
0,02368096
0,02897923
0,02897923
0,04980305
0,03369045
0,07934052
0,07934052
0,1475136
0,06847437
0,06847437
0,1112933
0,08224668
0,08224668
0,02221763
0,1318176
0,1318176
0,1695423
0,08652251
0,05629755
0,05629755
0,0739177
0,04647827
0,04647827
0,2001015
0,1994904
0,1994904
0,06437213
0,0579305
0,1000858
0,1000858
0,03547813
0,0735886
0,0735886
0,07462565
0,02425203
0,02425203
0,06785382
0,05256339
0,05256339
0,03543738
0,02812701
0,03350371
0,03350371
0,03616599
0,06612156
0,06612156
0,09986696
0,1335751
0,1335751
0,2022352
0,1274584
0,07046633
0,07046633
0,07728102
0,05903045
0,05903045
0,1193359
0,1474685
0,1474685
0,09921588
0,08403647
0,09732559
0,09732559
0,1318543
0,08983403
0,08983403
0,05260767
0,07246146
0,07246146
0,1117596
0,1315664
0,1315664
0,1523034
0,1333631
0,08166279
0,08166279
0,07866769
0,1177841
0,1177841
0,2125853
0,2257324
0,2257324
0,2519961
0,1783887
0,08701839
0,08701839
0,08882573
0,06281755
0,06281755
0,05799257
0,05914698
0,05914698
0,02870035
0,05070663
0,05070663
0,02911752
0,03467627
0,03573491
0,03573491
0,03178916
0,03197212
0,03197212
0,04162677
0,03097552
0,03097552
0,01635266
0,0148079
0,02627024
0,02627024
0,08863707
0,1260508
0,1260508
0,1029292
0,05184815
0,05184815
0,06987507
0,02941699
0,02941699
0,163324
0,1787346
0,1119224
0,1119224
0,05796034
0,1033867
0,1033867
0,102457
0,1022448
0,1022448
0,07058578
0,06267663
0,07025828
0,07025828
0,1255183
0,1382427
0,1382427
0,1668021
0,14663
0,14663
0,07248689
0,09173835
0,09173835
0,1318208
0,0995068
0,05799155
0,05799155
0,04209761
0,03232235
0,03232235
0,1298907
0,1608714
0,1608714
0,1448337
0,1027231
0,03064892
0,03064892
0,072666
0,05801455
0,05801455
0,07049305
0,07646269
0,07646269
0,08190731
0,02865936
0,02040016
0,02040016
0,09788906
0,1713063
0,1713063
0,1950068
0,1359423
0,1359423
0,03524259
0,05011813
0,05011813
0,1651456
0,1810548
0,1780267
0,1780267
0,08342799
0,1583816
0,1583816
0,2977843
0,2710722
0,2710722
0,2035348
0,1833628
0,1678576
0,1678576
0,1793229
0,2322638
0,2322638
0,1368649
0,1142929
0,1142929
0,1193583
0,1164419
0,1250524
0,1250524
0,1486188
0,1161479
0,1161479
0,01805018
0,04562625
0,04562625
0,01924585
0,05307456
0,05307456
0,08146866
0,03894572
0,02110749
0,02110749
0,02866126
0,02393517
0,02393517
0,0347823
0,0248022
0,0248022
0,03355569
0,03438854
0,0358259
0,0358259
0,04041179
0,05292921
0,05292921
0,09248777
0,08265996
0,08265996
0,08602609
0,08370249
0,08370249
0,1070618
0,09099998
0,07030867
0,07030867
0,05989411
0,04916867
0,04916867
0,09242855
0,1027952
0,1027952
0,1264859
0,06584975
0,04766567
0,06819057
0,07220224
0,07220224
0,08380647
0,05460551
0,05460551
0,04350879
0,05837513
0,05837513
0,06885075
0,07767197
0,06435229
0,06435229
0,04819413
0,0518082
0,0518082
0,08690896
0,09806795
0,09806795
0,1147744
0,08827366
0,04870802
0,04870802
0,05921992
0,1058913
0,1058913
0,08457322
0,0818676
0,0818676
0,1447679
0,08897366
0,08897366
0,1055304
0,1259531
0,1217686
0,1217686
0,1119222
0,06686666
0,06686666
0,08608431
0,1036947
0,09433296
0,1126776
0,1322082
0,1322082
0,101422
0,06804754
0,06804754
0,07585251
0,1038786
0,1019019
0,09432932
0,06973572
0,06973572
0,05027568
0,05660824
0,05660824
0,04748287
0,08214772
0,08214772
0,1056012
0,0512192
0,1054796
0,0253925
0,0253925
0,08988944
0,08988944
0,05425631
0,05425631
0,024287
0,06972262
0,07089697
0,04375979
0,02917893
0,02912017
0,03450261
0,03450261
0,0892259
0,1295393
0,132456
0,08410382
0,0889128
0,09839068
0,1288677
0,1345619
0,1345619
0,1105575
0,1333708
0,1256417
0,1038365
0,1247921
0,1080478
0,06820831
0,06384335
0,06569298
0,06880748
0,06880748
0,05086674
0,05086674
0,05175838
0,05731626
0,05246577
0,05807541
0,06479957
0,05019841
0,04466034
0,07279456
0,08569247
0,08569247
velocityComponents
0,03196281
0,4346571
0,3588655
-0,1248183
0,9381567
0,1858234
-0,1070976
0,6230444
0,1992881
-0,1070976
0,6230444
0,1992881
0,008726679
-0,01407638
0,004264712
0,04833341
0,2910787
0,4883349
0,04833341
0,2910787
0,4883349
0,002469998
0,02816754
0,003233768
0,002469998
0,02816754
0,003233768
-0,007056474
0,06228745
0,03401807
-0,007056474
0,06228745
0,03401807
0,04705001
-0,03454188
0,1419131
0,06937742
-0,03296932
0,3238229
0,06937742
-0,03296932
0,3238229
-0,03291506
0,06962722
-0,02483488
-0,03291506
0,06962722
-0,02483488
0,01710936
0,03324602
0,09808251
0,01710936
0,03324602
0,09808251
0,05137688
-0,1156627
0,1971011
-0,007440553
-0,001936804
0,01309224
-0,003705013
0,01054865
0,03851463
0,004970933
0,0005586748
0,06241325
0,01850025
0,0675805
0,1259647
0,04570964
0,1008823
0,1897643
0,07778472
0,1194543
0,2505198
0,05982622
0,02714059
0,1845138
0,02650256
-0,03597337
0,09072758
0,01257951
0,01767945
0,07716653
0,0227918
0,006439501
0,1115631
0,05627375
0,02577973
0,1784949
0,112054
0,07973418
0,3312573
0,1198442
0,08527589
0,3406513
0,05214985
0,04585017
0,1464141
0,0223887
0,03843178
0,07120502
0,01796035
0,0574135
0,07870365
0,03567638
0,09608077
0,1397062
0,07954144
0,1573724
0,275068
0,05307667
0,08350784
0,1705166
0,05307667
0,08350784
0,1705166
0,007444199
0,06679992
0,05232557
0,007444199
0,06679992
0,05232557
0,04185168
0,06903034
0,1438502
0,07734554
0,1171907
0,2698829
0,05727108
0,1202385
0,2166552
0,009958758
0,08344278
0,08826193
0,009969137
0,1191143
0,1319208
0,02597477
0,1513393
0,1916646
0,06046355
0,2124941
0,3193851
0,04358466
0,1997975
0,2508778
0,01223218
0,1892598
0,1744211
-0,02458928
0,1435166
0,0418261
-0,04511776
0,2020191
0,04118285
0,009069656
0,09104273
0,09646386
0,03939792
0,2154968
0,2797089
0,03243343
0,2540232
0,2907402
0,007761674
0,1027397
0,1162667
0,01409842
0,1532448
0,1828007
0,02993343
0,1077899
0,1679977
0,03522663
0,08835673
0,1803354
0,05026883
0,05904332
0,2302843
0,0125776
0,03160228
0,0707186
0,03098367
0,07962551
0,1670473
0,07511335
0,05733195
0,3018181
0,04561981
0,02834688
0,1699975
0,03068986
0,118535
0,1739935
0,02610854
0,1088307
0,1386685
0,05850271
0,178746
0,2967582
0,0427755
0,1468874
0,2418313
-0,0003724502
0,1323982
0,08138573
-4,791827E-05
0,237735
0,1577049
0,005543723
0,1690559
0,1134223
0,001358959
0,2008083
0,1340578
-0,01217127
0,2957889
0,1587573
-0,02147045
0,1675744
0,04607214
0,01339735
0,1380714
0,2037664
0,03158463
0,06373867
0,1917151
0,01727644
0,1032311
0,2284004
-0,01605414
0,1619933
0,1826759
0,006283352
0,06426159
0,1632929
0,03171843
0,02982275
0,3624457
0,01698463
-0,001627213
0,1619426
0,001947935
0,05063728
0,2472331
-0,005451377
0,09816792
0,3134722
0,004092419
0,0221862
0,1236059
0,01944236
0,02692941
0,3004211
-0,001733825
0,07002795
0,1080649
-0,06236269
0,1851214
0,01690735
-0,0464997
0,1597633
0,07506065
0,01273905
0,02528989
0,1312768
0,03634042
-0,1049972
0,1845571
0,0004681663
-0,03301189
0,08156796
0,007814617
-0,04583152
0,05753466
0,04355356
-0,2152412
0,1448428
0,01342548
-0,111653
0,03244292
-0,01983483
-0,0350603
-0,01197524
-0,01090883
-0,01701994
0,1138686
0,00396867
-0,03278872
0,07535508
-0,03258268
-0,05099788
-0,06668297
-0,03141745
0,01396233
-0,06220371
-0,009696247
-0,0372717
0,07723305
0,04504722
-0,211793
0,2769144
-0,01209804
0,01064346
0,04710532
-0,06235051
0,1613185
0,01432142
-0,03990316
0,07986227
-0,01392283
-0,05467171
-0,01444434
-0,06986897
-0,05171593
-0,0280994
0,03177903
-0,006595255
0,008539923
0,09290953
0,03841961
-0,1719683
0,3501042
0,01209955
-0,1051589
0,0787672
-0,03629616
-0,03381139
-0,0451341
-0,04383843
-0,05962966
-0,01744107
0,008163094
-0,1141034
0,0832956
0,01308895
-0,2799038
0,1052983
-8,082279E-05
-0,164076
0,1707503
0,01799033
-0,1069097
0,1268404
0,05452714
-0,3357347
0,2439636
0,005722794
-0,06773228
0,04131057
-0,04500236
0,1569277
-0,04646463
-0,04694817
0,07550759
-0,06815235
-0,02482387
0,04395625
-0,02628518
-0,07550827
0,3000831
-0,06839471
-0,01643444
0,12691
0,07810827
0,01272381
-0,02191787
0,2088429
-0,007733574
-0,05042666
0,06743748
-0,00919399
0,003370159
0,03048058
0,0140946
-0,08629214
0,1576536
0,01131954
-0,03766284
0,119663
-0,0009737021
-0,1298059
0,02249057
0,005745787
-0,1553037
0,06639422
0,02137809
-0,1658572
0,06447207
0,03246851
-0,3650637
0,02317107
0,01395997
-0,165258
0,01749193
0,002755516
-0,1644524
0,009522938
0,003220473
-0,1818065
0,02769522
0,01319465
-0,1336153
0,04680512
0,02699675
-0,162072
0,1598042
0,00203511
-0,04433665
0,02265764
0,01121162
-0,09581295
0,08500549
0,03286123
-0,1903559
0,1923021
0,01944152
-0,0676911
0,1121816
0,002543378
-0,04270092
0,05167505
-0,001933436
-0,0155925
-0,000583504
0,02941394
-0,2737161
0,07855966
0,04373894
-0,4039
0,06751152
0,02187409
-0,2040819
0,009774745
0,02076904
-0,2228054
-0,0007478702
0,02879868
-0,2956518
0,02672407
0,02749132
-0,2902441
0,02281675
0,01103452
-0,1350469
-0,003346995
0,01103452
-0,1350469
-0,003346995
0,01746512
-0,179642
0,04255605
0,01746512
-0,179642
0,04255605
0,003115842
-0,09645
0,01205469
0,003115842
-0,09645
0,01205469
0,01211557
-0,1315412
0,06084016
0,02010503
-0,2396169
0,1003184
0,02010503
-0,2396169
0,1003184
0,007369869
-0,1152633
0,02628751
0,007369869
-0,1152633
0,02628751
0,004561842
-0,1040544
0,02461696
0,01718242
-0,1889861
0,1266076
0,02074436
-0,2172012
0,1376319
0,01051703
-0,1914662
0,05137398
-0,001485376
-0,08316942
-0,01423772
-0,004575302
-0,03071697
-0,01594708
-0,002825496
-0,02140837
0,005502201
-0,002825496
-0,02140837
0,005502201
0,002190133
-0,05192413
0,03809503
0,002190133
-0,05192413
0,03809503
-0,005025214
-0,08039775
-0,02402813
-0,003367326
-0,07267205
-0,00622027
-0,0001994254
-0,05700902
0,01837628
0,004991223
-0,09429216
0,0553694
0,01372311
-0,1408621
0,1171666
0,009499731
-0,1218915
0,06918798
0,005756376
-0,06758358
0,04537142
0,01664946
-0,1189053
0,1234219
0,02816245
-0,2179358
0,1779214
0,02816245
-0,2179358
0,1779214
0,03394061
-0,2329137
0,186076
0,01617724
-0,09449339
0,06163456
0,01617724
-0,09449339
0,06163456
0,006954331
-0,06690641
0,01156695
0,009524099
-0,09539877
0,05957063
0,01239164
-0,1153878
0,08720993
0,01239164
-0,1153878
0,08720993
0,02254837
-0,2484156
0,1641605
0,01843737
-0,2155422
0,1264877
0,01843737
-0,2155422
0,1264877
0,002489498
-0,05053426
0,007487022
-0,002421672
0,02852276
0,00328916
-0,002421672
0,02852276
0,00328916
0,001549302
0,01508791
0,07775772
0,005161595
-0,004725358
0,1001488
0,00580884
-0,03141579
0,08455271
0,00580884
-0,03141579
0,08455271
0,005968777
-0,04959295
0,06539555
0,001928756
-0,03349353
0,02940124
0,001928756
-0,03349353
0,02940124
-0,002672299
0,0311472
0,06020281
-0,0009840663
0,01545757
0,07430192
-0,0009840663
0,01545757
0,07430192
-0,003505451
-0,06065252
0,09895363
-0,003527947
-0,09253442
0,05605939
-0,003527947
-0,09253442
0,05605939
-0,002212718
-0,1655824
0,1192607
-0,003106679
-0,162659
0,07760256
-0,003291242
-0,06318765
0,09500234
-0,003291242
-0,06318765
0,09500234
-0,01157951
-0,01897699
0,1089396
-0,01438147
0,003116626
0,03493176
-0,01438147
0,003116626
0,03493176
-0,02022004
-0,05206012
0,02356742
-0,01418768
-0,06944643
0,02213745
-0,01418768
-0,06944643
0,02213745
0,0004891132
-0,3135982
0,2027629
0,006435988
-0,3245032
0,1947927
0,001519375
-0,2880044
0,1379651
0,001519375
-0,2880044
0,1379651
-0,01710524
-0,03195862
-0,03165098
-0,01672796
0,05406565
-0,04880663
-0,01672796
0,05406565
-0,04880663
-0,01000026
0,02287669
0,05106026
6,795031E-06
-0,1072863
0,08501241
6,795031E-06
-0,1072863
0,08501241
0,001531255
-0,2637291
0,05578455
-0,000375519
-0,1921906
-0,008341152
-0,000375519
-0,1921906
-0,008341152
-0,01417369
-0,05246415
-0,1477482
-0,01302625
-0,06037647
-0,06377445
-0,001017041
-0,0666555
0,07129809
-0,001017041
-0,0666555
0,07129809
0,01572372
-0,1589291
0,293289
0,01671527
-0,1465061
0,2424981
0,01671527
-0,1465061
0,2424981
0,01327603
-0,1674315
0,2090468
0,005518422
-0,08612204
0,08352041
0,005518422
-0,08612204
0,08352041
0,002111516
0,09974165
0,01237953
0,002906412
0,09418721
0,03023708
0,009269647
0,1251368
0,08804382
0,009269647
0,1251368
0,08804382
0,01988611
0,1267969
0,1994855
0,01909182
0,05817888
0,1895379
0,01909182
0,05817888
0,1895379
0,02447923
-0,04129738
0,2735693
0,01953974
-0,04354447
0,2111495
0,01953974
-0,04354447
0,2111495
0,02056134
0,07078651
0,1957103
0,01242835
0,1589944
0,09197302
0,01242835
0,1589944
0,09197302
0,01655211
0,2182535
0,126726
0,02106157
0,0605268
0,2135984
0,02308216
-0,02357778
0,2531039
0,02308216
-0,02357778
0,2531039
0,0208197
-0,04732856
0,2545991
0,01211561
0,007363659
0,1276749
0,01211561
0,007363659
0,1276749
-0,01086715
0,2154966
-0,1457794
-0,01366843
0,2246689
-0,1175235
-0,01366843
0,2246689
-0,1175235
0,0005124179
0,1944981
0,03912613
0,01539904
0,03112723
0,1985289
0,02274743
-0,137904
0,27792
0,02274743
-0,137904
0,27792
0,01859757
-0,1733682
0,2371121
0,002437718
-0,02457235
-0,02483295
0,002437718
-0,02457235
-0,02483295
-0,05041168
0,4901621
-0,6963605
-0,0494606
0,4816255
-0,4995586
-0,01670288
0,2903438
-0,1268524
-0,01670288
0,2903438
-0,1268524
0,03450201
-0,2019171
0,3525921
0,03450201
-0,2019171
0,3525921
0,03036421
-0,3762737
0,4765467
0,01529505
-0,2784714
0,173652
0,01529505
-0,2784714
0,173652
-0,0205706
0,06093382
-0,2230744
-0,01206436
0,06774259
0,003790355
-0,01206436
0,06774259
0,003790355
0,02021498
-0,1317311
0,6198433
0,02204233
-0,2135107
0,5022793
0,02204233
-0,2135107
0,5022793
7,325647E-05
-0,1436601
0,1336736
-0,01291064
-0,06336346
-0,06893025
-0,01322109
0,09136898
-0,06673476
-0,01322109
0,09136898
-0,06673476
-0,001431996
0,224112
0,1579742
0,007630092
0,1182984
0,2100538
0,007630092
0,1182984
0,2100538
0,01807092
-0,1943206
0,358309
0,01264449
-0,1506092
0,1653437
0,01264449
-0,1506092
0,1653437
0,002260843
0,1200229
-0,08447988
-0,003764704
0,1989816
-0,1211042
-0,005735389
0,3114887
-0,1265607
-0,005735389
0,3114887
-0,1265607
0,008183122
0,1833593
0,2574007
0,0169246
-0,1510148
0,3631308
0,0169246
-0,1510148
0,3631308
0,01456387
-0,27903
0,4196478
0,0056749
-0,1166367
0,1473909
0,0056749
-0,1166367
0,1473909
-0,01269166
0,2039251
-0,2176845
-0,01732161
0,2613528
-0,2180685
-0,01732161
0,2613528
-0,2180685
-0,01757781
0,3107162
-0,1238389
-0,004656596
0,1973306
0,1066096
0,00693982
0,04019433
0,2998624
0,00693982
0,04019433
0,2998624
0,01114898
-0,1666563
0,3792292
0,00248298
-0,1192793
0,08602436
0,00248298
-0,1192793
0,08602436
-0,008241517
0,1530583
0,06013455
-0,003641112
0,2040933
0,1488021
-0,003641112
0,2040933
0,1488021
-0,003106302
0,5444795
0,1228731
-0,0009937538
0,4838625
0,06111516
0,005727252
0,1040051
-0,1082131
0,005727252
0,1040051
-0,1082131
0,009866018
-0,0789903
-0,2635041
0,01360392
0,02610913
0,2020431
0,0194698
0,1147098
0,5859481
0,01906177
0,2962131
0,4248924
0,01906177
0,2962131
0,4248924
0,01278791
0,3545945
-0,2697978
0,00256334
0,2747839
-0,2399565
0,002394397
0,1940075
-0,0911102
0,009552181
0,1033738
0,137595
0,01627585
0,09873202
0,2922443
0,01627585
0,09873202
0,2922443
0,01917188
0,04200079
0,166743
0,01501773
0,04627639
0,1195958
0,01245138
0,04899036
0,1707227
0,01139455
0,1228281
0,2080314
0,005392015
0,2951168
0,1253347
0,008625193
0,3244352
0,1300013
0,01628189
0,1520099
0,2556855
0,01480777
0,06625266
0,3454688
0,01359677
-0,002413082
0,2903528
0,005227427
0,09556194
0,02763985
0,001591894
0,1888249
-0,1357786
-0,006562836
0,304536
-0,1821405
-0,009999822
0,3892971
-0,1147811
-0,003533071
0,3040535
0,1209312
0,006164779
0,2660202
0,04091197
0,01305646
0,2295129
-0,2060684
0,006656318
0,2127758
-0,1386916
0,006656318
0,2127758
-0,1386916
0,01117693
0,184056
0,09625623
0,01280395
0,21327
0,2008327
0,01648149
0,1216763
0,117019
0,01412714
0,1742782
0,1512748
0,006119661
0,2049061
0,1661002
-0,0009766468
0,3080841
0,2896796
0,0009316931
0,3786678
0,4647751
0,008549321
0,3002882
0,4448457
0,02603652
0,2071947
0,2146727
0,01768506
0,2759878
0,09962656
0,005603258
0,2567027
0,1493859
-0,01059426
0,3495734
0,3580938
0,0031844
0,1977942
0,2313198
0,01735224
0,1968363
0,1166384
0,00453302
0,3345803
0,1253339
-0,0115615
0,30581
0,2397258
-0,002487641
0,2204163
0,3968653
0,01915413
0,07385525
0,09408455
0,01057286
0,2097448
0,09077524
-0,02334294
0,398409
0,1690349
-0,01016736
0,2031483
0,1933994
0,03249946
0,04091447
0,007973734
0,002762308
0,1173219
-0,008558121
-0,03998645
0,2085839
0,2979543
-0,00120582
0,01182393
0,2398233
0,008906102
0,03499259
-0,04787328
-0,008138903
0,1861087
-0,1665316
-0,02123901
0,12394
0,1053855
0,01113968
-0,2357925
0,3034716
0,03145112
-0,2307343
0,03558195
0,00861341
-0,04100139
-0,1451426
-0,01755337
0,01889527
0,01221477
-0,004414524
-0,1636733
0,2290162
0,04593454
-0,4464137
0,06299002
0,02935295
-0,2335143
-0,1501735
-0,009443927
-0,01164777
0,005085666
-0,02184713
-0,118081
0,2251174
0,01547234
-0,1670675
-0,03151079
-0,001716588
0,0451491
-0,1580615
-0,0350449
0,09244936
0,1354573
-0,01205766
-0,1347908
0,3091444
0,005809266
-0,1731622
0,1322007
-3,659458E-06
0,1092191
-0,2214369
-0,03908166
0,3221937
-0,1958798
-0,05642366
0,04211771
0,3400471
0,002893556
-0,222148
0,247415
0,01160073
-0,1119265
-0,009089188
-0,02024383
0,2202038
-0,2498928
-0,02487532
0,05005407
0,0840923
-0,007020751
-0,389414
0,3798851
-0,001890922
-0,142463
0,1084214
-0,04048344
0,2035566
-0,08844543
-0,0883043
0,2546738
0,1458042
-0,03253374
-0,1028577
0,2319823
-0,03299404
-0,3149053
0,3458757
-0,02409635
0,048789
-0,002380717
-0,04561611
0,3540024
-0,2157358
-0,08191074
0,2872486
0,02138723
-0,004577795
-0,201031
0,1780553
0,01386564
-0,3222702
0,1444204
0,003185038
-0,05649347
-0,03798044
-0,00414606
-0,1544073
0,06517924
-0,006506386
-0,3256019
0,2255096
-0,002982483
-0,156711
0,1002737
-0,01096298
-0,05806704
0,008194346
-0,02947503
-0,04316887
0,05063265
-0,01379075
-0,06034225
0,01738934
-0,02028418
-0,02929587
-0,002774894
-0,02228739
0,05900406
-0,01815731
-0,03822026
0,1177732
0,01746081
-0,04711634
0,01165721
0,1160852
-0,01590817
-0,03164229
0,04629491
-0,005657305
-0,04644335
-0,04507671
-0,02030033
0,08372787
-0,02690638
-0,04745049
0,06044981
0,1192267
-0,04158072
-0,3319663
0,3738855
-0,007002976
-0,2583881
0,1993389
-0,01385657
-0,1144291
0,06430183
-0,03029051
0,1993543
-0,06305927
-0,01850344
0,06005325
-0,02984185
0,01430815
-0,4586051
0,1687135
0,02911323
-0,4428752
0,1416399
0,01272517
-0,09539864
-0,01346447
-0,006007136
0,1548669
-0,1127739
0,009053377
0,07154223
-0,1397664
0,04739113
-0,7642354
0,1472574
0,03828846
-0,4323587
0,0609643
0,02789627
-0,237129
-0,02347889
0,01203058
0,02508556
-0,09941462
0,00496173
-0,002154515
-0,08185324
-0,004305659
-0,07227961
0,01152311
-0,009146377
-0,1799212
0,09982671
-0,004926411
-0,1532793
0,101957
-0,004175556
-0,133
0,09715035
-0,002535708
-0,07221617
0,05674152
-0,006611748
-0,1354747
0,08340766
-0,005299126
-0,5010098
0,2154832
0,004379684
-0,3006223
0,1227756
0,004379684
-0,3006223
0,1227756
-0,003359226
-0,1442241
0,1036695
-0,003359226
-0,1442241
0,1036695
0,005596431
-0,2097812
0,07615562
0,01388467
-0,3833301
0,07682306
0,01540311
-0,4701991
0,09723943
0,0067434
-0,4116066
0,1100425
-0,0003866312
-0,3049436
0,1060902
-0,0003866312
-0,3049436
0,1060902
-0,007912131
-0,1339101
0,08839516
0,0004288358
0,0743297
-0,01563923
0,0004288358
0,0743297
-0,01563923
-0,02159811
-0,09239642
0,09670808
-0,001215702
-0,1044637
0,01968873
0,01252801
-0,1584863
-0,03479163
0,006661701
-0,1392757
0,003335038
0,006661701
-0,1392757
0,003335038
-0,02145743
-0,3199111
0,1925277
-0,02278986
-0,3780061
0,1935963
-0,02161583
-0,3587713
0,1715154
-0,02161583
-0,3587713
0,1715154
0,00270461
-0,142506
0,02383514
0,01722606
0,07548748
-0,08383837
0,01722606
0,07548748
-0,08383837
0,001429882
0,2255231
-0,002586287
-0,02163384
-0,03431064
0,1328169
-0,02163384
-0,03431064
0,1328169
-0,05099421
-0,5196301
0,3190963
-0,01832275
-0,3716599
0,164741
0,009602747
-0,1087258
-0,0110782
0,009602747
-0,1087258
-0,0110782
0,02304477
0,1518816
-0,1042767
-0,007674484
0,0846153
0,03884308
-0,007674484
0,0846153
0,03884308
-0,02994648
-0,0513232
0,1721561
-0,03747064
-0,1537686
0,2279189
-0,03747064
-0,1537686
0,2279189
-0,05029774
-0,3222957
0,3126017
-0,01912405
-0,19824
0,1616706
-0,01912405
-0,19824
0,1616706
0,01802627
0,08819261
-0,02712878
0,0288059
0,2464169
-0,1120992
0,02351679
0,2649923
-0,09634832
0,02351679
0,2649923
-0,09634832
-0,01660481
0,09173909
0,1343767
-0,02824492
-0,08105151
0,2026214
-0,02824492
-0,08105151
0,2026214
-0,03714546
-0,123124
0,2538813
-0,0009419126
0,01323452
0,06279276
-0,0009419126
0,01323452
0,06279276
0,07162695
0,3425122
-0,3357733
0,04164568
0,2666422
-0,2242523
0,01144529
0,1197965
-0,05032165
0,01144529
0,1197965
-0,05032165
-0,02650821
-0,1588652
0,1925368
-0,01949633
-0,1634441
0,1626113
-0,01949633
-0,1634441
0,1626113
0,001004346
-0,07516326
0,0393278
0,01101909
-0,004519481
-0,04142901
0,01101909
-0,004519481
-0,04142901
9,443568E-05
0,1146457
-0,01247291
-0,007844085
0,0738355
0,02654839
-0,007844085
0,0738355
0,02654839
-0,0009157851
0,0912354
-0,001789628
0,005345389
0,08175723
-0,03563459
-0,001462331
0,05919536
-0,004352921
-0,001462331
0,05919536
-0,004352921
-0,00960148
0,03498597
0,0417366
0,001905542
0,02473469
-0,0065008
0,001905542
0,02473469
-0,0065008
-0,002905686
0,01294038
0,03668984
-0,02253079
-0,03091062
0,1426256
-0,02253079
-0,03091062
0,1426256
-0,05168742
-0,1311169
0,2945467
-0,04887959
-0,1200183
0,2778377
-0,04114518
-0,128317
0,2259849
-0,04114518
-0,128317
0,2259849
-0,01112226
-0,08570408
0,05621623
-0,003792393
-0,05648311
0,001384865
-0,003792393
-0,05648311
0,001384865
-0,02404077
-0,06737082
0,0838275
-0,04569166
-0,07966906
0,1970808
-0,04569166
-0,07966906
0,1970808
-0,06986803
-0,1945219
0,3102601
-0,04983121
-0,1680261
0,2319384
-0,006328605
-0,09422717
0,0245869
-0,006328605
-0,09422717
0,0245869
0,05644715
0,07952134
-0,2865773
0,04943737
0,1465004
-0,2755501
0,04943737
0,1465004
-0,2755501
0,0189241
0,1367085
-0,1221894
-0,02488725
-0,02303185
0,1058323
-0,02488725
-0,02303185
0,1058323
-0,05722497
-0,251194
0,2612276
-0,01513851
-0,181311
0,07485013
-0,01513851
-0,181311
0,07485013
0,0259297
-0,02074977
-0,1383048
0,01670195
0,0731098
-0,1101654
0,008704534
0,1502782
-0,06951793
0,008704534
0,1502782
-0,06951793
-0,04698187
0,1309778
0,2038737
-0,05042084
-0,001587244
0,2417686
-0,05042084
-0,001587244
0,2417686
-0,05986951
-0,06586017
0,285497
-0,03003059
-0,02205106
0,1451735
-0,03003059
-0,02205106
0,1451735
-0,02423191
0,07935493
0,1091473
-0,02158238
0,07874253
0,09933678
-0,02504857
0,04705798
0,1204622
-0,02504857
0,04705798
0,1204622
-0,0434381
-0,006873935
0,2212523
-0,03215637
-0,026897
0,1841092
-0,03215637
-0,026897
0,1841092
-0,01455036
-0,01469866
0,1224066
-0,002014309
0,02686458
0,0490803
-0,002014309
0,02686458
0,0490803
0,001513126
0,04797526
0,05416642
-0,01069144
-0,004874404
0,09935421
-0,01069144
-0,004874404
0,09935421
-0,00719604
-0,08331922
0,1009805
-0,002323422
-0,04496929
0,07206474
-0,005795354
-0,01509134
0,07899968
-0,005795354
-0,01509134
0,07899968
-0,01386611
0,05348242
0,1183753
-0,01334475
0,02588333
0,1110197
-0,01334475
0,02588333
0,1110197
0,01452145
0,02772605
0,003909618
0,02642961
0,03913763
-0,05644486
0,02642961
0,03913763
-0,05644486
0,05247073
0,117406
-0,1692005
0,03480899
0,1308976
-0,1054974
0,00151422
0,1350709
0,04373186
0,00151422
0,1350709
0,04373186
-0,02138801
-0,02198179
0,1526661
-0,00678738
-0,03769241
0,0881713
-0,00678738
-0,03769241
0,0881713
0,02911765
0,02507776
-0,07292853
0,03073339
0,09039202
-0,08719026
0,03073339
0,09039202
-0,08719026
-0,011903
0,1530415
0,1027152
-0,02589842
0,1160605
0,1740266
-0,02589842
0,1160605
0,1740266
-0,03704104
0,007273423
0,2351053
-0,01968199
-0,00197061
0,1521107
-0,007214942
0,0183981
0,08683734
-0,007214942
0,0183981
0,08683734
0,01343585
0,03521174
0,002945367
0,001259502
0,06679437
0,0442743
0,001259502
0,06679437
0,0442743
-0,02284994
0,1571845
0,1484411
-0,02967244
0,1326849
0,1801622
-0,03318558
0,1219265
0,1906055
-0,03318558
0,1219265
0,1906055
-0,04342626
0,1100304
0,239207
-0,03071602
0,1144677
0,1803738
-0,03071602
0,1144677
0,1803738
0,0003493292
0,1030902
0,0453535
0,01730772
0,09073709
-0,02656546
0,008338727
0,1005975
0,02029643
-0,004501222
0,1627736
0,09084851
-0,004501222
0,1627736
0,09084851
-0,04808894
0,2883334
0,3033184
-0,03260184
0,13383
0,2234292
-0,01384435
0,06501132
0,1518569
-0,01384435
0,06501132
0,1518569
0,01773736
0,1161665
0,02999431
0,01671691
0,1134616
0,02902948
-0,007794889
0,07753549
0,1333309
-0,03670157
0,0641758
0,2693534
-0,03670157
0,0641758
0,2693534
-0,03691276
0,09062087
0,289763
0,000309071
0,09293304
0,1341875
0,000309071
0,09293304
0,1341875
0,04836279
0,1089956
-0,07961729
0,04842755
0,152222
-0,06078648
0,04842755
0,152222
-0,06078648
0,01851254
0,04858016
0,09314396
0,04023954
0,003184791
0,008857417
0,08090471
0,01420018
-0,07648371
0,05789496
0,06004764
-0,05674222
0,05789496
0,06004764
-0,05674222
0,02552036
0,08720125
0,02720672
0,02552036
0,08720125
0,02720672
0,04977398
0,1120797
-0,007552766
0,05726065
0,0871437
-0,05601564
0,05315641
0,08002342
-0,05441456
0,05088134
0,09384156
-0,04844344
0,04321828
0,06131031
-0,007569222
0,04871733
0,06149902
-0,00127715
0,0383628
0,04985765
0,02363696
0,03474853
0,0912242
0,05208554
0,01473796
0,05134487
0,05374754
0,01473796
0,05134487
0,05374754
0,02299438
0,1097341
0,04753379
0,02299438
0,1097341
0,04753379
0,01274439
0,09301019
0,08261703
0,0265041
0,04122556
0,06934873
0,0368825
0,06311998
0,04168672
0,04181818
0,1365454
0,0544935
0,02549073
0,1784676
0,07851138
0,02404995
0,1185472
0,04516391
0,03948066
0,1037344
0,01938624
0,05494089
0,06111507
-0,01528005
0,05589421
0,08922597
0,004104241
0,01808612
0,1023774
0,1318564
0,01528376
0,1025932
0,1054589
0,03350302
0,1312369
0,06856952
0,0379049
0,1114889
0,06248402
0,04913923
0,1235532
0,08317377
0,02629278
0,08046111
0,1725871
0,01090172
0,1191373
0,2616102
0,01761849
0,1260976
0,2713551
0,03570021
0,1019875
0,2348377
0,0340776
0,08867866
0,2613125
0,01671831
0,07318552
0,2145486
0,01671831
0,07318552
0,2145486
0,02604501
0,05476188
0,1872654
0,02604501
0,05476188
0,1872654
0,03244818
0,03534314
0,1762969
0,003600052
0,1461837
0,2790228
0,004631448
0,1276673
0,1587081
0,004631448
0,1276673
0,1587081
0,03569139
0,1053028
0,0412425
0,03569139
0,1053028
0,0412425
-0,000548974
0,1012232
0,1482686
0,008709586
0,1216968
0,1153115
0,03773905
0,1501804
-0,03925548
0,04441599
0,231203
-0,08772185
0,03076488
0,1918302
-0,06723408
-0,007950333
0,2470217
0,02067294
0,003027723
0,1700918
-0,03249258
0,008237229
0,1394273
-0,0624029
-0,02039532
0,1760706
0,01389829
-0,02625133
0,1108435
0,05500109
-0,01678091
0,1169448
0,01655015
-0,005876318
0,0951394
-0,01253236
-0,02380246
0,1582604
0,03107519
-0,0304948
0,02277425
0,1214029
0,009163424
-0,01870423
0,007367874
0,04154191
0,02884738
-0,08790819
0,008746708
0,06285419
0,005582814
0,007568625
0,01799922
0,02590989
0,03143593
0,03313343
-0,03113347
0,03525387
0,06253332
-0,06955155
0,008392096
0,05351872
0,05052503
-0,0215407
0,0285754
0,1508734
-0,004830837
0,06200911
0,09357207
0,002627529
0,1360269
0,05069822
-0,02374857
0,07457856
0,1380163
-0,0511428
0,07000603
0,2405564
0,001239552
0,08732466
0,04562936
0,03525075
0,2104393
-0,1008831
0,008230777
0,267439
-0,03864063
-0,02520926
0,0870878
0,1347679
-0,01275189
-0,01668295
0,1465881
0,0198661
0,1231115
-0,04710774
-0,00443318
0,3824763
-0,0875823
-0,02324648
0,126706
0,0890311
-0,006430537
-0,01358571
0,09509347
0,01574205
-0,03018161
0,05372263
0,004374031
0,05714222
0,05935539
-0,01442357
-0,01895331
0,1442372
0,01395124
-0,09740954
0,08904865
0,02737339
-0,06234487
0,04152492
0,05717203
0,02814999
-0,02105038
0,006349166
0,00601797
0,09815366
0,004001213
-0,0950178
0,1379201
0,01873017
-0,03247242
0,07198594
0,02803248
0,09870984
-0,001367636
0,001517968
-0,009737427
0,1327718
-0,01463331
-0,09713718
0,1688155
-0,006210106
-0,0211642
0,1121627
-0,004208087
0,1252838
0,05826913
-0,009187877
0,1068954
0,06386159
-0,01745035
0,04079569
0,1193047
-0,01685733
0,05772772
0,08959262
-0,03045217
0,1231115
0,1240736
-0,01791028
-0,007178498
0,1401323
-0,00386293
-0,07198343
0,1003133
-0,005844216
0,006634766
0,06492374
-0,03119632
0,09920495
0,09401254
-0,02800938
0,03709926
0,08486716
-0,01109856
-0,04263808
0,05534258
-0,0008611137
-0,03093137
-0,009107732
-0,01478524
0,06834203
-0,02948437
-0,05583639
0,02552314
0,07704656
-0,04680612
-0,127362
0,1283033
-0,05269858
-0,1808517
0,1481616
-0,05168751
-0,1399685
0,1260759
-0,04387384
-0,103402
0,1048648
-0,05864034
-0,2346173
0,1617041
-0,04051726
-0,1658079
0,1250767
-0,06165436
-0,09517233
0,1536133
-0,08114074
-0,03510915
0,176597
-0,0289448
-0,02017577
0,05403749
-0,02337198
-0,07755637
0,06133845
-0,02056958
0,04228093
0,02232739
-0,0275995
0,2318578
-0,03728331
-0,03564721
0,0435867
0,03293276
-0,01741051
-0,09219392
0,05156147
-0,0171726
-0,08687672
0,04251261
-0,01961591
0,1283287
-0,02644819
-0,01767804
0,1409086
-0,05132979
-0,005249981
-0,2075586
0,02756196
-0,0002162259
-0,223635
0,04879182
-0,01814404
-0,001461394
0,02330832
-0,01726936
0,1651082
-0,03642459
-0,01002833
0,1148154
-0,02899865
-0,01950873
-0,04892389
0,06621335
-0,02323757
-0,1292526
0,1222398
-0,0324477
-0,08723824
0,1369674
-0,0326213
-0,1411134
0,1593648
-0,02563955
-0,1372259
0,1407077
-0,03175434
-0,070451
0,1460268
-0,02184811
0,01973521
0,08432215
-0,01647508
-0,04260317
0,09498172
-0,004806114
-0,1443533
0,1013533
-0,009090687
-0,05288866
0,07341203
-0,01686954
-0,01154721
0,07123426
-0,02039324
-0,004273308
0,06415238
-0,01396809
-0,05986282
0,06237173
-0,01618984
-0,09139281
0,07574961
-0,006054957
-0,01783588
0,02055449
-0,003403985
-0,1080261
0,02784746
-0,001136061
-0,07395219
0,01424338
-0,002303742
0,01012994
-0,00706191
-0,00529889
0,2117374
-0,1167558
0,0004671229
0,1006767
-0,09343383
0,003907435
0,1383566
-0,1196523
-0,01799332
0,1963272
-0,07811275
-0,01829562
0,1465601
-0,05524927
-0,0230073
0,0788307
-0,02488107
-0,01067684
0,06047615
-0,02903114
-0,01438023
0,07914916
-0,02821869
-0,02676888
0,06338497
0,005759733
-0,02277889
0,05457245
0,008448952
-0,01847317
0,05090245
0,003151165
-0,0177875
-0,001955886
0,02755505
-0,03166206
-0,03864272
0,07314
-0,02931772
-0,07357395
0,08157023
-0,02271781
-0,04989296
0,06670769
-0,02333075
-0,06840623
0,07876615
-0,01119191
-0,08171731
0,06124608
0,008583806
-0,09054834
0,0199619
0,0224292
-0,07982434
-0,007796025
0,02711691
-0,0712048
-0,0217118
0,03191264
-0,06244687
-0,03510537
0,03992389
-0,05436098
-0,05256398
0,0541333
-0,05299605
-0,07629287
0,04853233
-0,01710609
-0,07669357
0,02791894
-0,01546508
-0,03675614
0,02141329
-0,0173128
-0,01913962
0,01448429
0,005709889
-0,01376075
0,006702857
0,004496473
0,009933652
0,00208696
0,008350605
0,02079125
0,004472459
0,02546075
0,001151307
0,005493371
0,02678327
-0,004502606
0,0001325973
0,02439824
0,0061342
-0,001507722
0,01038224
0,0081597
0,01884255
0,01941647
-0,04489442
0,01200515
0,003204967
-0,02548908
0,0286471
-0,04126419
-0,0501603
0,05926969
-0,08231199
-0,1056953
0,06789594
-0,06770037
-0,1279288
0,08726911
-0,03181006
-0,1617848
0,0402489
-0,01697711
-0,05579755
-0,002471331
-0,1183455
0,07039901
0,01815521
-0,1043679
0,008411702
0,02183595
-0,0630326
-0,02035025
-0,002796667
-0,05489328
0,05322725
0,01283015
0,01322022
-0,0121497
0,04713019
0,09096556
-0,1126887
0,02773036
0,06864689
-0,06991015
0,002282825
0,01643682
0,004250668
0,003624297
-0,009866157
0,01473225
0,0144126
-0,03286062
-0,008408277
0,01748425
-0,01152482
-0,02213171
0,01357135
-0,01470081
-0,01259952
0,002575817
-0,004756504
0,003532747
-0,008658866
-0,03688246
0,03403209
-0,002433002
-0,007610088
0,00769446
-0,01034444
-0,01522523
0,02301564
-0,0178382
-0,0146763
0,04093732
-0,009366601
-0,007024423
0,01905288
-0,003330233
0,002708907
0,00296462
-0,01097093
-0,01075999
0,02709007
-0,007903696
0,002777925
0,01508196
0,007793335
0,02482513
-0,03600239
0,007557942
0,0342755
-0,03716467
0,002646632
0,03113269
-0,0228525
-0,0215438
0,02140644
0,03112141
-0,002793938
0,02972416
-0,01964343
0,01335808
0,06746769
-0,07298838
-6,823786E-05
0,02039902
-0,01708744
-0,0185969
-0,01232702
0,02816686
-0,01648035
0,008477036
0,01461393
-0,01049616
0,01046332
0,01027011
-0,02856301
-0,01753635
0,06115085
-0,01249042
-0,01631382
0,03128509
-0,005767878
-0,0289602
0,02408308
0,00161955
-0,03816923
0,01749795
-0,0002645028
-0,04574801
0,0272976
-0,01056448
-0,1262598
0,08656964
0,0003476334
-0,05667382
0,03360224
0,01076457
-0,05571143
0,01394565
0,01942716
-0,08524248
0,007617079
0,01297977
-0,08183992
0,01688896
0,009881672
-0,06430767
0,01765827
0,01838383
-0,03993415
-0,01471044
0,009369384
-0,03277416
-0,002584076
0,006902855
-0,07983643
0,01555332
0,005226709
-0,04510908
0,007033709
-0,004096983
-0,05196163
0,02636991
-0,01393566
-0,04707289
0,04259032
-0,02721043
-0,1001161
0,0879053
-0,02980268
-0,1155631
0,09183546
-0,005207706
-0,06378952
0,02335466
-0,006440987
-0,1096212
0,03393377
-0,01204562
-0,164483
0,06130101
-0,01372946
-0,1296514
0,06245389
0,004505457
-0,04825129
3,515692E-05
0,001991798
-0,03374491
0,001301783
-0,008148567
-0,09698856
0,0430483
-0,006468251
-0,07285634
0,03898921
0,001681848
-0,02241175
0,00417544
0,002242743
-0,04910189
0,007133682
-0,002685845
-0,06706932
0,02528823
0,004951781
-0,05333311
0,007470782
0,006640356
-0,09165979
0,01479474
0,002324895
-0,07694291
0,02257198
0,0027994
-0,0936163
0,0239106
0,001420257
-0,05780302
0,01606543
-0,005394932
-0,09819193
0,03872544
-0,01076465
-0,1252386
0,05610624
-0,007751882
-0,1236521
0,04918024
-0,009472352
-0,142236
0,05864318
-0,004794864
-0,107611
0,04207968
0,002060503
-0,09683534
0,02535753
-0,002476558
-0,08833576
0,03408663
-0,008875079
-0,1112927
0,05355847
-0,003238151
-0,09315692
0,04069948
-0,001167412
-0,09889534
0,03824744
0,001693154
-0,153238
0,05210397
-0,003399378
-0,1959798
0,07767293
-0,02313583
-0,1904888
0,1281856
-0,0212563
-0,1507751
0,1137696
-0,005409298
-0,1179922
0,06952357
-0,001607951
-0,0804027
0,04758217
-0,01241575
-0,08304457
0,07670423
-0,01347754
-0,08438623
0,08315068
-0,008086453
-0,05230879
0,06112906
-0,004472129
-0,02078897
0,039338
-0,004472129
-0,02078897
0,039338
-0,02845389
-0,05484449
0,107632
-0,02305353
-0,05182971
0,08809534
-0,02305353
-0,05182971
0,08809534
-0,01199935
-0,02000935
0,05779246
-0,008135045
-0,01906486
0,04845036
-0,0051953
-0,03850339
0,04476452
-0,0003063963
-0,06286752
0,04160947
0,008569226
-0,05930938
0,02231666
0,03046869
-0,07401019
-0,008321353
0,03608309
-0,07258108
-0,02441349
0,03240873
-0,06145575
-0,03022929
0,03240873
-0,06145575
-0,03022929
0,01014603
-0,1373327
0,04040742
0,01702516
-0,09779666
0,01393585
0,01507576
-0,07701246
0,01002187
0,01681316
-0,05894792
-0,002220932
0,02176376
-0,05130955
-0,01767257
0,09202468
-0,163053
0,001273426
0,09868377
-0,2284066
0,02501815
0,09868377
-0,2284066
0,02501815
0,04658374
-0,1818117
0,03358001
0,04658374
-0,1818117
0,03358001
0,05516944
-0,1367357
-0,01042397
0,07170339
-0,1679195
-0,04906536
0,05396327
-0,1644492
-0,01992096
0,02328326
-0,1715984
0,03072618
0,009396496
-0,186679
0,05415795
0,009396496
-0,186679
0,05415795
-0,003920512
-0,2642585
0,09123917
0,002282128
-0,2365056
0,07797658
0,002282128
-0,2365056
0,07797658
0,01635646
-0,1617655
0,04165148
0,01046991
-0,1279286
0,05816373
0,01046991
-0,1279286
0,05816373
-0,01024459
-0,2598056
0,1529054
-0,01641642
-0,2707903
0,1556176
-0,01641642
-0,2707903
0,1556176
-0,03587231
-0,4435456
0,2712359
-0,02106028
-0,2858868
0,1783624
-0,0217294
-0,1704973
0,1387483
-0,0217294
-0,1704973
0,1387483
-0,02645742
-0,05219487
0,1048753
-0,02453302
-0,0742161
0,1307469
-0,02453302
-0,0742161
0,1307469
-0,01047967
-0,05344254
0,1151699
0,006289012
-0,03519662
0,06868314
0,006289012
-0,03519662
0,06868314
0,01545038
-0,02456672
0,03977593
-0,008509687
0,004540949
0,03891134
-0,02228917
0,01854556
0,03832503
-0,02228917
0,01854556
0,03832503
-0,02434126
-0,004224164
0,07075669
-0,007728086
0,01805155
0,0362375
-0,007728086
0,01805155
0,0362375
0,00843809
0,03655
0,0121951
0,009735659
0,04749853
0,01544728
0,009735659
0,04749853
0,01544728
0,01331966
0,04504342
0,03507849
0,03205792
0,02044385
-0,0136841
0,04031775
0,01919041
-0,03709483
0,04031775
0,01919041
-0,03709483
0,03887662
0,04391797
-0,03647933
0,02316418
0,03802212
-0,01880057
0,02316418
0,03802212
-0,01880057
-0,003271194
0,02582874
0,03618008
-0,01695489
-0,01929121
0,05809614
-0,01695489
-0,01929121
0,05809614
-0,01218203
0,02762923
0,02890411
-0,0164165
0,02531485
0,028858
-0,0164165
0,02531485
0,028858
-0,03123497
0,007073568
0,04548452
-0,04945267
-0,03524075
0,07162576
-0,04338899
-0,02073512
0,0545722
-0,04338899
-0,02073512
0,0545722
-0,001212721
0,02506554
-0,04264482
-0,00419267
0,0008733024
-0,02909417
-0,00419267
0,0008733024
-0,02909417
-0,01932695
-0,03122981
0,01424298
-0,01758383
-0,03214436
0,01547155
-0,01758383
-0,03214436
0,01547155
-0,01364661
-0,0282512
-0,002068912
-0,0151732
-0,0679625
0,007516993
-0,0151732
-0,0679625
0,007516993
-0,01840957
-0,09344771
0,01436106
-0,003367037
-0,05576346
-0,008397777
0,0002847484
-0,0202556
-0,009227606
0,0002847484
-0,0202556
-0,009227606
0,005020731
-0,003462475
-0,02384182
-0,01107402
-0,01259828
0,01143968
-0,01107402
-0,01259828
0,01143968
-0,01491636
-0,05744264
0,03045134
-0,01049853
-0,06915569
0,02704144
-0,01049853
-0,06915569
0,02704144
0,003740753
-0,01933074
0,002098837
0,006961827
-0,007256559
-0,00743126
0,01087528
-0,001636204
-0,01527743
0,01087528
-0,001636204
-0,01527743
0,01236272
0,004235689
-0,01046992
0,004931813
-0,007495357
0,01202363
0,004931813
-0,007495357
0,01202363
-0,03505989
-0,06327085
0,1213969
-0,02286156
-0,06966382
0,08875211
-0,02286156
-0,06966382
0,08875211
0,00555197
-0,003760739
0,02379663
0,0152204
0,02871321
-0,005360702
0,01714326
0,02860736
-0,01117469
0,01714326
0,02860736
-0,01117469
0,001427989
0,00687371
0,04697756
-0,01792772
-0,05261206
0,09965517
-0,01792772
-0,05261206
0,09965517
0,01919617
-0,04650116
0,02869978
0,02555362
-0,005350294
0,00514446
0,02555362
-0,005350294
0,00514446
0,04022296
0,05831029
-0,01535
0,02832006
0,04739184
-0,004849437
0,02832006
0,04739184
-0,004849437
0,005691565
0,03022881
0,06890305
-0,01396004
-0,004554815
0,1178392
-0,01901469
-0,03234167
0,1190176
-0,01901469
-0,03234167
0,1190176
-0,001295685
-0,03764025
0,07923687
0,007061346
-0,01457838
0,04786602
0,007061346
-0,01457838
0,04786602
0,01663433
0,01369404
0,00982652
0,01257072
0,01809526
0,01882376
0,01257072
0,01809526
0,01882376
0,006877083
0,01714711
0,0462496
0,009978904
0,01050354
0,03041618
-0,006160856
-0,05539076
0,05646969
-0,006160856
-0,05539076
0,05646969
-0,01215263
-0,1301642
0,06833641
0,01081864
-0,06610479
0,01420747
0,01081864
-0,06610479
0,01420747
0,05279802
0,05711789
-0,07959966
0,03723517
0,04897537
-0,05458453
0,03723517
0,04897537
-0,05458453
0,01602862
-0,0153848
-0,0001200586
-0,0001943002
-0,1280314
0,03136551
-0,0001943002
-0,1280314
0,03136551
0,004448256
-0,1670926
0,02837041
0,02948344
-0,07637736
-0,02798877
0,0317231
-0,01400194
-0,04435093
0,0317231
-0,01400194
-0,04435093
0,04539327
0,008189845
-0,05775988
0,01788874
-0,04288677
-0,0009733877
0,01788874
-0,04288677
-0,0009733877
-0,02918429
-0,1643023
0,1104247
-0,02247279
-0,1737708
0,0953681
-0,02247279
-0,1737708
0,0953681
0,01035941
-0,05949714
0,02228326
0,03399701
0,02684885
-0,03846148
0,03796225
0,07813065
-0,04971552
0,03796225
0,07813065
-0,04971552
0,00702381
0,0267675
0,02220056
-0,01156705
-0,036681
0,06273746
-0,01156705
-0,036681
0,06273746
-0,001386014
-0,05586502
0,04945873
0,02132919
-0,004490599
-0,01063302
0,02132919
-0,004490599
-0,01063302
0,03785784
0,04604113
-0,03242126
0,02190213
0,04766677
0,003329457
0,02190213
0,04766677
0,003329457
0,01628515
0,01819031
0,02568491
0,01661146
0,001486786
0,02264901
0,01243887
0,006416616
0,03044011
0,01243887
0,006416616
0,03044011
0,003571108
0,01144362
0,0341214
-0,003246709
0,02554255
0,06090235
-0,003246709
0,02554255
0,06090235
0,01003417
0,08769124
0,04672229
0,03616656
0,1268887
-0,02082201
0,03616656
0,1268887
-0,02082201
0,06319678
0,1746203
-0,08008104
0,04028035
0,1134709
-0,04180289
0,01536598
0,06799324
0,01031067
0,01536598
0,06799324
0,01031067
-0,0001498644
0,05156144
0,0575652
0,008868
0,04854624
0,03239159
0,008868
0,04854624
0,03239159
0,03802887
0,1125453
-0,01133173
0,04758803
0,1339684
-0,03917648
0,04758803
0,1339684
-0,03917648
0,02621198
0,09418488
0,0169095
-0,00492973
-0,01486161
0,08256488
-0,0186843
-0,04369504
0,08493474
-0,0186843
-0,04369504
0,08493474
-0,02689225
-0,06810456
0,1096547
-0,01380694
-0,03985018
0,07931889
-0,01380694
-0,03985018
0,07931889
0,01118829
0,0459229
0,02309711
0,005172088
0,06450209
0,03260969
0,005172088
0,06450209
0,03260969
-0,02330278
0,03637036
0,1030746
-0,03437431
-0,004999481
0,1268982
-0,03437431
-0,004999481
0,1268982
-0,03885281
-0,05030598
0,1384055
-0,03166342
-0,05003209
0,1194987
-0,01557641
-0,006429147
0,07990527
-0,01557641
-0,006429147
0,07990527
-0,01077577
0,03852258
0,06773846
-0,02413501
0,05048265
0,1036441
-0,02413501
0,05048265
0,1036441
-0,0542168
-0,05029286
0,1993079
-0,04727791
-0,1340745
0,1753396
-0,04727791
-0,1340745
0,1753396
-0,04269534
-0,1883732
0,1618477
-0,02555715
-0,1348427
0,1139596
-0,001378915
-0,0658441
0,05687578
-0,001378915
-0,0658441
0,05687578
0,03253581
0,07982322
-0,02144027
0,02154206
0,05829887
-0,009122811
0,02154206
0,05829887
-0,009122811
0,006419818
-0,04859428
0,03099225
0,00509976
-0,05030947
0,03068086
0,00509976
-0,05030947
0,03068086
0,01800036
-0,02214738
0,00303158
0,002738899
-0,04113024
0,02952904
0,002738899
-0,04113024
0,02952904
0,009366346
-0,026902
0,006031927
0,004652324
-0,0309071
0,01501835
-0,001560768
-0,02040933
0,02929176
-0,001560768
-0,02040933
0,02929176
0,002909119
-0,01900478
0,02531613
0,007660042
-0,02756203
0,01427846
0,007660042
-0,02756203
0,01427846
0,002829466
-0,03327075
0,02485637
0,00595337
-0,02728879
0,01339262
0,00595337
-0,02728879
0,01339262
0,01065552
0,01207003
-0,002860744
0,006430571
0,01017891
0,008620407
-0,0006319367
-0,00671287
0,02539023
-0,0006319367
-0,00671287
0,02539023
-0,01617275
-0,05676214
0,06612889
-0,01587808
-0,1073374
0,06415118
-0,01587808
-0,1073374
0,06415118
0,002100868
-0,09914433
0,02757562
0,01851038
-0,04773582
-0,008178507
0,01851038
-0,04773582
-0,008178507
0,04078348
0,01817872
-0,05374725
0,02279278
-0,005136875
-0,01787348
0,02279278
-0,005136875
-0,01787348
-0,04825084
-0,06043191
0,143856
-0,05228178
-0,07186474
0,1550746
-0,02515884
-0,05938944
0,0914688
-0,02515884
-0,05938944
0,0914688
0,02772884
0,04612327
-0,02152108
0,03372863
0,08898074
-0,04041805
0,03372863
0,08898074
-0,04041805
0,002660879
0,09785856
0,03023324
-0,01298711
0,07743861
0,06548738
-0,01298711
0,07743861
0,06548738
-0,01084161
0,03064234
0,06265668
-0,001898125
0,05030008
0,03734513
0,001374458
0,06538576
0,02567177
0,001374458
0,06538576
0,02567177
-0,0108264
0,1077771
0,06341714
-0,03198243
0,08163464
0,1068829
-0,03198243
0,08163464
0,1068829
-0,054433
-0,04549122
0,1509654
-0,04565179
-0,05637341
0,1274296
-0,04565179
-0,05637341
0,1274296
-0,02107827
0,01404343
0,06791788
-0,01803759
0,06643905
0,06063351
-0,01803759
0,06643905
0,06063351
-0,03944474
0,06499987
0,1076841
-0,03225639
0,03406306
0,08775441
-0,01767678
0,01753041
0,05237591
-0,01767678
0,01753041
0,05237591
-0,012352
0,01245059
0,03827036
-0,00888182
0,01674332
0,02618222
-0,00888182
0,01674332
0,02618222
-0,04420754
0,06589401
0,1028361
-0,06051053
0,05129618
0,1399528
-0,06051053
0,05129618
0,1399528
-0,0548564
-0,02572324
0,1315518
-0,03175488
-0,05027027
0,08376496
-0,005952509
-0,01340093
0,02691355
-0,005952509
-0,01340093
0,02691355
0,009524869
0,07193326
-0,003902545
0,003986795
0,05761926
0,005460356
0,003986795
0,05761926
0,005460356
-0,01722789
0,02385334
0,06405848
-0,01853517
-0,03268625
0,06659279
-0,01853517
-0,03268625
0,06659279
-0,001766593
-0,07304128
0,03702241
0,01403915
-0,02442396
-0,005266037
0,01539621
0,003659001
-0,01287381
0,01539621
0,003659001
-0,01287381
-0,01790153
0,05389626
0,07973078
-0,05652259
0,02698892
0,1594448
-0,05652259
0,02698892
0,1594448
-0,05965694
-0,0828246
0,1661589
-0,02674073
-0,09551512
0,09296288
-0,02674073
-0,09551512
0,09296288
-0,002086999
-0,01090723
0,03344723
0,007145056
0,04461593
0,02168397
0,007145056
0,04461593
0,02168397
-0,02840125
0,1193893
0,1105108
-0,0402113
0,1155401
0,1334705
-0,03640169
0,1223139
0,1241279
-0,03640169
0,1223139
0,1241279
-0,00435022
0,0721477
0,04166549
-0,007474847
0,1479203
0,05611092
-0,007474847
0,1479203
0,05611092
-0,0184432
0,2843744
0,08640912
-0,02769065
0,249009
0,1034788
-0,02769065
0,249009
0,1034788
-0,02582986
0,1721913
0,1054012
-0,01566749
0,1644862
0,07950307
-0,01178843
0,1549095
0,06356287
-0,01178843
0,1549095
0,06356287
-0,03600089
0,1383154
0,1083027
-0,06115697
0,1511905
0,1653715
-0,06115697
0,1511905
0,1653715
-0,02086933
0,102908
0,08778617
-0,005656255
0,100832
0,0535143
-0,005656255
0,100832
0,0535143
0,001585803
0,1135484
0,03675113
-0,01085661
0,103381
0,05247098
-0,02354455
0,07427065
0,0978142
-0,02354455
0,07427065
0,0978142
-0,06608077
-0,01792239
0,1319079
-0,04477564
-0,03279923
0,1020278
-0,04477564
-0,03279923
0,1020278
0,005523527
0,01544604
0,007531226
0,02016562
0,02530403
-0,03216844
0,02016562
0,02530403
-0,03216844
0,008309222
0,009528836
0,01451072
-0,005457181
-0,02689911
0,04542649
-0,005457181
-0,02689911
0,04542649
-0,0005807895
-0,04277626
0,06933252
0,01214472
-0,01754603
0,03257931
0,01194505
-0,005311694
0,01657191
0,01194505
-0,005311694
0,01657191
0,0272506
0,006098586
0,006456001
0,004624196
-0,002676995
0,02333115
0,004624196
-0,002676995
0,02333115
0,001599042
-0,004296054
0,03447891
0,005315647
0,00021882
0,02422489
0,005315647
0,00021882
0,02422489
0,01358883
-0,02019396
0,02309832
0,01599043
-0,02873079
0,01007074
0,01718756
-0,03135546
0,002217677
0,01718756
-0,03135546
0,002217677
0,02210805
-0,03379887
0,001408202
0,03541166
-0,03061486
-0,02470315
0,03541166
-0,03061486
-0,02470315
0,04764622
-0,06892022
-0,03916413
0,04331185
-0,05717712
-0,04107955
0,04331185
-0,05717712
-0,04107955
0,04376508
-0,06729894
-0,03091858
0,04555827
-0,06159615
-0,03371149
0,04555827
-0,06159615
-0,03371149
0,05940254
-0,07297188
-0,05107517
0,05476043
-0,05455106
-0,04802575
0,04553121
-0,04122558
-0,03421506
0,04553121
-0,04122558
-0,03421506
0,04605006
-0,02263197
-0,03089483
0,04133768
-0,01260275
-0,0234505
0,04133768
-0,01260275
-0,0234505
0,03260671
-0,08176375
0,02818738
0,02362725
-0,09259981
0,03786672
0,02362725
-0,09259981
0,03786672
0,01354855
-0,1112797
0,05858275
0,00916278
-0,0486653
0,04340417
0,00053119
-0,01255487
0,04597945
-0,008788772
-0,01219903
0,06651237
-0,007986984
-0,02562276
0,06702869
-0,007986984
-0,02562276
0,06702869
-0,001011494
-0,06090485
0,05755954
-0,0009716859
-0,03770426
0,03948679
-0,0009716859
-0,03770426
0,03948679
0,002248608
-0,006489669
0,04296327
0,007218753
0,04594653
0,03527694
0,007218753
0,04594653
0,03527694
-0,003026501
0,04336414
0,05339304
-0,006720407
0,04525643
0,06276645
-0,001435012
0,04118106
0,04942953
-0,001435012
0,04118106
0,04942953
0,01251646
0,0428858
0,01807819
0,011588
0,04762664
0,01677827
0,011588
0,04762664
0,01677827
-0,001971755
0,06883543
0,05301852
-0,007106059
0,072442
0,06571897
-0,007106059
0,072442
0,06571897
-0,006892993
0,08123247
0,08078942
-0,0003257093
0,06572431
0,05892748
0,004485113
0,03953724
0,02809203
0,004485113
0,03953724
0,02809203
0,004321733
0,05434668
0,02312487
-0,00229358
0,09199204
0,05239432
-0,00229358
0,09199204
0,05239432
-0,009471998
0,05546973
0,06313495
-0,01290224
0,03421272
0,07324839
-0,01290224
0,03421272
0,07324839
-0,03341023
0,01004667
0,1405011
-0,006973942
0,03212427
0,08267834
-0,006973942
0,03212427
0,08267834
0,03381066
0,09996681
-0,0003682669
0,02243304
0,1226214
0,01802576
-0,002641447
0,1062422
0,0594407
-0,002641447
0,1062422
0,0594407
-0,01631796
0,06317831
0,09093295
0,0007065503
0,05092078
0,04333272
0,0007065503
0,05092078
0,04333272
0,02077222
0,08114799
0,01985013
0,02957175
0,09931193
0,003905243
0,01758271
0,09052732
0,01985853
0,005826363
0,09812655
0,05507692
-0,01586623
0,08789252
0,09747915
-0,01586623
0,08789252
0,09747915
-0,003161797
0,07597186
0,06711706
0,006556896
0,05718808
0,03629047
0,006556896
0,05718808
0,03629047
0,01060274
0,06933738
0,02887064
-0,01086706
0,07068855
0,07533793
-0,02138297
0,04494556
0,08891945
-0,0223947
0,03250056
0,08567504
-0,01362966
0,0286878
0,06208311
-0,01362966
0,0286878
0,06208311
0,01440307
0,04682497
0,01129679
0,01978798
0,05299564
-0,002095184
0,01978798
0,05299564
-0,002095184
0,005677103
0,0382266
0,02758841
-0,0175028
0,01312666
0,07918075
-0,0175028
0,01312666
0,07918075
-0,02569962
-0,01497578
0,1013256
0,04462172
-0,00259456
-0,02501152
0,06876114
0,0002707115
-0,07998617
0,02285025
-0,001285425
-0,01099965
0,02285025
-0,001285425
-0,01099965
-0,01765556
-0,03439217
0,08115153
-0,01765556
-0,03439217
0,08115153
0,04209243
-0,01897511
-0,02849421
0,04209243
-0,01897511
-0,02849421
0,02166773
-0,01090534
0,001200433
0,00221916
-0,03899126
0,05775812
-0,0005069142
-0,03386262
0,0622852
0,007052524
-0,01836505
0,03908844
0,01934138
-0,01560401
0,01529168
0,02772227
0,008842766
-0,001124759
0,01856172
0,02642317
0,01215353
0,01856172
0,02642317
0,01215353
-0,004671338
0,06520087
0,06073125
-0,02502072
0,08171421
0,09735085
-0,03807465
0,06278414
0,1102409
-0,01950478
0,05049975
0,06436452
-0,003085447
0,08087174
0,03682021
-0,001245838
0,09097455
0,03745406
-0,01467515
0,1082812
0,06831335
-0,02844687
0,08875261
0,09706007
-0,02844687
0,08875261
0,09706007
-0,01716094
0,08172315
0,07245547
0,02300435
0,1312928
-0,004558474
0,02003903
0,1239815
-0,003585346
0,001499722
0,09954401
0,02950876
-0,02984981
0,05887414
0,1059051
-0,02870419
0,02384248
0,1013999
-0,008946975
0,02688545
0,06204432
0,00944542
0,04390922
0,04537332
0,03085366
0,05717889
0,009705357
0,03088179
0,06087689
0,008648026
0,03088179
0,06087689
0,008648026
0,007663531
0,02263462
0,044904
0,007663531
0,02263462
0,044904
0,03241275
0,03782551
0,01405613
0,02594296
0,04078223
0,03080465
0,01483924
0,03100729
0,03963587
0,002058529
0,02532343
0,05222299
-0,005164045
0,02724394
0,05856693
-0,00121055
0,0219324
0,0451374
0,00219797
0,02321884
0,03808675
0,0006285785
0,04832865
0,05443339
-0,005153998
0,06077018
0,06019652
-0,005153998
0,06077018
0,06019652
closestDistance
0,151357
0,1357433
0,1350244
0,1310356
0,12466
0,1239087
0,1165601
0,1080837
0,1079224
0,1048287
0,09649339
0,08467186
0,08266105
0,07841617
0,07945561
0,08014201
0,07644897
0,07537282
0,07308871
0,07170552
0,07144073
0,0709879
0,06948987
0,06795168
0,06390086
0,07160638
0,07013295
0,06896171
0,06822466
0,06602086
0,06367857
0,06082914
0,05780921
0,05950705
0,05854623
0,0552888
0,05399903
0,05499075
0,0541271
0,0544576
0,05334079
0,05150587
0,05018818
0,05093091
0,0530145
0,04319739
0,06551626
0,06473048
0,07031987
0,06855867
0,07251632
0,07567049
0,07688013
0,06072735
0,08570504
0,08781084
0,08353759
0,08968411
0,08967928
0,09325526
0,0829901
0,08537046
0,08952768
0,09360115
0,09514994
0,0913991
0,1090682
0,05360927
0,1103006
0,1023859
0,112615
0,1108014
0,118751
0,1126237
0,1180614
0,1180575
0,1093737
0,1160359
0,1243153
0,109889
0,1037819
0,08122962
0,08914921
0,04038244
0,06301413
0,0590514
0,08712531
0,08971038
0,05974099
0,05680763
0,07153582
0,08162487
0,07670903
0,0704598
0,08990926
0,08800867
0,08374283
0,09092066
0,09241641
0,09243903
0,08537721
0,08344076
0,08496796
0,08840905
0,08811639
0,05349933
0,08506062
0,05177406
0,07154548
0,08753381
0,08617221
0,0788146
0,08251588
0,0759019
0,07966004
0,07175438
0,07578464
0,08602607
0,07865846
0,06056768
0,08536828
0,08200785
0,07272253
0,07124583
0,06203024
0,060753
0,05843082
0,05685716
0,06137019
0,06280012
0,0565631
0,05692735
0,06109857
0,0677838
0,06098901
0,06689594
0,08161201
0,07022489
0,06694019
0,06330083
0,06241914
0,07112241
0,06910317
0,06078466
0,06147621
0,06517673
0,05853819
0,0635129
0,08923147
0,09137577
0,0990658
0,1017989
0,09630371
0,09776229
0,1033699
0,09556212
0,09925243
0,1042633
0,09613246
0,09769934
0,1021835
0,1053997
0,09743028
0,1009378
0,1017678
0,1021914
0,09257793
0,0945638
0,09542552
0,09634765
0,09818929
0,09910874
0,100189
0,1035597
0,09583765
0,1010099
0,1035831
0,09665889
0,1002374
0,1041725
0,1074083
0,09995768
0,1008028
0,1019649
0,103527
0,1053946
0,1087013
0,09965711
0,1029122
0,1043433
0,1047433
0,1043678
0,1044586
0,1048127
0,1054517
0,1063295
0,1072595
0,09947553
0,1000778
0,1002317
0,100311
0,1006096
0,05461341
0,05466705
0,0542476
0,05371467
0,05301808
0,1037532
0,1050679
0,1062331
0,09929357
0,09950058
0,1000439
0,05002507
0,04940866
0,04766383
0,1110845
0,108735
0,1128457
0,1005629
0,1003511
0,09931074
0,09912162
0,09972425
0,1015005
0,1042827
0,106892
0,1013298
0,1004108
0,0999265
0,1000102
0,1012213
0,1043632
0,1013204
0,1051061
0,1086713
0,1115667
0,09916969
0,09839565
0,0975936
0,09704288
0,09687198
0,1112711
0,1124201
0,1140475
0,1170602
0,1150484
0,117832
0,1198439
0,1209987
0,1212317
0,1216242
0,06897327
0,07226209
0,0827679
0,08598597
0,08911254
0,08122031
0,08027856
0,07884813
0,08729882
0,07499897
0,07732549
0,07172747
0,07401408
0,07605678
0,07756874
0,06855553
0,06537423
0,07048767
0,07046773
0,05907173
0,05820669
0,07911697
0,05036727
0,0817173
0,06709848
0,06590121
0,06514098
0,0660018
0,06945895
0,0736586
0,07708561
0,08841246
0,0792639
0,07814708
0,07765266
0,07941473
0,08242475
0,08566287
0,08448715
0,08534262
0,07868998
0,07782436
0,07638016
0,08204033
0,07849251
0,07486434
0,09027416
0,09382433
0,08861077
0,07897635
0,08008914
0,07868926
0,0766214
0,07430035
0,07992769
0,0754156
0,07853635
0,07594502
0,08064015
0,08169725
0,08310375
0,07198311
0,07899045
0,07588446
0,06859583
0,0711821
0,07556511
0,07441542
0,08647262
0,08538324
0,09074545
0,083441
0,07318496
0,06878439
0,09552246
0,09782984
0,1018189
0,09163651
0,09429134
0,09627105
0,09769794
0,100214
0,08961017
0,0962296
0,06877625
0,09640726
0,08772896
0,09103385
0,08034781
0,06849996
0,06098468
0,06613039
0,06685272
0,09264391
0,09752898
0,109108
0,1012056
0,1072854
0,1005345
0,1059487
0,09862136
0,1037869
0,1079374
0,1089456
0,09708447
0,1069336
0,1013035
0,1039327
0,1072112
0,1188456
0,1124758
0,1133398
0,09441461
0,09237966
0,1430128
0,09014425
0,09677475
0,1073313
0,1319458
0,1337475
0,1347911
0,09507712
0,0957789
0,09925395
0,101338
0,09876395
0,09071855
0,1047023
0,09272083
0,09679674
0,09928143
0,09013079
0,0832183
0,0860593
0,08831443
0,08245227
0,1065569
0,1156847
0,1196985
0,100033
0,1110824
0,0927989
0,1011678
0,1049762
0,1005947
0,1031051
0,1090051
0,08468137
0,08481438
0,08362727
0,1071595
0,08443172
0,09185543
0,1052476
0,09372852
0,0777967
0,07971604
0,09381471
0,09139406
0,08432379
0,07711108
0,08382245
0,08206774
0,07940225
0,07793915
0,07886758
0,08105294
0,0820057
0,08017038
0,07897926
0,08105148
0,08301188
0,06939328
0,06780144
0,07246781
0,07621154
0,08007597
0,06496389
0,05737956
0,06104103
0,07809938
0,06664516
0,05226399
0,04739133
0,09399574
0,08876093
0,08855519
0,08932719
0,08075768
0,08535866
0,08758576
0,09063677
0,09396327
0,1010556
0,1089621
0,1045111
0,09831262
0,06079824
0,09644013
0,104969
0,05398272
0,1082359
0,1049421
0,1040367
0,06482204
0,06350725
0,0643093
0,1013576
0,0616229
0,05999823
0,05822235
0,05660968
0,05340582
0,04998307
0,106308
0,0511845
0,105601
0,1068348
0,1054514
0,1028043
0,1010984
0,1021227
0,1091024
0,1074153
0,1128938
0,07709186
0,07782351
0,07093881
0,07098053
0,06969214
0,075476
0,07263086
0,06851713
0,07328943
0,07105356
0,07120178
0,07222122
0,07394953
0,07586362
0,07334348
0,07188947
0,06962344
0,07509675
0,07291884
0,07218166
0,0758711
0,07970534
0,1043437
0,1024156
0,1095467
0,06097139
0,0621591
0,06100108
0,06045134
0,06056553
0,06177169
0,06722905
0,06794886
0,06902985
0,0700703
0,07105336
0,07174429
0,07218368
0,07254205
0,07295087
0,07309315
0,07278734
0,0765333
0,07395231
0,07156926
0,07386437
0,07152221
0,07516558
0,07429851
0,07386526
0,07309667
0,07195321
0,07041583
0,07314262
0,07023572
0,07354342
0,08804589
0,08939651
0,08366884
0,08642296
0,07503919
0,07650199
0,07592416
0,07339396
0,07697897
0,07522345
0,07586825
0,07692224
0,07827306
0,07980947
0,07389096
0,07971588
0,07825782
0,07145345
0,0696919
0,06734397
0,08335222
0,07404379
0,07395138
0,0672457
0,06637367
0,0713254
0,06985301
0,06860432
0,06769408
0,07386411
0,07375859
0,07347188
0,07278437
0,07156549
0,07051598
0,06960171
0,08603151
0,0849565
0,09114909
0,08994254
0,08938055
0,06956939
0,07012903
0,07184776
0,07355067
0,07515559
0,07576928
0,07542276
0,07439863
0,07350069
0,07364212
0,07439298
0,07561946
0,07624251
0,07751293
0,07801519
0,07637064
0,07488085
0,07699841
0,07619822
0,0759647
0,07598258
0,07591852
0,07565022
0,07521846
0,07067604
0,06985521
0,0690022
0,08165303
0,08397496
0,08260844
0,08154639
0,08039639
0,07160593
0,08959546
0,08476283
0,08140347
0,08337779
0,0817693
0,08046893
0,07929101
0,08190446
0,08034904
0,07844154
0,07638255
0,07460807
0,07747045
0,08057251
0,07521106
0,0739019
0,07267394
0,07678141
0,08306387
0,08339463
0,08413515
0,08657286
0,08751538
0,08889988
0,09019877
0,09220514
0,09371024
0,09553763
0,09633126
0,09749733
0,08931284
0,09070738
0,09118731
0,09411685
0,08896124
0,09137587
0,09267823
0,0844379
0,08600833
0,1132852
0,1070708
0,1089257
0,1112229
0,1126823
0,1053827
0,1090397
0,1107466
0,1141046
0,1058718
0,1086328
0,1117114
0,1140224
0,106473
0,09837407
0,1111062
0,1013749
0,1042178
0,1000549
0,09104274
0,09668849
0,1045883
0,1019185
0,09805391
0,09991292
0,1055736
0,1009269
0,1045931
0,1061362
0,1091964
0,1060797
0,1105844
0,1054685
0,09501101
0,09890719
0,1018404
0,09617992
0,098795
0,09379926
0,09359571
0,09298477
0,09430468
0,1021157
0,1024735
0,09551363
0,09646782
0,1003283
0,1035654
0,09957895
0,09771265
0,1026828
0,1065248
0,09483465
0,09762973
0,1176914
0,09982154
0,09564392
0,1174562
0,1227877
0,1246146
0,1251332
0,1260798
0,1142559
0,1149755
0,09358451
0,1208089
0,1518317
0,1440018
0,1004725
0,1015873
0,1185539
0,1204115
0,1075213
0,1099583
0,1123165
0,1515882
0,1541483
0,1591143
0,1489372
0,1505168
0,1207695
0,1117623
0,1263841
0,1067881
0,1068689
0,1060185
0,1067932
0,1496778
0,1129622
0,1057765
0,1091003
0,1125676
0,1085843
0,1114288
0,08146758
0,08016081
0,07867222
0,07838897
0,08048601
0,0830712
0,08051586
0,0781828
0,07994565
0,08316606
0,08207589
0,07567274
0,07931366
0,08251274
0,08602931
0,08628333
0,07492875
0,07832313
0,07483778
0,08058209
0,07762761
0,08385589
0,08343218
0,0807419
0,07868595
0,07770515
0,07732213
0,07696196
0,07545763
0,0818488
0,08064017
0,07853309
0,08708692
0,08276626
0,08651057
0,0823594
0,08768912
0,08512226
0,08796955
0,09001619
0,08215272
0,08390751
0,08562224
0,08697364
0,08745174
0,08738794
0,08650319
0,08554488
0,08472639
0,08470751
0,09185028
0,08996903
0,08812796
0,08393394
0,08208298
0,08721659
0,08617736
0,08554384
0,08500551
0,08481944
0,08476186
0,08471207
0,08516032
0,08559046
0,0860122
0,0862617
0,08656924
0,08670924
0,08640837
0,08511806
0,08382463
0,08332626
0,083019
0,07731195
0,07486596
0,08001182
0,0784235
0,07805412
0,07897864
0,08093235
0,1805452
0,1808214
0,1804161
0,1798908
0,1793367
0,1802269
0,1806441
0,1810984
0,07793061
0,0774296
0,0770888
0,07698926
0,07675405
0,05220539
0,05247772
0,05361667
0,05437399
0,08017544
0,05533371
0,05650369
0,05754547
0,1779113
0,1784426
0,0776206
0,07746794
0,07677318
0,07620604
0,0825592
0,08091185
0,08298671
0,08043342
0,07897696
0,07723932
0,08150746
0,0796442
0,07857102
0,0775321
0,08339159
0,08176579
0,08061094
0,07936284
0,07607675
0,08069677
0,07850972
0,07671627
0,07359499
0,08039501
0,07831824
0,08451083
0,08326185
0,08130986
0,08044606
0,07966987
0,07781305
0,08366043
0,08187695
0,0794365
0,07750102
0,07547527
0,08127992
0,07985412
0,07731768
0,07432058
0,09921525
0,07808959
0,0784836
0,08456334
0,08227768
0,08097449
0,07841968
0,08363246
0,0793943
0,0771487
0,08441483
0,08305522
0,08109967
0,07997997
0,08585496
0,08498727
0,08464704
0,08392385
0,0826422
0,08202282
0,08164047
0,08119733
0,08077059
0,07958178
0,08060691
0,0890302
0,08801322
0,08611209
0,08220377
0,08078978
0,07825512
0,08479755
0,08385704
0,08305058
0,08094083
0,07832479
0,0749351
0,07922975
0,07669681
0,08235812
0,07851488
0,111252
0,1136232
0,1158661
0,108532
0,1117056
0,1152213
0,1084796
0,1109311
0,1130867
0,1149356
0,1081577
0,1118196
0,1058003
0,111932
0,08359396
0,1103997
0,08700648
0,08547929
0,08421226
0,09127607
0,08973858
0,08843011
0,08746062
0,08882433
0,08827755
0,08789657
0,08765199
0,0871518
0,08653735
0,09268523
0,09247876
0,0923176
0,09215704
0,09176962
0,0915079
0,09149092
0,09171516
0,09198356
0,09228448
0,09248803
0,09233284
0,09191088
0,09125264
0,09096982
0,09076181
0,09058317
0,09028479
0,08980443
0,0891956
0,08875332
0,08890788
0,08939767
0,08976466
0,08978443
0,08966839
0,08950435
0,08949092
0,08941079
0,08925933
0,08897105
0,08884823
0,08883826
0,0888963
0,08906244
0,08920389
0,08912674
0,08880258
0,08842473
0,08803954
0,08792835
0,0878875
0,08791422
0,08799863
0,0880506
0,08803546
0,08786109
0,08686548
0,08571831
0,09331214
0,09429183
0,09408768
0,09409209
0,09263178
0,09233419
0,09172349
0,09055653
0,08983947
0,08932087
0,08903106
0,08894181
0,08889169
0,08884846
0,08808398
0,08703527
0,0857324
0,08440749
0,09189031
0,09093627
0,09025035
0,08994374
0,0897133
0,08941585
0,08886055
0,08832727
0,087886
0,08714968
0,08635116
0,08551322
0,08515181
0,08547197
0,08603228
0,08650597
0,08647189
0,08617898
0,08566613
0,08512564
0,08494368
0,08584451
0,08613511
0,08648092
0,08674305
0,1008706
0,1028877
0,1054956
0,1081356
0,08246718
0,09129756
0,1011374
0,09986587
0,09924661
0,09922585
0,1001139
0,1011117
0,1018072
0,1018308
0,1011442
0,1004819
0,09995737
0,09990425
0,0999966
0,1001944
0,1004329
0,1006973
0,100975
0,1012799
0,1009442
0,1001786
0,1058238
0,1034957
0,1015896
0,1001161
0,09952155
0,09932647
0,0993266
0,09920646
0,1124058
0,1111501
0,1095584
0,1086731
0,1086082
0,1094418
0,1105424
0,1119769
0,1135083
0,1146818
0,1075429
0,1074625
0,1072026
0,1075834
0,1084159
0,1095902
0,1113329
0,1130533
0,1146792
0,1156998
0,1085982
0,1089954
0,1173487
0,11938
0,1218885
0,119354
0,1224292
0,1169705
0,1192938
0,1204727
0,1150002
0,1142668
0,1191091
0,1194288
0,1201223
0,1154154
0,1156709
0,1159993
0,1165556
0,1167465
0,1170672
0,1174641
0,117962
0,118421
0,1188149
0,1191155
0,1195313
0,1199322
0,1203066
0,1203085
0,1202788
0,1202671
0,1205425
0,1212028
0,108522
0,109889
0,110998
0,1117826
0,1121035
0,1115265
0,1109862
0,1106684
0,1123444
0,109449
0,1116043
0,1131764
0,1134656
0,1130268
0,1120057
0,1115211
0,111388
0,1117097
0,1122753
0,1127105
0,112983
0,1130209
0,1131761
0,1135356
0,114454
0,1161342
0,1181238
0,1199814
0,1210519
0,1221471
0,122699
0,1238158
0,1249076
0,1258742
0,1265445
0,09133021
0,09092718
0,09062495
0,08967871
0,08847136
0,08710886
0,08599994
0,08521184
0,08466981
0,08444218
0,0841885
0,08390977
0,08362207
0,08305638
0,08244722
0,08487611
0,08170891
0,08162142
0,08165616
0,08166455
0,08114308
0,08015011
0,08187355
0,08088607
0,08023215
0,08001532
0,09337061
0,09315928
0,09253799
0,09067973
0,08874725
0,08165256
0,1011965
0,09989992
0,09870893
0,09687713
0,09373181
0,09042434
0,0873122
0,08375155
0,0822432
0,09215727
0,09022972
0,08173089
0,09441499
0,09196223
0,08992881
0,08824357
0,08688084
0,08246447
0,08141708
0,08040093
0,07912304
0,08052155
0,08897161
0,08838162
0,08809922
0,08796339
0,08803843
0,08785491
0,08759004
0,08732596
0,08697396
0,08665932
0,08640295
0,07938838
0,07927356
0,07911742
0,09534603
0,09517927
0,0950029
0,09484879
0,09490132
0,09502437
0,09521338
0,09542268
0,09560395
0,09577936
0,0959608
0,09641903
0,09702343
0,09766065
0,09022965
0,08730129
0,08784108
0,08849329
0,08909755
0,08958571
0,08994024
0,09017687
0,09030793
0,09033742
0,09076606
0,09138975
0,09214359
0,0930557
0,08548067
0,08546345
0,08538155
0,08527111
0,08526699
0,08546874
0,09327963
0,09347089
0,09348752
0,09322236
0,09253551
0,09182093
0,09105535
0,09026971
0,08957151
0,08892573
0,08826622
0,08756775
0,08669535
0,08973158
0,08853915
0,08732744
0,08612657
0,08513974
0,08453829
0,09129222
0,09045801
0,08166403
0,08068389
0,09137246
0,09065045
0,08998433
0,08935945
0,08868658
0,0874631
0,08604459
0,08439016
0,08278869
0,08163035
0,08057491
0,07981211
0,07871722
0,07630009
0,07802763
0,07665113
0,09812411
0,09976903
0,1012997
0,1026494
0,103578
0,1046793
0,09454171
0,09343065
0,09235492
0,09144977
0,0907177
0,09009161
0,08957589
0,08912729
0,08859014
0,08798839
0,08723396
0,09397812
0,09342612
0,09377008
0,09399565
0,1058075
0,1061502
0,1012041
0,1002767
0,09980299
0,09966113
0,09948179
0,09946693
0,09133761
0,09102767
0,09066197
0,1000319
0,1004507
0,1015915
0,104111
0,1057912
0,1084714
0,1060983
0,09251386
0,09035295
0,1029831
0,1048291
0,1063831
0,1091449
0,1106494
0,1121773
0,1148228
0,1160164
0,1040285
0,1048717
0,105696
0,1064519
0,1072283
0,108643
0,109308
0,109847
0,1109676
0,1116324
0,1123336
0,1137077
0,1144291
0,1070479
0,1083185
0,109376
0,1106419
timeStamps
30,80343
30,83143
30,84558
30,85987
30,88681
30,90145
30,9167
30,94203
30,95769
30,98362
30,9989
31,02548
31,04015
31,0556
31,08101
31,0963
31,12287
31,1378
31,15239
31,17886
31,19339
31,20829
31,23406
31,24891
31,27609
31,29095
31,30599
31,33164
31,34675
31,37362
31,38847
31,40388
31,42909
31,44438
31,47088
31,4866
31,5129
31,54075
31,55652
31,58237
31,59773
31,6247
31,65214
31,66842
31,69356
31,70944
31,73554
31,75127
31,77723
31,79387
31,81875
31,8351
31,86065
31,88885
31,91673
31,94504
31,97273
32,00072
32,02843
32,05638
32,08404
32,11241
32,13969
32,16767
32,19595
32,22387
32,25116
32,27909
32,30712
32,33478
32,36265
32,39083
32,4183
32,44619
32,47401
32,50183
32,52979
32,55793
32,58564
32,61331
32,641
32,6692
32,6967
32,72463
32,75257
32,78053
32,80834
32,83652
32,86396
32,89181
32,91935
32,94799
32,97521
33,00303
33,03083
33,05873
33,08696
33,11439
33,14228
33,17016
33,19814
33,22597
33,25378
33,28175
33,30936
33,33747
33,36492
33,39317
33,42069
33,44893
33,47644
33,50456
33,53217
33,5599
33,58783
33,61567
33,64358
33,67173
33,69924
33,7273
33,75492
33,78291
33,81065
33,8388
33,86631
33,89445
33,92189
33,94985
33,97797
34,00578
34,0333
34,06124
34,08912
34,11685
34,14472
34,17301
34,20074
34,22865
34,25594
34,28445
34,31185
34,34011
34,36736
34,39529
34,42314
34,45129
34,47873
34,49466
34,52054
34,53662
34,56174
34,57688
34,60366
34,61874
34,64567
34,66064
34,67562
34,70064
34,71555
34,72984
34,7568
34,77103
34,78696
34,81225
34,82679
34,84193
34,85621
34,88217
34,8974
34,9115
34,93761
34,95256
34,96643
34,99335
35,00871
35,02237
35,04853
35,06282
35,07651
35,09064
35,10508
35,11934
35,13256
35,14658
35,16089
35,17451
35,18887
35,20308
35,21635
35,23024
35,24421
35,25867
35,27221
35,28617
35,30043
35,31437
35,32806
35,34194
35,3562
35,36962
35,38388
35,39791
35,41129
35,4256
35,43999
35,45367
35,46858
35,48153
35,49457
35,50887
35,52287
35,53656
35,55072
35,56445
35,57878
35,59233
35,60636
35,62058
35,6344
35,64826
35,66237
35,67629
35,69009
35,704
35,71788
35,73151
35,74563
35,75965
35,77355
35,78745
35,80153
35,81523
35,82922
35,84311
35,85719
35,87105
35,8854
35,89896
35,91271
35,927
35,94056
35,95452
35,96867
35,98255
35,99649
36,01099
36,02443
36,03827
36,05226
36,06616
36,07983
36,09394
36,10766
36,12215
36,13622
36,14917
36,16335
36,1772
36,19095
36,20504
36,21904
36,23277
36,24671
36,26104
36,27478
36,28858
36,30308
36,31691
36,33052
36,34483
36,36013
36,37418
36,40002
36,41462
36,42803
36,44263
36,45616
36,46898
36,48291
36,49687
36,5108
36,52491
36,53885
36,55295
36,56685
36,58073
36,59472
36,60902
36,6226
36,63651
36,65112
36,66537
36,67831
36,69244
36,70613
36,72013
36,73449
36,74798
36,76182
36,77623
36,7902
36,80363
36,81775
36,83173
36,84566
36,8594
36,87363
36,8877
36,90141
36,91508
36,92912
36,94299
36,95711
36,97087
36,98487
36,99879
37,01279
37,02654
37,04062
37,05444
37,06953
37,08433
37,11012
37,12488
37,13883
37,15227
37,16695
37,18074
37,20675
37,22102
37,23529
37,25017
37,26427
37,29071
37,30557
37,3322
37,34752
37,37377
37,38837
37,40385
37,42939
37,44453
37,47134
37,48644
37,51325
37,52859
37,55535
37,58298
37,59912
37,62448
37,64046
37,66629
37,68251
37,70786
37,72399
37,74973
37,76644
37,79138
37,81947
37,8475
37,87554
37,90341
37,9313
37,9594
37,98759
38,01485
38,04286
38,0706
38,09883
38,12648
38,15459
38,18232
38,20995
38,23778
38,26593
38,29357
38,32183
38,34902
38,37729
38,40477
38,43251
38,46064
38,48849
38,51609
38,54404
38,57196
38,59973
38,62758
38,65578
38,68317
38,71146
38,73931
38,76675
38,79461
38,82253
38,85027
38,87864
38,90603
38,93407
38,96206
38,98978
39,01738
39,04556
39,07304
39,10091
39,12867
39,15661
39,18443
39,21276
39,24048
39,26824
39,29572
39,32368
39,35175
39,37937
39,40735
39,43541
39,46287
39,49078
39,51851
39,54691
39,5743
39,6025
39,62992
39,65823
39,68575
39,71366
39,74148
39,7692
39,79708
39,82501
39,85274
39,88096
39,90869
39,93641
39,96396
39,98026
40,00546
40,02127
40,04707
40,06259
40,08876
40,10405
40,13113
40,15868
40,17412
40,20031
40,21616
40,24223
40,25701
40,27122
40,29741
40,31176
40,32586
40,34075
40,35442
40,36831
40,3829
40,39666
40,41074
40,43648
40,45039
40,46486
40,47897
40,49259
40,50655
40,52077
40,5348
40,54844
40,56282
40,57653
40,59062
40,60439
40,61846
40,63197
40,64625
40,66023
40,67407
40,68809
40,70187
40,71569
40,72979
40,74381
40,75747
40,77185
40,78531
40,79931
40,81315
40,82742
40,84109
40,85532
40,86885
40,88326
40,89717
40,91074
40,92454
40,93854
40,95294
40,96706
40,98039
40,99426
41,00806
41,02209
41,03619
41,04996
41,0639
41,07797
41,09177
41,10564
41,11962
41,13385
41,14764
41,16139
41,17558
41,18912
41,20317
41,21825
41,23135
41,24601
41,25893
41,27303
41,28654
41,30021
41,31462
41,32891
41,34211
41,35611
41,36987
41,38416
41,39778
41,41169
41,42638
41,44028
41,45366
41,46746
41,48157
41,49546
41,50925
41,52345
41,53739
41,55094
41,5649
41,57909
41,59309
41,60675
41,62073
41,63453
41,64859
41,66274
41,67632
41,69043
41,70448
41,71849
41,73215
41,74643
41,76001
41,77392
41,78792
41,8021
41,81557
41,82954
41,84399
41,85767
41,87115
41,88509
41,8991
41,91327
41,92691
41,94093
41,95483
41,96902
41,98262
41,99673
42,01066
42,02453
42,03848
42,05265
42,06625
42,08018
42,09441
42,10808
42,12235
42,13589
42,14988
42,16376
42,17793
42,19209
42,2056
42,21991
42,23314
42,24718
42,261
42,2752
42,28998
42,30357
42,31748
42,33091
42,3459
42,36034
42,37384
42,3871
42,40157
42,41506
42,42846
42,44403
42,46895
42,48304
42,49678
42,51134
42,52623
42,5402
42,55483
42,56862
42,58265
42,60791
42,62232
42,63645
42,65097
42,66525
42,67967
42,70621
42,7204
42,73469
42,74932
42,77591
42,78999
42,80515
42,81958
42,84508
42,8599
42,87424
42,88947
42,91484
42,93082
42,95638
42,97106
42,99897
43,01448
43,04047
43,05601
43,08181
43,09715
43,12431
43,15215
43,17952
43,19457
43,20967
43,23506
43,25047
43,27702
43,29268
43,31906
43,34661
43,36182
43,3889
43,40421
43,43065
43,45829
43,47432
43,49973
43,51588
43,54112
43,55725
43,58301
43,59971
43,62469
43,65315
43,68073
43,69703
43,72247
43,73888
43,76403
43,7808
43,80557
43,82189
43,84748
43,876
43,90384
43,932
43,95969
43,9875
44,01529
44,04356
44,0715
44,09914
44,12675
44,15497
44,18243
44,21023
44,23817
44,26606
44,29405
44,3218
44,34943
44,37729
44,40533
44,43347
44,46114
44,4892
44,51662
44,54436
44,57244
44,60011
44,62805
44,65588
44,68369
44,71163
44,73957
44,76735
44,79553
44,82299
44,85078
44,87857
44,90656
44,93439
44,96261
44,99012
45,01809
45,04589
45,07376
45,10179
45,12965
45,15717
45,1851
45,21292
45,24068
45,26851
45,29659
45,324
45,352
45,37977
45,40779
45,43541
45,46325
45,49093
45,51967
45,54665
45,57455
45,60242
45,63031
45,65815
45,68617
45,71389
45,74209
45,76951
45,7979
45,82512
45,85341
45,88088
45,90924
45,93665
45,96449
45,99236
46,02053
46,04791
46,0764
46,10364
46,13211
46,15966
46,18772
46,21511
46,24314
46,27071
46,29884
46,32647
46,35458
46,38216
46,41033
46,43821
46,46609
46,49404
46,5218
46,68869
46,7163
46,74399
46,77209
46,80009
46,82788
46,85559
46,8836
46,91129
46,9388
46,9673
46,99495
47,0229
47,05045
47,07819
47,10626
47,13406
47,16199
47,18973
47,2176
47,24538
47,27326
47,30107
47,3291
47,35694
47,38486
47,41268
47,44012
47,46815
47,49583
47,52381
47,55169
47,57954
47,60727
47,63546
47,6629
47,69105
47,71873
47,74654
47,7743
47,8026
47,83014
47,85796
47,88589
47,9137
47,94145
47,96991
47,99702
48,02522
48,05275
48,08103
48,10862
48,13649
48,16418
48,19215
48,22006
48,24818
48,27566
48,3037
48,33137
48,35981
48,38687
48,41479
48,44257
48,47076
48,49839
48,52635
48,55393
48,58206
48,60965
48,63801
48,66525
48,69339
48,72103
48,74898
48,77699
48,80521
48,83239
48,86054
48,88807
48,91609
48,94387
48,97218
48,99951
49,02771
49,05543
49,08311
49,11085
49,13877
49,16652
49,1951
49,22226
49,25016
49,27794
49,30584
49,33392
49,36172
49,38945
49,41724
49,44519
49,47295
49,50073
49,52909
49,5566
49,58455
49,61201
49,64019
49,66766
49,6841
49,70908
49,73698
49,75262
49,77899
49,80678
49,82287
49,84839
49,86436
49,88985
49,90577
49,93167
49,94755
49,97367
49,98907
50,01506
50,03014
50,05766
50,08499
50,09998
50,11527
50,14031
50,15558
50,17089
50,196
50,21124
50,23799
50,25299
50,27961
50,29447
50,32153
50,33633
50,35085
50,37713
50,39153
50,4059
50,4204
50,44674
50,46146
50,4761
50,50246
50,51692
50,53167
50,55841
50,57285
50,58768
50,60117
50,61563
50,62923
50,6431
50,65668
50,66991
50,68361
50,69799
50,71124
50,72496
50,73892
50,7527
50,76685
50,781
50,79491
50,8089
50,82262
50,83676
50,85083
50,86472
50,87865
50,89257
50,90664
50,92049
50,93479
50,94848
50,96256
50,97657
50,99009
51,00446
51,01842
51,03181
51,04584
51,06015
51,07398
51,08776
51,10196
51,11544
51,12953
51,14376
51,15785
51,1713
51,18546
51,19983
51,21284
51,22696
51,24077
51,25468
51,26886
51,28309
51,29642
51,31067
51,3242
51,33853
51,35247
51,36683
51,37983
51,3943
51,4077
51,42174
51,43593
51,44965
51,46347
51,47786
51,49154
51,50545
51,51955
51,53312
51,54717
51,56123
51,57492
51,58905
51,60314
51,61673
51,6308
51,64487
51,65848
51,67266
51,68641
51,70021
51,71441
51,72825
51,74195
51,75647
51,76992
51,78382
51,7981
51,81173
51,82568
51,83968
51,85353
51,86736
51,88139
51,89534
51,9093
51,92302
51,93731
51,95145
51,96474
51,97913
51,99249
52,00681
52,02061
52,03502
52,04817
52,06249
52,07624
52,09015
52,10425
52,11802
52,1318
52,14581
52,15979
52,17383
52,18786
52,20156
52,21556
52,22931
52,24324
52,25747
52,27106
52,28539
52,29921
52,31311
52,32678
52,34092
52,35484
52,3685
52,38277
52,39656
52,4106
52,42442
52,4381
52,45238
52,4662
52,47987
52,49384
52,5082
52,52203
52,53566
52,54971
52,56367
52,57786
52,59163
52,60505
52,61945
52,63318
52,64679
52,66109
52,67508
52,6888
52,70255
52,71653
52,7306
52,74436
52,75842
52,77232
52,78632
52,8004
52,81403
52,8283
52,84218
52,85582
52,87013
52,88365
52,89789
52,9117
52,92601
52,93933
52,95352
52,96746
52,98133
52,99564
53,00896
53,02294
53,03688
53,05102
53,06454
53,07884
53,09242
53,10665
53,12051
53,13417
53,14811
53,16219
53,17632
53,19001
53,20414
53,21794
53,232
53,24575
53,25977
53,27337
53,28798
53,30136
53,31509
53,32935
53,34332
53,35677
53,37108
53,38467
53,39874
53,41256
53,42651
53,44052
53,45451
53,46848
53,48241
53,49636
53,51043
53,52404
53,53805
53,55207
53,5658
53,57968
53,59452
53,60752
53,62144
53,6357
53,64919
53,66313
53,67751
53,69105
53,70489
53,71915
53,73293
53,7467
53,76103
53,77478
53,78851
53,80244
53,81659
53,83039
53,84471
53,85838
53,87232
53,88652
53,89986
53,91396
53,92809
53,94154
53,95595
53,96944
53,98345
53,99735
54,0113
54,02536
54,0393
54,05344
54,067
54,08108
54,0952
54,10886
54,12291
54,13683
54,15056
54,1645
54,17891
54,19246
54,20643
54,22049
54,23413
54,24803
54,26229
54,27612
54,29003
54,30411
54,31818
54,33145
54,34554
54,35936
54,3733
54,38752
54,40133
54,41522
54,42933
54,44326
54,45692
54,47116
54,48502
54,49862
54,51289
54,52694
54,5404
54,55434
54,56855
54,5825
54,59641
54,61103
54,62544
54,63901
54,65291
54,66686
54,68039
54,69436
54,7078
54,72162
54,7361
54,74919
54,76287
54,77688
54,79052
54,80451
54,81881
54,83254
54,84671
54,8612
54,87511
54,88817
54,90205
54,91711
54,93016
54,94387
54,95877
54,97176
54,98579
55,00002
55,0139
55,0276
55,04219
55,05558
55,06939
55,08334
55,09755
55,11086
55,12536
55,13913
55,15316
55,16762
55,18113
55,19465
55,2088
55,22384
55,23792
55,25104
55,26535
55,27988
55,29317
55,31967
55,33321
55,34751
55,36127
55,37531
55,38939
55,4034
55,41745
55,43126
55,44525
55,45954
55,47316
55,48716
55,50121
55,51519
55,52888
55,54312
55,55759
55,57094
55,58471
55,59934
55,61263
55,62711
55,6407
55,65408
55,66798
55,68244
55,69698
55,71078
55,72407
55,73784
55,75166
55,76511
55,77934
55,79336
55,80709
55,82144
55,83639
55,85004
55,86518
55,87852
55,89212
55,91788
55,93187
55,94629
55,96073
55,9741
55,98812
56,00258
56,0164
56,03165
56,05742
56,0717
56,08656
56,10002
56,11396
56,12803
56,14166
56,15545
56,16997
56,18392
56,19808
56,21237
56,23833
56,25311
56,28038
56,29639
56,32238
56,33788
56,36364
56,37914
56,39331
56,41948
56,43479
56,44874
56,46297
56,48873
56,50301
56,51831
56,53262
56,55892
56,57424
56,60075
56,62818
56,6432
56,67017
56,68495
56,69954
56,71366
56,73929
56,75391
56,76902
56,79513
56,80972
56,83731
56,85163
56,86619
56,88057
56,8948
56,92035
56,93618
56,9502
56,97599
56,99025
57,0051
57,03196
57,04692
57,06161
57,08781
57,10255
57,11786
