participantNumber
9
repetitionNum
3
sdfEnabled
1
taskTime
26,36782
numHits
6
positionDifference
0,1426573
angleDifference
132,0607
finalPosX
-0,04315512
finalPosY
0,001131326
finalPosZ
0,8317313
finalRotX
304,4819
finalRotY
171,1059
finalRotZ
136,6869
taskType
easyWire
velocityMagnitude
0,9893285
0,9893285
0,4671874
0,788479
1,177353
1,177353
1,874085
0,5357826
0,5357826
0,6956036
0,2815332
0,2815332
0,6942194
0,7664806
0,7664806
1,351057
0,3444081
0,2394541
0,2394541
0,3704902
0,1600339
0,1600339
0,4024917
0,3615702
0,3615702
1,18334
0,6705706
0,2668036
0,2668036
0,2452192
0,1941445
0,1941445
0,2458706
0,2808348
0,2808348
0,6764732
0,2611555
0,2611555
0,384512
0,2180075
0,1435043
0,1435043
0,7994833
0,6677474
0,6677474
0,4315229
0,1507588
0,3259815
0,6063917
0,5535173
0,5208147
0,6231967
0,3673996
0,3204333
0,0526733
0,2127493
0,4200583
0,5117733
0,3915324
0,2210158
0,1642685
0,3937925
0,4856785
0,5025347
0,07493468
0,2468337
0,3714514
0,4276389
0,5908774
0,3143272
0,07114027
0,3060048
0,4138775
0,1997664
0,1339491
0,09508365
0,1719129
0,4379164
0,1434889
0,1950438
0,4701752
0,3029396
0,3564036
0,08606237
0,1992094
0,2896013
0,1493169
0,08793847
0,02091949
0,2499535
0,3530156
0,1022993
0,1703464
0,06687387
0,406647
0,29527
0,04201993
0,1270056
0,1242712
0,1436311
0,2208099
0,2668373
0,3377013
0,324328
0,08215945
0,3100531
0,07332128
0,08796052
0,1880783
0,1174683
0,1717108
0,05376209
0,2122487
0,2678737
0,06311359
0,2095275
0,1360839
0,2470699
0,2686853
0,06694888
0,06121317
0,0592848
0,08978754
0,0609383
0,04617065
0,1666574
0,4255756
0,03550326
0,3221139
0,03468613
0,4347909
0,2209867
0,1336527
0,1437204
0,1458194
0,1824762
0,1561435
0,112417
0,1542119
0,2629561
0,14706
0,4592345
0,2653277
0,2136515
0,2454428
0,1952625
0,3143542
0,04897631
0,5035737
0,252749
0,2220144
0,2043962
0,1331202
0,09617554
0,06605813
0,01431431
0,1981191
0,1096412
0,06628776
0,1120216
0,05618167
0,07850896
0,12637
0,1079113
0,1947752
0,1046627
0,3595897
0,256848
0,2787529
0,436002
0,09516822
0,292326
0,1355447
0,2145877
0,3317993
0,1465217
0,1833315
0,1802987
0,1285704
0,01398404
0,07764855
0,1390918
0,2127676
0,01493236
0,1901419
0,06891996
0,0870249
0,09992753
0,1270676
0,05777247
0,1181599
0,2438251
0,3609019
0,1809205
0,897183
0,1534689
0,04532724
0,08998669
0,10007
0,4842069
0,1646934
0,04956817
0,1706842
0,08456516
0,2051244
0,1813002
0,07880668
0,19088
0,247763
0,20869
0,1234367
0,1928294
0,1181815
0,1212121
0,07358011
0,08598211
0,06155766
0,06155766
0,07462119
0,05820346
0,03045297
0,03076944
0,1011452
0,1390285
0,1143848
0,1143848
0,1742089
0,192077
0,216524
0,2427358
0,2474863
0,2902218
0,2660273
0,2805019
0,1900157
0,195609
0,2376728
0,2376728
0,1990789
0,1990789
0,1873727
0,3161661
0,3161661
0,3181249
0,2201585
0,1516869
0,1551338
0,1551338
0,3178544
0,2505595
0,2505595
0,1504023
0,06578481
0,01090406
0,01090406
0,02933835
0,07076069
0,1546513
0,220729
0,220729
0,404474
0,2719973
0,2719973
0,2041831
0,0473414
0,0473414
0,1251072
0,09555041
0,09555041
0,01906356
0,03167582
0,1054807
0,2501979
0,2501979
0,3586436
0,2494459
0,18259
0,18259
0,05430698
0,05087233
0,05087233
0,4167734
0,4412938
0,4412938
0,492644
0,282903
0,02686252
0,02686252
0,1244491
0,09439715
0,09439715
0,4136628
0,3319322
0,3319322
0,1476023
0,2133511
0,22784
0,22784
0,1557098
0,06273519
0,06273519
0,1876086
0,1915506
0,1915506
0,1600685
0,2407647
0,2407647
0,2392048
0,1711031
0,2825644
0,2825644
0,4190478
0,1996713
0,1996713
0,2476357
0,2897635
0,2897635
0,2380096
0,3555866
0,4625588
0,4625588
0,4676329
0,06061876
0,06061876
0,3739493
0,2409793
0,2409793
0,3449037
0,4286661
0,4286661
0,4427716
0,1700477
0,0382134
0,0382134
0,3426755
0,279767
0,279767
0,394036
0,4825651
0,4825651
0,3955125
0,01943263
0,2308064
0,2308064
0,4143487
0,2507485
0,2507485
0,3746575
0,3191915
0,3191915
0,1248957
0,1969185
0,2955949
0,2955949
0,4246892
0,2587619
0,2587619
0,2137664
0,1536936
0,1536936
0,07508866
0,07632048
0,07632048
0,08752897
0,07412504
0,1027839
0,1027839
0,1668887
0,1524666
0,1524666
0,1285748
0,08618475
0,08618475
0,0529103
0,1034654
0,1989083
0,1989083
0,3539434
0,308773
0,308773
0,08203997
0,07110939
0,07110939
0,1655462
0,1556733
0,1556733
0,1933818
0,1731512
0,1085078
0,1085078
0,1277115
0,2288097
0,2288097
0,2330739
0,2709889
0,2709889
0,2054646
0,08924961
0,03074057
0,03074057
0,007139865
0,1478251
0,1478251
0,391237
0,3202092
0,3202092
0,07065427
0,06698237
0,06695854
0,06695854
0,393946
0,4175309
0,4175309
0,2165589
0,0557122
0,0557122
0,1611556
0,253152
0,253152
0,4588176
0,3337048
0,2259746
0,2259746
0,1320568
0,04113694
0,04113694
0,2430403
0,3202573
0,3202573
0,4332055
0,2385305
0,1326555
0,1326555
0,07659712
0,1054765
0,1846802
0,2566467
0,2566467
0,2267075
0,09020842
0,05160372
0,08653101
0,1001128
0,08583625
0,04960244
0,04960244
0,07599211
0,07599211
0,1899227
0,209017
0,1903148
0,2100024
0,1812159
0,2523163
0,3779969
0,3612053
0,2607491
0,2607491
0,1019042
0,07038417
0,07038417
0,1424574
0,1505192
0,1532408
0,1551118
0,1551118
0,2156574
0,2208252
0,2482699
0,1690113
0,2329654
0,2340949
0,2389167
0,3945878
0,3392702
0,1798409
0,1798409
0,06707762
0,06707762
0,1297227
0,1875882
0,2636156
0,2698433
0,2522145
0,4123773
0,404489
0,4464771
0,2057299
0,2321832
0,2480983
0,2251727
0,09657175
0,1319573
0,2024095
0,06730227
0,0845414
0,1260186
0,1313735
0,1643677
0,1796709
0,2140089
0,1936713
0,1369432
0,05726362
0,2009896
0,2593023
0,2197191
0,07740032
0,1816557
0,2264952
0,2370583
0,3405745
0,1964774
0,258241
0,3666562
0,1425524
0,07107855
0,2401295
0,2493046
0,2710507
0,2860914
0,6696696
0,1264753
0,2495949
0,1546071
0,08126409
0,2188165
0,3807652
0,3015719
0,1962665
0,2374398
0,4265432
0,24266
0,09182935
0,1513323
0,1262845
0,07452092
0,3563482
0,109845
0,1924564
0,1198805
0,1579894
0,07085387
0,1006774
0,1113261
0,2449822
0,07668658
0,5681971
0,3082676
0,2149744
0,1211237
0,286616
0,2278605
0,2657421
0,2223049
0,2749922
0,1689437
0,4673811
0,3233867
0,3031973
0,193864
0,1076831
0,2092215
0,1398668
0,1521481
0,1505612
0,02051483
0,2629176
0,1527948
0,131532
0,1746444
0,05943638
0,5115581
0,2810168
0,1057992
0,1919998
0,07040837
0,2345354
0,3521107
0,1954653
0,1673933
0,09706455
0,2185346
0,304701
0,1754736
0,09665695
0,1420515
0,2418452
0,1733062
0,2068755
0,03182792
0,02818067
0,1941329
0,3695778
0,2601323
0,08883251
0,09055562
0,1387309
0,2126826
0,2460027
0,2161107
0,2161107
0,2032363
0,2032363
0,2912917
0,1670097
0,1992843
0,2092193
0,2264544
0,2262662
0,2510219
0,2510219
0,152415
0,1459689
0,1459689
0,3000932
0,1773779
0,2509099
0,2285886
0,2264694
0,2264694
0,1715096
0,1036671
0,1036671
0,1510209
0,1937769
0,1937769
0,3190204
0,167137
0,08742568
0,08742568
0,05828888
0,07613058
0,07613058
0,05064748
0,06185682
0,06185682
0,02615659
0,03909943
0,05136277
0,05136277
0,1060145
0,08139124
0,08139124
0,0550603
0,03278015
0,03278015
0,06310403
0,0490777
0,0490777
0,1230572
0,1587536
0,1113374
0,1113374
0,0365692
0,00924711
0,00924711
0,09051491
0,1827088
0,1827088
0,2883383
0,1836796
0,1836796
0,09811779
0,1685735
0,1376444
0,1376444
0,1904773
0,2748109
0,2748109
0,2648554
0,129082
0,129082
0,09188029
0,06327386
0,05332842
0,05332842
0,2588527
0,2301321
0,2301321
0,1763465
0,08958079
0,08958079
0,06821657
0,06820595
0,06820595
0,1823936
0,1523864
0,1062469
0,1062469
0,02007041
0,05204471
0,05204471
0,1413621
0,119366
0,119366
0,1573
0,1772579
0,2134414
0,2134414
0,2737897
0,1624682
0,1624682
0,105385
0,09609656
0,09609656
0,03907054
0,05081829
0,09567662
0,09567662
0,1504698
0,1594395
0,1594395
0,2007651
0,1450522
0,1450522
0,2009822
0,1998255
0,1998255
0,1742887
0,1440821
0,06836741
0,06836741
0,0948045
0,1200817
0,1200817
0,1765471
0,1551755
0,1551755
0,2206374
0,2110023
0,1732091
0,1732091
0,09834436
0,1065817
0,1065817
0,1079834
0,1861611
0,1861611
0,3876981
0,2681138
0,2681138
0,2294688
0,2214976
0,1441147
0,1441147
0,1834075
0,1721634
0,1721634
0,236499
0,2465477
0,2465477
0,4352525
0,3335208
0,2282769
0,2282769
0,1660183
0,1784668
0,1784668
0,2577696
0,2638112
0,2638112
0,3686997
0,1748421
0,07269108
0,07269108
0,2600891
0,2177211
0,2177211
0,2441213
0,1184301
0,1184301
0,0473564
0,09833893
0,09833893
0,25155
0,2015276
0,1053618
0,1053618
0,1187038
0,1673111
0,1673111
0,1339674
0,07000286
0,07000286
0,08775531
0,1312647
0,1671727
0,1671727
0,1197247
0,05992021
0,05992021
0,2430484
0,2770985
0,2770985
0,2418419
0,07455846
0,07455846
0,2016171
0,1792966
0,2636801
0,2636801
0,4348346
0,2113118
0,3292028
0,3918257
0,3918257
0,4228923
0,2491557
0,2139027
0,1971148
0,10124
0,02617036
0,05219584
0,06437903
0,05363419
0,0139816
0,1199189
0,1199189
0,1047283
0,1081507
0,2179818
0,2371737
0,1917544
0,2787045
0,1596133
0,1759714
0,204842
0,2034025
0,08720936
0,01634454
0,04537737
0,09527247
0,1729853
0,1821872
0,09591498
0,03210755
0,1540542
0,2057487
0,1434164
0,02728344
0,09116104
0,1533423
0,2254449
0,3661158
0,3119647
0,2723798
0,04771481
0,113479
0,3066122
0,210745
0,210745
0,109969
0,1867942
0,2344711
0,309814
0,2716497
0,3088376
0,2362042
0,2633591
0,2053543
0,2331568
0,1606673
0,233534
0,3188821
0,2557656
0,1135333
0,1120809
0,1838684
0,2177296
0,07775022
0,06672322
0,06707229
0,09798365
0,09787839
0,09701922
0,1165915
0,1386988
0,0489489
0,08013276
0,1886396
0,1351252
0,3092503
0,1602585
0,178757
0,1373066
0,1400026
0,2378079
0,1933831
0,03588972
0,0644168
0,04683341
0,05913291
0,08288736
0,1098117
0,1095042
0,1184191
0,101986
0,106961
0,1315872
0,1809919
0,1226214
0,2085656
0,2493379
0,1996693
0,1253667
0,02896207
0,04008458
0,02245539
0,07339916
0,07881279
0,07018919
0,08221799
0,04058769
0,0444519
0,06035666
0,05877892
0,09462009
0,03027667
0,03693358
0,03555539
0,02987337
0,1712974
0,1605081
0,2144762
0,2690634
0,06424656
0,2214289
0,1657429
0,2542255
0,3438372
0,07862221
0,106143
0,2445369
0,2318301
0,1442047
0,01415635
0,1929228
0,3818188
0,2679495
0,3997478
0,2921229
0,1345526
0,1371228
0,1042007
0,3020597
0,1423662
0,2608781
0,2426807
0,08433135
0,0433663
0,09425254
0,02672544
0,02911044
0,06928446
0,09018058
0,1011201
0,3160287
0,3167405
0,1131795
0,1605792
0,08441956
0,1066754
0,1386803
0,04506458
0,05031443
0,09722006
0,1186272
0,06948099
0,02717891
0,1332515
0,153379
0,1424619
0,1041349
0,04173648
0,08979566
0,1135097
0,09254402
0,09969144
0,08734092
0,1269771
0,09111938
0,07728821
0,07853708
0,0958848
0,1670265
0,1005263
0,07568229
0,22644
0,1194279
0,09482975
0,1828744
0,1123748
0,1446996
0,06674512
0,0995575
0,2488216
0,1571907
0,1006592
0,06565578
0,123926
0,1618439
0,1962973
0,1367026
0,1157716
0,09964656
0,08234597
0,08234597
0,1904426
0,1904426
0,06899127
0,06899127
0,1216378
0,121762
0,1231412
0,1016454
0,1016454
0,08149829
0,08149829
0,1380885
0,1307554
0,169063
0,1659465
0,1836766
0,1363004
0,05956424
0,05956424
0,04933973
0,05369533
0,07088423
0,1221493
0,1508623
0,1508623
0,1784199
0,1660727
0,1767782
0,07159471
0,07159471
0,08162957
0,07436765
0,1280119
0,1568224
0,1961972
0,1961972
0,1159351
0,03406928
0,03406928
0,0349883
0,1312321
0,1312321
0,3478702
0,316851
0,1240532
0,01415692
0,04066195
0,122741
0,2800795
0,2800795
0,2693493
0,1006224
0,1006224
0,12909
0,1047398
0,04636874
0,04636874
0,1287965
0,1275587
0,1275587
0,04877898
0,06709804
0,06709804
0,1219323
0,1188136
0,09722517
0,09722517
0,1039758
0,0786348
0,05060944
0,03470935
0,03470935
0,1375988
0,1670924
0,1670924
0,228794
0,1770823
0,07438551
0,07438551
0,05011574
0,04665317
0,04665317
0,06535259
0,1254285
0,1254285
0,12135
0,02055551
0,04662372
0,04662372
0,1217816
0,09704342
0,09704342
0,1155854
0,08182903
0,08182903
0,1572261
0,1784648
0,1465898
0,1465898
0,1779353
0,1515286
0,1515286
0,0383053
0,08592422
0,08592422
0,1744186
0,1049059
0,1049059
0,05476987
0,1323597
0,1801852
0,1801852
0,104288
0,06557624
0,06557624
0,110546
0,0353893
0,0353893
0,2199052
0,2326619
0,1872769
0,1872769
0,09414642
0,08721788
0,08721788
0,03386361
0,03107789
0,03107789
0,1030888
0,07773277
0,07773277
0,05464298
0,09588899
0,106244
0,106244
0,04528901
0,09377263
0,09377263
0,1713251
0,134132
0,134132
0,082008
0,0529466
0,03511565
0,03511565
0,1386838
0,1663407
0,1663407
0,1803571
0,1505667
0,1505667
0,1227059
0,1073479
0,1073479
0,09474557
0,08199853
0,07291483
0,07291483
0,1643558
0,1716491
0,1716491
0,1533981
0,06484154
0,06484154
0,06781946
0,06470159
0,1113414
0,1113414
0,2127568
0,1560321
0,1560321
0,05509686
0,1423063
0,1423063
0,1790041
0,0884789
0,04579828
0,04579828
0,2804006
0,2064528
0,2064528
0,04904541
0,1203999
0,1203999
0,2096754
0,1571566
0,1571566
0,05606716
0,05630053
0,07547172
0,07547172
0,1438735
0,1583202
0,1583202
0,1288486
0,08477272
0,08477272
0,06657732
0,08634327
0,1170048
0,1170048
0,1152695
0,07540862
0,07540862
0,03407247
0,03796359
0,03796359
0,09403397
0,09530846
0,09530846
0,1133336
0,09916951
0,04589843
0,04589843
0,1006458
0,1407752
0,1407752
0,1537687
0,1522984
0,1522984
0,1031834
0,06745821
0,09725123
0,09725123
0,2207874
0,1544108
0,1544108
0,1299072
0,1350361
0,1350361
0,07508222
0,03266696
0,03266696
0,05552007
0,07389712
0,08642801
0,08642801
0,1232113
0,1094092
0,1094092
0,07021166
0,09570452
0,09570452
0,2001046
0,2281446
0,2352911
0,2352911
0,1947819
0,143445
0,143445
0,1124339
0,1159284
0,1159284
0,1541858
0,1418831
0,1199705
0,1199705
0,08110142
0,1109212
0,1109212
0,1483176
0,1216154
0,1216154
0,0856871
0,08936121
0,08936121
0,1153864
0,09446392
0,07577002
0,07577002
0,03730454
0,05765596
0,05765596
0,07894734
0,07460156
0,07460156
0,07991666
0,04689987
0,06578871
0,06578871
0,0543866
0,0619124
0,0619124
0,09324217
0,06631941
0,06631941
0,04664459
0,06975987
0,06975987
0,05342159
0,05123887
0,07558197
0,07558197
0,05002533
0,07559492
0,07559492
0,08097576
0,07885354
0,07885354
0,04133485
0,05383299
0,06644306
0,06644306
0,09794256
0,0958923
0,0958923
0,06740544
0,1076048
0,1076048
0,04188029
0,1295346
0,1295346
0,08160716
0,0914193
0,05286743
0,05286743
0,1175011
0,1821158
0,1821158
0,06009038
0,05569629
0,05569629
0,1692691
0,2063664
0,1609806
0,1609806
0,07522639
0,0725413
0,0725413
0,06455802
0,04204822
0,04204822
0,08504527
0,1474095
0,1474095
0,0878336
0,07176602
0,07093558
0,07093558
0,2767336
0,3254957
0,3254957
0,2317813
0,1138453
0,1138453
0,01659611
0,09310865
0,1366905
0,1366905
0,2425796
0,1500983
0,1500983
0,1438089
0,1704001
0,1704001
0,1542982
0,04241366
0,08841211
0,08841211
0,1472939
0,1087215
0,1087215
0,1210552
0,1321766
0,1321766
0,2602609
0,2855923
0,2855923
0,3226553
0,247053
0,1894429
0,2301021
0,270278
0,270278
0,2905556
0,2527891
0,2565668
0,1539894
0,1902596
0,2240871
0,2979658
0,3906756
0,3518007
0,3547478
0,3430192
velocityComponents
0,2045536
-0,4551028
0,8542893
0,2045536
-0,4551028
0,8542893
-0,02135474
-0,2149905
0,4142308
-0,1927862
0,7531792
0,1313537
0,02542026
1,167069
0,153181
0,02542026
1,167069
0,153181
0,4849177
1,065704
1,463327
0,03033299
-0,4837438
0,2283305
0,03033299
-0,4837438
0,2283305
-0,2699586
-0,601811
-0,2209306
-0,1380535
-0,2279602
-0,09075403
-0,1380535
-0,2279602
-0,09075403
0,1336297
0,08013919
0,6765068
0,1028525
0,6847143
0,3287554
0,1028525
0,6847143
0,3287554
-0,06100684
1,349666
-0,005963445
-0,06246353
0,3215931
-0,1062691
-0,01183479
0,2344801
0,04708834
-0,01183479
0,2344801
0,04708834
0,07191405
-0,2119524
0,2952415
-0,005385566
-0,1476395
0,06151748
-0,005385566
-0,1476395
0,06151748
-0,1578533
0,2077162
-0,3064896
-0,003348989
0,3611575
0,01694365
-0,003348989
0,3611575
0,01694365
0,2616339
0,9627559
0,6363512
0,2407069
0,2837303
0,557873
0,1009047
-0,1137802
0,2192178
0,1009047
-0,1137802
0,2192178
-0,08610386
-0,01840991
-0,2288661
-0,07360241
0,005507919
-0,1795674
-0,07360241
0,005507919
-0,1795674
0,04336368
0,2040955
0,1300653
0,05139923
0,2392824
0,1377325
0,05139923
0,2392824
0,1377325
0,09071603
0,6122783
0,2729503
0,06130829
0,1949751
0,1625674
0,06130829
0,1949751
0,1625674
0,01163742
-0,3801326
0,05668533
-0,04293199
-0,2073815
-0,05173993
-0,07608637
-0,009528852
-0,1212994
-0,07608637
-0,009528852
-0,1212994
-0,1218012
0,7763636
-0,146961
0,03136605
0,6378132
0,1951849
0,03136605
0,6378132
0,1951849
0,1185512
0,1372456
0,3915626
0,02441441
0,07379173
0,1291779
-0,1362844
0,118773
-0,2712627
-0,2320943
0,3400149
-0,4452336
-0,1625838
0,4516227
-0,2756535
0,06040745
0,4514959
0,2524883
0,1457478
0,3846426
0,4681686
0,1302594
-0,01997992
0,3429515
0,099579
-0,1283116
0,2762203
0,005022548
0,00104646
0,05242285
0,004287764
0,1919864
0,09157034
0,06338756
0,3248443
0,2586643
0,1398152
0,2265154
0,4370976
0,1367605
-0,0461423
0,3639575
0,06917267
-0,03734221
0,206564
-0,01628501
0,1628944
0,01357777
0,01638949
0,3596329
0,1595872
0,1259607
0,2115501
0,4186455
0,1415529
0,1488182
0,458647
0,002673767
0,06630747
0,03480483
-0,08412801
0,1860572
-0,1386797
-0,0826753
0,3527159
-0,08205121
0,009735515
0,3953146
0,1628085
0,1098688
0,3732274
0,4447092
0,07865962
0,1291557
0,2755595
-0,01303392
0,06986588
0,003132837
0,009035089
0,2708598
0,1420994
0,02617368
0,3573867
0,2070852
0,05077771
0,08036862
0,1756962
0,03714592
-0,05837222
0,1146962
0,01374296
0,02143441
0,09161112
0,02712337
0,08815225
0,1450778
0,08087237
0,1753833
0,3930282
0,02709773
0,02607441
0,1384734
0,03208501
-0,105357
0,1609738
0,06102585
0,1894563
0,4259659
0,03460428
0,1934879
0,2305154
-0,009690488
0,2935796
0,201843
-0,01899477
0,08053128
0,02367792
0,007018477
0,1219942
0,1573293
0,01706492
0,1860375
0,2212866
0,004909822
0,116623
0,09311547
-0,03849506
0,06138857
-0,04982718
-0,007231256
0,0160554
0,01129416
-0,009880726
0,2139015
0,1289389
0,00131308
0,2816914
0,2127633
0,008749575
0,05659451
0,0847683
0,02203188
-0,1658306
0,03213548
0,01131808
0,02343736
0,06160118
0,006265965
0,3323975
0,2341675
-0,05146484
0,2902862
0,01642148
-0,01458159
0,03913892
-0,004603975
0,0125559
0,05125891
0,1155219
-0,01282591
0,1184919
0,03519214
-0,0003338624
0,09436651
0,1082808
0,04510754
-0,1593473
0,1460506
0,07169673
-0,08374638
0,2429985
0,04552164
0,1152592
0,3141421
-0,06754766
0,3169084
0,01396643
-0,006607289
0,06828015
0,0452144
0,05909788
-0,2894644
0,09407835
0,002461907
-0,07312645
-0,004740488
-0,02750366
0,08256076
0,01281886
0,01709642
0,05549148
0,1788906
0,02763179
-0,03976443
0,1070237
0,0256068
-0,1633674
0,04625987
0,008143772
-0,00639582
0,05275543
0,03760545
-0,06436323
0,1987278
0,0506783
-0,1833251
0,1886264
0,003274213
-0,0618141
0,01231349
0,03386282
0,02146322
0,2056561
0,02450315
0,006202948
0,1337159
0,04590514
-0,1147238
0,2139503
0,04173842
-0,09105972
0,2493148
-0,001928832
-0,0009799288
0,06691391
-0,007658247
-0,0177942
0,05806694
0,002210415
-0,04223563
0,04154459
-0,02475724
0,08108615
0,02956209
-0,01899281
0,03259989
0,04785391
-0,004245913
-0,03632799
0,02817762
-0,06348769
0,07702964
-0,1334557
-0,1343572
0,318458
-0,2482886
-0,02200191
0,02777386
0,002238343
0,0458008
-0,2619769
0,1817354
-0,02122909
0,02719746
-0,003571012
-0,1147441
0,4111619
-0,08260023
-0,006120703
0,06641097
0,2106828
0,01886157
-0,0729394
0,1103953
-0,04785623
0,1294478
0,04010747
-0,04509579
0,1386548
-0,002129148
-0,002001129
-0,1409432
0,1158817
-0,01902014
-0,09818335
0,1199127
-0,05395138
0,08936889
-0,04171367
-0,02488812
0,02959496
0,1492851
0,03927881
-0,2039118
0,1613166
-0,01638379
-0,1385954
0,04636301
-0,1567822
0,3257027
-0,283255
-0,08152592
0,242228
-0,07125942
0,01186168
-0,1191627
0,1769365
0,04625691
-0,1636741
0,1769556
0,01941108
-0,1540067
0,1184592
-0,09646763
0,1858194
-0,2344861
-0,01449004
0,04659929
0,004150043
0,1162366
-0,3855454
0,3023745
0,05791785
-0,2291991
0,08941675
0,02868299
-0,2120202
-0,0592882
0,02528485
-0,1998694
-0,03450667
0,01588322
-0,1319051
-0,008350994
0,008656777
-0,09483603
0,01345074
-0,024651
0,01782308
-0,05863738
-0,007783963
-0,009923296
-0,006770349
0,03085412
-0,1637769
0,1071276
0,01769802
-0,07860187
0,07436204
-0,01799014
0,06285056
0,01096496
-0,005051224
0,05124369
0,09948574
0,003949589
-0,01832161
0,05296318
-0,01714117
0,07538261
0,01368577
-0,02737779
0,1230451
-0,008928622
-0,006805589
0,06247147
0,08772596
0,02777242
-0,07814659
0,1762361
0,006535589
0,02265928
0,1019712
-0,06871078
0,3526351
-0,01523531
-0,04851675
0,2519175
0,01243244
0,04285843
-0,1803192
0,2082098
0,07369462
-0,3538067
0,2439009
0,007326192
-0,06026565
0,07328963
-0,06762985
0,2816532
-0,03939769
-0,03077392
0,1300083
0,02287323
0,0238424
-0,2104211
0,03467542
0,009233945
-0,3017218
-0,1377297
-0,03159427
-0,0134842
-0,1424381
-0,05245976
0,07437392
-0,1591443
0,0120812
-0,1798826
0,001970116
0,02311256
-0,1135955
0,05560778
-0,007165516
0,009775187
-0,006975275
-0,01574676
0,07561811
-0,007952232
0,02512214
-0,1113592
0,07946402
0,0355996
-0,1929545
0,08228768
-0,002071538
-0,004789978
0,01399072
-0,03792582
0,1862667
0,004507069
-0,019028
0,06603916
0,00516969
-0,02877549
0,07986257
0,01916442
-0,03317407
0,09197529
0,02062856
-0,03089825
0,1232471
0,001274221
-0,0114529
-0,05513723
-0,01289866
0,006649564
-0,1145746
-0,02811039
-0,06342321
0,1080944
-0,2091501
-0,09257042
0,3193178
-0,1404175
0,03547021
-0,1668564
0,06027459
0,1323587
-0,8838325
0,07911139
0,01586913
-0,1488082
-0,03401432
-0,006014897
0,03966847
-0,0210901
-0,00930455
0,08888179
0,01053833
0,02209314
-0,08008606
0,05578633
0,08478648
-0,44431
0,1727896
0,03441756
-0,1398499
0,07988338
0,002460769
0,03997334
0,02920755
-0,02172942
0,1691418
0,00720936
0,01394163
-0,02179758
0,08050939
0,03339742
-0,1329268
0,1526142
0,02446214
-0,1026312
0,1474388
0,005411812
-0,01140642
0,07778881
0,02365082
-0,1620757
0,09801665
0,03226332
-0,2390754
0,05646709
0,01430667
-0,207877
-0,01157472
0,003784299
-0,1198859
-0,02914874
0,01237129
-0,1922384
-0,008631802
0,003593065
-0,113856
-0,03147642
-0,001019597
-0,1091992
-0,05260112
-0,002649732
-0,06510927
-0,034173
-0,001620045
-0,08107591
-0,0285831
0,001766701
-0,06152975
0,0005603102
0,001766701
-0,06152975
0,0005603102
0,003144952
-0,07080106
0,02335899
0,002226655
-0,04421977
0,03777957
-0,003695504
-0,0008693433
0,03021541
-0,002427425
-0,005468337
0,03018216
0,009331191
-0,06412657
0,07765997
0,01537253
-0,09795513
0,09745458
0,0124822
-0,07900108
0,0817735
0,0124822
-0,07900108
0,0817735
0,01621844
-0,1254607
0,119772
0,01328623
-0,09805039
0,1646304
0,0144724
-0,1163555
0,1820292
0,01461072
-0,1640365
0,1783234
0,01624676
-0,177596
0,1715959
0,01997933
-0,2125647
0,1965852
0,01478434
-0,2230795
0,1441786
0,01460188
-0,2368121
0,1496266
0,01081945
-0,1525228
0,1128082
0,005629522
-0,181218
0,07342481
0,007722882
-0,2263229
0,07215701
0,007722882
-0,2263229
0,07215701
0,006676592
-0,1927392
0,0493906
0,006676592
-0,1927392
0,0493906
0,00410016
-0,1788494
0,05571895
0,009714291
-0,2986873
0,103211
0,009714291
-0,2986873
0,103211
0,009910984
-0,3062827
0,08541764
0,004717415
-0,2125358
0,05723653
-0,0007684146
-0,1498318
0,02363823
4,358994E-05
-0,1488903
0,04356793
4,358994E-05
-0,1488903
0,04356793
0,01452112
-0,2830738
0,1438394
0,01507293
-0,2168913
0,1245432
0,01507293
-0,2168913
0,1245432
0,008205902
-0,1224264
0,08697865
0,001775387
-0,05003714
0,04267053
-0,002475846
0,001208668
0,01055025
-0,002475846
0,001208668
0,01055025
0,00335441
0,0009520761
0,0291304
0,00685288
0,04985944
0,04974082
0,01185206
0,1106991
0,1073417
0,01335501
0,1615981
0,1497631
0,01335501
0,1615981
0,1497631
-0,006254397
0,3928274
0,09615998
-0,01898037
0,2673433
-0,04636645
-0,01898037
0,2673433
-0,04636645
-0,0103565
0,2020039
-0,02789107
0,002639325
-0,04587599
-0,01138575
0,002639325
-0,04587599
-0,01138575
0,01043247
-0,0977501
0,07738145
0,006332302
-0,08259553
0,04762101
0,006332302
-0,08259553
0,04762101
-0,004131003
-0,01208179
0,01415573
-0,01088925
0,02709774
-0,01226762
0,001224553
-0,08628843
0,0606547
0,01139699
-0,2228914
0,1130862
0,01139699
-0,2228914
0,1130862
0,01575861
-0,3264121
0,1477567
0,005562278
-0,2416043
0,06180389
0,001298009
-0,1677586
0,0720728
0,001298009
-0,1677586
0,0720728
-0,002392704
0,03170202
0,04402845
-0,005321734
0,02378747
0,04465231
-0,005321734
0,02378747
0,04465231
0,01386495
-0,3343907
0,2483761
0,0225573
-0,3654844
0,2462775
0,0225573
-0,3654844
0,2462775
0,01534856
-0,434461
0,2317458
0,007266935
-0,2337589
0,1591794
-0,009956831
0,01945168
0,01562333
-0,009956831
0,01945168
0,01562333
-0,02388349
0,09010237
-0,08245428
-0,004786739
-0,08218328
0,04619326
-0,004786739
-0,08218328
0,04619326
0,01866554
-0,3532398
0,2144532
0,01422413
-0,3041257
0,1322279
0,01422413
-0,3041257
0,1322279
-0,003902666
-0,1457988
-0,02266991
-0,02457945
0,08289843
-0,1950445
-0,02598652
0,1400517
-0,1778237
-0,02598652
0,1400517
-0,1778237
-0,01221428
0,1441157
-0,05768031
0,003933358
0,02133403
0,05886503
0,003933358
0,02133403
0,05886503
0,007756128
-0,1756839
0,06536047
0,0004769138
-0,1915441
-0,001497214
0,0004769138
-0,1915441
-0,001497214
-0,02180715
0,03279416
-0,155148
-0,02829249
0,1578709
-0,179566
-0,02829249
0,1578709
-0,179566
-0,01680969
0,2347154
-0,04295396
0,01041
0,03541141
0,1670747
0,02168809
-0,1663774
0,2273562
0,02168809
-0,1663774
0,2273562
0,02808197
-0,292511
0,298747
0,0134145
-0,1460001
0,1355457
0,0134145
-0,1460001
0,1355457
-0,01274826
0,2403761
-0,05813988
-0,01498305
0,2864777
-0,04085251
-0,01498305
0,2864777
-0,04085251
0,008367877
0,1320608
0,1978345
0,02636484
-0,1235894
0,3323738
0,030751
-0,2823965
0,3650579
0,030751
-0,2823965
0,3650579
0,02785673
-0,2975178
0,359705
0,00544248
0,005784633
0,06009619
0,00544248
0,005784633
0,06009619
-0,01517733
0,3443082
-0,1451191
-0,007411447
0,2364067
-0,0461299
-0,007411447
0,2364067
-0,0461299
0,03178027
-0,02371557
0,3426166
0,03726313
-0,2179995
0,3672088
0,03726313
-0,2179995
0,3672088
0,02466
-0,3557276
0,2624814
0,01186347
-0,1379365
0,09873697
-0,001160117
-0,02915026
-0,02468158
-0,001160117
-0,02915026
-0,02468158
-0,01501391
0,2877857
-0,1854198
-0,009128872
0,2655608
-0,08754255
-0,009128872
0,2655608
-0,08754255
0,02762664
-0,04846862
0,3900666
0,0324422
-0,2323878
0,4216782
0,0324422
-0,2323878
0,4216782
0,01956602
-0,270447
0,2879336
0,002094231
-0,01416544
0,01313702
-0,01181382
0,1825102
-0,1407908
-0,01181382
0,1825102
-0,1407908
-0,01704007
0,3895617
-0,1401291
-0,003847239
0,2457379
0,04972844
-0,003847239
0,2457379
0,04972844
0,01430858
0,06254086
0,3691234
0,01295547
-0,08364221
0,3077651
0,01295547
-0,08364221
0,3077651
-0,007190308
0,08299227
0,09305651
-0,01640524
0,1940901
-0,02892784
-0,02518737
0,2914705
-0,0422716
-0,02518737
0,2914705
-0,0422716
-0,02755844
0,4155493
0,08318781
-0,006950849
0,157877
0,2049005
-0,006950849
0,157877
0,2049005
-0,0005164221
0,01660752
0,2131197
-0,000358089
-0,0003389623
0,1536928
-0,000358089
-0,0003389623
0,1536928
-0,006479108
0,04752524
0,05777266
-0,007894757
0,06738976
0,03494437
-0,007894757
0,06738976
0,03494437
-0,009436857
0,08417612
0,02206009
-0,004886363
0,03222444
0,06657499
-0,0001609315
-0,03327248
0,09724943
-0,0001609315
-0,03327248
0,09724943
0,003217766
-0,1419374
0,08772276
0,002180568
-0,1405235
0,05911388
0,002180568
-0,1405235
0,05911388
-0,002675218
-0,1274832
0,01650319
-0,005989278
-0,07769836
-0,036809
-0,005989278
-0,07769836
-0,036809
-0,005447842
-0,05151948
-0,01075008
0,001131178
-0,08083128
0,06457646
0,007929359
-0,109202
0,166062
0,007929359
-0,109202
0,166062
0,01271721
-0,1857392
0,3010236
0,01089727
-0,2326345
0,2027392
0,01089727
-0,2326345
0,2027392
-0,004000276
-0,01705587
-0,08014769
-0,006012477
0,04583736
-0,05403084
-0,006012477
0,04583736
-0,05403084
-0,005663366
0,1593022
-0,04467969
-0,001070286
0,1537058
0,0246489
-0,001070286
0,1537058
0,0246489
0,006782848
0,06081648
0,1834445
0,008155808
-0,003755912
0,1729183
0,005085806
-0,01733774
0,1069929
0,005085806
-0,01733774
0,1069929
-0,001839126
0,1269717
-0,01360342
-0,006490406
0,2067968
-0,09770788
-0,006490406
0,2067968
-0,09770788
-0,002400271
0,2257884
0,05776932
0,006202538
0,1445842
0,2291111
0,006202538
0,1445842
0,2291111
0,006644255
0,01548099
0,2047728
0,002940516
-0,008951416
0,08875088
-0,001832911
0,01152147
0,0284408
-0,001832911
0,01152147
0,0284408
-0,00622842
-0,001350528
-0,003218779
-0,00284031
-0,05577856
0,1368683
-0,00284031
-0,05577856
0,1368683
0,0007483031
-0,1615183
0,3563392
0,002500464
-0,1398551
0,2880421
0,002500464
-0,1398551
0,2880421
-0,006071608
0,001320301
-0,07038053
-0,008080809
0,05159757
-0,04194079
-0,006406963
0,04791644
0,04632939
-0,006406963
0,04791644
0,04632939
-0,00706276
-0,01269079
0,3936782
-0,003032909
-0,07256404
0,4111658
-0,003032909
-0,07256404
0,4111658
-0,00478495
-0,03926335
0,2129161
-0,004667886
-0,0002775833
0,05551561
-0,004667886
-0,0002775833
0,05551561
-0,005875967
0,1155341
-0,1121984
-0,008108392
0,191355
-0,1655399
-0,008108392
0,191355
-0,1655399
-0,01601289
0,3914308
-0,2388287
-0,01231265
0,3274176
-0,06328531
-0,006756145
0,217656
0,06037144
-0,006756145
0,217656
0,06037144
0,0001324643
0,02268188
0,1300942
0,0007549814
0,002479627
0,0410552
0,0007549814
0,002479627
0,0410552
-0,005692852
0,1741985
-0,1693843
-0,01033214
0,2351788
-0,217138
-0,01033214
0,2351788
-0,217138
-0,0178319
0,3979916
-0,1701521
-0,009433718
0,236488
-0,02968553
-0,004734831
0,132495
0,004487323
-0,004734831
0,132495
0,004487323
-0,002765396
0,07596447
-0,009427083
-0,004044547
0,08433746
-0,06321496
-0,007097558
0,1065125
-0,1507034
-0,01233762
0,1473246
-0,2097874
-0,01233762
0,1473246
-0,2097874
-0,01562491
0,2014739
-0,102764
-0,006265182
0,08699096
-0,0230408
-0,002580842
0,03471491
0,03809407
-0,0008419845
0,001896918
0,08650611
0,0004444971
-0,02135126
0,09780852
-0,0007208043
-0,01547437
0,08442681
-0,003212015
0,01147918
0,04814887
-0,003212015
0,01147918
0,04814887
-0,002164374
0,04684324
0,05979822
-0,002164374
0,04684324
0,05979822
0,002969022
0,004035898
0,1898566
0,004646726
-0,01080952
0,2086856
0,005244251
-0,01159255
0,189889
0,0076886
-0,0315058
0,2074832
0,00715876
-0,01869764
0,1801066
0,007980974
-0,03216075
0,250131
0,008342649
-0,02794265
0,3768703
0,007091478
0,004798792
0,3611038
0,00433037
0,03396219
0,2584916
0,00433037
0,03396219
0,2584916
0,003338397
0,04830382
0,08966637
0,0008351004
0,04185566
0,05658037
0,0008351004
0,04185566
0,05658037
-0,0006134379
0,1211691
0,07491173
0,0004667004
0,07671622
0,1295007
-0,001245107
0,08752016
0,1257832
-0,002852447
0,1486407
0,04424355
-0,002852447
0,1486407
0,04424355
-0,005955735
0,2104366
-0,04678782
-0,003269339
0,2094575
-0,06986149
-0,00196393
0,2274567
-0,09948652
-0,002133633
0,1673024
-0,02387838
-0,00394512
0,2145146
0,09077875
-0,0003917847
0,2095831
0,104284
0,005131931
0,2035827
-0,1249357
0,0002677538
0,2800826
-0,2779445
-0,004631867
0,2955667
-0,1665027
0,002252129
0,1725571
0,05061346
0,002252129
0,1725571
0,05061346
0,009774982
0,05406836
0,03847687
0,009774982
0,05406836
0,03847687
0,003761692
0,1283623
-0,01835571
-0,002008302
0,165486
0,08831594
-0,007480376
0,2114247
0,1572794
-0,009286931
0,2345654
0,1330723
-0,01109698
0,2490701
0,03811939
-0,02415399
0,4114632
0,01302472
-0,02969721
0,3832057
0,1260271
-0,02813482
0,3476117
0,2787765
-0,008020446
0,1898949
0,07874256
-0,00555126
0,2308454
-0,02426126
-0,005280516
0,2122974
0,1282759
0,009409205
0,08173536
0,2096033
0,01606017
0,09388476
0,0159319
0,003816298
0,1305969
-0,01851006
0,004061599
0,1732872
0,1045212
0,009242294
0,04158536
0,05210407
0,009423835
0,052306
0,06574588
0,006195292
0,1257855
0,004506032
-0,004705726
0,1292177
0,02323024
-0,01085392
0,1313065
0,09827279
-0,01633531
0,1775888
-0,02184092
-0,02263841
0,2052292
-0,05628742
-0,02300705
0,1752085
0,07925437
-0,004414637
0,04105806
0,1305687
0,0008695791
0,04215573
0,0387461
-0,0171167
0,1832578
-0,08074908
-0,0322882
0,2536794
-0,04291778
-0,01265989
0,06917271
0,2081618
0,00345343
-0,01845865
0,0750877
0,01721828
-0,08921961
0,1572964
0,01082635
-0,08983403
0,207636
0,006295564
-0,08206107
0,2223128
0,007539961
-0,1308708
0,3143358
0,002324896
-0,06764448
0,184451
-0,006628549
-0,04375813
0,2544203
-0,01139351
-0,06675974
0,3603472
-0,00196916
-0,03075697
0,1391809
-0,007759872
0,06813084
0,01871187
-0,02906313
0,2238594
-0,081881
-0,04197669
0,2202692
0,1089598
-0,0389535
0,1861693
0,1931116
-0,03993339
0,2780628
-0,05417282
-0,07810456
0,5733413
-0,3371007
-0,01149634
0,04208738
0,1187117
0,02673955
-0,1953751
0,1530071
0,03031821
-0,1510538
0,01292027
0,01406399
-0,04932639
-0,06303146
0,0008476597
-0,1042688
0,1923745
0,01717735
-0,2487427
0,2877745
0,01780092
-0,2145171
0,2112135
-0,009427053
-0,06338453
0,1855103
-0,02243544
-0,01587901
0,2358436
0,009701335
-0,2880021
0,3144834
0,02385934
-0,2245013
0,08895936
-0,0105239
0,06641863
-0,06253354
-0,02326866
0,008968881
0,1492635
0,003331569
-0,09089812
0,08760256
0,002269513
0,005219518
-0,07430325
-0,02743024
0,2525693
-0,2498806
-0,01877597
0,09529135
-0,05131225
0,01393217
-0,1812158
0,06329454
0,01497437
-0,1176994
-0,01714477
0,001080561
0,01382393
-0,1573797
-0,009832534
-0,06473681
0,0270691
-0,001030739
-0,07423812
0,0679969
-0,02158193
0,09448797
-0,05476982
-0,04240115
0,2267897
-0,08237021
-0,01943343
-5,082122E-05
0,07418335
0,02623334
-0,4312866
0,3689874
0,01688701
-0,2338634
0,2001292
0,003806737
-0,1468963
0,1569107
-0,0289789
0,1100547
0,04146234
-0,05098718
0,280183
-0,03234983
-0,01976644
-0,06676877
0,21696
0,004019185
-0,1606256
0,2116651
-0,0142099
-0,09972917
0,1981707
-0,06689193
0,2599628
0,05971187
-0,04463064
0,1531863
0,05553419
0,007784008
-0,3512326
0,3082535
0,03190473
-0,2959388
0,1264171
0,03955472
-0,299685
0,02351469
0,02550456
-0,1910608
-0,02070115
0,01464152
-0,05904454
-0,08885394
0,03056006
-0,05640556
-0,1991435
0,02720225
-0,1216619
-0,06341237
0,02666251
-0,1495248
-0,008971487
-0,0039545
0,1135609
-0,0987773
-0,002665579
0,001761706
0,02026448
0,01616017
-0,2252974
0,1345571
0,002906028
-0,0942446
0,1202321
-0,02424862
0,1034288
0,07755748
-0,03239093
0,1700381
0,02320648
-0,005797701
-0,01938708
0,05588569
0,02110575
-0,4376821
0,2639709
0,01206291
-0,2293478
0,1619398
-0,02215317
0,005213527
0,1033225
-0,03970052
0,1876717
0,008193802
-0,0204148
0,06466973
0,01893149
0,002972609
-0,2147458
0,09424566
0,01744023
-0,3376867
0,09821163
0,008863093
-0,1842989
0,06451391
0,004763638
-0,1670615
0,009395679
0,004872993
-0,09693419
-0,001242703
-5,229266E-05
-0,1961732
0,09629866
-0,0005346441
-0,262908
0,1540187
-0,001838364
-0,1470014
0,0958029
0,006369927
-0,09622326
0,006563158
0,007786347
-0,140762
0,01743786
0,007634149
-0,2285996
0,07856868
0,008484719
-0,1593143
0,06769049
0,01016986
-0,1946217
0,06940063
0,006356265
-0,03044571
0,006758195
0,005511813
-0,02715631
-0,005128874
0,009472637
-0,1756622
0,08210141
0,01590382
-0,3389017
0,1465622
0,01950001
-0,2504202
0,06766288
0,01127135
-0,08737634
0,0113818
0,00780429
-0,08454091
0,03149995
0,009094485
-0,1273365
0,0543042
0,01923516
-0,2079421
0,04029857
0,02524119
-0,2441023
0,01715454
0,02536699
-0,2146145
-0,0009897379
0,02536699
-0,2146145
-0,0009897379
0,01730602
-0,1997053
0,03351562
0,01730602
-0,1997053
0,03351562
0,01202797
-0,2740524
0,09798718
0,01371144
-0,1624567
0,03622205
0,01213197
-0,1910279
0,05545628
0,007513386
-0,1929008
0,08065696
0,001548483
-0,1954383
0,1143814
-0,002065731
-0,1901738
0,1225808
-0,003396315
-0,2067318
0,1423461
-0,003396315
-0,2067318
0,1423461
-0,003677526
-0,100419
0,1145985
-0,003899868
-0,1009135
0,1053953
-0,003899868
-0,1009135
0,1053953
-0,01776947
-0,1948856
0,2275078
-0,002123542
-0,1249887
0,1258422
-0,001669514
-0,2039749
0,146107
-0,0005086652
-0,1903494
0,1265685
0,001180839
-0,1985393
0,1089456
0,001180839
-0,1985393
0,1089456
0,01170989
-0,167923
0,03286769
0,005736
-0,09819371
0,03274075
0,005736
-0,09819371
0,03274075
-0,004900062
-0,1153027
0,09740935
0,0002347405
-0,1818955
0,0668092
0,0002347405
-0,1818955
0,0668092
-0,00864628
-0,3006108
0,1064536
-0,005141993
-0,1569239
0,05729945
-0,003890098
-0,08083773
0,03306627
-0,003890098
-0,08083773
0,03306627
-0,005526015
-0,0437668
0,03809888
-0,007676924
-0,05217213
0,05490901
-0,007676924
-0,05217213
0,05490901
0,007836122
0,03904445
-0,03129366
0,01131642
0,02186891
-0,05674465
0,01131642
0,02186891
-0,05674465
0,006010915
-0,02118692
-0,01411207
0,002471026
-0,03712107
0,01202853
0,004682012
-0,05078262
0,006110501
0,004682012
-0,05078262
0,006110501
0,02005998
-0,08951985
-0,05313063
0,01998519
-0,04967115
-0,06130173
0,01998519
-0,04967115
-0,06130173
0,0195028
-0,01797644
-0,04825065
0,01076591
-0,03041712
-0,00578205
0,01076591
-0,03041712
-0,00578205
0,001861778
-0,03172587
0,05451717
0,002366544
-0,01472677
0,04675621
0,002366544
-0,01472677
0,04675621
-0,004971932
-0,07602985
0,09663242
-0,006047906
-0,1268544
0,09525799
-0,00252229
-0,09404826
0,05953645
-0,00252229
-0,09404826
0,05953645
0,0007747739
-0,02541235
0,02628533
0,002508109
-0,006208101
0,006377925
0,002508109
-0,006208101
0,006377925
-0,01136288
0,0007145312
0,08979601
-0,02353912
-0,07361457
0,1655576
-0,02353912
-0,07361457
0,1655576
-0,0373562
-0,1506007
0,2430287
-0,02483971
-0,07203478
0,1671292
-0,02483971
-0,07203478
0,1671292
-0,005264108
0,09087986
0,0366093
0,006706953
0,1621565
-0,04557749
0,004984332
0,133637
-0,03259273
0,004984332
0,133637
-0,03259273
-0,02885077
0,02400115
0,1867436
-0,03937658
-0,06292352
0,2645962
-0,03937658
-0,06292352
0,2645962
-0,03630989
-0,06099258
0,2551664
-0,01400366
0,01219757
0,1277391
-0,01400366
0,01219757
0,1277391
0,0003855769
0,08239415
0,04065765
0,003454231
0,05987066
0,02017807
-6,589448E-06
-0,01988594
0,04948201
-6,589448E-06
-0,01988594
0,04948201
-0,01587383
-0,2037974
0,158806
-0,004852286
-0,2092659
0,09562947
-0,004852286
-0,2092659
0,09562947
0,01526972
-0,1739615
-0,02454266
0,01304518
-0,08069193
-0,03665178
0,01304518
-0,08069193
-0,03665178
0,008552405
-0,06696028
-0,009832444
-0,00111648
-0,05352566
0,04225884
-0,00111648
-0,05352566
0,04225884
-0,02489522
-0,03392791
0,1774727
-0,01904639
-0,02256963
0,1494973
-0,01130673
-0,003519202
0,1055849
-0,01130673
-0,003519202
0,1055849
0,01194759
0,01513996
-0,005555012
0,0120557
0,04274401
-0,02713414
0,0120557
0,04274401
-0,02713414
-0,006146453
0,1237768
0,06800555
-0,00470904
0,09989775
0,06516527
-0,00470904
0,09989775
0,06516527
0,01377322
0,1561897
-0,01258467
0,01839819
0,1704095
-0,04519397
0,02405119
0,1953442
-0,08257969
0,02405119
0,1953442
-0,08257969
0,03391914
0,238195
-0,1306653
0,01790847
0,1506305
-0,05818627
0,01790847
0,1506305
-0,05818627
-0,001369974
0,09275789
0,05000092
-0,004906523
0,07379923
0,06135266
-0,004906523
0,07379923
0,06135266
-0,001440421
0,004993108
0,03872339
-0,004663
-0,01819047
0,04722141
-0,01124029
-0,05251461
0,07918262
-0,01124029
-0,05251461
0,07918262
-0,02546937
-0,04760602
0,1404497
-0,0312394
0,007958024
0,1561465
-0,0312394
0,007958024
0,1561465
-0,03938087
0,09714284
0,1712281
-0,02995559
0,05504814
0,1308147
-0,02995559
0,05504814
0,1308147
-0,03803983
-0,09343083
0,1738318
-0,03701883
-0,08865757
0,1752132
-0,03701883
-0,08865757
0,1752132
-0,02286743
-0,1357883
0,1068419
-0,005815038
-0,1436043
0,01017974
-0,005752217
-0,06797507
-0,004517315
-0,005752217
-0,06797507
-0,004517315
-0,02552981
-0,02605638
0,08750536
-0,02117811
-0,08035071
0,08668827
-0,02117811
-0,08035071
0,08668827
-0,02142378
-0,1419385
0,1027783
-0,01986138
-0,1159497
0,101196
-0,01986138
-0,1159497
0,101196
0,03177926
-0,1470767
-0,1613672
0,03451433
-0,02607189
-0,2065212
0,02298636
0,06476372
-0,1589927
0,02298636
0,06476372
-0,1589927
-0,01383276
0,09610832
0,01560309
-0,02281006
0,06833871
0,07854414
-0,02281006
0,06833871
0,07854414
-0,0152138
0,09928658
0,03963757
0,01488286
0,1413111
-0,1202731
0,01488286
0,1413111
-0,1202731
0,03478482
0,2749832
-0,2710795
0,0008560846
0,2507432
-0,09493218
0,0008560846
0,2507432
-0,09493218
-0,04405764
0,1566434
0,1617952
-0,04557564
0,1010458
0,1917649
-0,02908798
0,08772992
0,1105731
-0,02908798
0,08772992
0,1105731
0,005260237
0,1580739
-0,09286168
-0,005021455
0,1658373
-0,04596748
-0,005021455
0,1658373
-0,04596748
-0,04802114
0,116352
0,2002197
-0,047741
0,02697139
0,2403729
-0,047741
0,02697139
0,2403729
-0,07524601
-0,1028802
0,4161712
-0,05278432
-0,09892593
0,3141076
-0,03375739
-0,06072048
0,2174484
-0,03375739
-0,06072048
0,2174484
-0,01876179
0,06644605
0,1509801
-0,01611995
0,1259944
0,1253633
-0,01611995
0,1259944
0,1253633
-0,03315489
0,104927
0,2331013
-0,03743628
-0,02961512
0,2594568
-0,03743628
-0,02961512
0,2594568
-0,05193822
-0,1057759
0,3493614
-0,01775055
-0,04298256
0,1685443
0,01423481
0,07056854
-0,01007197
0,01423481
0,07056854
-0,01007197
0,01416589
0,2564366
-0,04106016
-0,01837697
0,1863888
0,1110134
-0,01837697
0,1863888
0,1110134
-0,03462177
0,06574009
0,2325398
-0,009467793
-0,003608887
0,1179959
-0,009467793
-0,003608887
0,1179959
0,02539312
0,01679987
-0,03627095
0,02982067
0,05158712
-0,0782307
0,02982067
0,05158712
-0,0782307
0,05922509
0,1232617
-0,2111312
0,04488875
0,108507
-0,1637821
0,02695883
0,0630855
-0,07996593
0,02695883
0,0630855
-0,07996593
-0,01159988
-0,0255863
0,1153315
-0,01892812
-0,06577434
0,1526711
-0,01892812
-0,06577434
0,1526711
-0,01130799
-0,06959473
0,1139121
-0,006338657
-0,002978598
0,06965163
-0,006338657
-0,002978598
0,06965163
-0,001320023
0,07356481
0,04782751
-0,01274484
0,0886205
0,09599163
-0,02352878
0,05666875
0,1555049
-0,02352878
0,05666875
0,1555049
-0,003681923
-0,03952087
0,1129537
0,005648928
-0,006802349
0,05926423
0,005648928
-0,006802349
0,05926423
-0,02950868
0,07841623
0,2281505
-0,03640625
0,1184198
0,2478607
-0,03640625
0,1184198
0,2478607
-0,02174728
0,1228864
0,2071557
0,01353616
0,05161954
0,0520688
0,01353616
0,05161954
0,0520688
0,04657443
0,1540542
-0,1214397
0,02339129
0,177566
-0,008390773
-0,02288537
0,1756795
0,195295
-0,02288537
0,1756795
0,195295
-0,05430361
0,2679596
0,338127
0,02102941
0,2098798
0,01268449
0,06578193
0,2562438
-0,1959243
0,0724033
0,2804357
-0,2638957
0,0724033
0,2804357
-0,2638957
0,05463903
0,3687748
-0,1996439
0,02906867
0,2380122
-0,06770339
0,04071962
0,1731813
-0,1187624
0,04275511
0,1269175
-0,1446312
0,03355148
-0,01090575
-0,09489419
0,006536052
-0,0117522
-0,02245113
0,001695599
-0,02519819
-0,04567912
0,004611149
-0,03200974
-0,05566663
0,01646563
-0,0269797
-0,04333134
0,01222239
0,002634645
0,00625756
0,01344755
0,08120124
0,08721279
0,01344755
0,08120124
0,08721279
0,00376462
0,1010736
0,02716586
-0,002553988
0,09805504
0,04555493
0,002171326
0,1779974
0,1258104
-0,0151219
0,1314493
0,1968344
-0,01712586
0,08018105
0,173342
-0,02524048
0,1133624
0,2533536
-0,002677675
0,1082527
0,1172629
-0,006065556
0,1200503
0,1285187
-0,02113504
0,09737684
0,178973
-0,02696035
0,05465049
0,1940594
-0,005579575
0,02759817
0,08253897
0,005242036
-0,0008053692
0,01546016
-0,007572599
0,001506641
0,04471567
-0,02236703
-0,01106363
0,09194648
-0,03728063
-0,05808179
0,1586209
-0,01988567
-0,1504369
0,100824
0,001953052
-0,09589229
-0,0007338185
0,003766143
-0,01798649
-0,02632863
-0,03624551
0,07957844
0,1268315
-0,04206092
0,08369482
0,18319
-0,0208491
0,01643293
0,1409381
0,02171679
0,004854376
-0,01578613
0,03590387
0,02828827
-0,07887344
0,03681622
0,1220837
-0,08517039
-0,01172414
0,2105698
0,07967627
-0,04705846
0,2836045
0,2267042
-0,04987245
0,1226935
0,2824553
-0,03461712
0,02756687
0,2687609
0,03061256
0,03142038
-0,01877056
0,02324161
0,1039733
-0,03907507
-0,01138628
0,3012414
0,05599089
-0,0196379
0,1719623
0,1202363
-0,0196379
0,1719623
0,1202363
0,001680929
0,06303845
0,0900917
0,0002812306
0,1568064
0,1015073
-0,01609838
0,1844927
0,1438054
-0,01938322
0,2641391
0,1607469
0,004395221
0,2640127
0,06380861
0,007084794
0,3015778
0,06619129
0,009814552
0,2229535
0,07738097
0,002622884
0,2227199
0,1405239
0,002329272
0,1768183
0,1044044
0,01689925
0,2211797
0,0718056
0,01591262
0,1530805
0,04612083
0,005269404
0,2167061
0,08688386
0,02148002
0,3179817
0,01058645
0,01175886
0,2543492
0,02417194
0,02615831
0,09598722
0,05469928
0,04807279
0,09339402
-0,03909853
0,0328932
0,1779702
-0,03243794
0,03648728
0,2142221
-0,01355505
0,04237153
0,0624353
-0,01875059
0,06224112
-0,004271456
-0,02365978
0,04886148
0,03037955
0,03447217
0,03913258
0,01531252
0,08851533
0,05704143
-0,04706891
0,06411687
0,03853036
-0,06157818
0,06431381
0,02307393
-0,03889471
0,1074634
0,02132271
-0,0617643
0,1223433
0,04047632
0,00824801
-0,02626086
0,02070575
0,05712758
0,05223955
-0,01720024
-0,01501701
0,1872526
-0,00278804
0,02089699
0,1334705
0,03596437
0,2824663
-0,1206446
-0,007907244
0,1478718
0,0612715
-0,01295725
0,008793762
0,1780698
-0,01190906
0,01085963
0,1363574
-0,0103681
0,08135787
0,1134643
-0,03574168
0,147584
0,1830138
-0,03175916
0,09767553
0,1638532
0,01872735
0,02570423
0,01663282
0,002860025
0,05372127
0,0354312
0,007586123
-0,005842552
0,04584413
-0,002725766
0,01402954
0,05737982
-0,01409069
0,06663341
0,04724145
-0,02795498
0,05557011
0,09049358
-0,02253201
-0,02139867
0,1050027
-0,03123057
0,001624059
0,1142151
-0,02256644
0,09319808
0,0347277
-0,03077217
0,08047858
0,06337926
-0,03460768
-0,0182788
0,125632
-0,02704279
-0,09960631
0,1486787
-0,01950642
-0,0600287
0,1051288
-0,03510752
-0,1048838
0,1768232
-0,04279742
-0,1237584
0,212183
-0,03345414
-0,09132195
0,1743816
-0,01278553
-0,04954804
0,1144479
-0,003715672
0,0001519229
0,02872233
0,002315586
-0,002600204
0,03993308
-0,0009454191
0,0007431544
0,02242317
-0,01891284
0,02437797
0,06659922
-0,02408384
0,04615232
0,05917251
-0,02136692
0,04317559
0,05104749
-0,01938856
0,06470156
0,04687845
-0,002323423
0,03957972
0,00868374
0,01781785
0,02146068
-0,03461119
0,03009377
-0,03078144
-0,04230596
0,01937181
-0,05484699
-0,008455852
0,03616463
-0,07322792
-0,04777817
0,01499114
-0,0002893966
-0,02630321
0,01655063
-0,001752669
-0,03297111
0,01250154
-0,03034974
-0,01366715
0,01037556
-0,002608729
-0,02789194
0,008884634
0,1412486
-0,09650226
-0,005644145
0,1480404
-0,06176592
-0,04106963
-0,1203612
0,1727035
-0,0256027
-0,2029065
0,1748387
-0,007572584
-0,04606058
0,04414407
-0,0007601296
0,1994846
-0,09610455
-0,02489964
0,1634721
-0,01129621
-0,04625611
-0,1287858
0,214255
-0,01861425
-0,2752632
0,2052015
0,01111465
-0,07566394
0,01824516
0,01667097
-0,101963
0,02433029
0,01716339
-0,2279345
0,0868884
0,01427154
-0,2136901
0,0887585
0,0234386
-0,1372437
0,03754718
0,007238155
0,01047609
0,006185689
-0,04066471
0,1776532
0,06328449
-0,08689744
0,356185
0,1066149
-0,03714292
0,2645861
-0,02028642
-0,05242397
0,3912486
-0,06304414
-0,06958411
0,2824621
0,02662753
-0,06021835
0,02129227
0,1184263
-0,03811004
-0,07003228
0,1115606
-0,04360783
0,08096936
0,04899086
-0,07929455
0,2905336
0,02329487
-0,05985498
0,1019144
0,07936607
-0,03365193
-0,2011573
0,1626672
-0,02495999
-0,1959363
0,1409961
-0,02726395
-0,04055759
0,06872799
-0,01218352
-0,02203544
0,03530775
-0,03649191
0,02633708
0,08281449
-0,01068826
-0,02103412
0,01255294
-0,01302478
-0,011805
0,02320378
-0,02462529
-0,00532335
0,06454141
-0,02714536
-0,001234777
0,08598919
-0,01521353
-0,0632356
0,07742792
-0,04192484
-0,2694589
0,1597133
-0,03194218
-0,2818056
0,1410312
-0,01418051
-0,08514951
0,07319883
-0,02277763
-0,1457259
0,06348882
-0,04802588
-0,06618827
0,02095922
-0,01927377
-0,1032489
-0,01865008
0,001369108
-0,1379371
-0,01427261
0,003018127
-0,04081427
-0,01886537
0,008250175
-0,04681469
-0,01648821
0,01765895
-0,095328
-0,007243913
0,02785596
-0,1143279
-0,01501898
0,02023912
-0,06634577
-0,004027861
0,01407397
-0,02324199
-0,0006528213
0,0438561
-0,125566
-0,008111437
0,0490394
-0,144815
-0,0122014
0,05354267
-0,1305794
-0,01943147
0,05007135
-0,08877566
-0,02134996
0,02936821
-0,02863332
-0,00771848
0,03984863
-0,08046902
0,0002881107
0,04256647
-0,1052248
-0,0005459664
0,0548315
-0,06733643
-0,03199542
0,06636555
0,000407111
-0,07438972
0,06213577
0,006325409
-0,06105384
0,0735327
-0,09345588
-0,04452111
0,04354381
-0,07780325
-0,01879714
0,04457531
-0,05584556
-0,02945816
0,02863222
-0,06638907
0,03067182
0,01403149
-0,07527322
0,05771442
0,05996471
-0,1551334
-0,01535339
0,04074653
-0,08676579
-0,03028119
0,02321396
-0,07068946
0,01385355
0,01898623
-0,2101229
0,08223717
0,0161846
-0,1138529
0,0322273
0,009765284
-0,08743432
0,03539153
-0,01155591
-0,1417273
0,1149908
-0,007471438
-0,08449415
0,07370894
-0,006565355
-0,113027
0,09010968
0,008033679
-0,06203484
0,02328197
-0,002674198
-0,08053864
0,05846429
-0,03498422
-0,1685385
0,1796748
-0,01192633
-0,1221201
0,09825147
0,001347089
-0,08608299
0,0521554
0,003046137
-0,05622276
0,03376987
0,006558574
-0,1108011
0,05511576
0,01442533
-0,1528463
0,05121874
0,01386211
-0,183828
0,0674369
0,01333934
-0,1281837
0,04559182
0,0169453
-0,1098784
0,03229004
0,008803577
-0,08965314
0,042594
0,007387134
-0,07585064
0,03119246
0,007387134
-0,07585064
0,03119246
0,02366261
-0,1863649
0,03125017
0,02366261
-0,1863649
0,03125017
0,01590986
-0,06666464
0,00790558
0,01590986
-0,06666464
0,00790558
0,0203387
-0,1178942
0,02197861
0,02560134
-0,1190402
-1,976827E-05
0,01408536
-0,1196033
0,02569876
0,005815089
-0,09565648
0,03387941
0,005815089
-0,09565648
0,03387941
0,003305422
-0,07443241
0,03302819
0,003305422
-0,07443241
0,03302819
0,01710326
-0,1342837
0,02727244
0,01246764
-0,1232321
0,04189729
0,002862916
-0,1539079
0,06990337
-0,002873668
-0,1474867
0,07601088
-0,02585881
-0,1299719
0,1271837
-0,02354471
-0,08310919
0,1054339
-0,007787061
-0,03406103
0,0482401
-0,007787061
-0,03406103
0,0482401
-0,001643291
-0,02734931
0,0410332
0,004207943
-0,03779758
0,03790547
0,006150398
-0,05926715
0,03839468
0,005152293
-0,1083578
0,05614708
0,01185051
-0,1424717
0,04817482
0,01185051
-0,1424717
0,04817482
0,02561068
-0,1741464
0,02916838
0,01409919
-0,1596532
0,04349922
0,002115685
-0,1597144
0,07574535
0,003250957
-0,06283234
0,03416621
0,003250957
-0,06283234
0,03416621
0,006889136
-0,0729462
0,03598303
0,01754821
-0,07121378
0,01229652
0,04314829
-0,1196645
-0,01434144
0,03300307
-0,1532001
0,005814597
0,02625315
-0,1912709
0,03492193
0,02625315
-0,1912709
0,03492193
0,0044318
-0,1014785
0,05588759
0,006316672
-0,0300636
0,01473075
0,006316672
-0,0300636
0,01473075
0,01636444
-0,02584013
0,0169904
0,01617584
-0,1193682
0,05207152
0,01617584
-0,1193682
0,05207152
0,001789169
-0,3301477
0,1096037
0,003051176
-0,3044717
0,08764826
0,02134819
-0,1216987
0,01108531
0,01358582
0,003898279
0,0008046786
0,01041756
0,03805869
-0,009818567
-0,002060726
-0,1035297
0,06589914
-0,01428599
-0,2527034
0,1199227
-0,01428599
-0,2527034
0,1199227
-0,001186316
-0,2520121
0,09506596
0,01377241
-0,0935979
0,03427275
0,01377241
-0,0935979
0,03427275
0,02601229
0,1214842
-0,03505933
0,02020435
0,09873216
-0,02853377
0,01757381
0,04066417
0,01369845
0,01757381
0,04066417
0,01369845
-0,004948803
-0,0974356
0,08408532
-0,011015
-0,08761337
0,09205313
-0,011015
-0,08761337
0,09205313
-0,001227418
0,01904697
0,04488981
0,003240964
0,0636362
0,02102564
0,003240964
0,0636362
0,02102564
-0,004071473
0,1106113
0,05114723
-0,01186849
0,08899925
0,07781354
-0,01628862
0,03664128
0,08857105
-0,01628862
0,03664128
0,08857105
-0,01007653
-0,04513189
0,09312654
-0,0009138178
-0,04709518
0,06296539
0,005073389
-0,02835203
0,04161417
0,003538273
0,00612365
0,03398117
0,003538273
0,00612365
0,03398117
-0,01076173
-0,1090236
0,08325554
-0,007179358
-0,1510931
0,07098733
-0,007179358
-0,1510931
0,07098733
0,005888205
-0,2242645
0,04491625
0,0158632
-0,1759129
0,01269545
0,02407122
-0,06760904
-0,01956522
0,02407122
-0,06760904
-0,01956522
0,01662934
0,04524133
-0,01372133
-0,0003692554
0,04198382
0,02034062
-0,0003692554
0,04198382
0,02034062
-0,006163059
-0,04694791
0,045043
-0,01002072
-0,1111796
0,05719262
-0,01002072
-0,1111796
0,05719262
0,0005314403
-0,1133835
0,04324036
0,01761099
-0,008985058
-0,005625896
0,005648217
0,04545623
0,008694856
0,005648217
0,04545623
0,008694856
-0,0202207
0,06866033
0,09852732
-0,01836481
0,007027909
0,09503035
-0,01836481
0,007027909
0,09503035
-0,01553748
-0,05083562
0,1026368
-0,007503029
-0,03197588
0,07494824
-0,007503029
-0,03197588
0,07494824
0,0005967353
0,1512844
0,0428102
-0,00148591
0,1749565
0,03518119
-0,01158673
0,1312803
0,06418587
-0,01158673
0,1312803
0,06418587
-0,03647999
-0,0756253
0,1568789
-0,01528946
-0,1066536
0,1065465
-0,01528946
-0,1066536
0,1065465
0,0226173
-0,02164599
0,02207272
0,03555761
0,072855
-0,02847414
0,03555761
0,072855
-0,02847414
0,04202494
0,1587159
-0,05886434
0,02499994
0,09892318
-0,02438166
0,02499994
0,09892318
-0,02438166
0,003650254
-0,02008568
0,05082302
-0,004906207
-0,1120396
0,07030027
-0,002772442
-0,1687354
0,06314594
-0,002772442
-0,1687354
0,06314594
0,03234837
-0,09727212
-0,01917546
0,03623716
-0,004137305
-0,05449765
0,03623716
-0,004137305
-0,05449765
0,03384315
0,09004386
-0,05447175
-0,00124839
0,01555678
0,0317621
-0,00124839
0,01555678
0,0317621
-0,01940697
-0,1974014
0,09494393
-0,01008448
-0,2201231
0,07467061
0,004355272
-0,1839968
0,03462448
0,004355272
-0,1839968
0,03462448
0,04747042
-0,03197954
-0,07474902
0,04073914
0,0266323
-0,07237404
0,04073914
0,0266323
-0,07237404
0,005211944
0,03216528
0,009218163
-0,003078494
-0,001875495
0,03086812
-0,003078494
-0,001875495
0,03086812
-0,02414618
-0,04610805
0,08898488
-0,01433414
-0,0365412
0,06709439
-0,01433414
-0,0365412
0,06709439
0,009706852
0,05284381
0,009958092
0,01330439
0,09456547
-0,00866392
0,01028043
0,1055152
-0,006973759
0,01028043
0,1055152
-0,006973759
-0,007471998
0,01455003
0,04223222
-0,01911884
-0,05427092
0,07404353
-0,01911884
-0,05427092
0,07404353
-0,03864935
-0,1098718
0,1256451
-0,03615732
-0,06018411
0,1142888
-0,03615732
-0,06018411
0,1142888
-0,0237568
0,02169154
0,07543477
-0,0136962
0,0192335
0,04739019
-0,009255805
0,0006200406
0,03386819
-0,009255805
0,0006200406
0,03386819
-0,03170262
-0,09956957
0,09118134
-0,03572856
-0,1261239
0,1023985
-0,03572856
-0,1261239
0,1023985
-0,04516792
-0,1237767
0,1231579
-0,04199594
-0,09164104
0,1118418
-0,04199594
-0,09164104
0,1118418
-0,0356641
-0,06509983
0,09770785
-0,02761143
-0,0657455
0,08024161
-0,02761143
-0,0657455
0,08024161
-0,003719006
-0,08825655
0,03425892
-0,002710928
-0,07425179
0,03468547
-0,008863864
-0,05283471
0,04946208
-0,008863864
-0,05283471
0,04946208
-0,03479598
-0,1049472
0,1216065
-0,03193781
-0,1239265
0,1143924
-0,03193781
-0,1239265
0,1143924
-0,01448219
-0,1324426
0,07602771
0,00691266
-0,06256276
0,01557374
0,00691266
-0,06256276
0,01557374
0,01918972
0,06273546
-0,01718999
-0,007874314
0,04966443
0,04071529
-0,03487655
0,0003956888
0,1057373
-0,03487655
0,0003956888
0,1057373
-0,05989586
-0,1177106
0,1667998
-0,0311313
-0,1151367
0,1006002
-0,0311313
-0,1151367
0,1006002
0,0343533
-0,007355441
-0,04244304
0,05889391
0,07866208
-0,1029314
0,05889391
0,07866208
-0,1029314
0,05546582
0,1444535
-0,08999549
0,03009308
0,07873321
-0,02690731
0,004969649
-0,02484059
0,03815402
0,004969649
-0,02484059
0,03815402
-0,03770782
-0,2377427
0,1438089
-0,006037985
-0,1950234
0,06747004
-0,006037985
-0,1950234
0,06747004
0,02869509
0,0206581
-0,03398952
0,03647237
0,09929667
-0,05749854
0,03647237
0,09929667
-0,05749854
0,03177183
0,2017865
-0,04729205
0,02017929
0,1546483
-0,01936218
0,02017929
0,1546483
-0,01936218
0,001035174
0,04521911
0,03313135
-0,0005642024
0,04147629
0,03806769
0,002862346
0,07103608
0,02533108
0,002862346
0,07103608
0,02533108
0,01068476
0,1434551
-0,00246388
-0,004402383
0,156191
0,02550082
-0,004402383
0,156191
0,02550082
-0,01427613
0,1201563
0,04427877
-0,01650329
0,06772366
0,0482448
-0,01650329
0,06772366
0,0482448
-0,007675462
0,06069687
0,02625867
-0,007243979
0,08348612
0,02080271
-0,01146887
0,1132956
0,02688291
-0,01146887
0,1132956
0,02688291
-0,03199019
0,08359019
0,07263855
-0,02425581
0,04241028
0,05744112
-0,02425581
0,04241028
0,05744112
-0,0112084
0,01125085
0,03014504
-0,005050388
0,03469523
0,01455915
-0,005050388
0,03469523
0,01455915
-0,00973564
0,09117465
0,02085155
-0,01426148
0,08932045
0,03003613
-0,01426148
0,08932045
0,03003613
-0,04371047
0,04191656
0,09579621
-0,04018214
0,002923478
0,090617
-0,01725495
-0,01748536
0,03877106
-0,01725495
-0,01748536
0,03877106
0,03134482
0,05310917
-0,07953928
0,02703172
0,115237
-0,07620616
0,02703172
0,115237
-0,07620616
-0,03127874
0,1390777
0,05765276
-0,04823773
0,1021041
0,1021893
-0,04823773
0,1021041
0,1021893
-0,04119961
0,02333393
0,09167838
-0,01959711
0,05000637
0,04081576
0,003170857
0,09597691
-0,01536815
0,003170857
0,09597691
-0,01536815
0,02517664
0,2059986
-0,07535093
-0,001367856
0,154054
-0,01040246
-0,001367856
0,154054
-0,01040246
-0,05207252
0,01990114
0,1173383
-0,04586232
-0,03597643
0,1218075
-0,04586232
-0,03597643
0,1218075
-0,02984744
-0,003365647
0,06881238
-0,01157619
0,01647603
0,0257228
-0,01157619
0,01647603
0,0257228
-0,01225251
0,04742894
0,0261314
-0,02405781
0,04163088
0,05611485
-0,03249184
0,01849182
0,07792389
-0,03249184
0,01849182
0,07792389
-0,04292146
-0,03564873
0,1098542
-0,0354808
-0,03979428
0,09554006
-0,0354808
-0,03979428
0,09554006
-0,02213037
-0,01718
0,0643799
-0,02970734
-0,02143165
0,0884167
-0,02970734
-0,02143165
0,0884167
-0,06080523
-0,08555602
0,1703665
-0,06459261
-0,1198116
0,1830927
-0,06095322
-0,1412667
0,1780178
-0,06095322
-0,1412667
0,1780178
-0,03524102
-0,1421499
0,128419
-0,02261805
-0,1024614
0,09780875
-0,02261805
-0,1024614
0,09780875
-0,01817031
-0,0636093
0,09091252
-0,02137746
-0,05883813
0,09757287
-0,02137746
-0,05883813
0,09757287
-0,02916087
-0,08773268
0,1233932
-0,02193757
-0,08891869
0,1083653
-0,01526453
-0,07259549
0,09428578
-0,01526453
-0,07259549
0,09428578
-0,006343398
0,00241264
0,08081695
-0,01447377
0,05274279
0,0964999
-0,01447377
0,05274279
0,0964999
-0,03627826
0,01518602
0,1430084
-0,02621712
0,0115839
0,1181896
-0,02621712
0,0115839
0,1181896
-0,003206077
0,05099393
0,06878677
0,0006719977
0,07050873
0,0548953
0,0006719977
0,07050873
0,0548953
-0,01222014
0,04308858
0,1063394
-0,02170048
0,01486589
0,09072776
-0,02133282
0,001437344
0,07269072
-0,02133282
0,001437344
0,07269072
0,01229627
0,03397896
0,009266101
0,02010776
0,05378069
0,005246505
0,02010776
0,05378069
0,005246505
-0,003353924
0,02522526
0,07473365
-0,01731381
-0,0009287
0,07255868
-0,01731381
-0,0009287
0,07255868
-0,01281082
0,01231679
0,07791567
0,009459836
0,04470757
0,01055189
0,02333995
0,06145866
0,002496712
0,02333995
0,06145866
0,002496712
0,02577999
0,03989787
0,02648499
0,009419391
0,03857279
0,04750327
0,009419391
0,03857279
0,04750327
-0,02737789
-0,01377466
0,08806141
-0,007165005
-0,01670731
0,06377925
-0,007165005
-0,01670731
0,06377925
0,02077978
0,03613852
-0,02092669
0,0278456
0,06309877
-0,01046938
0,0278456
0,06309877
-0,01046938
0,01428016
0,04222553
0,02944398
0,0057816
0,02284252
0,0454996
-0,008646088
0,02287898
0,07151525
-0,008646088
0,02287898
0,07151525
0,003030136
0,03029668
0,03969211
0,02664457
0,07029154
-0,00798493
0,02664457
0,07029154
-0,00798493
0,04124474
0,06657775
-0,02057539
0,04434501
0,06362258
-0,01426773
0,04434501
0,06362258
-0,01426773
0,03188151
0,01778039
0,01939064
0,03413859
0,04127694
0,005362977
0,03688852
0,05337928
-0,0143028
0,03688852
0,05337928
-0,0143028
0,06318504
0,04671969
-0,05846081
0,0606731
0,04650856
-0,05788836
0,0606731
0,04650856
-0,05788836
0,01130937
-0,02075228
0,06312633
-0,009455298
-0,03996184
0,09946072
-0,009455298
-0,03996184
0,09946072
0,03865067
0,004362142
-0,01552598
0,06927001
0,07488611
-0,07983082
0,06927001
0,07488611
-0,07983082
-0,004572915
0,02064493
0,07882007
-0,01283603
0,0094475
0,09001927
-0,001803866
-0,01117354
0,05164169
-0,001803866
-0,01117354
0,05164169
0,06243885
-0,03817237
-0,09192809
0,08897237
-0,02314165
-0,1572086
0,08897237
-0,02314165
-0,1572086
0,03500548
0,004518436
-0,04863181
0,02178115
-0,04952456
-0,01322786
0,02178115
-0,04952456
-0,01322786
0,01365993
-0,1675093
0,02015096
0,02492415
-0,2042027
-0,01634536
0,03816715
-0,1451948
-0,05810759
0,03816715
-0,1451948
-0,05810759
0,03607506
0,01492912
-0,0643018
0,02170473
0,05937061
-0,03558478
0,02170473
0,05937061
-0,03558478
0,009446713
0,06380196
-0,002794185
-0,001821415
0,03392809
0,02477134
-0,001821415
0,03392809
0,02477134
-0,01094249
0,06331778
0,05571194
-0,01242402
0,1344405
0,05916908
-0,01242402
0,1344405
0,05916908
0,01614459
0,08633696
0,0001483752
0,02562162
0,06146853
-0,02674909
0,01362066
0,06959504
-0,001692467
0,01362066
0,06959504
-0,001692467
-0,05893205
0,2108936
0,1692111
-0,09043081
0,2028251
0,2379741
-0,09043081
0,2028251
0,2379741
-0,05226338
0,168661
0,1501485
-0,01007589
0,1041198
0,04492534
-0,01007589
0,1041198
0,04492534
0,01073677
0,002816085
0,01233784
-0,01082024
-0,07201488
0,05801723
-0,03372347
-0,07766662
0,1073076
-0,03372347
-0,07766662
0,1073076
-0,08585384
-0,03427569
0,2242747
-0,04821396
-0,0005885195
0,1421428
-0,04821396
-0,0005885195
0,1421428
-0,02885958
-0,0786466
0,1168881
-0,0323406
-0,1212759
0,1152494
-0,0323406
-0,1212759
0,1152494
-0,01031273
-0,1327129
0,07803124
0,006427577
-0,01883156
0,03745633
0,0108514
0,08603401
0,0172365
0,0108514
0,08603401
0,0172365
0,007249784
0,1429384
0,03480735
0,009241047
0,1021917
0,03594197
0,009241047
0,1021917
0,03594197
0,008452693
0,107252
0,05549712
0,01122026
0,1252694
0,04064872
0,01122026
0,1252694
0,04064872
0,04253788
0,2562948
-0,01546734
0,02726516
0,2838691
0,01542493
0,02726516
0,2838691
0,01542493
-0,05846615
0,2395987
0,2080399
-0,03818391
0,1786888
0,1662753
-0,0145097
0,161927
0,09725091
-0,002119882
0,2190801
0,07033065
0,005605114
0,2621632
0,06549226
0,005605114
0,2621632
0,06549226
-0,03321412
0,2383844
0,1627644
-0,05137601
0,139727
0,2043017
-0,04897273
0,1321026
0,2144227
-0,01066309
0,1138487
0,1031383
0,01847073
0,1820446
0,052128
-0,01193583
0,1982419
0,1037917
-0,0848137
0,1215374
0,2584936
-0,1259619
0,07440815
0,3622492
-0,1012832
0,07650693
0,3281039
-0,07856544
0,1526091
0,3104577
-0,06268544
0,1952316
0,274986
closestDistance
0,2091784
0,2071537
0,204771
0,2016106
0,1902072
0,1755719
0,1546108
0,1355873
0,1420533
0,1499568
0,155306
0,158874
0,1550436
0,1479191
0,1372284
0,1204454
0,1114349
0,1116319
0,1086314
0,1079047
0,1085445
0,1099672
0,1101348
0,1086603
0,1045198
0,09735088
0,09035107
0,08386797
0,08827386
0,08462693
0,08603891
0,08717817
0,08519993
0,0818974
0,0784529
0,07089104
0,06495534
0,06186222
0,0735097
0,06868363
0,07113204
0,07212684
0,06781258
0,06130736
0,06121706
0,05742626
0,05511885
0,05470807
0,05578827
0,05746953
0,05997528
0,05630173
0,05371516
0,05395614
0,05602762
0,05522315
0,05188162
0,05375669
0,04484201
0,04104362
0,0452216
0,04446553
0,04279529
0,03981625
0,03943677
0,04081858
0,04495123
0,0514642
0,05775758
0,05042715
0,04985202
0,05157907
0,07691757
0,08156487
0,0733096
0,08363432
0,07668556
0,08234999
0,08657467
0,07464627
0,0875623
0,1021436
0,09742164
0,09490192
0,08442599
0,09141048
0,09910455
0,08762151
0,08842967
0,09091796
0,09156491
0,0974309
0,08396877
0,0858662
0,0689237
0,0980668
0,08614689
0,08782895
0,09322225
0,08915947
0,05604398
0,08377377
0,09025726
0,06281472
0,0788671
0,06741764
0,07669639
0,07807243
0,0817446
0,08451942
0,0797559
0,08273214
0,07558527
0,08121412
0,08281391
0,07307964
0,09289168
0,08827991
0,09509007
0,08959549
0,09126916
0,08452626
0,08556096
0,08635453
0,08780435
0,08657513
0,07915148
0,08046425
0,08416826
0,07536962
0,0723242
0,08400396
0,08143706
0,0970132
0,1017746
0,1020385
0,09761878
0,1007342
0,09277774
0,0801945
0,09616347
0,1015419
0,1116433
0,09097758
0,07852718
0,09440029
0,0961461
0,09883298
0,09367251
0,08054668
0,08322739
0,08739653
0,08062243
0,08339898
0,07856572
0,07896944
0,08190967
0,08663373
0,08387785
0,08348783
0,08498991
0,07166155
0,06801125
0,06569491
0,07301714
0,07013155
0,06684384
0,09657689
0,08966147
0,08093093
0,0763671
0,08854237
0,08433577
0,08528753
0,07809403
0,0764595
0,08741148
0,08481417
0,07840209
0,07686429
0,06692202
0,07984376
0,0748686
0,06209623
0,05999417
0,05719736
0,08093245
0,08285213
0,07700624
0,05534718
0,05058791
0,07154159
0,07851732
0,03224738
0,04560234
0,07039448
0,08296896
0,08142419
0,07415103
0,08058495
0,08881235
0,09151967
0,08892092
0,08937125
0,08083936
0,08421302
0,0854864
0,0830936
0,09338893
0,09403086
0,08681312
0,09111778
0,09571042
0,09880761
0,1010347
0,102267
0,0952365
0,09627084
0,09739188
0,09826684
0,0988221
0,09887376
0,09994902
0,1013801
0,1041281
0,09539377
0,1000909
0,09350298
0,09496865
0,09877943
0,0962338
0,09480561
0,10088
0,100256
0,1040627
0,10868
0,09959503
0,1029591
0,1011706
0,1041312
0,1114224
0,1050234
0,1093056
0,1079404
0,1018573
0,1042749
0,1064129
0,1083952
0,1122239
0,1070527
0,110383
0,1125944
0,1014313
0,1022101
0,1022229
0,1022769
0,1019806
0,1013332
0,1003829
0,09926315
0,09589501
0,09212047
0,05819827
0,06037562
0,06043667
0,06436522
0,0638046
0,06323709
0,06249526
0,1115968
0,1115886
0,1122512
0,1144567
0,117645
0,05671332
0,05426151
0,05229074
0,05764858
0,05821052
0,05878396
0,0594208
0,06182754
0,1129611
0,06867491
0,07174417
0,07461368
0,08007747
0,06710246
0,06650963
0,06579439
0,06638737
0,0688212
0,1111692
0,08605811
0,08277345
0,08175679
0,1085545
0,1053535
0,1029768
0,1011808
0,1079251
0,1095787
0,1116347
0,1134647
0,09852536
0,09607334
0,1063177
0,1034937
0,1098416
0,1110696
0,1147157
0,1126613
0,103865
0,1065269
0,104922
0,1020895
0,09913576
0,1132043
0,1157787
0,1203803
0,1188426
0,119314
0,08623925
0,1094469
0,1064864
0,08208366
0,08144064
0,0852823
0,08999792
0,09506651
0,08937673
0,09200758
0,09339541
0,07386753
0,07216152
0,08866078
0,08731341
0,09118176
0,09652196
0,09283134
0,09673415
0,08939467
0,08950087
0,08765725
0,08595828
0,08504078
0,08615769
0,09011415
0,07982958
0,08309014
0,08492064
0,08614968
0,08692198
0,08825345
0,0910803
0,09509583
0,09862152
0,1002871
0,1024925
0,1040501
0,09813909
0,09914387
0,1001327
0,1011931
0,1022657
0,1032843
0,1040359
0,1041248
0,09699988
0,08931024
0,08845545
0,09417794
0,09313086
0,0925671
0,09228974
0,09228048
0,09306099
0,08711436
0,08840077
0,08284258
0,08235284
0,09062841
0,09016906
0,0883027
0,08298511
0,08456913
0,08709225
0,08168805
0,08345899
0,08448844
0,08550893
0,08648351
0,08742709
0,0898352
0,08637662
0,084017
0,08610693
0,08200639
0,08264555
0,08306123
0,08332711
0,08354505
0,08403083
0,08503792
0,08639841
0,09852373
0,0779584
0,0773909
0,09776782
0,09855947
0,1012559
0,09218854
0,07858339
0,08017997
0,09064969
0,09075908
0,08912954
0,08666721
0,07401374
0,07799479
0,07257944
0,07627816
0,07309618
0,07165045
0,08198785
0,08237858
0,08312807
0,08428515
0,08589909
0,08953746
0,09332277
0,09635
0,09828211
0,09971759
0,1008439
0,1024332
0,1033012
0,1046769
0,10897
0,1110129
0,1128156
0,113455
0,1024037
0,1024902
0,1026258
0,1030716
0,1048446
0,1037672
0,1044862
0,1055056
0,1061623
0,106705
0,1077124
0,09604961
0,09702745
0,1001814
0,08454982
0,07055203
0,08184732
0,08057357
0,0802056
0,07917204
0,06919623
0,08637218
0,07706258
0,0758495
0,07326855
0,06831851
0,06604801
0,08403479
0,07947201
0,07409386
0,06700741
0,06235071
0,06197017
0,1064071
0,09954502
0,1017608
0,1027723
0,1064365
0,1084186
0,1036073
0,107477
0,1138717
0,1088583
0,1186007
0,1272941
0,1253313
0,1116795
0,1109051
0,10757
0,110877
0,1146217
0,1154518
0,1184221
0,09611857
0,09856261
0,1076591
0,1207626
0,1062497
0,1114122
0,116768
0,1200104
0,1220049
0,1244401
0,1182108
0,1137159
0,1147416
0,1145867
0,1142865
0,1067133
0,1085261
0,118432
0,1041041
0,1020808
0,102795
0,1050286
0,10555
0,09907179
0,1053313
0,1040264
0,1121969
0,1171093
0,1114276
0,1024349
0,1058664
0,1122988
0,1137213
0,1145935
0,116813
0,124073
0,08397496
0,0928274
0,09487248
0,09517789
0,09082653
0,08884601
0,1075598
0,09733623
0,101558
0,09934439
0,1587483
0,1205667
0,1220173
0,1221735
0,1211634
0,1219737
0,1224034
0,1300821
0,1656838
0,09316114
0,1703511
0,1168354
0,1725915
0,08219987
0,08463212
0,08995046
0,1202531
0,1171528
0,0742913
0,07687692
0,07340457
0,06871644
0,06443042
0,06966233
0,08400982
0,0709224
0,07457677
0,07177339
0,08497979
0,08244307
0,08421696
0,06282371
0,08044383
0,06998367
0,0726898
0,07557765
0,0646936
0,05703619
0,05835513
0,05744503
0,06137232
0,05789417
0,06302749
0,0580779
0,06252076
0,05974916
0,09863031
0,05721736
0,06095518
0,05762472
0,06806819
0,06635406
0,06336386
0,05606593
0,06232068
0,06039493
0,05929606
0,09388354
0,09941062
0,102926
0,09643275
0,1043479
0,09774575
0,1017011
0,1070218
0,1003106
0,1032417
0,1060608
0,1021967
0,1051537
0,1084996
0,09818579
0,09999406
0,1018863
0,1051856
0,109952
0,1042996
0,1072629
0,1101908
0,1132001
0,1024684
0,1046306
0,1060117
0,1076745
0,1006816
0,1031516
0,1070092
0,1102182
0,1037056
0,1049053
0,1058177
0,1065693
0,1074391
0,10706
0,1062627
0,1107727
0,1107208
0,1109706
0,111468
0,1120172
0,1043965
0,1047759
0,1047881
0,1046143
0,1044823
0,1047604
0,1053823
0,1060288
0,1065213
0,1077931
0,1094595
0,1036331
0,105093
0,10591
0,1063193
0,1064355
0,1069165
0,1079568
0,1100268
0,1132653
0,116251
0,1044501
0,103956
0,1026426
0,1006764
0,1130589
0,113329
0,115034
0,1181024
0,1137973
0,1161116
0,1108608
0,110682
0,1166435
0,1162869
0,1168172
0,1189274
0,1157333
0,1184633
0,1200375
0,1149141
0,1151269
0,1153722
0,1158435
0,1166396
0,1132198
0,1151131
0,1169242
0,1096882
0,1098758
0,1095042
0,1087542
0,1083874
0,1082409
0,1083101
0,1072681
0,1108397
0,1090613
0,1067488
0,1126694
0,1144395
0,1126454
0,1121743
0,1122249
0,112526
0,1128158
0,1132268
0,1138392
0,1149537
0,1164478
0,1182768
0,1201037
0,1217412
0,1141614
0,1154127
0,06664298
0,1202501
0,1227461
0,06368347
0,06239298
0,06153332
0,1199976
0,1208087
0,119284
0,1206493
0,1222649
0,123986
0,1257086
0,1244606
0,112965
0,110372
0,1543414
0,1162636
0,1160524
0,1167529
0,1170436
0,116525
0,1173858
0,113159
0,1595184
0,1560559
0,1559215
0,1564656
0,1639994
0,1643529
0,1629843
0,1608787
0,1588511
0,07637943
0,07691762
0,08008361
0,079514
0,07595886
0,07538482
0,07307432
0,07149358
0,07057629
0,07028326
0,07531366
0,06830081
0,06878669
0,06574117
0,07544989
0,07649841
0,07135569
0,05658634
0,05839182
0,05899457
0,07606091
0,07208824
0,07124086
0,07096355
0,07087591
0,07807773
0,07973145
0,08140358
0,08481447
0,08596206
0,08612393
0,08569214
0,08458601
0,08363283
0,0734905
0,07335418
0,0742319
0,07530037
0,07641926
0,06196024
0,0770781
0,07656401
0,07640468
0,0771798
0,07430333
0,07178856
0,06948415
0,06780835
0,06686443
0,06597782
0,08678775
0,08932463
0,09233288
0,09681184
0,1014877
0,1046237
0,09817119
0,1017646
0,09256358
0,09962812
0,09350317
0,09610426
0,09592289
0,09648411
0,09667074
0,09683227
0,09702186
0,09713451
0,09713816
0,09761433
0,09844764
0,1001214
0,1016106
0,1029576
0,1124584
0,09274884
0,08878331
0,08940627
0,0903571
0,1021404
0,1030446
0,1030716
0,1030967
0,08006371
0,1012923
0,09888876
0,09688548
0,09514398
0,09542933
0,09785837
0,09890351
0,06931805
0,06904136
0,06846717
0,06558932
0,06263126
0,0649559
0,06594533
0,07181181
0,07181727
0,06687981
0,06153464
0,06820405
0,06572925
0,08213857
0,07826371
0,07544757
0,0775495
0,06025998
0,081831
0,07599418
0,08091934
0,07582336
0,070788
0,07174735
0,06684311
0,09423449
0,09255782
0,09341394
0,09342256
0,09649863
0,09619071
0,0961303
0,09460565
0,09272282
0,09009884
0,08757728
0,0851896
0,08174985
0,09084009
0,09926214
0,09482355
0,09780029
0,09482238
0,1064853
0,08407459
0,0998476
0,1028741
0,1081703
0,08600428
0,08385945
0,09429441
0,09126245
0,08971068
0,08840013
0,08719195
0,08412376
0,09297409
0,09145045
0,0904409
0,08899134
0,0852421
0,09012754
0,08622218
0,08324154
0,1342312
0,09113921
0,1372574
0,136519
0,1354771
0,1361475
0,1354287
0,08771725
0,08726142
0,08699895
0,1362099
0,1356197
0,09044752
0,08963252
0,08945611
0,08975617
0,08956169
0,09442549
0,09604774
0,09978987
0,1093514
0,1130565
0,09229719
0,09304211
0,09604829
0,0896479
0,08313197
0,08517992
0,08322467
0,07914292
0,08502024
0,08623639
0,08498456
0,08562887
0,08944109
0,09640779
0,09642776
0,09241193
0,08949685
0,08173086
0,08241839
0,08566757
0,08885323
0,08276891
0,07880253
0,08257996
0,0747871
0,09003948
0,0900232
0,08944357
0,08926212
0,08897448
0,08755469
0,08571383
0,09067529
0,08878332
0,07943731
0,07486976
0,08914462
0,08536898
0,09194468
0,091092
0,08907726
0,0869201
0,08487695
0,08815585
0,08629033
0,08207692
0,0849994
0,08193527
0,08041605
0,07879077
0,07557768
0,07957329
0,07797889
0,0768582
0,07523592
0,07219339
0,07745287
0,0754502
0,07193784
0,06895363
0,07247338
0,07028814
0,06645468
0,06911742
0,06955104
0,07374677
0,07010312
0,06743284
0,0725136
0,07066257
0,06727584
0,0629297
0,06832514
0,06741133
0,06548897
0,0727369
0,06872426
0,06669779
0,07200173
0,07065546
0,06788243
0,06675977
0,06084168
0,06602632
0,07158416
0,07205985
0,06780404
0,06610183
0,07140633
0,069759
0,06843962
0,06577157
0,07314867
0,07145642
0,06836241
0,0663433
0,06439557
0,06312867
0,06994827
0,06892473
0,06846582
0,06805265
0,06713963
0,06637503
0,07562343
0,07401072
0,07214341
0,07000647
0,06635953
0,1045114
0,09734979
0,09838617
0,09948689
0,1006669
0,1016667
0,1045842
0,1066208
0,09998904
0,1020099
0,1033887
0,1038924
0,1043153
0,1052046
0,1070099
0,09855192
0,1034037
0,1086492
0,08880498
0,08880553
0,08821818
0,08657184
0,08388189
0,08149622
0,08839783
0,1047423
0,1033065
0,08889682
0,08949767
0,1000059
0,100878
0,1024229
0,1040194
0,1044385
0,1042834
0,1036483
0,1026435
0,1017739
0,1011878
0,1012964
0,1021449
0,1040845
0,1048033
0,1053042
0,1054781
0,1069619
0,1088579
0,1110326
0,1138577
0,1079447
0,1098791
0,1105747
0,1104137
0,1099052
0,1095539
0,1100746
0,1111417
0,1127688
0,1143723
0,1070446
0,1071381
0,1067303
0,1065641
0,1146836
0,1152808
0,1163657
0,1175144
0,1106473
0,1035275
0,0866432
0,086765
0,1075259
0,1081997
0,1101388
0,1120677
0,08878907
0,08889027
0,08819576
0,08678142
0,08550689
0,1070509
0,1074813
0,1085867
0,08798169
0,08966925
0,1139017
0,1145003
0,1141494
0,113025
0,1121501
0,1121515
0,1145669
0,1095912
0,1124429
0,1145871
0,115378
0,1075571
0,1066888
0,1061937
0,1060091
0,1062194
0,1071688
0,1081918
0,1091515
0,1087794
0,1080526
0,1070417
0,1059097
0,1056062
0,1059146
0,1070329
0,1090486
0,1109675
0,1126479
0,1132892
0,1136964
0,1139537
0,1142082
0,1152927
0,1170042
0,1191075
0,1150621
0,1172442
0,1191501
0,1206969
0,1221423
0,1234413
0,1166712
0,1115071
0,1124512
0,1133866
0,1151223
0,1171537
0,1193462
0,08410981
0,0836838
0,08356234
0,08346177
0,1166515
0,1167697
0,08155886
0,08905881
0,08776154
0,08697746
0,0869194
0,0872385
0,08787732
0,08834026
0,1184123
0,1174533
0,1179263
0,1198471
0,1143765
0,1111856
0,1115524
0,1109329
0,1096484
0,1077924
0,1060685
0,1047112
0,1095332
0,1095134
0,1096066
0,1094492
0,1088084
0,10795
0,1071585
0,1066614
0,1064248
0,1199073
0,1197981
0,1196153
0,1193846
0,1190417
0,1190593
0,1193488
0,1197594
0,120052
0,1202326
0,1202515
0,1201273
0,1200052
0,1199157
0,1206906
0,1216381
0,1226728
0,08089245
0,08143026
0,082514
0,1199163
0,1230453
0,1232322
0,08456972
0,08422914
0,08403464
0,08406839
0,08475664
0,08613229
0,08794748
0,09663375
0,09670093
0,09611515
0,09491874
0,1017345
0,1013288
0,1011258
0,1012106
0,1012422
0,1011825
0,1008188
0,1001216
0,09919724
0,09823561
0,09295479
0,09213872
0,09128846
0,0896686
0,08777276
0,0928608
0,0888077
0,08820559
0,09525625
0,094839
0,09437478
0,0938651
0,09333522
0,0927667
0,08887485
0,08831391
0,08782765
0,08722311
0,08647747
0,08547556
0,08442499
0,08341338
0,07589607
0,09496413
0,09403024
0,09294669
0,09190924
0,09112159
0,09064834
0,09038571
0,0900234
0,08951984
0,08884064
0,08816103
0,08381335
0,09388633
0,09332616
0,09276357
0,09222254
0,09600811
0,09528598
0,09461147
0,09391073
0,09356869
0,09342584
0,09335967
0,09308622
0,09258392
0,09180341
0,09098709
0,09032052
0,08976853
0,08927169
0,0888098
0,0882457
0,08733323
0,09322398
0,09216984
0,08424311
0,08362631
0,0829993
0,08241905
0,08186296
0,08145586
0,08114678
0,09054869
0,09011997
0,07917355
0,08985589
0,08977937
0,08941147
0,08860371
0,08787873
0,0872589
0,0867708
0,08663647
0,08689868
0,08741686
0,07654049
0,07674927
0,07695331
0,07724682
0,07812675
0,07937498
0,0810238
0,07570404
0,07639831
0,07634071
0,1071851
0,1075277
0,1080245
0,1085822
0,1096328
0,1110013
0,1126722
0,1134001
0,1138426
0,1140971
0,1146425
0,1172169
0,09505349
0,0992905
0,08362386
0,0817652
0,09273233
0,09234579
0,09218235
0,09216063
0,09193147
0,09109719
0,07830445
0,08910731
0,08874869
0,08867195
0,08894092
0,08940862
0,08961864
0,08940589
0,07881037
0,07731168
0,07567974
0,07427578
0,09569764
0,09433268
0,09296268
0,09125585
0,08942257
0,0920263
0,08887865
0,08610293
0,08368549
0,09163994
0,08944606
0,08717617
0,08451644
0,08024949
0,08495087
0,08294623
0,08341349
0,08884063
0,0849244
0,07618145
0,07799581
0,07482021
0,06979354
timeStamps
13,56481
13,57886
13,5927
13,60675
13,62057
13,63431
13,64856
13,66212
13,67632
13,69016
13,70387
13,71774
13,73192
13,74566
13,75973
13,77375
13,78754
13,8014
13,81566
13,82935
13,84316
13,85733
13,871
13,8851
13,89909
13,91317
13,92732
13,9416
13,95478
13,96871
13,98249
13,99677
14,01011
14,02439
14,03801
14,0519
14,06568
14,07987
14,09376
14,10804
14,12166
14,1355
14,14971
14,16456
14,17843
14,19234
14,20726
14,23232
14,24796
14,26269
14,28777
14,30395
14,3296
14,34527
14,37149
14,38664
14,41376
14,42939
14,45523
14,4704
14,49705
14,51264
14,53898
14,55478
14,58079
14,60846
14,62462
14,65008
14,66656
14,69166
14,72013
14,74787
14,77596
14,80393
14,83178
14,8598
14,88785
14,91527
14,94297
14,97076
14,99909
15,02682
15,05477
15,08252
15,11025
15,13888
15,16597
15,19401
15,22174
15,24925
15,27707
15,3049
15,33285
15,36076
15,38886
15,41654
15,44461
15,47212
15,50039
15,528
15,55591
15,58384
15,6116
15,63951
15,66702
15,69529
15,723
15,75079
15,7786
15,80642
15,83408
15,8623
15,88997
15,91796
15,94558
15,97359
16,00123
16,02962
16,05676
16,08467
16,11246
16,1404
16,16837
16,19679
16,22385
16,25185
16,27969
16,30787
16,33562
16,36345
16,3912
16,41886
16,44677
16,4752
16,50226
16,53059
16,55803
16,58611
16,61368
16,64156
16,66937
16,69779
16,72504
16,7531
16,78075
16,80852
16,83662
16,86456
16,89232
16,92012
16,94786
16,97594
17,0037
17,03174
17,05929
17,08762
17,11503
17,14309
17,17074
17,19872
17,22608
17,25474
17,28201
17,31007
17,33769
17,36555
17,3932
17,42112
17,4492
17,47721
17,50484
17,53287
17,56031
17,58837
17,61623
17,64462
17,67158
17,6997
17,72758
17,75527
17,78309
17,811
17,83884
17,86745
17,89468
17,92285
17,95014
17,97806
18,00588
18,03429
18,06188
18,08969
18,11727
18,1455
18,17292
18,20118
18,22878
18,25691
18,28434
18,31217
18,34012
18,36831
18,39597
18,42433
18,45138
18,47929
18,50731
18,53525
18,56322
18,59085
18,60721
18,63467
18,66176
18,6895
18,71667
18,73256
18,76034
18,77725
18,79354
18,80929
18,83592
18,85208
18,87935
18,89525
18,92236
18,93842
18,96523
18,99309
19,00913
19,03513
19,05031
19,06573
19,09127
19,10596
19,12069
19,14663
19,16133
19,17604
19,20259
19,21788
19,24447
19,26024
19,27431
19,29992
19,31419
19,3284
19,34332
19,35678
19,37111
19,38482
19,39859
19,41318
19,42661
19,44002
19,45467
19,46811
19,49417
19,50834
19,52333
19,53733
19,55065
19,56435
19,57935
19,59409
19,62006
19,63531
19,64916
19,66339
19,677
19,69068
19,70544
19,73143
19,74589
19,75954
19,77322
19,78818
19,8017
19,81523
19,82935
19,84337
19,85759
19,87088
19,88509
19,89892
19,9129
19,92689
19,94095
19,9549
19,96884
19,98272
19,99668
20,01068
20,02458
20,03852
20,05247
20,06645
20,08033
20,09484
20,10807
20,12217
20,13597
20,15009
20,16397
20,17816
20,19169
20,20575
20,21989
20,23345
20,24723
20,26122
20,2753
20,28928
20,30334
20,31705
20,33094
20,34488
20,35882
20,37269
20,38658
20,4006
20,41447
20,42877
20,44228
20,45625
20,47031
20,48406
20,49791
20,51197
20,52584
20,53993
20,55368
20,56756
20,58151
20,59563
20,60939
20,62343
20,63745
20,65112
20,66502
20,67901
20,69298
20,70698
20,72087
20,73489
20,74895
20,76247
20,77675
20,79048
20,80412
20,81807
20,83197
20,84599
20,86002
20,87388
20,88784
20,90191
20,91562
20,92958
20,94371
20,95753
20,97161
20,9854
20,9992
21,01315
21,02732
21,04128
21,05554
21,06864
21,08261
21,09645
21,11054
21,12467
21,13828
21,1524
21,16609
21,18015
21,19398
21,20789
21,22196
21,23598
21,24975
21,26376
21,27764
21,29169
21,30552
21,3197
21,33355
21,34727
21,36124
21,37513
21,38917
21,40302
21,41732
21,43087
21,44469
21,45874
21,47241
21,48641
21,50061
21,51428
21,52818
21,54255
21,55646
21,56992
21,58413
21,59797
21,61165
21,62623
21,64034
21,65335
21,66773
21,68155
21,69525
21,70912
21,7231
21,73701
21,75117
21,76519
21,77922
21,79264
21,80681
21,82043
21,8349
21,84907
21,86262
21,87662
21,89002
21,90426
21,91851
21,93197
21,94638
21,96041
21,97474
21,98864
22,00268
22,02899
22,043
22,05804
22,07196
22,0865
22,11217
22,12716
22,1422
22,16795
22,18271
22,19828
22,22385
22,23942
22,25385
22,27937
22,29449
22,30916
22,33492
22,34989
22,36466
22,39046
22,40496
22,41957
22,43433
22,4601
22,47559
22,48947
22,50388
22,52987
22,544
22,55858
22,57334
22,59962
22,61523
22,64165
22,66962
22,68519
22,7109
22,72718
22,75269
22,78096
22,79699
22,82223
22,83856
22,86418
22,88037
22,90573
22,92176
22,94753
22,96396
22,98921
23,01733
23,04585
23,07333
23,10141
23,1293
23,1575
23,18501
23,21291
23,24078
23,2688
23,29652
23,32449
23,35206
23,37991
23,40814
23,43579
23,46349
23,49176
23,51916
23,5474
23,57472
23,60266
23,63063
23,65881
23,68634
23,71419
23,74204
23,77059
23,79753
23,82541
23,85333
23,88147
23,90901
23,93688
23,96464
23,99268
24,02045
24,04832
24,07623
24,10406
24,13185
24,15961
24,18756
24,21542
24,24309
24,2713
24,29891
24,32681
24,35463
24,3824
24,41027
24,43831
24,46595
24,49403
24,52164
24,54958
24,57735
24,60576
24,63301
24,66087
24,68875
24,71661
24,74447
24,77232
24,80003
24,82794
24,85581
24,88369
24,91145
24,9398
24,96749
24,9953
25,02318
25,05113
25,07838
25,10628
25,13424
25,16198
25,19002
25,21828
25,24592
25,27374
25,30153
25,32926
25,35693
25,38463
25,41261
25,44061
25,46834
25,49649
25,52406
25,5521
25,57977
25,60768
25,63548
25,6637
25,6911
25,70776
25,73472
25,76221
25,78959
25,81767
25,84475
25,86063
25,88608
25,90219
25,92745
25,94293
25,96897
25,98409
26,01085
26,0256
26,04081
26,06631
26,08112
26,09602
26,1223
26,13679
26,15174
26,17801
26,19251
26,20748
26,22147
26,24709
26,26092
26,2752
26,28987
26,30392
26,31903
26,33275
26,35895
26,37398
26,38726
26,40077
26,41456
26,42794
26,44219
26,45602
26,47016
26,48401
26,49801
26,51222
26,52604
26,54008
26,55416
26,56798
26,58202
26,59592
26,61018
26,62365
26,6377
26,65151
26,66575
26,68011
26,69323
26,70718
26,72141
26,73525
26,74956
26,7631
26,7768
26,79078
26,80478
26,81866
26,83261
26,84657
26,86066
26,87477
26,88828
26,90224
26,91648
26,9301
26,94403
26,95809
26,97187
26,9859
26,99975
27,01394
27,02755
27,04154
27,0553
27,0693
27,08327
27,09715
27,11123
27,12532
27,13906
27,15298
27,16696
27,18076
27,19473
27,20866
27,22258
27,23659
27,25081
27,26485
27,27815
27,29223
27,30591
27,31999
27,33421
27,34754
27,36162
27,37578
27,3895
27,40334
27,41761
27,43124
27,44561
27,45908
27,47316
27,48698
27,50097
27,51481
27,52877
27,54272
27,55678
27,57055
27,58461
27,59843
27,6123
27,62626
27,64076
27,65432
27,66795
27,68204
27,69584
27,70975
27,72373
27,73788
27,75196
27,76575
27,77936
27,79325
27,80727
27,82112
27,83507
27,84909
27,86299
27,8771
27,89079
27,90471
27,91872
27,93264
27,94645
27,96064
27,97426
27,98827
28,00217
28,0163
28,03028
28,04439
28,05776
28,07172
28,08613
28,09985
28,11346
28,12773
28,1417
28,15555
28,16944
28,18306
28,19711
28,21121
28,22521
28,23888
28,25284
28,26661
28,28081
28,29438
28,30834
28,32224
28,33623
28,35029
28,36412
28,37803
28,39207
28,40591
28,42029
28,43383
28,44767
28,46161
28,4756
28,48948
28,50376
28,51723
28,53136
28,54518
28,55907
28,57331
28,58729
28,60122
28,61563
28,62834
28,64232
28,65693
28,67013
28,68455
28,69818
28,71232
28,72634
28,74015
28,75412
28,76777
28,78167
28,79559
28,80984
28,82347
28,83768
28,85164
28,86523
28,87956
28,89441
28,9087
28,92258
28,93628
28,9503
28,97592
28,99029
29,00526
29,01975
29,03402
29,05921
29,07496
29,08978
29,11487
29,14354
29,17117
29,1858
29,20129
29,22654
29,24131
29,25608
29,27045
29,29605
29,31068
29,32563
29,35201
29,36716
29,39401
29,40918
29,4357
29,45087
29,47767
29,4933
29,51906
29,53462
29,56101
29,58901
29,60453
29,63038
29,64571
29,67204
29,68707
29,71405
29,72896
29,74417
29,76954
29,78556
29,81154
29,82711
29,85305
29,86875
29,89514
29,92273
29,93936
29,96432
29,98076
30,00614
30,02222
30,04773
30,06406
30,08983
30,11809
30,14548
30,17402
30,20143
30,2298
30,25771
30,28564
30,31285
30,34123
30,36871
30,39695
30,42449
30,45249
30,48024
30,50824
30,53595
30,56381
30,59159
30,6196
30,6475
30,6754
30,7029
30,73114
30,75865
30,78679
30,81444
30,84234
30,86994
30,89799
30,9258
30,95401
30,98169
31,00935
31,03704
31,06501
31,09284
31,12123
31,14849
31,17663
31,20409
31,23201
31,25989
31,28778
31,31606
31,34356
31,37118
31,39943
31,42684
31,455
31,48251
31,51053
31,53842
31,56624
31,59426
31,6223
31,64972
31,67765
31,7053
31,73324
31,76131
31,78938
31,81672
31,84479
31,87263
31,90032
31,92825
31,95644
31,98396
32,01203
32,03938
32,06737
32,09525
32,12336
32,15079
32,17887
32,20667
32,23459
32,26255
32,29043
32,31793
32,3463
32,3736
32,40179
32,4297
32,45741
32,4851
32,51352
32,54061
32,56861
32,59644
32,62488
32,77907
32,80411
32,83228
32,86074
32,88828
32,91652
32,94432
32,97209
33,00032
33,02789
33,05575
33,08367
33,11169
33,13974
33,16712
33,19542
33,22304
33,25075
33,27868
33,30672
33,33443
33,36234
33,39015
33,41837
33,44608
33,47349
33,50138
33,52932
33,55708
33,58501
33,61265
33,64112
33,66857
33,69632
33,72408
33,75188
33,78014
33,80761
33,83537
33,86366
33,89131
33,91931
33,94706
33,97464
34,00256
34,03083
34,0584
34,08639
34,11395
34,12981
34,15528
34,17125
34,19695
34,21317
34,23873
34,25449
34,28053
34,29681
34,32193
34,33834
34,36407
34,37986
34,40534
34,42065
34,44736
34,4628
34,47771
34,50274
34,5176
34,53219
34,55857
34,57359
34,58842
34,61441
34,62849
34,64392
34,65794
34,67207
34,6979
34,71217
34,72644
34,7415
34,75561
34,77014
34,7948
34,80902
34,82362
34,83765
34,85139
34,86679
34,88066
34,90653
34,92074
34,93493
34,94915
34,96288
34,97709
34,99039
35,00484
35,01958
35,03339
35,04868
35,07412
35,08872
35,10316
35,12964
35,14343
35,15754
35,17131
35,18551
35,19958
35,21327
35,22746
35,24124
35,25545
35,26932
35,2831
35,29705
35,31103
35,32501
35,33937
35,35281
35,36699
35,38117
35,39654
35,41042
35,43643
35,45012
35,46395
35,47785
35,49196
35,50582
35,51963
35,53364
35,54776
35,5615
35,5756
35,58949
35,6035
35,61735
35,63131
35,64527
35,65921
35,67315
35,68709
35,70103
35,7153
35,72882
35,74277
35,75706
35,77066
35,78443
35,79835
35,81237
35,82645
35,84026
35,8541
35,86808
35,88222
35,89586
35,91024
35,92426
35,93775
35,9515
35,96553
35,97943
35,99355
36,00724
36,02155
36,03531
36,0491
36,06297
36,07694
36,09089
36,10481
36,119
36,13295
36,14647
36,16059
36,17417
36,18815
36,2023
36,21602
36,22998
36,24396
36,25789
36,27188
36,28574
36,29976
36,31355
36,32753
36,34144
36,35563
36,36929
36,38319
36,39715
36,41163
36,42515
36,43885
36,45277
36,46667
36,4807
36,49453
36,50851
36,52251
36,53638
36,55038
36,56437
36,57809
36,5921
36,60632
36,61986
36,6339
36,64816
36,66167
36,67561
36,68983
36,70343
36,71737
36,73135
36,74514
36,75913
36,77349
36,78679
36,80079
36,81532
36,82865
36,84252
36,85651
36,87042
36,8844
36,89828
36,91228
36,92668
36,94013
36,95408
36,96799
36,98185
36,99594
37,00972
37,02367
37,03767
37,05157
37,06548
37,07934
37,09333
37,1077
37,12094
37,13491
37,14908
37,16285
37,17679
37,19067
37,20484
37,21886
37,23244
37,24674
37,26024
37,27417
37,28833
37,30196
37,31594
37,32991
37,34384
37,35782
37,37194
37,38567
37,39959
37,41339
37,42725
37,44127
37,45661
37,46927
37,48335
37,49718
37,51071
37,52493
37,53849
37,55245
37,56665
37,58037
37,59458
37,60829
37,6222
37,63642
37,65025
37,66405
37,67826
37,69197
37,70578
37,71993
37,73349
37,74746
37,76183
37,77612
37,78912
37,80312
37,81703
37,83111
37,84517
37,85879
37,87309
37,88712
37,90059
37,91458
37,92866
37,9427
37,95676
37,97032
37,98433
37,99818
38,01213
38,02606
38,04021
38,05416
38,06787
38,08167
38,09558
38,10955
38,12347
38,13778
38,15149
38,16517
38,17932
38,19303
38,20732
38,22103
38,23483
38,24873
38,26318
38,27671
38,29058
38,30445
38,31841
38,33247
38,34648
38,36029
38,3741
38,38824
38,40213
38,41574
38,42968
38,44369
38,45772
38,4715
38,48546
38,49932
38,51343
38,52718
38,54118
38,5551
38,56903
38,58328
38,59725
38,61077
38,62495
38,63868
38,65262
38,66702
38,68031
38,69461
38,70829
38,72206
38,73634
38,75054
38,76388
38,77774
38,79168
38,80547
38,81974
38,83351
38,84734
38,86135
38,87527
38,88927
38,90362
38,91801
38,93079
38,94517
38,95908
38,97269
38,98652
39,00081
39,01466
39,02832
39,04255
39,05619
39,0701
39,08403
39,09795
39,1121
39,12605
39,13972
39,15365
39,16766
39,18155
39,19545
39,20939
39,2236
39,23808
39,25107
39,26541
39,27885
39,29306
39,30729
39,32087
39,33498
39,34904
39,36269
39,37734
39,39068
39,40444
39,41874
39,43248
39,44745
39,4615
39,47549
39,48923
39,50267
39,51645
39,53036
39,54403
39,55818
39,57157
39,58505
39,59884
39,6132
39,62724
39,64142
39,66768
39,68251
39,69688
39,71175
39,73728
39,75258
39,76741
39,79333
39,80893
39,8354
39,85077
39,87681
39,89195
39,91896
