participantNumber
12
repetitionNum
2
sdfEnabled
1
taskTime
12,22567
numHits
29
positionDifference
0,09256207
angleDifference
133,8358
finalPosX
-0,02828635
finalPosY
0,0683654
finalPosZ
0,8730198
finalRotX
329,8548
finalRotY
136,0469
finalRotZ
241,5299
taskType
easyWire
velocityMagnitude
0,6342929
0,3314821
0,6066745
0,3858743
0,3103384
0,3648346
0,281893
0,1653173
0,2604108
0,26938
0,06713776
0,2108292
0,2089579
0,2102436
0,1167532
0,07505812
0,07505812
0,1091796
0,1091796
0,0869708
0,0927114
0,2663319
0,2234227
0,1527016
0,08541355
0,1960775
0,1950413
0,1703252
0,221031
0,1628492
0,1203198
0,1203198
0,1353322
0,1353322
0,20821
0,2059416
0,163154
0,2026735
0,1797107
0,1797107
0,1933333
0,1905296
0,1828494
0,04574239
0,04893878
0,04699156
0,05923424
0,05220175
0,05597435
0,07637333
0,07225096
0,0752662
0,08448475
0,0974313
0,0819148
0,08245659
0,07615471
0,07921141
0,07357194
0,06055441
0,05619685
0,1266049
0,07770745
0,06308752
0,07998688
0,09199646
0,03537791
0,03537791
0,05085426
0,05085426
0,05587917
0,1213489
0,2119797
0,2116679
0,2213999
0,2704051
0,2165501
0,2216065
0,5387692
0,5324474
0,3534308
0,0511492
0,0199756
0,04750642
0,09029615
0,1952696
0,3415721
0,313126
0,1676923
0,1255672
0,1377108
0,2149681
0,2352801
0,2346216
0,2297527
0,2932064
0,263229
0,1482276
0,3567865
0,805843
0,437637
0,9071293
1,322588
0,9403572
1,060607
1,036159
1,192037
1,886234
0,09518629
0,366195
0,3145046
0,07518655
0,2839413
0,09890625
0,3280141
0,3675525
0,5329498
1,665912
1,569718
1,480191
3,518475
1,135079
0,2036157
2,890247
0,7411637
0,7699675
5,683028
0,455882
0,455882
4,908737
4,934338
4,934338
3,854073
3,949136
3,949136
4,293966
4,443222
4,689523
4,689523
5,20606
5,267585
5,267585
4,88997
4,792826
4,792826
5,138721
5,35063
5,35063
5,68912
5,784823
5,881809
5,881809
6,271216
6,446772
6,446772
6,613606
6,747779
6,747779
6,841201
6,848952
6,877761
6,877761
6,723308
6,656255
6,656255
6,591691
6,627188
6,627188
6,639469
6,60114
6,60114
6,060836
5,714435
5,574755
5,574755
4,749526
0,06637267
0,1668017
0,3430316
0,3430316
0,3991725
0,5669754
0,7579906
0,7579906
0,6821721
0,8629894
0,8629894
1,038658
0,8861457
0,8861457
0,7811855
0,6854351
0,6694436
0,6694436
0,5892635
0,5151909
0,5151909
0,504379
0,5414216
0,5414216
0,3371398
0,2447962
0,2447962
0,1638536
0,1028713
0,1161073
0,1161073
0,1895819
0,2459848
0,2459848
0,3212599
0,04936765
0,04936765
0,152525
0,1952938
0,1348945
0,1348945
0,5354224
0,6444594
0,6444594
0,9236757
0,9621691
0,9621691
1,727863
1,631675
1,631675
0,8045043
0,3303916
0,2415747
0,2415747
0,3893844
0,3637882
0,3637882
0,3505456
0,3099712
0,3099712
0,262426
0,1780448
0,140155
0,140155
0,3696896
0,606954
0,606954
0,8311172
0,4461207
0,6066257
1,028139
1,100139
0,6746508
1,331439
1,508471
2,571199
1,51163
1,683551
1,395834
1,630467
2,579831
2,967082
3,130085
3,613468
2,257967
1,546253
1,527043
1,651792
0,237132
0,07893289
0,4059866
0,2775225
0,5788279
0,5661507
0,982151
0,8478557
0,9721281
1,338627
1,338627
0,9251406
1,026215
0,8607869
1,142801
1,582472
1,582472
0,97844
0,4286595
0,4286595
0,5856543
0,4577864
0,4577864
0,5511434
0,3880668
0,2580812
0,2580812
0,3992181
1,032108
1,032108
1,187017
1,239004
1,239004
0,5149458
0,5286747
0,5286747
0,5551441
1,731243
2,029407
2,029407
2,506976
2,964549
2,964549
2,040903
3,807629
3,807629
4,083653
4,736066
4,932752
4,932752
5,526749
5,689998
5,689998
6,023296
6,283482
6,283482
6,69214
6,967152
6,967152
7,409577
7,655919
7,803952
7,803952
8,142505
8,378705
8,378705
8,795343
9,01612
9,01612
9,362387
9,497404
9,711407
9,711407
10,06311
10,09407
10,09407
9,858912
9,244261
9,244261
8,042626
7,238103
6,426446
6,426446
4,821982
0,1859785
0,1859785
0,2419273
0,2932227
0,2932227
0,340781
0,3818642
0,3818642
0,4128279
0,4351444
0,454259
0,454259
0,4629643
0,4590943
0,4590943
0,4913257
0,5689334
0,5689334
0,6930294
0,5242147
0,255834
0,255834
0,210882
0,1573775
0,1573775
0,105336
0,05671816
0,05671816
0,04152124
0,08169168
0,08169168
0,1328876
0,1836584
0,231553
0,231553
0,2747936
0,3123505
0,3123505
0,3432056
0,3665274
0,3665274
0,3817146
0,3873167
0,3387885
0,3387885
0,2951196
0,2595917
0,2595917
0,2369667
0,2258706
0,2258706
0,2034773
0,1862973
0,1862973
0,1697144
0,1561899
0,1419251
0,1419251
0,135061
0,1355951
0,1355951
0,1429121
0,1563479
0,1563479
0,1729943
0,1917382
0,02082242
0,02082242
0,2166854
0,3928988
0,3928988
1,044346
0,9829908
0,9829908
1,082102
0,8631037
0,6252456
0,6252456
0,6662483
0,9536169
0,9536169
0,9296619
0,4835229
0,4835229
0,7028669
0,715809
0,6207672
0,2982961
1,15307
0,7930366
0,8825459
0,9406632
1,201204
0,5858123
1,468534
1,926935
1,003615
1,40102
0,927056
0,7192555
0,4736782
0,4422763
0,7112375
0,9886325
1,532097
2,864534
2,864534
1,800537
1,800537
1,017813
0,3629237
0,3629237
0,05475816
0,03452997
0,03452997
0,3651117
1,391245
1,288341
1,288341
0,8477564
0,838353
0,838353
1,462775
1,785798
1,785798
3,056471
1,640426
2,319337
2,319337
0,5984054
1,007586
1,007586
0,1219344
0,34743
0,34743
0,2502057
1,028256
1,028256
0,7387969
0,3792501
0,4008649
0,4008649
0,7481517
1,494366
1,494366
2,177127
2,542071
2,542071
2,549233
2,482586
2,412164
2,412164
2,4654
2,575806
2,575806
2,594549
2,464243
2,447832
2,479579
2,479579
2,550756
2,563085
2,548464
2,548464
2,630646
2,8159
2,8159
2,89084
2,806207
2,806207
2,617289
2,548799
2,5571
2,5571
2,561713
2,441702
2,441702
2,44704
2,663136
2,663136
2,826488
2,783489
2,875454
0,1563413
0,4138423
0,4138423
0,6001334
0,7912293
0,7912293
0,9843355
0,8493646
0,8493646
0,9986064
0,9039168
0,6741629
0,6741629
0,7666654
0,8933336
0,8933336
0,6393123
0,6197332
0,6197332
0,6271273
0,6929674
0,4455996
0,4455996
0,3820376
0,3216796
0,3216796
0,2576607
0,188515
0,188515
0,1142288
0,04796199
0,04796199
0,05638544
0,1357063
0,211132
0,211132
0,2783909
0,3337369
0,3337369
0,3760127
0,409811
0,409811
0,447442
0,4752542
0,4930155
0,4930155
0,3503212
0,2993259
0,2993259
0,2507276
0,2132188
0,2132188
0,1897453
0,184856
0,184856
0,1963286
0,2312813
0,2574735
0,2574735
0,2751363
0,1994597
0,1994597
0,2165458
0,2904784
0,2904784
0,2888638
0,1761749
0,01430439
0,01430439
0,06992173
0,1454574
0,1454574
0,5868852
0,5444093
0,5444093
0,7709912
0,713645
0,713645
1,173256
1,008294
0,6092218
0,6092218
0,2429153
0,06108226
0,06108226
0,05860528
0,1213738
0,1213738
0,05800957
0,02057225
0,03016301
0,03016301
0,05338922
0,006157376
0,006157376
0,07930964
0,09545606
0,09545606
0,1538338
0,01615222
0,02217619
0,02217619
0,03251037
0,04667073
0,04667073
0,01683958
0,0222556
0,0222556
0,0266715
0,0260943
0,0260943
0,1341864
0,08404865
0,04570234
0,04570234
0,4057984
0,8886212
0,8886212
1,316443
0,2608977
0,2608977
0,4695513
0,3108824
0,2279092
0,2279092
0,3812331
0,3704314
0,3704314
0,1647709
0,08536004
0,08536004
0,09525243
0,03130149
0,03130149
0,02505157
0,02040426
0,04034514
0,04034514
0,09017381
0,03413847
0,03413847
0,08615724
0,09279053
0,09279053
0,2583895
0,5357845
0,9327772
0,9327772
1,236355
1,25612
1,25612
1,446019
1,682796
2,333795
2,309057
1,908041
2,487935
1,962383
1,962383
2,433995
2,433995
3,299785
3,710865
4,532489
3,243342
3,243593
3,225446
4,526115
1,906037
1,617478
1,617478
3,461735
3,614291
3,702351
3,62513
3,518099
3,46549
3,46549
0,4966848
0,6655606
0,2624128
0,2823877
0,2823877
0,3466383
0,3466383
0,3664821
0,3792099
0,3792099
0,3839291
0,382729
0,03714811
0,03714811
0,6784231
1,287751
1,287751
2,323931
1,405218
2,417577
velocityComponents
0,1789363
0,3888814
0,4680604
-0,05780292
0,3244514
-0,03564317
-0,01877237
0,5911291
0,1351591
0,08535163
0,2570153
0,2748767
0,05297713
0,2274748
0,2043491
0,0776702
0,2454282
0,2585279
0,05374037
0,2066717
0,1840175
0,06496233
-0,01719824
0,1510428
0,09847177
-0,1230307
0,2073176
0,09919541
-0,1187819
0,220492
0,02169168
0,010234
0,06270738
0,03603338
0,1484451
0,1453086
0,07697945
0,008954941
0,1940551
0,07099909
-0,1183753
0,1585837
0,03297292
-0,06623156
0,0903187
0,0204444
0,02178948
0,06885468
0,0204444
0,02178948
0,06885468
0,02909257
0,03433781
0,09947219
0,02909257
0,03433781
0,09947219
0,02295069
-0,004125454
0,08378644
0,01540617
0,03398103
0,08487251
0,06599618
0,09336543
0,2405412
0,04692065
0,1082319
0,189742
0,03741133
0,03371489
0,1441578
0,0186066
0,0179584
0,08140495
0,04944438
0,06693907
0,177541
0,05619981
0,03831363
0,182797
0,04756463
0,04038851
0,1584836
0,06968518
0,02332011
0,2084583
0,05333601
-0,01326934
0,153294
0,03681063
-0,02295396
0,1122273
0,03681063
-0,02295396
0,1122273
0,04633887
-0,03595592
0,1219618
0,04633887
-0,03595592
0,1219618
0,05396342
-0,08775699
0,1809366
0,02909252
-0,06444518
0,1934228
0,01469482
-0,04406511
0,1564019
-0,00308086
-0,01078151
0,202363
0,006726906
-0,01070328
0,1792655
0,006726906
-0,01070328
0,1792655
0,01817888
-0,04478362
0,1871943
-0,003677025
-5,358085E-05
0,1904941
-0,007952377
0,02357494
0,1811488
0,002829611
0,004541511
0,04542834
-0,006401412
0,02053352
0,04395908
-0,007820807
0,01476844
0,04391965
-0,01607848
0,02363071
0,05188224
-0,00565362
0,007203251
0,05139234
-0,00242389
0,007449545
0,05542343
-0,01462546
0,02045724
0,07211437
-0,002972499
0,01110602
0,07133038
-0,006010227
0,01186813
0,07408121
-0,007748015
0,006538376
0,08387426
-0,01909166
0,04304142
0,08529831
-0,01251666
0,03829466
0,07132241
-0,01785732
0,04645979
0,06573958
-0,01622131
0,03884388
0,06346308
-0,01840885
0,05665205
0,05221213
-0,0180922
0,04458477
0,05565699
-0,01440702
0,03997944
0,04313838
-0,008054473
0,02181254
0,05116077
-0,0482474
0,05078587
0,1054599
-0,01323992
0,01601045
0,07487869
0,009932816
-0,00830844
0,06174418
0,01790655
-0,0395456
0,06718186
0,03500146
-0,06031521
0,06000268
0,03006475
-0,01804141
0,004713312
0,03006475
-0,01804141
0,004713312
0,02033465
-0,001019955
-0,04660062
0,02033465
-0,001019955
-0,04660062
0,009216679
0,003628531
-0,05499426
-0,04445313
0,01359146
-0,1120926
-0,06655494
0,06278242
-0,1912176
-0,07107027
0,06946313
-0,1868882
-0,08015532
0,08162794
-0,1895519
-0,1007057
0,1043739
-0,2282179
-0,08292216
0,1248716
-0,1562848
-0,09444724
0,1247573
-0,1569228
-0,2119303
0,3823695
-0,3148831
-0,25571
0,3560348
-0,3022446
-0,1295961
0,2916821
-0,1517885
-0,01855423
0,04745974
0,004421961
-0,006027848
0,01864576
-0,003876248
-0,04110516
0,0006049834
-0,02380881
-0,0006829891
-0,003309935
0,09023288
0,01907334
-0,0360109
0,1909703
0,06386065
0,01353654
0,3352762
0,0114945
-0,003147438
0,3128991
-0,02088749
-0,0480555
0,1592956
0,03284029
-0,009651522
0,1208117
0,03023487
-0,01067914
0,1339256
0,04456499
-0,07424981
0,1967542
0,05512206
-0,08367163
0,2128787
0,03817726
-0,04816236
0,2264292
0,04956228
-0,05203243
0,2182258
0,06607834
-0,06026667
0,2792339
0,0167267
-0,02415448
0,2615842
-0,02837832
0,0491651
0,1369266
-0,0948396
0,1871535
0,2885752
0,2631292
0,5765641
0,4977146
-0,1899868
-0,02295089
0,393579
0,2314877
0,4705038
0,7402184
0,2037182
0,5921721
1,164934
-0,0756045
0,3156934
0,8825493
-0,129722
0,3469993
0,9938065
0,3246921
0,2179348
0,9595335
-0,09079671
0,4355354
1,105901
-0,08733732
-0,1534205
1,877954
-0,06236327
-0,05695594
0,04390073
0,2239956
-0,1598819
-0,2415833
0,09098345
-0,2560147
-0,1584034
-0,01571253
-0,07277532
-0,01048267
-0,1220662
-0,2550044
0,0263679
-0,0523957
-0,08371896
0,005317211
3,042817E-05
-0,307795
-0,113382
-0,06827849
-0,3284054
-0,1502755
-0,06817329
-0,1871077
0,4943467
0,399367
-1,255434
1,019634
0,4010656
-1,230331
0,8885091
-0,6539945
-0,8259653
1,039729
-0,0534023
-3,048905
1,755276
-0,5873933
-0,9495819
-0,204125
0,05163381
-0,1968708
-0,005931616
0,03392833
-2,560286
1,34064
-0,4789668
-0,5638821
0,04417491
-0,591395
-0,4898584
0,05604148
0,3261456
-5,001284
2,679103
-0,3521197
-0,2888346
-0,02036452
-0,3521197
-0,2888346
-0,02036452
0,3808117
-3,980973
2,846496
0,160448
-3,931955
2,976856
0,160448
-3,931955
2,976856
-0,06076354
-3,430434
1,75565
-0,09115922
-3,496405
1,833718
-0,09115922
-3,496405
1,833718
0,05538261
-3,034629
3,037451
-0,09909225
-2,854305
3,403725
-0,2455385
-2,808358
3,747594
-0,2455385
-2,808358
3,747594
-0,4166259
-3,031699
4,211684
-0,4693955
-3,004185
4,301394
-0,4693955
-3,004185
4,301394
-0,6196917
-2,415787
4,206157
-0,7075349
-2,215136
4,190913
-0,7075349
-2,215136
4,190913
-0,92026
-2,2016
4,551102
-1,055159
-2,159891
4,780246
-1,055159
-2,159891
4,780246
-1,177953
-2,130831
5,141796
-1,191901
-2,09285
5,259613
-1,237894
-1,972205
5,401268
-1,237894
-1,972205
5,401268
-1,380917
-1,781391
5,852168
-1,440327
-1,704193
6,04831
-1,440327
-1,704193
6,04831
-1,548488
-1,383767
6,279105
-1,583414
-1,344319
6,420135
-1,583414
-1,344319
6,420135
-1,648027
-1,144288
6,540385
-1,700657
-0,9156894
6,570953
-1,743863
-0,7337669
6,612422
-1,743863
-0,7337669
6,612422
-1,740317
-0,5055141
6,47446
-1,738219
-0,3999785
6,412826
-1,738219
-0,3999785
6,412826
-1,752858
-0,1985255
6,351256
-1,782258
-0,1396314
6,381511
-1,782258
-0,1396314
6,381511
-1,811679
-0,1821208
6,38492
-1,796439
-0,3176675
6,344048
-1,796439
-0,3176675
6,344048
-1,670457
-0,5268661
5,802217
-1,61032
-0,5183318
5,458293
-1,614735
-0,5355769
5,30883
-1,614735
-0,5355769
5,30883
-1,324924
-0,654731
4,513745
-0,005246988
-0,06495865
-0,01257674
-0,02599242
-0,1308701
-0,100101
-0,02599242
-0,3270701
-0,100101
-0,02599242
-0,3270701
-0,100101
0,009144004
-0,3739894
-0,139237
0,01261101
-0,5468764
-0,1490913
0,01261101
-0,7430764
-0,1490913
0,01261101
-0,7430764
-0,1490913
-0,05670208
-0,6555078
-0,1801474
-0,04852549
-0,8433246
-0,1766338
-0,04852549
-0,8433246
-0,1766338
-0,5416484
-0,8406408
0,2806234
-0,4320828
-0,7078858
0,31218
-0,4320828
-0,7078858
0,31218
-0,4364704
-0,4405965
0,4749938
-0,42479
-0,1571005
0,5144843
-0,4076786
0,07123211
0,5261928
-0,4076786
0,07123211
0,5261928
-0,3304891
0,1609813
0,460536
-0,2688537
0,1966838
0,3930075
-0,2688537
0,1966838
0,3930075
-0,2870221
0,04951394
0,4117825
-0,3032475
-0,09282933
0,4388178
-0,3032475
-0,09282933
0,4388178
-0,07243314
0,2279225
0,23763
-0,02450089
0,1690782
0,175321
-0,02450089
0,1690782
0,175321
0,01391156
0,1029232
0,1267331
0,04929726
0,0419793
0,07993767
0,09112799
-0,0555013
0,04578436
0,09112799
-0,0555013
0,04578436
0,1237509
-0,1433885
-0,008169457
0,1350475
-0,1927888
-0,07143674
0,1350475
-0,1927888
-0,07143674
0,1568675
-0,249384
-0,1280944
-0,01279917
0,04390621
0,01859006
-0,01279917
0,04390621
0,01859006
0,005192522
0,09306331
0,1207317
0,04001397
-0,00133466
0,191146
0,02249839
0,08015536
0,1061389
0,02249839
0,08015536
0,1061389
0,0395021
0,4930894
0,2048893
0,05441301
0,5697922
0,2961486
0,05441301
0,5697922
0,2961486
0,1209098
0,6319429
0,6627259
0,1573357
0,5292878
0,7879526
0,1573357
0,5292878
0,7879526
0,3362188
0,6696448
1,556934
0,2753724
0,7449632
1,425329
0,2753724
0,7449632
1,425329
0,07869549
0,7337394
0,320407
0,06400385
0,08500531
0,3127878
0,05705963
0,07629374
0,221995
0,05705963
0,07629374
0,221995
0,05506858
0,2729622
0,2721752
0,06498288
0,1465601
0,3265566
0,06498288
0,1465601
0,3265566
0,0352803
0,2873834
0,1976063
-0,005080879
0,1899807
0,2448747
-0,005080879
0,1899807
0,2448747
0,02209635
0,1244747
0,2299679
0,03551828
0,08128632
0,1543728
0,04844818
0,08473232
0,1005814
0,04844818
0,08473232
0,1005814
0,1023338
0,3538908
-0,03097585
0,08515998
0,5282227
0,286569
0,08515998
0,5282227
0,286569
0,0529982
0,7797956
0,2826055
0,08516079
0,4363555
0,03694879
0,03881183
0,6041963
-0,03788564
-0,02793834
1,023114
0,09760498
-0,02871821
1,097692
0,06749181
-0,01673464
0,673856
0,02813926
-0,0476823
1,330584
-0,001761768
-0,1312898
1,500962
-0,07321168
-0,2497707
2,558493
0,05284031
-0,5239046
0,3186216
1,381677
0,2530528
0,2456155
1,646202
0,1622005
0,2780209
1,358215
0,3161714
0,2579502
1,578581
0,5963727
0,3330252
2,487762
0,5944862
0,2541614
2,895783
0,6180331
0,009652346
3,068448
0,6900421
-0,6788972
3,481392
0,3814484
-0,7970023
2,077908
0,2574764
-0,536927
1,426995
-0,6867238
-0,7032567
1,168632
0,1458379
-0,6840616
1,496398
0,05008903
-0,172211
0,1551324
-0,03266449
-0,07149548
-0,007199228
0,08929053
-0,3211396
0,2317793
0,07152477
-0,2514889
0,09303918
0,07226807
-0,4629005
0,3399149
0,1172119
-0,5223218
0,1843041
0,07656906
-0,9298933
0,3066859
-0,08731395
-0,805932
0,2484131
0,04817505
-0,9388848
0,2474016
0,01004598
-1,312591
0,262533
0,01004598
-1,312591
0,262533
0,0001123236
-0,8954456
0,2325126
0,006141428
-0,9900469
0,2699742
-0,001864044
-0,8377428
0,197832
-0,7847003
-0,6700399
-0,4912086
-0,7932571
-0,7643805
1,136082
-0,7932571
-0,7643805
1,136082
-0,1631289
-0,7933788
0,5488933
-0,06890012
-0,2789354
0,3181144
-0,06890012
-0,2789354
0,3181144
-0,1254375
-0,2514168
0,5138541
-0,01509871
-0,1976513
0,4126431
-0,01509871
-0,1976513
0,4126431
-0,02354513
-0,1857429
0,5183669
0,01056106
-0,07315588
0,3809626
0,02223449
0,0769062
0,2453507
0,02223449
0,0769062
0,2453507
0,06242596
0,1887658
0,3461872
-0,1734951
0,1256351
1,009634
-0,1734951
0,1256351
1,009634
0,1498856
-0,02034721
1,17734
-0,174246
0,5636702
1,089515
-0,174246
0,5636702
1,089515
-0,05602742
0,4743588
0,19239
0,1124833
0,1984504
0,4769297
0,1124833
0,1984504
0,4769297
0,06503069
0,2905131
0,4685704
-0,5646075
1,56925
0,4646241
-0,6003671
1,832623
0,6320952
-0,6003671
1,832623
0,6320952
-0,5907029
2,316341
0,7553582
-0,5881469
2,811034
0,7353371
-0,5881469
2,811034
0,7353371
-0,01897041
0,7681909
-1,890716
-0,7034072
3,593291
1,044757
-0,7034072
3,593291
1,044757
-0,8224365
3,799281
1,251113
-0,1483397
4,12883
2,315402
-0,9782947
4,67808
1,220883
-0,9782947
4,67808
1,220883
-0,9608086
5,279455
1,322554
-0,967357
5,448818
1,323132
-0,967357
5,448818
1,323132
0,5417235
5,891109
1,132015
0,3655713
6,186952
1,034472
0,3655713
6,186952
1,034472
0,1422872
6,621467
0,9595146
0,05746168
6,905043
0,9264387
0,05746168
6,905043
0,9264387
-0,6778359
7,312287
0,9863207
-0,725703
7,562179
0,9486265
-0,7456346
7,712999
0,9248489
-0,7456346
7,712999
0,9248489
-0,8672998
8,039971
0,9523855
-0,9541135
8,268505
0,9613453
-0,9541135
8,268505
0,9613453
-1,084414
8,693472
0,7782376
-1,136222
8,913238
0,7440522
-1,136222
8,913238
0,7440522
-1,172098
9,266958
0,6355766
-1,202165
9,395123
0,6979653
-1,281932
9,593613
0,7941424
-1,281932
9,593613
0,7941424
-1,394428
9,933117
0,809258
-1,341883
9,983285
0,650888
-1,341883
9,983285
0,650888
-1,072563
9,787951
0,493726
-1,874353
8,889652
1,707995
-1,874353
8,889652
1,707995
-1,528211
7,827215
1,040728
-1,259773
7,115245
0,4200048
-0,9974167
6,342707
-0,2728431
-0,9974167
6,342707
-0,2728431
-0,6997697
4,519345
-1,52884
-0,02089714
-0,1192214
-0,1412005
-0,02089714
-0,1192214
-0,1412005
-0,06493531
-0,1305642
-0,1930421
-0,1021055
-0,1470154
-0,2322509
-0,1021055
-0,1470154
-0,2322509
-0,1405321
-0,1568183
-0,2679375
-0,179078
-0,1544291
-0,2998382
-0,179078
-0,1544291
-0,2998382
-0,2154148
-0,1381935
-0,3239227
-0,2453914
-0,1122473
-0,3413711
-0,2775404
-0,08423787
-0,3496091
-0,2775404
-0,08423787
-0,3496091
-0,3056959
-0,03619204
-0,3457977
-0,3214833
0,01201572
-0,3275235
-0,3214833
0,01201572
-0,3275235
-0,3179211
-0,1246228
-0,3532651
-0,3193011
-0,3009941
-0,362125
-0,3193011
-0,3009941
-0,362125
-0,3193011
-0,4971941
-0,362125
-0,3116024
-0,1628009
-0,3888455
-0,1785426
0,1099732
-0,1465587
-0,1785426
0,1099732
-0,1465587
-0,1505283
0,09478803
-0,1132594
-0,1164041
0,0751113
-0,07467286
-0,1164041
0,0751113
-0,07467286
-0,08387559
0,05186684
-0,03701865
-0,05130363
0,02418408
0,0001363307
-0,05130363
0,02418408
0,0001363307
-0,01866867
-0,005481496
0,03668034
0,01431528
-0,03504163
0,0723926
0,01431528
-0,03504163
0,0723926
0,0476879
-0,06225681
0,1072803
0,08151577
-0,08512917
0,1408496
0,1159327
-0,1014653
0,1728617
0,1159327
-0,1014653
0,1728617
0,1499289
-0,1103914
0,2021053
0,1830237
-0,1105239
0,2277051
0,1830237
-0,1105239
0,2277051
0,2139322
-0,1018358
0,2482994
0,24122
-0,08500907
0,2625428
0,24122
-0,08500907
0,2625428
0,2634371
-0,06155102
0,2692924
0,2789802
-0,02787581
0,2672213
0,2719979
0,02326222
0,2006331
0,2719979
0,02326222
0,2006331
0,2660506
0,06479806
0,1100632
0,2491903
0,06396465
0,03464922
0,2491903
0,06396465
0,03464922
0,2332155
0,03312202
-0,02582094
0,2141607
0,008325234
-0,07129781
0,2141607
0,008325234
-0,07129781
0,1766255
0,03792113
-0,09363995
0,1467422
0,03866184
-0,1080679
0,1467422
0,03866184
-0,1080679
0,1159892
0,03480683
-0,1189032
0,08485742
0,02877671
-0,1279312
0,04865156
0,01834513
-0,1320576
0,04865156
0,01834513
-0,1320576
0,01346564
0,007395878
-0,1341844
-0,02200047
-0,004650787
-0,1337176
-0,02200047
-0,004650787
-0,1337176
-0,05730933
-0,01627055
-0,1299029
-0,09190585
-0,02772775
-0,1234065
-0,09190585
-0,02772775
-0,1234065
-0,1251307
-0,03745289
-0,1134312
-0,1566581
-0,04558158
-0,100718
0,01145337
0,01371073
0,01069624
0,01145337
0,01371073
0,01069624
0,01736956
0,1239819
0,1768597
0,0150226
0,207667
0,3331939
0,0150226
0,207667
0,3331939
0,019083
0,7989162
0,6723297
0,01611931
0,769603
0,6113283
0,01611931
0,769603
0,6113283
0,005753622
0,7965751
0,73238
-0,0008067458
0,5843242
0,6352265
-0,03147637
0,4075924
0,4730853
-0,03147637
0,4075924
0,4730853
0,0001744581
0,6034289
0,2824187
-0,05469813
0,9382299
0,1616106
-0,05469813
0,9382299
0,1616106
-0,01174754
0,8266659
0,425155
-0,021623
0,2432832
0,417301
-0,021623
0,2432832
0,417301
-0,01730578
0,5442286
0,4444519
-0,02223597
0,6280033
0,3427827
-0,01970664
0,572286
0,239692
0,005072811
0,2854317
0,08650762
-0,1369596
1,045817
0,4659179
-0,05063242
0,680247
0,4044841
0,002888225
0,8388314
0,2743007
-0,07728601
0,8614407
0,3698568
-0,08222998
1,119667
0,4271713
-0,05370293
0,513025
0,2776642
-0,1587563
1,352445
0,5498009
-0,2306783
1,857979
0,4558314
-0,6681265
0,6899312
-0,2912807
-0,8021223
1,136089
0,1695824
-0,07012267
0,4175075
0,8247443
-0,009032279
0,185604
0,6948367
0,03404283
-0,1408529
0,4509685
0,06596597
-0,3101373
0,3083369
0,0788682
-0,5914003
0,3871489
0,09752028
-0,9087653
0,3768682
0,1146696
-1,5042
0,2674997
0,1953945
-2,823216
0,4436532
0,1953945
-2,823216
0,4436532
0,297333
-1,757789
0,2523912
0,297333
-1,757789
0,2523912
-0,2664229
-0,6600158
0,7275589
-0,08706164
-0,1738651
0,306439
-0,08706164
-0,1738651
0,306439
0,009003947
0,01796007
-0,05093938
0,008837598
0,007012844
-0,03263488
0,008837598
0,007012844
-0,03263488
0,06457928
-0,2527843
0,2554138
-0,2478636
-0,2571146
1,344626
-0,06796341
-0,7485536
1,046361
-0,06796341
-0,7485536
1,046361
-0,06009502
-0,6993976
0,4753131
-0,03046255
-0,5402648
0,6403294
-0,03046255
-0,5402648
0,6403294
0,03013468
0,09300202
1,459505
-0,4414928
0,1353879
1,725059
-0,4414928
0,1353879
1,725059
-0,7594016
0,4560087
2,9253
-1,258186
0,8487313
0,6225922
-0,6646971
-0,2436537
2,20865
-0,6646971
-0,2436537
2,20865
-0,2770857
0,2277529
0,4790002
-0,4899307
0,3281508
0,8170151
-0,4899307
0,3281508
0,8170151
-0,1073792
0,04678315
-0,0338977
-0,1405498
0,1083015
0,2987041
-0,1405498
0,1083015
0,2987041
-0,06265026
0,1003622
0,220466
-0,0436804
0,8959447
0,5026776
-0,0436804
0,8959447
0,5026776
-0,1114812
0,3745325
0,6269914
-0,01463252
0,378935
-0,004974961
-0,0391807
0,3977042
-0,03144705
-0,0391807
0,3977042
-0,03144705
0,1670685
0,6946308
0,222052
-0,124498
1,366753
0,591283
-0,124498
1,366753
0,591283
0,8845331
1,852288
0,72561
1,295333
2,177765
0,2039003
1,295333
2,177765
0,2039003
1,133432
1,991647
1,116811
1,191007
1,940177
0,9901758
1,252327
1,906275
0,7850653
1,252327
1,906275
0,7850653
1,373522
1,960781
0,5890452
1,420142
2,05103
0,6412899
1,420142
2,05103
0,6412899
1,493689
2,031124
0,6124678
1,556956
1,880563
0,3344581
1,677021
1,778448
-0,1288702
1,736778
1,671728
-0,5807242
1,736778
1,671728
-0,5807242
1,865461
1,380534
-1,058554
1,934211
1,367063
-0,9794748
1,969288
1,356785
-0,8807423
1,969288
1,356785
-0,8807423
1,992122
1,376912
-1,027552
2,031644
1,434249
-1,320849
2,031644
1,434249
-1,320849
2,017185
1,452359
-1,476
2,025851
1,433849
-1,309505
2,025851
1,433849
-1,309505
1,975365
1,371549
-1,03295
1,94552
1,348465
-0,9449694
1,959888
1,351468
-0,9333427
1,959888
1,351468
-0,9333427
1,925064
1,343945
-1,024847
1,827881
1,312362
-0,947876
1,827881
1,312362
-0,947876
1,700323
1,514169
-0,8967707
1,662826
1,785968
-1,066594
1,662826
1,785968
-1,066594
1,651882
1,996807
-1,12831
1,657982
1,925373
-1,136594
1,629815
1,989823
-1,285513
0,1552614
0,009116925
-0,01591845
0,1552614
-0,3832831
-0,01591845
0,1552614
-0,3832831
-0,01591845
0,1552614
-0,5794831
-0,01591845
0,1552614
-0,7756831
-0,01591845
0,1552614
-0,7756831
-0,01591845
0,1552614
-0,9718831
-0,01591845
0,2607453
-0,7950265
-0,1461677
0,2607453
-0,7950265
-0,1461677
0,268003
-0,9416513
-0,1966775
0,3515644
-0,7334384
-0,3943807
0,4077888
-0,2415538
-0,4794327
0,4077888
-0,2415538
-0,4794327
0,4077888
-0,4377539
-0,4794327
0,4077888
-0,6339539
-0,4794327
0,4077888
-0,6339539
-0,4794327
0,4046845
0,001117408
-0,4949236
0,3953694
0,07246624
-0,4717
0,3953694
0,07246624
-0,4717
0,3839406
-0,09896734
-0,4858844
0,3959382
-0,2652633
-0,5030627
0,2286964
0,2150592
-0,316238
0,2286964
0,2150592
-0,316238
0,1911733
0,1972789
-0,265493
0,1538505
0,1824225
-0,2157077
0,1538505
0,1824225
-0,2157077
0,1147141
0,1590287
-0,1671513
0,07675621
0,123169
-0,1203154
0,07675621
0,123169
-0,1203154
0,03799317
0,07395545
-0,07832832
0,007403625
0,02498055
-0,04026799
0,007403625
0,02498055
-0,04026799
-0,02942012
-0,04804363
-0,002363093
-0,06639013
-0,1101661
0,04326633
-0,1026441
-0,1601335
0,09164171
-0,1026441
-0,1601335
0,09164171
-0,1372578
-0,1974425
0,1402791
-0,1695829
-0,2173331
0,1881178
-0,1695829
-0,2173331
0,1881178
-0,1969236
-0,2206403
0,2322165
-0,2203737
-0,2133798
0,2717528
-0,2203737
-0,2133798
0,2717528
-0,2486739
-0,2019892
0,3123556
-0,2748757
-0,1722034
0,3473555
-0,2955474
-0,1291199
0,3728862
-0,2955474
-0,1291199
0,3728862
-0,2161137
0,1821752
0,206959
-0,2156311
0,1441179
0,1494296
-0,2156311
0,1441179
0,1494296
-0,2044999
0,1157601
0,08742854
-0,1938881
0,08261289
0,03232303
-0,1938881
0,08261289
0,03232303
-0,1832063
0,04571387
-0,0186809
-0,1722394
0,007913008
-0,06665372
-0,1722394
0,007913008
-0,06665372
-0,1549206
-0,02271608
-0,1184421
-0,1663616
-0,03772178
-0,156179
-0,1540843
-0,06060283
-0,1971749
-0,1540843
-0,06060283
-0,1971749
-0,1228712
-0,08846003
-0,2297335
-0,049716
0,00900194
-0,1929545
-0,049716
0,00900194
-0,1929545
-0,0354837
-0,04976739
-0,2077406
-0,02152918
-0,1774675
-0,2289531
-0,02152918
-0,1774675
-0,2289531
0,05804212
-0,1697642
-0,2263924
0,1091438
-0,005295455
-0,1381925
-0,01086266
0,004623889
0,008076988
-0,01086266
0,004623889
0,008076988
0,01523824
0,009405166
-0,06758985
0,03161829
0,09817438
-0,1025667
0,03161829
0,09817438
-0,1025667
0,03197701
0,5800865
-0,08313469
0,02113189
0,5423189
-0,04272174
0,02113189
0,5423189
-0,04272174
0,002046198
0,7674755
0,07351529
-0,03585994
0,6737003
0,232661
-0,03585994
0,6737003
0,232661
-0,146678
0,9484272
0,6749088
-0,08077317
0,9392656
0,3576479
0,3599977
0,4595498
0,1742608
0,3599977
0,4595498
0,1742608
0,132307
0,2000828
-0,03833514
0,03102165
-0,002880394
0,05253953
0,03102165
-0,002880394
0,05253953
0,0430153
0,03972495
0,002488256
0,02152887
0,09674871
-0,0700556
0,02152887
0,09674871
-0,0700556
0,005732715
0,04414761
-0,03719187
-0,0003595352
-0,01472092
0,01436603
0,008899212
-0,01649404
0,02363384
0,008899212
-0,01649404
0,02363384
0,01549923
-0,02948141
0,04172564
0,002079248
0,004914165
-0,003072619
0,002079248
0,004914165
-0,003072619
-0,004679501
-0,05967987
0,05202341
-0,001455188
-0,07174861
0,06294346
-0,001455188
-0,07174861
0,06294346
0,006982386
-0,1148149
0,1021451
0,01155877
0,008048892
0,00790596
0,01537496
0,01595616
-0,0008914471
0,01537496
0,01595616
-0,0008914471
0,01150811
-0,01849282
0,02413511
0,006007671
-0,03374922
0,03167105
0,006007671
-0,03374922
0,03167105
0,007157564
0,01366627
-0,006750822
0,0172888
0,0140146
8,583069E-06
0,0172888
0,0140146
8,583069E-06
0,02345121
0,01037765
0,007328987
0,01289171
-0,01203859
0,01922989
0,01289171
-0,01203859
0,01922989
0,02401704
-0,09421074
0,09248519
0,02197105
-0,05697346
0,05775356
0,01595163
-0,02145565
0,03706622
0,01595163
-0,02145565
0,03706622
0,08842665
-0,0912829
0,3853836
-0,3809721
0,4849066
0,639823
-0,3809721
0,4849066
0,639823
-0,08542454
0,2121875
1,296418
-0,2095911
0,02896965
-0,1526432
-0,2095911
0,02896965
-0,1526432
-0,1176699
0,2217982
0,3967843
-0,03719321
0,1702115
0,2574735
-0,02125755
0,1500915
0,1701859
-0,02125755
0,1500915
0,1701859
-0,09552968
0,3118483
0,1973915
-0,01265037
0,3004463
0,2163131
-0,01265037
0,3004463
0,2163131
-0,08992213
-0,05205359
-0,1278822
-0,05462638
0,05846384
-0,02973676
-0,05462638
0,05846384
-0,02973676
-0,01576209
0,09309876
0,01253808
-0,01328009
0,02165735
0,01828611
-0,01328009
0,02165735
0,01828611
0,002508044
0,001378417
0,02488756
0,002302825
-0,004492402
0,01976991
0,001931846
-0,03059942
0,02622354
0,001931846
-0,03059942
0,02622354
0,04340488
-0,06844652
0,0395273
0,01562697
0,00293541
0,03020954
0,01562697
0,00293541
0,03020954
0,0673371
0,05141377
0,01566553
0,02526373
0,070898
0,05427063
0,02526373
0,070898
0,05427063
0,1855325
0,0637337
0,168169
0,01672179
0,5324119
0,0576452
0,5933211
0,7096646
-0,1200811
0,5933211
0,7096646
-0,1200811
0,7533537
0,9629019
0,1839909
0,7456609
0,9883139
0,21228
0,7456609
0,9883139
0,21228
0,7910635
1,192647
0,2068421
0,8153435
1,453704
0,2318703
1,056802
1,904715
-0,837752
1,052462
1,908237
-0,7633462
0,3762894
1,868045
0,09711921
1,113561
2,069013
-0,8179155
0,06297427
1,937196
0,3070044
0,06297427
1,937196
0,3070044
0,4127297
2,395905
-0,1167338
0,4127297
2,395905
-0,1167338
1,463365
2,900329
-0,5789974
1,48713
3,268986
-0,9341809
1,821676
3,229639
-2,606603
0,5031698
3,158984
-0,5356348
0,4880031
3,150928
-0,5953173
0,4479184
3,112612
-0,7172991
1,763036
3,09237
-2,795473
0,6782886
1,780421
0,05480771
0,7616413
1,419897
-0,1415272
0,7616413
1,419897
-0,1415272
1,638658
1,760113
-2,490062
1,820463
0,969092
-2,968144
1,879479
0,9203364
-3,054168
1,849644
1,123374
-2,908336
1,783546
1,282952
-2,747729
1,747935
1,296132
-2,697107
1,747935
1,296132
-2,697107
0,2822753
-0,4020913
-0,07306901
0,2822753
-0,5982913
-0,07306901
0,1692613
-0,1303328
-0,1523958
0,1703856
-0,127693
-0,1854886
0,1703856
-0,127693
-0,1854886
0,193221
-0,1001653
-0,2697974
0,193221
-0,1001653
-0,2697974
0,1953199
-0,07827581
-0,3000537
0,1928508
-0,05356562
-0,3220861
0,1928508
-0,05356562
-0,3220861
0,1848513
-0,02588069
-0,3355023
0,1749487
0,003714353
-0,340383
-0,0193573
0,01377151
0,02855911
-0,0193573
0,01377151
0,02855911
-0,03992467
0,676986
0,01881109
-0,1668498
1,228774
0,3472423
-0,1668498
1,228774
0,3472423
-0,6097544
1,479578
1,685141
-0,2477785
1,239868
0,6131637
-0,4936165
2,190649
0,8955879
closestDistance
0,1054658
0,09981244
0,0980991
0,093596
0,09493674
0,09200787
0,09059443
0,08904944
0,08774601
0,08561501
0,08503354
0,08432034
0,08367676
0,08263151
0,08220874
0,08155669
0,08144073
0,08103411
0,0810013
0,0806578
0,08060217
0,08063931
0,08105535
0,08190534
0,08227222
0,08295799
0,08448249
0,08539771
0,08733381
0,08836561
0,08768766
0,08851843
0,0886896
0,08955483
0,09188891
0,09205769
0,0938387
0,09429777
0,09305745
0,09325799
0,1049335
0,1063433
0,1081646
0,109133
0,1097288
0,1100678
0,1105043
0,1108096
0,1116151
0,1066552
0,107649
0,1082986
0,1092743
0,1099489
0,1110007
0,1058234
0,1066123
0,1071068
0,1078386
0,1082948
0,1090405
0,1075857
0,1084843
0,0920136
0,09289575
0,09403455
0,09600458
0,09735399
0,09823609
0,0984297
0,1067892
0,09806351
0,09592872
0,09345514
0,09999029
0,08368848
0,09689915
0,07910755
0,09609962
0,09528691
0,101964
0,0884887
0,08895738
0,0881703
0,08756588
0,08745598
0,08878801
0,110081
0,107085
0,1086809
0,1121659
0,1145159
0,1112663
0,1146753
0,1062757
0,1110638
0,111781
0,09186071
0,087906
0,1153309
0,1110675
0,08572557
0,1392018
0,1012496
0,111084
0,1159961
0,07908542
0,1280206
0,1222735
0,1103263
0,1098118
0,1095484
0,1094453
0,1087307
0,1136083
0,1138802
0,1155135
0,137564
0,1257036
0,1377474
0,1187427
0,133561
0,1148503
0,1279466
0,127265
0,09327592
0,1010983
0,105911
0,1008285
0,1090825
0,1050676
0,1012782
0,1017573
0,1017573
0,1017572
0,1017573
0,1017573
0,1017573
0,1017573
0,1017573
0,1017572
0,1017573
0,1017573
0,1017573
0,1017573
0,1017573
0,1017572
0,1017573
0,1017572
0,1017572
0,1017572
0,1017572
0,1017572
0,1017572
0,1017572
0,1017572
0,1017572
0,1017572
0,1017572
0,1017572
0,1017572
0,1017572
0,1017572
0,1017572
0,1017572
0,1017572
0,1017572
0,1017572
0,1017572
0,1017573
0,1017572
0,1017572
0,1017572
0,1017572
0,1017572
0,1017572
0,1022771
0,1018606
0,1356619
0,1367671
0,138787
0,130483
0,1342073
0,1356891
0,1367743
0,1008124
0,1064722
0,1134822
0,1066952
0,1186998
0,1175944
0,09013173
0,09379901
0,1034217
0,104042
0,1044687
0,1052374
0,1076529
0,111549
0,1170008
0,1106068
0,1099582
0,1096743
0,1094168
0,1091946
0,109025
0,1092872
0,1095289
0,1097784
0,1099441
0,110177
0,1103124
0,1098664
0,1097794
0,1106451
0,1067395
0,1070319
0,1061669
0,1049683
0,1179365
0,1121254
0,1183059
0,1268352
0,1242757
0,07311825
0,07897563
0,09155016
0,09045769
0,1011652
0,1009038
0,09820811
0,09966326
0,09866314
0,09758199
0,0950704
0,09750204
0,09634291
0,09590537
0,1028982
0,1025261
0,1005979
0,09790177
0,09405314
0,09834576
0,09866951
0,09596968
0,08661362
0,07992442
0,08249635
0,06363151
0,0379378
0,1569754
0,1524069
0,08915426
0,08915426
0,08915424
0,08780188
0,08454242
0,08235327
0,1036103
0,1338972
0,1547555
0,08510971
0,09690072
0,1018355
0,09069704
0,1015268
0,09998124
0,09531356
0,09472212
0,09368008
0,09608618
0,09417932
0,09488919
0,09658624
0,09589605
0,08929935
0,08204425
0,07111361
0,07308284
0,09310834
0,09324513
0,09286978
0,09249228
0,09118966
0,0902322
0,08998358
0,08995808
0,09006567
0,09003184
0,08739936
0,1060109
0,1077408
0,1164631
0,09079831
0,08554976
0,09290087
0,102695
0,08149275
0,09787554
0,09630135
0,09578449
0,0957845
0,09578449
0,09578449
0,09578449
0,09578449
0,0957743
0,09576581
0,09576581
0,09576579
0,09576579
0,09576581
0,09576581
0,09576579
0,09576581
0,09576581
0,09576581
0,09576581
0,09576581
0,09576581
0,09576581
0,09576581
0,09576581
0,09576581
0,09576581
0,09576579
0,09576579
0,09576579
0,09576579
0,09576579
0,09576579
0,09576579
0,09576579
0,09576579
0,09576579
0,09576579
0,09576579
0,09576579
0,09576579
0,09576579
0,09576579
0,09576579
0,09576579
0,09576579
0,09576578
0,09576579
0,09576579
0,09562775
0,09470762
0,09489898
0,09552898
0,09627382
0,09711527
0,09805087
0,09906928
0,1000509
0,1011311
0,1022874
0,1033253
0,08469167
0,08585251
0,08686274
0,08967865
0,09421036
0,09995268
0,1078376
0,1035127
0,1010274
0,09832099
0,0973657
0,09731623
0,09748006
0,09766643
0,09784276
0,09796302
0,09802573
0,09804314
0,09801525
0,09790123
0,09774893
0,09756686
0,09730339
0,09699357
0,0966681
0,09629598
0,1043957
0,1059147
0,1074759
0,1089978
0,1105223
0,1120539
0,1128547
0,1056307
0,1053785
0,1048166
0,104213
0,1113202
0,1106832
0,1097877
0,108743
0,08517739
0,1088471
0,107862
0,106878
0,1058214
0,1047371
0,1036811
0,1025941
0,1015173
0,1005029
0,0994794
0,1022386
0,101237
0,1003307
0,1001448
0,1001031
0,1003643
0,08103199
0,0750596
0,07950667
0,0784455
0,07631887
0,07885385
0,0890424
0,09031741
0,09197098
0,09082831
0,08693593
0,08794045
0,09191201
0,09872313
0,09728551
0,09587537
0,09852835
0,09755451
0,1014333
0,08771058
0,09637068
0,09015423
0,08818133
0,09019843
0,07281967
0,04643634
0,1099222
0,09212023
0,08492295
0,1094437
0,1142052
0,1161724
0,09841103
0,1114991
0,1064034
0,1672343
0,1321964
0,1644932
0,108993
0,07146429
0,1010358
0,1013619
0,100903
0,1013354
0,1017032
0,1046421
0,1224802
0,1302506
0,09747733
0,0961424
0,1016862
0,09919
0,09882635
0,09776194
0,07167383
0,0536829
0,06234166
0,07491518
0,09094502
0,09847711
0,09716993
0,09996758
0,095309
0,09518376
0,09509123
0,09457224
0,0916554
0,09352463
0,1013838
0,09742154
0,1075606
0,1081572
0,1079518
0,1056016
0,07629237
0,09661187
0,09661187
0,09661187
0,09661187
0,09661187
0,09661191
0,09661187
0,09661187
0,09661183
0,09661187
0,09661187
0,09661187
0,09661187
0,09661187
0,09661187
0,09661187
0,09661187
0,09661183
0,09661187
0,09661187
0,09661187
0,09661187
0,09661187
0,09661187
0,09661187
0,09661187
0,09661187
0,09661184
0,09661187
0,09661187
0,0966118
0,09661188
0,09661184
0,09661184
0,09661184
0,09661188
0,0966118
0,09661184
0,09661184
0,09295881
0,09001549
0,08866754
0,09407335
0,1002571
0,1012116
0,105993
0,1031477
0,1101528
0,1082858
0,1038905
0,09273505
0,09320391
0,09690066
0,1038484
0,09471578
0,0987294
0,09772212
0,1002254
0,1046702
0,110709
0,09612989
0,09370085
0,1037657
0,103884
0,1363865
0,1359394
0,1355293
0,1352407
0,1350612
0,1349951
0,1352907
0,1357288
0,1276114
0,1281794
0,104632
0,1053979
0,09708642
0,09765356
0,09724925
0,0982838
0,09931517
0,1003926
0,1015443
0,1025077
0,1000007
0,09544928
0,08345526
0,09381627
0,1055239
0,1057259
0,07953429
0,07965549
0,08012355
0,09085897
0,1090993
0,1081693
0,1069649
0,1057435
0,1045138
0,1029311
0,101537
0,1002953
0,08715483
0,08887854
0,09918789
0,09917766
0,0987595
0,08914527
0,08876753
0,0872055
0,08097524
0,08265575
0,09701265
0,09753238
0,09574769
0,09144648
0,1141186
0,1141561
0,1102915
0,1050506
0,106042
0,1060592
0,1065416
0,1066271
0,106529
0,1062865
0,1061499
0,1061196
0,1061744
0,1062746
0,1064284
0,1065922
0,1066093
0,1067674
0,1069867
0,1072429
0,1075956
0,1078904
0,1080477
0,1081339
0,1082429
0,1083731
0,1085124
0,09592748
0,0959987
0,0960753
0,09616011
0,09622505
0,09625208
0,09618293
0,09611607
0,09227047
0,09237956
0,09443025
0,1145088
0,09576835
0,1029738
0,09557439
0,09547643
0,09502673
0,09476932
0,0945024
0,09367932
0,09234261
0,09089322
0,1086209
0,1090254
0,1086143
0,1089531
0,1094523
0,1099219
0,1103329
0,1104828
0,1105483
0,1105381
0,1105104
0,110341
0,1102148
0,1104317
0,1105947
0,1109252
0,10841
0,1087283
0,1104961
0,08642299
0,09475144
0,09475144
0,09475144
0,09475143
0,09475143
0,09475143
0,09475143
0,09475144
0,09475144
0,09475144
0,09475144
0,09475143
0,09475143
0,09475143
0,09475143
0,09475143
0,09475143
0,09475143
0,09475143
0,09475143
0,09475143
0,09475143
0,09475143
0,09475143
0,09475138
0,09475143
0,09475143
0,09475143
0,09475143
0,09475143
0,09475143
0,088638
0,08882129
0,08987725
0,08937009
0,0886044
0,08756329
0,08683694
0,09090257
0,08965956
0,08842807
0,08712616
0,08589055
0,08469748
0,08420748
0,07894398
0,0805238
0,06052241
0,1207535
0,1518127
0,1140409
timeStamps
4,222194
4,247674
4,263057
4,289909
4,306057
4,33163
4,347756
4,373204
4,389682
4,415077
4,431114
4,45712
4,473114
4,498696
4,51488
4,540554
4,556509
4,582113
4,598427
4,624181
4,640366
4,665717
4,68184
4,707874
4,723967
4,749863
4,777756
4,793835
4,819326
4,83591
4,860945
4,877567
4,90274
4,918928
4,944277
4,972398
4,988135
5,014575
5,042451
5,058713
5,083903
5,10013
5,125728
5,141513
5,167536
5,184013
5,208944
5,224816
5,251665
5,279025
5,306927
5,323195
5,348558
5,365053
5,390233
5,406162
5,432204
5,448157
5,474043
5,490291
5,515546
5,531579
5,55728
5,573283
5,598927
5,615292
5,640701
5,656837
5,682735
5,698956
5,724671
5,752784
5,780542
5,808608
5,824624
5,850316
5,877835
5,894314
5,919466
5,935602
5,96108
5,989589
6,017776
6,045719
6,073296
6,101191
6,128931
6,156723
6,184939
6,212734
6,240815
6,268466
6,296086
6,323923
6,352363
6,37981
6,407624
6,43528
6,463336
6,491131
6,519332
6,546756
6,575045
6,602796
6,630318
6,658184
6,686033
6,714084
6,741893
6,76964
6,797463
6,825364
6,853487
6,881135
6,908857
6,936697
6,964577
6,992432
7,02075
7,048218
7,064364
7,089513
7,104636
7,131145
7,145889
7,161514
7,186523
7,200903
7,215941
7,229369
7,242721
7,256444
7,270549
7,284314
7,298279
7,312107
7,326157
7,340186
7,354197
7,368188
7,382084
7,395932
7,41001
7,423969
7,438254
7,45194
7,465643
7,479633
7,493514
7,507399
7,521484
7,535351
7,549593
7,563446
7,576994
7,590991
7,605078
7,618846
7,632733
7,646685
7,660845
7,674543
7,688485
7,702551
7,716368
7,730219
7,744506
7,758181
7,772162
7,786183
7,799647
7,813644
7,828037
7,841444
7,855357
7,869276
7,897738
7,911036
7,92492
7,93897
7,95286
7,966942
7,980816
7,994778
8,008588
8,022556
8,036469
8,050484
8,064418
8,078248
8,09227
8,106462
8,120065
8,134195
8,148056
8,162043
8,175809
8,1895
8,203707
8,217474
8,231637
8,245297
8,259212
8,273422
8,287317
8,300953
8,314764
8,328737
8,342816
8,356844
8,370624
8,384736
8,39866
8,412358
8,426288
8,440391
8,454026
8,467942
8,482388
8,496109
8,509743
8,523928
8,537747
8,551653
8,56556
8,579544
8,593335
8,607453
8,621274
8,635257
8,649237
8,662959
8,676838
8,69103
8,705041
8,718686
8,733151
8,746908
8,760633
8,774976
8,788253
8,802137
8,816746
8,830299
8,844685
8,871502
8,886442
8,913358
8,928643
8,955472
8,982932
9,010878
9,038848
9,06711
9,094601
9,122632
9,150357
9,178314
9,206046
9,234169
9,261781
9,290086
9,317256
9,345198
9,373145
9,401156
9,428726
9,4568
9,484395
9,512738
9,540414
9,56792
9,595841
9,62387
9,638702
9,653039
9,679035
9,693189
9,707082
9,721314
9,735189
9,74901
9,76298
9,777041
9,790895
9,804653
9,818411
9,832356
9,84663
9,860203
9,874483
9,888288
9,901863
9,916033
9,930063
9,943874
9,95763
9,971883
9,985474
9,999556
10,01351
10,02745
10,04138
10,0552
10,06916
10,0833
10,09697
10,11089
10,12516
10,13875
10,15307
10,16656
10,18077
10,19447
10,20843
10,22239
10,2362
10,25031
10,26441
10,27797
10,29206
10,30607
10,31985
10,33372
10,34777
10,36168
10,37556
10,38991
10,40339
10,4173
10,43113
10,44504
10,45908
10,47305
10,48689
10,5008
10,5148
10,52884
10,54289
10,55658
10,57031
10,58439
10,59824
10,61237
10,62614
10,64006
10,65407
10,66799
10,68198
10,69612
10,71004
10,72335
10,73738
10,7516
10,76566
10,77931
10,79304
10,80707
10,82095
10,83488
10,84911
10,86272
10,8768
10,8905
10,90457
10,91858
10,93235
10,94624
10,96019
10,97416
10,98809
11,00199
11,01593
11,02987
11,04397
11,05799
11,07198
11,08542
11,09971
11,11354
11,12721
11,14129
11,15526
11,16903
11,18312
11,19699
11,21088
11,22479
11,23863
11,25262
11,26646
11,28034
11,2945
11,30825
11,32267
11,33621
11,35
11,36404
11,3782
11,39164
11,40606
11,41953
11,43379
11,44771
11,46128
11,47533
11,4895
11,50322
11,51722
11,53131
11,54486
11,55888
11,57282
11,58691
11,60074
11,61458
11,62845
11,64263
11,65635
11,67045
11,6844
11,69811
11,7119
11,72603
11,74017
11,75364
11,76766
11,78162
11,79579
11,80942
11,82372
11,83862
11,85195
11,86672
11,88079
11,90672
11,92223
11,94809
11,96404
11,98979
12,01794
12,04605
12,07396
12,1017
12,1298
12,15748
12,18558
12,21357
12,24126
12,26888
12,29683
12,32481
12,35233
12,38025
12,3964
12,42182
12,43568
12,4496
12,46392
12,47772
12,49146
12,50571
12,5194
12,53336
12,54763
12,56111
12,57509
12,58912
12,60308
12,61705
12,63125
12,64502
12,65865
12,67296
12,68672
12,70041
12,71467
12,72846
12,74232
12,75617
12,77024
12,78396
12,79797
12,81201
12,82579
12,8397
12,85395
12,86764
12,8815
12,89574
12,90932
12,92327
12,93722
12,95114
12,96527
12,97992
12,9931
13,00689
13,0216
13,03566
13,04915
13,0639
13,07761
13,09137
13,11729
13,13143
13,14608
13,15964
13,17322
13,18749
13,20123
13,21554
13,22964
13,2432
13,25735
13,2717
13,2851
13,29919
13,31295
13,3268
13,34149
13,35572
13,3694
13,38403
13,39772
13,41192
13,42577
13,43913
13,45262
13,46711
13,48081
13,49504
13,52072
13,53531
13,54927
13,56271
13,57688
13,59093
13,60493
13,61886
13,63292
13,64701
13,66089
13,67481
13,6889
13,70278
13,71677
13,73065
13,74447
13,75849
13,77275
13,78647
13,80039
13,8147
13,82812
13,84215
13,85596
13,86999
13,88382
13,89773
13,91166
13,92554
13,93973
13,95352
13,96741
13,98156
13,99518
14,00912
14,02296
14,03732
14,05099
14,06475
14,07892
14,09283
14,10661
14,12051
14,13433
14,14839
14,1626
14,17617
14,19001
14,20425
14,21803
14,23178
14,24623
14,25978
14,27381
14,2878
14,30136
14,31546
14,32964
14,34344
14,35781
14,37117
14,38492
14,39888
14,41298
14,42687
14,44051
14,45454
14,46852
14,48246
14,49658
14,51028
14,52424
14,53821
14,55231
14,56614
14,57991
14,59406
14,60782
14,62179
14,6356
14,64963
14,66349
14,67784
14,69145
14,70557
14,71899
14,73324
14,74737
14,76084
14,77514
14,78864
14,80265
14,81668
14,83055
14,84438
14,85863
14,87232
14,88619
14,90035
14,91408
14,92806
14,94228
14,95584
14,96976
14,98404
14,99765
15,01144
15,0258
15,03962
15,05329
15,06726
15,08106
15,09508
15,10898
15,12286
15,13677
15,15074
15,16468
15,17859
15,19251
15,20657
15,22068
15,23439
15,24831
15,26219
15,27611
15,29021
15,30426
15,31778
15,33195
15,34552
15,35985
15,37357
15,38777
15,402
15,41547
15,42918
15,4434
15,45675
15,47066
15,48497
15,49852
15,51285
15,5273
15,54102
15,55497
15,56889
15,58334
15,5974
15,61173
15,63721
15,65273
15,66722
15,6931
15,708
15,72214
15,73688
15,76237
15,77723
15,79176
15,80647
15,83229
15,84769
15,87419
15,89013
15,9156
15,93052
15,94501
15,95932
15,98552
16,01314
16,02823
16,04298
16,0686
16,08405
16,09861
16,12471
16,14075
16,1662
16,18125
16,1961
16,22189
16,23705
16,25097
16,2651
16,27892
16,29245
16,30609
16,32022
16,33452
16,3476
16,3618
16,37589
16,39028
16,41632
16,43206
