participantNumber
16
repetitionNum
1
sdfEnabled
0
taskTime
18,58755
numHits
25
positionDifference
0,06354824
angleDifference
123,132
finalPosX
-0,03435763
finalPosY
0,0390202
finalPosZ
0,9064801
finalRotX
6,829225
finalRotY
307,6865
finalRotZ
112,4716
taskType
easyWire
velocityMagnitude
0,3807288
0,3807288
1,565881
0,682859
0,682859
1,386016
0,311769
0,203337
0,203337
0,5008581
0,3078874
0,3078874
0,5386685
0,476949
0,476949
0,5432607
0,09527495
0,09527495
0,6867018
0,4032198
0,4034951
0,4034951
0,6011526
0,2030785
0,2030785
0,1072408
0,263689
0,263689
0,5935966
0,1601891
0,2703078
0,2703078
0,467283
0,1199342
0,1199342
0,3438743
0,2627295
0,2627295
0,5540128
0,0508924
0,1689785
0,1689785
0,1747972
0,1161523
0,1161523
0,1657347
0,3623936
0,3623936
0,1143498
0,1195892
0,1195892
0,3831354
0,1863896
0,14619
0,14619
0,4163977
0,08030422
0,08030422
0,6861504
0,3242799
0,3242799
0,3901889
0,1009659
0,2171286
0,2171286
0,3473647
0,3120987
0,3120987
0,6132206
0,08244591
0,08244591
0,2545696
0,3652541
0,3652541
0,4799946
0,3099423
0,1465209
0,1465209
0,2203857
0,1068632
0,1068632
0,5491226
0,447998
0,447998
0,2471071
0,2054323
0,07735096
0,07735096
0,1179313
0,1138793
0,1138793
0,6494671
0,3440994
0,3440994
0,3648422
0,2165233
0,1623482
0,1623482
0,1210422
0,3277218
0,3277218
0,8035932
0,2454369
0,2454369
0,4666316
0,2374712
0,2374712
0,306809
0,3951619
0,2660859
0,2660859
0,6212211
0,3973304
0,3973304
0,4702757
0,3841078
0,3841078
0,8606532
0,3847765
0,2513999
0,2513999
0,4679346
0,2605014
0,2605014
0,6369964
0,2910331
0,2910331
0,4595014
0,1878629
0,1878629
0,7846591
0,367166
0,2651339
0,2651339
0,4834352
0,3761547
0,3761547
0,4446677
0,105565
0,105565
0,3656228
0,4235407
0,3082188
0,3082188
0,6573365
0,3997465
0,3997465
0,7182953
0,3813895
0,3813895
0,5797902
0,1676467
0,1676467
0,7083554
0,4277315
0,2469717
0,2469717
0,1619747
0,3826187
0,3826187
0,8432326
0,4801955
0,4801955
0,8488423
0,1052795
0,2618783
0,2618783
0,3861479
0,2780521
0,2780521
0,4050429
0,03074733
0,03074733
0,1437961
0,4337377
0,4337377
0,1186219
0,140526
0,08672614
0,08672614
0,4403614
0,08897221
0,08897221
0,2321375
0,01613159
0,01613159
0,2715866
0,2105086
0,1218102
0,1218102
0,05544189
0,139286
0,139286
0,3768462
0,1470425
0,1470425
0,3571434
0,1588554
0,09789213
0,09789213
0,2666553
0,3009666
0,3009666
0,2712356
0,1389524
0,1389524
0,4046032
0,4166245
0,4166245
0,1932372
0,1523414
0,1148835
0,1148835
0,510377
0,1845082
0,1845082
0,06150096
0,1357255
0,1357255
0,3463427
0,206844
0,2877852
0,2877852
0,2472476
0,1291544
0,1291544
0,2728016
0,08393203
0,08393203
0,1041093
0,1321794
0,1321794
0,3333369
0,1776
0,3212876
0,3212876
0,6372476
0,2533981
0,2533981
0,3820662
0,318612
0,318612
0,2067199
0,2312211
0,2371173
0,2371173
0,1061144
0,04944982
0,04944982
0,1373391
0,1014664
0,1014664
0,1381827
0,04823731
0,03408667
0,03408667
0,1173463
0,01419266
0,01419266
0,07062443
0,03323062
0,03323062
0,06678186
0,135975
0,135975
0,1230843
0,02752283
0,1216466
0,1216466
0,1352179
0,1337843
0,1337843
0,03445932
0,09105504
0,09105504
0,03470457
0,05947718
0,387699
0,387699
2,411684
0,1306628
0,1306628
0,5441244
0,4048041
0,4048041
1,737235
0,4379267
0,4379267
1,75367
0,5388283
0,1876512
0,1876512
0,5689876
0,5287706
0,5287706
1,320733
0,2574399
0,2574399
0,2423737
0,0811134
0,2063549
0,2063549
0,6952882
0,5556048
0,5556048
0,5894642
0,2158857
0,2158857
0,6329042
0,6319985
0,6319985
0,5890571
0,311297
0,06295153
0,06295153
0,40884
0,05801771
0,05801771
0,04210371
0,05584908
0,05584908
0,2543876
0,5484409
0,2998293
0,2998293
0,4292437
0,3041593
0,3041593
0,5127416
0,1203168
0,1203168
0,5409446
0,194634
0,06807331
0,06807331
0,6564399
0,2096137
0,2096137
0,07964164
0,09050433
0,09050433
0,2719774
0,1860784
0,1860784
0,6685383
0,1943797
0,3650274
0,3650274
0,730898
0,2817561
0,2817561
0,5492267
0,2831216
0,2831216
0,5987774
0,1761838
0,3153536
0,3153536
0,4097655
0,2299205
0,2299205
0,1114458
0,1081637
0,1081637
1,243027
0,6162255
0,6162255
0,3013669
0,2650273
0,3989986
0,3989986
0,9857244
0,1381096
0,1381096
0,08649151
0,04977713
0,04977713
0,5880505
0,1008719
0,1117538
0,1117538
0,0687999
0,05391157
0,05391157
0,03821461
0,04265929
0,04265929
0,2515713
0,0514145
0,0514145
0,224816
0,288908
0,01429238
0,01429238
0,812602
0,09648477
0,09648477
0,1182032
0,05802146
0,05802146
0,2512343
0,07601543
0,1339514
0,1339514
0,1186694
0,1510876
0,1510876
0,5724763
0,5818723
0,5818723
1,0789
0,3765418
0,3363865
0,3363865
0,3012082
0,2635372
0,2635372
0,9548442
0,1767014
0,1767014
0,398705
0,2277904
0,2277904
0,6741263
0,3627303
0,6308275
0,6308275
0,3990208
0,04105488
0,04105488
0,8859793
0,8291572
0,8291572
0,974658
0,4699826
0,267585
0,267585
1,125277
0,3230236
0,3230236
1,062505
0,06550056
0,06550056
1,303325
0,4051381
0,4051381
0,6046564
0,3700303
0,3672571
0,3672571
0,8734547
0,3876965
0,3876965
0,9921451
0,4390562
0,4390562
0,341235
1,243193
0,3884911
0,3884911
0,1948554
0,4976215
0,4976215
1,012811
0,4443415
0,4443415
0,3834708
0,4415782
0,4415782
0,7058764
0,4811173
0,3191059
0,3191059
0,8152384
0,1413958
0,1413958
0,757319
0,2527592
0,2527592
0,2383175
0,1684286
0,2606683
0,2606683
0,5845808
0,2122882
0,2122882
0,8179126
0,2869401
0,2869401
0,2204848
0,09832883
0,09832883
1,240533
0,4320339
0,435769
0,435769
1,156873
0,2434599
0,2434599
1,01178
0,2575266
0,2575266
0,7332946
0,2790949
0,3762801
0,3762801
0,2430797
0,1490063
0,1490063
0,5474015
0,2590697
0,2590697
0,1834988
0,1069441
0,06275436
0,06275436
0,06741701
0,3378164
0,3378164
0,8824883
0,2214412
0,2214412
0,1511623
0,3643183
0,3643183
0,6273053
0,1400833
0,3245336
0,3245336
0,2869911
0,1869981
0,1869981
0,8323958
0,2538779
0,2538779
0,3190326
0,1852273
0,2226024
0,2226024
0,5556725
0,2427112
0,2427112
0,1319556
0,1049997
0,1049997
0,1186963
0,1037693
0,1037693
0,4206242
0,09389403
0,125546
0,125546
0,05394506
0,1726173
0,1726173
0,1720962
0,2722586
0,2722586
0,5990925
0,1420251
0,1725115
0,1725115
0,1769617
0,1739263
0,1739263
0,7561522
0,1373574
0,1373574
0,1077874
0,05185352
0,05185352
0,5572667
0,03054072
0,04264359
0,04264359
0,5149177
0,1729568
0,1729568
0,2318693
0,3116024
0,3116024
0,06751923
0,06722914
0,2696681
0,2696681
0,3738563
0,01456952
0,01456952
0,4899508
0,02583681
0,02583681
0,4224672
0,308878
0,308878
0,1081249
0,2791902
0,3177605
0,3177605
0,380853
0,1062344
0,1062344
0,3215668
0,178864
0,178864
0,4540127
0,1511929
0,03358094
0,03358094
0,3658908
0,2295097
0,2295097
0,2000016
0,3260858
0,3260858
0,2765313
0,0744358
0,1756233
0,1756233
0,3184937
0,1606204
0,1606204
0,3741605
0,1631789
0,1631789
0,2698862
0,1388811
0,1388811
0,2047559
0,2391322
0,3164113
0,3164113
0,2140305
0,2681497
0,2681497
0,6306623
0,2912367
0,2912367
0,4318349
0,01470888
0,1348572
0,1348572
0,264245
0,03379332
0,03379332
0,5593322
0,3696301
0,3696301
0,8018371
0,07497896
0,07497896
0,2974649
0,5719197
0,4235369
0,4235369
0,513554
0,0913128
0,0913128
0,3507554
0,8369972
0,8369972
0,8723931
1,051413
1,403136
1,403136
1,530855
1,518216
1,518216
1,668811
2,08376
2,08376
2,313145
2,258396
2,258396
2,74041
2,864714
3,262213
3,262213
4,056437
4,351894
4,351894
4,742582
5,132429
5,132429
5,735413
4,602571
4,309888
4,309888
2,234263
1,60453
1,60453
1,483869
1,574838
1,574838
1,984443
2,079327
2,187338
2,187338
2,842653
3,27196
3,27196
3,095266
3,015749
3,015749
3,417447
3,563133
3,563133
4,364974
4,596399
4,617153
4,617153
4,695351
5,001534
5,001534
5,867326
5,917908
5,917908
5,536378
5,700238
5,990525
5,990525
6,328015
6,120447
6,120447
6,010294
6,261667
6,261667
6,763501
6,832086
6,832086
6,62643
6,538435
6,589252
6,589252
7,213664
7,639318
7,639318
8,251444
8,423469
8,423469
8,949343
9,252979
9,560223
9,560223
9,703712
9,863013
9,863013
10,49649
10,85112
10,85112
11,28274
11,65338
11,65338
10,15392
10,19781
10,25707
10,25707
10,78176
11,27741
11,27741
11,50548
10,7709
10,7709
8,733124
0,1183729
0,3044386
0,3044386
0,4983397
0,6252844
0,6252844
0,8212472
1,017301
1,017301
0,4878402
0,5888003
0,3966418
0,3966418
0,3562119
0,324461
0,324461
0,3290583
0,3289569
0,3289569
0,3951612
0,2819255
0,2819255
0,2836785
0,2997217
0,2367044
0,2367044
0,2063676
0,1780932
0,1780932
0,1565743
0,1441564
0,1441564
0,1448597
0,1577908
0,1793149
0,1793149
0,2054428
0,2327784
0,2327784
0,2583736
0,2815738
0,2815738
0,300125
0,3136818
0,3136818
0,3216339
0,3236576
0,3196664
0,3196664
0,2184421
0,1592414
0,1592414
0,1050651
0,0601185
0,0601185
0,07172825
0,1227247
0,1138435
0,1138435
0,1167537
0,1239473
0,1239473
0,1273957
0,1342048
0,1342048
0,1407887
0,1489101
0,1489101
0,1546466
0,1603254
0,1647231
0,1647231
0,1679612
0,1694437
0,1694437
0,1694206
0,167251
0,167251
0,1635129
0,1575084
0,1494302
0,1494302
0,1391029
0,1284458
0,1284458
0,1163832
0,1047123
0,1047123
0,09395535
0,07758009
0,07758009
0,04581487
0,04267622
0,06241675
0,06241675
0,08179925
0,0998445
0,0998445
0,116347
0,1310892
0,1310892
0,1438928
0,1533677
0,1607964
0,1607964
0,1677589
0,1697352
0,1697352
0,03981422
0,1902804
0,1902804
0,0127391
0,1368875
0,1368875
0,3989729
0,2356169
0,07019815
0,07019815
0,3276565
0,1029509
0,1029509
0,1897638
0,07782122
0,07782122
0,5171854
0,3928109
0,310832
0,310832
0,3613884
0,1210107
0,1210107
0,7595649
0,319025
0,319025
0,6020284
0,1050529
0,1365566
0,1365566
0,2459419
0,04444093
0,04444093
0,01428447
0,1593535
0,1593535
0,1956482
0,08440927
0,08440927
0,2415522
0,02619238
0,1776175
0,1776175
0,3775147
0,04387836
0,04387836
0,2069687
0,1070304
0,1070304
0,3527605
0,2952353
0,1234787
0,1234787
0,6611913
0,3371382
0,3371382
0,4321281
0,1703001
0,1703001
0,1362862
0,4481527
0,4481527
0,1425534
0,03292208
0,2231748
0,2231748
0,3437482
0,161773
0,161773
0,6038249
0,3457471
0,3457471
0,4261362
0,2791917
0,2577944
0,2577944
0,2418506
0,0453067
0,0453067
0,4142077
0,2819257
0,2819257
0,3976875
0,1985147
0,1985147
0,3905029
0,5321972
0,3497717
0,3497717
0,4533564
0,2681881
0,2681881
0,6637166
0,2913532
0,2913532
0,510084
0,2378004
0,2985125
0,2985125
0,7200847
0,2774912
0,2774912
0,6717975
0,3877721
0,3877721
0,518927
0,2925242
0,2925242
0,3618816
0,3503211
0,4726736
0,4726736
0,794597
0,3114552
0,3114552
0,6816009
0,3598842
0,3598842
0,9400899
0,5771217
0,258563
0,258563
0,4435417
0,2334994
0,2334994
0,5991545
0,5024207
0,5024207
0,7676874
0,5464548
0,4389744
0,4389744
0,3665799
0,2112005
0,2112005
1,087571
0,715304
0,715304
0,3734276
0,154197
0,154197
0,2194292
0,4294998
0,2784469
0,2784469
0,5491439
0,3182194
0,3182194
0,2687989
0,3206908
0,3206908
0,9914314
0,6677263
1,29915
1,29915
0,939945
0,6468404
0,6468404
0,2866011
1,717656
1,717656
1,523672
0,6738385
0,6738385
0,2489212
0,1367602
0,09748639
0,09748639
0,2263488
0,05911307
0,05911307
0,2429553
0,04846901
0,04846901
0,2110803
0,1780339
0,5491226
0,5491226
0,558951
0,7909861
0,7909861
0,8336112
1,589028
1,589028
11,5541
12,32003
12,32003
11,9039
11,97075
12,50385
12,50385
12,63147
12,36931
12,36931
12,08644
9,871021
9,871021
12,44245
13,04376
13,55778
13,55778
14,97267
16,29226
16,29226
19,62786
20,64965
20,64965
20,46615
21,00941
21,46078
21,46078
22,62855
22,47041
22,47041
21,99006
20,79726
20,79726
19,51415
19,12998
19,12998
16,85601
16,52339
16,52541
16,52541
15,58054
15,40906
15,40906
14,60857
14,70401
14,70401
16,13247
16,16586
16,06728
16,06728
0,1421191
0,3107819
0,3107819
0,4999618
0,6930563
0,6930563
0,1082058
0,2230385
0,2230385
0,3695976
0,550938
0,7398999
0,7398999
0,9318583
1,125281
1,125281
1,310781
1,505269
1,505269
0,6226696
0,7030571
0,8233165
0,8233165
0,9687102
0,7634482
0,7634482
0,6460825
0,7596275
0,7596275
0,3560329
0,3479605
0,3479605
0,331018
0,3040265
0,2715429
0,2715429
0,2345
0,1938814
0,1938814
0,151186
0,1073944
0,1073944
0,06764197
0,04678001
0,06547379
0,06547379
0,1042343
0,1460326
0,1460326
0,186696
0,2238485
0,2238485
0,2575018
0,2858829
0,3083071
0,3083071
0,2056534
0,1437498
0,1437498
0,09652849
0,07696761
0,07696761
0,1032756
0,1201999
0,1201999
0,1165948
0,1118357
0,109128
0,109128
0,1046442
0,09778844
0,09778844
0,08935036
0,07743919
0,07743919
0,06526514
0,05116921
0,03686505
0,03686505
0,02006341
0,003132397
0,003132397
0,01366177
0,0299998
0,0299998
0,04548546
0,06014926
0,06014926
0,07297216
0,07881586
0,3386126
0,3386126
0,1768827
0,1518794
0,1518794
0,5198316
0,3704272
0,3704272
0,1714899
0,4143341
0,2581885
0,2581885
0,3130652
0,07084168
0,07084168
0,5102944
0,2200175
0,2200175
0,6250247
0,353805
0,353805
0,7446089
0,3159013
0,2263728
0,2263728
0,5564846
0,1743861
0,1743861
0,5835501
0,1785008
0,1785008
0,6102663
0,5004178
0,2592078
0,2592078
0,4320535
0,489643
0,489643
0,7615306
0,3328435
0,3328435
1,32518
0,517853
0,517853
0,8687795
0,124722
0,1533957
0,1533957
0,1732513
0,09768403
0,09768403
0,1323516
0,173262
0,173262
0,2480943
0,3117099
0,6153325
0,6153325
1,047474
0,1529134
0,1529134
0,3195935
12,52929
12,52929
10,90498
11,78475
11,78475
14,26307
13,73352
14,09556
14,09556
14,52512
12,49596
12,49596
7,385861
6,239192
6,239192
7,581447
6,943038
5,86895
5,86895
3,313515
4,606881
4,606881
0,2378569
0,2133536
0,2133536
0,2104021
0,2362317
0,2596401
0,2596401
0,2885824
0,2850834
0,2850834
0,28323
0,2758993
0,2758993
0,2611167
0,2368893
0,2368893
0,218691
0,1990207
0,1813011
0,1813011
0,1643568
0,131989
0,131989
0,09992888
0,07027622
0,07027622
0,06776132
0,1085031
0,149576
0,149576
0,1845423
0,209264
0,209264
0,2443766
0,2585284
0,2585284
0,06972023
0,4251285
0,4251285
0,7948712
0,3244736
0,3565557
0,3565557
1,061421
0,2960423
0,2960423
0,7823734
0,2721866
0,2721866
0,8568435
0,55575
0,4820597
0,4820597
1,675656
1,426972
1,426972
velocityComponents
0,01553036
0,2874516
0,2491683
0,01553036
0,2874516
0,2491683
-0,3759358
1,416767
-0,5508423
-0,06672274
0,6786786
0,03521144
-0,06672274
0,6786786
0,03521144
-0,2068818
1,353865
-0,2128124
-0,08539101
0,2992064
-0,01959205
-0,107458
-0,1642622
-0,05307198
-0,107458
-0,1642622
-0,05307198
-0,2846764
0,1859486
-0,3677517
-0,1726321
-0,1479782
-0,207594
-0,1726321
-0,1479782
-0,207594
-0,3290414
0,2349094
-0,3559679
-0,06655283
0,4720852
0,01366138
-0,06655283
0,4720852
0,01366138
0,06824711
-0,08540377
0,5321473
-0,0925174
0,0122685
-0,01916587
-0,0925174
0,0122685
-0,01916587
-0,05112886
0,6433945
0,2344966
0,01846147
0,3679972
0,1637787
-0,09459616
0,3770441
-0,1081556
-0,09459616
0,3770441
-0,1081556
0,1039025
0,4132301
0,4240632
0,05198745
-0,01559593
0,195691
0,05198745
-0,01559593
0,195691
-0,09509449
-0,0206992
-0,04504621
-0,02248571
-0,2579149
0,05006194
-0,02248571
-0,2579149
0,05006194
-0,2658747
0,2608296
-0,4622072
-0,004458427
0,1365576
0,08362234
0,06080016
-0,103531
0,2421796
0,06080016
-0,103531
0,2421796
0,08845316
-0,07418096
0,4527986
-0,01999452
0,1149677
0,02769232
-0,01999452
0,1149677
0,02769232
-0,2212879
0,09303242
-0,2462238
-0,1017553
0,2390467
-0,03910661
-0,1017553
0,2390467
-0,03910661
0,1338094
-0,1960874
0,5005747
-0,01615867
-0,04810803
0,003814697
-0,08588433
0,09480957
-0,1104027
-0,08588433
0,09480957
-0,1104027
-0,01052632
-0,09066984
0,1490712
-0,008985144
-0,07741768
0,08612275
-0,008985144
-0,07741768
0,08612275
-0,03257489
0,1436761
0,07592142
-0,006695488
0,3201187
0,1697302
-0,006695488
0,3201187
0,1697302
-0,002391264
-0,07128734
0,08937716
-0,01671671
-0,11413
0,03156662
-0,01671671
-0,11413
0,03156662
-0,07260121
-0,3257863
0,1881093
-0,01555579
-0,1466163
0,1140296
0,005462323
0,04890226
0,1376599
0,005462323
0,04890226
0,1376599
-0,01001484
0,3971985
0,1245797
-0,0345665
0,05905833
0,04202425
-0,0345665
0,05905833
0,04202425
0,09299926
-0,2630824
0,6268501
0,07823869
-0,04474577
0,3115028
0,07823869
-0,04474577
0,3115028
-0,005748589
0,3360977
0,1981229
-0,0176606
0,09059198
0,04093051
0,01444821
0,06564837
0,2064615
0,01444821
0,06564837
0,2064615
-0,1151327
0,3152587
-0,08954704
0,005359575
0,2634561
0,1672357
0,005359575
0,2634561
0,1672357
0,1333123
-0,2017062
0,563544
-0,02704572
0,07564034
0,01855791
-0,02704572
0,07564034
0,01855791
-0,07943113
0,2137112
-0,1132429
-0,07810017
0,3565023
-0,01473129
-0,07810017
0,3565023
-0,01473129
-0,002195686
0,441842
0,1875252
0,0466248
-0,2799297
0,1246184
-0,02502808
-0,1430558
0,01941621
-0,02502808
-0,1430558
0,01941621
-0,1228574
-0,1794113
0,035882
-0,05200505
0,02857838
0,08887351
-0,05200505
0,02857838
0,08887351
-0,09539323
0,5338848
0,0860393
-0,07637265
0,4397749
-0,03830791
-0,07637265
0,4397749
-0,03830791
-0,05566068
0,2138602
0,1105785
-0,01396108
-0,1872275
-0,0833869
-0,04637279
-0,03443193
-0,05145073
-0,04637279
-0,03443193
-0,05145073
-0,08776933
0,07455978
-0,02540052
-0,01775716
0,0940294
0,06173849
-0,01775716
0,0940294
0,06173849
-0,07997062
0,6350928
0,1098603
0,06237552
0,1776679
0,2880067
0,06237552
0,1776679
0,2880067
0,07837582
0,07941944
0,347361
0,03077462
-0,1932049
0,09277463
-0,01523029
-0,1604986
0,01910925
-0,01523029
-0,1604986
0,01910925
-0,04837979
0,1100594
0,01405478
0,02314765
0,1940764
0,2630591
0,02314765
0,1940764
0,2630591
0,1243478
0,4174903
0,6752789
0,06028479
-0,00899313
0,237748
0,06028479
-0,00899313
0,237748
0,004871748
0,4121341
0,2187848
0,01805564
0,2000595
0,1266599
0,01805564
0,2000595
0,1266599
-0,03273487
0,3050017
0,005841255
0,1052365
0,05602147
0,376749
0,08135373
-0,1050089
0,2305567
0,08135373
-0,1050089
0,2305567
0,120684
0,3556205
0,4948586
0,1205823
-0,02341364
0,3778666
0,1205823
-0,02341364
0,3778666
0,06891275
0,3049694
0,3512889
-0,006373343
0,3729793
0,09156764
-0,006373343
0,3729793
0,09156764
0,235551
-0,1122359
0,820148
0,1059045
-0,1508586
0,3377557
0,05961084
0,00911504
0,2440602
0,05961084
0,00911504
0,2440602
0,06830478
0,2571994
0,384897
0,05982812
0,07447731
0,2423525
0,05982812
0,07447731
0,2423525
0,1495765
0,1711471
0,595063
0,07479493
0,07020701
0,2723545
0,07479493
0,07020701
0,2723545
0,072485
0,2796896
0,3572971
0,03284551
0,1049008
0,1523465
0,03284551
0,1049008
0,1523465
0,1929384
0,04426166
0,7592797
0,0906772
0,07481575
0,3478378
0,02044989
0,2162572
0,1520216
0,02044989
0,2162572
0,1520216
0,0702966
0,2561059
0,4039526
0,02829973
0,304107
0,2195686
0,02829973
0,304107
0,2195686
0,09682197
0,06192029
0,4295588
-0,02298625
0,08967109
-0,05074143
-0,02298625
0,08967109
-0,05074143
-0,006383937
0,3312357
0,1546681
0,09470461
0,05660504
0,4089177
0,07344168
0,005860254
0,2992839
0,07344168
0,005860254
0,2992839
-0,08998374
0,6469064
-0,0742048
-0,006608665
0,3684554
0,1549006
-0,006608665
0,3684554
0,1549006
0,07646643
0,4291047
0,570938
-0,06723478
0,3618293
-0,1000851
-0,06723478
0,3618293
-0,1000851
-0,1057334
0,5634643
-0,08651614
-0,04503578
0,143294
-0,07445812
-0,04503578
0,143294
-0,07445812
-0,1194923
0,6962344
-0,05240738
0,02674102
0,2980806
0,305593
0,04312824
0,04946068
0,2380937
0,04312824
0,04946068
0,2380937
-0,04418371
-0,04976094
-0,1476735
-0,1060437
0,2790287
-0,2393633
-0,1060437
0,2790287
-0,2393633
-0,09792084
0,8189887
0,1752436
0,1082169
-0,03898516
0,4662156
0,1082169
-0,03898516
0,4662156
0,2015072
-0,5176753
0,6418258
0,01469757
0,03054291
0,09967387
-0,05129315
0,2565011
-0,01250803
-0,05129315
0,2565011
-0,01250803
0,05180668
0,02645999
0,3817409
0,0373492
0,07795319
0,2642751
0,0373492
0,07795319
0,2642751
0,07330868
-0,06601661
0,3928453
-0,003147405
0,02413094
0,01879334
-0,003147405
0,02413094
0,01879334
-0,006576162
0,1052581
0,09774864
0,1016235
-0,3131092
0,2824247
0,1016235
-0,3131092
0,2824247
0,007691421
-0,1181275
-0,007608533
-0,04501212
0,07292405
-0,1113713
0,001581758
0,008811802
0,08626282
0,001581758
0,008811802
0,08626282
0,07768478
-0,1577303
0,403738
0,01368728
-0,05068332
0,07183254
0,01368728
-0,05068332
0,07183254
-0,06976016
0,203646
-0,08688867
-0,01328066
-0,00538975
-0,007402897
-0,01328066
-0,00538975
-0,007402897
0,03705528
-0,1257814
0,2378345
0,03709737
-0,1134619
0,1733899
0,01396872
-0,09863079
0,070104
0,01396872
-0,09863079
0,070104
-0,02763495
-0,0422962
-0,02282858
-0,03541447
0,1344949
0,007584691
-0,03541447
0,1344949
0,007584691
-0,03212029
0,2743237
0,2563745
0,01589581
-0,1054808
0,1012057
0,01589581
-0,1054808
0,1012057
0,03638398
-0,3164262
0,1615614
0,017168
-0,06995723
0,1415849
-0,02577268
0,0849247
0,041309
-0,02577268
0,0849247
0,041309
0,0146213
-0,08598566
0,2519876
0,045502
-0,2632365
0,1386255
0,045502
-0,2632365
0,1386255
-0,0340254
-0,219366
-0,1558512
-0,04978664
0,1070812
-0,07323027
-0,04978664
0,1070812
-0,07323027
0,05061645
-0,2072282
0,3437996
0,07047877
-0,3582656
0,2006352
0,07047877
-0,3582656
0,2006352
-0,05147317
-0,08086786
-0,1677841
-0,03674058
-0,05194992
-0,1384169
-0,01081619
-0,1078114
-0,03818274
-0,01081619
-0,1078114
-0,03818274
0,07476173
-0,3628023
0,3510982
0,01320001
-0,1696929
0,07122755
0,01320001
-0,1696929
0,07122755
-0,04568612
0,03027953
0,02789795
-0,01865923
0,09447411
0,09564459
-0,01865923
0,09447411
0,09564459
0,02275649
-0,1422588
0,3149569
0,02144445
-0,1022995
0,1784921
0,03687376
-0,1831457
0,2189025
0,03687376
-0,1831457
0,2189025
-0,001028925
-0,1314986
0,2093762
0,001415983
-0,1186185
0,05107373
0,001415983
-0,1186185
0,05107373
0,005200133
-0,2551839
0,0963062
-0,003071595
-0,06887391
0,04786998
-0,003071595
-0,06887391
0,04786998
-0,03479011
-0,08378737
-0,05106926
-0,01095496
-0,1256913
-0,0394091
-0,01095496
-0,1256913
-0,0394091
-0,1003437
-0,08764789
-0,3055528
-0,02523046
-0,1446746
-0,09987205
0,0348784
-0,2845407
0,1450717
0,0348784
-0,2845407
0,1450717
0,07535415
-0,4013207
0,4892319
0,01930483
-0,2380926
0,08455664
0,01930483
-0,2380926
0,08455664
-0,01125503
-0,3812201
-0,02278388
0,00889916
-0,3182746
-0,01164675
0,00889916
-0,3182746
-0,01164675
-0,04324093
-0,1839727
-0,08376986
-0,02800142
-0,1903577
-0,1282305
-0,01017088
-0,2344068
-0,03427267
-0,01017088
-0,2344068
-0,03427267
-0,06288551
-0,07483971
0,04128785
-0,04061738
-0,0227738
0,01663934
-0,04061738
-0,0227738
0,01663934
-0,09000926
-0,02589154
0,100449
-0,06352636
-0,01699114
0,07727307
-0,06352636
-0,01699114
0,07727307
-0,05346712
-0,002621412
0,1273925
-0,03117463
-0,01976609
-0,03105289
-0,01182371
-0,009034634
-0,03066719
-0,01182371
-0,009034634
-0,03066719
-0,07539612
-0,01215744
0,08909422
-0,01211363
-0,003606081
0,006456614
-0,01211363
-0,003606081
0,006456614
-0,06509721
-0,01707315
0,0214166
-0,01500404
-1,096725E-05
0,02965051
-0,01500404
-1,096725E-05
0,02965051
0,02614939
-0,008794308
-0,06081682
-0,01216239
0,01400352
0,134704
-0,01216239
0,01400352
0,134704
-0,08998567
-0,01254463
0,08303589
0,02468717
0,007765055
0,009367704
-0,05082893
0,007554531
0,1102599
-0,05082893
0,007554531
0,1102599
-0,001025259
0,01776314
0,1340421
-0,03084844
-0,0375402
-0,1246489
-0,03084844
-0,0375402
-0,1246489
0,007983804
0,001210213
0,03349984
0,02635068
0,0239222
0,08381164
0,02635068
0,0239222
0,08381164
-0,000733614
-0,007866859
-0,03379321
0,02888253
-0,04869008
-0,01823759
-0,008142926
-0,2864467
0,2611369
-0,008142926
-0,2864467
0,2611369
-0,4797871
2,249612
-0,7247537
-0,01837476
-0,01410991
0,1285926
-0,01837476
-0,01410991
0,1285926
-0,1469155
0,4729152
-0,2254739
-0,1076259
0,3419042
-0,1881078
-0,1076259
0,3419042
-0,1881078
-0,366209
1,641343
-0,4357398
-0,07186374
0,396429
0,1716375
-0,07186374
0,396429
0,1716375
0,2599034
-1,691791
0,3816411
0,04700953
-0,5307212
-0,08037984
-0,03439607
-0,103379
-0,1527831
-0,03439607
-0,103379
-0,1527831
-0,1669011
0,3936138
-0,3754452
0,05989475
-0,5015668
0,1563385
0,05989475
-0,5015668
0,1563385
0,1676769
-1,261152
0,3545642
0,02979087
-0,2360867
0,09823889
0,02979087
-0,2360867
0,09823889
-0,003591506
-0,1622848
0,1799881
-0,01845276
-0,07877611
-0,005762279
0,00975444
-0,07242747
0,1929805
0,00975444
-0,07242747
0,1929805
0,06867903
-0,3490899
0,5973652
0,07302589
-0,3576107
0,4189014
0,07302589
-0,3576107
0,4189014
0,04220964
-0,3024725
0,5041793
-0,02643298
0,1775689
0,1199052
-0,02643298
0,1775689
0,1199052
0,004095072
0,1244105
0,6205425
0,06697457
-0,2494793
0,5767986
0,06697457
-0,2494793
0,5767986
-0,01550867
-0,3521443
0,4719557
0,07275696
-0,228268
0,198761
0,001358636
-0,04755369
0,04122737
0,001358636
-0,04755369
0,04122737
0,08502209
-0,3337238
0,2203403
-0,008384028
-0,05112648
0,02611217
-0,008384028
-0,05112648
0,02611217
-0,002880752
-0,001096543
-0,04199073
0,0006454475
-0,03621289
0,0425127
0,0006454475
-0,03621289
0,0425127
0,05952031
-0,2458633
-0,02686265
-0,02325371
-0,5428908
0,07427186
-0,01202421
-0,2592881
-0,1500756
-0,01202421
-0,2592881
-0,1500756
-0,01540254
-0,4181445
-0,09575039
0,01289127
-0,2869907
0,09991527
0,01289127
-0,2869907
0,09991527
0,00554896
-0,5049223
0,08903146
-0,006691134
-0,1200765
0,003604591
-0,006691134
-0,1200765
0,003604591
-0,02024509
-0,5170515
-0,157699
-0,02389615
-0,1276009
-0,1450151
-0,0114684
-0,06092731
-0,02811253
-0,0114684
-0,06092731
-0,02811253
-0,002512569
-0,6471686
0,109908
-0,00448036
-0,2095647
0,0006854534
-0,00448036
-0,2095647
0,0006854534
-0,02274034
-0,06123111
-0,04556775
-0,01140214
-0,08832477
0,0161171
-0,01140214
-0,08832477
0,0161171
-0,01198803
-0,2603699
0,07768869
-0,006346824
-0,1835618
0,02983212
-0,006346824
-0,1835618
0,02983212
-0,01481567
-0,6651279
0,06579459
0,007466041
-0,1466788
0,1273304
0,008715456
-0,3437616
0,1224622
0,008715456
-0,3437616
0,1224622
0,04069647
-0,4649375
0,5624846
0,01916392
-0,139571
0,2440065
0,01916392
-0,139571
0,2440065
-0,01843409
-0,5488925
-0,005212426
0,005482417
-0,2310663
0,1635119
0,005482417
-0,2310663
0,1635119
0,01608888
-0,2349004
0,5505428
-0,003625173
-0,1576886
0,07849783
-0,002321322
-0,299456
0,09883642
-0,002321322
-0,299456
0,09883642
0,01250478
-0,3193334
0,2564713
0,009936839
-0,1965545
0,118874
0,009936839
-0,1965545
0,118874
0,007531606
-0,08873567
0,06700307
0,007290114
-0,0906609
0,05853921
0,007290114
-0,0906609
0,05853921
0,02600653
-1,168983
0,4218057
0,02146792
-0,5423598
0,2917513
0,02146792
-0,5423598
0,2917513
-0,01271459
-0,226395
0,1985086
-0,01062104
-0,1738839
0,1997274
0,008444491
-0,2740802
0,2898423
0,008444491
-0,2740802
0,2898423
0,06933217
-0,7782446
0,6009834
-0,03577327
-0,05186266
0,1229016
-0,03577327
-0,05186266
0,1229016
0,06928093
0,03417996
0,03889298
0,02532798
-0,002419472
0,0427832
0,02532798
-0,002419472
0,0427832
-0,04968758
-0,1983443
0,5513566
-0,05195436
-0,007103443
0,08617091
0,07720615
-0,02449131
0,07699539
0,07720615
-0,02449131
0,07699539
-0,0645014
-0,004476666
0,02351499
0,03840725
0,009981751
-0,03649253
0,03840725
0,009981751
-0,03649253
0,03812978
-0,0017097
0,001885027
0,01898481
0,01071179
-0,03666947
0,01898481
0,01071179
-0,03666947
-0,01848517
-0,07387483
0,2397685
-0,001828223
-0,01127648
0,05012932
-0,001828223
-0,01127648
0,05012932
0,04379697
0,04773164
-0,2152806
0,03612615
0,07849383
-0,2756836
0,005879804
-0,006352782
0,01137286
0,005879804
-0,006352782
0,01137286
-0,07082357
-0,2621908
0,7658734
-0,03899134
-0,04450178
-0,07621402
-0,03899134
-0,04450178
-0,07621402
0,09684489
-0,009768486
-0,0670645
-0,002350107
0,01548791
0,05586673
-0,002350107
0,01548791
0,05586673
-0,07658699
0,0727154
0,2279595
0,00825436
-0,05426395
0,0525893
-0,004676498
0,02997112
0,1304716
-0,004676498
0,02997112
0,1304716
0,05798847
0,03102511
0,09877855
0,04412127
0,05251679
0,1346208
0,04412127
0,05251679
0,1346208
0,06921343
0,5039461
0,2626345
0,05934899
0,575334
0,06359203
0,05934899
0,575334
0,06359203
0,01512966
0,5601459
0,9219721
0,03450713
0,3372446
-0,1638874
0,01558317
0,2206959
-0,2533898
0,01558317
0,2206959
-0,2533898
0,04265402
-0,2941839
0,04860908
0,03949115
0,2223112
0,1359046
0,03949115
0,2223112
0,1359046
0,08964022
-0,04993007
0,949315
0,05819277
0,1101985
0,1252728
0,05819277
0,1101985
0,1252728
0,03961376
0,2942957
-0,2660573
0,022317
0,05948097
0,218752
0,022317
0,05948097
0,218752
0,03068424
-0,1249842
0,6617278
0,06987205
0,348776
0,07103845
-0,05593314
0,5654551
0,2739988
-0,05593314
0,5654551
0,2739988
0,0002618507
0,02553704
0,3982027
0,03817705
0,01509904
-0,0001872629
0,03817705
0,01509904
-0,0001872629
0,09675245
0,8308513
-0,292035
-0,06399122
0,8266695
-0,004925579
-0,06399122
0,8266695
-0,004925579
0,3229456
0,8069649
0,4409898
0,02309084
0,06730609
0,4645647
0,06162129
0,1291776
-0,2260923
0,06162129
0,1291776
-0,2260923
0,04993235
0,5227581
-0,9952285
0,01976555
0,3166106
0,06092042
0,01976555
0,3166106
0,06092042
0,09344677
0,2283353
1,033464
0,05254541
-0,002258644
0,03904104
0,05254541
-0,002258644
0,03904104
0,0523285
0,3387597
-1,257442
0,005906355
0,3176538
-0,2513923
0,005906355
0,3176538
-0,2513923
0,04887534
0,3982749
0,4523247
0,02163071
0,3055647
0,2075687
0,01128633
0,3546912
0,09457543
0,01128633
0,3546912
0,09457543
0,005638693
0,8006688
0,3490284
-0,08524878
0,05857903
0,3736439
-0,08524878
0,05857903
0,3736439
0,09867921
0,916091
0,3679559
-0,01733461
0,4023251
-0,1749411
-0,01733461
0,4023251
-0,1749411
-0,2574126
0,09693408
0,2019501
0,3297342
0,9378268
0,7465147
-0,02751406
-0,04236503
0,3851928
-0,02751406
-0,04236503
0,3851928
0,01005111
0,194081
-0,01414716
-0,02198666
0,4642342
-0,1778491
-0,02198666
0,4642342
-0,1778491
-0,06295191
0,8800067
0,4974052
-0,006984174
0,1899838
0,4016176
-0,006984174
0,1899838
0,4016176
-0,01042411
0,256598
0,2847783
-0,02036942
0,4083917
-0,1667112
-0,02036942
0,4083917
-0,1667112
-0,02526892
0,3234044
0,6269231
0,006477535
-0,06085075
0,4772097
-0,01367684
0,1786239
0,2640739
-0,01367684
0,1786239
0,2640739
-0,04801732
0,7453933
-0,3266446
-0,01040841
0,136463
0,03552884
-0,01040841
0,136463
0,03552884
-0,02079601
0,1734931
0,7368852
0,03353087
-0,1940932
0,1584005
0,03353087
-0,1940932
0,1584005
0,03929855
-0,2350546
-0,0003930181
-0,01346022
0,1676708
-0,008572638
-0,02197893
0,2216913
0,1353435
-0,02197893
0,2216913
0,1353435
-0,04955325
0,2757512
0,5130697
-0,0203778
0,1497947
0,1490388
-0,0203778
0,1497947
0,1490388
-0,0758634
0,2015088
0,7890627
-0,01579677
0,03288127
0,2846118
-0,01579677
0,03288127
0,2846118
-0,01829709
0,1054313
0,1927771
0,01802011
0,005175173
-0,09652488
0,01802011
0,005175173
-0,09652488
0,03655548
0,4820056
-1,142478
-0,03951327
0,4300308
0,01286715
0,03308715
-0,2715804
0,3391814
0,03308715
-0,2715804
0,3391814
0,103129
-0,9899139
0,5897369
0,01995889
0,04210137
-0,2389599
0,01995889
0,04210137
-0,2389599
-0,04021665
0,7082332
-0,7214483
-0,03830567
0,1461368
0,2085585
-0,03830567
0,1461368
0,2085585
-0,07137191
0,2819605
0,6731458
-0,02906416
0,256335
0,1064971
-0,02504978
0,3011405
-0,2242178
-0,02504978
0,3011405
-0,2242178
-0,04261709
0,1589224
0,1789279
-0,01741499
0,03995076
0,1424905
-0,01741499
0,03995076
0,1424905
-0,08209767
0,5372636
0,06523989
-0,03490821
0,09575337
0,2381802
-0,03490821
0,09575337
0,2381802
-0,02024537
-0,04781485
0,1759991
-0,007354654
0,06570369
-0,08405931
3,49246E-06
-0,06077439
0,01563914
3,49246E-06
-0,06077439
0,01563914
-0,0162845
0,01592338
0,06345324
0,01410739
-0,2559006
0,2200812
0,01410739
-0,2559006
0,2200812
0,03379616
-0,6799847
0,561484
0,015696
-0,1970731
0,09975992
0,015696
-0,1970731
0,09975992
-0,01377352
0,08765087
-0,1223832
0,00921688
-0,2988085
0,2082219
0,00921688
-0,2988085
0,2082219
0,01516277
-0,4936416
0,3867816
-0,01906049
0,06208643
0,1241181
-0,01486465
-0,1326855
0,2957966
-0,01486465
-0,1326855
0,2957966
-0,03331015
0,03555641
0,2828252
-0,02385806
0,1312286
0,1310654
-0,02385806
0,1312286
0,1310654
0,00558598
-0,5646743
0,6115509
-0,01015356
-0,05097501
0,2485004
-0,01015356
-0,05097501
0,2485004
-0,0263467
-0,0353314
0,3159736
-0,02460168
0,1111489
0,1461159
-0,03033937
0,07856004
0,2060575
-0,03033937
0,07856004
0,2060575
-0,02201656
-0,2537914
0,4938392
0,02245945
-0,2152372
0,1098965
0,02245945
-0,2152372
0,1098965
0,02833032
-0,03637411
-0,1236389
-0,0133621
-0,004770979
0,1040367
-0,0133621
-0,004770979
0,1040367
-0,01027063
-0,05803667
0,1030295
-0,01812549
0,0915736
0,0453189
-0,01812549
0,0915736
0,0453189
0,01970222
-0,4171137
0,05052397
-0,007266831
-0,0741519
0,05713822
-0,02918029
0,05029142
0,1112703
-0,02918029
0,05029142
0,1112703
-0,01521055
-0,02747849
-0,04385933
0,008226465
-0,02022348
-0,171231
0,008226465
-0,02022348
-0,171231
-0,00891774
-0,1481753
-0,0870727
-0,01449594
-0,2352905
0,1362095
-0,01449594
-0,2352905
0,1362095
0,02422133
-0,5985275
-0,009484496
0,005177362
-0,122958
-0,07089172
0,007362943
-0,1237012
-0,1200167
0,007362943
-0,1237012
-0,1200167
-0,02309028
0,01612809
-0,174706
-0,03374405
-0,09497963
0,1417412
-0,03374405
-0,09497963
0,1417412
-0,05844715
-0,5810413
0,4803551
-0,01148456
-0,1244124
0,05706772
-0,01148456
-0,1244124
0,05706772
-0,02990174
0,05617738
-0,08699494
-0,01583979
0,01087189
-0,04816316
-0,01583979
0,01087189
-0,04816316
-0,06654626
-0,4036699
0,378376
-0,004840177
-0,0260273
0,01522787
-0,01094411
0,04002899
-0,009817444
-0,01094411
0,04002899
-0,009817444
-0,0842154
-0,3395971
0,3777854
-0,03473181
0,01598997
0,1686774
-0,03473181
0,01598997
0,1686774
-0,01139338
-0,2255966
0,05234256
-0,005269889
-0,3058127
0,05955547
-0,005269889
-0,3058127
0,05955547
-0,01871781
0,05055098
-0,04065819
-0,01334199
-0,06140051
-0,02391078
0,002087699
-0,2693727
-0,01244545
0,002087699
-0,2693727
-0,01244545
-0,04998939
-0,307799
0,2062265
-0,00447575
0,01167138
0,007484481
-0,00447575
0,01167138
0,007484481
-0,03292914
-0,4831295
0,07452108
-0,006951299
-0,01644637
-0,01867451
-0,006951299
-0,01644637
-0,01867451
-0,01600152
-0,4176464
-0,06159544
0,001324527
-0,3022186
-0,06377921
0,001324527
-0,3022186
-0,06377921
-0,008498132
-0,06792191
-0,08369815
-0,03278516
-0,2304393
0,1541752
-0,02342667
-0,2991704
0,1044987
-0,02342667
-0,2991704
0,1044987
-0,03093681
-0,3687081
0,09025671
-0,007935474
-0,1055161
-0,009440817
-0,007935474
-0,1055161
-0,009440817
-0,03238972
-0,3083184
0,08541588
-0,011621
-0,1734503
0,04209839
-0,011621
-0,1734503
0,04209839
-0,04137685
-0,4305542
0,1379805
-0,02102326
-0,116715
0,0937812
-0,01081624
-0,02065878
0,0241641
-0,01081624
-0,02065878
0,0241641
-0,04805326
-0,3229421
0,1651525
-0,02793744
-0,1870129
0,1300784
-0,02793744
-0,1870129
0,1300784
-0,0328789
-0,1690384
0,1017135
-0,01178365
-0,3248543
0,02574474
-0,01178365
-0,3248543
0,02574474
-0,03979537
-0,2264347
0,153666
-0,01451252
-0,04932545
0,05382448
-0,01384113
-0,171762
0,03390871
-0,01384113
-0,171762
0,03390871
-0,01769401
-0,3180012
-0,0006318092
-0,004959665
-0,1602579
-0,009577721
-0,004959665
-0,1602579
-0,009577721
-0,02520327
-0,371132
0,04027262
-0,01678336
-0,1463801
0,07013232
-0,01678336
-0,1463801
0,07013232
-0,03124252
-0,2348568
0,1292467
-0,01187418
-0,1281742
0,05213767
-0,01187418
-0,1281742
0,05213767
-0,0357369
-0,123303
0,1595125
-0,04214384
-0,1124486
0,2067931
-0,05199667
-0,1849454
0,2514113
-0,05199667
-0,1849454
0,2514113
-0,04917337
-0,03601909
0,2051674
-0,0569812
-0,1106724
0,2375059
-0,0569812
-0,1106724
0,2375059
-0,1199806
-0,2812006
0,551603
-0,05173236
-0,1176581
0,261341
-0,05173236
-0,1176581
0,261341
-0,08612461
0,1544967
0,3939476
0,001381151
0,01344234
-0,005809218
-0,01758989
-0,1168758
0,06493926
-0,01758989
-0,1168758
0,06493926
-0,006582681
-0,2614677
0,03763959
0,00116583
0,03230274
0,009857118
0,00116583
0,03230274
0,009857118
-0,1040007
-0,2224326
0,5025536
-0,03786217
-0,3140584
0,1912072
-0,03786217
-0,3140584
0,1912072
-0,09112917
-0,6795019
0,4158311
0,01624078
-0,07093027
-0,01808256
0,01624078
-0,07093027
-0,01808256
-0,03958456
-0,1716428
0,2397023
-0,08044317
-0,4410632
0,3550835
-0,06638682
-0,3587449
0,2151241
-0,06638682
-0,3587449
0,2151241
0,06837524
-0,4804272
0,1680841
-0,02245209
-0,0256709
-0,084705
-0,02245209
-0,0256709
-0,084705
-0,1509292
-0,1940425
0,2501943
0,5869445
-0,1068863
0,5870569
0,5869445
-0,1068863
0,5870569
0,5550033
-0,2321033
0,6317983
0,6143268
-0,2281252
0,8222105
0,6854666
-0,4704086
1,130329
0,6854666
-0,4704086
1,130329
0,6783186
-0,5409216
1,261271
0,636623
-0,3636369
1,329458
0,636623
-0,3636369
1,329458
0,6085206
-0,2703969
1,530202
0,6731946
-0,4040629
1,930181
0,6731946
-0,4040629
1,930181
0,7629064
-0,1697106
2,177111
0,7026893
-0,1125538
2,143342
0,7026893
-0,1125538
2,143342
0,5519714
0,503781
2,636547
0,4552355
0,7689649
2,721772
0,5154487
0,7878071
3,123413
0,5154487
0,7878071
3,123413
0,3854921
1,400539
3,787422
0,2500382
2,024769
3,844057
0,2500382
2,024769
3,844057
0,1290987
2,574247
3,98104
0,1056659
2,823122
4,284932
0,1056659
2,823122
4,284932
-0,08466846
3,669237
4,407322
2,225899
3,820657
1,277343
0,193101
3,414314
2,623034
0,193101
3,414314
2,623034
1,401318
1,603516
-0,6759993
0,8997461
1,301543
-0,2663797
0,8997461
1,301543
-0,2663797
0,9936376
1,100259
-0,06311369
0,9474546
1,257869
-0,01452184
0,9474546
1,257869
-0,01452184
0,9830688
1,709383
0,2227098
1,150162
1,665151
0,4774927
1,281921
1,629963
0,6959509
1,281921
1,629963
0,6959509
1,357941
2,285052
1,007574
1,457838
2,643682
1,261496
1,457838
2,643682
1,261496
1,487806
2,343629
1,369125
1,32337
2,40719
1,244537
1,32337
2,40719
1,244537
1,241094
2,826774
1,465598
1,255009
2,919809
1,611082
1,255009
2,919809
1,611082
1,226975
3,710399
1,944345
1,225894
3,902591
2,096152
1,160599
3,919123
2,14746
1,160599
3,919123
2,14746
1,081594
3,976574
2,250186
1,000513
4,326794
2,30069
1,000513
4,326794
2,30069
0,9283615
5,207378
2,539068
0,9714531
5,201608
2,649752
0,9714531
5,201608
2,649752
1,028422
4,703629
2,733076
1,058657
4,821623
2,850248
1,147693
5,035432
3,035394
1,147693
5,035432
3,035394
1,488963
5,045113
3,517614
1,590834
4,690558
3,595523
1,590834
4,690558
3,595523
1,699781
4,422161
3,698496
1,764584
4,625969
3,833422
1,764584
4,625969
3,833422
2,002947
4,925885
4,17957
2,142966
4,844723
4,314366
2,142966
4,844723
4,314366
2,58167
3,966867
4,637727
2,910676
3,246511
4,872294
3,066113
3,012563
4,994163
3,066113
3,012563
4,994163
3,076702
4,010123
5,146821
3,448084
3,990621
5,52674
3,448084
3,990621
5,52674
3,716594
4,396816
5,911113
3,807653
4,511233
6,008775
3,807653
4,511233
6,008775
3,723151
5,392837
6,094768
3,810043
5,668727
6,242334
3,953404
5,858623
6,437778
3,953404
5,858623
6,437778
3,992951
5,973641
6,521807
4,075549
6,056917
6,631945
4,075549
6,056917
6,631945
4,097445
6,835628
6,830918
4,128677
7,228014
6,961077
4,128677
7,228014
6,961077
4,150668
7,757149
7,063914
4,174419
8,195068
7,156557
4,174419
8,195068
7,156557
0,08407617
9,657138
3,136036
0,1022763
9,698864
3,149115
0,1291964
9,75672
3,161828
0,1291964
9,75672
3,161828
0,12222
10,28239
3,240978
0,03337407
10,78253
3,303905
0,03337407
10,78253
3,303905
-0,1077394
11,03511
3,25436
-0,06100893
10,3188
3,087222
-0,06100893
10,3188
3,087222
0,3061519
8,287216
2,73784
0,01166498
-0,102386
0,05825099
0,01166498
-0,298586
0,05825099
0,01166498
-0,298586
0,05825099
0,01166498
-0,494786
0,05825099
0,03248193
-0,6242914
-0,01363274
0,03248193
-0,6242914
-0,01363274
0,03248193
-0,8204914
-0,01363274
0,03248193
-1,016691
-0,01363274
0,03248193
-1,016691
-0,01363274
0,4001184
-0,1789075
-0,2142088
0,4001184
-0,3751075
-0,2142088
0,3579767
-0,1030174
-0,1362528
0,3579767
-0,1030174
-0,1362528
0,3268455
-0,09743345
-0,1027892
0,3009167
-0,08883131
-0,08266248
0,3009167
-0,08883131
-0,08266248
0,3200484
-0,02683192
-0,07161322
0,3232473
-0,0240707
-0,05607487
0,3232473
-0,0240707
-0,05607487
0,3232473
-0,2202707
-0,05607487
0,2422212
-0,005306423
-0,1441621
0,2422212
-0,005306423
-0,1441621
0,2063816
-0,06886648
-0,1820372
0,1692071
-0,1128542
-0,2201499
0,09556038
-0,01754391
-0,2158458
0,09556038
-0,01754391
-0,2158458
0,03211407
0,0388584
-0,2001157
-0,01109648
0,03294387
-0,1746676
-0,01109648
0,03294387
-0,1746676
-0,04913107
0,01745839
-0,1476376
-0,08293153
-0,0006198883
-0,1179112
-0,08293153
-0,0006198883
-0,1179112
-0,1161523
-0,01783478
-0,08470477
-0,1458881
-0,03452472
-0,0492202
-0,1718677
-0,04962265
-0,01236705
-0,1718677
-0,04962265
-0,01236705
-0,1946109
-0,06036045
0,02626703
-0,2131944
-0,06770714
0,06441815
-0,2131944
-0,06770714
0,06441815
-0,2268056
-0,06875174
0,1029043
-0,2359803
-0,06572853
0,1388412
-0,2359803
-0,06572853
0,1388412
-0,2391018
-0,05684681
0,1722608
-0,2364137
-0,04330742
0,2015671
-0,2364137
-0,04330742
0,2015671
-0,2278334
-0,02630511
0,2254958
-0,2136164
-0,007332906
0,2430402
-0,1943384
0,01193285
0,2535287
-0,1943384
0,01193285
0,2535287
-0,1106209
0,06968011
0,174999
-0,08581074
0,09006584
0,09941074
-0,08581074
0,09006584
0,09941074
-0,07314864
0,0612455
0,04401065
-0,05639102
0,01984549
-0,006359506
-0,05639102
0,01984549
-0,006359506
-0,04091433
-0,02242485
-0,05448014
-0,02475438
-0,06348716
-0,1020684
0,004566552
-0,04186089
-0,1057693
0,004566552
-0,04186089
-0,1057693
0,03128012
-0,02095076
-0,1105172
0,05865796
-0,01239909
-0,1084824
0,05865796
-0,01239909
-0,1084824
0,07674965
-0,01192355
-0,1009801
0,09670714
-0,01354218
-0,0920613
0,09670714
-0,01354218
-0,0920613
0,1143703
-0,01425274
-0,08085634
0,1316775
-0,01750997
-0,06729543
0,1316775
-0,01750997
-0,06729543
0,1450163
-0,01343717
-0,05201255
0,1556868
-0,01174593
-0,03644042
0,1632737
-0,008895442
-0,01990635
0,1632737
-0,008895442
-0,01990635
0,1678337
-0,005666584
-0,003272017
0,168892
-0,001653731
0,01356197
0,168892
-0,001653731
0,01356197
0,1668582
0,001406834
0,02932099
0,1611135
0,005524963
0,04455116
0,1611135
0,005524963
0,04455116
0,1526842
0,008408427
0,05790767
0,1406392
0,01157224
0,06996851
0,1247922
0,01362588
0,08105931
0,1247922
0,01362588
0,08105931
0,1066174
0,0143794
0,08817924
0,08780412
0,01339649
0,09278634
0,08780412
0,01339649
0,09278634
0,06650417
0,01167491
0,09479419
0,04471786
0,008499011
0,09430131
0,04471786
0,008499011
0,09430131
0,0218246
0,004500151
0,09127454
0,009550942
-0,0008125305
0,07698565
0,009550942
-0,0008125305
0,07698565
-0,01588471
-0,005330622
0,04264109
-0,03894948
-0,01177631
0,01286532
-0,05988165
-0,01751836
-0,001773794
-0,05988165
-0,01751836
-0,001773794
-0,07895417
-0,01988
-0,00788307
-0,09623852
-0,02227652
-0,01451989
-0,09623852
-0,02227652
-0,01451989
-0,1121224
-0,02386387
-0,01989228
-0,1265422
-0,02375489
-0,02464076
-0,1265422
-0,02375489
-0,02464076
-0,1393705
-0,02177131
-0,02840801
-0,1488528
-0,01882108
-0,03178427
-0,1565211
-0,01433809
-0,03392706
-0,1565211
-0,01433809
-0,03392706
-0,1636436
-0,009173527
-0,03577265
-0,1657458
-0,003263712
-0,03643787
-0,1657458
-0,003263712
-0,03643787
0,02393603
-0,0003195144
0,0318141
-0,03983692
0,0001811087
0,1860635
-0,03983692
0,0001811087
0,1860635
-0,004085444
-0,0003237724
-0,01206188
0,03281286
-0,004575923
-0,1328178
0,03281286
-0,004575923
-0,1328178
0,05467716
-0,08755848
-0,3853872
0,02424411
-0,1251398
-0,1981605
-0,02911627
-0,04845257
-0,04162177
-0,02911627
-0,04845257
-0,04162177
0,0250838
0,3178105
0,07567108
-0,00800048
0,09214655
0,04520938
-0,00800048
0,09214655
0,04520938
-0,02640123
0,1488447
0,1147106
-0,01933128
0,02345443
0,07164031
-0,01933128
0,02345443
0,07164031
-0,05546292
0,4829802
0,1764506
-0,01533359
0,389605
0,0476785
-0,01719601
0,3065556
0,04841983
-0,01719601
0,3065556
0,04841983
0,01691713
0,3255799
-0,1559265
-0,02693674
0,08228198
0,08454397
-0,02693674
0,08228198
0,08454397
-0,08930667
0,6633707
0,3590301
-0,03940184
0,2552167
0,1873203
-0,03940184
0,2552167
0,1873203
-0,003097323
0,6018348
0,01494884
-0,005515269
0,1022279
0,02356172
0,00793729
-0,1356639
-0,01341701
0,00793729
-0,1356639
-0,01341701
-0,005222391
0,2359882
0,06906316
0,002052635
0,03661588
0,02510101
0,002052635
0,03661588
0,02510101
0,002897624
-0,0127241
0,005809218
-0,003678119
0,1550347
0,03666431
-0,003678119
0,1550347
0,03666431
0,03366473
0,1491543
-0,1220569
0,007007574
0,08370504
-0,008323789
0,007007574
0,08370504
-0,008323789
0,02889209
0,2397213
0,006813556
0,01151389
-0,01966022
0,0129208
0,04502537
0,07428154
-0,1549289
0,04502537
0,07428154
-0,1549289
0,04186106
0,3597766
-0,1064226
0,02170294
0,01657307
-0,03434569
0,02170294
0,01657307
-0,03434569
0,001208857
0,1775563
0,1063406
0,02515591
0,06535128
-0,08094385
0,02515591
0,06535128
-0,08094385
-0,05622422
0,1329094
0,3218912
-0,04038895
-0,1861066
0,2256036
-0,02451064
0,01304448
0,1203164
-0,02451064
0,01304448
0,1203164
0,03110534
0,6358423
-0,1786366
-0,02113204
0,3236171
0,09212792
-0,02113204
0,3236171
0,09212792
-0,0714696
0,02963878
0,425145
-0,01351866
-0,1034874
0,1345724
-0,01351866
-0,1034874
0,1345724
0,03405616
-0,02442822
-0,1296818
0,02682752
0,4320353
-0,1160458
0,02682752
0,4320353
-0,1160458
-0,006798236
0,1023218
0,09902269
0,01128756
0,02947636
0,009359419
-0,01602757
0,1527477
0,1619205
-0,01602757
0,1527477
0,1619205
-0,04870463
0,01790263
0,3398091
-0,01560403
0,1223274
0,1047045
-0,01560403
0,1223274
0,1047045
0,006610714
0,6016683
-0,05055666
-0,05171984
0,2326036
0,2505228
-0,05171984
0,2326036
0,2505228
-0,07089657
-0,0210952
0,4196674
-0,02512291
0,229568
0,1568928
-0,01000422
0,2433177
0,08458346
-0,01000422
0,2433177
0,08458346
0,03402436
0,2237022
-0,08538961
0,02000952
-0,009508803
-0,03952086
0,02000952
-0,009508803
-0,03952086
-0,01196759
0,3833897
0,1563236
0,007062894
0,28091
0,02284348
0,007062894
0,28091
0,02284348
-0,01816548
0,3291149
0,2225056
-0,006874138
-0,1080183
0,1664117
-0,006874138
-0,1080183
0,1664117
0,01066877
0,3901558
-0,01253635
-0,03548811
0,5047036
0,1650721
-0,05716828
0,1378586
0,3163338
-0,05716828
0,1378586
0,3163338
-0,06322902
0,04731273
0,4464254
-0,02266061
0,2215102
0,149481
-0,02266061
0,2215102
0,149481
-0,08071498
0,5442446
0,3712177
-0,02610832
0,2429845
0,1586303
-0,02610832
0,2429845
0,1586303
-0,07283445
0,3026105
0,4041135
-0,05552483
0,1544479
0,172081
-0,03206516
0,2395579
0,1751957
-0,03206516
0,2395579
0,1751957
-0,1503593
0,4487708
0,5426958
0,009611808
0,2640948
0,08463413
0,009611808
0,2640948
0,08463413
-0,01115641
0,6712316
0,02520978
-0,01000101
0,385911
0,0366047
-0,01000101
0,385911
0,0366047
0,004804134
0,5152714
0,06129891
0,0552848
0,2456676
-0,1488671
0,0552848
0,2456676
-0,1488671
0,04843776
0,3579222
-0,02244562
-0,03215251
0,3194205
0,1402199
-0,07828745
0,3683079
0,2857283
-0,07828745
0,3683079
0,2857283
-0,158321
0,2988443
0,7190347
-0,005665421
0,3083818
0,04327744
-0,005665421
0,3083818
0,04327744
0,04403833
0,642373
-0,2236009
-0,06164024
0,313361
0,1658976
-0,06164024
0,313361
0,1658976
-0,2408018
0,4169218
0,8074403
-0,1362714
0,05138591
0,5584434
-0,05221246
0,113178
0,2265379
-0,05221246
0,113178
0,2265379
-0,001337752
0,4434392
0,009442866
0,02330393
0,2240002
-0,06166697
0,02330393
0,2240002
-0,06166697
-0,1203507
0,3174432
0,4936919
-0,1084941
-0,008077919
0,4905
-0,1084941
-0,008077919
0,4905
-0,1998132
0,3988288
0,6247833
-0,1290649
-0,06138757
0,5274341
-0,1018563
-0,06723627
0,4216671
-0,1018563
-0,06723627
0,4216671
-0,0804957
0,1207188
0,3366426
0,01728423
-0,1736529
0,1189604
0,01728423
-0,1736529
0,1189604
-0,110935
-0,7626154
0,7674128
-0,1474299
-0,3476746
0,607492
-0,1474299
-0,3476746
0,607492
-0,1561995
-0,07256788
0,3313363
-0,008405509
-0,1424764
0,05836575
-0,008405509
-0,1424764
0,05836575
0,04295447
-0,2139048
0,02342696
0,07755533
-0,3986336
0,1398087
0,04187032
-0,2733746
0,03233986
0,04187032
-0,2733746
0,03233986
-0,2380805
-0,09363912
0,4859099
-0,1484888
-0,1916842
0,206087
-0,1484888
-0,1916842
0,206087
-0,06484385
-0,2546746
0,05647105
-0,0006015413
-0,3182795
0,03924805
-0,0006015413
-0,3182795
0,03924805
0,2832674
-0,9442554
-0,1052503
-0,2158799
-0,5401677
0,3278309
0,4582761
-1,194542
-0,225486
0,4582761
-1,194542
-0,225486
-0,3231431
-0,7747421
0,4229064
0,3941649
-0,4477621
-0,2500911
0,3941649
-0,4477621
-0,2500911
0,1290124
-0,2506534
0,05166137
0,5968905
-1,581151
-0,3066369
0,5968905
-1,581151
-0,3066369
0,1626695
-1,360296
0,6668663
0,3243239
-0,4667448
-0,361969
0,3243239
-0,4667448
-0,361969
0,1470606
-0,1742115
-0,09992659
0,09252387
-0,09472919
-0,03419161
0,06133229
-0,06297874
-0,04213816
0,06133229
-0,06297874
-0,04213816
0,1643186
-0,1053758
0,1145824
-0,05047321
0,02882957
0,01075476
-0,05047321
0,02882957
0,01075476
0,1911123
-0,1486068
-0,02047956
-0,01301527
-0,002938271
-0,04659629
-0,01301527
-0,002938271
-0,04659629
0,1485909
-0,07457972
0,130052
-0,1502992
0,05916405
-0,07487226
0,4454303
-0,3197966
-0,02928543
0,4454303
-0,3197966
-0,02928543
-0,4946158
0,2601004
0,01136971
0,6533065
-0,4336786
0,1037903
0,6533065
-0,4336786
0,1037903
-0,7511513
0,3567638
0,05830097
1,244532
-0,9862986
-0,05802155
1,244532
-0,9862986
-0,05802155
-1,124634
-11,36516
1,750879
-1,003214
-12,16666
1,658057
-1,003214
-12,16666
1,658057
-0,8504777
-11,83576
0,945684
-0,7300518
-11,93916
0,4715248
-0,6018076
-12,48834
0,1592065
-0,6018076
-12,48834
0,1592065
-0,4340254
-12,61389
-0,5056095
-0,3475327
-12,32475
-0,9898187
-0,3475327
-12,32475
-0,9898187
-0,1251143
-11,90487
-2,083375
0,5993706
-9,066473
3,857056
0,5993706
-9,066473
3,857056
-0,1008407
-12,26793
-2,0742
-0,05247653
-12,88773
-2,010832
-0,03461134
-13,43683
-1,806558
-0,03461134
-13,43683
-1,806558
0,0560261
-14,91418
-1,320904
0,1023643
-16,27539
-0,7341757
0,1023643
-16,27539
-0,7341757
0,2217619
-19,61612
0,6414329
0,3357537
-20,63297
0,7588563
0,3357537
-20,63297
0,7588563
0,5996842
-20,45382
-0,3805549
0,7329235
-20,9866
-0,6487145
0,7635701
-21,44087
-0,520346
0,7635701
-21,44087
-0,520346
0,8522899
-22,61176
-0,1815012
0,7549422
-22,45699
0,1820036
0,7549422
-22,45699
0,1820036
0,4956741
-21,96495
0,9264045
0,3231399
-20,77279
0,9554239
0,3231399
-20,77279
0,9554239
0,4854562
-19,49709
-0,6556185
0,5449101
-19,08681
-1,163094
0,5449101
-19,08681
-1,163094
0,1528727
-16,84211
-0,6670128
0,05594552
-16,51517
-0,5178488
0,010113
-16,52077
-0,3914337
0,010113
-16,52077
-0,3914337
-0,08918691
-15,57458
-0,4216556
-0,05839181
-15,39688
-0,6097976
-0,05839181
-15,39688
-0,6097976
-0,205845
-14,60488
-0,2559173
-0,307467
-14,69865
0,251179
-0,307467
-14,69865
0,251179
0,02849603
-16,12173
-0,5877431
0,1789252
-16,11864
-1,221627
0,1804084
-16,0202
-1,215771
0,1804084
-16,0202
-1,215771
0,0341843
-0,09656749
0,09850883
0,0341843
-0,2927675
0,09850883
0,0341843
-0,2927675
0,09850883
0,0341843
-0,4889675
0,09850883
0,0341843
-0,6851675
0,09850883
0,0341843
-0,6851675
0,09850883
0,0877531
-0,03038478
0,05553974
0,1188441
-0,1714892
0,07882705
0,1188441
-0,1714892
0,07882705
0,1416708
-0,3273085
0,09695828
0,1416708
-0,5235085
0,09695828
0,1416708
-0,7197085
0,09695828
0,1416708
-0,7197085
0,09695828
0,1416708
-0,9159085
0,09695828
0,1416708
-1,112108
0,09695828
0,1416708
-1,112108
0,09695828
0,1516559
-1,29764
0,1061917
0,1516559
-1,49384
0,1061917
0,1516559
-1,49384
0,1061917
0,2376527
-0,1734897
0,5487623
0,2376527
-0,3696897
0,5487623
0,2376527
-0,5658897
0,5487623
0,2376527
-0,5658897
0,5487623
0,2376527
-0,7620897
0,5487623
-0,3936259
-0,4106987
0,5091547
-0,3936259
-0,4106987
0,5091547
-0,3117048
-0,308657
0,4743348
-0,3117048
-0,504857
0,4743348
-0,3117048
-0,504857
0,4743348
-0,1442899
-0,01975065
0,3248843
-0,1438709
0,04393913
0,3137627
-0,1438709
0,04393913
0,3137627
-0,1398567
0,06521939
0,2928471
-0,1303657
0,08043694
0,2626154
-0,1193896
0,08836162
0,227319
-0,1193896
0,08836162
0,227319
-0,1074421
0,08872636
0,188611
-0,09491502
0,08187431
0,1479112
-0,09491502
0,08187431
0,1479112
-0,08229792
0,0687722
0,1065582
-0,06924787
0,05030453
0,0648672
-0,06924787
0,05030453
0,0648672
-0,05655669
0,02832341
0,02397002
-0,04364707
0,004365146
-0,01625571
-0,02906087
-0,02017294
-0,05509388
-0,02906087
-0,02017294
-0,05509388
-0,01434205
-0,04345317
-0,09365321
0,001299845
-0,06368341
-0,1314088
0,001299845
-0,06368341
-0,1314088
0,01804722
-0,07967736
-0,1678726
0,03503691
-0,0896851
-0,202082
0,03503691
-0,0896851
-0,202082
0,05338418
-0,09416051
-0,2336474
0,07177428
-0,0916414
-0,2611118
0,08515728
-0,08011234
-0,285278
0,08515728
-0,08011234
-0,285278
0,07913682
0,06724492
-0,1775073
0,07436617
0,06755628
-0,1028097
0,07436617
0,06755628
-0,1028097
0,07575247
0,03492475
-0,04857546
0,07665321
-0,006633162
0,002073616
0,07665321
-0,006633162
0,002073616
0,07512823
-0,04632017
0,05362872
0,09867831
-0,03015204
0,06165608
0,09867831
-0,03015204
0,06165608
0,103078
-0,01669843
0,05186922
0,104766
-0,003542021
0,0389712
0,1047811
0,0001481324
0,03049308
0,1047811
0,0001481324
0,03049308
0,09903383
0,001980692
0,03374589
0,09330296
0,004868746
0,02886922
0,09330296
0,004868746
0,02886922
0,08399415
0,005374774
0,02999302
0,07313295
0,005450487
0,02487352
0,07313295
0,005450487
0,02487352
0,06252606
0,007319748
0,01721776
0,04827511
0,001172125
0,01692419
0,0350372
0,007719666
0,008475448
0,0350372
0,007719666
0,008475448
0,01906254
0,004281282
0,004564052
0,003025182
7,838011E-05
0,0008087282
0,003025182
7,838011E-05
0,0008087282
-0,01270122
-0,00396876
-0,003093845
-0,02788432
-0,007771507
-0,00787759
-0,02788432
-0,007771507
-0,00787759
-0,04183473
-0,00779812
-0,01606147
-0,05497574
-0,007748336
-0,02314225
-0,05497574
-0,007748336
-0,02314225
-0,06696543
-0,008283272
-0,02778408
0,008070003
0,05696565
0,0538677
-0,0296982
0,3172912
0,1144677
-0,0296982
0,3172912
0,1144677
0,01440849
0,1753248
-0,0184685
-0,003892928
-0,1517706
-0,00423193
-0,003892928
-0,1517706
-0,00423193
0,03032591
0,5187422
0,01455247
-0,1365826
-0,07766262
0,3354549
-0,1365826
-0,07766262
0,3354549
0,07371465
0,03450066
-0,1509458
0,1444884
0,2154581
-0,3230691
0,07915283
0,1742974
-0,1732528
0,07915283
0,1742974
-0,1732528
-0,1127318
0,01398474
0,291729
0,03010053
-0,02703145
-0,05815327
0,03010053
-0,02703145
-0,05815327
0,2010612
0,0878796
-0,4607081
-0,002128072
0,2171591
0,03528595
-0,002128072
0,2171591
0,03528595
-0,2203984
0,1124129
0,5739719
-0,1285128
-0,08027405
0,3197163
-0,1285128
-0,08027405
0,3197163
-0,2713897
0,08464679
0,6882042
-0,1055636
0,05216748
0,2931356
-0,04195552
0,162559
0,1518518
-0,04195552
0,162559
0,1518518
-0,1920478
-0,07081553
0,5174726
-0,03478238
0,09282604
0,1434714
-0,03478238
0,09282604
0,1434714
-0,1439325
0,3221028
0,4648268
-0,04030392
0,07494465
0,1569122
-0,04030392
0,07494465
0,1569122
-0,206442
0,1061291
0,5643964
0,06409455
0,4931159
-0,05609393
-0,008234289
0,2464823
0,07979572
-0,008234289
0,2464823
0,07979572
-0,08274871
0,2985947
0,3011048
-0,02608565
0,4709385
0,1314789
-0,02608565
0,4709385
0,1314789
-0,131932
0,6318957
0,4040182
-0,1088853
0,1226276
0,2896398
-0,1088853
0,1226276
0,2896398
-0,1683696
1,22857
0,4673004
-0,1804041
0,1890238
0,4470974
-0,1804041
0,1890238
0,4470974
-0,2941304
0,3149502
0,7543683
0,09540669
0,06901497
-0,04111052
0,1140784
0,09370339
-0,04166561
0,1140784
0,09370339
-0,04166561
0,06853479
-0,04943407
0,1512457
-0,04843372
-0,06202245
0,05787539
-0,04843372
-0,06202245
0,05787539
0,1133434
0,06729317
0,01191044
0,02619469
0,1041141
-0,1359921
0,02619469
0,1041141
-0,1359921
0,05313778
-0,09237146
0,2240417
-0,138875
-0,1917825
0,2027221
-0,08857632
-0,3772378
0,4779959
-0,08857632
-0,3772378
0,4779959
-1,041795
0,1089126
-0,001335025
-0,01505136
-0,0472784
0,14464
-0,01505136
-0,0472784
0,14464
-0,2743635
-0,1161356
0,1156597
0,245297
8,188412
9,480126
0,245297
8,188412
9,480126
3,976246
9,970033
1,925251
3,838621
10,95052
2,057075
3,838621
10,95052
2,057075
-0,06032801
10,04487
10,12582
0,7432804
9,993375
9,390924
1,064048
10,85374
8,930213
1,064048
10,85374
8,930213
0,8383536
11,69093
8,578961
1,054496
9,79329
7,689507
1,054496
9,79329
7,689507
-1,978863
2,611538
6,619283
-1,582409
2,53652
5,476273
-1,582409
2,53652
5,476273
1,37751
6,673138
3,32416
1,508192
6,339496
2,396231
1,514594
5,465659
1,509025
1,514594
5,465659
1,509025
2,827105
1,45056
-0,9395406
3,669036
1,226467
-2,50146
3,669036
1,226467
-2,50146
0,1976111
-0,1093065
-0,07468486
0,2019853
-0,06732962
-0,01372613
0,2019853
-0,06732962
-0,01372613
0,201532
-0,05701467
0,02008062
0,2256961
-0,05629212
0,04120566
0,246878
-0,05317882
0,0603012
0,246878
-0,05317882
0,0603012
0,2730418
-0,05415767
0,0761245
0,2677248
-0,0166696
0,09653027
0,2677248
-0,0166696
0,09653027
0,2614875
0,0007721782
0,1088252
0,2419435
0,01853842
0,1313014
0,2419435
0,01853842
0,1313014
0,2169062
0,02761532
0,1427269
0,1764017
0,0102908
0,1577754
0,1764017
0,0102908
0,1577754
0,1417454
0,01313199
0,1660167
0,1093594
0,01043256
0,1659546
0,08246027
0,01524992
0,1607415
0,08246027
0,01524992
0,1607415
0,04258876
-0,004527107
0,1586785
0,008455679
-0,002730355
0,1316895
0,008455679
-0,002730355
0,1316895
-0,02238371
0,01050492
0,09682147
-0,04932378
0,001833379
0,0500255
-0,04932378
0,001833379
0,0500255
-0,06308812
-0,02378523
0,006763723
-0,09630585
-0,0406104
-0,029136
-0,1272984
-0,04315627
-0,06561727
-0,1272984
-0,04315627
-0,06561727
-0,1505705
-0,06660758
-0,08335368
-0,1693335
-0,05255771
-0,1111543
-0,1693335
-0,05255771
-0,1111543
-0,1997302
-0,08198537
-0,1144822
-0,2219352
-0,05995667
-0,1182662
-0,2219352
-0,05995667
-0,1182662
0,02356861
0,06504767
0,008615852
0,009326823
0,4249472
-0,008192658
0,009326823
0,4249472
-0,008192658
0,06132713
0,7860303
-0,1010716
-0,07618237
0,2695693
0,1637429
-0,03709896
0,3470089
0,07307827
-0,03709896
0,3470089
0,07307827
0,2706728
0,8362142
-0,59506
0,005300157
0,2953818
-0,0190407
0,005300157
0,2953818
-0,0190407
-0,1729576
0,6837574
0,3386289
-0,09166925
0,1646843
0,1963705
-0,09166925
0,1646843
0,1963705
0,3317265
0,3392924
-0,7134557
0,08843672
0,5037361
-0,2174556
-0,1780387
0,2006451
0,4005313
-0,1780387
0,2006451
0,4005313
-0,6907966
0,5406256
1,427707
-0,5864313
0,6442076
1,130196
-0,5864313
0,6442076
1,130196
closestDistance
0,944701
0,9404116
0,9421305
0,9441324
0,9421101
0,9419288
0,9419936
0,9417415
0,9426707
0,9457874
0,9501866
0,9533694
0,9573072
0,9604576
0,9595542
0,9534512
0,9491367
0,9493763
0,9454101
0,9420332
0,939635
0,940673
0,9368271
0,9314674
0,9288186
0,9286925
0,9289488
0,9285243
0,9342496
0,9367213
0,9353483
0,9321924
0,9270921
0,9218337
0,9213352
0,9236761
0,9260866
0,9264336
0,9206809
0,9167447
0,9167458
0,9181839
0,9177392
0,9158592
0,9147337
0,9135396
0,9120339
0,9092832
0,9079273
0,9070441
0,9066955
0,9045697
0,9026887
0,901234
0,8993273
0,8972432
0,8954023
0,8947685
0,8880509
0,8811121
0,8768235
0,8735683
0,8716338
0,8709584
0,8679372
0,8673796
0,8678536
0,8653648
0,8591403
0,8535458
0,853237
0,8543703
0,8552248
0,8552259
0,8525194
0,8503428
0,8488701
0,8486796
0,8483744
0,847822
0,8466012
0,8451901
0,8444236
0,844835
0,8434153
0,8431995
0,84438
0,8451242
0,8456301
0,8457878
0,8448769
0,8435043
0,8412088
0,8372097
0,8323638
0,8291185
0,8278066
0,8275517
0,8273431
0,8266855
0,8231065
0,8153442
0,8077275
0,8043743
0,8013765
0,798885
0,7971637
0,7971589
0,7945589
0,7894543
0,7861642
0,7807437
0,7743825
0,7690576
0,7642285
0,7607712
0,7598137
0,7491681
0,7411147
0,7362132
0,7329223
0,7283756
0,7236152
0,7203603
0,713686
0,7067611
0,7030552
0,6985164
0,6950642
0,6930403
0,6829833
0,6755989
0,6711739
0,6693423
0,6653113
0,660723
0,6581871
0,6530901
0,6496518
0,6504676
0,6491424
0,6457059
0,6402351
0,6361235
0,6359851
0,637691
0,6363304
0,6311947
0,627024
0,6293392
0,6319171
0,6341138
0,6354926
0,6382909
0,6378144
0,6347111
0,6317173
0,6319205
0,6343256
0,6383238
0,6396024
0,6377473
0,6311196
0,6210659
0,6151664
0,614095
0,6151743
0,6123059
0,6077757
0,6044809
0,599662
0,595769
0,595594
0,594727
0,5919796
0,5870277
0,5865936
0,5874197
0,5887594
0,5876243
0,5831229
0,5783558
0,5771331
0,5784925
0,579663
0,5797138
0,5762696
0,5730194
0,570391
0,5690373
0,5686447
0,5688059
0,5691719
0,5673904
0,5652854
0,5635418
0,5603371
0,5574121
0,5553175
0,5550676
0,5528448
0,5492541
0,5464075
0,5464216
0,5476347
0,5489833
0,5448551
0,5399805
0,5360799
0,537739
0,5394792
0,5410276
0,5411638
0,5373284
0,5324499
0,5308893
0,5303466
0,5298117
0,5288079
0,5244774
0,5206997
0,5179694
0,514449
0,5110815
0,508181
0,5071324
0,5053611
0,5036569
0,5028051
0,5030459
0,5033727
0,5035546
0,5073324
0,5096686
0,5101965
0,507571
0,5014769
0,4954109
0,4937498
0,4930148
0,4925872
0,4921852
0,4929096
0,4940524
0,4954278
0,4955516
0,4951818
0,4945888
0,4943156
0,4931604
0,491813
0,4906205
0,4889739
0,4881151
0,4884681
0,488888
0,4883676
0,4872671
0,4871607
0,4869212
0,486578
0,4861695
0,4867035
0,4864737
0,4846865
0,4835394
0,4828975
0,4826399
0,4811533
0,4790814
0,4776931
0,4793251
0,4792863
0,4785146
0,4772872
0,4775945
0,4779294
0,4780522
0,4741758
0,4800904
0,4921226
0,4903319
0,4927341
0,4967587
0,5004208
0,5098084
0,5165614
0,5157692
0,5053964
0,5002444
0,5001695
0,5020803
0,507104
0,511135
0,5077232
0,5011572
0,4956864
0,4939377
0,4914081
0,4900803
0,490061
0,4873645
0,4809278
0,4727138
0,4664006
0,4596466
0,4540449
0,4526477
0,4452046
0,4369297
0,4287188
0,422331
0,4194415
0,4197623
0,4203309
0,418348
0,4161538
0,4171024
0,4184051
0,4190562
0,4184999
0,4190572
0,4185622
0,4171829
0,4195022
0,42143
0,4226625
0,4215666
0,4209259
0,4206733
0,4208468
0,4236269
0,4262854
0,4285655
0,4290545
0,4291788
0,4292054
0,4297003
0,4304053
0,4310255
0,4310693
0,4307953
0,4306381
0,430751
0,4318199
0,4317807
0,43058
0,4301363
0,4264193
0,4213581
0,4187682
0,4198371
0,4211055
0,4200203
0,4144042
0,411109
0,4108636
0,4110587
0,4101403
0,408637
0,4081806
0,4077236
0,4072898
0,4069089
0,4078492
0,4087189
0,4085623
0,4074084
0,405938
0,4041532
0,4018821
0,3991416
0,3965491
0,3944352
0,3936109
0,3931634
0,39275
0,3867346
0,381088
0,376626
0,3750998
0,3743272
0,3741103
0,3746068
0,3747584
0,3748937
0,375304
0,3732049
0,3714645
0,3708911
0,3733049
0,3760638
0,3788065
0,378687
0,3733409
0,3674338
0,3686312
0,3696511
0,3698977
0,3689536
0,3651023
0,3628035
0,3622874
0,3600643
0,3584495
0,357037
0,3541906
0,3485471
0,3424228
0,3370453
0,3230954
0,3144147
0,3136504
0,3149097
0,3163105
0,3172215
0,3139404
0,3053262
0,2969183
0,2944638
0,2946952
0,294035
0,2910319
0,2844706
0,2795039
0,2759053
0,2685899
0,2629212
0,2590097
0,258975
0,2570086
0,2537564
0,2485815
0,238862
0,2302951
0,2243065
0,2263565
0,2327493
0,2413291
0,2390792
0,2279091
0,2176283
0,2172131
0,2297282
0,2398495
0,2421159
0,2352926
0,2298916
0,2263987
0,2242393
0,2193279
0,2132712
0,2081018
0,2023335
0,1997254
0,2022485
0,1997071
0,1938075
0,1855615
0,1801147
0,1784105
0,1794783
0,1830532
0,1811279
0,1775456
0,1732612
0,1705554
0,1708992
0,1751673
0,1695853
0,1635741
0,1579815
0,1560669
0,1617594
0,1687338
0,1693015
0,1640373
0,1585739
0,1553096
0,1530805
0,1527273
0,1540458
0,1543623
0,1525014
0,1501808
0,1500686
0,1458932
0,1415156
0,1394327
0,1384143
0,1382598
0,1388152
0,1528339
0,1617111
0,1650311
0,158877
0,1468281
0,1354754
0,13787
0,1488741
0,1573859
0,1570081
0,1545257
0,1543899
0,1568469
0,1617215
0,1637011
0,1638857
0,1632915
0,1674878
0,1714948
0,1711993
0,1696391
0,1692297
0,1703932
0,1693905
0,1687254
0,1676924
0,1632142
0,1535824
0,1442021
0,1409264
0,1416293
0,14052
0,1356031
0,127386
0,1232467
0,1231271
0,1198592
0,118091
0,117539
0,118729
0,1116036
0,1052251
0,1039975
0,1028445
0,1028108
0,104037
0,1048958
0,1033673
0,1003844
0,09760311
0,09608425
0,09540252
0,09539004
0,09468162
0,09467273
0,09593666
0,09046917
0,08749972
0,08675535
0,08769427
0,08748924
0,08670037
0,08584067
0,08376773
0,08119322
0,07831662
0,0708147
0,06555093
0,06351548
0,06141047
0,0601593
0,05952326
0,05862528
0,05406465
0,05034015
0,04916065
0,04889707
0,04874218
0,04850106
0,04643229
0,04576769
0,04569861
0,04604644
0,04609585
0,04708458
0,04907581
0,04856731
0,04736944
0,04620378
0,04591208
0,04546271
0,04473593
0,04311753
0,04363035
0,04532773
0,04548622
0,04585542
0,04655875
0,04633596
0,04620927
0,04655872
0,04711733
0,04646675
0,04802563
0,05139261
0,05476907
0,05843011
0,06173927
0,06255516
0,06573004
0,06885312
0,07084694
0,07627662
0,08012858
0,08211429
0,08256604
0,08585484
0,09036597
0,09355975
0,09654642
0,09941562
0,1032138
0,1069952
0,1095068
0,1105236
0,1126793
0,1156737
0,1189925
0,1206844
0,1243908
0,128467
0,1306837
0,1341648
0,1371335
0,1389764
0,1415838
0,1443741
0,1475163
0,1515339
0,1544245
0,156726
0,1600343
0,1667069
0,173251
0,1767758
0,1790993
0,1801158
0,1799608
0,1817432
0,1842277
0,1867277
0,1864976
0,1916376
0,198012
0,2030784
0,2130315
0,2192644
0,2197339
0,2235985
0,2294658
0,236919
0,2412184
0,2466454
0,2511348
0,2506944
0,2535885
0,2561362
0,2561362
0,2561362
0,2561362
0,2561362
0,2561362
0,2561361
0,2561361
0,2561361
0,2561361
0,2561361
0,2561361
0,2563287
0,256501
0,2565885
0,2566357
0,2566655
0,2566964
0,256841
0,2568885
0,2568885
0,2568885
0,2568885
0,2568885
0,2568885
0,2568885
0,2567571
0,255928
0,2514163
0,2585801
0,2648627
0,2649904
0,2650236
0,2650236
0,2650236
0,2650236
0,2650236
0,2650236
0,2650236
0,2650236
0,2650236
0,2650236
0,2650236
0,2650236
0,2650236
0,2650236
0,2650236
0,2650236
0,2650236
0,2650236
0,2650236
0,2650236
0,2650236
0,2650236
0,2650236
0,2650236
0,2650236
0,2650236
0,2650236
0,2650236
0,2650236
0,2650236
0,2650236
0,2650236
0,2650236
0,2650236
0,2650236
0,2650236
0,2650236
0,2650235
0,2650236
0,2650236
0,2650236
0,2650236
0,2650236
0,2650236
0,2650236
0,2650236
0,2650236
0,2650235
0,2650236
0,2650236
0,2650235
0,2650236
0,2650236
0,2650236
0,2650236
0,2650236
0,2650236
0,2650235
0,2650236
0,2650235
0,2650235
0,2650235
0,2650235
0,2650235
0,2650235
0,2650235
0,2650235
0,2650235
0,2650235
0,2650235
0,2650235
0,2650235
0,2650235
0,2656316
0,2670144
0,269301
0,2724083
0,2758892
0,2788287
0,283375
0,2891321
0,2962218
0,3002097
0,3020613
0,3019423
0,3001674
0,2992152
0,2989736
0,2990395
0,2988566
0,2986101
0,298528
0,2999227
0,3007526
0,2999801
0,2991431
0,2984196
0,2978125
0,2965223
0,2948313
0,2929857
0,291168
0,2897431
0,2884924
0,2875356
0,2869056
0,286488
0,2862862
0,2864574
0,2868814
0,2874949
0,288426
0,2895843
0,2908983
0,2923971
0,2940707
0,295878
0,2976667
0,2995872
0,3015067
0,3033967
0,3052472
0,3064689
0,3071377
0,3071872
0,3070841
0,3069325
0,3067674
0,3066119
0,306462
0,3062995
0,3058796
0,3053157
0,3045782
0,3038049
0,3030009
0,3022478
0,3014576
0,3008186
0,3002519
0,2997788
0,2993973
0,2990722
0,2988033
0,2986372
0,2985575
0,2985519
0,2986358
0,2988044
0,2990352
0,2993399
0,2997132
0,3001599
0,3006227
0,3011622
0,3017329
0,3023275
0,3029389
0,3035796
0,3042028
0,3048369
0,3054629
0,3060305
0,306552
0,3068557
0,3070539
0,3071712
0,3072199
0,3072808
0,307339
0,3073599
0,3073619
0,3073524
0,3073308
0,3072778
0,3072051
0,3071081
0,3069786
0,306815
0,3066388
0,3064132
0,3065062
0,3070928
0,3085114
0,3086209
0,3081203
0,3071564
0,3042665
0,3024088
0,3016096
0,3018243
0,3001687
0,2982061
0,297853
0,2975886
0,2976449
0,2981534
0,2957177
0,2929924
0,2900854
0,2880162
0,28433
0,280799
0,2810006
0,2799975
0,2793795
0,2797219
0,2760723
0,2736774
0,2732805
0,2740415
0,2739081
0,2732612
0,2732901
0,2733749
0,2733054
0,2726981
0,2705171
0,2687916
0,268162
0,2666534
0,2660198
0,2660433
0,26355
0,2604047
0,2574023
0,2568531
0,2569405
0,2566569
0,2552585
0,2579275
0,2614213
0,2652017
0,2666359
0,2639949
0,2593225
0,2590373
0,2628198
0,2673092
0,2694542
0,2684807
0,2660524
0,2628668
0,2635795
0,263986
0,2641389
0,2656341
0,269033
0,2726982
0,2736594
0,2718061
0,2711249
0,2739408
0,2793561
0,2831173
0,2846726
0,2852609
0,284553
0,283117
0,2825919
0,2835056
0,284558
0,2845118
0,2868486
0,2894036
0,2917889
0,2913606
0,2923083
0,29471
0,2991388
0,3048086
0,310061
0,3122509
0,3170043
0,3213651
0,3237893
0,329511
0,3334935
0,335418
0,3380307
0,3447395
0,351759
0,3521687
0,3537604
0,3556872
0,3572844
0,3595935
0,3603918
0,3591834
0,3601203
0,3623376
0,365935
0,3710683
0,3805211
0,3889241
0,390752
0,3909839
0,3924297
0,3961267
0,4085814
0,4184178
0,4258236
0,4293202
0,4321195
0,4340743
0,4343888
0,4405544
0,4480821
0,4545225
0,4643408
0,4729286
0,4795174
0,4848979
0,4897963
0,4941905
0,4948091
0,4996832
0,5062448
0,5130624
0,5170311
0,5190322
0,5189895
0,5184556
0,5184212
0,5188047
0,5179428
0,5215279
0,5267933
0,5289416
0,5293505
0,52919
0,52879
0,52965
0,5314811
0,5343289
0,534953
0,5373805
0,5408749
0,5416805
0,5409657
0,5405076
0,5422124
0,5421718
0,5426804
0,5444418
0,542827
0,5416726
0,5409365
0,5401514
0,5406598
0,5417061
0,5421847
0,5416186
0,5408828
0,5402395
0,5416312
0,5422041
0,5416805
0,5406625
0,5409405
0,5418981
0,5422515
0,5441676
0,5452719
0,5431141
0,5428934
0,5428934
0,5428934
0,5428934
0,5428934
0,5428934
0,5428934
0,5428934
0,5428934
0,5428934
0,5428934
0,5428934
0,5428934
0,5428934
0,5428934
0,5428934
0,5428934
0,5428934
0,5428934
0,5428934
0,5428934
0,5428934
0,5428934
0,5428934
0,5428934
0,5428934
0,5428934
0,5428934
0,5428934
0,5428934
0,5428934
0,5428934
0,5428934
0,5428934
0,5428934
0,5428934
0,5428934
0,5428934
0,5428934
0,5428934
0,5428934
0,5428934
0,5428934
0,5428934
0,5428934
0,5428934
0,5428934
0,5428934
0,5428934
0,5428934
0,5436648
0,5450079
0,5463444
0,547698
0,5491872
0,5508063
0,5519494
0,5532964
0,5551994
0,5567836
0,5585285
0,5603272
0,5625694
0,5651437
0,5681918
0,5717735
0,5764208
0,5817484
0,5884461
0,5917126
0,5975544
0,6067836
0,6162052
0,6268702
0,6361423
0,6398276
0,6461664
0,6537763
0,6621564
0,6671097
0,6711621
0,6748706
0,6782555
0,6812771
0,6841015
0,6864647
0,6885248
0,6903443
0,6917483
0,6928285
0,6936741
0,6942194
0,6944017
0,6943734
0,6941365
0,693517
0,6926773
0,6915992
0,690221
0,6885287
0,686576
0,6843417
0,6817364
0,6788709
0,6757475
0,6723464
0,6692024
0,6665641
0,6647981
0,6635926
0,6628461
0,6627637
0,6633716
0,664139
0,665012
0,6658556
0,6665352
0,6670949
0,6675022
0,6679401
0,668383
0,668754
0,6691332
0,6695163
0,6698411
0,6700761
0,6702933
0,6705185
0,6706092
0,670666
0,6706918
0,670682
0,6706451
0,670589
0,6705111
0,6703426
0,6701073
0,6698295
0,6694799
0,6695359
0,6699592
0,6700727
0,6694636
0,6687909
0,6693724
0,6679717
0,6681904
0,6728474
0,6715128
0,6681111
0,6628545
0,6599159
0,6608409
0,6639773
0,663286
0,6584923
0,6537099
0,6533201
0,6592038
0,6652139
0,6698618
0,678422
0,6845466
0,6880704
0,6894854
0,6945958
0,7007143
0,7022997
0,706656
0,7107841
0,7126097
0,7193944
0,7221135
0,720015
0,7203573
0,7223966
0,7252271
0,7257489
0,7287906
0,732668
0,7364475
0,740226
0,7451261
0,751047
0,7612072
0,7650739
0,7641461
0,7633188
0,7644157
0,7662461
0,767074
0,7675271
0,7670148
0,7648863
0,7680558
0,7716076
0,7754481
0,7833692
0,7866058
0,7876005
0,7916607
0,7955136
0,7981676
0,7981676
0,7981676
0,7981676
0,7981676
0,7981677
0,7981676
0,7981676
0,7981676
0,7981676
0,7981676
0,7981676
0,7981676
0,7981677
0,7981676
0,7981676
0,7981676
0,7981676
0,7981676
0,7981676
0,7981676
0,7981676
0,7974703
0,7967632
0,7965253
0,7966586
0,7969821
0,7975075
0,7982333
0,7991029
0,8000706
0,8012843
0,8025991
0,8041281
0,8056779
0,8073465
0,8092127
0,8110776
0,8130708
0,8150226
0,8168991
0,8187464
0,8205646
0,8223014
0,8237102
0,8249031
0,8257605
0,8263016
0,8265043
0,8264698
0,8261899
0,8252233
0,8243369
0,8233644
0,8219666
0,8206904
0,8194547
0,8180441
0,8176618
0,8172168
0,8164856
0,8140845
0,8139774
0,8158343
0,816508
0,8107724
0,803852
0,8033786
0,8067017
0,8104953
0,813152
0,8041824
0,7976823
0,7950728
0,8005477
0,8148943
0,8339341
0,8500765
timeStamps
3,282713
3,296912
3,310421
3,324458
3,338283
3,352287
3,366279
3,380327
3,393731
3,408005
3,421659
3,436095
3,449566
3,463404
3,477461
3,491487
3,505367
3,519565
3,53332
3,547194
3,561301
3,574932
3,58938
3,602993
3,616708
3,630983
3,645226
3,659136
3,673032
3,686707
3,700673
3,71419
3,728391
3,742207
3,756051
3,770376
3,784199
3,798148
3,811912
3,826044
3,84009
3,853879
3,86762
3,88149
3,895481
3,909715
3,923306
3,937848
3,951176
3,965441
3,979774
3,992926
4,007141
4,021027
4,034607
4,048659
4,062655
4,076553
4,090819
4,104492
4,118444
4,132543
4,146305
4,160204
4,174623
4,188039
4,202149
4,215987
4,22999
4,243907
4,258111
4,27156
4,285581
4,29935
4,313389
4,327358
4,341197
4,355201
4,369181
4,383115
4,396999
4,411036
4,424987
4,439084
4,452927
4,466672
4,4806
4,494651
4,508434
4,522377
4,536931
4,550283
4,564227
4,578029
4,592269
4,605915
4,620152
4,634144
4,647674
4,661876
4,675513
4,689805
4,703323
4,717389
4,731193
4,74524
4,759367
4,773365
4,78708
4,801201
4,815188
4,828918
4,842775
4,856814
4,87071
4,884696
4,898723
4,912845
4,926285
4,940655
4,954172
4,968478
4,982212
4,996012
5,009883
5,023997
5,037929
5,051973
5,065548
5,079786
5,093434
5,107379
5,121321
5,135444
5,149245
5,163277
5,177295
5,191036
5,20507
5,218658
5,232625
5,246675
5,260777
5,27476
5,288682
5,302
5,316661
5,329979
5,343925
5,358015
5,371786
5,385946
5,399728
5,413766
5,427862
5,441787
5,455573
5,469325
5,483624
5,497125
5,511385
5,524974
5,539532
5,553027
5,567278
5,580782
5,594631
5,609075
5,622472
5,636755
5,650298
5,664547
5,678138
5,692408
5,706191
5,719957
5,734089
5,748055
5,761772
5,775739
5,789636
5,803537
5,817949
5,831442
5,845346
5,859166
5,873117
5,887288
5,90119
5,915319
5,928795
5,943284
5,956559
5,971051
5,984714
5,998408
6,012215
6,02657
6,040369
6,054337
6,067982
6,081926
6,09582
6,109998
6,123446
6,137385
6,151398
6,165505
6,179262
6,193501
6,207067
6,221159
6,235195
6,249153
6,262701
6,277155
6,290661
6,304578
6,318623
6,332546
6,346458
6,360322
6,374271
6,388271
6,402303
6,416188
6,430022
6,443902
6,457908
6,47185
6,485715
6,499758
6,513601
6,528019
6,541602
6,55527
6,569521
6,583127
6,59705
6,611312
6,625064
6,63883
6,652797
6,666866
6,680559
6,694823
6,708647
6,722281
6,736691
6,750419
6,764196
6,778731
6,792091
6,805993
6,820122
6,833955
6,847843
6,861518
6,87577
6,88948
6,903771
6,917321
6,931707
6,945194
6,959147
6,972944
6,986955
7,001033
7,014815
7,029215
7,043149
7,056604
7,070693
7,084441
7,098837
7,11231
7,126402
7,140188
7,15435
7,167999
7,182192
7,195882
7,209828
7,223743
7,23826
7,251415
7,265673
7,27951
7,293231
7,307571
7,32121
7,335142
7,349539
7,363132
7,377316
7,390718
7,404728
7,418722
7,432683
7,446471
7,460498
7,474341
7,488496
7,50225
7,51635
7,529908
7,54392
7,557818
7,572081
7,585999
7,599927
7,613488
7,62749
7,641669
7,655592
7,669426
7,683115
7,697108
7,711233
7,72527
7,739147
7,753082
7,766864
7,780723
7,794828
7,808767
7,822344
7,836656
7,850189
7,86487
7,87808
7,892408
7,905806
7,92008
7,933889
7,947604
7,961607
7,975749
7,989522
8,003795
8,017646
8,03149
8,045242
8,059595
8,073268
8,08712
8,10113
8,114844
8,128747
8,142975
8,156505
8,170544
8,184368
8,198345
8,212621
8,226118
8,240488
8,254246
8,268144
8,28208
8,295738
8,309835
8,323889
8,337929
8,351821
8,365558
8,379568
8,393268
8,407365
8,421563
8,43504
8,448999
8,462955
8,477004
8,490863
8,504634
8,518507
8,532434
8,54634
8,56041
8,574642
8,588099
8,602117
8,616201
8,629897
8,644024
8,658136
8,671778
8,685899
8,699841
8,713712
8,727493
8,74169
8,755326
8,76919
8,783013
8,797053
8,810996
8,825421
8,838764
8,852852
8,866631
8,880629
8,894474
8,908804
8,922375
8,936178
8,950297
8,964007
8,978034
8,992263
9,005918
9,020002
9,033918
9,047624
9,061954
9,07583
9,089824
9,103477
9,117705
9,131397
9,145418
9,159221
9,173018
9,187078
9,201387
9,215101
9,228803
9,242875
9,256659
9,270548
9,284598
9,298625
9,312308
9,326364
9,340181
9,353969
9,36783
9,381873
9,395889
9,410169
9,423965
9,437647
9,451612
9,465476
9,479502
9,493233
9,507229
9,52114
9,535081
9,549062
9,563386
9,576877
9,590928
9,604711
9,61884
9,632683
9,646541
9,660487
9,67465
9,688361
9,702257
9,716375
9,730253
9,744306
9,758095
9,772015
9,785682
9,799692
9,813522
9,827761
9,841622
9,855351
9,869689
9,883162
9,897334
9,910954
9,925094
9,93883
9,95307
9,966806
9,980879
9,994841
10,00887
10,02257
10,03653
10,05022
10,06469
10,07818
10,09245
10,10656
10,11976
10,13372
10,14749
10,1614
10,17612
10,1893
10,20358
10,2175
10,231
10,24493
10,25933
10,27289
10,28686
10,30141
10,31503
10,32866
10,34257
10,35655
10,37033
10,38455
10,39819
10,41238
10,42619
10,44006
10,45406
10,46819
10,48211
10,49583
10,50976
10,52331
10,53787
10,55151
10,56549
10,57909
10,59304
10,60707
10,62103
10,63523
10,64895
10,66279
10,67672
10,69093
10,70462
10,71892
10,73241
10,74638
10,76047
10,77414
10,78801
10,80203
10,81591
10,83013
10,84378
10,85821
10,87157
10,88549
10,89945
10,91376
10,9273
10,94132
10,95566
10,96921
10,98331
10,99736
11,01092
11,02476
11,03893
11,05251
11,06649
11,08078
11,09424
11,10856
11,12299
11,13599
11,15019
11,16399
11,17795
11,19201
11,20597
11,21944
11,23344
11,24755
11,26139
11,2753
11,28939
11,30324
11,3172
11,33099
11,34524
11,35899
11,37276
11,38666
11,40059
11,41473
11,42869
11,44255
11,45625
11,4705
11,48463
11,49799
11,51238
11,52573
11,53989
11,55363
11,56776
11,58171
11,59581
11,6094
11,62397
11,63778
11,65147
11,66556
11,67897
11,69312
11,70699
11,72094
11,73471
11,74884
11,76249
11,77649
11,79107
11,80423
11,8186
11,83245
11,84612
11,86005
11,87389
11,88804
11,90202
11,91569
11,92967
11,94411
11,95784
11,97174
11,98567
11,9993
12,01315
12,02706
12,04141
12,05494
12,06917
12,08281
12,09709
12,11068
12,1249
12,13849
12,15298
12,16627
12,18037
12,19432
12,20821
12,22228
12,23644
12,25035
12,26421
12,27846
12,29219
12,30606
12,31993
12,33382
12,34744
12,36151
12,37518
12,38923
12,40301
12,4168
12,43082
12,44477
12,45897
12,47267
12,48653
12,50043
12,51451
12,52822
12,54224
12,55631
12,57007
12,58384
12,59813
12,61182
12,62611
12,63979
12,65354
12,66758
12,68169
12,69548
12,7093
12,72331
12,73709
12,75109
12,76505
12,77889
12,79287
12,80671
12,82075
12,83493
12,84855
12,8628
12,87646
12,8906
12,9045
12,91846
12,93205
12,94598
12,96026
12,97401
12,9878
13,00184
13,0157
13,02952
13,04348
13,05737
13,07132
13,08565
13,09898
13,11292
13,12697
13,14125
13,15474
13,16893
13,18258
13,19676
13,21047
13,22448
13,23839
13,25252
13,26618
13,28036
13,29407
13,30812
13,32201
13,33628
13,3497
13,36367
13,37763
13,39144
13,40539
13,41958
13,43357
13,44743
13,46142
13,47508
13,48895
13,50313
13,51698
13,53094
13,54468
13,55866
13,57258
13,58646
13,60064
13,6145
13,6284
13,64215
13,65619
13,67002
13,68415
13,69785
13,71167
13,72557
13,73983
13,75377
13,76798
13,78132
13,79538
13,80902
13,82328
13,83708
13,85085
13,86501
13,87878
13,89287
13,90665
13,92095
13,93454
13,94863
13,96257
13,97619
13,99028
14,00427
14,01809
14,03213
14,04578
14,06005
14,07386
14,08767
14,10185
14,1156
14,12928
14,14341
14,15735
14,17123
14,18535
14,19935
14,21303
14,227
14,2407
14,2546
14,26884
14,2826
14,29663
14,31035
14,32471
14,33838
14,35224
14,36615
14,38004
14,39384
14,40816
14,42163
14,43584
14,4497
14,46344
14,47742
14,49141
14,50567
14,51912
14,5332
14,54722
14,56101
14,57502
14,58923
14,60288
14,61665
14,63075
14,64449
14,65837
14,67261
14,68632
14,70053
14,71434
14,72795
14,74248
14,75584
14,77023
14,78386
14,79795
14,81161
14,82561
14,83968
14,85339
14,86723
14,88157
14,89535
14,90923
14,92313
14,9368
14,9509
14,96479
14,97878
14,9925
15,00695
15,02039
15,03424
15,04815
15,06206
15,07602
15,09032
15,10405
15,11798
15,13197
15,1457
15,15992
15,17395
15,18754
15,20136
15,21544
15,22924
15,24323
15,25747
15,27092
15,28541
15,29896
15,31294
15,32676
15,34104
15,35446
15,36868
15,38224
15,39654
15,41006
15,42431
15,43801
15,45202
15,46612
15,47972
15,4937
15,50798
15,5218
15,53564
15,54952
15,56364
15,57736
15,5915
15,60526
15,61917
15,63304
15,64688
15,66106
15,67479
15,68898
15,7025
15,71682
15,73074
15,7445
15,7587
15,77235
15,78621
15,80031
15,81411
15,82811
15,8417
15,85591
15,86971
15,88348
15,89779
15,91172
15,92548
15,93918
15,95318
15,96726
15,98101
15,99529
16,00887
16,02317
16,03718
16,0505
16,06477
16,07869
16,09231
16,10631
16,12037
16,1342
16,14813
16,16257
16,17598
16,18999
16,20398
16,2178
16,23173
16,24615
16,25946
16,27337
16,2877
16,30162
16,31536
16,32912
16,34318
16,35712
16,3708
16,38486
16,39896
16,41263
16,42651
16,44079
16,45439
16,46825
16,48223
16,49619
16,51017
16,52449
16,53814
16,55212
16,56584
16,57974
16,59364
16,60764
16,62144
16,63544
16,64943
16,66335
16,6776
16,69121
16,70492
16,71886
16,73289
16,74683
16,76066
16,77469
16,78905
16,80297
16,81656
16,83043
16,84426
16,85845
16,87247
16,88602
16,89987
16,91384
16,92796
16,94234
16,95573
16,96997
16,98401
16,99751
17,01127
17,02539
17,03923
17,05339
17,06689
17,08083
17,09457
17,10868
17,12303
17,13687
17,15048
17,16436
17,17843
17,19232
17,20615
17,22006
17,23448
17,24794
17,26207
17,27595
17,29006
17,30359
17,31762
17,33163
17,34547
17,35916
17,37314
17,38716
17,40125
17,41492
17,42893
17,44274
17,45708
17,47087
17,48476
17,49851
17,51246
17,52643
17,54045
17,55463
17,56814
17,58204
17,59612
17,60996
17,62383
17,63789
17,65192
17,66561
17,67958
17,69353
17,70735
17,72191
17,73514
17,74922
17,76307
17,77736
17,79129
17,80521
17,81907
17,83288
17,84666
17,86103
17,87487
17,88844
17,9024
17,91653
17,93001
17,94403
17,95796
17,97208
17,98574
17,99998
18,01371
18,02776
18,04159
18,05558
18,06953
18,08331
18,09751
18,11137
18,12514
18,1392
18,15301
18,16679
18,18094
18,19506
18,20893
18,22289
18,23636
18,25043
18,26433
18,27829
18,29242
18,30597
18,32069
18,33385
18,34806
18,36163
18,37582
18,38964
18,40342
18,41755
18,4319
18,44533
18,45944
18,47326
18,48705
18,50118
18,51483
18,52924
18,54273
18,55669
18,57056
18,58452
18,59839
18,61238
18,62621
18,64034
18,65436
18,66803
18,68202
18,69601
18,70975
18,72389
18,73763
18,75176
18,76554
18,77953
18,79346
18,80779
18,82121
18,83542
18,84929
18,86327
18,87683
18,89102
18,90469
18,9191
18,93248
18,94641
18,9608
18,9743
18,98875
19,00235
19,01613
19,02995
19,04375
19,0577
19,07179
19,08581
19,09958
19,11371
19,1274
19,14136
19,15521
19,16913
19,18329
19,19698
19,21097
19,22528
19,23898
19,25265
19,26699
19,28068
19,2945
19,3083
19,32243
19,33619
19,35006
19,36409
19,37798
19,39189
19,40594
19,4201
19,43366
19,44786
19,4618
19,4756
19,48939
19,50353
19,51742
19,53171
19,54511
19,55881
19,57306
19,58675
19,60089
19,61483
19,62878
19,6428
19,65655
19,67012
19,68436
19,69807
19,71224
19,72603
19,74005
19,754
19,76791
19,78198
19,7958
19,80968
19,82357
19,83763
19,85132
19,8656
19,879
19,89299
19,90717
19,92087
19,93505
19,94904
19,96288
19,97681
19,99064
20,00452
20,01823
20,0325
20,04606
20,06051
20,07418
20,08803
20,10216
20,11618
20,12992
20,14368
20,1575
20,17166
20,18536
20,19967
20,2134
20,22731
20,24137
20,25508
20,26891
20,28327
20,29684
20,31073
20,32491
20,3385
20,35256
20,36713
20,38036
20,39415
20,40818
20,42223
20,43614
20,45021
20,46392
20,47813
20,49178
20,50572
20,51966
20,53394
20,54755
20,56153
20,57558
20,58904
20,60311
20,61704
20,63091
20,64489
20,65888
20,6731
20,68702
20,70091
20,71477
20,72839
20,74229
20,75627
20,77026
20,78408
20,79814
20,81215
20,82627
20,83979
20,85396
20,86828
20,88153
20,89547
20,91015
20,92339
20,93768
20,95116
20,96529
20,97926
20,99319
21,00694
21,02094
21,03459
21,04874
21,0626
21,07682
21,09043
21,10439
21,11871
21,13221
21,14612
21,16031
21,17393
21,18806
21,2018
21,21575
21,2297
21,24448
21,25774
21,2712
21,28554
21,29911
21,31338
21,32739
21,34097
21,35497
21,36895
21,38302
21,39664
21,41104
21,42449
21,43869
21,45239
21,46658
21,48028
21,4945
21,50804
21,52214
21,53623
21,55008
21,56357
21,57794
21,59148
21,60571
21,61968
21,6335
21,64717
21,66142
21,67527
21,68927
21,70287
21,71683
21,73101
21,74487
21,75867
21,77289
21,7865
21,80081
21,81451
21,8285
21,84216
21,85612
