participantNumber
3
repetitionNum
2
sdfEnabled
1
taskTime
17,37601
numHits
28
positionDifference
0,1362219
angleDifference
110,5981
finalPosX
-0,06148135
finalPosY
-0,02992128
finalPosZ
0,8665452
finalRotX
283,8144
finalRotY
189,9465
finalRotZ
121,361
taskType
easyWire
velocityMagnitude
0,6107275
0,2341484
0,4308727
0,359182
0,7471608
0,4711218
0,009857299
0,009857299
0,01063834
0,9437121
0,4664647
0,06269774
0,4814417
0,4205968
0,2541962
0,3721101
0,3160735
0,1757747
0,3600581
0,3125729
0,3964015
0,1723092
0,1961298
0,2441358
0,3011359
0,2581795
0,3769275
0,2524872
0,3158035
0,2735086
0,2018277
0,2781206
0,1485341
0,1569688
0,1820363
0,3069899
0,33106
0,3522494
0,3095903
0,3082688
0,2787552
0,2776913
0,3909198
0,508856
0,4657608
0,2976304
0,3569627
0,3535408
0,2872844
0,3495374
0,2652631
0,1897207
0,2308173
0,1011837
0,07209249
0,1105618
0,187132
0,1617973
0,1623096
0,2084955
0,117774
0,2224533
0,2842581
0,2597203
0,3387066
0,1702549
0,1884609
0,2405753
0,021087
0,0451239
0,04304511
0,05510025
0,07244115
0,06298038
0,07781416
0,07397585
0,1761801
0,203176
0,103306
0,1656101
0,2450875
0,3671149
0,5393844
0,4762695
0,4752142
0,4884317
0,1729223
0,217613
0,07749072
0,06299642
0,04920499
0,06658731
0,1018023
0,139718
0,2094477
0,261211
0,3130093
0,5066284
0,4492167
0,4870634
0,4409607
0,3059891
0,1719233
0,06657055
0,07853492
0,2731273
0,1716695
0,06833222
0,1285411
0,08656629
0,0101439
0,01839589
0,08802449
0,1315764
0,09425559
0,1125497
0,1664047
0,2375004
0,2412971
0,211865
0,404671
0,3192444
0,3911315
0,5325521
0,2814256
0,4075548
0,4590456
0,2825042
0,3845125
0,2471723
0,3198982
0,2836471
0,2548464
0,2854091
0,2768264
0,2849754
0,3064274
0,3414496
0,3328812
0,3319645
0,412453
0,4702424
0,2718679
0,3020579
0,495572
0,6212676
0,6212676
0,5300083
0,3304881
0,2233821
0,2233821
0,3022158
0,4139035
0,4139035
0,5675476
0,3657062
0,3657062
0,1946362
0,2105796
0,2105796
0,2960329
0,280965
0,195434
0,195434
0,1542079
0,08101457
0,08101457
0,06178899
0,06371316
0,06371316
0,07501145
0,09623694
0,1037129
0,1037129
0,1568047
0,06244727
0,06244727
0,1368523
0,1305153
0,1305153
0,1612543
0,1079309
0,07887381
0,07887381
0,09729375
0,07280568
0,07280568
0,09250221
0,1392134
0,1392134
0,2369523
0,3615944
0,3615944
0,4117746
0,4303804
0,4396586
0,4396586
0,5521392
0,5918388
0,5918388
0,9230193
0,6844099
0,6844099
0,2685556
0,1610128
0,1548538
0,1548538
0,1796353
0,06137759
0,06225857
0,02252355
0,02252355
0,004079663
0,01215752
0,02294689
0,01962359
0,008949893
0,008949893
0,1135844
0,2784054
0,2784054
0,2492025
0,1983793
0,2092828
0,1862331
0,1410857
0,1410857
0,1454088
0,2373481
0,2373481
0,2049843
0,1972751
0,2247764
0,2798615
0,2798615
0,3847493
0,4350267
0,2656751
0,2656751
0,2940902
0,2940902
0,2327668
0,3036951
0,3075453
0,4513364
0,1873477
0,1221115
0,04736543
0,05539868
0,0667012
0,06780805
0,07321694
0,08224934
0,08823046
0,09520075
0,1045541
0,1045541
0,3202297
0,2222278
0,2222278
0,3578928
0,3578928
0,384595
0,384595
0,06740244
0,3950589
0,3368531
0,605634
0,3204474
0,4123195
0,5758401
0,5494906
0,4634461
0,5795005
0,7832676
0,6325638
1,184305
0,7111239
0,6992847
0,1217027
0,05468487
0,03925997
0,01850012
0,04641296
0,03487855
0,05415869
0,0579872
0,02030216
0,04776753
0,05988048
0,1706621
0,5411106
0,1704412
0,2993288
0,2196083
0,1850179
0,1624751
0,11319
0,1097224
0,1109709
0,1322633
0,2152417
0,2370727
0,2716035
0,2982726
0,4447775
0,5063049
0,5381482
0,4766051
0,4202966
0,2324575
0,1262289
0,02498983
0,0353209
0,129351
0,06426402
0,05585494
0,06660509
0,1377899
0,1620863
0,1038925
0,04441709
0,0256489
0,1112888
0,1332261
0,09423878
0,1525677
0,1612261
0,1175613
0,08839723
0,03395524
0,09265129
0,1110051
0,07390379
0,171147
0,1365851
0,1902581
0,1990458
0,1294255
0,3716184
0,2257658
0,2817484
0,2711228
0,2477302
0,196893
0,1727455
0,228756
0,1168947
0,1967648
0,1518576
0,1641103
0,245046
0,2016917
0,2327162
0,1459909
0,188883
0,241279
0,206525
0,1826917
0,223015
0,2241008
0,3318967
0,285375
0,2723758
0,2719455
0,2719455
0,520931
0,2615859
0,3894155
0,3969158
0,3969158
0,5908072
0,5213427
0,5447813
0,5447813
0,3021564
0,2152413
0,2152413
0,3535858
0,3185322
0,3185322
0,4596979
0,3711846
0,3711846
0,384375
0,3784256
0,5491788
0,5491788
0,6559807
0,3614722
0,3614722
0,4014231
0,5308013
0,5308013
0,7941124
0,4629808
0,2425666
0,2425666
0,4310358
0,3368162
0,3368162
0,4362254
0,2498472
0,05373832
0,03283875
0,02207613
0,02207613
0,01301128
0,0295105
0,1153355
0,1518403
0,1518403
0,1046888
0,09818634
0,0918923
0,1292756
0,1491038
0,1750847
0,1750847
0,210601
0,2212233
0,1301611
0,01661086
0,01575579
0,01512076
0,01050296
0,006915335
0,0215829
0,01996686
0,01928873
0,005782745
0,07758295
0,06270258
0,03149169
0,03149169
0,0342558
0,057158
0,03958003
0,04613396
0,04374206
0,03908387
0,03908387
0,01217199
0,04493176
0,03170488
0,04361565
0,02755199
0,08005542
0,08609039
0,09721803
0,0596203
0,08880568
0,08880568
0,1039541
0,1026152
0,4236028
0,09542353
0,1105258
0,1397046
0,1437811
0,1505338
0,6207231
0,5038627
0,4834088
0,6803272
0,3356701
0,2643045
0,1532398
0,1532398
0,09490693
0,1497416
0,0662092
0,0960181
0,09129366
0,08382255
0,1176702
0,1517885
0,1654453
0,1887304
0,1966837
0,1810541
0,1810541
0,1149446
0,03323325
0,03323325
0,004484709
0,004484709
0,01778869
0,01778869
0,0113924
0,008105993
0,008003328
0,01077147
0,006146098
0,006079535
0,02003459
0,0183122
0,02042213
0,008329119
0,009886547
0,00162307
0,002733773
0,002733773
0,005863636
0,01601558
0,007522684
0,009495001
0,009495001
0,0009185337
0,0009185337
0,01021853
0,01021853
0,03226968
0,03226968
0,09410477
0,124791
0,124791
0,518036
0,1533964
0,6021275
0,8046997
0,8302919
0,6973685
1,199107
0,7989505
0,6908084
0,4629631
0,4836213
0,7738893
0,189378
0,03939033
0,05873358
0,05062393
0,05943364
0,06235594
0,1903186
0,1883775
0,09859503
0,1585362
0,3166222
0,206508
0,09977016
0,1318962
0,09296338
0,1189655
0,09297375
0,09041219
0,1384625
0,1487853
0,1004057
0,1249325
0,1206836
0,2857755
0,2803665
0,2288376
0,2109899
0,2713648
0,183336
0,2761427
0,2950458
0,3609774
0,2912678
0,3514527
0,4492273
0,2635177
0,3412468
0,2885787
0,170786
0,1644129
0,1001998
0,00762163
0,003719309
0,0006386839
0,004938488
0,003836608
0,0002433598
9,134649E-05
0,0008342926
0,002831444
0,001635916
0,0007991985
0,004334433
0,003603443
0,001588632
0,0005642347
0,003078438
0,01719159
0,00555687
0,001314272
0,002549662
0,004648542
0,00713294
0,00212554
0,006670173
0,006538569
0,001708802
0,003551664
0,001729632
0,005606955
0,008253138
0,003211265
0,007119372
0,004215782
0,01005322
0,01372363
0,002618304
0,002452741
0,01285069
0,00267954
0,002227882
0,00140509
0,001822297
0,003016108
0,001204184
0,003886763
0,0008023134
0,006127295
0,008856081
0,003672685
0,003744484
0,002662802
0,003278475
0,003211065
0,002717336
0,002543663
0,002775813
0,003517357
0,003038795
0,002906439
0,004785636
0,003024304
0,002496787
0,002333831
0,002445183
0,00255719
0,003602938
0,01564364
0,03234055
0,06161867
0,06454887
0,06322781
0,0786051
0,05257798
0,04404779
0,02175678
0,08693198
0,07932781
0,1073508
0,1140734
0,1012264
0,08660839
0,06813117
0,07573915
0,06298954
0,06746902
0,05189128
0,03802553
0,04896407
0,0439423
0,09219667
0,1028734
0,06388668
0,06617257
0,1009353
0,09491916
0,1362194
0,3764718
0,4428469
0,8872266
0,2477027
0,2477027
0,3590819
0,565407
0,4456103
0,4788031
0,4788031
0,5114149
1,052798
1,052798
0,737502
0,6857141
0,6857141
0,9668896
0,6883472
0,5245737
0,5245737
0,09825248
0,4390855
0,4390855
0,4950138
0,2576483
0,2576483
0,3393836
0,2825807
0,2081233
0,2081233
0,2196447
0,2106384
0,2106384
0,2232825
0,170097
0,170097
0,1305752
0,09805097
0,09805097
0,1566101
0,1711903
0,1980598
0,1980598
0,4158006
0,4320993
0,4320993
0,6211255
0,5129962
0,5129962
0,4355872
0,4631385
0,428432
0,428432
0,5375345
0,4710882
0,4710882
0,4272867
0,3910218
0,3910218
0,4892485
0,4040675
0,3683268
0,3683268
0,3198554
0,2598109
0,2598109
0,3598068
0,1348655
0,1406889
0,08280761
0,03186025
0,008297291
0,00422992
0,00422992
0,01896398
0,01169971
0,01169971
0,00519892
0,002524649
0,002524649
0,02332743
0,01074729
0,01074729
0,00896546
0,003850281
0,01118777
0,01118777
0,020072
0,03064145
0,03064145
0,06567705
0,1017616
0,1329731
1,270763
1,270763
0,6526083
0,1497679
0,2010037
0,8338658
0,8338658
1,014022
0,5762894
0,5743293
0,5675898
0,5675898
0,4589519
0,1411656
0,08739924
0,1457534
0,1598337
0,1286883
0,1394689
0,1300919
0,06050803
0,06311834
0,0559555
0,07719557
0,1604091
0,2541079
0,3557083
0,4004012
0,8054039
velocityComponents
0,06306628
0,4489496
0,4092127
-0,03250531
0,1993064
0,1185151
-0,1186204
0,4086195
0,06790108
-0,111127
0,31913
-0,1217315
-0,1714281
0,7204946
-0,09873836
-0,1524583
0,4424032
-0,05469567
0,005062995
-0,006530658
0,005374284
0,005062995
-0,006530658
0,005374284
0,01054187
-0,001270138
0,0006556511
0,03100038
0,7825406
0,5265564
-0,05180828
0,4352383
0,1596021
0,01225469
0,00680094
0,06111118
0,08164791
0,09251963
0,4653599
0,04445944
0,1708236
0,3817648
0,03123979
0,1028682
0,230343
0,05586721
0,07630558
0,359892
0,05352492
0,09462123
0,2967901
0,03233604
0,0258468
0,1708305
0,02075743
0,2482612
0,2599564
0,02267306
0,2129035
0,2277276
0,06152201
0,1211103
0,3723996
0,01772776
0,0780277
0,1526037
-0,005407322
0,1623949
0,1098433
0,03168102
0,1078845
0,2167015
0,05635248
0,05924162
0,2898235
0,05661874
0,0514203
0,2465906
0,07467674
0,1200411
0,3494107
0,05034659
0,09080046
0,2301528
0,05823757
0,1269564
0,2832354
0,04293393
0,1405357
0,2306802
0,02699026
0,05964848
0,1909136
0,03028635
0,04869641
0,2721442
0,02713565
0,06513412
0,1307042
0,01207107
0,0398223
0,1513529
0,01384522
0,02976465
0,179052
0,06093864
0,1169035
0,2772415
0,06498096
0,1098906
0,3054542
0,06738345
0,1192765
0,3245184
0,05927394
0,0909249
0,2899404
0,05739042
0,08964489
0,2893092
0,05188724
0,0776797
0,2626367
0,04569832
0,09796824
0,2557857
0,06204536
0,1360119
0,3612055
0,0751229
0,1641331
0,4757639
0,06086978
0,1340835
0,4418705
0,01295489
0,1515873
0,2558072
0,01397995
0,1362209
0,3296525
0,01512677
0,1175938
0,3330675
-0,03201814
0,1819269
0,2200222
-0,05084933
0,2350051
0,2536993
-0,04002503
0,1558569
0,2108818
-0,04515825
0,02959952
0,1818751
-0,05442998
0,01235854
0,2239671
-0,04407402
-0,03820963
0,08267792
-0,06403327
-0,02600655
0,02051163
-0,05669296
0,04951867
0,08097973
-0,07619244
0,09531005
0,141877
-0,06502243
-0,06529449
0,1329928
-0,02625938
-0,08408988
0,1363222
-0,03113439
-0,190473
0,07887386
-0,02060892
-0,1157083
0,007587184
-0,01083319
-0,2068173
0,08120777
-0,01278079
-0,2808984
0,04165835
0,01146534
-0,2473229
0,0784511
0,009446999
-0,3215488
0,1060154
-0,008841262
-0,1699366
0,005487661
-0,00538983
-0,1856363
0,03205666
-0,001495664
-0,2369678
0,04147893
-0,01261663
-0,008202091
-0,01477186
-0,01938267
-0,01912329
-0,03598304
-0,02632764
-0,02039729
0,02727064
-0,04171329
-0,02952629
0,02059703
-0,04884604
-0,05037022
0,01801739
-0,02974771
-0,03158666
0,04564959
-0,03112281
-0,04276425
0,05707568
-0,006560303
-0,01400353
0,07234148
0,01483241
-0,04773144
0,1689412
0,01426054
-0,02086727
0,2015978
-0,0007559352
0,04140666
0,09464172
-0,009165391
0,1155911
0,118243
-0,008357728
0,1555593
0,1892071
0,006448031
0,1541322
0,3331292
0,01152643
0,2201207
0,4922902
0,008512208
0,2204967
0,422068
0,02285934
0,1255787
0,457751
0,04375164
0,02054439
0,4860342
0,02222505
-0,02444685
0,1697367
0,03223818
0,1167272
0,1808062
0,02045369
0,07474122
0,000454966
0,03163376
0,009618676
-0,05362216
0,02963349
0,004483495
-0,03902416
0,0207644
0,02847764
-0,05649542
0,02085223
0,05057804
-0,08585307
0,01518299
0,007783708
-0,1386723
0,02987157
-0,05221517
-0,200623
0,02156929
-0,04894746
-0,2556758
-0,01501362
0,1027261
-0,2952909
-0,05749269
0,2932286
-0,4091258
-0,06725833
0,2764522
-0,3476292
-0,08033989
0,307114
-0,3694013
-0,08137151
0,2896179
-0,3224074
-0,0639593
0,2523486
-0,1608064
-0,03684134
0,14612
-0,0827603
-0,005415153
0,05205126
0,04114585
-0,0104873
0,07468771
0,02189742
-0,04299156
0,2688442
0,02175005
-0,02871353
0,1633722
0,04422101
0,0002378425
0,02291055
0,06437656
0,02510443
-0,1025059
0,07338332
0,02052329
-0,07264201
0,04237518
0,001438885
-0,007221504
-0,00697698
0,004033148
-0,01366075
0,01164157
0,01695956
-0,07273775
0,04658222
0,02530004
-0,09974577
0,08199418
0,01677368
-0,06813821
0,06292808
0,01798882
-0,09476317
0,05799812
0,0289573
-0,1325969
0,09628122
0,03722818
-0,213579
0,09697694
0,03814154
-0,1991091
0,1308628
0,03378299
-0,1722322
0,1186658
0,06219727
-0,3474537
0,1979043
0,04845524
-0,2888801
0,1269542
0,05124378
-0,3637362
0,1343647
0,06481744
-0,5061029
0,152546
0,03384755
-0,2714545
0,06608441
0,04526365
-0,3816165
0,1357237
0,0471083
-0,4308866
0,1511306
0,03266351
-0,2509371
0,1255878
0,03988926
-0,3135281
0,2189951
0,02579632
-0,2007911
0,1418154
0,02802563
-0,2572169
0,1881193
0,02587959
-0,2245908
0,1713035
0,02298433
-0,214098
0,1363101
0,02317318
-0,2245595
0,1746264
0,02115591
-0,2176742
0,1697151
0,01918019
-0,2468038
0,1411773
0,01810223
-0,2791141
0,1251613
0,02522342
-0,3022031
0,1569232
0,02698021
-0,3018499
0,1377264
0,02120286
-0,3183772
0,09157945
0,02723004
-0,3950221
0,1154712
0,02762918
-0,4529497
0,1232927
0,01577038
-0,2598866
0,07824586
0,01500336
-0,2797281
0,1129871
0,02591118
-0,4590127
0,1850067
0,03200407
-0,5704667
0,2439608
0,03200407
-0,5704667
0,2439608
0,0191684
-0,511971
0,1357465
0,00762305
-0,3240288
0,06457242
-0,0004566236
-0,2219605
0,02515731
-0,0004566236
-0,2219605
0,02515731
-0,0008151384
-0,300189
0,03493301
0,007785063
-0,4031404
0,09345235
0,007785063
-0,4031404
0,09345235
0,009601424
-0,5581688
0,1023014
-0,0005520306
-0,3655114
-0,01192382
-0,0005520306
-0,3655114
-0,01192382
-0,0175421
-0,1456885
-0,1278687
-0,01533262
-0,1903577
-0,08872778
-0,01533262
-0,1903577
-0,08872778
-0,007910235
-0,2950691
-0,02252025
-0,009830161
-0,2771394
-0,0451497
-0,01369049
-0,1802832
-0,07419565
-0,01369049
-0,1802832
-0,07419565
-0,02325812
-0,09177068
-0,1217262
-0,02091305
-0,06081748
-0,04926703
-0,02091305
-0,06081748
-0,04926703
-0,001511729
-0,0376289
0,04898633
-0,006816346
-0,05188264
0,03634689
-0,006816346
-0,05188264
0,03634689
-0,01382426
-0,04662221
0,05711372
-0,02502212
-0,04059342
0,08359196
-0,03137586
-0,05421312
0,08266108
-0,03137586
-0,05421312
0,08266108
-0,0582865
-0,1391591
0,04272173
-0,0407267
-0,04636554
0,009551644
-0,0407267
-0,04636554
0,009551644
0,0159888
0,03897653
0,1302065
-0,03957222
0,01425833
0,1235515
-0,03957222
0,01425833
0,1235515
-0,06662129
-0,01397862
0,1461819
-0,04855596
0,007936725
0,09606461
-0,03386106
0,02374121
0,06716294
-0,03386106
0,02374121
0,06716294
-0,03862409
0,02041262
0,08693434
-0,04241727
0,01094938
0,05815113
-0,04241727
0,01094938
0,05815113
-0,0395174
0,06073515
0,05750021
-0,04247295
0,1077547
0,07723554
-0,04247295
0,1077547
0,07723554
-0,03620873
0,1548475
0,1756633
-0,05044205
0,1932018
0,3014617
-0,05044205
0,1932018
0,3014617
-0,0483922
0,1650732
0,3741221
-0,03886711
0,2115715
0,3727655
-0,02995816
0,2400584
0,367116
-0,02995816
0,2400584
0,367116
-0,04315581
0,4159425
0,3605373
-0,05070548
0,4927076
0,3239466
-0,05070548
0,4927076
0,3239466
-0,04008456
0,7454197
0,5428696
-0,01917331
0,4961624
0,4710331
-0,01917331
0,4961624
0,4710331
-0,008417107
0,170105
0,2076429
-0,006005343
0,1104882
0,1169676
-0,00434421
0,08850842
0,1269924
-0,00434421
0,08850842
0,1269924
-0,00465638
0,1170344
0,1361988
-0,04910853
0,005203635
0,03644837
-0,04519354
0,001574427
0,04279245
-0,01484213
-0,0005687028
0,01693216
-0,01484213
-0,0005687028
0,01693216
0,0002057524
0,003688738
-0,001730472
-0,006902261
0,0009619743
0,009961858
-0,02184425
0,006970853
-0,0008918941
-0,01706075
0,006608844
-0,007095039
-0,006666122
0,0002580583
0,005966306
-0,006666122
0,0002580583
0,005966306
0,02502519
-0,01007128
0,1103346
0,03622618
0,07041439
0,2669064
0,03622618
0,07041439
0,2669064
-0,009801617
0,06127819
0,2413521
-0,01204776
0,04322051
0,1932387
-0,003930192
0,04154503
0,2050801
0,01464863
0,05537594
0,1772053
-0,00305428
0,0183179
0,1398581
-0,00305428
0,0183179
0,1398581
-0,01210479
0,01784493
0,1438011
0,01541965
0,052333
0,2309927
0,01541965
0,052333
0,2309927
-0,01582304
0,04659124
0,1989911
-0,03573029
0,02768472
0,192027
-0,01916869
0,03701958
0,2208767
0,002085093
0,07415138
0,2698512
0,002085093
0,07415138
0,2698512
0,02725942
0,2260125
0,310173
0,02725723
0,2586659
0,3487079
-0,0270496
0,06434534
0,2563421
-0,0270496
0,06434534
0,2563421
0,02135348
0,1628409
0,2439589
0,02135348
0,1628409
0,2439589
0,01429888
0,1197999
0,1990576
0,0132251
0,2099776
0,2190095
0,01024592
0,2150151
0,2196535
0,01521027
0,2730734
0,3590322
0,03238052
0,07906646
0,1667308
0,03046896
0,07061175
0,09485172
0,02879778
0,03716671
0,005727746
0,01776306
0,05122522
0,01137824
0,01847579
0,0599795
0,02258659
0,01718954
0,06160982
0,0225096
0,02333633
0,06777705
0,01491337
0,02286513
0,07817987
0,01140392
0,01991163
0,08428115
0,01687691
0,01673022
0,08909873
0,0290637
0,02600504
0,1005809
0,01178017
0,02600504
0,1005809
0,01178017
-0,03412575
0,2805382
0,1506016
0,02707271
0,2189274
0,02688985
0,02707271
0,2189274
0,02688985
-0,03008596
0,3104362
0,1755319
-0,03008596
0,3104362
0,1755319
-0,06605505
0,3258267
0,1933571
-0,06605505
0,3258267
0,1933571
-0,02445773
0,02816594
0,05613901
-0,1002858
0,2898093
0,249048
0,008723859
0,3281624
0,07552024
-0,06178523
0,5501499
0,2455815
-0,001075823
0,3041438
0,1009056
-0,0433198
0,3681079
0,1806303
-0,0636305
0,5089852
0,2616811
-0,06687947
0,5018107
0,2136657
-0,06346006
0,4357406
0,1445173
-0,08954906
0,552687
0,1494618
-0,1288358
0,7436911
0,2093634
-0,111351
0,6028627
0,1558673
-0,2192771
1,120803
0,3135203
-0,1166532
0,6677091
0,2150668
-0,140521
0,6640525
0,1681877
-0,02773113
-0,03551802
0,1130531
-0,04016837
-0,01256621
0,03491457
-0,02098435
-0,01067084
0,03141871
-0,004042432
-0,005230606
0,01727872
0,005922288
-0,01390845
0,04388216
-0,001067892
-0,01173377
0,03282821
0,009010449
-0,01801169
0,05027479
0,005528629
-0,01925296
0,05441758
-0,001251042
-0,008063495
0,01859012
0,006067932
-0,02023643
0,04284161
-0,01435664
-0,005857944
0,05783808
-0,03571335
0,04091692
0,1617898
-0,1188695
0,325579
0,4155346
-0,04611753
0,01066877
0,1637362
-0,04151737
-0,01949812
0,2957937
-0,02875168
0,05033004
0,2118208
-0,02206404
0,03480575
0,18037
-0,009800585
-0,01498152
0,1614858
0,001445545
-0,04549921
0,1036325
0,002613162
-0,04981443
0,09772765
0,007130282
-0,06724196
0,0879899
0,01515966
-0,1052563
0,07864399
0,05277861
-0,1958989
0,07188185
0,0363267
-0,2218698
0,07521705
0,04542839
-0,2630384
0,05015488
0,0516911
-0,2918277
0,03363295
0,07907401
-0,4373748
0,01666391
0,091045
-0,4975503
-0,0223395
0,09947372
-0,5220436
-0,08472846
0,09314404
-0,4352322
-0,1704395
0,07953244
-0,3781322
-0,1653479
0,04341058
-0,2035738
-0,1034877
0,01832037
-0,05108653
-0,1139661
0,003760376
-0,004227416
-0,02434091
0,001548594
0,008984382
-0,03412402
-0,008512314
0,1017792
-0,07937393
-0,00584338
0,05825025
-0,02650713
-0,0052025
0,05331403
-0,01582158
-0,00704827
0,06541426
-0,01036985
-0,01766037
0,1361535
0,01167798
-0,02131814
0,1602374
0,01189483
-0,01400714
0,1029269
0,001869825
-0,005802949
0,03214775
0,03009528
8,528897E-05
-0,005508428
0,02505028
-0,01834341
0,09446797
0,05589744
-0,01360847
0,02880366
0,1293614
0,0001865147
-0,02845771
0,08983915
-0,006906114
-0,01074349
0,1520322
-0,003988141
-0,0281557
0,1586985
0,00394955
-0,03907926
0,1108055
0,005222807
-0,03134177
0,0824893
0,00594147
-0,02764327
0,01880178
0,0009643812
-0,009233755
0,09218498
0,004743083
-0,02701604
0,1075629
0,009453259
-0,05506444
0,04837679
0,01737451
-0,1181481
0,1225988
0,0140931
-0,09270292
0,09931288
0,0268223
-0,1800399
0,05535646
0,02180727
-0,1751321
0,09204591
0,009422982
-0,09585079
0,08645693
0,02553772
-0,3200085
0,1871967
0,02016387
-0,2134447
0,07074581
0,02055749
-0,2651845
0,092934
0,01365189
-0,2475596
0,1097063
0,01011278
-0,2197829
0,1138573
-0,0002721012
-0,1518081
0,1253837
0,00269685
-0,1476654
0,08960289
0,0002586049
-0,1887489
0,1292404
-0,005148554
-0,07549179
0,08910021
-0,008403061
-0,12822
0,1490148
-0,00382752
-0,1180908
0,09539726
-0,004674628
-0,1306762
0,09916683
-0,008221967
-0,1959229
0,1469495
-0,007282614
-0,1618585
0,1201181
-0,01000811
-0,1874035
0,1376103
-0,009333175
-0,1138985
0,090848
-0,01152034
-0,1554856
0,1066222
-0,009774046
-0,2128556
0,1131923
-0,008612421
-0,1875763
0,08598553
-0,0121148
-0,1576343
0,09154742
0,01426505
-0,204081
0,08878686
-0,01517111
-0,2024844
0,09482129
-0,02351633
-0,2966928
0,1468869
-0,0240801
-0,2572019
0,1212693
-0,02270607
-0,2523316
0,1000089
-0,02108568
-0,2486426
0,1081046
-0,02108568
-0,2486426
0,1081046
-0,04038421
-0,4786522
0,2015694
-0,02257707
-0,2434036
0,09312414
-0,03918369
-0,3575982
0,1491059
-0,03932147
-0,3654099
0,1499053
-0,03932147
-0,3654099
0,1499053
-0,05318435
-0,5366564
0,2412975
-0,04644073
-0,4704292
0,2198588
-0,05347208
-0,4864409
0,2393796
-0,05347208
-0,4864409
0,2393796
-0,04427844
-0,2554285
0,1552231
-0,03937367
-0,1709055
0,1247792
-0,03937367
-0,1709055
0,1247792
-0,06548846
-0,2626809
0,2274487
-0,0483724
-0,2796471
0,1446389
-0,0483724
-0,2796471
0,1446389
-0,0686597
-0,3759552
0,2554714
-0,06759543
-0,2424739
0,2727916
-0,06759543
-0,2424739
0,2727916
-0,09488469
-0,0946077
0,3602644
-0,08349
-0,05598505
0,3648302
-0,1071337
0,01118014
0,5385116
-0,1071337
0,01118014
0,5385116
-0,1206028
0,1923743
0,615433
-0,07108308
0,1058924
0,338225
-0,07108308
0,1058924
0,338225
-0,06370582
0,3119003
0,2445409
-0,07566451
0,3976782
0,3433322
-0,07566451
0,3976782
0,3433322
-0,1024844
0,6164165
0,4900431
-0,04986783
0,4000219
0,2276992
-0,007216413
0,242379
0,006237313
-0,007216413
0,242379
0,006237313
-0,03080414
0,4064796
0,1400617
-0,02477588
0,3089701
0,1317906
-0,02477588
0,3089701
0,1317906
-0,04006841
0,3769934
0,2157849
-0,01259662
0,2340055
0,08663938
0,01326897
0,04525717
0,02575909
-0,01577302
0,002971411
-0,02864901
-0,002522139
0,0005532503
-0,0219246
-0,002522139
0,0005532503
-0,0219246
0,001515132
7,639825E-05
-0,01292253
-0,004252269
0,0009163916
0,02918815
0,00310597
0,01698153
0,1140362
0,002546871
0,05362456
0,1420331
0,002546871
0,05362456
0,1420331
-0,008562913
0,003998309
0,1042614
-0,02537021
-0,01157415
0,09414324
-0,04098446
0,0325195
0,07554436
-0,04190528
0,04490257
0,1137536
-0,04017082
0,06623179
0,1274033
-0,03757613
0,07568087
0,1533463
-0,03757613
0,07568087
0,1533463
-0,02390295
0,09644306
0,1856884
-0,02305559
0,1300739
0,1774513
-0,01048604
0,07484269
0,1059741
0,004040569
0,007789135
0,01410404
0,006596815
0,008318499
0,01164171
0,006632227
0,002385929
0,01337753
-0,002354678
-0,003759697
0,009520099
0,001862146
0,004210666
0,0051599
0,01324257
0,01675382
0,003124952
0,006608188
0,01168029
0,0147844
-0,007099185
-0,005586609
0,01704249
-0,003307201
-0,0006368011
0,00470075
-0,01301684
0,04070279
0,06475306
-0,02212866
0,002354443
0,05862075
-0,01551617
-0,004752278
0,02698871
-0,01551617
-0,004752278
0,02698871
-0,01158031
-0,007851005
0,03126848
-0,01535235
-0,01631343
0,0525853
-0,0121292
-0,007943243
0,03682888
-0,01290732
-0,01085573
0,04294062
-0,01504523
-0,009287775
0,04000932
-0,01094053
-0,00936459
0,03633398
-0,01094053
-0,00936459
0,03633398
-0,003593966
-0,00103572
0,01158309
-0,004118182
-0,01613345
0,04173267
-0,004643783
-0,008192077
0,03027415
0,006767422
-0,01853191
0,03889853
0,01253824
-0,0132828
0,02062696
0,03829984
-0,03984425
0,05791742
0,03895096
-0,03905793
0,06609732
0,04549691
-0,04181955
0,07505
0,05639762
-0,01924744
0,001850605
0,04759776
-0,03453847
0,06654319
0,04759776
-0,03453847
0,06654319
0,04477266
-0,03269465
0,08793709
0,04720104
-0,03253574
0,08510798
0,07269778
-0,09915644
0,405367
0,08421437
-0,03528128
0,0277276
0,08619481
-0,03135627
0,06167004
0,08900639
-0,02884956
0,1037447
0,1019744
-0,0308256
0,09656084
0,1171948
-0,04081109
0,0852071
0,236524
-0,1354306
0,5576847
0,223646
-0,1920964
0,4086063
0,2696484
-0,1937989
0,3513058
0,3940946
-0,1311588
0,5388245
0,3090032
-0,06683132
0,1128051
0,1718256
-0,08390211
-0,1824645
0,1168135
-0,04639247
-0,08766294
0,1168135
-0,04639247
-0,08766294
0,09228295
-0,007087648
0,02099878
0,07287819
0,01617828
0,1298059
0,02647169
0,02264421
0,05630407
0,03865733
-0,03064167
-0,08237824
0,06140909
-0,01274921
-0,06633937
0,0600454
-0,001513988
-0,05846775
0,1037314
0,04739162
-0,02898437
0,1224344
0,08773863
-0,01874848
0,1125861
0,1200867
0,01660402
0,125896
0,1403417
0,008576199
0,1160495
0,1587839
0,00216721
0,08360228
0,160454
0,006763861
0,08360228
0,160454
0,006763861
-0,0251388
0,1026505
-0,04520145
-0,0182106
0,02528855
0,01154608
-0,0182106
0,02528855
0,01154608
-0,002619438
0,0009727478
0,003507838
-0,002619438
0,0009727478
0,003507838
-0,01248102
0,009714812
0,008141503
-0,01248102
0,009714812
0,008141503
-0,006939007
0,003819525
0,008188292
-0,00469129
0,002266139
0,006209955
-0,0001617819
0,005448878
-0,005859762
-0,004721189
0,007727683
0,005832478
-0,003020385
0,00331533
0,004202425
0,0007651467
0,003979743
-0,004531771
0,01384476
0,002803326
-0,01420735
0,000617262
0,01093352
-0,01467699
-0,01278025
0,01583588
-0,001718655
-0,002620228
0,007888317
0,000532046
-0,006131273
0,002966046
0,007166162
0,0003949516
0,001571596
-9,195507E-05
-0,0006432012
0,001814306
0,001941159
-0,0006432012
0,001814306
0,001941159
-0,002854183
0,00289464
0,004225746
-0,01087512
0,0005913377
0,01174226
0,005362116
0,0003344417
-0,005265608
-0,0064907
0,0003164411
0,006922841
-0,0064907
0,0003164411
0,006922841
-0,0005680844
0,0001204014
0,0007116795
-0,0005680844
0,0001204014
0,0007116795
-0,001688555
0,007630408
-0,006583616
-0,001688555
0,007630408
-0,006583616
-0,01410916
0,02763718
-0,008857206
-0,01410916
0,02763718
-0,008857206
-0,02989985
0,08881545
-0,008574501
-0,03589007
0,1194054
-0,00520023
-0,03589007
0,1194054
-0,00520023
-0,005362213
0,371955
-0,3605303
-0,09491691
0,1199346
0,01170231
-0,1364585
0,5858853
-0,0259818
0,06783769
0,7430425
-0,301376
-0,3452235
0,7269766
0,2042314
-0,2324279
0,6550838
0,05626132
-0,5332264
1,042983
0,2563451
-0,3695343
0,6922446
0,1502122
-0,3339798
0,591903
0,1237923
-0,2138486
0,4081763
0,04467342
-0,2082198
0,4364726
0,005077403
-0,3517182
0,6870175
0,05662129
-0,06216223
0,1740286
0,04139964
0,001708992
0,03638543
0,01499259
-0,009642519
0,05615911
0,01424113
-0,01440921
0,04318557
0,02213964
-0,01919993
0,04872375
0,02810191
-0,02759701
0,03966134
0,03941633
-0,1013514
0,04135397
0,1556885
-0,1019
-0,02784473
0,1559716
-0,04228021
-0,0008796398
0,08906509
0,02133612
-0,005137913
0,1570099
-0,1119882
-0,163111
0,2471904
-0,03595027
-0,05304053
0,1963156
-0,008651305
0,04348656
0,0893765
-0,04345232
-0,01817901
0,1231991
0,001403835
-0,02518353
0,0894763
-0,01325956
-0,04578294
0,1089995
-0,01383233
0,01106283
0,09127102
-0,01325768
0,01585598
0,0880181
-0,01207911
-0,06580604
0,1212251
0,0004145317
-0,05673066
0,1375447
0,008272512
-0,03699651
0,09297384
0,005541075
0,02477697
0,1223255
0,01101719
0,02148006
0,1182445
-0,02478176
-0,1911837
0,2109556
-0,008753413
-0,1773918
0,2169352
-0,006338585
-0,1398802
0,1809972
0,01177381
-0,1493065
0,1486125
0,02886796
-0,1911751
0,1904143
0,01439177
-0,1056029
0,1491743
0,01060113
-0,177148
0,211568
-0,0100501
-0,2425209
0,1677339
-0,006125823
-0,2965789
0,2056893
0,006860467
-0,2230671
0,1871655
0,003803728
-0,2847551
0,2059589
-0,002592268
-0,3637787
0,2635593
0,01887995
-0,100843
0,2427258
0,006926265
-0,1543846
0,3042479
0,09556638
-0,2135019
0,1690021
-0,01792775
-0,1559004
0,06739069
0,05999114
-0,1443599
0,05092016
0,04811377
-0,08583811
0,0188912
-0,004080003
-0,004446864
0,004654914
-0,002215239
-0,002600193
0,001471385
-0,000479361
-0,000141263
0,000397712
-0,003056973
0,0004644394
0,003850698
-0,002385963
0,0003119111
0,002988219
0,0001705885
0,0001676977
-4,473329E-05
1,693331E-05
2,792478E-05
8,530915E-05
-0,00047109
0,0001708269
0,0006670356
-0,001697581
0,0008236468
0,002111137
-0,0009359331
0,0005107224
0,00124073
-0,000428791
9,959936E-05
0,0006670356
-0,002634782
0,000492394
0,003406286
-0,00220381
0,0002123117
0,002843052
-0,0008284156
0,0004602671
0,001275003
-0,0002227202
0,0002231002
0,0004679561
-0,001707368
0,0002968907
0,002544314
0,0023866
-0,00364095
0,01663125
0,001003422
-0,003149629
0,004466742
-0,0005197376
-0,0005968213
0,00104928
0,001852468
0,0003640056
-0,001713663
0,002768844
-0,0003218651
-0,00372006
0,004321918
-0,0004082322
-0,005659789
0,001253605
-0,0001647472
-0,001708582
0,00404954
-0,0003922582
-0,005285695
0,004000157
-0,0003598928
-0,005159661
0,001291305
0,0001557767
-0,001108274
0,002287745
-9,548664E-05
-0,002715036
0,001162723
0,0009919703
0,0008097515
0,003905892
-0,001101434
-0,003868952
0,005541399
-0,001492977
-0,00593112
0,00225307
-0,00146535
-0,001757454
0,005041227
-0,001383483
-0,004832957
0,004120797
0,0008207262
-0,0003438815
0,007825084
0,0001853853
-0,006308801
0,009886239
0,0009870082
-0,00946711
0,00209849
0,001493052
0,0004718602
0,001915403
0,001405582
0,0006095171
-0,001964187
0,002277404
0,01249382
0,001480431
0,002052352
-0,0008809716
0,0002590758
0,001277767
-0,001806557
-0,0008792588
0,001090221
-0,0001122504
-0,001279045
0,0009057224
0,0009297729
-0,00215059
0,000633508
0,002017558
-0,0008344427
0,0001674294
0,0008518994
-0,00225424
-0,0001853555
0,003160849
-0,0002179891
-0,0005669296
0,000524193
-0,003612552
-0,0008654743
0,004872799
-0,005264126
-0,001362324
0,006990224
-0,001394264
-0,003366619
-0,0004588217
-0,002143197
-0,002253532
0,002085537
-0,0004905537
-0,002587616
-0,0003925711
-0,001839906
-0,002400488
0,001265228
-0,001601294
-0,002703995
0,0006597042
-1,220405E-05
-0,002534866
-0,0009788871
0,0001468062
-0,002345562
-0,0009731427
-0,0004664809
-0,002651006
-0,0006780103
-0,001852125
-0,002901882
0,0007214695
-0,0006238818
-0,002903551
-0,0006437674
0,0003937036
-0,002542555
-0,00135196
0,002197772
-0,002456605
-0,003469467
0,0009471029
-0,002172112
-0,001879185
0,000264138
-0,002229631
-0,00109221
0,0002246946
-0,002162009
-0,0008497015
-5,583465E-05
-0,002365172
-0,0006178692
-0,0001600236
-0,002501875
-0,000504218
-0,001953289
-0,002503693
0,00170216
0,01220094
-0,009504169
-0,002351902
0,02664034
-0,01101831
0,01465606
0,04930843
-0,01517862
0,03369197
0,05726326
-0,01330146
0,02665611
0,06274645
-0,007716328
-0,001047321
0,07720762
-0,01462221
-0,001983847
0,04962522
-0,01211202
0,01245313
0,0422073
-0,006726742
0,01065374
0,02153373
-0,00264883
-0,001624703
0,08602023
-0,01040387
0,007031977
0,0662998
-0,01740181
0,03993012
0,07382756
-0,02867162
0,07246805
0,06965059
-0,03651881
0,08263119
0,06598946
-0,0297541
0,07075924
0,01936737
-0,03966096
0,07451797
0,04260127
-0,02388498
0,04750259
0,03617143
-0,02563468
0,06140774
0,03291
-0,02867696
0,04541196
0,05151602
-0,02638531
0,03466963
0,0305346
-0,03303662
0,02586358
0,00719101
-0,02413377
0,02849196
0,004084185
-0,03698322
0,0318283
0,01331912
-0,02603546
0,03279759
0,03903699
-0,05562964
0,06230315
0,03836875
-0,07204092
0,06261699
0,007206291
-0,05380073
0,03369063
-0,008016482
-0,05126217
0,04106988
0,01373932
-0,07214871
0,06923678
0,004745349
-0,05675229
0,0759362
0,03952608
-0,1131935
0,06465788
-0,02375625
-0,3242081
0,1898837
0,02360799
-0,4195932
0,1396337
0,3842365
-0,791463
0,1145417
-0,1321194
-0,1661896
0,1276012
-0,1321194
-0,1661896
0,1276012
-0,05800927
-0,3067881
0,1773576
0,07727126
-0,5375629
0,1572908
0,006913438
-0,418965
0,1516214
-0,009189099
-0,4506679
0,1614512
-0,009189099
-0,4506679
0,1614512
0,07848127
-0,4853723
0,1407113
0,1106272
-1,010217
0,2749692
0,1106272
-1,010217
0,2749692
0,0006687492
-0,7043269
0,2187064
0,1142047
-0,6565266
0,1616598
0,1142047
-0,6565266
0,1616598
0,09652103
-0,9420337
0,1952731
0,06208321
-0,6703035
0,1437383
-0,03333019
-0,512565
0,1065069
-0,03333019
-0,512565
0,1065069
0,01078053
-0,07429487
0,06338456
0,01647609
-0,4244556
0,1111845
0,01647609
-0,4244556
0,1111845
0,09059466
-0,4709357
0,1226818
-0,03497198
-0,2330172
0,1042239
-0,03497198
-0,2330172
0,1042239
-0,0004825145
-0,3248345
0,09830352
-0,002928704
-0,253008
0,1258182
-0,0210585
-0,181344
0,09993093
-0,0210585
-0,181344
0,09993093
-0,03028624
-0,143674
0,1633533
-0,02577452
-0,1366662
0,1581979
-0,02577452
-0,1366662
0,1581979
-0,05760942
-0,008950599
0,2155368
-0,05863754
-0,002657615
0,1596483
-0,05863754
-0,002657615
0,1596483
-0,03360731
0,02962764
0,1226485
-0,01871355
0,03430137
0,08992893
-0,01871355
0,03430137
0,08992893
-0,03558123
0,05217057
0,1433141
-0,01667221
0,09424201
0,1419387
0,02074724
0,1479366
0,1300462
0,02074724
0,1479366
0,1300462
0,08432349
0,3451329
0,2160163
0,07103752
0,3662699
0,2179675
0,07103752
0,3662699
0,2179675
0,03838788
0,5187466
0,3394483
0,01514759
0,4146436
0,3016726
0,01514759
0,4146436
0,3016726
0,01731985
0,382959
0,2068301
0,001684172
0,4115817
0,2123556
-0,01892311
0,3627359
0,2271971
-0,01892311
0,3627359
0,2271971
-0,08134802
0,3639646
0,3871119
-0,07052528
0,3213358
0,3371848
-0,07052528
0,3213358
0,3371848
-0,0347677
0,3674677
0,2152501
-0,05671516
0,3102771
0,2311051
-0,05671516
0,3102771
0,2311051
-0,1323822
0,2554791
0,3956886
-0,1155858
0,187361
0,3388308
-0,1124832
0,1521303
0,3160198
-0,1124832
0,1521303
0,3160198
-0,1099786
0,08825613
0,2870942
-0,08918216
0,08756828
0,2277719
-0,08918216
0,08756828
0,2277719
-0,124967
0,1380333
0,3078815
-0,05752378
0,02112695
0,120139
-0,07867101
0,006550506
0,1164531
-0,05739576
-0,001246229
0,05967641
0,02586524
-0,000506267
-0,01859592
0,004789725
-0,005162798
0,004387379
-0,0008344427
-0,00211525
0,003566742
-0,0008344427
-0,00211525
0,003566742
-0,01022299
-0,004705474
0,01526374
-0,007207498
-0,002597198
0,008842498
-0,007207498
-0,002597198
0,008842498
-0,001691476
0,002980247
-0,003909707
-0,001315251
0,001663268
-0,001370221
-0,001315251
0,001663268
-0,001370221
-0,01240617
-0,005535245
0,01896358
-0,006140813
-0,002749145
0,008380741
-0,006140813
-0,002749145
0,008380741
0,002453893
0,003419071
-0,007916301
-0,001280785
-0,001232088
0,003415585
-0,003431275
-0,004576862
0,009614825
-0,003431275
-0,004576862
0,009614825
0,01098603
0,01438218
0,008680165
0,01516831
0,02251786
0,01420447
0,01516831
0,02251786
0,01420447
0,02154331
0,04802251
0,03928357
0,02891211
0,07514417
0,06223232
0,02170505
0,09223151
0,09329566
0,3885598
0,9363376
0,7662449
0,3885598
0,9363376
0,7662449
0,6051257
0,1726568
-0,1729455
-0,08333522
0,03129146
0,120443
0,02885465
0,1304369
0,1501869
0,4499975
0,5456998
0,4416401
0,4499975
0,5456998
0,4416401
-0,1293364
0,6486756
0,7685912
-0,06519718
0,381191
0,4272612
0,008802444
0,3664119
0,4421752
-0,07478522
0,4084651
0,3869386
-0,07478522
0,4084651
0,3869386
-0,0442268
0,3143413
0,3314671
0,01797306
0,09793496
0,1000671
0,06757773
0,0543802
-0,01070851
0,1265275
0,02549201
-0,06771263
0,1176647
-0,06998298
-0,08248766
0,09538998
-0,06197808
-0,06016766
0,08448827
-0,0859338
-0,07020466
0,06912596
-0,08477096
-0,07042284
0,02628941
-0,05437812
-0,003620543
-0,004703939
-0,04040579
0,04826147
-0,006287057
-0,04639522
0,03064268
-0,03002472
-0,03668579
0,06092475
-0,07807755
-0,003635002
0,1400777
-0,123491
0,05511629
0,2151348
-0,1759239
0,0716937
0,3007311
-0,1920739
-0,009258622
0,3512022
-0,3837579
-0,02938018
0,70749
closestDistance
0,1211019
0,1072812
0,1032929
0,09755622
0,09130939
0,08666499
0,08331413
0,08020677
0,06266139
0,05640378
0,06149736
0,05694834
0,05356545
0,05225211
0,05212495
0,04513539
0,04642767
0,04861604
0,05511846
0,06446842
0,05866302
0,06307077
0,06307343
0,06712174
0,07307102
0,08999135
0,09385397
0,09585293
0,1061268
0,1075172
0,1088651
0,1137468
0,1125644
0,1159367
0,102474
0,1081076
0,1098949
0,1132702
0,1079055
0,1150207
0,1159234
0,1156896
0,1225581
0,1201079
0,07997322
0,0745683
0,07752606
0,08400301
0,0736737
0,08003784
0,1014204
0,09743464
0,09324567
0,0868852
0,08692849
0,08792926
0,08948918
0,05445929
0,08704852
0,07773969
0,08002498
0,08230634
0,08685925
0,09489867
0,09543854
0,07610948
0,09744416
0,08654534
0,08725058
0,08761702
0,08778979
0,08828335
0,08948004
0,09110137
0,1052313
0,1069805
0,09438358
0,0995183
0,09732357
0,09421989
0,08162996
0,06720953
0,08734646
0,09285509
0,09101232
0,097719
0,09861239
0,09175689
0,08632061
0,08748253
0,08782052
0,08854946
0,0888745
0,08336478
0,08193931
0,08192068
0,08108155
0,06626789
0,06038519
0,06988198
0,08546358
0,08673394
0,09328987
0,1058211
0,1049371
0,105728
0,1075632
0,1076844
0,09914581
0,1003761
0,100715
0,1009127
0,1015661
0,1044256
0,1062711
0,1077518
0,1011985
0,1006798
0,1040443
0,1081218
0,1031945
0,1098905
0,09700492
0,08996981
0,09356678
0,08335751
0,09496161
0,09420245
0,0991215
0,09688124
0,09623367
0,09473659
0,1028737
0,1012584
0,1020919
0,09983885
0,1041176
0,1004876
0,07743592
0,07637011
0,07445047
0,07761838
0,07353038
0,1074441
0,09629777
0,07310507
0,09224931
0,09254105
0,09156001
0,09404994
0,09145986
0,09313635
0,09157331
0,09429374
0,08769103
0,09099465
0,1084021
0,1097345
0,1107504
0,1121649
0,1150109
0,10953
0,1121236
0,1055214
0,1060232
0,1110816
0,1113694
0,1117743
0,1123386
0,11309
0,1061425
0,1067849
0,1073712
0,1079913
0,1089555
0,1099883
0,1105911
0,1037749
0,1041212
0,1042285
0,1044831
0,1046712
0,1047338
0,1045992
0,1045358
0,1045178
0,1044354
0,1040549
0,1035394
0,1028818
0,1026957
0,1029864
0,1039853
0,1114516
0,1134286
0,103014
0,1053311
0,1077946
0,1091804
0,06581199
0,07575186
0,09479864
0,1038201
0,1013044
0,104283
0,1005017
0,1027079
0,1049565
0,1066195
0,1010223
0,1010093
0,1009991
0,1010884
0,1011947
0,1011789
0,1011422
0,1011068
0,1011067
0,1018327
0,1035432
0,1070251
0,104313
0,1065024
0,1130928
0,1099413
0,1121363
0,1083249
0,1093952
0,1110862
0,1135981
0,110682
0,1134588
0,1105178
0,1127716
0,1154799
0,1044701
0,1100139
0,1132641
0,1153385
0,1055579
0,1122307
0,1107589
0,1173906
0,1104279
0,1137552
0,1208094
0,09420075
0,1027753
0,1018683
0,1012169
0,1000351
0,09932197
0,09785187
0,09695473
0,09509728
0,1077581
0,1092126
0,113161
0,1170126
0,1109117
0,1152789
0,1198574
0,1174736
0,1183695
0,1144663
0,1189805
0,1206718
0,1167783
0,1190967
0,1206795
0,1200253
0,1263286
0,1231523
0,1222201
0,1345786
0,1274699
0,1313943
0,1157903
0,126075
0,1130289
0,1066702
0,10662
0,1067567
0,1069297
0,1073319
0,1075371
0,1078696
0,1081925
0,108344
0,1086844
0,1108036
0,1149376
0,08481505
0,08754031
0,08993234
0,09097172
0,1004407
0,09936606
0,0979403
0,0960909
0,09336509
0,08887115
0,08259826
0,09461851
0,08752875
0,07416494
0,07979999
0,07295772
0,08371847
0,08580066
0,08480242
0,08584728
0,08002922
0,07965421
0,08245807
0,07990881
0,0782738
0,07588013
0,07383309
0,07086956
0,06761214
0,06635916
0,06724016
0,06748239
0,06842497
0,09478885
0,07560364
0,07200992
0,09473843
0,09284449
0,09098843
0,08992501
0,09772247
0,09492716
0,09176267
0,08658116
0,08268938
0,0888261
0,08365741
0,09675296
0,08748526
0,09891728
0,1030566
0,1027721
0,1058212
0,1113166
0,1038834
0,1080548
0,110459
0,1146538
0,109079
0,116315
0,1096288
0,1069935
0,112178
0,09230085
0,0947601
0,08973414
0,09512611
0,09269186
0,09766231
0,09286321
0,08420954
0,09883922
0,09243311
0,08921453
0,08398168
0,08465054
0,08017831
0,12587
0,1219399
0,1300065
0,128265
0,1262649
0,125288
0,1304888
0,1121137
0,1150817
0,1189869
0,1235681
0,1279106
0,1336627
0,1226067
0,1275138
0,1240419
0,1280605
0,1321983
0,06150059
0,0639044
0,06719121
0,09272398
0,08825393
0,06760193
0,09576528
0,06831396
0,09807286
0,07841004
0,07137612
0,07424413
0,09546489
0,07990198
0,1032424
0,1081835
0,1121784
0,1013625
0,1014742
0,101506
0,1015192
0,1015328
0,1018448
0,1025669
0,1037441
0,1085773
0,1067394
0,1072313
0,1085837
0,1107549
0,1104378
0,111956
0,1138544
0,1183217
0,1090012
0,1099173
0,110045
0,1101471
0,1102682
0,1103866
0,1105428
0,1108827
0,1110544
0,1051447
0,1046563
0,1037981
0,103703
0,1037095
0,1037173
0,1037225
0,1036881
0,1036387
0,1036307
0,1036328
0,1036419
0,1036801
0,1036322
0,1036972
0,103737
0,10379
0,1038224
0,1039976
0,09565696
0,09567907
0,09570245
0,09575275
0,09585683
0,09613141
0,1009794
0,1008929
0,1005946
0,1002978
0,09999731
0,09962249
0,09889106
0,09156785
0,09344772
0,09785267
0,09544265
0,1018193
0,1021827
0,102612
0,09758751
0,09873243
0,09901418
0,09923078
0,09925466
0,09920283
0,09871148
0,09797549
0,09604257
0,09476379
0,1005573
0,0962657
0,09450176
0,1112768
0,1114297
0,1021608
0,1020025
0,1019782
0,1016335
0,1015535
0,1013255
0,1012769
0,1011629
0,1010746
0,1009946
0,1009442
0,1008296
0,1007127
0,1003741
0,1002538
0,1002017
0,1001366
0,1001017
0,1000678
0,1000059
0,09993362
0,09993155
0,09992062
0,09992205
0,09991523
0,09991481
0,09982213
0,09970161
0,09915352
0,09871538
0,09731955
0,09484697
0,1017719
0,09164319
0,0984804
0,08784603
0,08809058
0,08570864
0,08023075
0,1362682
0,07676445
0,08703425
0,07958718
0,09327278
0,09334099
0,09679704
0,09813514
0,09719947
0,09644945
0,09569777
0,08677213
0,08586378
0,08849403
0,08697788
0,08888581
0,0866445
0,099693
0,1021964
0,09716277
0,1005694
0,0986567
0,09683971
0,1005823
0,09821797
0,09591547
0,09927843
0,0952131
0,09912865
0,09635319
0,09676991
0,0933028
0,09626533
0,09174793
0,09535629
0,09122457
0,09581482
0,09205789
0,09391009
0,09582997
0,09355088
0,08007836
0,108823
0,09464454
0,09502366
0,101852
0,09876408
0,09853666
0,09848028
0,09846383
0,09845795
0,09844525
0,0984423
0,09843924
0,09839163
0,09839734
0,09840954
0,09841445
0,09840631
0,09839794
0,09839441
0,09839272
0,0983783
0,09831358
0,09825239
0,09827731
0,09829149
0,0983221
0,09833523
0,09835342
0,09836549
0,09838907
0,09841157
0,09842
0,09843013
0,09841886
0,09843709
0,09845626
0,09846652
0,09848883
0,0984975
0,09853496
0,09854227
0,09854597
0,09861549
0,09861121
0,09861404
0,09861215
0,09860921
0,09860021
0,09858859
0,09857726
0,0985681
0,09855773
0,09852607
0,0985132
0,09850857
0,09850217
0,09850093
0,09849706
0,09849951
0,0984998
0,09849554
0,09849237
0,09849017
0,09849478
0,09850075
0,0985156
0,09851836
0,09851763
0,09851425
0,09851284
0,09850373
0,09850468
0,09817736
0,09704331
0,09568088
0,09432821
0,08907321
0,0874639
0,08310575
0,1050797
0,1053132
0,1057696
0,1063838
0,1075556
0,1068142
0,1077315
0,1085969
0,1097654
0,110236
0,1110219
0,1117672
0,1128348
0,1122045
0,1128124
0,1142319
0,1161518
0,10842
0,1104727
0,1124292
0,1127025
0,1161408
0,1129177
0,1191219
0,1252528
0,1209863
0,1115733
0,1161891
0,1280525
0,1221599
0,1166913
0,1134686
0,1197785
0,118878
0,1239011
0,1243684
0,1216289
0,1221839
0,1249731
0,1272168
0,1271661
0,124371
0,1154647
0,1176584
0,1239003
0,1209346
0,1046984
0,1088594
0,1135807
0,1092209
0,1108933
0,104363
0,1069623
0,1078916
0,1100857
0,0957852
0,09638454
0,09689811
0,09699614
0,09694357
0,0967685
0,09648198
0,09597873
0,09523728
0,08376241
0,1045142
0,0960218
0,1059572
0,1060828
0,1114838
0,1035464
0,108166
0,1081371
0,1125562
0,109609
0,1153439
0,1184884
0,07371079
0,0720029
0,06901174
0,07592242
0,07210533
0,08693767
0,0882121
0,09274672
0,09024639
0,08835925
0,08683281
0,09658147
0,09470465
0,09344224
0,10135
0,1013185
0,101334
0,1013373
0,101345
0,1013471
0,101349
0,1013618
0,1013673
0,1013684
0,1013626
0,1013561
0,1013564
0,1013672
0,1013697
0,1013666
0,1013615
0,1013689
0,1011996
0,1008916
0,1004298
0,09961523
0,09735221
0,08817269
0,09478401
0,0944788
0,09279639
0,1015895
0,09982786
0,09788965
0,08933045
0,09119494
0,08168634
0,08132803
0,07927656
0,09573147
0,08006965
0,08219744
0,08297358
0,08109798
0,08043972
0,08001414
0,08005257
0,08063105
0,08082205
0,08081154
0,08065324
0,08063681
0,08056306
0,07962303
0,07570107
0,07513071
0,07574166
timeStamps
6,122897
6,150562
6,16573
6,192003
6,219909
6,235866
6,261303
6,277339
6,303357
6,330896
6,359072
6,386942
6,41453
6,430621
6,456525
6,472368
6,497657
6,52599
6,54211
6,567378
6,583691
6,608936
6,625132
6,651237
6,678842
6,706965
6,73487
6,762795
6,790968
6,819089
6,84653
6,874456
6,902519
6,930428
6,95786
6,985957
7,013674
7,041939
7,069457
7,097645
7,12517
7,153318
7,180778
7,20863
7,236581
7,264842
7,291961
7,320117
7,347936
7,376308
7,403389
7,431729
7,459146
7,487358
7,514955
7,543057
7,571108
7,598982
7,62685
7,654222
7,682564
7,710245
7,738251
7,765784
7,793521
7,821374
7,84928
7,877443
7,905001
7,932711
7,960906
7,988785
8,0165
8,043839
8,072321
8,100049
8,127711
8,155765
8,183452
8,211477
8,239211
8,266901
8,294631
8,322645
8,350368
8,378224
8,406289
8,433726
8,461857
8,489492
8,517455
8,545347
8,573471
8,601479
8,62874
8,656909
8,684465
8,712457
8,74049
8,768014
8,795995
8,824256
8,85171
8,879453
8,907375
8,935306
8,962946
8,991258
9,018637
9,046638
9,074472
9,102399
9,130358
9,157888
9,185795
9,213625
9,241865
9,269612
9,297359
9,325001
9,352887
9,380963
9,408864
9,43622
9,464081
9,492099
9,519815
9,547861
9,575953
9,603523
9,631441
9,659595
9,687016
9,714911
9,731301
9,755961
9,771697
9,798216
9,825703
9,841272
9,867801
9,883032
9,909489
9,924451
9,950975
9,965394
9,979888
9,994609
10,00818
10,02281
10,03603
10,04928
10,06337
10,0763
10,09039
10,10348
10,11751
10,13183
10,14564
10,15958
10,17397
10,18761
10,20148
10,21556
10,2297
10,24389
10,25764
10,27162
10,28565
10,29944
10,31336
10,3273
10,34126
10,3553
10,36914
10,38298
10,39699
10,41087
10,42491
10,43879
10,45255
10,46646
10,48048
10,49438
10,50849
10,52208
10,53604
10,55045
10,56412
10,57837
10,59173
10,60563
10,61987
10,63376
10,64773
10,66172
10,6755
10,68928
10,70366
10,71745
10,73091
10,74505
10,75902
10,77311
10,78763
10,80167
10,81671
10,83033
10,85605
10,87158
10,88529
10,89918
10,91276
10,93875
10,95348
10,96871
10,98219
10,99588
11,01013
11,02398
11,03778
11,05239
11,06616
11,09175
11,10597
11,1202
11,13449
11,14822
11,16389
11,17749
11,19124
11,21777
11,23159
11,24612
11,2598
11,27317
11,28772
11,30273
11,31691
11,34308
11,35767
11,37226
11,39886
11,41374
11,42837
11,45436
11,46983
11,49693
11,52431
11,54042
11,56553
11,58044
11,60748
11,62202
11,64977
11,66444
11,67927
11,70511
11,72029
11,73557
11,76049
11,77598
11,80241
11,81812
11,84403
11,87239
11,90033
11,92812
11,95606
11,98411
12,01269
12,04
12,06788
12,09535
12,12386
12,15132
12,17883
12,20687
12,23478
12,26273
12,29063
12,31879
12,34621
12,37412
12,40183
12,42968
12,45779
12,48541
12,51316
12,54104
12,56913
12,59701
12,62443
12,65244
12,68056
12,70819
12,73628
12,76398
12,79222
12,81936
12,84708
12,87516
12,903
12,93137
12,95948
12,98656
13,01449
13,04239
13,06986
13,09794
13,1256
13,15365
13,18122
13,2092
13,23711
13,26502
13,29313
13,32073
13,34911
13,3764
13,40387
13,43191
13,46032
13,48772
13,51585
13,54365
13,57156
13,59933
13,62731
13,65474
13,68264
13,71076
13,73858
13,76616
13,79396
13,82206
13,84965
13,87764
13,90514
13,93335
13,96134
13,989
14,01687
14,04461
14,07322
14,10071
14,12809
14,15602
14,18362
14,212
14,23968
14,2672
14,29505
14,32308
14,35055
14,379
14,40654
14,43469
14,46193
14,49006
14,50604
14,53144
14,55926
14,57417
14,60105
14,6155
14,63063
14,65628
14,67156
14,68514
14,69885
14,71333
14,72694
14,74047
14,75492
14,76826
14,78184
14,79604
14,80931
14,82339
14,83749
14,85152
14,86552
14,87943
14,89362
14,90728
14,92145
14,93521
14,94917
14,96327
14,97703
14,99102
15,00528
15,01898
15,03333
15,04747
15,06056
15,0748
15,08911
15,10316
15,11662
15,13103
15,14496
15,17199
15,18634
15,20074
15,21548
15,22886
15,25496
15,26901
15,28414
15,29847
15,32486
15,34081
15,36623
15,38239
15,4078
15,42262
15,43742
15,45153
15,47748
15,49261
15,51933
15,53362
15,549
15,57557
15,6045
15,63179
15,65899
15,67418
15,70109
15,72873
15,75733
15,78447
15,79987
15,82619
15,84191
15,86813
15,88353
15,90978
15,92471
15,93946
15,96513
15,98079
16,00689
16,02182
16,04837
16,06337
16,09044
16,10594
16,13242
16,16012
16,17566
16,20188
16,23021
16,25787
16,27321
16,29943
16,3141
16,32913
16,35523
16,37064
16,39675
16,41201
16,42696
16,45198
16,46647
16,4811
16,4956
16,51047
16,53596
16,55107
16,57749
16,59205
16,60733
16,63346
16,64861
16,67518
16,68966
16,71748
16,7451
16,76
16,77466
16,80036
16,81672
16,84226
16,85784
16,88389
16,89899
16,92589
16,94119
16,96747
16,98271
17,00954
17,02431
17,05154
17,06694
17,09309
17,10823
17,12292
17,14787
17,16258
17,17861
17,20437
17,22048
17,24579
17,26085
17,2756
17,30136
17,31688
17,34348
17,35945
17,38493
17,39993
17,4143
17,44095
17,45678
17,48249
17,51074
17,53839
17,55411
17,58041
17,60855
17,63639
17,66418
17,69165
17,72017
17,74803
17,77587
17,80332
17,83129
17,85922
17,88716
17,915
17,94287
17,97046
17,99894
18,02668
18,05407
18,08185
18,1099
18,13809
18,16582
18,19335
18,2212
18,24927
18,27687
18,30471
18,33256
18,36056
18,38852
18,41613
18,44416
18,47172
18,49979
18,52777
18,55551
18,58349
18,61088
18,63879
18,66692
18,69478
18,72274
18,75028
18,77827
18,80556
18,83358
18,86137
18,88948
18,91728
18,94529
18,97316
19,00097
19,02855
19,05671
19,08442
19,11229
19,14019
19,16793
19,18391
19,20928
19,23704
19,25323
19,27891
19,30693
19,33439
19,35106
19,37581
19,40425
19,43183
19,4598
19,47608
19,50172
19,52958
19,55764
19,58578
19,61341
19,64109
19,66915
19,69699
19,72472
19,75258
19,78046
19,80832
19,83631
19,86412
19,89167
19,91966
19,94772
19,97547
20,00357
20,0309
20,05918
20,087
20,11459
20,14219
20,1704
20,19835
20,22636
20,25382
20,28171
20,30948
20,33755
20,36534
20,39335
20,42089
20,449
20,47668
20,50452
20,53247
20,56031
20,58818
20,61604
20,6437
20,6717
20,69955
20,72724
20,75536
20,78301
20,81093
20,83867
20,86677
20,89455
20,92218
20,95028
20,97794
21,00593
21,03367
21,06186
21,0893
21,11744
21,14491
21,17287
21,18881
21,21458
21,24205
21,27042
21,2977
21,31447
21,33959
21,36753
21,3953
21,42341
21,45123
21,47938
21,507
21,53465
21,55079
21,57679
21,60377
21,61902
21,63402
21,65957
21,68778
21,70237
21,71673
21,73034
21,74407
21,75811
21,77108
21,78483
21,79895
21,81233
21,82657
21,84053
21,85444
21,86866
21,88233
21,89659
21,91064
21,92419
21,93847
21,95206
21,96621
21,98014
21,99421
22,00801
22,02251
22,03574
22,04989
22,0637
22,07777
22,09167
22,10553
22,11957
22,1334
22,14737
22,16121
22,17513
22,18913
22,20292
22,21701
22,23084
22,24506
22,25876
22,2729
22,28671
22,30047
22,31423
22,32857
22,34217
22,35611
22,36996
22,38391
22,39796
22,41208
22,42587
22,44013
22,45379
22,46795
22,48221
22,49643
22,5102
22,52489
22,55136
22,56709
22,59261
22,60712
22,62053
22,63497
22,64859
22,66265
22,67678
22,69018
22,70365
22,71801
22,73121
22,74561
22,75916
22,77336
22,78815
22,80157
22,8154
22,82898
22,84315
22,85811
22,8726
22,89945
22,92671
22,94211
22,95652
22,96989
22,99579
23,00967
23,02448
23,03899
23,053
23,07994
23,09583
23,12132
23,1369
23,16309
23,19101
23,20623
23,23288
23,24806
23,27449
23,2896
23,31632
23,33119
23,34636
23,37175
23,38637
23,4011
23,42755
23,44276
23,46947
23,48484
