participantNumber
6
repetitionNum
5
sdfEnabled
1
taskTime
29,05517
numHits
27
positionDifference
0,09088178
angleDifference
126,3027
finalPosX
-0,03054047
finalPosY
0,01461489
finalPosZ
0,8806135
finalRotX
332,0781
finalRotY
104,716
finalRotZ
237,2511
taskType
easyWire
velocityMagnitude
0,09895023
0,2462243
0,08745044
0,340601
0,2725203
0,3366729
0,233146
0,2012061
0,1560496
0,11961
0,08067483
0,08067483
0,05182396
0,1356695
0,1371418
0,02921261
0,1316138
0,08004626
0,05172026
0,01232082
0,01232082
0,01168306
0,03501743
0,07109406
0,09121157
0,07257183
0,08769586
0,02859336
0,05150514
0,08153623
0,07252663
0,02323289
0,02323289
0,03318441
0,03318441
0,03196733
0,02787805
0,05401879
0,08938277
0,06495657
0,09094304
0,06379818
0,0650387
0,06263854
0,05934377
0,05247319
0,04140698
0,04140698
0,08091936
0,1068546
0,1021163
0,1437842
0,108921
0,0997512
0,06402509
0,05442714
0,06548729
0,04366686
0,05130465
0,03912497
0,06564656
0,06685714
0,1143844
0,1038018
0,09974844
0,07900973
0,09335082
0,09035332
0,03866907
0,04224114
0,07019828
0,07295571
0,05651128
0,07756297
0,04856995
0,04856995
0,02219211
0,02219211
0,06243285
0,06243285
0,1440513
0,1649988
0,2284619
0,1473521
0,07993409
0,0467405
0,01832243
0,02089605
0,07406952
0,08658025
0,1034619
0,120312
0,1289421
0,07839476
0,1143745
0,1952818
0,2295295
0,2641219
0,184401
0,1661417
0,1658462
0,1054458
0,1041524
0,07920833
0,05724453
0,0396656
0,3092218
0,3689445
0,1239891
0,03777504
0,01614152
0,03413759
0,0531004
0,04229499
0,08800272
0,06700098
0,04565477
0,08612096
0,1164448
0,03887425
0,08562294
0,08399619
0,112007
0,09489848
0,1802907
0,1708767
0,1737648
0,1517033
0,178352
0,08043332
0,1239125
0,1770127
0,1501773
0,1664212
0,141333
0,1277492
0,110977
0,08625054
0,02879181
0,01831705
0,06519385
0,06716222
0,1264409
0,07805599
0,09327383
0,1217974
0,08747025
0,06446479
0,04139408
0,06453307
0,07473451
0,06140135
0,07780435
0,05890058
0,07361809
0,1103933
0,1381684
0,1133603
0,07760824
0,08605751
0,1049583
0,06782445
0,05954866
0,03812966
0,02213489
0,02607952
1,434943
1,199076
2,180215
1,88805
0,5567542
0,5567542
0,2608508
0,1678115
0,2312801
0,1961676
0,2695702
0,06929629
0,04026848
0,03466967
0,03466967
0,07545264
0,06002204
0,06002204
0,09922109
0,1376106
0,1001895
0,03854206
0,0576067
0,05491855
0,07861443
0,1100587
0,1286629
0,0637948
0,0637948
0,03923526
0,03923526
0,03292274
0,03292274
0,03079756
0,03292346
0,04895411
0,06649833
0,08688227
0,1168951
0,06704934
0,07536405
0,08217391
0,04274083
0,02564031
0,02487766
0,06241855
0,1264817
0,1468315
0,1512581
0,1287254
0,08359902
0,08359902
0,0837748
0,0837748
0,08587402
0,09259228
0,2021962
0,3392128
0,2784006
0,2608276
0,1810773
0,1799015
0,0531785
0,07038887
0,04309883
0,0564469
0,02540585
0,02010304
0,03851807
0,01650342
0,03762937
0,04683691
0,08602374
0,06499166
0,09363346
0,05118028
0,04141156
0,03299555
0,01216112
0,0342334
0,02935398
0,01857882
0,005085638
0,0194863
0,0293217
0,0189512
0,0327457
0,04265723
0,08473811
0,2392677
0,1352388
0,1507791
0,09289738
0,1899729
0,2595487
0,1333991
0,06438942
0,06363687
0,0732829
0,084332
0,106801
0,1228298
0,1541164
0,1192572
0,1294859
0,08487247
0,1106223
0,1443892
0,1024378
0,110593
0,09702719
0,1075477
0,1059975
0,07092961
0,07384339
0,06585914
0,080484
0,08924766
0,06016397
0,05500737
0,03898632
0,008869912
0,02396039
0,03136365
0,07195599
0,08470618
0,06793006
0,0815682
0,06790321
0,08461386
0,09399641
0,08329896
0,0969605
0,05919751
0,06375491
0,06514761
0,04866247
0,0614958
0,05868084
0,07392804
0,05331167
0,05646419
0,0642553
0,04248457
0,05540308
0,05826299
0,05625767
0,05253432
0,09053465
0,07863389
0,09344195
0,08515362
0,1096443
0,1153654
0,09510364
0,1000488
0,08697633
0,0973225
0,07060105
0,0562835
0,07520465
0,07252139
0,08086955
0,04246188
0,03068986
0,04161587
0,1373689
0,09526619
0,03213772
0,04718254
0,0265595
0,02401019
0,01817794
0,02387001
0,01586108
0,02209157
0,02667234
0,02026045
0,01810912
0,01546966
0,03833728
0,04786186
0,02422144
0,03747158
0,02068185
0,02966854
0,02944796
0,01306517
0,006216688
0,002400458
0,002240162
0,002768866
0,002855601
0,003867782
0,002583557
0,003769862
0,005338014
0,002993983
0,004080668
0,006456829
0,02414646
0,02153289
0,01295064
0,02207543
0,02980355
0,01164158
0,02214001
0,02462325
0,03437021
0,09585003
0,1221779
0,1365936
0,2663182
0,2686968
0,432813
0,4493583
0,1169459
1,31256
1,071574
1,696755
0,2229245
0,1598644
0,4352767
0,098644
0,2005802
0,08942111
0,09634994
0,1158651
0,09795737
0,09477693
0,08367149
0,07174689
0,06618469
0,08261026
0,1257136
0,0597111
0,1532012
0,3276268
0,4151203
0,5290127
0,4740917
0,5220689
0,5768514
0,4045562
0,1912682
0,2250781
0,06891491
0,09681594
0,04686392
0,07424572
0,07407284
0,0427107
0,06250521
0,0288813
0,05596237
0,08402567
0,04408894
0,0294666
0,04955613
0,06507687
0,08009035
0,02544562
0,0310921
0,009370821
0,007469625
0,005527138
0,007571287
0,009640387
0,006834602
0,009226204
0,01337498
0,01818379
0,007637826
0,008618969
0,0143244
0,02558341
0,006501545
0,009267908
0,006014777
0,01000932
0,01329624
0,01467448
0,01338598
0,01536997
0,01106681
0,008904347
0,01062471
0,005064736
0,003874769
0,05324477
0,04692924
0,0491913
0,0604565
0,06112785
0,04101187
0,3473621
0,03988285
0,04154048
0,1140855
0,02822459
0,009029395
0,0114729
0,003032648
0,005620658
0,004046463
0,01130181
0,02626194
0,01409303
0,01899743
0,01983888
0,04724713
0,054872
0,07414886
0,0873267
0,09123135
0,09291628
0,07096233
0,08671465
0,1836312
0,1588295
0,1819609
0,1367356
0,1207491
0,1338259
0,1191068
0,02607896
0,05371638
0,02956384
0,03209421
0,04870466
0,01947453
0,03087102
0,01028263
0,03035873
0,0411975
0,01532788
0,03299205
0,01709433
0,04068432
0,04470633
0,05232659
0,1111822
0,2661627
0,2917911
0,2768483
0,3929609
0,3676096
0,3275931
0,186859
0,1694974
0,18178
0,05684805
0,06164957
0,1307133
0,2218688
0,01748244
0,02964995
0,04989268
0,02087115
0,0488443
0,03011666
0,03653451
0,03784532
0,00309703
0,03435811
0,002905434
0,05755103
0,06434336
0,003619969
0,04097282
0,001364183
0,03401855
0,04213376
0,02748929
0,05997636
0,1578509
0,07723799
0,04870563
0,1280753
2,505473
0,2972376
0,06242387
0,1645412
0,1136566
0,1289055
0,05164811
0,05904711
0,06306531
0,01200395
0,02183447
0,01062014
0,01062014
0,02513725
0,02001144
0,04251691
0,03196533
0,01772375
0,02408396
0,06432639
0,08930477
0,0763652
0,1157194
0,149814
0,1498223
0,6746173
0,2376463
0,6413974
0,06809163
0,1135575
2,773499
0,8227423
2,332274
2,332274
0,8168387
1,812656
1,812656
0,5846822
1,437305
1,437305
0,5154373
0,4872101
0,2802564
0,2802564
0,08297895
0,04207389
0,04207389
0,04020508
0,01603781
0,01603781
0,05971866
0,1428048
0,07776816
0,07776816
0,0290553
0,0946181
0,0946181
0,1400997
0,1975782
0,1975782
0,07720187
0,06256954
0,0642359
0,0642359
0,02972639
0,02191947
0,02191947
0,03247157
0,01669454
0,01669454
0,03107213
0,04697495
0,03207688
0,03207688
0,06081292
0,1807061
0,1807061
0,3310907
0,07676433
0,07676433
0,09167287
0,1247654
0,1247654
0,04790272
0,02045404
0,02675497
0,02675497
0,009825855
0,06213024
0,06213024
0,09926901
0,09992612
0,09992612
0,1215487
0,142121
0,156605
0,156605
0,1665191
0,1740586
0,1740586
0,1819109
0,1837583
0,1837583
0,1846213
0,1812244
0,1812244
0,1717424
0,1555213
0,1357391
0,1357391
0,1144382
0,09028322
0,09028322
0,06397472
0,03678048
0,03678048
0,008539497
0,02047992
0,04850977
0,04850977
0,07548749
0,1008776
0,1008776
0,1244178
0,1405564
0,1405564
0,00138941
0,005894748
0,005894748
0,06587958
0,1203675
0,144576
0,144576
0,1823332
0,1490989
0,1490989
0,1526197
0,1523726
0,1523726
0,2663988
0,2339061
0,1408268
0,1408268
0,2380916
0,215617
0,215617
0,2777609
0,2532567
0,2532567
0,1969922
0,190545
0,190545
0,1574862
0,1673033
0,1669356
0,1669356
0,2309717
0,2158663
0,2158663
0,2288903
0,2044767
0,2044767
0,2399734
0,2032626
0,1696232
0,1696232
0,2249454
0,1623918
0,1623918
0,1986925
0,1570724
0,1570724
0,1420971
0,1003351
0,07797811
0,07797811
0,1645904
0,1816549
0,1816549
0,238469
0,2492998
0,2492998
0,2743904
0,173107
0,173107
0,196891
0,1483552
0,1271911
0,1271911
0,1877667
0,1857849
0,1857849
0,2217842
0,18779
0,18779
0,1983915
0,1289117
0,1536468
0,1536468
0,1889512
0,1877322
0,1877322
0,1541369
0,1690154
0,1690154
0,2173033
0,2173033
0,1379372
0,2018754
0,2041472
0,2041472
0,09624671
0,09624671
0,1672677
0,1551272
0,07440746
0,04762818
0,1209881
0,1193363
0,1380136
0,1430998
0,09224086
0,08989016
0,05962259
0,05609797
0,0390886
0,03051405
0,04033911
0,03799084
0,03262888
0,02115179
0,01327962
0,01462614
0,01827207
0,006910713
0,006910713
0,01237933
0,01237933
0,01289917
0,02497475
0,02497475
0,04872986
0,04872986
0,3769965
0,3769965
0,1362405
0,327663
0,5604256
0,321731
0,3475102
0,3039495
0,2712429
0,6179636
0,3774707
0,3020131
0,4952806
0,6316881
0,6538886
0,5604556
0,5710343
0,5101945
0,6669409
0,8402787
0,5581754
0,6369689
0,2860231
0,1768476
0,06144185
0,09599075
0,05822621
0,01371963
0,005774043
0,02411386
0,04726404
0,1017765
0,2795593
0,04751205
0,09709486
0,04710817
0,07487162
0,1127696
0,06125471
0,1116364
0,0632333
0,09994645
0,09392716
0,04449879
0,0807397
0,03867368
0,07927911
0,1839884
0,02424035
0,1701151
0,3101472
0,06360172
0,3098074
0,2355142
0,299402
0,4109764
0,4893309
0,5871249
0,7335037
0,8157238
0,8458177
0,8297665
0,8398915
0,862602
0,893984
0,914133
0,9054203
0,8788214
0,8312757
0,819477
0,7976535
0,7905789
0,7586983
0,7040007
0,6292875
0,604519
0,6123342
0,08890191
0,06011175
0,0839024
0,1762399
0,1064204
0,05140513
0,0182623
0,002495212
0,08628219
0,02822788
0,03330364
0,09086885
0,03171559
0,09746975
0,05260099
0,09879032
0,1197959
0,3490361
0,5256552
0,3554183
0,2381983
0,2229193
0,3195343
0,3587293
0,6812809
0,5662332
0,2809331
0,505045
0,5637455
0,5560656
0,4990121
0,3647363
0,3932056
0,4129318
0,4026617
0,2655545
0,242882
0,206838
0,1978759
0,2046986
0,2287517
0,246124
0,284798
0,2911361
0,3027194
0,3149006
0,09103744
0,0474102
0,1385464
0,192166
0,1812175
0,1045347
0,1366501
0,1776242
0,06487779
0,001844961
0,001882829
0,007053719
0,04617261
0,06696746
0,1030234
0,1185765
0,1291888
0,006800152
0,08906018
0,1895652
0,2380407
0,1900685
0,1643511
0,1329475
0,03737877
0,0809247
0,1418205
0,04893519
0,09268899
0,06850472
0,156801
0,1689481
0,06343041
0,09549975
0,1138124
0,07728509
0,1404388
1,421919
1,589306
1,696124
1,894068
2,092334
2,269471
2,476792
2,713752
2,909213
3,098809
3,304163
3,556359
3,761855
3,935243
4,067613
4,226137
4,344854
4,47202
4,535839
4,585769
4,607333
3,552151
2,988327
1,778532
1,778532
0,9671502
0,04177513
0,04177513
0,1967376
0,08091056
0,08091056
0,0427959
0,01203573
0,02889689
0,02889689
0,06480727
0,03896864
0,03896864
0,02322857
0,02352264
0,02352264
0,02754718
0,01796966
0,01796966
0,0118127
0,0058593
0,00743089
0,00743089
0,03501226
0,02528924
0,02528924
0,05335347
0,05425714
0,05425714
0,1022305
0,06698915
0,03904408
0,03904408
0,04498436
0,04619932
0,04619932
0,1168412
0,1169118
0,1169118
0,1752157
0,1347951
0,08079478
0,08079478
0,0969283
0,06575633
0,06575633
0,1605743
0,1360615
0,1360615
0,1343463
0,1398867
0,1398867
0,1945768
0,1340814
0,07048674
0,07048674
0,09602051
0,03299928
0,03299928
0,1324497
0,09401266
0,09401266
0,09354414
0,07189903
0,0575185
0,0575185
0,07353016
0,07232158
0,07232158
0,09828163
0,08017114
0,08017114
0,1128476
0,0924373
0,0924373
0,1053701
0,08521079
0,06687417
0,06687417
0,07388391
0,07196659
0,07196659
0,1211315
0,1152872
0,1152872
0,1285278
0,1415585
0,15791
0,15791
0,150241
0,157739
0,157739
0,1772743
0,1857182
0,1857182
0,3383925
0,3262699
0,3262699
0,334784
0,3261892
0,3367473
0,3367473
0,1960708
0,1926537
0,1926537
0,2059986
0,1859833
0,1859833
0,1740585
0,4496749
0,3483409
0,3483409
0,273655
0,1766789
0,1766789
0,1902665
0,1900191
0,1900191
0,1784101
0,1780418
0,211638
0,211638
0,1803689
0,1202982
0,1202982
0,1229863
0,1379165
0,1379165
0,223372
0,2229228
0,2229228
0,2078494
0,1701044
0,2228109
0,2228109
0,1699617
0,1699617
0,3683319
0,3030599
0,3030599
0,1566124
0,1566124
0,1839515
0,198676
0,1674349
0,1674349
0,1654361
0,1933182
0,1933182
0,2712553
0,1431008
0,1431008
0,148523
0,1511446
0,154463
0,154463
0,1717533
0,1707027
0,1707027
0,2058355
0,2058355
0,2613363
0,2281664
0,2294453
0,2294453
0,2884122
0,2630907
0,2630907
0,2866478
0,2871412
0,2182037
0,2156349
0,2082089
0,1707785
0,1707785
0,2316748
0,2316748
0,1413616
0,1635514
0,1829931
0,2140064
0,1766389
0,2225815
0,2995426
0,3059756
0,3541676
0,3459616
0,3974799
0,2473306
0,2520303
0,3176856
0,2304406
0,2031577
0,1698329
0,1563163
0,2500484
0,1422452
0,1596044
0,1497513
0,1669351
0,1817176
0,1561918
0,1920619
0,1165619
0,1607905
0,2649574
0,2066699
0,3560397
0,2154112
0,3002928
0,317526
0,2186101
0,2134037
0,3309629
0,1993371
0,2466099
0,2377838
0,2571361
0,3596469
0,2051279
0,2778868
0,2225872
0,09940075
0,09646553
0,1944569
0,3086488
0,2169993
0,08560424
0,1352901
0,1672841
0,1328444
0,1439945
0,2963697
0,2506065
0,6653196
0,1780474
0,3450942
1,447762
1,657683
1,765487
1,875231
1,929501
2,025265
2,092314
2,196013
2,350919
2,43561
2,57463
2,70929
2,867435
2,990453
3,091685
3,152555
3,22138
3,163039
3,074151
0,4615771
0,6568728
0,8525838
0,7580521
0,9396408
1,126142
1,315468
1,315468
0,7705054
0,8650844
0,989976
1,135219
1,135219
0,7846039
0,8245235
0,8245235
0,6711076
0,639351
0,659294
0,659294
0,5647769
0,5325983
0,5325983
0,4892885
0,4372899
0,4372899
0,007565693
0,04745932
0,1172371
0,1172371
0,2243533
0,1343033
0,1343033
0,2247458
0,2460917
0,2460917
0,9324067
0,3227961
0,3227961
0,5446069
0,8865726
0,5875105
0,5875105
0,3459821
0,311353
0,311353
0,323763
0,2922797
0,2922797
0,337436
0,3459105
0,3748051
0,3748051
0,4522137
0,2999769
0,2999769
0,3031669
0,352815
0,352815
0,562148
0,5280967
0,508657
0,508657
0,4170828
0,4274581
0,4274581
0,5685231
0,4708234
0,4708234
0,4698788
0,3434821
0,4232217
0,1708179
0,1708179
0,1564278
0,1564278
0,1339802
0,2113209
0,2039574
0,3062319
0,2659205
0,28468
0,2885652
0,3299574
0,2402295
0,3200315
0,1363246
velocityComponents
0,02716631
-0,01167767
0,09442866
0,07162094
-0,05119015
0,2299488
0,02752211
-0,006768731
0,08273026
0,1085834
0,0246679
0,3218853
0,09208912
0,02087915
0,2556384
0,09408889
0,1545121
0,28394
0,07858443
0,03588463
0,2165499
0,06348108
0,06220484
0,1805121
0,04794621
0,05193674
0,1391231
0,03547976
0,04199721
0,106226
0,01399223
0,06043652
0,05157591
0,01399223
0,06043652
0,05157591
0,0008697211
0,04979018
0,01434936
0,0007914772
0,1295664
0,04022615
-0,0208511
0,1353589
-0,007145761
-0,005136467
0,02873764
-0,001068299
-0,03485136
0,1216129
-0,03630273
-0,01907082
0,07674585
-0,0124009
-0,01314642
0,05001247
0,0009539153
-0,002717114
0,01169709
0,002756449
-0,002717114
0,01169709
0,002756449
0,0001796045
0,00383308
0,0110349
0,006183587
0,00890031
0,03329818
0,01801145
-0,008722662
0,06821927
0,0241944
-0,001526745
0,08793095
0,02172432
-0,001791066
0,06922078
0,02639635
-0,0006413413
0,08362646
0,009330823
0,004414327
0,02666514
0,009649202
0,03178612
0,03936134
0,01902058
0,04222117
0,06710997
0,01665824
0,04142119
0,05715681
0,004432037
0,01689756
0,01531655
0,004432037
0,01689756
0,01531655
0,006529835
0,02154171
0,02438281
0,006529835
0,02154171
0,02438281
0,008112382
0,01306272
0,02802615
0,007054338
-0,004573114
0,02658023
0,01382163
-0,01362692
0,0504113
0,0245676
-0,009354962
0,08542948
0,01682204
0,002989125
0,06266929
0,02174852
0,007815395
0,0879577
0,0131982
0,01749424
0,05991633
0,01083812
0,002074371
0,06409574
0,01110292
-0,01286974
0,06028833
0,00908791
-0,01485979
0,05672989
0,008357109
-0,02324739
0,0462942
0,008504328
-0,01444173
0,03786359
0,008504328
-0,01444173
0,03786359
0,01834942
-0,04287777
0,06612668
0,02486806
-0,03923603
0,09622905
0,02560648
-0,03223499
0,09345031
0,03437996
-0,0708743
0,1202861
0,02652774
-0,04588674
0,09515493
0,02367619
-0,02819472
0,09270813
0,01384762
-0,009128539
0,06183951
0,01140984
0,001601484
0,05319365
0,01218103
0,01151898
0,06330498
0,00620936
0,01654065
0,03993301
-0,002363018
0,04331406
0,0273948
-0,002397526
0,03198289
0,02240781
-0,00610515
0,06109766
0,02322227
-0,00824421
0,0642101
0,0167025
-0,005929606
0,1077792
0,03784537
-0,005738517
0,09876656
0,03141723
-0,01533624
0,09822588
0,00813801
-0,0134733
0,07756981
0,006628224
-0,01579427
0,09070431
0,01541575
-0,02034204
0,08803292
-0,0003587531
-0,01267835
0,03601021
-0,006149902
-0,0221977
0,03350148
-0,01300873
-0,03599539
0,04366219
-0,04154206
-0,03474478
0,05724324
-0,02895768
-0,02576876
0,04871185
-0,01251605
-0,02658418
0,07260984
0,006091438
-0,017281
0,04518285
0,004349367
-0,017281
0,04518285
0,004349367
-0,01603174
0,0146257
0,004643522
-0,01603174
0,0146257
0,004643522
-0,02651605
-0,05157933
-0,02311564
-0,02651605
-0,05157933
-0,02311564
-0,01222572
-0,1434562
0,00464961
-0,007592904
-0,1639173
0,01726464
0,01426313
-0,2124611
0,08277493
0,005099365
-0,1394063
0,04746074
-0,007355785
-0,07728786
0,01902465
-0,009149723
-0,04525299
0,007288642
-0,0183202
0,0001373918
0,000250881
-0,01615496
0,01324134
-0,0005736609
-0,02663579
0,06875356
-0,007055264
-0,0226533
0,08351581
-0,002842299
-0,02655868
0,09988326
-0,004726966
-0,01716355
0,1178176
0,01730314
-0,02203092
0,1267873
0,008104681
-0,003435034
0,0720878
0,03061514
0,005467267
0,09141093
0,06852504
0,01426654
0,1525727
0,1210497
0,02125737
0,1767665
0,1448639
0,01386569
0,2124078
0,1563684
0,01580382
0,1214129
0,1378872
0,01500849
0,08945438
0,1391967
0,01108455
0,08268502
0,1433363
0,009493893
0,05039733
0,09213467
0,002206508
0,03829478
0,09683166
0,006506128
0,02393252
0,07522542
-0,004443326
0,0006063928
0,0570686
-0,01213293
-0,001444326
0,0377368
-0,09479727
-0,2352302
-0,1769135
-0,1160926
-0,2692113
-0,2239818
-0,04680046
-0,0861451
-0,07590815
-0,02481172
-0,02811503
-0,004569182
-0,01292063
-0,006740835
0,006940255
-0,0006417498
0,007697135
0,03325233
0,004328984
0,02370621
0,04731732
0,003307255
0,02115839
0,03647261
0,01094115
0,04616825
0,07411655
0,00746111
0,04315518
0,05070595
0,005938616
0,02992547
0,03396406
0,007736834
0,06157261
0,05971412
0,02007862
0,06653832
0,09342857
0,008831482
0,01595034
0,03433364
0,02513843
0,009465981
0,08130032
0,02806123
0,004391878
0,07904833
0,03693466
0,01207667
0,1050503
0,03234792
0,01078702
0,08856056
0,06110521
0,02397113
0,1679174
0,05546003
0,03984094
0,1566389
0,05947532
0,006168211
0,1631529
0,05438149
-0,007264131
0,1414347
0,06362478
-0,0613955
0,1548932
0,03070265
-0,0296417
0,06817798
0,04627565
-0,01904285
0,1133589
0,05679164
0,06015554
0,1564912
0,0371457
0,09487749
0,1103254
0,03708939
0,10944
0,1197634
0,03346536
0,08096415
0,1109048
0,03413755
0,05432869
0,1104667
0,03026397
0,03709118
0,1001211
0,02194285
0,0298632
0,07788362
0,006263196
0,01056531
0,02604064
-0,005256949
0,01748329
0,001487704
-0,01698168
0,05959212
-0,02026426
-0,01610968
0,06162236
-0,02130557
-0,0233769
0,1210541
-0,02804866
-0,01465575
0,07462836
-0,01756573
-0,01149263
0,0924205
-0,005135975
-0,008052144
0,1212704
0,007953022
-0,001395089
0,08623122
0,0146039
0,004022037
0,06032496
0,02237033
0,006572183
0,03421804
0,0223473
0,02209584
0,0184732
0,05774973
0,02736322
0,01029326
0,06877899
0,02418439
-0,00336082
0,05633778
0,03003304
-0,00253489
0,07172941
0,02227068
0,005895366
0,05420829
0,02657753
0,009359126
0,06801224
0,03493757
0,0383536
0,09744256
0,03770172
0,06885552
0,1137014
0,0278871
0,06193094
0,09076033
0,01916457
0,03958619
0,06394288
0,01775355
0,0538908
0,06470308
0,01978743
0,07077755
0,07493488
0,01231329
0,04694867
0,04737469
0,009605448
0,04256995
0,04051638
0,006419139
0,02765205
0,02545643
0,004425219
0,01511161
0,01555667
0,004674837
0,02091892
0,0148555
-0,3727213
-1,001861
-0,9572961
-0,3042051
-0,8254526
-0,8147822
-0,5243152
-1,465201
-1,526964
-0,4179239
-1,251326
-1,35065
-0,09407896
-0,3419575
-0,429173
-0,09407896
-0,3419575
-0,429173
0,02314248
-0,0972259
-0,2409454
0,06967791
-0,01714943
-0,1516957
0,1371668
0,04101572
-0,1816411
0,1183349
0,04889179
-0,148621
0,1889079
0,05289948
-0,1848879
-0,02769485
0,01198532
0,06238047
-0,0101289
0,001311362
0,03895172
0,008004596
0,005676367
0,03325194
0,008004596
0,005676367
0,03325194
0,02627142
0,02386235
0,06658454
0,02210505
0,02046361
0,05191582
0,02210505
0,02046361
0,05191582
0,0310341
0,05659511
0,07535716
0,04584203
0,06668195
0,1113045
0,03056412
0,06281786
0,07181707
0,01168878
0,02358234
0,02815557
0,01829439
0,03171862
0,0444722
0,01564277
0,0362401
0,03818385
0,01708208
0,06471628
0,0412339
0,01617476
0,1003641
0,04217029
0,01906067
0,1157172
0,05291855
0,00727301
0,06028413
0,01956283
0,00727301
0,06028413
0,01956283
0,008999167
0,03253999
0,01998924
0,008999167
0,03253999
0,01998924
0,008415882
0,02713713
0,01663297
0,008415882
0,02713713
0,01663297
0,009985513
0,02133722
0,01983688
0,006079614
0,03011602
0,01183291
0,005141709
0,04781511
0,009153299
0,005227868
0,06506576
0,01269426
-0,001257118
0,08685796
-0,001625847
-0,009385788
0,1151454
-0,01783008
-0,00946081
0,06390321
-0,01795793
-0,01168072
0,07137204
-0,02119745
-0,01452268
0,07601945
-0,02761679
-0,01043854
0,03745581
-0,01774479
-0,003281167
0,02540739
0,001060171
0,003428268
0,01816768
0,01664574
0,01746825
0,02254014
0,05552367
0,04169363
0,03223099
0,1149801
0,04592881
0,05890409
0,1264134
0,04782326
0,04176195
0,1372876
0,03647964
0,05114932
0,1123531
0,02575162
0,01769304
0,077541
0,02575162
0,01769304
0,077541
0,02361857
0,03857116
0,07051699
0,02361857
0,03857116
0,07051699
0,03048446
0,008489
0,07983096
0,03340567
0,01376348
0,08525231
0,06139696
0,1130576
0,1559862
0,09169984
0,2267833
0,2350018
0,06214424
0,2206207
0,1580238
0,05905108
0,2013527
0,154923
0,03555466
0,1480486
0,09801253
0,02638084
0,1568139
0,08413083
-0,002878087
0,05293008
0,004251597
-0,0215359
0,05837544
-0,03291057
-0,01791053
0,02588355
-0,02944086
-0,02475962
0,02043569
-0,0464284
-0,0107968
0,01172596
-0,01978354
-0,003545813
0,019785
0,0003362775
0,002424924
0,03740475
0,008868292
0,005279106
0,01137249
0,01073127
0,01308965
0,0001895812
0,03527881
0,01571382
0,002608424
0,04404507
0,02949508
-0,003284055
0,08074243
0,02208209
-0,0003795442
0,06112408
0,03025818
-0,00865082
0,08818634
0,01682934
-0,002969489
0,0482429
0,01416205
0,001264206
0,03889415
0,01508044
0,003013563
0,02919256
0,0008250555
0,006196055
0,01043173
0,0005873492
0,03297328
0,009183889
0,002213292
0,02925286
0,001013789
0,005473525
0,0137426
0,01124072
0,0009469296
-0,004877192
0,001086294
0,001632404
-0,01879705
0,004870519
-0,002072911
-0,02920477
-0,001595801
0,001166802
-0,01823268
0,005035469
0,007077533
-0,01645858
0,02740994
0,01260066
-0,01007611
0,03948841
0,02434149
-0,02533183
0,0771125
0,0769072
-0,04623913
0,2218023
0,04426974
-0,0479546
0,1184486
0,04354725
-0,05108543
0,135012
0,023729
-0,05921058
0,06753491
0,05611165
-0,09090832
0,1570887
0,08173496
-0,1017734
0,224337
0,04353381
-0,04736565
0,1168615
0,02153475
0,01820989
0,05788482
0,002870332
0,06287397
0,009395556
-0,001064743
0,07307217
0,005450428
0,001774886
0,08253446
0,01722788
0,004080783
0,1039198
0,02430001
0,007331357
0,1170672
0,03645103
0,005707536
0,1489122
0,0392994
0,002661596
0,1161447
0,02693682
0,001802762
0,1270658
0,02485221
-0,0001536979
0,08384646
0,01315616
0,000118258
0,1087909
0,02004558
0,001120443
0,140881
0,0316157
0,0004527422
0,09985544
0,02285143
0,001694711
0,1073274
0,02662274
0,003848718
0,09182313
0,0311123
0,006465556
0,09799509
0,04383687
0,009993855
0,08904943
0,05661963
0,01090545
0,04911209
0,05000083
0,0163427
0,03106019
0,06496944
0,01689693
0,003705216
0,06354676
0,02150446
-0,02623446
0,0729862
0,02295741
-0,04452371
0,07386299
0,01557895
-0,0290596
0,05032434
0,01321534
-0,029878
0,04425461
0,009158139
-0,01579067
0,03444875
-7,916734E-06
-0,0006893649
0,008843079
-0,006035988
0,0231765
-0,0007189438
-0,002235955
0,03039782
0,007392664
0,008031266
0,05994207
0,03898861
0,01463787
0,06100853
0,0569107
0,01445538
0,04412486
0,04958358
0,02239492
0,03736037
0,06896406
0,01509192
0,03451818
0,05649403
0,02085298
0,03343821
0,07487687
0,02412366
0,02995255
0,08576841
0,02213676
0,02165609
0,07732848
0,02727756
0,01913597
0,09105542
0,01857697
0,005587754
0,05592869
0,02203024
-0,007245615
0,05938736
0,02294481
-0,005056567
0,06076329
0,01735602
0,003753342
0,04530692
0,02129595
0,009640843
0,05687943
0,01527792
0,01823431
0,05364268
0,02345944
0,03094327
0,06290884
0,0145333
0,03430776
0,03812998
0,01094342
0,04704954
0,02923674
0,003030561
0,05717808
0,02915864
-0,0160294
0,03590079
0,01609753
-0,02164171
0,04222523
0,02860362
-0,02321309
0,03591911
0,03956697
-0,01334975
0,03719109
0,04004414
-0,00936057
0,03499981
0,03804272
-0,03579425
0,06456648
0,05240672
-0,02030853
0,06455995
0,04003579
-0,02516115
0,08981234
0,00566195
-0,02679006
0,08036272
0,008675493
-0,03968721
0,1019652
-0,00706359
-0,04846093
0,1036508
-0,01473796
-0,04732705
0,08173484
-0,01114767
-0,04859991
0,08453909
-0,02238219
-0,04681064
0,06865346
-0,02569722
-0,04466533
0,07201135
-0,04786484
-0,02952995
0,04886496
-0,04152959
-0,02766857
0,03915489
-0,02948182
-0,03663393
0,05189741
-0,04025361
-0,04310514
0,05296443
-0,02441449
-0,04424039
0,05927041
-0,03270613
-0,02485393
0,03025411
-0,01643115
-0,01728314
0,02510233
-0,003610209
-0,02474286
0,03327736
-0,003505491
-0,07322867
0,1084725
-0,04173122
-0,03115709
0,08830515
-0,01752379
-0,02574279
0,01923409
0,0004375204
-0,009255186
0,03251821
0,03291048
-0,006621053
0,003900334
0,02542354
-0,009930918
-0,001250207
0,02182436
-0,007921059
0,003440499
0,01599554
-0,0002481937
0,002472758
0,02374029
-0,005749643
0,003571272
0,01434439
0,0004505534
-0,002988666
0,02188384
0,001151772
-0,004952461
0,0261832
0,003728703
0,0139659
0,01419635
-0,002405047
-0,004125714
0,0174681
-0,002619449
-0,00198707
0,01511623
-0,001449011
-0,01105544
0,03668002
0,003004104
-0,01717132
0,04457442
0,002070293
-0,003191203
0,02392088
0,008296628
-0,002952278
0,0364221
-0,0007556416
-0,00733915
0,01932109
-0,0004123002
-0,01044846
0,02776476
-0,004654124
-0,007026941
0,02821602
0,001316246
0,001120597
0,01295031
0,002595656
-0,001151413
0,005530283
0,0001358092
0,001688331
0,001700968
0,001607548
0,00155434
-0,0001346916
0,001759849
0,001861751
-0,001050442
-0,0003694259
0,002610832
0,001096144
-0,0003242753
0,001211554
0,003658786
0,0005042665
0,00215444
0,001333743
0,002522122
0,002134383
-0,001815259
0,004763935
0,0009000599
-0,002233654
0,001229119
0,00271064
0,0003250092
0,003402043
0,001788557
-0,001370773
0,003883783
0,0031569
-0,00407932
0,01044669
0,0215272
-0,003240064
0,004335493
0,01119125
-0,01787805
0,003213771
0,003897622
-0,01192474
-0,0003515109
0,01968187
-0,009991251
-0,00254957
0,0250071
-0,01601238
0,0004452541
0,00565891
-0,0101639
0,00353343
0,007655025
-0,02047182
0,004366111
0,02331869
0,006593928
-0,007851519
0,02669276
0,02017825
0,03578153
0,05386336
0,07075061
0,07092614
0,02837035
0,09535217
0,07511578
0,01566673
0,1130044
0,137916
0,01538232
0,2273058
0,1334963
0,008209488
0,2330436
0,1991137
-0,01125074
0,3841279
0,2045735
-0,0453628
0,3975107
-0,004997179
0,009309247
0,1164676
-0,2755324
0,8597728
0,9527263
0,2653217
0,5969998
0,8493919
0,3780505
1,023975
1,29905
-0,1317196
0,07098937
0,1652446
0,05382951
-0,002666622
0,1505054
0,1081239
0,283056
0,3124969
-0,05259834
0,03233692
0,07693098
-0,1207705
0,06842941
0,1447906
-0,03934905
0,02390093
0,07665855
-0,002597153
0,01233858
0,09552133
-0,01513922
0,01590848
0,1137649
-0,01754129
0,01767099
0,09474009
-0,007056028
0,009483933
0,09403688
-0,005006194
0,01014709
0,08290291
0,02512857
-0,02436686
0,06262928
0,0546377
-0,03688517
-0,005883843
0,03536494
0,03353629
-0,06670153
0,07631668
-0,045187
-0,08909437
0,03101711
-0,04919747
-0,01352643
0,07151464
-0,1066209
-0,08359577
0,08155362
-0,1502665
-0,2794786
0,1266013
-0,1113388
-0,3793424
0,09535521
-0,1377048
-0,5017959
0,02126063
-0,1199398
-0,4581761
0,03268086
-0,1304257
-0,5044572
0,04152636
-0,1900828
-0,5430485
0,02920952
-0,1523691
-0,3736258
0,0222124
-0,05288719
-0,1824639
0,06909496
-0,02775676
-0,2124043
0,02932821
-0,02599647
-0,05668601
-0,01419463
-0,05829515
0,07598364
-0,002748959
-0,03747236
0,0280088
-0,01106002
-0,04913506
0,05455134
-0,009977613
-0,05230408
0,05149288
0,001444548
-0,03169826
0,02858911
0,01304018
-0,04782971
0,03806801
-0,006428167
-0,01990709
0,01991272
-0,004177235
-0,03263662
0,04526797
0,02760705
-0,04066061
0,06815335
0,01877365
-0,02375661
0,03204697
-0,000666216
-0,01957365
0,02201611
0,008454204
-0,04075202
0,0269
0,01637617
-0,04933904
0,0391469
0,04322988
-0,04658429
0,04873958
0,003723294
-0,01003182
0,02308634
-0,008984268
-0,01003104
0,02802463
0,005402952
0,002135418
-0,007352576
0,0009453297
-0,007182889
0,001818724
8,159876E-05
-0,004185602
0,003608786
0,0002557933
-0,00580506
0,004853889
-0,0006178617
-0,006724574
0,006880075
0,002911329
-0,005815998
0,002100028
0,0004257709
-0,005210645
0,007602021
-0,0007611662
-0,00662639
0,01159318
0,008518964
-0,01532281
0,00482586
0,004687577
-0,006029386
9,75281E-05
0,002685875
-0,007989306
0,001801029
0,001818314
-0,01179003
0,007929534
0,008032694
-0,02415516
-0,00255242
0,001090959
-0,006408662
9,460747E-05
-0,0003654063
-0,004921794
-0,007844523
-0,002608553
-0,004938863
-0,002231732
0,003412038
-0,008339904
0,0043578
0,0008175373
-0,008821994
0,009914339
0,00497663
-0,01360102
0,002363428
0,0005188584
-0,01326754
0,001699269
-0,003997594
-0,01289589
0,00734514
0,0006507933
-0,01101371
0,0008654594
0,001376465
-0,004307013
-0,007670879
0,001760587
-0,009661483
-0,004054695
0,0008095205
-0,00456271
0,002043992
0,001044333
0,003015916
0,002197146
0,01338311
0,02096451
0,04707852
0,01357153
0,03118669
0,03233507
0,007782251
0,02324557
0,04264814
0,02497798
0,04219101
0,03536958
0,01304165
0,04423
0,04012775
-0,001432419
0,01232317
-0,03909042
0,2031546
0,06792514
0,2734498
-0,001815572
0,01213039
0,03794995
-0,006620333
0,0004292987
0,0410073
0,02399085
0,01329065
0,1107398
-0,008770317
-0,02639394
-0,004803047
0,003387064
-0,00659775
-0,005150482
-0,003084123
-0,01040898
-0,003710642
-0,0003935695
-0,002994888
0,0002696365
-0,002328858
-0,001530953
0,004881024
-0,001194
-0,003240731
0,002108529
-0,005078197
0,005588926
0,008408725
-0,01323524
0,0003876798
0,02267967
-0,006734148
-0,00403351
0,0117045
-0,006083786
-0,007150762
0,01651534
-0,007525727
-0,003164969
0,01808114
0,0004361123
-0,02120525
0,04221894
-0,002007782
-0,02278995
0,04987508
0,004968911
-0,004223719
0,07386151
0,006786831
-0,01349882
0,08600973
-0,004308939
-0,008133322
0,09076586
0,002062082
-0,00990589
0,09236372
-0,01258659
-0,02058422
0,0667347
0,0002594888
-0,0008222312
0,08671036
0,001549706
0,01364631
0,1831169
0,003985435
0,01516282
0,1580538
0,01779352
0,01193507
0,1806951
-0,003008664
0,01623738
0,1357348
0,01352382
0,01532406
0,1190068
-0,005316734
0,001360599
0,1337133
-0,009919778
-0,01505505
0,1177343
-0,007970065
-0,006066024
0,02407891
-0,005460262
-0,003364921
0,05333209
-0,003310561
-0,01093055
0,02726874
-0,01076563
-0,02065285
0,02208164
-0,01140074
-0,02855367
0,03777373
-0,007199258
-0,01347475
0,01207721
0,006918341
-0,02548743
-0,01598585
0,0007667691
-0,007980645
0,006438464
-0,009943664
-0,02833213
-0,004479557
-0,01093544
-0,02949439
0,02660322
-0,006745994
-0,01286826
0,004882991
-0,01536316
-0,02493654
0,0151861
-0,008361503
-0,01122186
0,009816885
-0,02155006
-0,02853605
0,01940367
-0,02405228
-0,03309548
0,01802313
-0,01574033
-0,0177035
0,04665726
-0,02263619
-0,0241282
0,1061457
-0,01913618
-0,1071612
0,2428845
-0,04526767
-0,1106741
0,2661656
-0,06060238
-0,09955132
0,2511212
-0,1448833
-0,09673119
0,3522359
-0,08780342
-0,1472471
0,3251857
-0,193139
-0,1088817
0,2411625
-0,1050732
-0,04544306
0,1476849
-0,09527922
-0,027982
0,1373618
0,04781902
0,03068304
0,1726727
-0,03075945
-0,04780567
-0,0004177094
-0,006337643
0,008795023
0,06068897
0,005828619
-0,05258989
0,1195253
0,04782116
0,02977991
0,2145975
0,007449865
-0,008004665
0,0136404
0,02774811
-0,0004075766
-0,01044011
-0,01495063
-0,02292824
0,04171395
-0,003794074
-0,008490324
0,01868486
-0,03310192
-0,01942563
0,03021049
-0,02177691
-0,007991314
0,01920724
0,00299716
-0,01780069
-0,03176355
-0,003857732
-0,02232921
-0,03031158
-0,0003253222
-0,001800895
-0,002498507
0,00793004
-0,01200473
-0,03120065
-0,0006411076
-0,001904488
-0,002098441
-0,008143902
-0,03376544
-0,04588783
0,01384819
-0,02654433
-0,05695343
-0,0009717941
-0,002990007
-0,001794338
-0,01579952
-0,02772999
-0,02569425
0,0003322363
-0,0002884865
-0,001291275
-0,02627933
-0,02024102
0,00754714
-0,03115618
-0,01783538
0,02205551
-0,01666641
-0,003864527
0,02151644
-0,04225838
-0,01859903
0,03828144
0,06061053
0,09130239
0,1136096
-0,05793297
-0,04875422
0,01524806
-0,02829576
-0,03357935
-0,02107167
-0,05520868
-0,1142297
-0,01751733
-0,01245356
-2,020682
1,481244
-0,1716436
-0,2320462
0,07101572
0,03591371
0,002391875
-0,0510022
0,08257534
-0,004616678
-0,1422456
0,05479205
-0,005713284
-0,09941331
0,04640402
-0,02602629
-0,1174135
0,01050195
-0,02280927
-0,04513285
-0,02260561
-0,05313657
-0,01233092
-0,0284175
-0,05594182
-0,006339729
0,003672227
-0,005901456
-0,009786844
0,01447888
0,00578019
-0,0152871
0,009061173
0,005321011
-0,001539305
0,009061173
0,005321011
-0,001539305
0,01492779
0,01412795
-0,01447216
-0,009258881
-0,004790783
0,01708154
-0,02209872
-0,03322804
0,01467077
-0,01766767
-0,02611086
0,005278148
-0,007283881
-0,01606196
-0,001757775
-0,01462708
-0,01884773
0,003293692
-0,04080404
-0,04599366
0,01890762
-0,04524888
-0,06769991
0,03666883
-0,03915934
-0,06504393
0,0082145
-0,04174441
-0,1070942
0,01338694
-0,05299637
-0,1377449
0,02572883
-0,04653023
-0,1413302
0,01753432
0,1432678
-0,6580462
-0,03947232
-0,1489569
-0,1838865
-0,02175682
-0,4219551
-0,4808853
-0,04575889
-0,05080974
-0,03901124
0,02308601
-0,07027084
-0,03612089
0,08156341
0,6138629
-2,691349
0,2685239
-0,542179
-0,5716156
0,2370707
0,5055692
-2,215811
0,5235289
0,5055692
-2,215811
0,5235289
-0,5784988
-0,5007138
0,2860948
-1,042884
-1,292987
0,7254639
-1,042884
-1,292987
0,7254639
-0,4532316
-0,2980292
0,218204
1,035327
0,370537
0,9255524
1,035327
0,370537
0,9255524
-0,2104604
-0,24189
0,4035732
-0,1832831
-0,3125744
0,3256966
-0,01960343
-0,1560938
0,2319354
-0,01960343
-0,1560938
0,2319354
0,06661543
-0,004347801
0,04928476
-0,002306283
-0,01947069
0,03722614
-0,002306283
-0,01947069
0,03722614
0,003334582
-0,02219975
0,03335416
0,007093996
-0,01073408
0,009574234
0,007093996
-0,01073408
0,009574234
-0,03345335
-0,02722883
0,04130113
-0,02124912
-0,07397151
0,1202909
-0,01561645
-0,03552186
0,06739593
-0,01561645
-0,03552186
0,06739593
0,003775269
-0,014135
0,02510297
0,01384109
-0,04823291
0,08021593
0,01384109
-0,04823291
0,08021593
-0,09882891
-0,06798244
-0,07238197
-0,02315354
-0,1113386
0,1615697
-0,02315354
-0,1113386
0,1615697
0,04492611
-0,01352632
0,06130916
0,05258992
0,006678462
0,03323621
0,03434983
-0,05118847
-0,0180577
0,03434983
-0,05118847
-0,0180577
0,01482293
-0,01856673
0,01786661
0,008644193
-0,01072299
0,01705164
0,008644193
-0,01072299
0,01705164
0,01159173
-0,01227003
0,02773952
0,006735146
-0,009001911
0,01234144
0,006735146
-0,009001911
0,01234144
0,0175969
-0,007225394
0,02456868
0,01063535
-0,01286781
0,04390848
0,006573707
-0,006453693
0,0307256
0,006573707
-0,006453693
0,0307256
0,001137853
-0,007099092
0,06038642
-0,0003374219
-0,05887437
0,1708461
-0,0003374219
-0,05887437
0,1708461
-0,109604
-0,1004541
0,2958328
-0,0325051
0,0001349449
0,06954253
-0,0325051
0,0001349449
0,06954253
0,06177515
-0,007231772
-0,06734574
0,01539573
0,02390331
0,1214825
0,01539573
0,02390331
0,1214825
0,006887645
0,01557511
0,04477328
-0,006233215
-5,424023E-05
0,01948106
-0,006686777
0,009011269
0,02428812
-0,006686777
0,009011269
0,02428812
-0,008242754
-0,004095748
-0,003439372
-0,0315561
-0,03725478
-0,03842475
-0,0315561
-0,03725478
-0,03842475
-0,05616104
-0,05580546
-0,05988343
-0,09221658
-0,02556939
-0,02876695
-0,09221658
-0,02556939
-0,02876695
-0,1178383
-0,02967359
0,002774687
-0,1372216
-0,03318967
0,01634103
-0,1528114
-0,0305938
0,01542121
-0,1528114
-0,0305938
0,01542121
-0,1646321
-0,02423279
0,006138344
-0,1731979
-0,01719393
-0,001802162
-0,1731979
-0,01719393
-0,001802162
-0,1814514
-0,01213585
0,004437446
-0,1835795
-0,004292637
0,006874524
-0,1835795
-0,004292637
0,006874524
-0,1842255
0,005850762
0,01057154
-0,1805877
0,01222807
0,008991456
-0,1805877
0,01222807
0,008991456
-0,1707107
0,0175429
0,006748926
-0,1541876
0,01988898
0,004183563
-0,133035
0,02600303
0,007115886
-0,133035
0,02600303
0,007115886
-0,1100943
0,02901305
0,01155791
-0,08590958
0,02509601
0,01186573
-0,08590958
0,02509601
0,01186573
-0,06045203
0,01878838
0,009236504
-0,03471658
0,01134561
0,004340469
-0,03471658
0,01134561
0,004340469
-0,007963045
0,003015921
-0,0006458675
0,01887031
-0,005574912
-0,005679657
0,04535997
-0,01372147
-0,01036303
0,04535997
-0,01372147
-0,01036303
0,07107928
-0,02084313
-0,01454856
0,09574911
-0,02610061
-0,01808749
0,09574911
-0,02610061
-0,01808749
0,1188281
-0,03032574
-0,0209766
0,1366355
-0,02994329
-0,01379221
0,1366355
-0,02994329
-0,01379221
-0,001297843
0,0001606881
-0,0004693022
0,001538987
0,002370299
0,005173128
0,001538987
0,002370299
0,005173128
0,01482268
0,01913006
0,06127355
0,02118611
0,01617465
0,1173792
0,02568993
0,03188306
0,1386568
0,02568993
0,03188306
0,1386568
0,0313493
0,04112026
0,1748478
0,02676801
0,04307127
0,1402099
0,02676801
0,04307127
0,1402099
0,02886346
0,06313559
0,1359175
0,02905622
0,06603049
0,134213
0,02905622
0,06603049
0,134213
0,04996927
0,1101495
0,2373573
0,04612375
0,09821871
0,2072143
0,03084831
0,07532774
0,1149187
0,03084831
0,07532774
0,1149187
0,05467328
0,1523553
0,1746032
0,05005461
0,129209
0,1651976
0,05005461
0,129209
0,1651976
0,06066626
0,1267109
0,2396144
0,05609261
0,1153661
0,218365
0,05609261
0,1153661
0,218365
0,047325
0,1217773
0,1474332
0,04659954
0,1529426
0,1036553
0,04659954
0,1529426
0,1036553
0,0378898
0,1489772
0,03423509
0,03255878
0,1641046
-0,0001601021
0,0288986
0,1633457
-0,01872336
0,0288986
0,1633457
-0,01872336
0,0323315
0,2240243
-0,04599668
0,0280126
0,2072899
-0,05333362
0,0280126
0,2072899
-0,05333362
0,03111777
0,2235164
-0,0382475
0,02834566
0,201947
-0,01498777
0,02834566
0,201947
-0,01498777
0,02891489
0,2350134
-0,03898531
0,02361291
0,1979344
-0,03975054
0,01966279
0,1654393
-0,03186273
0,01966279
0,1654393
-0,03186273
0,02413063
0,2178004
-0,05080485
0,02050877
0,1609921
-0,005657165
0,02050877
0,1609921
-0,005657165
0,02964623
0,1648839
0,1068321
0,02664337
0,1069436
0,1119148
0,02664337
0,1069436
0,1119148
0,02545683
0,08235472
0,1129657
0,01972673
0,07429241
0,06448738
0,0138327
0,07495052
0,01648214
0,0138327
0,07495052
0,01648214
0,01456184
0,1636185
0,01034061
0,01256665
0,1811909
-0,003228914
0,01256665
0,1811909
-0,003228914
0,01605171
0,2305506
0,05878974
0,02057971
0,2179685
0,1192333
0,02057971
0,2179685
0,1192333
0,02657574
0,200784
0,1851206
0,01673171
0,136128
0,1056183
0,01673171
0,136128
0,1056183
0,009154332
0,1965861
-0,006014282
0,006947146
0,1478896
0,009469942
0,006745817
0,124113
0,02698177
0,006745817
0,124113
0,02698177
0,00881288
0,1761916
0,06430544
0,0100611
0,1724001
0,06850537
0,0100611
0,1724001
0,06850537
0,01190235
0,2067422
0,07939927
0,01016973
0,1729429
0,0724736
0,01016973
0,1729429
0,0724736
0,006644797
0,1857012
0,06949899
0,004328665
0,121281
0,04347893
0,005818536
0,132918
0,0768524
0,005818536
0,132918
0,0768524
0,005723618
0,1611849
0,09843378
0,005839554
0,153637
0,1077264
0,005839554
0,153637
0,1077264
0,004965706
0,1171024
0,1001027
0,005805111
0,1146245
0,1240715
0,005805111
0,1146245
0,1240715
0,004030306
0,1563804
0,1508298
0,004030306
0,1563804
0,1508298
0,0006073731
0,09788591
0,09718367
0,001510804
0,1398265
0,145602
0,001300141
0,1443919
0,1443099
0,001300141
0,1443919
0,1443099
0,000110761
0,05107694
0,08157551
0,000110761
0,05107694
0,08157551
8,779195E-05
0,1062543
0,1291839
-0,001287005
0,1223244
0,09539148
-0,01406224
0,06255423
0,03775834
-0,01518304
0,04128074
0,01827072
-0,001013047
0,1078997
0,05472437
-0,002819009
0,1119051
0,04135776
-0,006367343
0,1378104
0,003936301
-0,007482599
0,1428562
-0,003697956
-0,0219987
0,08482573
-0,02879286
-0,01271527
0,08753306
-0,01601644
-0,01870323
0,05516392
-0,0127273
-0,01535353
0,05291658
-0,01053977
-0,0233711
0,03012864
-0,008600848
-0,02742084
0,0108255
-0,007874867
-0,02718968
0,02798535
-0,01023648
-0,02121883
0,03131337
-0,003540878
-0,02405499
0,02072823
-0,007506101
-0,01693564
0,01210037
-0,003763441
-0,01148548
0,004151911
0,005214775
-0,01109552
0,001907602
0,009336722
-0,007343138
0,0165101
0,002713583
-0,004882363
0,004697353
-0,001362119
-0,004882363
0,004697353
-0,001362119
-0,01038857
0,003836274
-0,005532496
-0,01038857
0,003836274
-0,005532496
-0,0118197
0,003000766
-0,004204627
-0,02228978
0,007189453
-0,008672692
-0,02228978
0,007189453
-0,008672692
-0,00305891
0,04090387
0,0263081
-0,00305891
0,04090387
0,0263081
0,001621151
0,3512171
0,1370046
0,001621151
0,3512171
0,1370046
-0,0107142
0,0943791
0,0976692
0,002663258
0,3003357
0,1309749
0,003648269
0,5106934
0,2307722
0,002186365
0,2806528
0,1572898
0,00368199
0,2815066
0,2037249
0,003932661
0,2251038
0,2042011
0,003486467
0,2034573
0,1793479
0,005684452
0,4824138
0,3861653
0,001828106
0,2759798
0,2575188
-0,0004958807
0,1985717
0,2275542
-0,002571467
0,2773535
0,4103307
-0,009925925
0,3840762
0,5014147
-0,01873405
0,4513896
0,4727227
-0,02559723
0,4349555
0,3525181
-0,03932942
0,4969529
0,2785159
-0,0426293
0,4735993
0,1848916
-0,06359417
0,6556714
-0,1042162
-0,07592072
0,7056318
-0,4498757
-0,0599803
0,4757302
-0,2857324
-0,08807196
0,6300515
-0,03174511
0,0152478
0,2837831
-0,03230863
0,02223121
0,1414357
-0,1038113
0,02971955
0,05109934
-0,0167543
0,0006247759
0,08098775
0,05152492
0,006750371
-0,02281198
-0,0531445
-0,0004917346
-0,002791688
0,01342359
-0,00349037
-0,0007066578
0,004545055
-0,003976826
-0,005366772
0,02317026
0,007636532
-0,01089597
0,04535251
-0,002879739
-0,0064753
0,1015294
-0,07618864
0,2674603
0,02852558
-0,01346344
-0,006760478
0,04506025
0,005837835
-0,01227064
0,09613929
-0,003712296
-0,008183867
0,04624308
0,01167852
-0,01296133
0,07281055
0,02248518
-0,02251539
0,1081871
-0,005669743
-0,01427063
0,05929875
0,001723699
-0,02682111
0,1083528
-0,01094906
-0,01841286
0,05949399
-0,002146788
-0,03319374
0,09424892
-0,005576782
-0,02518982
0,09031436
-0,004821502
-0,01769185
0,04054496
0,007760897
-0,03296286
0,07329473
-0,006714009
-0,01704723
0,0340583
0,007792868
-0,03570902
0,07035136
0,01752607
-0,0818105
0,1638646
-0,0001875609
-0,009800375
0,02217007
0,02082805
-0,086743
0,1448482
-0,1408507
0,2612123
0,090114
-0,05507327
0,0001261234
0,03181347
-0,166205
0,2117969
0,1532925
-0,1527256
0,1065003
0,1442203
-0,1432606
0,07518196
0,2519239
-0,1764244
0,2338538
0,2882506
-0,170604
0,2360214
0,393234
-0,1675007
0,2374731
0,5101624
-0,1673318
0,2511003
0,6685629
-0,157642
0,2483109
0,7608522
-0,1488762
0,24378
0,7961248
-0,1368845
0,231221
0,7850554
-0,1211126
0,2129778
0,8033617
-0,1080436
0,20152
0,8317443
-0,09810469
0,1908921
0,8678381
-0,09050843
0,1886486
0,8898646
-0,07075065
0,1742653
0,8856703
-0,05754885
0,1653289
0,8612093
-0,03264022
0,1476506
0,8174064
-0,002109051
0,135745
0,8081531
0,02124819
0,1339352
0,7860413
0,03574079
0,1352702
0,7781
0,05521581
0,1193192
0,7472197
0,08007985
0,09294546
0,6932282
0,1035941
0,06369054
0,6174258
0,1234507
0,04362381
0,5901695
0,145241
0,01367015
0,5947027
-0,04783826
-0,02356607
0,07113151
0,02311693
-0,02485925
0,04960895
-0,005153522
-0,03782308
0,07471591
-0,05883078
-0,06693783
0,1520486
-0,0570899
-0,03222778
0,08382964
-0,01811695
-0,03909975
0,02802628
0,005668908
-0,01543193
0,007951766
0,001754999
-0,001478523
0,000979811
0,05975392
0,04045956
-0,04729807
0,01653579
0,01547049
-0,01685363
0,01621503
-0,0206963
0,02044183
-0,07697466
0,04820037
0,002961896
-0,01167589
-0,01834559
0,0230866
-0,05549344
-0,05256522
0,06047914
-0,01340753
-0,03388382
0,03793401
0,006051332
-0,06053625
0,0778349
0,06003797
-0,0674067
0,07875811
0,2553721
-0,07894073
0,2244541
0,3657444
-0,3078337
0,2185927
0,2516801
-0,2228818
0,1153385
0,1493039
-0,1669484
0,08108644
0,08119611
-0,195254
0,07054111
0,1936826
-0,2370879
0,09153426
0,1983367
-0,2885616
0,07798382
0,3467944
-0,5814996
0,07573301
0,1865133
-0,478545
-0,2383852
-0,01633479
-0,2644124
-0,09350212
-0,1021663
-0,4603689
-0,1808119
-0,1727104
-0,4814984
-0,2369377
-0,2471174
-0,4065258
-0,2878867
-0,4123389
-0,02012742
-0,2803295
-0,3568971
0,06773128
-0,03270327
-0,3838665
-0,04501204
0,0723261
-0,3841162
-0,07774922
0,1300866
-0,3527152
0,009383529
0,1940114
-0,1924159
0,05479604
0,1746216
-0,1441925
0,04639582
0,1898621
-0,04761154
0,01995613
0,2002919
0,003387403
0,003850818
0,1978094
0,04914741
-0,02557127
0,1970588
0,1522291
-0,04934034
0,16346
0,1949494
-0,06169482
0,1369873
0,2658453
-0,07296906
0,07149616
0,281321
-0,06869163
0,03000229
0,2960782
-0,06276712
-0,006084599
0,3037593
-0,01586397
-0,08149227
-0,07955477
0,02876509
0,03363666
-0,02021994
0,02420108
0,0354004
-0,02035829
0,02870524
0,1340024
-0,01326482
-0,01198417
0,1913327
-0,005400634
-0,03498667
0,1777261
0,0002364536
-0,03970312
0,09670115
0,01103521
-0,1161223
0,07118346
0,0082084
-0,1760261
0,02231069
-0,003348026
-0,0627051
0,01630914
-0,000275813
-0,001712173
0,0006294996
-0,0002901405
-0,001721561
-0,0007050484
-0,0001932885
-0,006989822
-0,0009273551
0,005626965
-0,009713411
-0,04478724
0,007573616
-0,01320499
-0,06521434
0,01062496
-0,01688151
-0,1010739
0,01071062
-0,01616855
-0,1169797
0,01004536
-0,01432703
-0,1279984
0,002115981
3,611576E-05
0,00646246
0,01069025
-0,01469925
0,08718581
0,01716459
-0,05351964
0,1810414
0,01401336
-0,0832945
0,2225512
0,01132005
-0,04022869
0,1854172
0,0111966
-0,02790519
0,1615773
0,01185716
0,01136367
0,1319292
0,005408883
0,001264185
0,03696375
-0,005348109
0,04958189
0,06373258
-0,01757048
0,1051638
0,09351422
-0,01679996
0,001547977
0,04593493
-0,01738616
0,004662737
0,09092431
0,003060892
0,0007348508
0,06843236
0,01350806
-0,002945289
0,1561903
0,0356334
-0,01687131
0,1642835
0,02660565
-0,009084791
0,05685967
0,01300287
-0,02272241
0,09184128
0,04281226
-0,03228197
0,1003904
0,02597855
-0,02402285
0,06870955
0,044049
-0,04576272
0,1252538
-0,3785396
-1,036621
-0,8966488
-0,3738814
-1,256753
-0,8981524
-0,3564341
-1,451922
-0,8010701
-0,3287848
-1,730921
-0,6952034
-0,2960891
-1,984538
-0,5931281
-0,2678996
-2,194646
-0,5121102
-0,2534932
-2,425319
-0,4336684
-0,2416258
-2,679131
-0,3582281
-0,2399004
-2,883606
-0,3013003
-0,243583
-3,079267
-0,2477961
-0,2485016
-3,289011
-0,195311
-0,2663256
-3,543363
-0,1460669
-0,2763521
-3,750172
-0,1067317
-0,277647
-3,924782
-0,07167447
-0,2745577
-4,058101
-0,04376215
-0,2763198
-4,217079
-0,01134789
-0,2659019
-4,336709
0,002091229
-0,2536036
-4,464807
0,0119341
-0,2389242
-4,529539
0,005296826
-0,2249845
-4,580245
-0,004054904
-0,06016338
-4,57078
0,5760845
-0,04654437
-3,530241
0,3911656
-0,03665559
-2,971838
0,3113373
-1,435403
-0,788867
0,6931697
-1,435403
-0,788867
0,6931697
-0,0966
-0,6993465
0,6610313
-0,01426968
-0,01960051
0,03401995
-0,01426968
-0,01960051
0,03401995
-0,03753258
0,09662586
-0,1672137
-0,03692615
0,03824329
-0,06099532
-0,03692615
0,03824329
-0,06099532
-0,02997362
-0,02208233
0,02110549
-0,01043317
0,002304912
-0,005540311
-0,001442357
0,01732087
-0,02308544
-0,001442357
0,01732087
-0,02308544
-0,0131905
0,03722245
-0,05138563
-0,01151061
0,02178812
-0,03018838
-0,01151061
0,02178812
-0,03018838
-0,005809146
0,01338214
-0,01807591
-0,006705162
0,01344407
-0,01810007
-0,006705162
0,01344407
-0,01810007
-0,0125092
0,01414925
-0,02005407
-0,005231432
0,01039082
-0,01369569
-0,005231432
0,01039082
-0,01369569
-0,004411359
0,006507933
-0,008816272
-0,004298676
0,001442313
-0,003711134
-0,006300792
-0,003155589
0,002358049
-0,006300792
-0,003155589
0,002358049
-0,01094692
-0,02254736
0,02444667
-0,003129339
-0,01629913
0,01908118
-0,003129339
-0,01629913
0,01908118
0,001705039
-0,03363681
0,04137935
0,002064108
-0,03361022
0,04254326
0,002064108
-0,03361022
0,04254326
-0,001885735
-0,06312656
0,08039007
0,0107131
-0,03899121
0,05340843
0,01570091
-0,01918066
0,03016661
0,01570091
-0,01918066
0,03016661
0,02819406
-0,01712996
0,03058188
0,01820051
-0,02222663
0,03618142
0,01820051
-0,02222663
0,03618142
-0,002387341
-0,06680149
0,0958318
-0,008767642
-0,06538385
0,09652174
-0,008767642
-0,06538385
0,09652174
-0,01881831
-0,09437811
0,1464213
-0,01681915
-0,06886071
0,1146518
-0,01468952
-0,04341519
0,06653672
-0,01468952
-0,04341519
0,06653672
-0,00966876
-0,008446932
0,09607424
0,01754464
-0,02929163
0,05619681
0,01754464
-0,02929163
0,05619681
-0,00552395
0,001699001
0,1604702
0,008552641
0,01583411
0,1348661
0,008552641
0,01583411
0,1348661
0,0257809
0,02464069
0,1295265
0,01037535
0,02867603
0,1365222
0,01037535
0,02867603
0,1365222
-0,009253822
0,01251552
0,1939532
0,008691847
0,04837117
0,1247497
0,02949385
0,02880813
0,05717154
0,02949385
0,02880813
0,05717154
0,04755574
0,06824039
-0,04797541
0,01132099
0,01943386
0,02414773
0,01132099
0,01943386
0,02414773
0,005339213
0,03982536
0,1262076
0,009187691
0,03681444
0,08601549
0,009187691
0,03681444
0,08601549
0,01329879
0,03603223
0,08529553
0,008354038
0,02858667
0,06544068
0,009328261
0,02380294
0,05152458
0,009328261
0,02380294
0,05152458
0,0160012
0,02684759
0,06655714
0,01735421
0,03027425
0,06334597
0,01735421
0,03027425
0,06334597
0,00817164
0,04353653
0,08773297
0,003396079
0,03937868
0,06975096
0,003396079
0,03937868
0,06975096
0,0004903078
0,05387954
0,09915313
0,01148608
0,04548725
0,07964693
0,01148608
0,04548725
0,07964693
0,01168874
0,05325593
0,09016667
0,008659028
0,04603608
0,07117991
0,01582044
0,04559834
0,04628888
0,01582044
0,04559834
0,04628888
0,0277241
0,05116548
0,04552253
0,03294934
0,06259132
0,01326112
0,03294934
0,06259132
0,01326112
0,0592959
0,1055475
-0,004070804
0,05712094
0,09985479
-0,007573724
0,05712094
0,09985479
-0,007573724
0,05980353
0,1119038
-0,02050549
0,06427601
0,1174875
-0,04587021
0,06865799
0,1274206
-0,06313184
0,06865799
0,1274206
-0,06313184
0,06061582
0,1302276
-0,04403254
0,05333668
0,1397404
-0,05009402
0,05333668
0,1397404
-0,05009402
0,04467946
0,1660186
-0,04321745
0,04976189
0,1673002
-0,06344798
0,04976189
0,1673002
-0,06344798
0,08303382
0,3117437
-0,102131
0,07732766
0,3034754
-0,09151606
0,07732766
0,3034754
-0,09151606
0,07428464
0,3196841
-0,06606221
0,06922463
0,3169223
-0,03416966
0,06708039
0,3299707
0,004280395
0,06708039
0,3299707
0,004280395
0,03277293
0,1870372
0,04885468
0,03093107
0,1844148
0,04636695
0,03093107
0,1844148
0,04636695
0,0327791
0,2000876
0,03641329
0,02896812
0,1780128
0,04541002
0,02896812
0,1780128
0,04541002
0,02113189
0,1525284
0,0811473
0,04812443
0,368371
0,2533661
0,04000562
0,2879197
0,1919459
0,04000562
0,2879197
0,1919459
0,03012525
0,1862719
0,1981977
0,01515517
0,08133809
0,1561086
0,01515517
0,08133809
0,1561086
0,005370241
0,02954732
0,1878815
0,004020063
0,01332939
0,1895083
0,004020063
0,01332939
0,1895083
0,00220275
-0,02309473
0,1768953
-0,001536376
-0,04483707
0,1722967
-0,006593622
-0,06720646
0,2005754
-0,006593622
-0,06720646
0,2005754
-0,005514451
-0,05785331
0,1707499
-0,0009609086
-0,03154374
0,116085
-0,0009609086
-0,03154374
0,116085
0,001967668
-0,04354004
0,1150045
-0,00326403
-0,04086018
0,1316843
-0,00326403
-0,04086018
0,1316843
-0,02113384
-0,009459656
0,2221687
-0,02342877
0,002533985
0,2216738
-0,02342877
0,002533985
0,2216738
-0,01718555
0,03536892
0,2040958
-0,01414119
0,0223949
0,1680297
-0,02048493
0,03354894
0,2193161
-0,02048493
0,03354894
0,2193161
-0,01349157
0,02258724
0,167913
-0,01349157
0,02258724
0,167913
-0,03910948
0,002109816
0,3662436
-0,03002086
0,01662917
0,3011105
-0,03002086
0,01662917
0,3011105
-0,008822978
0,02630423
0,1541353
-0,008822978
0,02630423
0,1541353
-0,01069834
0,03702483
0,179869
-0,01464991
0,03756786
0,194541
-0,009569548
0,05390267
0,158232
-0,009569548
0,05390267
0,158232
-0,003074888
0,1148791
0,1190061
-0,01178177
0,1120203
0,1571132
-0,01178177
0,1120203
0,1571132
-0,02576593
0,1341426
0,234353
-0,007542127
0,08667975
0,1136115
-0,007542127
0,08667975
0,1136115
0,001738148
0,1261561
0,07836263
-0,001263205
0,1235362
0,08707414
-0,005767702
0,1150267
0,1029292
-0,005767702
0,1150267
0,1029292
-0,006776426
0,1411183
0,09766729
-0,007940485
0,1392163
0,09846401
-0,007940485
0,1392163
0,09846401
-0,00758528
0,1860346
0,08775994
-0,00758528
0,1860346
0,08775994
-0,0161095
0,2358174
0,1114777
-0,01423632
0,2088918
0,09067227
-0,01643038
0,2103212
0,09022281
-0,01643038
0,2103212
0,09022281
-0,02047183
0,272972
0,09082266
-0,01504112
0,2551495
0,0623635
-0,01504112
0,2551495
0,0623635
-0,02686257
0,2661843
0,1029139
-0,03078184
0,261486
0,1145759
-0,02033311
0,2048809
0,07227213
-0,01936887
0,2062543
0,05985337
-0,02133149
0,1977008
0,06172764
-0,02219553
0,1558889
0,06611576
-0,02219553
0,1558889
0,06611576
-0,03503741
0,2060434
0,0999586
-0,03503741
0,2060434
0,0999586
-0,01931824
0,129038
0,05439771
-0,02689791
0,1394548
0,08110443
-0,03061392
0,1530753
0,09548416
-0,02191154
0,2051359
0,05690268
-0,01149496
0,1744474
0,02524429
-8,728798E-05
0,2207958
-0,02813818
-0,001262127
0,2970081
-0,03886314
-0,008878343
0,3056018
-0,01223997
-0,03881695
0,3323687
0,1160127
-0,05861941
0,2656833
0,2136951
-0,07498759
0,2703234
0,2815891
-0,0435555
0,1828916
0,1607047
-0,05105067
0,1509121
0,1952912
-0,07242033
0,1377379
0,2769616
-0,05288531
0,09852869
0,2014898
-0,04824725
0,1005043
0,1698356
-0,03883259
0,1043378
0,1282531
-0,03522168
0,110541
0,1047613
-0,05785616
0,1795407
0,1641402
-0,02984525
0,1131186
0,08091441
-0,03868701
0,1006553
0,1176664
-0,03725553
0,06118668
0,1315054
-0,04056456
0,03010368
0,1591088
-0,04348823
0,0188652
0,1754256
-0,03963721
0,03399735
0,1472037
-0,05280099
0,05175439
0,1772606
-0,03033822
0,05258528
0,09950408
-0,04344633
0,05667853
0,1440609
-0,07475857
0,0575519
0,2475911
-0,05926172
0,05277815
0,1908271
-0,1086783
0,03550334
0,3371836
-0,06428574
0,0276987
0,2037207
-0,08859286
-0,01374282
0,2865976
-0,09222563
-0,01588769
0,3034217
-0,05687381
-0,04989437
0,2051007
-0,05600973
-0,05945747
0,1971519
-0,07118134
-0,1650336
0,2779092
-0,0406388
-0,1028292
0,1658611
-0,04739306
-0,1433777
0,1949697
-0,04238684
-0,1478139
0,1813713
-0,03401574
-0,1966542
0,1621389
-0,04359085
-0,2844952
0,2156576
-0,02833699
-0,1817087
0,09086474
-0,02203995
-0,2577105
0,1015906
-0,01889126
-0,2095319
0,07269514
-0,00630395
-0,08737299
0,04697584
0,01730525
-0,05903196
0,07430582
-0,04039834
-0,1634915
0,09722134
-0,06910484
-0,2662969
0,1399092
-0,1117875
-0,1158552
0,1454986
-0,01496374
-0,08411114
-0,005430311
-0,03181876
-0,1276478
0,03157553
-0,0347396
-0,1516667
0,06143558
-0,02866541
-0,1201423
0,04890546
-0,02419306
-0,128145
0,06105712
-0,07939065
-0,2527482
0,1328551
-0,0808706
-0,2080785
0,1138723
0,2454903
-0,4486496
-0,4255564
-0,02183434
-0,06997579
0,1622576
-0,1328472
-0,2815216
0,1489537
0,3219017
-1,328094
-0,4780797
0,7332298
-1,486686
0,007229745
0,7444032
-1,600475
0,03587037
0,7470179
-1,718689
0,06755823
0,7369469
-1,780816
0,09261942
0,734574
-1,882704
0,132383
0,7400537
-1,952073
0,1396902
0,7450521
-2,059639
0,1589335
0,7459157
-2,221696
0,1857281
0,739998
-2,309551
0,2248845
0,7434298
-2,451736
0,2550025
0,7570256
-2,58532
0,2885885
0,7661915
-2,743757
0,3270081
0,7643094
-2,867153
0,3715857
0,7612977
-2,969882
0,3984227
0,7345194
-3,040802
0,3906486
0,6724994
-3,128744
0,3687794
0,6504876
-3,073549
0,367393
0,6507813
-2,983039
0,3582792
0,04547496
-0,4585474
0,02682903
0,04547496
-0,6547474
0,02682903
0,04547496
-0,8509474
0,02682903
0,3139727
-0,6875317
0,05800244
0,3139727
-0,8837317
0,05800244
0,3139727
-1,079932
0,05800244
0,3139727
-1,276132
0,05800244
0,3139727
-1,276132
0,05800244
0,3924475
-0,2961214
0,5932754
0,3924475
-0,4923214
0,5932754
0,3924475
-0,6885214
0,5932754
0,3924475
-0,8847214
0,5932754
0,3924475
-0,8847214
0,5932754
0,2978813
-0,06559956
0,7228878
0,2978813
-0,2617996
0,7228878
0,2978813
-0,2617996
0,7228878
0,2311629
-0,1958826
0,5988148
0,2111084
-0,2377277
0,5546968
0,1880047
-0,2654256
0,5734737
0,1880047
-0,2654256
0,5734737
0,08227311
0,07247066
0,5540326
0,03386571
0,137557
0,5134122
0,03386571
0,137557
0,5134122
-0,006606288
0,1689241
0,459156
-0,04309045
0,1817715
0,3953793
-0,04309045
0,1817715
0,3953793
-0,00106811
-0,004949304
-0,005621677
-0,04536565
-0,009404235
0,01029101
-0,1031314
-0,0005853027
0,05575027
-0,1031314
-0,0005853027
0,05575027
-0,1816686
0,02447045
0,1293527
-0,08202843
0,04228017
0,09757617
-0,08202843
0,04228017
0,09757617
-0,1160486
0,06845006
0,1798832
-0,1164229
0,03457677
0,2140357
-0,1164229
0,03457677
0,2140357
-0,2966197
-0,379723
0,798254
-0,1486048
0,1492907
0,2445939
-0,1486048
0,1492907
0,2445939
-0,1710597
0,2064696
0,4740312
-0,2276183
-0,1619141
0,8414183
-0,1460127
-0,02279228
0,5686206
-0,1460127
-0,02279228
0,5686206
-0,05085402
0,1543289
0,3054506
-0,008991523
0,243003
0,1944464
-0,008991523
0,243003
0,1944464
0,0421737
0,3068365
0,0943146
0,03675843
0,2759369
0,08907875
0,03675843
0,2759369
0,08907875
0,01853792
0,3034097
0,1464989
0,01945771
0,3195245
0,1310709
0,0363706
0,3600847
0,09744271
0,0363706
0,3600847
0,09744271
0,05182979
0,4439222
0,06887703
0,02827845
0,2931184
0,05716696
0,02827845
0,2931184
0,05716696
0,004361581
0,2789125
0,1187391
0,004834945
0,3314988
0,1206797
0,004834945
0,3314988
0,1206797
0,02628686
0,5463126
0,1298538
0,02864881
0,5150534
0,1130723
0,0211339
0,4955153
0,1129154
0,0211339
0,4955153
0,1129154
-0,009457412
0,3874899
0,1540135
-0,02091227
0,3889413
0,1760904
-0,02091227
0,3889413
0,1760904
-0,007022785
0,547608
0,1526259
0,005216429
0,4604903
0,09795997
0,005216429
0,4604903
0,09795997
-0,04188286
0,4288306
0,1874466
-0,06842406
0,2581848
0,21596
-0,07099747
0,3555229
0,2183563
-0,03395317
0,1323756
0,1024824
-0,03395317
0,1323756
0,1024824
-0,0481212
0,08410642
0,1228011
-0,0481212
0,08410642
0,1228011
-0,03834987
0,08071343
0,0998264
-0,05021743
0,1667249
0,1197396
-0,04611205
0,161585
0,1155967
-0,04856322
0,2731773
0,1295907
-0,04225641
0,2344886
0,1180812
-0,07536769
0,2058442
0,1816331
-0,09457004
0,1672306
0,2153144
-0,1145486
0,170164
0,2584467
-0,08360657
0,1063997
0,1984925
-0,1103253
0,15536
0,2571221
-0,04745207
0,03714892
0,1222811
closestDistance
0,1084189
0,1054099
0,1039096
0,09960288
0,09627797
0,08977707
0,0894581
0,08625256
0,08121479
0,08366787
0,08270602
0,08192643
0,0796706
0,07829972
0,07638462
0,07524776
0,07454348
0,07404268
0,06740343
0,06665629
0,0665472
0,06567112
0,06551965
0,06476103
0,06350383
0,06285803
0,06175383
0,06056002
0,05996754
0,05880765
0,05818178
0,05718388
0,05700234
0,05595996
0,05571673
0,05477231
0,05455151
0,06116661
0,05364296
0,05328085
0,05256796
0,05217801
0,05918393
0,05893691
0,05853614
0,05835249
0,05795347
0,05786558
0,05753562
0,05749615
0,05752493
0,05774198
0,05711089
0,05791394
0,05817381
0,05832656
0,05843251
0,05843103
0,05807104
0,05773222
0,05697688
0,05638122
0,0587809
0,05883888
0,05298599
0,05883536
0,05887187
0,05745944
0,05701823
0,05666042
0,05628752
0,05553299
0,05515897
0,05475265
0,05438197
0,05428132
0,05376304
0,05357458
0,05189614
0,05128103
0,0497274
0,04937543
0,04934777
0,04975751
0,04371902
0,04409216
0,04411023
0,04383951
0,04285406
0,04200338
0,04041265
0,03951042
0,03803718
0,04827886
0,04663986
0,04746175
0,04851122
0,05097567
0,05054015
0,05585978
0,05706709
0,05964809
0,067849
0,07056605
0,05458573
0,05459123
0,04549218
0,03915714
0,04516327
0,03963954
0,03925906
0,03914915
0,03958095
0,0398571
0,0407266
0,03886407
0,03976211
0,04040767
0,05230679
0,0544841
0,05367373
0,05485908
0,05702211
0,06140435
0,06450682
0,04559446
0,04784757
0,08648285
0,08621062
0,0805454
0,07531458
0,08569821
0,0821154
0,08861752
0,08570461
0,08426882
0,08276439
0,08163197
0,08110287
0,08067889
0,07940476
0,0700935
0,08654814
0,08377732
0,08178698
0,08566507
0,08804171
0,08961269
0,0910654
0,09232935
0,09397604
0,0978082
0,09913384
0,1008181
0,1022694
0,09174946
0,07237749
0,09979147
0,1024753
0,09836215
0,1009867
0,1033261
0,1050416
0,1006954
0,1015732
0,102232
0,06664303
0,09819582
0,1302683
0,08169033
0,08451109
0,0908702
0,09518138
0,09789989
0,09868079
0,09963798
0,100562
0,1001568
0,09830648
0,09743597
0,09717777
0,09664743
0,09606238
0,0955596
0,09453434
0,0921134
0,09079943
0,08946365
0,08853126
0,08785799
0,08646993
0,08517502
0,08229851
0,07916529
0,07818258
0,07651182
0,07595547
0,0748256
0,07437829
0,07341933
0,07304666
0,07216822
0,07064778
0,06949273
0,0670521
0,06459314
0,06373224
0,06219022
0,06132358
0,0605917
0,06022534
0,06066376
0,05978107
0,05902261
0,05810049
0,05457873
0,05700155
0,05694917
0,05632166
0,05615583
0,0568786
0,05721398
0,05760271
0,05746892
0,05736875
0,05764971
0,04624438
0,04607869
0,04538115
0,05727812
0,0569371
0,05615735
0,05538575
0,05265035
0,0529154
0,05161566
0,05177999
0,05231092
0,05333473
0,05509081
0,05409855
0,05536885
0,0560387
0,05664085
0,0568605
0,05697263
0,0571106
0,05751096
0,05607764
0,05607681
0,05599181
0,05597292
0,05607504
0,05662017
0,05720101
0,05933524
0,06335282
0,08020449
0,08281561
0,06357757
0,06644868
0,09282216
0,07694697
0,07639489
0,08211572
0,08092694
0,07930223
0,07524192
0,07309823
0,07088236
0,08922006
0,09007303
0,09084291
0,09213875
0,0935481
0,09483302
0,09655023
0,09815603
0,1001149
0,0961898
0,09410545
0,09596576
0,09739885
0,09879207
0,07457685
0,09484451
0,09549615
0,09568471
0,09577336
0,09610889
0,09681547
0,07417595
0,1002636
0,1020226
0,0868011
0,08680554
0,08705372
0,08755989
0,1030521
0,104793
0,100262
0,09555203
0,09618504
0,09680522
0,09743421
0,09547714
0,09500557
0,1000599
0,09930147
0,09837533
0,09747241
0,09646332
0,09569567
0,1030447
0,1035901
0,1042785
0,0891526
0,1023318
0,1025127
0,1023837
0,08522306
0,08197646
0,07951162
0,1132293
0,1132463
0,1130508
0,1080778
0,1079255
0,1077112
0,1078439
0,1082658
0,1049912
0,1055996
0,1065577
0,1069858
0,10664
0,1072044
0,1066553
0,1064353
0,1064663
0,1065343
0,1065596
0,1065616
0,1067465
0,1068226
0,1067366
0,1067145
0,1066793
0,1066762
0,1068968
0,10696
0,106785
0,1067457
0,1067514
0,1068117
0,1068141
0,1068119
0,1068066
0,1068043
0,106801
0,1067885
0,1067832
0,1067719
0,1067569
0,1067486
0,1067145
0,1068462
0,1071457
0,1071668
0,1070617
0,1072796
0,1074147
0,1074835
0,107783
0,1086028
0,111049
0,1142886
0,1122775
0,1174482
0,111245
0,1130033
0,09307759
0,1127307
0,0926951
0,1324921
0,1411633
0,1162617
0,115048
0,1183577
0,1083589
0,1088114
0,1092255
0,1109468
0,1058712
0,1077818
0,1097698
0,1044668
0,1033253
0,1046018
0,105204
0,1058241
0,1061612
0,09978168
0,09751705
0,09853733
0,08557439
0,0858586
0,08619183
0,09985875
0,09952726
0,1002098
0,1071895
0,1088692
0,1064854
0,1115689
0,1110886
0,1109621
0,1109405
0,1110659
0,1110244
0,1111498
0,1121075
0,1138594
0,120938
0,1210694
0,1214248
0,1224544
0,1483076
0,1069058
0,1068221
0,1068078
0,1068176
0,1068318
0,1068379
0,1068446
0,1068481
0,1068518
0,1071003
0,1071875
0,1071307
0,1070669
0,1070186
0,1070168
0,1068989
0,1067132
0,1065605
0,106533
0,1063214
0,1064637
0,1065045
0,1065345
0,1063977
0,1064812
0,1063087
0,1061078
0,1077025
0,1086664
0,1098039
0,1112663
0,1086789
0,1078729
0,1092157
0,1132049
0,1086748
0,1099913
0,1093667
0,1088535
0,1086447
0,1086349
0,1086407
0,1086604
0,1086551
0,1086008
0,108588
0,1087426
0,1091171
0,1095194
0,1104151
0,1116327
0,107081
0,1086385
0,11017
0,111502
0,1066331
0,108121
0,1106617
0,1136304
0,1099054
0,1119775
0,1080498
0,1095879
0,1100079
0,1105905
0,1112074
0,111396
0,1117466
0,109436
0,109511
0,1098609
0,109676
0,1097722
0,1097824
0,1097255
0,1098375
0,1098286
0,1098279
0,1101189
0,1113262
0,1139045
0,1135789
0,1072319
0,114091
0,1138115
0,122662
0,1112227
0,1127969
0,1155898
0,1041497
0,1050334
0,1076988
0,10773
0,1021563
0,1029307
0,1040857
0,1052971
0,1063563
0,1061799
0,1060768
0,1058375
0,1056053
0,1054833
0,1052449
0,1051003
0,1051142
0,1052419
0,1051552
0,1049306
0,1049106
0,1049587
0,1050728
0,1051275
0,105179
0,1070089
0,1071741
0,1074082
0,1372173
0,1173528
0,1107851
0,1108776
0,1109373
0,1110473
0,1111837
0,1113144
0,1113731
0,1114856
0,1116114
0,111877
0,1081954
0,1081049
0,1080368
0,1119471
0,1082505
0,108343
0,1084452
0,1084524
0,1086453
0,1092148
0,1100114
0,1115876
0,1064348
0,1166757
0,1087725
0,1081019
0,1086928
0,109229
0,1136872
0,1640824
0,1137469
0,1391114
0,107911
0,1094228
0,1204016
0,1098208
0,116367
0,1194883
0,08858984
0,08925035
0,08684219
0,1004385
0,1010019
0,1011815
0,1014992
0,1018656
0,102142
0,1022673
0,1026847
0,1033419
0,1042315
0,1048524
0,1051644
0,1050045
0,1036546
0,1091785
0,1098733
0,09556084
0,1091964
0,109502
0,1092221
0,1100603
0,1106271
0,111006
0,1112405
0,1115421
0,1117883
0,1119457
0,1123589
0,1127782
0,1131206
0,1133727
0,1142911
0,1155883
0,1033693
0,1051644
0,1066052
0,1065774
0,1073045
0,1078398
0,1078723
0,108142
0,1082597
0,1082406
0,1081784
0,1080268
0,1078972
0,1078667
0,1078804
0,1078334
0,1075879
0,1074569
0,1073726
0,1073479
0,1072845
0,1071756
0,1070362
0,1068205
0,1066188
0,1064451
0,1062385
0,1059977
0,105786
0,09835655
0,0987832
0,09917711
0,09956541
0,09985386
0,100069
0,1002202
0,1003172
0,1003858
0,1004422
0,100476
0,1004822
0,1004712
0,1004447
0,1003892
0,1003181
0,1002311
0,1001052
0,0999535
0,09976386
0,0994614
0,09939413
0,09934831
0,0992774
0,09869289
0,09807703
0,0974173
0,09655881
0,09739589
0,09611777
0,09498034
0,09368457
0,1011513
0,09987727
0,09787453
0,09721415
0,09526327
0,1002659
0,1003801
0,09977922
0,09743013
0,09490354
0,09253536
0,09173172
0,0986001
0,09634911
0,09398642
0,09168877
0,08947667
0,09807529
0,0959028
0,09329365
0,0904241
0,0969091
0,09414241
0,09137908
0,08876058
0,08580455
0,08317226
0,09300299
0,09113997
0,08891783
0,07988679
0,09063946
0,08806019
0,08542022
0,08598007
0,09303817
0,09153432
0,09022123
0,08919731
0,087507
0,08538589
0,08310498
0,08680513
0,08356611
0,0800949
0,0958972
0,09879428
0,09512245
0,102115
0,1032549
0,1043874
0,1055623
0,1072251
0,1092724
0,0817294
0,08444445
0,08731163
0,08998976
0,09258631
0,09486523
0,09190129
0,09401519
0,09646565
0,09945115
0,1020406
0,1043024
0,1064708
0,1087313
0,1149522
0,1047045
0,1025646
0,1048653
0,1074315
0,1101045
0,1127968
0,1009974
0,1029486
0,1067332
0,1079241
0,1054068
0,1061619
0,1094487
0,112922
0,1148885
0,1178523
0,1094596
0,1104981
0,1119421
0,1125163
0,1130206
0,1132733
0,1136664
0,1139222
0,1142268
0,1142796
0,1143203
0,114481
0,1145759
0,1145894
0,1146535
0,1147151
0,1147787
0,1147912
0,1148452
0,1157754
0,1165239
0,1206707
0,1145461
0,1173661
0,1096815
0,1173521
0,1195528
0,1126631
0,1201798
0,1177431
0,1219651
0,1225635
0,1217254
0,0816154
0,08317185
0,07317872
0,06966336
0,05853298
0,05851952
0,1521096
0,150233
0,10575
0,09249286
0,09539589
0,1029947
0,09973137
0,107056
0,1073403
0,1070022
0,107048
0,1069986
0,1064537
0,1058556
0,1105218
0,09611309
0,09471233
0,1096701
0,1100025
0,1110453
0,1121187
0,1126171
0,1133459
0,1136438
0,1139918
0,1142241
0,1142798
0,1144713
0,1068726
0,1148187
0,1077886
0,1082036
0,1087595
0,1140711
0,1192133
0,1139209
0,09735004
0,09735004
0,09735002
0,09735004
0,09735005
0,09735004
0,09735004
0,09735004
0,09735005
0,09735004
0,09735005
0,09735005
0,09735005
0,09735004
0,09735003
0,09735005
0,09735005
0,09735005
0,09735005
0,09735004
0,09735004
0,09735004
0,09735004
0,1015794
0,08136278
0,09501934
0,09561386
0,09744947
0,09780093
0,09725203
0,08831283
0,08859976
0,08915322
0,08904183
0,09001223
0,097978
0,09809735
0,09815564
0,09829079
0,09766046
0,1099056
0,1135045
0,1090041
0,1092831
0,1132274
0,113583
0,1134117
0,1138987
0,1154746
0,1124045
0,1081111
0,1062202
0,1029301
0,1376547
0,1334215
0,09191189
0,09123619
0,08972502
0,09489459
0,09240422
0,1336938
0,09530181
0,09970919
0,09433415
0,08816977
0,1025021
0,09934977
0,1010728
0,1024403
0,1027384
0,1021237
0,1021371
0,1040397
0,1078423
0,1059575
0,1096757
0,08928652
0,1051155
0,105504
0,1055474
0,1056716
0,1057091
0,1057563
0,1058153
0,1058634
0,1058741
0,1058323
0,1064383
0,1098481
0,09809515
0,1012372
0,103841
0,1058202
0,0900009
0,09022047
0,09183061
0,09380876
0,08403435
0,09305085
0,09301136
0,09285041
0,08330484
0,08325287
0,08285773
0,08257201
0,08231003
0,08207747
0,08207747
0,08207747
0,08207747
0,08207747
0,08207747
0,08207747
0,08207747
0,08207747
0,08207747
0,08207747
0,08207747
0,08207747
0,08207747
0,08207747
0,08207747
0,08207747
0,08207747
0,08207748
0,08207748
0,06211358
0,04041769
0,1437983
0,1424305
0,0882947
0,09450401
0,09541655
0,1112328
0,1103223
0,09855328
0,09782908
0,09792145
0,09799122
0,09794872
0,09777699
0,09747504
0,09713449
0,09691538
0,0967546
0,09662583
0,09649669
0,09636646
0,09624875
0,09615697
0,09609628
0,09607224
0,09608317
0,09611393
0,09627155
0,09648009
0,09663114
0,09692334
0,09725561
0,09757107
0,09818228
0,09867474
0,09905722
0,09923664
0,09938633
0,09955278
0,0997735
0,1003521
0,1010444
0,1017536
0,1027175
0,1036262
0,1044145
0,1049266
0,1075429
0,1078444
0,1086056
0,1062229
0,1061561
0,105971
0,1087414
0,108418
0,1081851
0,1083515
0,1079579
0,107071
0,1067
0,1053783
0,1036626
0,1157855
0,1154857
0,1154413
0,1151431
0,1148608
0,114687
0,1146516
0,1146378
0,1147902
0,115016
0,1150354
0,1150535
0,1150372
0,1149163
0,1149077
0,1149454
0,1150112
0,1150417
0,1150575
0,1150367
0,1148411
0,1146767
0,1144271
0,1137696
0,111764
0,11059
0,1094931
0,1081456
0,1067
0,1051341
0,1380843
0,1362748
0,1138586
0,1120467
0,1101226
0,1080425
0,1400118
0,1364541
0,1383147
0,1083728
0,1309044
0,1339998
0,1307851
0,1418477
0,1401743
0,1390664
0,144203
0,1428183
0,1415748
0,1405629
0,1462976
0,1459295
0,08400536
0,1515561
0,09103222
0,09135868
0,09118034
0,08953328
0,08836698
0,08716036
0,08583662
0,08448894
0,08298357
0,08124532
0,07968291
0,07581199
0,074779
0,07370753
0,07257472
0,07139574
0,06982078
0,06832632
0,06702937
0,06620905
0,07044941
0,07070834
0,07118155
0,07113317
0,07147344
0,07186454
0,05709672
0,06992929
0,06828175
0,07591658
0,0754127
0,07495652
0,08300445
0,08250285
0,08156536
0,08041104
0,07935328
0,08241685
0,08125606
0,08831458
0,08711697
0,08593281
0,08476122
0,08374989
0,08254968
0,08129025
0,0876226
0,08340202
0,08175799
0,08451007
0,08227844
0,08024526
0,08574354
0,08322913
0,08037428
0,08539361
0,08274056
0,07505877
0,08008842
0,07633097
0,08173881
0,07768527
0,08549153
0,08064942
0,08287381
0,07967906
0,07819057
0,08472934
0,0814314
0,08574326
0,08145133
0,07962804
0,07038826
0,07029011
0,07603683
0,07222377
0,07330804
0,07100227
0,07120834
0,0752648
0,07055461
0,07436485
0,06938378
0,06693757
0,06462646
0,05919673
0,05936264
0,05574352
0,05763964
0,06896538
0,07551375
0,07795168
0,07226678
0,07622337
0,08449402
0,0837398
0,08450468
0,08247412
0,08286811
0,09051169
0,08948489
0,1022679
0,09798216
0,1037818
0,09610932
0,1010155
0,09388939
0,09715014
0,1071038
0,0931581
0,0982962
0,1144652
0,1112307
0,1183785
0,1196646
0,1106841
0,1138882
0,1166094
0,1210311
0,1162437
0,1226919
0,1098008
0,1142449
0,1166454
0,1222552
0,0916765
0,09167697
0,09167697
0,09167697
0,09167697
0,09167697
0,09167697
0,09167697
0,09167697
0,09167697
0,09167697
0,09167697
0,09167697
0,09167697
0,09167697
0,09167697
0,09167697
0,09167697
0,09167697
0,08843794
0,08238613
0,1324305
0,1240569
0,1173816
0,1277715
0,122621
0,1297481
0,128383
0,1243963
0,1196182
0,1088345
0,08728442
0,08875109
0,08587665
0,09029441
0,09684523
0,09533287
0,096815
0,09134723
0,08881474
0,08550087
0,08191884
0,0782758
0,1013608
0,1016201
0,1014675
0,1012661
0,1010732
0,1007629
0,10035
0,09999043
0,09983034
0,1001248
0,1008371
0,1021983
0,1115051
0,1064642
0,09859946
0,1024181
0,109805
0,1124942
0,1083977
0,08576795
0,08558071
0,09329137
0,08964148
0,08602363
0,09193091
0,08857755
0,09429315
0,09080371
0,08674718
0,08695859
0,09110853
0,08744773
0,09341384
0,09187671
0,08826442
0,0808057
0,07957462
0,07353245
0,07679868
0,07749577
0,07314893
0,07830365
0,07276209
0,0667531
0,05712903
0,05282461
0,05776992
0,05016626
0,04806682
0,04783056
0,05015629
0,06457244
0,04260191
0,06106392
0,06283695
0,07121294
0,06470484
0,06062883
0,06416538
0,0418572
0,0437726
0,07406099
0,04961782
timeStamps
5,586373
5,613543
5,629105
5,654529
5,670286
5,69658
5,712422
5,73806
5,752738
5,767303
5,781626
5,796214
5,821447
5,849935
5,87819
5,905552
5,933597
5,949594
5,975388
6,002815
6,017927
6,045113
6,060363
6,086695
6,114296
6,129506
6,156192
6,184299
6,212278
6,239779
6,25579
6,28154
6,297347
6,323014
6,338117
6,364845
6,381003
6,4072
6,434568
6,450093
6,476076
6,491538
6,518027
6,533773
6,559583
6,5753
6,601678
6,617526
6,643561
6,671293
6,687062
6,712869
6,728054
6,75475
6,769964
6,785344
6,809934
6,824865
6,851907
6,867231
6,894152
6,909941
6,935481
6,951176
6,977368
6,993145
7,019192
7,035066
7,060848
7,089159
7,105359
7,130537
7,14638
7,172388
7,200509
7,216779
7,241785
7,258146
7,283327
7,29966
7,325167
7,341408
7,367173
7,382688
7,408998
7,424922
7,450513
7,465496
7,492482
7,507821
7,534441
7,54989
7,576316
7,604133
7,620156
7,645872
7,662161
7,687301
7,703298
7,729069
7,757425
7,785264
7,81351
7,841162
7,869072
7,897278
7,924728
7,952588
7,980546
8,008218
8,023678
8,050171
8,077606
8,093577
8,119087
8,135043
8,161115
8,189123
8,216783
8,244693
8,272205
8,288883
8,314115
8,342103
8,369679
8,38635
8,411306
8,427795
8,453041
8,481344
8,508912
8,537233
8,564808
8,581028
8,606464
8,622771
8,647955
8,676414
8,703924
8,731997
8,759745
8,787845
8,815573
8,844228
8,871378
8,899294
8,92718
8,955139
8,983004
9,010938
9,038583
9,06635
9,094133
9,121948
9,150284
9,178245
9,205797
9,233742
9,261182
9,289231
9,317465
9,344982
9,372833
9,400539
9,428005
9,456555
9,484242
9,511758
9,539457
9,55557
9,58083
9,595704
9,61115
9,637033
9,652813
9,678529
9,693782
9,719738
9,734215
9,761754
9,776382
9,790313
9,804144
9,818101
9,83259
9,859553
9,876149
9,901073
9,929092
9,945185
9,970752
9,986349
10,01228
10,04029
10,05655
10,08191
10,09818
10,12351
10,13944
10,16542
10,18126
10,20721
10,23524
10,25094
10,27709
10,30483
10,32067
10,3464
10,36181
10,38833
10,40435
10,43041
10,45797
10,47378
10,49928
10,51408
10,54163
10,55784
10,58318
10,59929
10,6249
10,64068
10,66676
10,69456
10,71063
10,73636
10,75243
10,77793
10,8059
10,83372
10,84959
10,87607
10,90359
10,93209
10,95933
10,98732
11,00333
11,02895
11,05698
11,08481
11,11271
11,14075
11,16828
11,1963
11,22441
11,25233
11,27985
11,30778
11,33551
11,35168
11,37707
11,40497
11,43281
11,46069
11,48853
11,51643
11,54441
11,57254
11,60036
11,62806
11,65574
11,68376
11,71159
11,7395
11,7672
11,79511
11,82284
11,85095
11,87861
11,90685
11,93432
11,96206
11,98978
12,0178
12,04571
12,07352
12,1014
12,12942
12,15702
12,18506
12,21269
12,24088
12,26859
12,29653
12,32405
12,35208
12,37967
12,40807
12,43543
12,46338
12,49122
12,51895
12,54685
12,57498
12,60264
12,63048
12,6583
12,68595
12,71385
12,74182
12,76987
12,79775
12,82536
12,85333
12,88082
12,90895
12,93699
12,96476
12,9924
13,02016
13,04812
13,07651
13,10365
13,13181
13,15944
13,18734
13,21498
13,2433
13,27087
13,29886
13,32638
13,35435
13,38227
13,41003
13,43792
13,46586
13,49366
13,52147
13,54908
13,57754
13,60515
13,63276
13,66064
13,68875
13,71628
13,74429
13,77201
13,79994
13,82752
13,85568
13,88336
13,91131
13,93937
13,96702
13,99473
14,0227
14,0506
14,07839
14,1063
14,13399
14,1619
14,18955
14,21757
14,2455
14,27335
14,30103
14,329
14,3566
14,38469
14,41258
14,4405
14,46844
14,49605
14,52363
14,55163
14,57966
14,60759
14,63527
14,66306
14,69066
14,71873
14,74664
14,7749
14,8027
14,83079
14,85812
14,88575
14,91354
14,9415
14,96939
14,99745
15,0252
15,05275
15,08074
15,10883
15,13647
15,16434
15,19209
15,21983
15,248
15,2757
15,30375
15,33132
15,35935
15,38712
15,41488
15,44265
15,4707
15,49844
15,52626
15,55419
15,58207
15,61
15,63789
15,66535
15,6933
15,72124
15,7492
15,77697
15,80458
15,83248
15,86028
15,88855
15,91618
15,94402
15,97173
15,99957
16,02767
16,05543
16,08321
16,11134
16,13855
16,16655
16,19449
16,22232
16,25022
16,27823
16,30596
16,33361
16,36146
16,38954
16,41722
16,44504
16,47294
16,50052
16,5285
16,5565
16,58429
16,61226
16,63998
16,66749
16,69579
16,72351
16,75288
16,77875
16,8066
16,83446
16,86252
16,89004
16,91793
16,94617
16,97368
17,00159
17,02971
17,05733
17,08521
17,11337
17,14095
17,16896
17,19674
17,22461
17,25242
17,28064
17,30795
17,33586
17,36378
17,39149
17,41942
17,44726
17,47511
17,50294
17,53098
17,5586
17,58651
17,61468
17,64212
17,67002
17,69794
17,72591
17,75351
17,78171
17,80932
17,8372
17,86519
17,89279
17,92082
17,94871
17,97634
18,00439
18,03215
18,0599
18,08764
18,11561
18,14357
18,17162
18,1992
18,22683
18,2548
18,28297
18,31062
18,33823
18,36651
18,39416
18,42198
18,44981
18,4775
18,50549
18,53342
18,56112
18,58913
18,61688
18,6449
18,67252
18,70037
18,72816
18,75605
18,78391
18,81204
18,83975
18,86811
18,89537
18,9234
18,95082
18,97874
19,00677
19,03468
19,06248
19,09039
19,11788
19,14636
19,17375
19,20179
19,22943
19,25711
19,28524
19,31276
19,34072
19,36899
19,39655
19,4246
19,45214
19,4802
19,508
19,53605
19,56386
19,59153
19,61919
19,6469
19,6633
19,68843
19,7043
19,73047
19,75807
19,77457
19,79937
19,81618
19,84115
19,8574
19,8828
19,91117
19,93886
19,95516
19,9806
20,00895
20,03637
20,05254
20,07825
20,09412
20,1199
20,1478
20,17594
20,19158
20,21811
20,24583
20,27351
20,30124
20,32931
20,34432
20,35863
20,3713
20,38545
20,39812
20,41199
20,42597
20,43998
20,4539
20,46822
20,48192
20,49604
20,5103
20,5239
20,53811
20,55191
20,56593
20,57944
20,59375
20,60738
20,62143
20,63582
20,64926
20,6632
20,67747
20,69121
20,70495
20,71928
20,73281
20,74678
20,76105
20,77484
20,78857
20,8025
20,81673
20,83111
20,84436
20,85888
20,87227
20,88665
20,90034
20,91405
20,92822
20,9418
20,95549
20,97033
20,98331
20,99753
21,01152
21,02547
21,0395
21,05367
21,06722
21,08134
21,09502
21,11024
21,12255
21,13665
21,15059
21,16413
21,17864
21,19213
21,20666
21,22021
21,23424
21,24833
21,262
21,27571
21,29002
21,30344
21,31752
21,33168
21,34512
21,35953
21,37368
21,38726
21,40158
21,41518
21,42945
21,44321
21,45708
21,47043
21,48447
21,49873
21,51231
21,52702
21,54076
21,55472
21,56845
21,58236
21,59612
21,61027
21,62388
21,63775
21,65142
21,66571
21,67951
21,69356
21,70753
21,72171
21,73545
21,74956
21,76358
21,77741
21,79122
21,80509
21,81908
21,83267
21,84671
21,86058
21,87449
21,88856
21,902
21,91593
21,93018
21,94407
21,95794
21,97198
21,98587
21,99967
22,01399
22,02766
22,04164
22,0556
22,06927
22,08349
22,09746
22,11116
22,12511
22,13906
22,15313
22,16683
22,18113
22,19463
22,20851
22,22275
22,23657
22,25029
22,26457
22,27812
22,29223
22,30619
22,32047
22,33399
22,34806
22,3618
22,37576
22,3899
22,40341
22,4175
22,43178
22,44546
22,45906
22,47301
22,48699
22,50129
22,51524
22,52881
22,54294
22,55811
22,5708
22,58456
22,59893
22,6123
22,62613
22,64109
22,65477
22,66858
22,68272
22,69659
22,71072
22,72479
22,73899
22,76482
22,77987
22,79369
22,80827
22,82215
22,83619
22,86206
22,87712
22,89197
22,91745
22,93206
22,94698
22,9615
22,98766
23,01526
23,02995
23,05737
23,07224
23,08729
23,11318
23,12889
23,15467
23,17061
23,19641
23,21259
23,2383
23,25418
23,27982
23,29525
23,322
23,33683
23,36385
23,37879
23,40555
23,42054
23,43521
23,46114
23,47635
23,50304
23,51873
23,54451
23,56045
23,5865
23,61431
23,6301
23,65621
23,68427
23,70061
23,72564
23,7539
23,7817
23,80972
23,83737
23,86554
23,89362
23,92161
23,94878
23,97707
24,0047
24,03274
24,0605
24,08816
24,11606
24,14389
24,17174
24,19965
24,22789
24,25544
24,28323
24,31102
24,3389
24,36688
24,39483
24,42296
24,45004
24,47821
24,50594
24,53385
24,56164
24,58945
24,61734
24,64544
24,673
24,701
24,7289
24,75652
24,78437
24,81286
24,84003
24,86791
24,896
24,92363
24,95158
24,97934
25,0076
25,03495
25,063
25,09064
25,11861
25,14668
25,17405
25,20212
25,23009
25,2583
25,2857
25,31331
25,34124
25,36935
25,39713
25,42472
25,45257
25,48059
25,50831
25,53621
25,56448
25,59203
25,62005
25,64766
25,67586
25,70333
25,73161
25,75901
25,78655
25,81482
25,84239
25,87037
25,89825
25,92626
25,95378
25,98223
26,00964
26,03751
26,06543
26,09294
26,12123
26,14858
26,17651
26,20432
26,23267
26,26024
26,28809
26,31569
26,34398
26,37165
26,39916
26,42732
26,45532
26,48268
26,51102
26,53855
26,5666
26,59434
26,62202
26,64989
26,67779
26,70548
26,73367
26,76129
26,78942
26,81723
26,84522
26,87301
26,90102
26,92841
26,95614
26,98412
27,01208
27,03979
27,06765
27,09576
27,12314
27,15115
27,17933
27,20682
27,23487
27,26259
27,29041
27,31841
27,34626
27,37424
27,40165
27,42939
27,45769
27,48537
27,51327
27,54151
27,56894
27,59646
27,62455
27,65236
27,68017
27,70835
27,73585
27,76338
27,79152
27,81912
27,84739
27,87513
27,90279
27,9307
27,95875
27,98654
28,01439
28,04207
28,07019
28,09778
28,12576
28,15358
28,18127
28,20903
28,23706
28,26488
28,29291
28,32068
28,34868
28,37609
28,40433
28,43182
28,45986
28,47485
28,48839
28,50227
28,51464
28,52877
28,54274
28,55683
28,57089
28,5849
28,59875
28,61294
28,62661
28,64061
28,65439
28,66858
28,68223
28,69615
28,7106
28,72426
28,7381
28,75182
28,76608
28,77997
28,79364
28,80756
28,82186
28,83561
28,8494
28,8637
28,87728
28,89124
28,90549
28,91911
28,93332
28,94687
28,961
28,97536
28,9886
29,00278
29,01679
29,03077
29,04458
29,05838
29,07228
29,08617
29,10028
29,11392
29,12801
29,14173
29,15591
29,1698
29,18365
29,19779
29,2114
29,22555
29,23963
29,2535
29,26726
29,28147
29,29519
29,30932
29,32317
29,33682
29,35123
29,36448
29,37897
29,39238
29,40649
29,42044
29,43417
29,44837
29,46229
29,47612
29,49025
29,50397
29,51818
29,53189
29,54581
29,55971
29,57351
29,58748
29,60147
29,61547
29,62929
29,64289
29,65684
29,67071
29,68504
29,69858
29,71284
29,72672
29,74051
29,75459
29,7684
29,78243
29,79626
29,80993
29,82409
29,83819
29,85179
29,86587
29,87976
29,8936
29,90772
29,92154
29,93576
29,94945
29,96312
29,97718
29,99135
30,00524
30,01936
30,03286
30,04692
30,06069
30,07458
30,08848
30,10254
30,11662
30,13032
30,14415
30,15815
30,17235
30,18616
30,20073
30,21441
30,22824
30,24262
30,2559
30,26943
30,28339
30,29708
30,31137
30,32526
30,33881
30,35311
30,36719
30,38223
30,39705
30,4227
30,43726
30,45191
30,46606
30,4799
30,50563
30,51949
30,53331
30,54774
30,56115
30,57561
30,58927
30,60332
30,61766
30,63097
30,64525
30,65986
30,67331
30,68699
30,70111
30,7148
30,72894
30,7431
30,75806
30,78464
30,79902
30,8126
30,8263
30,84012
30,85472
30,86853
30,88337
30,89731
30,91127
30,9372
30,95371
30,97855
30,99379
31,02073
31,03619
31,06274
31,07839
31,10431
31,12004
31,14617
31,17426
31,20248
31,23012
31,25794
31,28599
31,31375
31,33031
31,35501
31,3832
31,41114
31,43936
31,46664
31,49532
31,52268
31,55054
31,57846
31,60664
31,63422
31,66185
31,68971
31,71798
31,74546
31,77379
31,80103
31,82899
31,85676
31,8849
31,91249
31,94072
31,96881
31,99655
32,02399
32,05143
32,07974
32,10737
32,13522
32,16365
32,19123
32,21915
32,24648
32,27478
32,30219
32,33007
32,35805
32,38581
32,41354
32,44173
32,4693
32,49738
32,51356
32,54106
32,56812
32,59595
32,62325
32,65114
32,67872
32,69476
32,71986
32,74822
32,77546
32,79153
32,81735
32,83334
32,8591
32,88697
32,91482
32,94302
32,97024
32,9992
33,02626
33,05409
33,0821
33,10976
33,13761
33,16597
33,19367
33,22162
33,24938
33,27708
33,30476
33,32012
33,34625
33,36082
33,3754
33,38987
33,40361
33,42937
33,44315
33,45739
33,47093
33,48542
33,49947
33,51349
33,52722
33,54139
33,55517
33,56925
33,58301
33,59663
33,61111
33,62484
33,63865
33,65277
33,6665
33,6806
33,69473
33,70873
33,72238
33,73656
33,75044
33,76388
33,77772
33,7918
33,80571
33,81964
33,83372
33,8477
33,86142
33,87547
33,88945
33,90319
33,91758
33,93129
33,94492
33,95904
33,97284
33,9869
34,00075
34,01469
34,0288
34,04247
34,0564
34,07062
34,08422
34,09845
34,1121
34,12612
34,14001
34,15414
34,168
34,18182
34,19568
34,20971
34,2247
34,23868
34,2534
34,27904
34,29411
34,32042
34,33594
34,36218
34,3776
34,40404
34,42015
34,44585
34,47371
34,48955
34,51504
34,53115
34,55678
34,57271
34,59891
34,62646
