participantNumber
3
repetitionNum
2
sdfEnabled
0
taskTime
17,32079
numHits
22
positionDifference
0,11953
angleDifference
109,2531
finalPosX
-0,06011069
finalPosY
-0,003128385
finalPosZ
0,8697993
finalRotX
289,4045
finalRotY
208,063
finalRotZ
114,8204
taskType
easyWire
velocityMagnitude
0,7292663
0,1979873
0,1979873
0,4480267
0,2234259
0,3376346
0,3376346
0,6214686
0,2481433
0,2481433
0,5994686
0,2651587
0,2651587
0,3898963
0,3916531
0,2298583
0,2298583
0,2136542
0,1126851
0,1126851
0,3813654
0,1768555
0,1768555
0,1129833
0,1001922
0,05657333
0,05657333
0,234612
0,1872189
0,1872189
0,4208463
0,1024798
0,1024798
0,4736612
0,2902244
0,240814
0,240814
0,4647644
0,105191
0,105191
0,3661599
0,2556802
0,2556802
0,579396
0,1683081
0,1683081
0,2802164
0,1103551
0,1524747
0,1524747
0,2570647
0,1434179
0,1434179
0,1607536
0,1417883
0,1417883
0,3197307
0,1120394
0,07598059
0,07598059
0,4576614
0,1587339
0,1587339
0,1592444
0,1591517
0,1591517
0,3967822
0,1487795
0,1487795
0,235961
0,0435886
0,06353783
0,06353783
0,2593889
0,2021215
0,2021215
0,440181
0,05143663
0,05143663
0,1100578
0,2879161
0,3166595
0,3166595
0,6904849
0,2500793
0,2500793
0,5011539
0,7636508
0,7636508
0,3419904
0,2408381
0,4221238
0,4221238
0,3159288
0,1024149
0,1024149
0,3659962
0,2623706
0,2623706
0,5399387
0,04517761
0,04517761
0,105649
0,03540279
0,08963016
0,08963016
0,2228899
0,1232992
0,1232992
0,3794849
0,1025718
0,1025718
0,2847871
0,211238
0,2536749
0,2536749
0,5461721
0,2202358
0,2202358
0,3052763
0,2585712
0,2585712
0,3881691
0,1961257
0,1961257
0,2881072
0,208888
0,303481
0,303481
0,3892808
0,2022336
0,2022336
0,4572717
0,3021897
0,3021897
0,1768489
0,1837741
0,1158741
0,1158741
0,4882177
0,4332705
0,4332705
0,7861192
0,2406183
0,2406183
0,1683402
0,2793002
0,2793002
0,5078864
0,1570622
0,1025608
0,1025608
0,4445608
0,1992943
0,1992943
0,1923981
0,09420545
0,09420545
0,1892071
0,06131216
0,1394706
0,1394706
0,2499958
0,223049
0,223049
0,1502421
0,07455445
0,07455445
0,2415645
0,2145771
0,1470368
0,1470368
0,08357897
0,1703311
0,1703311
0,1932711
0,4395268
0,4395268
0,471965
0,07067163
0,1289177
0,1289177
0,1842472
0,2439532
0,2439532
0,08044883
0,1046906
0,1046906
0,2356643
0,00670968
0,00670968
0,07618931
0,0526578
0,1009716
0,1009716
0,07783077
0,07023745
0,07023745
0,2105342
0,1312697
0,1312697
0,2050958
0,1472571
0,1472571
0,14329
0,09203681
0,1626017
0,1626017
0,3498931
0,1449704
0,1449704
0,5059013
0,3165824
0,3165824
0,4525624
0,1892229
0,1151303
0,1151303
0,4300355
0,2252175
0,2252175
0,4030521
0,1097553
0,1097553
0,4239356
0,1918511
0,2545931
0,2545931
0,5176399
0,2898371
0,2898371
0,2315765
0,1083765
0,1083765
0,1943589
0,1797868
0,1797868
0,751421
0,3111849
0,2659529
0,2659529
0,2857565
0,07619104
0,07619104
0,6299565
0,03265033
0,03265033
0,3613727
0,382356
0,202743
0,202743
0,3464328
0,04197043
0,04197043
0,2480937
0,2801694
0,2801694
0,3353948
0,1386292
0,1386292
0,2228532
0,1693061
0,22476
0,22476
0,3911414
0,09388791
0,09388791
0,6413009
0,6709287
0,6709287
1,198074
0,4483618
0,1597282
0,1597282
0,3623468
0,2116485
0,2116485
0,785306
0,4458343
0,4458343
0,4178664
0,1203497
0,1203497
0,198006
0,1020066
0,09166223
0,09166223
0,1362451
0,2458077
0,2458077
1,101679
0,5511592
0,5511592
0,2102984
0,4988652
0,7846416
0,7846416
0,7482595
0,6022085
0,6022085
0,7293134
0,407517
0,407517
0,09702513
0,1138899
0,1138899
0,2440699
0,01972886
0,110542
0,110542
0,7359174
0,6326016
0,6326016
2,26383
0,3465457
0,3465457
0,4743504
0,1659707
0,1070799
0,1070799
0,4360937
0,08685642
0,08685642
0,3563297
0,1147053
0,1147053
0,5890639
0,68578
0,9341979
0,9341979
1,034088
0,3212655
0,3212655
0,7583525
0,9289764
0,9289764
1,135771
0,1365785
0,1365785
0,1779481
0,3083552
0,3771406
0,3771406
0,4435264
0,9260229
0,9260229
0,5216814
0,2198719
0,2198719
0,7077618
0,08125271
0,8198767
0,8198767
3,417698
0,8707612
0,8707612
0,5450899
0,3795921
0,3795921
0,6179976
0,4432198
0,4432198
0,6403601
0,6602276
0,5872489
0,5872489
0,1702484
0,1312988
0,1312988
0,1827947
0,06556897
0,06556897
0,3915893
0,2316605
0,1910536
0,1910536
1,141991
1,644312
1,644312
2,314796
3,13676
3,13676
3,800975
4,209081
4,568748
4,568748
5,313471
5,726127
5,726127
6,475663
7,061854
7,061854
8,185004
0,6430033
0,6430033
0,9904186
0,9059688
1,608618
1,608618
2,8142
3,382623
3,382623
4,297909
4,861183
4,861183
4,999359
4,622298
4,622298
4,422191
4,262136
4,025332
4,025332
3,979176
3,893035
3,893035
4,010397
0,2866199
0,2866199
0,6652209
0,3749146
0,235939
0,235939
0,5828508
0,2583014
0,2583014
0,6948895
0,118697
0,118697
0,335418
0,3582166
0,4760217
0,4760217
1,637687
0,7362332
0,7362332
0,5492296
0,1612437
0,1612437
0,2854389
0,4451673
0,4451673
0,26131
0,1433151
0,211556
0,211556
0,4669565
0,224294
0,224294
0,3686595
0,3332343
0,3332343
0,6983355
0,5604507
0,2179608
0,2179608
0,273749
0,110547
0,110547
0,3128829
0,04602166
0,04602166
0,07315379
0,3170986
0,3170986
0,1876482
0,1005605
0,02923996
0,02923996
0,1814168
0,7563213
0,7563213
0,8916919
1,017827
1,017827
1,485061
0,4287765
0,2846819
0,2846819
0,7932124
0,4250136
0,4250136
0,4850394
0,2216237
0,2216237
1,000908
1,04763
1,04763
0,3263755
0,2963452
0,3247559
0,3247559
0,6307874
0,4725717
0,4725717
0,9359527
0,3523258
0,3523258
0,7960176
0,3299659
0,2708163
0,2708163
0,4655851
0,04539571
0,04539571
0,2206264
0,1515627
0,1515627
0,1315565
0,06504262
0,2059284
0,2059284
0,1298785
0,1286662
0,1286662
0,2731979
0,133085
0,133085
0,2424479
0,05880366
0,05880366
0,3740637
0,1425695
0,2262393
0,2262393
0,4270901
0,08141795
0,08141795
0,2914162
0,07304798
0,07304798
0,4269828
0,2370147
0,198956
0,198956
0,1709129
0,0803271
0,0803271
0,1819413
0,1530907
0,1530907
0,6229558
0,05188417
0,05188417
0,07426777
0,05546542
0,1197958
0,1197958
0,2176344
0,1706823
0,1706823
0,5127072
0,2825245
0,2825245
0,4792081
0,1117823
0,124251
0,124251
0,3148354
0,2428854
0,2428854
0,2848784
0,01121229
0,01121229
0,3291281
0,0756271
0,0756271
0,8451068
0,3589257
0,2570938
0,2570938
0,2617725
0,2591122
0,2591122
0,1532286
0,2995211
0,2995211
0,9623378
0,1151245
0,09313159
0,09313159
0,2845639
0,08826583
0,08826583
0,5926325
0,2972777
0,2972777
0,08032316
0,08496998
0,08496998
0,07619806
0,07662376
0,2949719
0,2949719
0,3041283
0,106879
0,106879
0,1655312
0,1109272
0,1109272
0,2553704
0,2314886
0,06941468
0,06941468
0,3917689
0,2491106
0,2491106
0,09002848
0,04198514
0,04198514
0,42998
0,1239181
0,1568257
0,1568257
0,07722236
0,06317626
0,06317626
0,3836847
0,1231785
0,1231785
0,1948947
0,03447535
0,03447535
0,1866452
0,1181286
0,5790812
0,5790812
1,15707
0,0297216
0,0297216
0,6283029
0,2913342
0,2913342
0,1059457
0,3772124
0,2635916
0,2635916
0,2206018
0,05523532
0,05523532
0,1781292
0,6054266
0,6054266
1,127959
0,388137
0,388137
0,2891499
0,07155409
0,3152574
0,3152574
1,174356
0,6163441
0,6163441
0,7267072
0,1333729
0,1333729
0,5390536
0,9017632
0,6238056
0,6238056
0,4876334
0,2869567
0,2869567
0,4090188
0,0976036
0,0976036
0,8245562
1,922351
0,8333763
0,8333763
1,634937
0,710062
0,710062
1,782376
0,6956401
0,6956401
0,7560752
0,02950654
0,02950654
0,3974823
0,0928139
0,05287155
0,05287155
0,202398
0,133124
0,133124
0,3489734
0,02246141
0,02246141
0,4517148
0,06577606
0,1935924
0,1935924
0,01469095
0,09762086
0,09762086
0,4315257
0,02114628
0,02114628
0,005655418
0,00150095
0,00150095
0,002877786
0,006048725
0,001701603
0,001701603
0,008692084
0,2578478
0,2578478
0,3960445
0,01604412
0,01604412
0,3255679
2,550412
0,1341738
0,1341738
1,123679
0,7355239
0,7355239
0,2544151
0,2532622
0,2532622
0,05284155
0,0356206
0,0356206
0,4088749
0,03215745
0,1123489
0,1123489
0,1661329
0,2030831
0,2030831
0,5920271
0,1193071
0,1193071
0,2527692
0,2560205
0,3055166
0,3055166
0,8406752
1,943997
1,943997
3,19819
3,611311
3,611311
4,502706
4,764959
4,764959
5,359357
5,736647
6,092137
6,092137
6,467709
6,569226
6,569226
6,838483
7,113047
7,113047
7,549004
7,487119
7,76225
7,76225
8,292288
8,327128
8,327128
8,894628
9,275609
9,275609
9,721601
9,74288
9,74288
10,40709
10,66034
10,84468
10,84468
10,89309
11,02742
11,02742
11,23226
11,25926
11,25926
10,25237
0,7153478
0,6196784
0,6196784
0,1165116
0,1998764
0,1998764
0,9215451
0,2235866
0,2235866
0,4566709
0,1054412
0,5032651
0,5032651
2,601259
0,8103529
0,8103529
1,132557
0,2529995
0,2529995
0,8359121
0,3658881
0,3658881
0,3067738
0,3758607
0,3048744
0,3048744
0,5768945
0,3857756
0,3857756
0,2837317
0,2897321
0,2897321
0,5214015
0,03105457
0,2246387
0,2246387
0,5645689
0,2829913
0,2829913
0,333686
0,17521
0,17521
0,407503
0,3683134
0,3683134
0,3236386
0,2547221
0,5626031
0,5626031
0,4609232
0,5279058
0,5279058
0,8171304
0,1068717
0,1068717
0,1552241
0,02046497
0,1320676
0,1320676
0,1296328
0,03414221
0,03414221
0,06697858
0,06821728
0,06821728
0,0535914
0,04831247
0,04831247
0,01598634
0,1330632
0,07442465
0,07442465
0,1129697
0,03505385
0,03505385
0,1142854
0,117835
0,117835
0,1958066
0,04415229
0,03994597
0,03994597
0,03787747
0,032268
0,032268
0,1253942
0,05092239
0,05092239
0,0318192
0,04373232
0,04373232
0,3189797
0,3501581
0,1239181
0,1239181
0,06098587
0,01688351
0,01688351
0,05239894
0,08966218
0,08966218
0,3280127
0,1494826
0,03991288
0,03991288
0,05038834
0,03303131
0,03303131
0,08020453
0,1304229
0,1304229
0,2548856
0,8230643
0,1958218
0,1958218
0,237291
0,1380879
0,1380879
0,1822894
0,08186834
0,08186834
0,2756232
0,2015537
0,2015537
0,832048
0,1008542
0,03596255
0,03596255
0,01301073
0,007787913
0,007787913
0,2293019
0,08759931
0,08759931
0,04282373
0,03651052
0,08409329
0,08409329
0,4614958
0,3451338
0,3451338
0,5394976
0,3670329
0,3670329
0,2504929
0,09230977
0,09230977
0,1010995
0,05888125
0,1389114
0,1389114
0,1242777
0,2964286
0,2964286
0,3229188
0,1003417
0,1003417
0,07663074
0,1074942
0,1689223
0,02423162
0,1732014
0,3693226
0,3693226
0,5654984
0,7616867
0,7616867
0,5798783
0,4071299
0,4071299
0,2380679
0,2252357
0,1993194
0,1993194
0,1722761
0,1500892
0,1500892
0,1348887
0,1297504
0,1297504
0,1362495
0,1490303
0,148739
0,148739
0,1438448
0,1468337
0,1468337
0,1532681
0,1625927
0,1625927
0,1728122
0,131701
0,131701
0,1361925
0,1561774
0,1903619
0,1903619
0,1978605
0,1913563
0,1913563
0,1886467
0,1807666
0,1807666
0,1695153
0,1539042
0,134975
0,134975
0,1133391
0,08949348
0,08949348
0,06472414
0,04122446
0,04122446
0,02683187
0,03623355
0,03623355
0,05829797
0,08223303
0,1052356
0,1052356
0,1261806
0,06095834
0,06095834
0,1958008
0,2787903
0,2787903
0,1918038
0,09006106
0,0306953
0,0306953
0,3784454
0,09909914
0,09909914
0,182354
0,2201099
0,2201099
0,1205145
0,08862539
0,1440398
0,1440398
0,7031795
0,3714377
0,3714377
0,9618543
0,7022662
0,7022662
0,391765
0,4273832
0,4273832
0,4148487
0,8294767
0,7611764
0,7611764
0,9952774
0,579252
0,579252
1,923907
0,8763378
0,8763378
0,9968216
0,2640191
0,1065264
0,1065264
0,5404183
0,1637674
0,1637674
0,4069546
1,923779
1,923779
0,1161609
0,3854576
0,3854576
0,2580004
0,3623473
0,4204579
0,4204579
0,8833308
0,04225034
0,04225034
0,5917282
0,4083999
0,4083999
0,6197143
0,07833885
0,2991313
0,2991313
1,185842
0,05466413
0,05466413
0,9279219
0,5834735
0,5834735
0,7302144
0,09364699
0,09364699
0,1113464
0,3560724
0,4131732
0,4131732
1,079623
0,37264
0,37264
0,01548365
0,1633311
0,1633311
0,6615615
0,4379855
0,1817834
0,1817834
0,1853022
0,1426786
0,1426786
0,03136766
0,1976027
0,1976027
0,6308698
0,1546823
0,02129046
0,02129046
0,2923879
0,1171952
0,1171952
0,8098143
0,3006616
0,3006616
0,6423561
0,2183806
0,2183806
0,2301082
0,2925943
0,5145274
0,5145274
0,9640275
1,279007
1,279007
0,8040385
0,3180712
0,3180712
0,6366461
0,07726374
0,1031539
0,1031539
0,8231384
0,7085323
0,7085323
0,8126743
0,2057015
0,2057015
0,431237
0,1914491
0,1914491
0,2291668
0,2189978
0,29748
0,29748
0,3881553
0,5644351
0,5644351
1,144771
0,2811856
0,2811856
0,5399096
0,7543433
0,8159794
0,8159794
0,4254199
0,7751225
0,7751225
1,458163
0,4010546
0,4010546
0,3525724
0,6114765
0,6114765
1,136954
0,5148557
0,2324002
0,2324002
0,5328093
0,2185538
0,2185538
0,7609889
0,1326693
0,1326693
0,304523
0,3976151
0,1562831
0,1562831
0,463486
0,8540293
0,8540293
0,5524253
1,356023
1,356023
0,5248064
0,1833919
0,1833919
0,08460449
0,1615145
0,4767305
0,4767305
1,65459
0,6223637
0,6223637
0,3408927
0,1801182
0,1801182
0,5670144
0,2056623
0,3950709
0,3950709
0,4393885
0,4031817
0,4031817
0,3964506
0,09809076
0,09809076
0,5710304
0,2277864
0,09884909
0,09884909
0,3520314
0,4397991
0,4397991
1,073996
0,5112273
0,5112273
0,6867114
0,1915425
0,1915425
0,1637103
0,2264406
0,5392314
0,5392314
0,365032
0,144206
0,144206
0,1983005
0,345114
0,345114
0,2047578
0,3743851
0,360511
0,360511
0,4329062
0,2005629
0,2005629
0,8653517
0,2312091
0,2312091
0,2109707
0,2062875
0,2062875
0,7692319
0,4209436
0,5802384
0,5802384
1,12194
0,7738099
0,7738099
1,259076
1,121629
1,121629
velocityComponents
0,1403593
0,4518665
0,5549282
-0,02574287
0,1920156
-0,04082024
-0,02574287
0,1920156
-0,04082024
0,02907645
0,3826566
0,2312064
0,03445987
0,1408052
0,1700163
0,01372378
0,3113885
0,1297921
0,01372378
0,3113885
0,1297921
0,01598606
0,5783074
0,2269983
-0,01114346
0,2408307
0,05874932
-0,01114346
0,2408307
0,05874932
-0,01230864
0,5712547
0,1813263
0,01946995
0,2127416
0,1570702
0,01946995
0,2127416
0,1570702
0,02782065
0,293399
0,2552688
-0,01622355
0,3829789
0,08035004
-0,03592996
0,2265202
-0,01524687
-0,03592996
0,2265202
-0,01524687
-0,0552183
0,2025809
-0,03949702
-0,02229242
0,1103077
-0,005760789
-0,02229242
0,1103077
-0,005760789
-0,01199124
0,3465798
0,1586765
-0,005007628
0,1642682
0,06533563
-0,005007628
0,1642682
0,06533563
-0,002965145
0,08915532
0,06933808
-0,006606337
0,08960068
0,04434586
-0,008120667
0,04841778
0,02811253
-0,008120667
0,04841778
0,02811253
-0,00385046
0,1941722
0,1316249
0,03134264
0,06832574
0,1714647
0,03134264
0,06832574
0,1714647
0,08240696
0,1005493
0,4002631
0,01796093
0,03410038
0,09495616
0,01796093
0,03410038
0,09495616
0,07478204
0,2066868
0,419575
0,06336384
0,07592934
0,2728552
0,05747527
0,01428686
0,2334177
0,05747527
0,01428686
0,2334177
0,08312725
0,207643
0,4074067
-0,01602322
0,1007812
-0,02552569
-0,01602322
0,1007812
-0,02552569
0,05174819
0,1980518
0,3035963
0,0399977
0,1537879
0,2003044
0,0399977
0,1537879
0,2003044
0,04194081
0,4773934
0,3256321
-0,001334026
0,1624793
0,04388988
-0,001334026
0,1624793
0,04388988
-0,008269586
0,2730782
0,06229877
0,02020095
0,06115343
0,0896126
0,02587251
0,09487877
0,1165211
0,02587251
0,09487877
0,1165211
0,06419905
0,05411152
0,2429664
0,0206694
0,101277
0,09942055
0,0206694
0,101277
0,09942055
0,003820844
0,1455586
0,06811619
0,02571084
0,05943687
0,1261353
0,02571084
0,05943687
0,1261353
0,03582388
0,2084904
0,2397418
0,01231078
0,06523505
0,09025335
0,01143571
0,02137916
0,07200837
0,01143571
0,02137916
0,07200837
0,07164478
0,1486093
0,4268914
0,01411755
0,09988202
0,1225591
0,01411755
0,09988202
0,1225591
-0,001203828
0,1126567
0,1125425
0,01543388
0,06677667
0,1436383
0,01543388
0,06677667
0,1436383
0,01510829
0,2855086
0,2751231
0,006801821
0,09709764
0,1125216
0,006801821
0,09709764
0,1125216
0,008434616
0,1350729
0,1932919
-0,009391643
0,04033204
0,01360476
-0,006490946
0,03297105
0,05392432
-0,006490946
0,03297105
0,05392432
-0,005018711
0,1542768
0,2084613
-0,002476573
0,1559552
0,1285493
-0,002476573
0,1559552
0,1285493
-0,03321804
0,3714826
0,2337873
-0,03102291
0,03004186
-0,02794266
-0,03102291
0,03004186
-0,02794266
-0,03921483
0,07470641
0,07066727
-0,004617125
0,06425865
0,2806157
0,01178626
0,0501452
0,3124416
0,01178626
0,0501452
0,3124416
0,01882073
0,3363272
0,602743
-0,05301139
0,1033338
0,2214759
-0,05301139
0,1033338
0,2214759
-0,1671085
0,1834058
0,4354219
0,2342056
0,5124521
0,5154639
0,2342056
0,5124521
0,5154639
-0,1288764
0,07725595
0,307213
0,004437253
0,07895795
0,2274839
0,04251469
0,3023882
0,2914488
0,04251469
0,3023882
0,2914488
-0,06561782
0,002095848
0,3090322
-0,038586
-0,01222529
0,09407699
-0,038586
-0,01222529
0,09407699
-0,09800419
0,2654269
0,2321571
-0,02055429
0,1381304
0,2221167
-0,02055429
0,1381304
0,2221167
-0,0577338
0,3648024
0,3938526
-0,01624692
-0,04208982
0,002345443
-0,01624692
-0,04208982
0,002345443
-0,06524324
0,06479695
-0,05202293
-0,02935529
0,0162784
0,01125336
-0,03400445
0,05050823
0,06577373
-0,03400445
0,05050823
0,06577373
-0,05377699
0,03500953
0,2134532
-0,006111898
-0,03851093
0,1169711
-0,006111898
-0,03851093
0,1169711
-0,00544209
-0,1683291
0,3400654
-0,007078238
-0,06859638
0,07593036
-0,007078238
-0,06859638
0,07593036
-0,01458982
-0,1662225
0,2307832
1,47149E-05
-0,06099045
0,2022415
-0,008916482
-0,03179274
0,2515167
-0,008916482
-0,03179274
0,2515167
-0,0400275
0,3582124
0,4103482
-0,02664197
0,171528
0,1355439
-0,02664197
0,171528
0,1355439
-0,03763586
0,1375813
0,2699047
0,01674537
0,01264066
0,2577186
0,01674537
0,01264066
0,2577186
0,01547299
-0,02724193
0,3869027
0,00677146
0,04180968
0,1914978
0,00677146
0,04180968
0,1914978
-0,01927018
0,1646187
0,2356589
-0,04054941
0,2047401
0,008451939
-0,02716649
0,2725549
0,1306772
-0,02716649
0,2725549
0,1306772
0,01606718
0,1603149
0,3543735
0,03412431
-0,08041561
0,1823932
0,03412431
-0,08041561
0,1823932
0,07619374
-0,2961558
0,339976
0,05663503
-0,06989241
0,2884895
0,05663503
-0,06989241
0,2884895
0,02630819
-0,0044927
0,1748234
-0,03179563
0,1737952
-0,05056858
-0,0261263
0,1039032
-0,04414022
-0,0261263
0,1039032
-0,04414022
0,05678851
0,1264501
0,4681259
0,093921
-0,2106525
0,3667802
0,093921
-0,2106525
0,3667802
0,160307
-0,5779654
0,5081743
0,04018005
-0,2369117
0,01247227
0,04018005
-0,2369117
0,01247227
0,01717545
-0,1614809
-0,0443548
0,03496744
0,08942001
0,2622783
0,03496744
0,08942001
0,2622783
0,06261002
0,1775466
0,4717052
0,02443958
0,04752353
0,1476914
0,02140366
-0,09215772
0,03959239
0,02140366
-0,09215772
0,03959239
0,08709282
-0,3370341
0,2765089
0,03898945
-0,1827989
0,06915629
0,03898945
-0,1827989
0,06915629
0,03271904
0,0360366
0,1861393
0,01561828
0,02976842
0,08800328
0,01561828
0,02976842
0,08800328
0,02057087
0,06337911
0,1770854
-0,002293848
-0,02731755
-0,05484223
0,02476051
-0,1032364
0,09045005
0,02476051
-0,1032364
0,09045005
0,04583336
-0,1488328
0,1955658
0,03580097
-0,1983102
0,09561479
0,03580097
-0,1983102
0,09561479
-0,03554382
-0,08342333
0,1197909
-0,011342
-0,01259497
0,07260229
-0,011342
-0,01259497
0,07260229
0,07934324
0,001854822
0,2281548
0,07616684
-0,01339498
0,2001562
0,02899377
-0,02582574
0,1418176
0,02899377
-0,02582574
0,1418176
-0,01730621
0,08173026
0,002470613
-0,01980029
-0,05452521
-0,1601487
-0,01980029
-0,05452521
-0,1601487
-0,04043765
0,1786239
-0,06174147
-0,08535776
0,2755512
-0,3316164
-0,08535776
0,2755512
-0,3316164
-0,1044516
0,2629809
-0,3777325
-0,02109949
-0,03556982
-0,05730689
0,01324061
-0,05279481
0,1168638
0,01324061
-0,05279481
0,1168638
0,003003888
0,008173659
0,1840413
-0,05440935
0,1942787
-0,1371443
-0,05440935
0,1942787
-0,1371443
-0,03229994
0,07367954
-0,0002324581
0,00056196
-0,1006383
0,02883971
0,00056196
-0,1006383
0,02883971
0,0002374873
-0,2321765
-0,04039407
-0,005247258
-0,004153326
-0,0004857779
-0,005247258
-0,004153326
-0,0004857779
-0,027005
-0,0650011
-0,02916157
-0,01904853
-0,04562177
0,01812875
-0,003281794
-0,09330362
0,03845692
-0,003281794
-0,09330362
0,03845692
-0,02496839
-0,05319864
-0,05103052
-0,02406184
-0,00305064
-0,06591678
-0,02406184
-0,00305064
-0,06591678
-0,01488682
-0,2083853
0,02605021
-0,00654459
-0,1113929
0,06914139
-0,00654459
-0,1113929
0,06914139
-0,02277605
-0,2034716
-0,01203418
-0,0124583
0,06440952
0,1318365
-0,0124583
0,06440952
0,1318365
-0,05681124
0,125628
0,03901422
-0,03846176
0,07556267
-0,03580153
-0,0278933
0,1344793
0,08704364
-0,0278933
0,1344793
0,08704364
-0,02994947
0,2108201
0,2776384
-0,04122779
0,115544
-0,07724166
-0,04122779
0,115544
-0,07724166
-0,1194503
0,4505433
-0,1966685
-0,06127218
0,3105801
-0,003188848
-0,06127218
0,3105801
-0,003188848
-0,09873919
0,4416339
0,004771352
-0,0341136
0,1596674
0,09564459
-0,03921548
0,107979
-0,007593632
-0,03921548
0,107979
-0,007593632
0,02201479
-0,2460338
0,3520131
0,0119064
-0,09252988
0,2049863
0,0119064
-0,09252988
0,2049863
0,006809272
-0,2381258
0,3251165
-0,01858519
-0,00439249
0,1080811
-0,01858519
-0,00439249
0,1080811
-0,009437185
-0,1621969
0,3915668
-0,006790273
-0,09675324
0,1655281
0,0002023764
-0,08662716
0,2394021
0,0002023764
-0,08662716
0,2394021
0,004637241
-0,4179321
0,3053889
0,01037633
-0,1612812
0,2405956
0,01037633
-0,1612812
0,2405956
-0,03495142
-0,1881901
0,1303479
-0,04641861
0,06916225
-0,0693351
-0,04641861
0,06916225
-0,0693351
-0,08471459
0,1743969
-0,01358539
-0,0008512288
-0,1608685
0,08027405
-0,0008512288
-0,1608685
0,08027405
0,06285189
-0,7046797
0,253199
0,01964429
-0,3104355
-0,008940697
0,003340095
-0,2528433
-0,08240193
0,003340095
-0,2528433
-0,08240193
-0,02445066
-0,2041709
-0,1984268
0,002898835
0,02712999
0,07113814
0,002898835
0,02712999
0,07113814
0,01421962
-0,6201567
-0,1097664
-0,001571886
-0,0224622
0,02364367
-0,001571886
-0,0224622
0,02364367
0,007047877
-0,3611881
-0,009147823
0,006695651
-0,3760332
-0,06892234
0,01032222
-0,198718
0,03885031
0,01032222
-0,198718
0,03885031
0,01271311
-0,3282256
0,1101002
-0,002392568
-0,03015175
0,0290975
-0,002392568
-0,03015175
0,0290975
0,006008148
-0,1386791
0,2056271
0,01376551
-0,2614162
0,0998348
0,01376551
-0,2614162
0,0998348
0,001452584
-0,3301426
0,05910546
0,003870297
-0,1273105
0,05472749
0,003870297
-0,1273105
0,05472749
0,0004434958
-0,2163927
0,05326867
0,004866719
-0,1217987
0,1174986
0,007615611
-0,1965192
0,1088083
0,007615611
-0,1965192
0,1088083
0,009153225
-0,3602713
0,1520276
-0,0005532056
-0,005670264
0,09371489
-0,0005532056
-0,005670264
0,09371489
0,04654834
-0,4611321
0,443235
0,05526682
-0,5938749
0,3072515
0,05526682
-0,5938749
0,3072515
0,06583138
-1,125696
0,404793
0,02683783
-0,4086103
0,1826078
0,001058821
-0,1173407
0,1083657
0,001058821
-0,1173407
0,1083657
-0,001453422
-0,01457743
0,3620505
0,003927946
-0,1240574
0,1714334
0,003927946
-0,1240574
0,1714334
0,02099443
-0,67284
0,4044145
0,01968816
-0,3628355
0,2583236
0,01968816
-0,3628355
0,2583236
0,005419552
-0,07833391
0,4104227
-0,00428725
0,02177693
0,1182854
-0,00428725
0,02177693
0,1182854
-0,01988411
-0,137898
0,1406953
-0,006722193
-0,05692802
0,08437634
-0,00918759
-0,08607246
0,03015101
-0,00918759
-0,08607246
0,03015101
-0,02802145
-0,1329802
0,009684265
-0,0007117167
-0,1976769
0,1460984
-0,0007117167
-0,1976769
0,1460984
0,01556035
-0,9930089
0,4768521
0,006991625
-0,520058
0,1823932
0,006991625
-0,520058
0,1823932
-0,01747897
-0,1402803
0,1556963
0,01552608
0,07327199
0,4932106
0,03092773
-0,05137622
0,7823467
0,03092773
-0,05137622
0,7823467
-0,01067966
-0,7416561
0,0986129
-0,01377612
-0,5993955
-0,05648285
-0,01377612
-0,5993955
-0,05648285
-0,001002662
-0,5654432
0,4606202
0,01212647
-0,1872785
0,3617316
0,01212647
-0,1872785
0,3617316
-0,005656481
-0,08589923
0,04475713
-0,003976002
0,08031651
-0,08064955
-0,003976002
0,08031651
-0,08064955
-0,002391078
0,218492
-0,1087457
-0,0001987442
-0,01174137
0,01585335
0,004137866
0,1071826
0,02672672
0,004137866
0,1071826
0,02672672
-0,001972914
0,7302418
-0,09119958
-0,01193825
0,6024659
-0,1925543
-0,01193825
0,6024659
-0,1925543
-0,07294454
2,18722
-0,5793735
-0,2978503
0,09141695
0,1517301
-0,2978503
0,09141695
0,1517301
-0,3824838
0,2133745
0,1821695
-0,09963548
0,01452923
-0,1319392
-0,07918632
0,02510977
0,06756578
-0,07918632
0,02510977
0,06756578
-0,004243344
0,03633976
0,4345562
0,05151376
-0,01221323
0,06885642
0,05151376
-0,01221323
0,06885642
-0,1074286
0,01457715
0,339437
0,01241714
-0,0314002
0,1096227
0,01241714
-0,0314002
0,1096227
-0,1641829
-0,181401
0,5358489
0,1933495
0,3765521
-0,5395541
-0,2381495
-0,3823352
0,8184316
-0,2381495
-0,3823352
0,8184316
0,2263465
0,02745914
-1,008638
-0,1599443
-0,1485834
0,2356954
-0,1599443
-0,1485834
0,2356954
0,2508224
0,4301262
-0,5719948
-0,2360877
-0,4243751
0,7919378
-0,2360877
-0,4243751
0,7919378
0,2067642
0,06174862
-1,115083
-0,07312399
0,08824205
-0,074296
-0,07312399
0,08824205
-0,074296
0,03382838
0,07751179
-0,1565666
-0,1715332
-0,09712172
0,2371216
0,308714
0,07181358
-0,2043858
0,308714
0,07181358
-0,2043858
-0,07380366
-0,2402425
0,365448
0,1855242
0,5804176
-0,6972909
0,1855242
0,5804176
-0,6972909
-0,02811694
-0,2565808
0,453351
0,07013053
0,1128635
-0,1751776
0,07013053
0,1128635
-0,1751776
0,02817714
-0,4094374
0,5766227
-0,02240872
0,02861929
0,07266903
-0,2362778
-0,08002353
0,7810037
-0,2362778
-0,08002353
0,7810037
1,230979
0,2266094
3,180251
-0,1427971
-0,7930934
-0,3299043
-0,1427971
-0,7930934
-0,3299043
0,01705065
-0,5411509
0,06315038
0,007401872
-0,1751974
0,3366619
0,007401872
-0,1751974
0,3366619
0,02793651
-0,5840268
0,200133
0,008526165
-0,1844727
-0,4029155
0,008526165
-0,1844727
-0,4029155
0,02100421
-0,5593721
-0,3110029
0,01113843
-0,6566957
0,0672847
0,008205231
-0,5870723
0,01183897
0,008205231
-0,5870723
0,01183897
-0,1549916
-0,06294471
0,03162387
-0,03746217
0,0182786
0,1245065
-0,03746217
0,0182786
0,1245065
0,09168918
0,07896447
0,1370095
0,007940471
0,02490926
0,06013125
0,007940471
0,02490926
0,06013125
0,01575163
0,1588777
0,3575639
-0,01018059
0,1523755
0,1741971
-0,009707406
0,1590269
0,1054405
-0,009707406
0,1590269
0,1054405
0,5705415
0,8897232
-0,4324571
0,3320616
1,58459
0,2873507
0,3320616
1,58459
0,2873507
0,6105962
2,058228
-0,8655343
0,3833933
3,0904
0,3764309
0,3833933
3,0904
0,3764309
0,3874055
3,735086
0,5886053
0,3502583
4,135791
0,6992249
0,3104594
4,487793
0,7979876
0,3104594
4,487793
0,7979876
0,3094081
5,201374
1,040652
0,2821234
5,602798
1,147864
0,2821234
5,602798
1,147864
0,1706751
6,340062
1,307169
0,04382342
6,919612
1,409547
0,04382342
6,919612
1,409547
-0,1886379
8,079409
1,296867
-0,07573981
0,5421411
-0,3373422
-0,07573981
0,5421411
-0,3373422
-0,4589267
0,8775907
-0,01224506
-0,3772793
0,8228818
0,03612894
-0,6622319
1,425865
-0,3406054
-0,6622319
1,425865
-0,3406054
-1,229517
2,421389
-0,7381631
-1,45356
2,936328
-0,8409985
-1,45356
2,936328
-0,8409985
-1,887557
3,688953
-1,140517
-2,205153
4,090852
-1,425951
-2,205153
4,090852
-1,425951
-2,210764
4,27258
-1,360578
-1,910221
4,080241
-1,033598
-1,910221
4,080241
-1,033598
-1,442634
4,163218
-0,3770838
-1,232119
4,078089
-0,1299285
-1,174994
3,847709
-0,1335163
-1,174994
3,847709
-0,1335163
-0,9488071
3,861416
0,1519123
-0,5412792
3,751428
0,8885546
-0,5412792
3,751428
0,8885546
-0,3500585
3,886843
0,923685
-0,001470745
0,1300171
0,2554297
-0,001470745
0,1300171
0,2554297
-0,01194151
-0,04476756
0,6636053
0,01414753
-0,1286827
0,3518544
0,005122973
-0,07556826
0,2234511
0,005122973
-0,07556826
0,2234511
-0,06876159
0,427442
0,3902309
-0,007086387
0,04116148
0,2549022
-0,007086387
0,04116148
0,2549022
0,006893091
-0,1612835
0,6758783
0,02206117
-0,09859279
0,06230362
0,02206117
-0,09859279
0,06230362
0,002211425
0,1129515
-0,3158201
-0,05063098
0,3049441
0,1810104
-0,02879961
0,1186818
0,460089
-0,02879961
0,1186818
0,460089
0,05918602
-0,8128375
1,420497
0,07236689
-0,5784038
0,4497238
0,07236689
-0,5784038
0,4497238
-0,3266125
-0,3656021
-0,2476137
-0,08793428
-0,1155008
-0,07019001
-0,08793428
-0,1155008
-0,07019001
-0,1691394
0,08647901
0,2130461
-0,02017426
-0,2961029
-0,3317982
-0,02017426
-0,2961029
-0,3317982
-0,03797698
-0,153064
-0,2083557
-0,02687234
0,0626781
0,1260498
0,0468322
0,1265271
0,1629527
0,0468322
0,1265271
0,1629527
0,371378
-0,09659964
-0,2660738
0,2241053
-0,009129
-0,001121077
0,2241053
-0,009129
-0,001121077
0,03048368
0,3610868
-0,06780028
-0,01085922
0,2225213
0,2478134
-0,01085922
0,2225213
0,2478134
0,02002027
-0,0678461
0,6947436
-0,2744268
-0,1669508
0,4592629
-0,1922548
-0,09317839
0,04316002
-0,1922548
-0,09317839
0,04316002
-0,2447695
-0,09841561
0,07308042
0,0110265
0,03249598
0,105086
0,0110265
0,03249598
0,105086
0,2374757
0,04008186
-0,1997359
0,03683385
0,0100565
-0,02569294
0,03683385
0,0100565
-0,02569294
-0,03012615
0,001605749
0,06664318
-0,1927271
-0,02743375
0,2503102
-0,1927271
-0,02743375
0,2503102
0,02366179
-0,04704213
-0,1801083
-0,01193291
0,0213902
0,09753191
-0,001545608
-0,008902311
-0,0278089
-0,001545608
-0,008902311
-0,0278089
0,1188192
0,0692786
0,1182985
0,1818302
-0,080679
0,729692
0,1818302
-0,080679
0,729692
0,1712661
0,6784384
0,5527239
-0,1792286
0,9991571
0,07438865
-0,1792286
0,9991571
0,07438865
-0,238406
1,417178
0,3744008
-0,08119512
0,373058
0,195152
-0,05627405
0,2417073
0,1394798
-0,05627405
0,2417073
0,1394798
-0,1289027
0,7825487
0,0136965
-0,06218036
0,4079551
-0,1016998
-0,06218036
0,4079551
-0,1016998
-0,1205475
0,4656088
0,06276976
0,02129834
0,1863182
-0,1181058
0,02129834
0,1863182
-0,1181058
0,2170609
-0,6036311
-0,7683299
-0,3474271
-0,9864428
0,06126589
-0,3474271
-0,9864428
0,06126589
-0,02239919
-0,2847701
0,1578773
0,1979883
-0,1775973
0,1306917
0,06172324
-0,29768
-0,1142072
0,06172324
-0,29768
-0,1142072
0,1148497
-0,6058589
0,1328055
0,05817264
-0,4347794
0,1758033
0,05817264
-0,4347794
0,1758033
0,101797
-0,9175785
0,15393
0,01638606
-0,2961501
0,1901579
0,01638606
-0,2961501
0,1901579
0,02536289
-0,6883409
0,3989832
0,01962334
-0,3043752
0,1258895
0,0004812144
-0,2228558
0,1538718
0,0004812144
-0,2228558
0,1538718
-0,02647713
-0,3119901
0,3445731
-0,008111168
-0,03157593
0,03159018
-0,008111168
-0,03157593
0,03159018
-0,0396912
-0,09301119
0,1960855
-0,02777763
-5,960464E-06
0,1489955
-0,02777763
-5,960464E-06
0,1489955
-0,0407733
0,07847324
0,09739912
-0,01701275
0,009424612
0,06206678
-0,04263865
0,1349583
0,1495818
-0,04263865
0,1349583
0,1495818
-0,03013462
0,1261331
0,007124897
-0,02775388
0,04769005
0,1162341
-0,02775388
0,04769005
0,1162341
-0,008129561
-0,209314
0,1753815
-2,700835E-06
-0,09009019
0,09795595
-2,700835E-06
-0,09009019
0,09795595
0,008778227
-0,2229948
0,09474829
-0,006092153
-0,02338961
0,05360674
-0,006092153
-0,02338961
0,05360674
-0,006222725
-0,3216594
0,1908407
-0,01539108
-0,05246773
0,1316674
-0,02057943
-0,1217235
0,1895893
-0,02057943
-0,1217235
0,1895893
0,001114886
-0,3883906
0,1776442
0,003185542
-0,08113291
0,006015413
0,003185542
-0,08113291
0,006015413
-0,005307468
-0,2757557
0,0940958
-0,007964764
-0,05420614
0,04831422
-0,007964764
-0,05420614
0,04831422
-0,005972385
-0,4099714
0,1191728
-0,02444796
-0,1376644
0,1913812
-0,005783932
-0,1825038
0,07900875
-0,005783932
-0,1825038
0,07900875
0,0002604909
-0,1709122
-0,0004138798
-0,01524808
-0,05290955
0,0584852
-0,01524808
-0,05290955
0,0584852
0,004417449
-0,1743317
-0,05188063
-0,0006319024
-0,1520179
0,01808051
-0,0006319024
-0,1520179
0,01808051
0,0003229827
-0,6105163
0,1238696
0,004610233
-0,05140016
-0,005360693
0,004610233
-0,05140016
-0,005360693
-0,0008821487
0,01457855
-0,0728175
-0,002177432
-0,0529415
-0,01639724
-0,002765656
-0,1194183
-0,009091944
-0,002765656
-0,1194183
-0,009091944
-0,0108392
-0,2137756
0,03933497
0,004220102
-0,1699774
-0,01491085
0,004220102
-0,1699774
-0,01491085
-0,00763773
-0,5004976
0,1109619
-0,009940611
-0,2488905
0,1333222
-0,009940611
-0,2488905
0,1333222
0,01480682
-0,4779362
0,03159307
-0,003649574
-0,102188
0,04516169
-0,003811577
-0,1187621
0,03632307
-0,003811577
-0,1187621
0,03632307
0,01000995
-0,313642
-0,02549179
0,008804398
-0,2427256
0,0003125519
0,008804398
-0,2427256
0,0003125519
-0,0254015
-0,2170287
0,1827814
-0,000415463
-0,01114234
0,001179427
-0,000415463
-0,01114234
0,001179427
-0,0150593
0,3262833
-0,04046895
-0,01503937
0,06713998
0,03139265
-0,01503937
0,06713998
0,03139265
-0,02679001
-0,7286832
0,4272103
-0,01529083
-0,2710871
0,2347458
-0,00152057
-0,2388408
0,09513125
-0,00152057
-0,2388408
0,09513125
0,00751121
0,2345461
-0,1160022
-0,005943608
0,2511181
-0,06358847
-0,005943608
0,2511181
-0,06358847
-0,02928185
0,1008719
0,1115635
-0,02392801
-0,2108859
0,2113469
-0,02392801
-0,2108859
0,2113469
0,0239138
-0,9506779
0,1474235
0,01183855
-0,1144912
-0,002291799
0,005703792
0,07372312
-0,05662031
0,005703792
0,07372312
-0,05662031
-0,007673539
0,2810534
-0,04389435
-0,006837957
-0,07936843
0,03800988
-0,006837957
-0,07936843
0,03800988
0,01190975
-0,5921107
0,02182461
-0,01255982
-0,2609409
0,1418665
-0,01255982
-0,2609409
0,1418665
0,003293995
0,0775218
-0,02076849
0,001180219
0,07891096
-0,03148913
0,001180219
0,07891096
-0,03148913
0,008485001
0,01306534
-0,07458851
-0,002989825
-0,07306337
0,02289116
-0,01017782
-0,2731539
0,1108684
-0,01017782
-0,2731539
0,1108684
-0,0172385
-0,2643462
0,149392
0,005526096
0,09820089
-0,04182309
0,005526096
0,09820089
-0,04182309
-0,002193963
0,1610253
-0,03829636
-0,007497612
0,1106542
-0,002070144
-0,007497612
0,1106542
-0,002070144
-0,0370861
-0,133191
0,2147064
0,01150738
-0,2312023
0,0001519918
0,01156633
-0,05969517
-0,03348291
0,01156633
-0,05969517
-0,03348291
0,02503912
0,3408484
-0,1915157
0,007333513
0,2278715
-0,1003835
0,007333513
0,2278715
-0,1003835
0,00864435
0,0658419
-0,06078854
-0,003261305
0,0269413
0,03203563
-0,003261305
0,0269413
0,03203563
0,01339307
-0,4258234
0,05811937
0,02333866
-0,07189102
-0,09819716
-0,0002305955
0,1524881
-0,03662854
-0,0002305955
0,1524881
-0,03662854
-0,009497162
0,04762411
0,06004199
-0,005264161
-0,02937987
0,0556808
-0,005264161
-0,02937987
0,0556808
-0,03283615
-0,2344564
0,301937
-0,01231837
-0,04123785
0,1154151
-0,01231837
-0,04123785
0,1154151
-0,009934604
0,1923036
0,0300765
0,002393033
0,02347864
-0,02513118
0,002393033
0,02347864
-0,02513118
-0,01316783
0,178849
0,05173087
-0,01778221
-0,01083314
0,116279
-0,05836464
-0,3690682
0,4423995
-0,05836464
-0,3690682
0,4423995
-0,07231887
-0,9721045
0,6233726
0,01074187
-0,01773052
0,02129823
0,01074187
-0,01773052
0,02129823
0,06731092
0,4336234
-0,4496716
0,01792833
0,2342265
-0,172314
0,01792833
0,2342265
-0,172314
-0,01687277
0,06249547
0,0838697
-0,04349938
-0,2251055
0,2995405
-0,02626199
-0,1821686
0,1886941
-0,02626199
-0,1821686
0,1886941
0,03427397
0,08021072
-0,2026245
-0,007265434
0,05352981
0,01152009
-0,007265434
0,05352981
0,01152009
-0,03429651
-0,05317107
0,166513
-0,06499067
-0,445417
0,404872
-0,06499067
-0,445417
0,404872
-0,06746869
-1,007737
0,5022004
-0,01526931
-0,3503129
0,1664273
-0,01526931
-0,3503129
0,1664273
0,0504849
-0,1761749
-0,2236545
-0,008806633
-0,03550276
0,06149784
-0,03135815
-0,2496317
0,1899682
-0,03135815
-0,2496317
0,1899682
-0,1548618
-0,8121535
0,833989
-0,01171399
-0,6065332
0,1089051
-0,01171399
-0,6065332
0,1089051
0,02525677
-0,7186048
-0,105226
0,01727166
-0,1188613
-0,05798265
0,01727166
-0,1188613
-0,05798265
0,2490301
-0,2220392
0,4233927
-0,201169
-0,5170461
0,7108946
0,04683568
-0,5969347
0,1749538
0,04683568
-0,5969347
0,1749538
-0,1316129
-0,1453336
0,4464779
-0,07272165
-0,07206424
0,2680718
-0,07272165
-0,07206424
0,2680718
-0,0936241
0,006648481
0,3981038
0,03595828
0,09047121
-0,006958783
0,03595828
0,09047121
-0,006958783
0,1717294
0,8023779
0,08118826
0,6442219
1,810193
-0,06010616
0,06363159
0,7374771
0,3828769
0,06363159
0,7374771
0,3828769
-0,1339372
1,612753
-0,2326116
0,1131945
0,6447136
-0,2751715
0,1131945
0,6447136
-0,2751715
0,2115562
1,495388
-0,9465322
0,03902819
0,654725
-0,2317913
0,03902819
0,654725
-0,2317913
-0,08581067
0,558956
0,501851
-0,02922962
-0,003397495
-0,002173007
-0,02922962
-0,003397495
-0,002173007
0,09875868
0,07738936
-0,3771601
-0,03340297
-0,006858468
0,08632278
-0,01733965
-0,004753828
0,0497206
-0,01733965
-0,004753828
0,0497206
-0,09693363
-0,01439285
0,1770923
0,02306128
0,02813363
-0,1280573
0,02306128
0,02813363
-0,1280573
-0,1008359
-0,04611135
0,3308902
0,00432083
0,01098347
-0,01911044
0,00432083
0,01098347
-0,01911044
-0,1684039
-0,08431411
0,4105819
0,02666662
0,02365279
-0,05528045
-0,08675558
-0,04616833
0,1667932
-0,08675558
-0,04616833
0,1667932
0,0001473427
-0,004674196
0,01392674
-0,04984391
-0,02561307
0,07993364
-0,04984391
-0,02561307
0,07993364
0,3266556
0,0003509894
-0,2819759
-0,002919465
0,0136199
0,01591039
-0,002919465
0,0136199
0,01591039
0,0008415282
0,004754543
0,002944469
-0,0001865625
0,0003457069
0,001448631
-0,0001865625
0,0003457069
0,001448631
0,002108365
0,0008735657
-0,001753092
-0,00350529
-0,0008010864
0,004863977
-0,001092732
-0,0002889633
0,001271963
-0,001092732
-0,0002889633
0,001271963
0,005364954
0,001440048
-0,006685495
0,04863773
0,092731
-0,2356286
0,04863773
0,092731
-0,2356286
0,3322446
0,001278073
-0,2155531
-0,002482802
0,01001143
0,01228905
-0,002482802
0,01001143
0,01228905
0,01173302
0,01386547
0,3250608
-0,2286549
1,743424
1,847374
0,01817951
0,05008245
0,1231416
0,01817951
0,05008245
0,1231416
0,2674893
0,5358999
0,9507443
-0,04905071
-0,2369924
0,6945676
-0,04905071
-0,2369924
0,6945676
0,02995175
-0,2343229
-0,09446008
0,03873604
0,1639226
-0,1891313
0,03873604
0,1639226
-0,1891313
-0,008596931
0,03718716
0,03654363
0,01308353
-0,03256175
-0,006114013
0,01308353
-0,03256175
-0,006114013
-0,0423347
-0,1792775
0,3650289
0,009894945
-0,03041314
0,003351524
0,01893637
-0,04888613
-0,09936719
0,01893637
-0,04888613
-0,09936719
0,02482095
-0,1047055
-0,1265734
-0,004033871
-0,1634391
0,1204746
-0,004033871
-0,1634391
0,1204746
-0,06350657
-0,3413171
0,4795474
-0,01959339
-0,07473609
0,09091091
-0,01959339
-0,07473609
0,09091091
-0,08154625
0,04543173
0,2349009
-0,09014542
0,06733793
0,2299694
-0,09907256
0,09460503
0,273084
-0,09907256
0,09460503
0,273084
-0,2827104
0,3131398
0,7271541
0,4402312
1,71571
-0,8010362
0,4402312
1,71571
-0,8010362
0,2950214
2,871471
-1,376967
0,2412337
3,34436
-1,341129
0,2412337
3,34436
-1,341129
0,1145803
4,356525
-1,132219
0,07765168
4,645949
-1,055444
0,07765168
4,645949
-1,055444
0,01980698
5,274455
-0,9499736
-0,01447481
5,664646
-0,905926
-0,0486812
6,030006
-0,8664824
-0,0486812
6,030006
-0,8664824
-0,08195126
6,421369
-0,7684797
-0,08637506
6,527725
-0,7321728
-0,08637506
6,527725
-0,7321728
-0,1009264
6,802857
-0,6897773
-0,1301031
7,08316
-0,6382391
-0,1301031
7,08316
-0,6382391
-0,1763746
7,527885
-0,5359929
-0,157701
7,465351
-0,548278
-0,1868033
7,744255
-0,494117
-0,1868033
7,744255
-0,494117
-0,235579
8,27929
-0,3998768
-0,2260415
8,314607
-0,3966017
-0,2260415
8,314607
-0,3966017
-0,2892659
8,884647
-0,3062249
-0,3518429
9,265678
-0,2456117
-0,3518429
9,265678
-0,2456117
-0,4050402
9,71249
-0,1139638
-0,3860601
9,734776
-0,09372759
-0,3860601
9,734776
-0,09372759
0,3045122
10,38495
-0,6063076
0,1624203
10,63601
-0,7011313
1,017713
10,74988
-1,005776
1,017713
10,74988
-1,005776
0,9454233
10,79019
-1,156405
0,9186434
10,91716
-1,255259
0,9186434
10,91716
-1,255259
0,9115587
11,11923
-1,3021
0,9393843
11,16158
-1,143599
0,9393843
11,16158
-1,143599
-3,118306
9,457262
2,43874
-0,167775
0,6952338
0,0149667
0,1884519
0,5252253
-0,2694912
0,1884519
0,5252253
-0,2694912
-0,02482988
0,02664546
0,1106727
0,05633865
-0,1844571
0,05246077
0,05633865
-0,1844571
0,05246077
0,3116229
-0,8578226
-0,1275808
0,103745
-0,07517369
-0,1832399
0,103745
-0,07517369
-0,1832399
0,2121647
-0,09837258
-0,3922465
0,06401226
-0,03452075
-0,07634518
0,0007435679
-0,5009655
0,04804981
0,0007435679
-0,5009655
0,04804981
-0,2929347
-2,47972
0,7291939
0,001827329
-0,7745714
0,2381338
0,001827329
-0,7745714
0,2381338
-0,6630118
-0,6462607
0,6522629
-0,1271568
0,06837676
0,2077607
-0,1271568
0,06837676
0,2077607
-0,02336185
0,7397816
0,3884926
-0,03364105
0,3433626
0,1218379
-0,03364105
0,3433626
0,1218379
-0,06192196
0,2008095
0,223498
-0,081468
0,2832606
0,233233
-0,0629731
0,2431914
0,1727447
-0,0629731
0,2431914
0,1727447
-0,1345685
0,3128849
0,4656196
-0,05554454
-0,1264408
0,3602087
-0,05554454
-0,1264408
0,3602087
-0,02638269
-0,1215138
0,2550334
-0,02750466
-0,1486048
0,2471939
-0,02750466
-0,1486048
0,2471939
-0,01667421
-0,3853608
0,3508255
0,01607267
-0,002417713
-0,02646148
-0,03628321
-0,08387119
0,2052113
-0,03628321
-0,08387119
0,2052113
-0,07147463
-0,308653
0,467293
-0,0503961
-0,09986125
0,2599463
-0,0503961
-0,09986125
0,2599463
-0,04434474
-0,1819063
0,2762064
0,04890552
-0,1404047
-0,09270012
0,04890552
-0,1404047
-0,09270012
-0,008469634
-0,3450904
0,216563
0,0006834045
-0,3269233
0,1696333
0,0006834045
-0,3269233
0,1696333
-0,0272084
-0,2110146
0,2438739
0,03210306
0,1965392
-0,158824
0,0148735
0,5029433
-0,2516925
0,0148735
0,5029433
-0,2516925
-0,09312481
0,4121043
0,1842499
-0,07730462
-0,296865
0,4296273
-0,07730462
-0,296865
0,4296273
0,1491905
0,08755219
0,7986106
-0,002171479
0,02095765
0,1047742
-0,002171479
0,02095765
0,1047742
0,0531113
-0,03498554
-0,141597
0,001242688
-0,002926648
-0,02021646
-0,05974629
0,02901894
0,1141496
-0,05974629
0,02901894
0,1141496
-0,02285745
0,04250765
0,1203133
0,01353493
0,005007982
0,03094214
0,01353493
0,005007982
0,03094214
0,0284638
-0,02479875
-0,05532598
-0,02855424
0,02414429
0,05705529
-0,02855424
0,02414429
0,05705529
0,0247921
-0,01990223
-0,04314268
0,02250699
-0,01740038
-0,03904814
0,02250699
-0,01740038
-0,03904814
0,01506422
-0,0007265806
0,005301356
-0,04101564
0,04642928
0,1177619
0,05684271
-0,02414751
-0,04153109
0,05684271
-0,02414751
-0,04153109
0,0425261
-0,04033256
-0,09657621
0,003382605
-0,01113796
-0,03306472
0,003382605
-0,01113796
-0,03306472
0,03937899
-0,0267477
-0,103899
-0,0005390942
0,03180861
0,1134593
-0,0005390942
0,03180861
0,1134593
0,01089869
-0,02457595
-0,1939523
0,01154836
-0,01830006
0,03848594
0,02076292
-5,364418E-05
-0,03412592
0,02076292
-5,364418E-05
-0,03412592
0,02233595
0,001848102
-0,0305351
0,02217788
0,002012849
-0,02335197
0,02217788
0,002012849
-0,02335197
0,1028709
-0,03907061
0,06012297
-0,01416501
-0,008035064
0,04824811
-0,01416501
-0,008035064
0,04824811
0,01437658
-6,365776E-05
0,02838612
0,03380936
-0,01035094
-0,0257352
0,03380936
-0,01035094
-0,0257352
0,1493587
0,03194261
-0,2800352
0,03329614
-0,09215593
0,3361686
0,03549778
-0,03599334
-0,1131375
0,03549778
-0,03599334
-0,1131375
0,01707253
-0,01530886
-0,05651057
0,008920401
-0,004082918
-0,01374078
0,008920401
-0,004082918
-0,01374078
0,03874278
-0,01034737
-0,033728
0,0005943775
0,03536165
-0,08239239
0,0005943775
0,03536165
-0,08239239
-0,01104969
-0,1139973
0,3073676
0,1040839
-0,03700995
-0,1007068
-0,02852345
-0,005499482
-0,02737164
-0,02852345
-0,005499482
-0,02737164
0,04268497
-0,007945657
-0,02557039
-0,02981734
0,00242734
0,01400363
-0,02981734
0,00242734
0,01400363
0,008200943
0,02487379
0,07580769
-0,05857497
0,02406877
0,1140167
-0,05857497
0,02406877
0,1140167
0,0184291
0,1117885
0,2283207
0,4289601
0,01799303
0,7022139
0,02287176
-0,09558117
-0,1693732
0,02287176
-0,09558117
-0,1693732
-0,0723609
0,1195785
0,19176
-0,04915202
0,07825883
0,1026055
-0,04915202
0,07825883
0,1026055
-0,08491783
0,09535703
0,1300977
-0,0004115701
-0,009792596
0,08127952
-0,0004115701
-0,009792596
0,08127952
0,008109465
0,09675971
0,2579534
-0,01755594
0,05782023
0,1922824
-0,01755594
0,05782023
0,1922824
0,228253
-0,3579967
0,7155716
-0,009533149
0,1001716
0,006808361
-0,02049014
0,01446211
0,02577414
-0,02049014
0,01446211
0,02577414
-0,006468359
0,005431414
0,009896427
0,007434715
0,002172872
0,0008094609
0,007434715
0,002172872
0,0008094609
0,06636507
0,2095155
-0,06540865
-0,01370623
0,08620732
-0,007353723
-0,01370623
0,08620732
-0,007353723
0,00331006
-0,03280081
-0,02733171
0,008785632
0,0004410744
-0,03543496
0,01602345
0,04419126
-0,06972849
0,01602345
0,04419126
-0,06972849
0,03605797
0,3839832
-0,2534464
0,01798877
0,3051758
-0,160192
0,01798877
0,3051758
-0,160192
0,03176779
0,4762799
-0,2514079
-0,01217527
0,3551632
-0,09178221
-0,01217527
0,3551632
-0,09178221
-0,03752508
0,2454113
0,03334433
-0,02876786
0,04879236
0,07288903
-0,02876786
0,04879236
0,07288903
-0,02155295
0,09430647
0,02937466
-0,011724
0,05605444
0,01369119
-0,01213714
0,1358651
-0,0262633
-0,01213714
0,1358651
-0,0262633
0,01278371
0,07427856
-0,09881407
0,07839482
-0,2318896
-0,1671866
0,07839482
-0,2318896
-0,1671866
0,07005399
-0,2852224
-0,1342282
-0,01929537
-0,05997121
0,07809997
-0,01929537
-0,05997121
0,07809997
0,005400367
-0,07642359
0,001594424
0,02624546
-0,001234189
-0,1042336
0,0278601
0,07933415
-0,1465082
-0,003703015
0,02314701
-0,006138012
-0,003703015
-0,173053
-0,006138012
-0,003703015
-0,369253
-0,006138012
-0,003703015
-0,369253
-0,006138012
-0,003703015
-0,565453
-0,006138012
-0,003703015
-0,761653
-0,006138012
-0,003703015
-0,761653
-0,006138012
-0,350358
-0,3477372
-0,3042811
-0,2529473
-0,165557
-0,2726963
-0,2529473
-0,165557
-0,2726963
-0,1563929
0,04892379
-0,1726964
-0,1665816
0,06455253
-0,1371666
-0,1612557
0,0656513
-0,09702954
-0,1612557
0,0656513
-0,09702954
-0,1525996
0,05471233
-0,05830082
-0,1431242
0,04045124
-0,02014729
-0,1431242
0,04045124
-0,02014729
-0,1316471
0,02394608
0,01704704
-0,1174176
0,005802065
0,05490544
-0,1174176
0,005802065
0,05490544
-0,1009902
-0,01214528
0,09064984
-0,08309504
-0,03041011
0,1199186
-0,05490392
-0,03099312
0,1347155
-0,05490392
-0,03099312
0,1347155
-0,01979904
-0,01529722
0,1416521
0,01075853
-0,01736544
0,1454057
0,01075853
-0,01736544
0,1454057
0,04045384
-0,02292356
0,1460449
0,07035132
-0,02755854
0,1439708
0,07035132
-0,02755854
0,1439708
0,09917524
-0,03496274
0,1371347
0,1186681
0,009677678
0,05629724
0,1186681
0,009677678
0,05629724
0,1360712
-0,004845381
0,003088191
0,1448094
-0,03326815
-0,04811297
0,1525955
-0,05740665
-0,09826878
0,1525955
-0,05740665
-0,09826878
0,1588772
-0,05356012
-0,1050626
0,1568145
-0,01484276
-0,1086562
0,1568145
-0,01484276
-0,1086562
0,1557508
0,004504129
-0,1063437
0,1498111
0,01115951
-0,1005419
0,1498111
0,01115951
-0,1005419
0,1414268
0,01690857
-0,09191298
0,1295048
0,02069518
-0,08054022
0,1150555
0,02238145
-0,06692936
0,1150555
0,02238145
-0,06692936
0,09843712
0,02178036
-0,05178313
0,08007864
0,01901928
-0,03513916
0,08007864
0,01901928
-0,03513916
0,06067813
0,01445295
-0,01727691
0,04036765
0,00835216
0,0003877357
0,04036765
0,00835216
0,0003877357
0,01962312
0,001546234
0,01823435
-0,001213526
-0,005471364
0,03579751
-0,001213526
-0,005471364
0,03579751
-0,02180729
-0,01206736
0,05270174
-0,04182614
-0,01765364
0,06856525
-0,06093184
-0,02174023
0,08300117
-0,06093184
-0,02174023
0,08300117
-0,07877112
-0,0239685
0,09561464
0,03677554
0,009820301
-0,04761345
0,03677554
0,009820301
-0,04761345
-0,05928774
0,05232655
0,1791224
-0,08686568
0,1014881
0,2447009
-0,08686568
0,1014881
0,2447009
-0,04332918
0,1762137
0,0621289
0,02240124
0,01077689
-0,08656234
-0,007711351
-0,017149
0,02426207
-0,007711351
-0,017149
0,02426207
-0,124079
0,03699735
0,3556073
-0,02894551
0,02643541
0,09101629
-0,02894551
0,02643541
0,09101629
-0,03263121
0,1780845
0,02177358
-0,05067335
0,1990389
0,07914603
-0,05067335
0,1990389
0,07914603
-0,02528466
0,1028057
0,05757958
0,03371653
-0,02340488
-0,07854849
0,04801569
-0,104427
-0,08681566
0,04801569
-0,104427
-0,08681566
0,2093344
-0,5333729
-0,4076198
0,1254694
-0,1246236
-0,3266379
0,1254694
-0,1246236
-0,3266379
0,2201337
0,4966393
-0,7937595
0,03937376
0,6140717
-0,3384426
0,03937376
0,6140717
-0,3384426
-0,04076357
0,3651869
0,1358554
0,04114052
-0,4094932
0,1152351
0,04114052
-0,4094932
0,1152351
0,02622241
-0,327009
0,2539232
-0,1241632
0,7901125
0,2198577
-0,1672683
0,6454073
0,3672332
-0,1672683
0,6454073
0,3672332
-0,1567998
-0,4710239
0,8626282
-0,05028248
-0,3957365
0,4199967
-0,05028248
-0,3957365
0,4199967
-0,229201
-1,367649
1,333573
-0,07493454
-0,6811407
0,5462602
-0,07493454
-0,6811407
0,5462602
-0,0384252
-0,4701641
0,8781358
-0,05761546
-0,07820851
0,2454995
0,01757662
-0,07218295
0,07634498
0,01757662
-0,07218295
0,07634498
-0,04743855
-0,2776687
0,4611959
-0,02514048
-0,09443879
0,1314116
-0,02514048
-0,09443879
0,1314116
-0,0981921
-0,1601888
0,3609847
-0,1476802
-1,644274
0,9876637
-0,1476802
-1,644274
0,9876637
0,09173511
-0,01377869
-0,06991546
-0,0427575
-0,2338591
0,3034128
-0,0427575
-0,2338591
0,3034128
-0,07734934
-0,1739849
0,1740992
0,02422617
0,346829
-0,10207
0,06346377
0,3342137
-0,2471
0,06346377
0,3342137
-0,2471
0,03046044
0,8395302
-0,2730101
0,003475929
0,02941247
-0,03013164
0,003475929
0,02941247
-0,03013164
-0,06077429
-0,4978573
0,3139853
-0,01492915
-0,3763939
0,1577824
-0,01492915
-0,3763939
0,1577824
-0,1059725
-0,4396036
0,4237503
0,02892213
-0,06325487
-0,03604591
0,09653233
0,08242279
-0,2708644
0,09653233
0,08242279
-0,2708644
0,1670573
0,9497652
-0,6901145
-0,01982083
0,05084053
0,003246963
-0,01982083
0,05084053
0,003246963
-0,1901915
-0,6216145
0,6621644
-0,02446743
-0,5451506
0,2065271
-0,02446743
-0,5451506
0,2065271
-0,07342482
-0,6473278
0,3298312
0,01033074
-0,09304518
0,002372265
0,01033074
-0,09304518
0,002372265
-0,003644731
-0,1109506
0,008642673
-0,1031918
-0,1601136
0,3008366
-0,07243799
-0,3197032
0,2515048
-0,07243799
-0,3197032
0,2515048
-0,258403
-0,6848997
0,7935524
-0,06245431
-0,2849877
0,2318233
-0,06245431
-0,2849877
0,2318233
0,009681098
-0,0003468245
-0,01207888
-0,05672174
0,04211329
0,1472622
-0,05672174
0,04211329
0,1472622
-0,1167845
-0,5217077
0,3896743
-0,01009693
-0,4238231
0,1100153
-0,01684753
-0,1570223
0,09002984
-0,01684753
-0,1570223
0,09002984
-0,001079589
-0,175886
0,05830824
0,00287313
-0,140604
0,02407134
0,00287313
-0,140604
0,02407134
0,008412544
-0,02917871
0,007858872
-0,02451874
-0,1644775
0,106737
-0,02451874
-0,1644775
0,106737
-0,02845488
-0,5987108
0,1968056
-0,008211285
-0,1376167
0,07014871
0,01472142
0,00209026
-0,01523793
0,01472142
0,00209026
-0,01523793
0,1257358
-0,0177864
-0,2633721
-0,005929824
-0,09868592
0,06293356
-0,005929824
-0,09868592
0,06293356
0,04963493
-0,808128
0,01627207
-0,01089741
-0,2772912
0,1157075
-0,01089741
-0,2772912
0,1157075
-0,01842836
-0,6077912
0,2070546
0,02945419
-0,2160877
0,01134276
0,02945419
-0,2160877
0,01134276
0,05643116
-0,2225608
0,01523197
-0,05083242
0,1960859
0,2111346
-0,1071006
0,36668
0,3446937
-0,1071006
0,36668
0,3446937
-0,07170904
-0,8803718
0,3862023
0,2624093
-1,134999
-0,5279928
0,2624093
-1,134999
-0,5279928
0,3626412
-0,04322231
-0,7163107
0,03898405
0,3145181
-0,02698004
0,03898405
0,3145181
-0,02698004
-0,1024102
-0,4654974
0,4220694
0,05157017
-0,05158707
-0,02547503
0,05456749
0,075946
-0,04353523
0,05456749
0,075946
-0,04353523
-0,1161666
0,642521
0,5012274
-0,2243967
0,04413575
0,6706089
-0,2243967
0,04413575
0,6706089
-0,2143335
-0,1663335
0,7660508
-0,01572762
0,1115501
0,1721114
-0,01572762
0,1115501
0,1721114
-0,06009731
0,2044953
0,3748804
0,07135822
0,1717195
-0,04553199
0,07135822
0,1717195
-0,04553199
0,05352423
0,1632556
0,1516581
-0,02460768
0,02937019
0,2156198
-0,02467735
-0,1667276
0,2451271
-0,02467735
-0,1667276
0,2451271
0,1636264
-0,3514484
0,01936555
0,1895141
-0,4844196
-0,2191097
0,1895141
-0,4844196
-0,2191097
0,2124648
-1,124831
0,01072288
0,1329923
-0,2445504
-0,03966689
0,1329923
-0,2445504
-0,03966689
0,09940235
-0,3190525
0,4240602
-0,06220876
-0,5584016
0,5033404
-0,1175501
-0,4896663
0,6420523
-0,1175501
-0,4896663
0,6420523
0,3243149
0,2739184
0,02776086
0,2231345
0,7300302
-0,1344681
0,2231345
0,7300302
-0,1344681
0,4423799
1,357149
-0,2978057
-0,02012202
0,04006699
0,3985405
-0,02012202
0,04006699
0,3985405
0,3164365
0,1372449
-0,07306933
0,08847104
0,5925007
0,1225531
0,08847104
0,5925007
0,1225531
0,410531
1,015655
-0,3042608
0,03637364
0,4409574
0,2632678
0,1040059
0,1691446
0,120759
0,1040059
0,1691446
0,120759
-0,1192279
-0,1567379
-0,4950795
0,1725489
-0,09934475
0,09012901
0,1725489
-0,09934475
0,09012901
-0,06826011
-0,3706817
0,6610898
-0,08756003
0,07307445
0,06778288
-0,08756003
0,07307445
0,06778288
0,137234
-0,255974
-0,09153378
0,1871462
-0,2976177
-0,1857357
-0,07995027
-0,1144791
0,07019174
-0,07995027
-0,1144791
0,07019174
-0,3177712
0,07487047
0,3289911
-0,4688742
-0,1801427
0,6907037
-0,4688742
-0,1801427
0,6907037
-0,3525734
0,3008933
0,3005476
0,4371635
-0,5663288
1,151937
0,4371635
-0,5663288
1,151937
-0,3212901
-0,2400881
0,3384555
-0,1230306
0,04469723
0,1284454
-0,1230306
0,04469723
0,1284454
0,002184033
0,08456609
0,001314282
-0,1124038
0,06955509
0,09281385
-0,3181428
0,1608674
0,3165103
-0,3181428
0,1608674
0,3165103
0,03256397
0,06410256
1,653028
0,09275237
-0,00865832
-0,6153524
0,09275237
-0,00865832
-0,6153524
-0,2058378
0,2575178
0,08673668
-0,1148656
-0,03783032
0,1334816
-0,1148656
-0,03783032
0,1334816
0,06314646
0,4606564
-0,3245205
0,05441103
-0,004725903
-0,1982778
0,07747654
-0,2217058
-0,3176868
0,07747654
-0,2217058
-0,3176868
-0,04051579
-0,3101666
-0,3085732
0,04031546
-0,2453689
-0,3173709
0,04031546
-0,2453689
-0,3173709
-0,2123166
0,3223963
0,090307
-0,08524526
-0,04783683
-0,008165836
-0,08524526
-0,04783683
-0,008165836
-0,2897024
0,4008241
0,2854615
-0,07301257
0,215669
-0,006535649
-0,02879896
-0,07389486
-0,05900264
-0,02879896
-0,07389486
-0,05900264
-0,2304007
0,2648469
-0,0264138
-0,2297606
0,1924329
0,321874
-0,2297606
0,1924329
0,321874
-0,1511563
1,062881
-0,03004074
0,04002187
0,4487734
-0,2415657
0,04002187
0,4487734
-0,2415657
-0,3187813
-0,3074907
0,5247861
-0,08265604
-0,138282
0,1036078
-0,08265604
-0,138282
0,1036078
-0,09320556
0,1006864
0,08930862
-0,02698936
0,221774
-0,0369221
-0,05908124
0,5353529
-0,02602339
-0,05908124
0,5353529
-0,02602339
-0,1514048
0,08791313
0,3203064
0,04793406
-0,114442
-0,07348955
0,04793406
-0,114442
-0,07348955
-0,1145371
0,04748125
0,1547575
-0,1242678
0,2344722
0,2206445
-0,1242678
0,2344722
0,2206445
-0,04917737
0,1891105
0,06119311
-0,1191659
0,2750358
0,2243191
-0,1159288
-0,1990791
0,2773017
-0,1159288
-0,1990791
0,2773017
-0,1262042
-0,2995321
0,2859384
-0,03049253
0,1893118
0,05879402
-0,03049253
0,1893118
0,05879402
-0,07885173
0,8439012
0,1744896
-0,06761365
0,100087
0,1971513
-0,06761365
0,100087
0,1971513
0,1094073
-0,1062669
-0,1457602
-0,06805286
0,07810295
0,1783907
-0,06805286
0,07810295
0,1783907
-0,2573142
0,3054961
0,6574035
-0,03720522
0,3951383
0,1402676
0,07573534
0,562043
-0,1226723
0,07573534
0,562043
-0,1226723
0,1350181
1,090284
-0,2276003
-0,2805009
0,1359712
0,7082462
-0,2805009
0,1359712
0,7082462
-0,3935844
-0,3663739
1,138479
-0,4043145
-0,2074012
1,025459
-0,4043145
-0,2074012
1,025459
closestDistance
0,9500892
0,9452586
0,9454418
0,9415199
0,9384152
0,9358528
0,9335486
0,9299262
0,9267071
0,9255593
0,9225931
0,9196607
0,9172069
0,9134845
0,9107888
0,9093809
0,9093552
0,9095641
0,9098293
0,9098054
0,9077728
0,905905
0,9048637
0,9037921
0,9029427
0,9022804
0,9018626
0,9005142
0,8984529
0,8960541
0,8913727
0,8870384
0,8857154
0,880422
0,8753188
0,8715827
0,8683922
0,8636636
0,8588349
0,8591415
0,8563421
0,8525123
0,8496832
0,8454888
0,8423139
0,8416839
0,8408421
0,8397564
0,8385192
0,8369539
0,8341482
0,8313414
0,8299652
0,8289646
0,8277968
0,8260292
0,8228858
0,8206094
0,819426
0,8184189
0,8145809
0,8093977
0,80782
0,8062472
0,804612
0,8026141
0,7991698
0,7964872
0,7949628
0,7924629
0,7911402
0,7909272
0,7901869
0,7881371
0,7856004
0,783918
0,7812259
0,7794917
0,779888
0,7790558
0,776632
0,772759
0,7686081
0,7621775
0,7550378
0,7520969
0,7470097
0,7408167
0,7348342
0,7305881
0,7272097
0,7241164
0,7205937
0,716822
0,7128241
0,7114864
0,7091038
0,7062378
0,7035029
0,6992143
0,6961786
0,6960459
0,6968122
0,6971284
0,6969566
0,6961288
0,6939541
0,6913139
0,6896605
0,6853257
0,6816363
0,6804289
0,6771011
0,6739133
0,670956
0,6673849
0,6630613
0,658659
0,657173
0,6542832
0,6508331
0,647262
0,6421915
0,6379915
0,6354163
0,6326116
0,631484
0,6316665
0,6305918
0,6272135
0,6232263
0,6204495
0,6155188
0,6106791
0,6065859
0,6040255
0,6034713
0,6045609
0,6053892
0,6022612
0,5962362
0,5907605
0,5829803
0,5769715
0,5762259
0,5763226
0,5750139
0,5716503
0,5657294
0,5620887
0,5603195
0,5595694
0,556269
0,552511
0,5511531
0,5489628
0,5469806
0,5459183
0,5437064
0,5429567
0,5435023
0,5420749
0,5396196
0,5369306
0,5352415
0,5334212
0,5318505
0,5308143
0,5279846
0,5251417
0,5224541
0,5205035
0,5197284
0,5201324
0,5221727
0,5236328
0,5258735
0,5309749
0,5365117
0,5402262
0,5409175
0,5392705
0,5372217
0,5350985
0,5374074
0,5383161
0,538294
0,5376659
0,5375146
0,5375128
0,5375023
0,5376989
0,5376495
0,5372803
0,5365502
0,5365771
0,5372088
0,538063
0,5377154
0,5368248
0,5356557
0,5352556
0,5344369
0,5327229
0,5324026
0,5325958
0,5330628
0,5321518
0,5296063
0,5273371
0,5286537
0,5318322
0,5345325
0,5353939
0,5364738
0,5366748
0,535904
0,5363256
0,5331683
0,5280888
0,5249891
0,5204017
0,5164954
0,515026
0,5097208
0,505428
0,5029677
0,4993912
0,4949506
0,4900466
0,4864119
0,483757
0,4822932
0,4833912
0,4841092
0,4839765
0,482505
0,4777959
0,4749883
0,4746084
0,4753273
0,4771321
0,4788668
0,477888
0,4781619
0,4785681
0,478227
0,4779373
0,4780643
0,4787119
0,4780346
0,4767385
0,4752597
0,4748396
0,472701
0,470153
0,4686889
0,4676813
0,4668739
0,4661114
0,4653649
0,4642023
0,462585
0,4610941
0,459263
0,4574047
0,4561161
0,4512699
0,4461344
0,4425139
0,4385026
0,4357347
0,4341325
0,4328539
0,4293519
0,4248979
0,4227774
0,4194868
0,4161294
0,4136094
0,4088871
0,4050048
0,403325
0,4017692
0,4005739
0,3996676
0,399514
0,3996237
0,3995002
0,3982157
0,3958624
0,3943165
0,3942129
0,3927206
0,3884954
0,3813307
0,371425
0,3688443
0,3714152
0,375391
0,3744645
0,3717012
0,3683825
0,3675499
0,3674695
0,367763
0,3673851
0,3670783
0,3666997
0,3655116
0,3626262
0,3597486
0,3587714
0,3559797
0,3540539
0,3513541
0,3480427
0,3474791
0,3492073
0,3483398
0,3444818
0,3396861
0,338953
0,3356512
0,3324656
0,3313973
0,325891
0,3248044
0,3299339
0,3210256
0,3187115
0,3205833
0,3190034
0,3220655
0,323449
0,3152569
0,3156383
0,317345
0,3182774
0,3198616
0,3196104
0,318066
0,3201223
0,3185425
0,3168238
0,3230436
0,3208747
0,3184078
0,3202623
0,3156517
0,312535
0,3112816
0,3005573
0,2698858
0,2348984
0,2429079
0,2468015
0,2475276
0,2444824
0,2450774
0,2484513
0,2545525
0,2621612
0,2678218
0,2719607
0,2763949
0,2777081
0,2771539
0,2755415
0,2736218
0,2720166
0,2711134
0,2663364
0,2619646
0,2585426
0,255732
0,2511027
0,2461211
0,2461211
0,2458825
0,2456552
0,2456552
0,2456552
0,2456552
0,2456552
0,2456552
0,2456552
0,2456552
0,2456552
0,2456552
0,2456552
0,2456552
0,1936661
0,1797732
0,1854763
0,1963216
0,2025355
0,2027568
0,2027568
0,2027568
0,2027568
0,2027568
0,2027568
0,2027568
0,2027568
0,2027568
0,2027568
0,2027568
0,2027568
0,2027568
0,2027568
0,2027568
0,2027568
0,2027569
0,2027568
0,208555
0,2188469
0,217087
0,2097258
0,2033873
0,1984805
0,1954966
0,1942504
0,1938968
0,1917325
0,1849396
0,1788458
0,1770612
0,1802154
0,1826713
0,1838502
0,1808907
0,1674654
0,1482508
0,1378486
0,1285389
0,1214909
0,1203834
0,1199449
0,1189936
0,1172269
0,1171209
0,1170739
0,1170064
0,1172838
0,1169962
0,1166559
0,1160242
0,1187124
0,1209
0,1207147
0,1144344
0,1075944
0,1004192
0,09861501
0,09664066
0,09513324
0,0949522
0,09628522
0,09778894
0,09819061
0,0978528
0,09670703
0,09473079
0,0952645
0,09538885
0,09514293
0,09519807
0,09510444
0,09331586
0,08632433
0,08882937
0,09633109
0,108502
0,1247175
0,1360364
0,1404223
0,1433549
0,1511517
0,160621
0,166184
0,1716742
0,1762985
0,1794686
0,1798503
0,1783627
0,1756798
0,1707017
0,1672612
0,1646995
0,1607341
0,1534879
0,1454754
0,1394025
0,1278856
0,1183835
0,1140355
0,1047462
0,09808329
0,09409533
0,0911466
0,08751976
0,08445124
0,08400585
0,08315392
0,08264868
0,08301163
0,08406844
0,08482198
0,08505563
0,08729723
0,08909807
0,09054037
0,09152485
0,09044551
0,08883487
0,08821581
0,08627164
0,0849191
0,08493739
0,08231393
0,08118201
0,08144085
0,08144642
0,07966551
0,07752986
0,07678106
0,07514212
0,07395553
0,07391164
0,07164816
0,07097778
0,07203678
0,07162719
0,07081153
0,069911
0,0702418
0,06916307
0,06782955
0,0672846
0,0664365
0,0662902
0,0661087
0,06517833
0,06455723
0,06421423
0,06385435
0,06388149
0,06406739
0,06381953
0,06520465
0,06753154
0,06999168
0,07211966
0,07398296
0,07505547
0,07607422
0,07735088
0,07889353
0,08044454
0,08351418
0,08614627
0,08623875
0,083917
0,08241236
0,08238129
0,09200493
0,09919477
0,1037603
0,1066264
0,1054982
0,1025158
0,0998594
0,09996672
0,1018038
0,1057383
0,1143423
0,1192868
0,1201067
0,1188733
0,1167075
0,1145675
0,1156453
0,1197828
0,1246863
0,1284072
0,1281379
0,1271926
0,1261606
0,1252785
0,1253799
0,1265866
0,1301985
0,1340364
0,136721
0,1353969
0,1336075
0,1319979
0,1309792
0,1342465
0,1369499
0,1388294
0,1390404
0,135926
0,1311534
0,1281453
0,1264437
0,1256321
0,1257157
0,1296288
0,1319692
0,1316267
0,1298627
0,1291816
0,1294373
0,1302663
0,1342038
0,1383978
0,1399525
0,1390648
0,138028
0,137547
0,1365678
0,1368138
0,1387875
0,1465444
0,1591151
0,1710962
0,1714742
0,1651518
0,1579686
0,1540439
0,1539873
0,1566338
0,1617205
0,1652745
0,1650002
0,1625679
0,1622121
0,1637308
0,1677527
0,1758358
0,1895461
0,1995474
0,2045173
0,2039366
0,2041513
0,2053622
0,2096178
0,2211316
0,2354173
0,242311
0,248395
0,2526028
0,2531812
0,2583016
0,2660289
0,2761102
0,2833976
0,2885835
0,2921652
0,2942954
0,297037
0,298815
0,2978399
0,2915824
0,2882764
0,2899548
0,2872686
0,2787235
0,2659225
0,2581833
0,2410296
0,2233685
0,2168926
0,2187376
0,2213124
0,2216287
0,2162753
0,2138429
0,2150057
0,2161513
0,2184056
0,2203684
0,2183772
0,2218559
0,225302
0,2251965
0,2308501
0,2340805
0,2333468
0,2359242
0,2372614
0,2376251
0,2389514
0,2410335
0,2429235
0,2433842
0,2434827
0,2435143
0,2435542
0,2435105
0,2435747
0,2437546
0,243801
0,2436543
0,2425487
0,2387876
0,241068
0,2439395
0,24435
0,2479363
0,2521617
0,257874
0,2590202
0,2661696
0,277201
0,2861986
0,2880445
0,2864152
0,283749
0,2834081
0,2835332
0,2835415
0,288298
0,2905431
0,2903706
0,2890673
0,2877417
0,287018
0,2887024
0,2939741
0,298352
0,2984177
0,3005775
0,3030168
0,3054444
0,3083387
0,313886
0,3200718
0,3200718
0,3200718
0,3200718
0,3200718
0,3200718
0,3200718
0,3200718
0,3200718
0,3200718
0,3200718
0,3200718
0,3200718
0,3200718
0,3200718
0,3200718
0,3200718
0,3200718
0,3200718
0,3200718
0,3200718
0,3200718
0,3200718
0,3200718
0,3200718
0,3200718
0,3200718
0,3200718
0,3200718
0,3200718
0,3200718
0,3200718
0,3200718
0,3200718
0,3200718
0,3200718
0,3200718
0,3200718
0,3200718
0,3200718
0,3200718
0,3113025
0,3265472
0,3265174
0,3263336
0,3284465
0,330983
0,3306837
0,3249808
0,3197998
0,3184493
0,3133866
0,3097903
0,3086212
0,3060328
0,3026735
0,2993465
0,2986865
0,2968036
0,2958303
0,299107
0,3065304
0,3129795
0,3162448
0,3201168
0,3243362
0,3287622
0,3322592
0,338402
0,3453597
0,3493401
0,3523743
0,3549835
0,3574965
0,3603238
0,3616906
0,361405
0,3637423
0,3675288
0,372296
0,3753822
0,3784763
0,380245
0,3784596
0,3795793
0,3811635
0,3824481
0,3851212
0,3855445
0,3839995
0,3822509
0,3842814
0,3883756
0,39324
0,3993371
0,4045309
0,4060336
0,4041871
0,4030118
0,4027914
0,4044626
0,4061811
0,4077034
0,4081151
0,4076629
0,4073296
0,408167
0,4077444
0,4071299
0,406535
0,4066073
0,4075888
0,4090782
0,4084431
0,4072963
0,4060388
0,405571
0,4043702
0,404084
0,4062187
0,4039844
0,4028365
0,4033411
0,4028219
0,4022903
0,4017727
0,4015048
0,4019105
0,4025921
0,4032722
0,403865
0,4040504
0,4036932
0,3996112
0,3997111
0,4028405
0,4013934
0,4002963
0,3995312
0,3993087
0,3988199
0,398143
0,3972495
0,4004675
0,4015741
0,3999691
0,3995632
0,3992242
0,3990354
0,3993473
0,4004419
0,4019583
0,4038907
0,4069189
0,4126241
0,4218391
0,4191098
0,4195518
0,4222495
0,4235085
0,4252779
0,4269838
0,4280827
0,4314224
0,4349831
0,4378591
0,446258
0,4503406
0,4498923
0,4500944
0,4502304
0,4503143
0,4503227
0,4500615
0,4498727
0,4500168
0,4496273
0,4491443
0,4486596
0,4478454
0,4460982
0,4439996
0,4427797
0,4411716
0,4399488
0,440034
0,4412305
0,442523
0,4436889
0,4444597
0,4450529
0,4454373
0,4456294
0,4450586
0,443588
0,440436
0,4374631
0,4357637
0,4365746
0,4363964
0,4355846
0,4341874
0,4325299
0,4314238
0,4305959
0,4290985
0,4272441
0,4250974
0,4226854
0,4216911
0,4194841
0,4152635
0,4130179
0,4110731
0,4095414
0,4085177
0,4078738
0,4075435
0,4076051
0,4080427
0,4087366
0,4097306
0,4111222
0,4126595
0,414413
0,4162538
0,4181922
0,4201888
0,4221531
0,4240927
0,4259444
0,427738
0,4294191
0,4306824
0,4314557
0,4314239
0,4309554
0,4300561
0,4284404
0,4268304
0,4252238
0,423623
0,4221309
0,4207015
0,4193343
0,4180582
0,4169144
0,4158309
0,4149892
0,4142693
0,4136798
0,4132833
0,4130638
0,412988
0,4130762
0,4133782
0,4138141
0,4143808
0,4151748
0,4161018
0,4171083
0,4183408
0,4196795
0,4204946
0,4198387
0,4217609
0,4247303
0,4283141
0,4297426
0,4298174
0,4287562
0,429041
0,4322992
0,4364649
0,4377788
0,4386873
0,4397596
0,4414182
0,4425085
0,4425218
0,4413938
0,4398887
0,4352866
0,4285472
0,4237578
0,4153781
0,4077449
0,404883
0,4067725
0,4085552
0,4086283
0,4105841
0,4141766
0,4197938
0,4266348
0,4353094
0,4439244
0,4482544
0,4602855
0,4724089
0,4786145
0,4800973
0,4823586
0,4858907
0,4867438
0,4906948
0,4958161
0,4976617
0,501863
0,5056619
0,5061908
0,5051475
0,5058801
0,5095849
0,5112766
0,5113056
0,5097172
0,5062485
0,5027162
0,5001906
0,4996901
0,5025267
0,5056442
0,5074853
0,512937
0,5154788
0,5147083
0,5108556
0,503692
0,4959126
0,4958789
0,5021314
0,5091495
0,5118794
0,5160649
0,5187205
0,5187243
0,518755
0,5210823
0,5252798
0,528958
0,5386578
0,5474874
0,5509859
0,5514494
0,5520102
0,5540894
0,5597338
0,5637627
0,5657941
0,5672677
0,5684693
0,5694281
0,5699682
0,5702243
0,5708858
0,5726206
0,5761527
0,5789348
0,5801873
0,5799846
0,5778633
0,5748569
0,5760217
0,5778281
0,580071
0,5824109
0,5866608
0,5898871
0,5907768
0,591863
0,59359
0,5962122
0,6000578
0,6064573
0,6120417
0,6084096
0,6004864
0,5936303
0,5922287
0,5986559
0,6026071
0,6024354
0,6015929
0,6039675
0,6093984
0,6184391
0,6289132
0,637243
0,6392691
0,6433911
0,6455744
0,6444756
0,6458859
0,6481138
0,6510643
0,6547892
0,6568676
0,6573578
0,6557072
0,6580576
0,6606771
0,6609321
0,6670206
0,6746927
0,6832162
0,6934984
0,6973512
0,6959926
0,6914037
0,683869
0,6795328
0,6847895
0,6844415
0,6836184
0,6836433
0,6771419
0,6756863
0,6781729
0,6795405
0,6755326
0,6706976
0,6723318
0,6797367
0,6853719
0,6852674
0,6850762
0,6843371
0,6831431
0,6836645
0,6857212
0,6906025
0,7036418
0,707197
0,7136795
0,7320302
0,737469
0,7400612
0,7412952
0,7410247
0,7413452
0,7424479
0,745876
0,7626446
0,778315
0,7700633
0,76885
0,7698393
0,7717226
0,766555
0,7627336
0,7600467
0,7562153
0,7524365
0,7487274
0,7450625
0,7443845
0,7446151
0,7445818
0,747184
0,7485672
0,7480333
0,7473714
0,7465146
0,7462541
0,7502512
0,7499322
0,7472347
0,7434686
0,7491812
0,7543967
0,7560219
0,7571497
0,7572572
0,7564371
0,7554307
0,7578423
0,7611767
0,7602667
0,7616549
0,7639753
0,7669483
0,7677702
0,7694916
0,7724231
0,7764726
0,7807044
0,7844603
0,7851178
0,7866086
0,7887872
0,7915209
0,7902435
0,7901164
0,7926673
0,8015506
0,806771
0,8082725
0,8064094
0,8037612
0,8036668
0,813508
0,8285151
0,8438808
0,8586707
timeStamps
3,971924
3,986254
3,999896
4,014063
4,027853
4,041867
4,055706
4,069972
4,083833
4,097497
4,111614
4,125543
4,139611
4,153144
4,16717
4,181956
4,195053
4,20897
4,223175
4,23663
4,251326
4,264409
4,278526
4,293076
4,306976
4,320947
4,334635
4,348461
4,362602
4,376473
4,390158
4,404095
4,417957
4,432036
4,446361
4,460086
4,473881
4,488089
4,501972
4,515724
4,529479
4,543087
4,557163
4,571002
4,585258
4,599472
4,61312
4,62751
4,64119
4,654867
4,669284
4,682542
4,696733
4,710409
4,724368
4,738675
4,752779
4,766786
4,780313
4,794541
4,808254
4,822326
4,835654
4,849739
4,863723
4,877999
4,892057
4,905644
4,919834
4,933365
4,947644
4,961233
4,975388
4,989058
5,002979
5,017087
5,03108
5,044885
5,058969
5,072877
5,087103
5,101104
5,114675
5,128396
5,142446
5,156163
5,170028
5,184357
5,197796
5,212078
5,225705
5,240024
5,254138
5,267522
5,28158
5,295496
5,309728
5,324059
5,337605
5,351171
5,365245
5,379333
5,393269
5,407688
5,420839
5,434891
5,449019
5,462956
5,476551
5,490824
5,504335
5,51841
5,532594
5,546286
5,560365
5,574418
5,588177
5,602134
5,615887
5,629927
5,643858
5,658042
5,671841
5,685756
5,699938
5,713564
5,727684
5,741697
5,755223
5,769455
5,783321
5,797637
5,81151
5,825273
5,839211
5,853473
5,867181
5,880983
5,8945
5,90805
5,922242
5,936057
5,950321
5,964092
5,978166
5,992246
6,00597
6,019982
6,03384
6,047546
6,061756
6,07555
6,089394
6,103343
6,117504
6,131204
6,145621
6,158884
6,173169
6,187139
6,200825
6,21453
6,228868
6,242641
6,256436
6,27052
6,284354
6,298349
6,312408
6,326152
6,340116
6,353961
6,368058
6,38197
6,395778
6,409713
6,423717
6,437724
6,451558
6,465542
6,480088
6,493524
6,507048
6,521112
6,535122
6,549014
6,563207
6,576891
6,590697
6,604752
6,618683
6,632322
6,646638
6,660402
6,674265
6,688156
6,702456
6,716059
6,730172
6,743834
6,757725
6,771768
6,785595
6,799728
6,813427
6,827306
6,841671
6,855442
6,869293
6,883283
6,897427
6,911036
6,924863
6,939191
6,952827
6,966631
6,980925
6,995009
7,008399
7,022376
7,036595
7,050561
7,064479
7,078338
7,092416
7,106445
7,120079
7,13441
7,148117
7,161809
7,175605
7,18929
7,203236
7,217034
7,230943
7,245063
7,258984
7,272727
7,287063
7,300829
7,315226
7,32902
7,342598
7,357028
7,370433
7,384378
7,398038
7,412209
7,425982
7,440049
7,45402
7,468194
7,481586
7,495517
7,509581
7,523529
7,537532
7,551692
7,5653
7,579239
7,59341
7,607045
7,621016
7,635081
7,649107
7,663339
7,676892
7,690763
7,704736
7,718567
7,732528
7,746664
7,760275
7,774642
7,788472
7,802249
7,816484
7,829925
7,843785
7,858263
7,871576
7,885558
7,899539
7,913849
7,927496
7,941675
7,955435
7,969352
7,983296
7,997119
8,01094
8,025128
8,038729
8,052648
8,066762
8,080805
8,094518
8,108678
8,122326
8,136242
8,150489
8,164239
8,177875
8,192317
8,205786
8,219795
8,233824
8,247687
8,261656
8,275856
8,289639
8,303779
8,317419
8,331158
8,345334
8,358976
8,373431
8,386848
8,40092
8,414835
8,428633
8,442795
8,456787
8,470428
8,484193
8,498223
8,512153
8,526204
8,540318
8,55408
8,567966
8,581882
8,595739
8,609939
8,623805
8,637589
8,651454
8,665404
8,679341
8,693446
8,707345
8,721065
8,735231
8,7488
8,762707
8,776937
8,790618
8,804588
8,818653
8,832507
8,846382
8,860632
8,874294
8,888248
8,902068
8,916086
8,930144
8,944095
8,957732
8,971685
8,985631
8,999537
9,013556
9,027492
9,041449
9,055418
9,068971
9,082976
9,096875
9,11092
9,124928
9,139191
9,1526
9,166553
9,180729
9,194544
9,208262
9,222428
9,236593
9,250242
9,264185
9,277954
9,291939
9,305905
9,320205
9,333556
9,347558
9,361499
9,375351
9,38953
9,403199
9,417527
9,431423
9,445009
9,458952
9,472791
9,48681
9,500798
9,514616
9,5287
9,542619
9,556531
9,570739
9,584156
9,598136
9,612296
9,625933
9,639862
9,654203
9,667815
9,68187
9,695701
9,709462
9,723392
9,737672
9,751156
9,765395
9,77909
9,793028
9,807032
9,821324
9,834826
9,848783
9,862664
9,876762
9,890603
9,904568
9,918595
9,932733
9,946342
9,960338
9,974133
9,988065
10,00197
10,01612
10,02967
10,04354
10,05776
10,07142
10,08557
10,09947
10,11321
10,12727
10,14123
10,15517
10,16901
10,18302
10,19679
10,21107
10,2247
10,23855
10,25273
10,26645
10,2802
10,29426
10,30896
10,32245
10,33664
10,35031
10,36418
10,37804
10,39183
10,40583
10,41987
10,43363
10,44746
10,46144
10,47543
10,48946
10,50321
10,51736
10,53099
10,54479
10,55899
10,57271
10,58698
10,60091
10,61464
10,6288
10,64247
10,65639
10,67045
10,68404
10,69828
10,71199
10,72643
10,73998
10,754
10,76765
10,78175
10,79555
10,80962
10,82353
10,83713
10,85121
10,86497
10,87933
10,8932
10,9071
10,921
10,93485
10,94892
10,96255
10,97651
10,99062
11,00437
11,01871
11,03226
11,0462
11,06002
11,07425
11,08805
11,10174
11,11544
11,12965
11,14353
11,1577
11,17141
11,18503
11,19917
11,21324
11,22703
11,24089
11,25477
11,26911
11,28295
11,29653
11,31073
11,32453
11,33858
11,3529
11,36609
11,38007
11,39423
11,40812
11,42233
11,43588
11,44994
11,46388
11,47765
11,49167
11,50567
11,5196
11,53357
11,5473
11,56106
11,57528
11,589
11,60288
11,61699
11,63087
11,64475
11,65879
11,67252
11,68687
11,70088
11,71433
11,72835
11,74228
11,756
11,77002
11,78412
11,79797
11,812
11,82575
11,83976
11,85359
11,86749
11,88162
11,89542
11,90935
11,92335
11,93781
11,95142
11,96508
11,97895
11,99329
12,00699
12,02065
12,0346
12,04836
12,06228
12,07648
12,09047
12,10449
12,11808
12,13232
12,14605
12,15998
12,17379
12,18774
12,20162
12,21548
12,22935
12,24358
12,25734
12,27131
12,28581
12,29947
12,31361
12,32768
12,34111
12,35531
12,36872
12,38298
12,39649
12,41049
12,42431
12,43829
12,4523
12,46631
12,48037
12,49401
12,50802
12,52194
12,53583
12,54986
12,56355
12,57746
12,59149
12,60552
12,61988
12,63335
12,64746
12,66135
12,67502
12,68904
12,7028
12,71663
12,73043
12,74467
12,75872
12,77262
12,78669
12,80068
12,81446
12,82832
12,84187
12,85616
12,87003
12,88412
12,89789
12,91225
12,92577
12,93984
12,95362
12,96744
12,98127
12,99534
13,00886
13,0232
13,03718
13,05091
13,06472
13,07874
13,09304
13,10679
13,12049
13,13443
13,14842
13,16255
13,17632
13,19034
13,20413
13,21822
13,23201
13,24619
13,26003
13,2734
13,28747
13,30165
13,31533
13,32945
13,34379
13,35757
13,37136
13,38508
13,39909
13,41284
13,42681
13,44081
13,45463
13,46871
13,48272
13,49669
13,51064
13,52425
13,53824
13,5523
13,56601
13,58014
13,59365
13,60775
13,6218
13,63601
13,64987
13,664
13,67773
13,69158
13,70518
13,71886
13,73301
13,74672
13,76099
13,77503
13,78895
13,80327
13,81691
13,83068
13,8445
13,85837
13,87242
13,88614
13,9001
13,91436
13,92832
13,94233
13,95596
13,96998
13,98416
13,99745
14,01166
14,02577
14,03923
14,05353
14,06726
14,08131
14,09536
14,10903
14,12299
14,13704
14,15061
14,16478
14,17888
14,19259
14,20668
14,22044
14,23466
14,24847
14,26252
14,27615
14,29016
14,30414
14,31801
14,33201
14,34546
14,35947
14,37326
14,38717
14,40156
14,41532
14,42946
14,44328
14,45709
14,47102
14,48501
14,49869
14,51271
14,52666
14,54043
14,5549
14,56852
14,5825
14,59639
14,61042
14,62415
14,63804
14,65211
14,66597
14,67974
14,6937
14,70769
14,72162
14,73552
14,74967
14,76345
14,77734
14,7912
14,80499
14,81912
14,83291
14,84687
14,86094
14,87489
14,889
14,90266
14,91674
14,93062
14,94425
14,95833
14,97219
14,98594
15,00022
15,01411
15,02803
15,04193
15,0559
15,06979
15,08361
15,09748
15,11135
15,12515
15,13927
15,1532
15,1672
15,18122
15,19509
15,20887
15,22281
15,23665
15,25069
15,26445
15,27838
15,29258
15,30668
15,32037
15,33416
15,34792
15,36198
15,37587
15,38997
15,40343
15,41758
15,43146
15,44554
15,45963
15,47349
15,4877
15,50138
15,51523
15,52905
15,5427
15,55689
15,57055
15,58479
15,59881
15,61309
15,62671
15,64038
15,65432
15,6683
15,68201
15,69602
15,70975
15,72428
15,73786
15,75199
15,76582
15,77999
15,79381
15,80759
15,82137
15,83511
15,84891
15,86323
15,87683
15,89062
15,90446
15,91853
15,93264
15,94709
15,9602
15,97447
15,98818
16,00213
16,01627
16,03003
16,0441
16,05776
16,07187
16,08572
16,09987
16,11359
16,12762
16,14148
16,15539
16,16929
16,18338
16,19751
16,21108
16,22489
16,23878
16,25271
16,2666
16,28055
16,29498
16,30879
16,32279
16,33663
16,35065
16,36443
16,37816
16,39203
16,40591
16,42033
16,43401
16,44785
16,46177
16,47569
16,48988
16,50368
16,51757
16,53111
16,54512
16,55929
16,57316
16,58715
16,60108
16,61523
16,62901
16,64261
16,65666
16,67045
16,68419
16,69857
16,71224
16,72658
16,74036
16,7541
16,7683
16,78199
16,79611
16,80994
16,8235
16,83745
16,8518
16,86558
16,87951
16,89324
16,90755
16,9215
16,93492
16,94884
16,96288
16,97669
16,99055
17,00477
17,01876
17,03259
17,04661
17,06042
17,07439
17,08815
17,10179
17,11613
17,12984
17,14392
17,15818
17,17184
17,1857
17,19966
17,21349
17,22775
17,24126
17,2553
17,26931
17,28323
17,29719
17,31088
17,3247
17,33858
17,35266
17,36639
17,38055
17,39414
17,40812
17,42228
17,43627
17,45038
17,46416
17,47798
17,49203
17,50579
17,51969
17,53381
17,54749
17,56138
17,57573
17,58953
17,60327
17,61742
17,63118
17,64489
17,65869
17,67285
17,68665
17,7011
17,71473
17,72864
17,74247
17,75628
17,77038
17,78442
17,79809
17,81214
17,82607
17,83993
17,85382
17,8679
17,88148
17,89573
17,90982
17,9239
17,93726
17,95119
17,96525
17,9792
17,99317
18,00684
18,02107
18,03498
18,04892
18,06256
18,07656
18,0906
18,1047
18,11889
18,13269
18,14656
18,16018
18,17415
18,18779
18,20171
18,21559
18,22989
18,24348
18,25789
18,2713
18,28533
18,29945
18,31328
18,32701
18,34139
18,35501
18,36893
18,38285
18,39688
18,41079
18,4249
18,43862
18,45266
18,46664
18,48051
18,49416
18,5085
18,52187
18,53627
18,55009
18,56431
18,57789
18,59217
18,60554
18,61947
18,63336
18,64727
18,66121
18,67539
18,68973
18,70323
18,71705
18,731
18,74502
18,75873
18,77305
18,78664
18,80063
18,81445
18,82826
18,84231
18,85655
18,87007
18,88404
18,8983
18,91196
18,92596
18,93969
18,95388
18,9676
18,9816
18,99564
19,01038
19,02332
19,03739
19,05103
19,06496
19,0794
19,09301
19,10692
19,12074
19,13473
19,14865
19,16279
19,17666
19,19039
19,20432
19,21803
19,23202
19,24618
19,26012
19,27385
19,28784
19,30173
19,3159
19,32976
19,34355
19,35742
19,37143
19,38524
19,39925
19,41347
19,42698
19,4412
19,45509
19,4689
19,48282
19,49711
19,51062
19,52463
19,53833
19,55244
19,56672
19,5806
19,5945
19,60825
19,62225
19,63622
19,65016
19,66385
19,67793
19,69183
19,70573
19,71919
19,73312
19,74708
19,76115
19,77492
19,78902
19,80313
19,81702
19,83062
19,84459
19,85888
19,87269
19,8867
19,90028
19,91415
19,92808
19,94202
19,95626
19,97028
19,98381
19,99787
20,01167
20,02582
20,03968
20,05372
20,06758
20,0813
20,09546
20,10917
20,12312
20,13731
20,15112
20,16498
20,17861
20,19261
20,20678
20,22079
20,23467
20,24843
20,26252
20,2768
20,29021
20,30439
20,31816
20,3319
20,34606
20,35983
20,37415
20,38781
20,40172
20,41585
20,4294
20,44352
20,45733
20,47132
20,48514
20,49921
20,51363
20,52716
20,54081
20,55466
20,5688
20,58293
20,59653
20,61064
20,62435
20,6382
20,65238
20,66642
20,6803
20,69412
20,70825
20,72188
20,73571
20,74969
20,76418
20,77755
20,79167
20,80544
20,81948
20,83344
20,84727
20,86131
20,87513
20,8888
20,90263
20,91671
20,93064
20,94447
20,959
20,97239
20,9864
21,00025
21,01417
21,0282
21,0422
21,05598
21,07
21,08405
21,09802
21,11201
21,12551
21,13985
21,1535
21,1672
21,18147
21,19559
21,209
21,22319
21,23686
21,25105
21,26481
21,27895
