participantNumber
3
repetitionNum
1
sdfEnabled
0
taskTime
19,88134
numHits
34
positionDifference
0,1048357
angleDifference
106,2087
finalPosX
-0,0606755
finalPosY
-0,02393745
finalPosZ
0,9144002
finalRotX
293,2028
finalRotY
238,6766
finalRotZ
134,7102
taskType
easyWire
velocityMagnitude
0,591024
0,1780156
0,1780156
0,6951841
0,2970177
0,2970177
0,7022886
0,7479327
0,7479327
1,43723
0,7546445
0,9322911
0,9322911
1,754336
0,7096789
0,7096789
0,915925
0,5807278
0,5807278
1,252807
0,4896524
0,4231317
0,4231317
0,5230302
0,3307434
0,3307434
0,5797714
0,3032652
0,3032652
0,6814486
0,4140565
0,3412595
0,3412595
0,512835
0,2826387
0,2826387
0,4158521
0,2088456
0,2088456
0,06580528
0,1840251
0,1840251
0,3369385
0,05103454
0,1560163
0,1560163
0,07150485
0,06058032
0,06058032
0,1752368
0,09461036
0,09461036
0,2835055
0,2411253
0,1525968
0,1525968
0,2485325
0,08114109
0,08114109
0,2830832
0,225854
0,225854
0,245437
0,06187955
0,06187955
0,1362955
0,06002285
0,04438202
0,04438202
0,03094191
0,003581137
0,003581137
0,07429399
0,05351626
0,05351626
0,03866494
0,02897578
0,01599685
0,01599685
0,1260164
0,02020753
0,02020753
0,05722425
0,04114607
0,04114607
0,09814978
0,02018316
0,01389877
0,01389877
0,1105878
0,03791667
0,03791667
0,05575613
0,03063794
0,03063794
0,08678004
0,01277615
0,01277615
0,01442654
0,02041978
0,02095499
0,02095499
0,1053054
0,01424798
0,01424798
0,08932046
0,02546939
0,02546939
0,09680198
0,05891385
0,02807965
0,02807965
0,02366582
0,04107498
0,04107498
0,01893359
0,03628541
0,03628541
0,03169898
0,0191684
0,0191684
0,06453158
0,0396521
0,0580215
0,0580215
0,07822646
0,02252898
0,02252898
0,06832561
0,03819045
0,03819045
0,1219447
0,01833674
0,05581657
0,05581657
0,1032588
0,06848958
0,06848958
0,2160114
0,05862446
0,05862446
0,2035866
0,04740761
0,04740761
0,2574356
0,1101063
0,1033567
0,1033567
0,1601256
0,06938785
0,06938785
0,3480455
0,1395789
0,1395789
0,3134751
0,1497207
0,2296899
0,2296899
0,2761713
0,1395456
0,1395456
0,368001
0,169202
0,169202
0,3272289
0,142194
0,1118143
0,1118143
0,2770886
0,0849197
0,0849197
0,2724968
0,102438
0,102438
0,2968179
0,1846708
0,1846708
0,2535006
0,1428758
0,124054
0,124054
0,1637213
0,1384498
0,1384498
0,2226358
0,08064913
0,08064913
0,20549
0,07182883
0,06107392
0,06107392
0,2069712
0,04815485
0,04815485
0,1634768
0,001620585
0,001620585
0,1305658
0,1748236
0,1748236
0,149003
0,08652605
0,08760396
0,08760396
0,137024
0,1877424
0,1877424
0,2330321
0,1078777
0,1078777
0,1294864
0,05066066
0,0717616
0,0717616
0,01155446
0,07608382
0,07608382
0,128575
6,468428
6,468428
0,6834564
0,5378492
6,78429
6,78429
0,8644723
0,1981871
0,1981871
0,5456643
0,7375437
0,7375437
0,3879824
0,1134855
0,1134855
0,4481936
0,3194401
0,2834696
0,2834696
0,5706996
0,1941767
0,1941767
0,1882033
0,1422663
0,1422663
0,6356145
0,1653459
0,2001897
0,2001897
0,429989
0,3491974
0,3491974
0,5531214
0,2061214
0,2061214
0,4079475
0,1660943
0,1660943
0,4009115
0,3071723
0,2176016
0,2176016
0,655813
0,1541856
0,1541856
0,2082343
0,02854202
0,02854202
0,08975232
0,09886357
0,05112464
0,05112464
0,1041828
0,01462088
0,01462088
0,1743752
0,06782192
0,06782192
0,08642364
0,08248068
0,08248068
0,4594711
1,077006
0,3837245
0,3837245
1,109438
0,1244765
0,1244765
0,2679068
0,1055653
0,1055653
0,7427875
0,366937
0,3678257
0,3678257
0,2945924
0,1652396
0,1652396
0,2898173
0,0592316
0,0592316
0,3342184
1,32683
1,32683
1,596294
1,689622
1,855688
1,855688
2,257416
1,651692
1,651692
3,041518
2,611114
2,611114
3,430756
2,828054
2,871784
2,871784
1,795637
4,710095
4,710095
3,833576
2,190095
2,190095
2,320563
3,695792
3,876435
3,876435
4,396241
4,50609
4,50609
4,469897
4,681694
4,681694
4,596508
4,552471
4,552471
4,432523
4,311635
4,290504
4,290504
4,463497
4,696234
4,696234
5,297664
5,564037
5,564037
5,853301
6,130877
6,423807
6,423807
6,8701
7,046563
7,046563
7,251142
7,315907
7,315907
7,57399
7,723781
7,723781
8,256559
8,690635
8,838058
8,838058
9,038324
9,050221
9,050221
0,2208861
0,1068104
0,1068104
0,1328557
0,1902762
0,2537323
0,2537323
0,6062171
0,1696258
0,1696258
0,1743581
0,03716192
0,03716192
0,2709295
0,1039879
0,1039879
0,105561
0,02499585
0,01983059
0,01983059
0,07563955
0,129755
0,129755
0,412944
0,2269703
0,2269703
0,8061208
0,2978464
0,3243391
0,3243391
0,486181
0,2329686
0,2329686
0,4090922
0,03815145
0,03815145
0,3160798
0,1057248
0,1057248
0,1373292
0,1481753
0,08390918
0,08390918
0,02294681
0,1800544
0,1800544
0,3975303
0,02717068
0,02717068
0,4134841
0,06973877
0,006389122
0,006389122
0,1635138
0,06423122
0,06423122
0,2858411
0,1627471
0,1627471
0,4292218
0,2562037
0,1112316
0,1112316
0,2680803
0,1330613
0,1330613
0,3313208
0,07035434
0,07035434
0,3835911
0,04405854
0,04405854
0,08110607
0,1729235
0,2735831
0,2735831
0,3622478
0,06015048
0,06015048
0,434912
0,2572926
0,2572926
0,2066411
0,1129593
0,368999
0,368999
0,1138234
0,06124388
0,06124388
0,1515757
0,177067
0,177067
0,2469917
0,1011884
0,1011884
0,4114918
0,4750582
0,6862662
0,6862662
0,8410209
0,1295999
0,1295999
0,3660498
0,3593113
0,3593113
0,6932747
0,1407719
0,06265876
0,06265876
0,2794678
0,0349883
0,0349883
0,6152817
0,2448668
0,2448668
0,1437397
0,07511481
0,07511481
0,2642056
0,2904439
0,2318742
0,2318742
0,2865743
0,3500615
0,3500615
0,5616356
0,4309379
0,4309379
0,6980943
0,4164967
0,4981643
0,4981643
0,2169124
0,373657
0,373657
0,6978824
0,4210829
0,4210829
0,2756855
0,2615888
0,2615888
0,7012927
0,512018
0,3574175
0,3574175
0,3522499
0,1808648
0,1808648
0,9004731
0,557258
0,557258
0,8169139
0,4066279
0,3028912
0,3028912
0,4705375
0,3380907
0,3380907
0,6916654
0,4113808
0,4113808
0,7359914
0,5676451
0,4114976
0,4114976
0,419934
0,1217119
0,1217119
0,3666343
0,4801177
0,4801177
0,3852386
0,2904115
0,2904115
0,3966373
0,05209425
0,09370653
0,09370653
0,2990716
0,1552583
0,1552583
0,6463711
0,303126
0,303126
0,7214042
0,317001
0,2533
0,2533
0,6102883
0,2661512
0,2661512
0,6139907
0,3846014
0,3846014
0,2122432
0,3417671
0,3417671
0,9943286
0,545697
0,2007206
0,2007206
0,4823739
0,5674446
0,5674446
0,8928761
0,4118359
0,4118359
0,7830097
0,6187161
0,2819317
0,2819317
0,3233025
0,5562803
0,5562803
0,4320291
0,214177
0,214177
0,3121961
0,2669941
0,2669941
0,2184691
0,2074605
0,3234273
0,3234273
0,6124256
0,4676733
0,4676733
0,9579693
0,05134128
0,05134128
0,4427383
0,3684489
0,2129181
0,2129181
0,6875619
1,067671
1,067671
1,286847
0,6696354
0,6696354
0,1795841
0,1831517
0,5001819
0,5001819
1,022343
0,7888569
0,7888569
0,2841392
0,307093
0,307093
0,6801296
0,211619
0,211619
1,076119
0,2029832
0,1075487
0,1075487
0,3628396
0,2357285
0,2357285
1,188261
0,6268268
0,6268268
0,7780103
0,2306011
0,2145494
0,2145494
0,9168084
0,5376844
0,5376844
1,234621
0,4667257
0,4667257
0,2695972
0,3322064
0,3322064
0,7431936
0,6888142
0,5021508
0,5021508
0,2500771
0,3159959
0,3159959
0,6684438
0,2845343
0,2845343
0,6389396
0,6232421
0,5793964
0,5793964
1,048541
0,2900511
0,2900511
0,1284283
0,2461624
0,2461624
1,005116
0,466747
0,466747
0,9151168
0,2671499
0,2066924
0,2066924
1,310853
0,8764685
0,8764685
0,7251406
0,7248322
0,7248322
0,556154
0,3478613
0,2305845
0,2305845
0,3324025
1,846312
1,846312
2,192055
2,275692
2,275692
3,19963
3,922842
4,593148
4,593148
5,664728
6,084711
6,084711
7,388766
8,07641
8,07641
9,309972
9,894858
9,894858
0,856642
0,5765572
0,5757854
0,5757854
0,835457
0,4985364
0,4985364
0,6484355
0,5594001
0,5594001
0,2873262
0,163343
0,402063
0,402063
0,8805871
0,6552885
0,6552885
0,763651
0,4247349
0,4247349
0,6516919
0,2292018
0,2292018
0,2947097
0,4622784
0,1309271
0,1309271
0,3502302
0,4416262
0,4416262
0,3848619
0,03878539
0,03878539
0,4206138
0,8876861
0,3265797
0,3265797
0,3370177
0,2348945
0,2348945
0,8404807
0,3082706
0,3082706
0,05676176
0,06557395
0,06557395
0,101511
0,2326118
0,415168
0,415168
0,8493426
0,1767268
0,1767268
0,3836973
0,06089366
0,06089366
0,3669619
0,2330842
0,071495
0,071495
0,1068254
0,03252212
0,03252212
0,7136056
0,4287694
0,4287694
0,3790098
0,06633461
0,06633461
0,09918004
0,1327025
0,074152
0,074152
0,2636623
0,2158828
0,2158828
0,4460404
0,154997
0,154997
0,1538474
0,07166383
0,05349164
0,05349164
0,08659138
0,06746744
0,06746744
0,1585968
0,04793127
0,04793127
0,05771462
0,04486308
0,04486308
0,199783
0,1229373
0,1811641
0,1811641
0,12056
0,5057419
0,5057419
1,330487
0,1716182
0,1716182
0,1426771
0,2222573
0,3266923
0,3266923
0,8240452
0,7820429
0,7820429
0,8264012
0,878092
0,878092
0,2881177
0,6828733
0,9079922
0,9079922
0,4288092
0,692814
0,692814
0,2862042
0,6928605
0,6928605
0,2989043
1,365871
1,365871
1,010404
0,2425507
0,3700234
0,3700234
0,3578199
0,4572168
0,4572168
0,4720337
1,067644
1,067644
0,8911803
0,3528005
0,3441788
0,3441788
0,3626497
0,4830386
0,4830386
0,3966525
0,6876759
0,6876759
0,5813078
0,524331
0,524331
0,734393
1,236557
0,3102279
0,3102279
0,2822568
0,1268628
0,1268628
0,2354846
2,144147
2,144147
2,439675
2,471341
2,077121
2,077121
2,081438
2,270721
2,270721
0,9684454
0,2248418
0,2248418
0,2758243
0,2750863
0,2750863
0,5128624
0,2731613
0,3809241
0,3809241
0,9646699
0,8656714
0,8656714
0,6882759
0,03443673
0,03443673
0,04907781
0,0733969
0,09617792
0,09617792
0,1169093
0,1354322
0,1354322
0,1517697
0,1634993
0,1634993
0,1713176
0,1749482
0,1749482
0,1745782
0,170398
0,1631644
0,1631644
0,1527763
0,08871319
0,08871319
0,07302196
0,0576209
0,0576209
0,041647
0,02507507
0,009710019
0,009710019
0,01305842
0,02931438
0,02931438
0,04568691
0,06140373
0,06140373
0,07623579
0,08959752
0,1011798
0,1011798
0,111459
0,119451
0,119451
0,1249693
0,1288355
0,1288355
0,1292438
0,1275052
0,1275052
0,1220699
0,1147386
0,1040172
0,1040172
0,09189712
0,07725053
0,07725053
0,06102245
0,04375494
0,04375494
0,02616273
0,01158203
0,01716472
0,01716472
0,03383274
0,05114488
0,05114488
0,06762046
0,08259293
0,08259293
0,09603736
0,1070658
0,1070658
0,1161393
0,04520628
0,07855875
0,07855875
0,2039687
0,2276179
0,2276179
0,1310391
0,01007453
0,01007453
0,1635382
0,003649891
0,06592929
0,06592929
0,09434123
0,1296718
0,1296718
0,3682311
0,42347
0,42347
0,7183682
0,3213499
0,3213499
0,5240198
0,2163351
0,2283648
0,2283648
0,721316
0,4463044
0,4463044
0,7021031
0,3228727
0,3228727
0,43102
0,6587249
0,477898
0,477898
0,8834652
0,4484639
0,4484639
0,5466642
0,2231528
0,2231528
0,8110635
0,3269296
0,2914769
0,2914769
0,2828616
0,2115116
0,2115116
0,3568917
0,2805133
0,2805133
0,1806806
0,2098465
0,2098465
0,1850314
0,1177062
0,2521953
0,2521953
1,084918
0,8628017
0,8628017
0,04836609
0,09760992
0,09760992
0,02330391
0,1051442
0,3631312
0,3631312
1,095624
0,2503104
0,2503104
0,1298633
0,08938155
0,08938155
0,447692
0,2458296
0,2458296
0,7215597
0,5452036
0,3459609
0,3459609
0,4313796
0,2802051
0,2802051
0,552563
0,2543892
0,2543892
0,4357244
0,1942866
0,3528298
0,3528298
0,7323702
0,281379
0,281379
0,2237103
0,2662239
0,2662239
0,9707786
0,5772702
0,5772702
1,125729
0,6625324
0,4661386
0,4661386
1,060157
0,6056688
0,6056688
1,553587
1,972049
1,972049
2,303283
2,747106
2,575117
2,575117
2,071443
0,9569404
0,9569404
1,057167
0,5557396
0,5557396
0,3788578
0,1802555
0,1802555
0,1884269
0,04326369
0,1482212
0,1482212
0,7257633
0,6305113
0,6305113
0,8524136
0,3137403
0,3137403
0,7880482
0,5198482
0,08002029
0,08002029
0,6627147
0,8136545
0,8136545
0,9111879
0,3734073
0,3734073
0,2543796
0,8012736
0,8012736
2,055401
2,627371
2,671307
2,671307
2,539771
2,713508
2,713508
3,520109
3,505852
3,505852
4,114668
4,460506
4,7623
4,7623
6,002297
6,385009
6,385009
6,793059
7,259298
7,259298
8,201931
8,68662
9,266557
9,266557
9,062667
9,074586
9,074586
9,513844
9,560782
9,560782
9,522871
9,446766
9,446766
9,085257
9,37746
9,807034
9,807034
10,43585
10,28875
10,28875
10,93444
11,55789
11,55789
12,70738
12,60997
12,18503
12,18503
12,24136
12,32024
12,32024
11,71328
10,85251
10,85251
9,75928
9,13215
9,13215
7,096754
0,4121904
0,9532713
0,9532713
1,511653
0,8136515
0,8136515
2,316515
0,645165
0,645165
3,231834
3,371109
3,096578
3,096578
2,677081
2,226194
2,226194
2,752313
2,039705
2,039705
1,648339
0,7345446
0,7345446
0,5984474
0,1933737
0,03982111
0,03982111
0,04928012
0,08849128
0,08849128
0,2990811
0,06807327
0,06807327
0,1784947
0,03877226
0,2102105
0,2102105
0,238019
0,3154479
0,3154479
0,5045258
0,2049585
0,2049585
0,247646
0,3274709
0,3274709
2,525228
2,737116
2,879026
2,879026
3,503154
4,079508
4,079508
4,797555
5,001052
5,001052
6,297016
7,526451
8,945241
8,945241
10,01813
9,556479
9,556479
8,401611
7,694849
7,694849
7,822848
7,967063
8,785085
8,785085
10,1787
11,22515
11,22515
10,93626
10,46636
10,46636
10,2877
10,78277
10,78277
11,18906
11,61531
11,90517
11,90517
12,44703
12,47576
12,47576
12,4013
12,52259
12,52259
12,44307
12,30144
12,23774
12,23774
12,31512
12,3277
12,3277
12,36854
12,33701
12,33701
12,27677
12,33129
12,33129
12,59795
12,68512
12,74308
12,74308
12,9346
12,96964
12,96964
13,14687
13,22152
13,22152
13,48798
13,5468
13,61736
13,61736
13,76236
13,90006
13,90006
14,02321
13,96927
13,96927
13,21749
12,83221
12,83221
12,28337
12,02539
12,03046
12,03046
11,60129
11,34866
0,03385577
0,1991893
0,1678782
0,1678782
0,2338997
0,3056828
0,3765124
0,3765124
0,4291359
0,481704
0,481704
0,5145433
0,5399264
0,5399264
0,552292
0,2308114
0,2098943
0,2098943
0,09829373
0,07195921
0,07195921
0,05952442
0,04749705
0,04749705
0,03501853
0,02258363
0,02258363
0,01333184
0,01580278
0,02658353
0,02658353
0,03885922
0,05071231
0,05071231
0,05674821
0,06732534
0,06732534
0,07474668
0,07936593
0,08309702
0,08309702
0,085352
0,09094169
0,09094169
0,09036184
0,09031219
0,09031219
0,08870184
0,089479
0,089479
0,09011226
0,0902853
0,08636402
0,08636402
0,08185137
0,07686489
0,07686489
0,07347441
0,06828679
0,06828679
0,07369743
0,07558096
0,07321861
0,07321861
0,07368156
0,07450623
0,07450623
0,07392083
0,07289128
0,07289128
0,07324128
0,06988876
0,06988876
0,06613582
0,06235862
0,05776109
0,05776109
0,05648769
0,05677782
0,05677782
0,05910953
0,0624062
0,0624062
0,06632534
0,07064133
0,07492759
0,07492759
0,07871543
0,08157331
0,08157331
0,08320069
0,08362764
0,08362764
0,08253467
0,08006921
0,08006921
0,07624631
0,07110792
0,06505157
0,06505157
0,05839485
0,05197563
0,05197563
0,04653363
0,04319138
0,04319138
0,04314807
0,04635568
0,05236455
0,05236455
0,05963651
0,06736309
0,06736309
0,07479321
0,08142252
0,08142252
0,08683252
0,09058049
0,09261966
0,09261966
0,1390722
0,1218682
0,1218682
0,2305368
0,1532924
0,1532924
0,07527915
0,1440196
0,1440196
0,4673581
0,1863093
0,1890858
0,1890858
0,6228794
0,4430818
0,4430818
1,404792
0,679713
0,679713
0,6317313
0,3763287
0,4737864
0,4737864
0,8962196
0,4762911
0,4762911
velocityComponents
0,1401093
0,009189546
0,574103
0,03310032
0,09963363
0,1437604
0,03310032
0,09963363
0,1437604
0,06541871
0,655809
0,221169
0,06445292
0,1720533
0,233373
0,06445292
0,1720533
0,233373
0,1051461
0,6112754
0,3293872
-0,006109849
0,7409751
-0,1015961
-0,006109849
0,7409751
-0,1015961
-0,07890537
1,401278
-0,3095508
-0,1389248
0,6100029
-0,4220009
-0,08041766
0,8918837
-0,259313
-0,08041766
0,8918837
-0,259313
-0,09832941
1,727563
-0,2890527
0,01556575
0,7046826
0,08260906
0,01556575
0,7046826
0,08260906
-0,1819544
0,7765048
-0,4503906
-0,1228835
0,483723
-0,2969116
-0,1228835
0,483723
-0,2969116
-0,03861282
1,25192
0,02703071
0,007198844
0,4810922
0,09087324
0,0248557
0,3988907
0,1389563
0,0248557
0,3988907
0,1389563
0,08742753
0,3732111
0,3558517
0,0833557
0,1477681
0,2839148
0,0833557
0,1477681
0,2839148
0,1309435
0,2596174
0,501585
0,07885769
0,07082857
0,2841383
0,07885769
0,07082857
0,2841383
0,1298614
0,3497966
0,5702198
0,06804001
0,2751984
0,3017932
0,04674979
0,2295304
0,2481699
0,04674979
0,2295304
0,2481699
-0,02572592
0,4891291
0,1519561
0,007291138
0,2447702
0,1411349
0,007291138
0,2447702
0,1411349
-0,0008918345
0,3612785
0,205937
0,04062429
0,08524824
0,1862764
0,04062429
0,08524824
0,1862764
-0,0307275
-0,02620872
-0,05195439
-0,04835725
0,1720851
-0,04374385
-0,04835725
0,1720851
-0,04374385
-0,01703054
0,3096744
0,1316786
0,01280066
-0,01685768
0,04643798
0,0189526
0,09001009
0,1260161
0,0189526
0,09001009
0,1260161
-0,002660789
-0,05824119
0,04139841
0,001616962
-0,04081372
0,04473925
0,001616962
-0,04081372
0,04473925
0,01777746
-0,01905188
0,1732886
0,008027628
-0,05045719
0,07962883
0,008027628
-0,05045719
0,07962883
-0,009636395
0,2411466
0,1487643
0,01456235
0,1853122
0,1535863
0,004495867
0,1085785
0,1071274
0,004495867
0,1085785
0,1071274
0,01810472
0,125878
0,2135307
0,008023903
0,01502149
0,07933378
0,008023903
0,01502149
0,07933378
0,01426339
0,1866308
0,2123713
0,0315683
0,109932
0,1947522
0,0315683
0,109932
0,1947522
0,004634261
0,2016632
0,1398206
-0,02174433
0,02980619
-0,04967749
-0,02174433
0,02980619
-0,04967749
-0,03045797
0,1328454
-0,0009357929
0,005858019
0,02581426
0,05387068
0,00500083
-0,01747459
0,04048944
0,00500083
-0,01747459
0,04048944
-0,004849024
0,004701875
0,03019571
-0,0001635402
8,959323E-05
0,003576279
-0,0001635402
8,959323E-05
0,003576279
-0,003856421
0,06007403
0,04354119
0,0003347173
0,04830854
0,02302527
0,0003347173
0,04830854
0,02302527
-0,0005602837
0,02409443
0,03023446
0,004156865
0,01332038
0,02539456
-0,006514788
0,01080707
-0,009831786
-0,006514788
0,01080707
-0,009831786
-0,0374496
0,07749498
-0,09204447
-0,003390759
0,01979286
-0,002256036
-0,003390759
0,01979286
-0,002256036
0,008237362
0,04215089
0,03781617
-0,003919378
0,04039542
-0,006771088
-0,003919378
0,04039542
-0,006771088
-0,02794266
0,04254952
-0,08391738
-0,000221096
0,01921118
0,006183982
0,0041008
0,00128895
0,01321733
0,0041008
0,00128895
0,01321733
0,02630353
-0,08404367
0,06689131
0,01091696
-0,02369601
0,0275135
0,01091696
-0,02369601
0,0275135
0,01323223
-0,04444756
0,03095269
0,004446879
-0,03025876
0,001820922
0,004446879
-0,03025876
0,001820922
-0,006264448
-0,07424466
-0,04448891
-0,0002225861
-0,01261672
-0,001999736
-0,0002225861
-0,01261672
-0,001999736
-0,00346899
-0,000378117
-0,01399815
-0,004315376
-0,009268895
-0,01767576
-0,004607439
-0,004420057
-0,01995862
-0,004607439
-0,004420057
-0,01995862
-0,008821487
-0,08751377
-0,05790293
0,0006511807
-0,01387401
0,003176928
0,0006511807
-0,01387401
0,003176928
0,02467036
-0,03424473
0,07871985
0,003483891
0,02134796
0,01344681
0,003483891
0,02134796
0,01344681
-0,01651049
0,09047091
-0,03021657
-0,01684278
0,03416706
-0,0449419
-0,006633997
0,0206627
-0,01781881
-0,006633997
0,0206627
-0,01781881
0,003432296
0,008894969
0,02166033
0,009891018
0,01102714
0,03831089
0,009891018
0,01102714
0,03831089
0,0007212162
0,006426498
0,01779497
-0,0008393079
0,03352063
0,01386702
-0,0008393079
0,03352063
0,01386702
0,003129244
0,01387224
0,02833009
0,002580881
0,0008430332
0,01897514
0,002580881
0,0008430332
0,01897514
0,0009536743
0,05389638
0,03547668
-0,003812462
0,03925259
0,004121661
-0,004601479
0,05656406
0,0120759
-0,004601479
0,05656406
0,0120759
0,004853494
0,06052582
0,04931986
-0,001943111
0,01858249
0,0125885
-0,001943111
0,01858249
0,0125885
-0,011307
0,06730691
0,00321269
0,004005432
0,01700595
0,03395975
0,004005432
0,01700595
0,03395975
0,005368516
0,09275765
0,07897913
0,002287701
0,005299418
0,01740456
0,009024143
-0,01160055
0,05384684
0,009024143
-0,01160055
0,05384684
0,01743045
-0,00737157
0,1015097
0,00938382
0,007474166
0,06743073
0,00938382
0,007474166
0,06743073
0,03899764
0,02371356
0,2111346
0,01107045
-0,0108192
0,05654395
0,01107045
-0,0108192
0,05654395
0,02899766
0,05477443
0,1939237
0,00532642
0,01799428
0,04353523
0,00532642
0,01799428
0,04353523
0,01889467
0,1630396
0,1983285
0,01355205
0,06435912
0,08830428
0,01377743
0,05922469
0,08357763
0,01377743
0,05922469
0,08357763
0,004512817
0,1285071
0,09542406
0,004645996
0,05008816
0,04779398
0,004645996
0,05008816
0,04779398
0,03140569
0,2445109
0,2456903
0,01514796
0,09999005
0,0962019
0,01514796
0,09999005
0,0962019
0,04852563
0,1551764
0,2680153
0,02593137
0,07446623
0,1272738
0,04132781
0,08657454
0,2086967
0,04132781
0,08657454
0,2086967
0,04781894
0,1032561
0,2516389
0,02136081
0,07345565
0,1167089
0,02136081
0,07345565
0,1167089
0,06168634
0,1525413
0,3291667
0,0221096
0,1078181
0,1285136
0,0221096
0,1078181
0,1285136
0,01109559
0,2744164
0,1779079
0,0148993
0,09700023
0,1028985
0,01482293
0,0650743
0,08971095
0,01482293
0,0650743
0,08971095
0,03216546
0,1740126
0,2132207
0,01555812
0,03699102
0,07483959
0,01555812
0,03699102
0,07483959
0,04316568
0,1102954
0,2454102
0,02287477
0,01571495
0,09860694
0,02287477
0,01571495
0,09860694
0,02451744
0,1979776
0,2197832
0,002930872
0,1579763
0,09559393
0,002930872
0,1579763
0,09559393
-0,05734143
0,1134762
0,2193118
-0,02124988
0,06635565
0,1247352
-0,04078111
0,06451613
0,09779556
-0,04078111
0,06451613
0,09779556
-0,08126874
0,09479004
0,1059005
-0,05975121
0,05622458
0,111521
-0,05975121
0,05622458
0,111521
-0,1049347
0,06136501
0,1865201
-0,03428322
0,02897894
0,06700122
-0,03428322
0,02897894
0,06700122
-0,1042594
0,0413363
0,1721843
-0,02355665
0,02568066
0,06280899
-0,02430469
-0,01040626
0,05505466
-0,02430469
-0,01040626
0,05505466
-0,0557729
-0,06164348
0,189543
-0,03453445
0,02282286
0,02460444
-0,03453445
0,02282286
0,02460444
-0,1068352
0,01103544
0,123244
0,0009253025
-0,001103878
0,0007426739
0,0009253025
-0,001103878
0,0007426739
-0,07156658
-0,01807928
0,1076977
-0,1206838
0,1251106
-0,01860213
-0,1206838
0,1251106
-0,01860213
-0,05876946
-0,04260659
0,1301258
0,006731629
0,0485034
-0,07133627
-0,07487714
0,02145433
0,04009461
-0,07487714
0,02145433
0,04009461
-0,1171021
0,05634809
0,04344606
0,1374177
-0,11992
0,04452825
0,1374177
-0,11992
0,04452825
-0,1915373
0,1323066
0,01060224
0,09257758
-0,05505133
-0,006027937
0,09257758
-0,05505133
-0,006027937
-0,1053762
0,07514191
-0,004031897
0,04054928
-0,02979231
0,0058887
-0,05874372
0,008155346
0,04040289
-0,05874372
0,008155346
0,04040289
-0,0002129078
0,007846832
-0,008478642
-0,06099021
0,005736828
0,04512239
-0,06099021
0,005736828
0,04512239
0,002476811
-0,05278683
0,1172132
0,1557184
4,46573
4,676919
0,1557184
4,46573
4,676919
-0,4156587
-0,1144509
0,5303221
0,4208992
0,1826906
-0,2806239
0,8697174
4,763504
4,75176
0,8697174
4,763504
4,75176
-0,04357621
0,6831475
0,5279422
-0,0961118
0,09942861
0,1419669
-0,0961118
0,09942861
0,1419669
-0,09513538
-0,02361558
0,5367877
0,1743322
0,2508044
0,6713241
0,1743322
0,2508044
0,6713241
-0,1325866
0,01157946
0,3644408
-0,02247231
0,0357196
0,1053473
-0,02247231
0,0357196
0,1053473
0,04273842
-0,1355269
0,4250687
0,0335291
-0,234051
0,2147973
0,00633169
-0,2152354
0,1843601
0,00633169
-0,2152354
0,1843601
0,02844892
-0,3157638
0,4745334
0,006017275
-0,144463
0,1296103
0,006017275
-0,144463
0,1296103
-0,02339277
-0,1808248
-0,04664361
0,00493452
-0,1041003
0,09684265
0,00493452
-0,1041003
0,09684265
0,05064476
-0,5569607
0,3020525
0,01026727
-0,1567446
0,05162358
0,01044814
-0,1990788
-0,01828671
0,01044814
-0,1990788
-0,01828671
0,02873298
-0,4176036
0,09834766
0,04903544
-0,2818637
0,200218
0,04903544
-0,2818637
0,200218
0,07497817
-0,4835889
0,257805
0,01121107
-0,1978755
-0,05661845
0,01121107
-0,1978755
-0,05661845
0,02334528
-0,4033163
-0,05667508
0,01426544
-0,1607701
0,03920197
0,01426544
-0,1607701
0,03920197
-0,04152469
-0,1527131
-0,3683537
0,0008553267
-0,2550449
-0,1711905
0,02232511
-0,2163917
0,005167723
0,02232511
-0,2163917
0,005167723
0,07052906
-0,6511737
-0,03300309
0,005884813
-0,1339696
-0,0760967
0,005884813
-0,1339696
-0,0760967
-0,02955811
-0,109058
-0,174912
-0,01968183
-0,01037854
-0,01787619
-0,01968183
-0,01037854
-0,01787619
-0,06501497
-0,03077745
0,05367757
-0,03860919
0,005743027
0,09083146
-0,02264988
0,001858294
0,04579583
-0,02264988
0,001858294
0,04579583
-0,05677444
-0,006333172
0,08712408
-0,01024398
-0,005681276
0,008749515
-0,01024398
-0,005681276
0,008749515
-0,06888446
0,02097231
0,1588137
-0,02138165
0,01539284
0,06249559
-0,02138165
0,01539284
0,06249559
-0,009488165
0,03031695
0,08037353
-0,02742553
0,02039242
0,07506698
-0,02742553
0,02039242
0,07506698
0,01659954
0,06521839
0,4545159
0,06727576
-0,2093467
1,054319
0,009960651
0,04787537
0,3805958
0,009960651
0,04787537
0,3805958
0,3619142
-0,7285532
0,7543743
-0,01502908
0,02237399
0,1215234
-0,01502908
0,02237399
0,1215234
0,02788599
-0,01212087
0,2661757
-0,02725221
0,008000363
0,1016727
-0,02725221
0,008000363
0,1016727
-0,1007883
0,7272117
0,112863
-0,06633744
0,3537322
0,07152392
-0,004791357
0,3451384
0,1270917
-0,004791357
0,3451384
0,1270917
0,0717296
-0,0781246
0,2748383
0,09008492
-0,07364154
0,1173276
0,09008492
-0,07364154
0,1173276
0,1077486
-0,2481721
0,1038985
-0,002686054
-0,03901792
0,04448336
-0,002686054
-0,03901792
0,04448336
0,08435726
-0,3208337
0,0406391
0,1025309
-1,015185
-0,8481541
0,1025309
-1,015185
-0,8481541
-0,7856667
-1,329251
-0,4049354
-0,853621
-1,423088
-0,3177633
-0,9484323
-1,584435
-0,1833515
-0,9484323
-1,584435
-0,1833515
-1,10818
-1,955963
0,2051216
-0,3377248
-1,486646
0,6355424
-0,3377248
-1,486646
0,6355424
-0,8076169
-2,879421
-0,5545496
-0,3231963
-2,539827
0,5125812
-0,3231963
-2,539827
0,5125812
-1,041918
-3,231034
-0,4948847
-0,4754386
-2,668875
0,8055774
-0,3012452
-2,762273
0,7254282
-0,3012452
-2,762273
0,7254282
-0,7960953
-1,596383
0,2051929
1,140006
-4,503436
-0,7774606
1,140006
-4,503436
-0,7774606
0,5902361
-3,760836
-0,4517123
0,05150253
-2,184299
0,1506714
0,05150253
-2,184299
0,1506714
-0,9415387
-2,077506
-0,4271843
0,294936
-3,655724
0,4556026
0,2566687
-3,825046
0,5743619
0,2566687
-3,825046
0,5743619
0,2112055
-4,31956
0,7897668
0,2927423
-4,40617
0,8971125
0,2927423
-4,40617
0,8971125
0,2989575
-4,369578
0,8929707
0,2753979
-4,570166
0,9777498
0,2753979
-4,570166
0,9777498
0,08722483
-4,51027
0,8818933
0,236424
-4,452868
0,9170927
0,236424
-4,452868
0,9170927
0,1416191
-4,34849
0,8472531
0,09299584
-4,237954
0,7882214
0,07583356
-4,218512
0,7789958
0,07583356
-4,218512
0,7789958
0,03704882
-4,381971
0,8483878
0,03219768
-4,600202
0,9443101
0,03219768
-4,600202
0,9443101
-0,2458833
-5,161206
1,169078
-0,2798974
-5,406024
1,286492
-0,2798974
-5,406024
1,286492
-0,3557048
-5,667525
1,419072
-0,396602
-5,924105
1,528179
-0,4306352
-6,196138
1,639428
-0,4306352
-6,196138
1,639428
-0,517306
-6,602195
1,828026
-0,1568708
-6,781783
1,907054
-0,1568708
-6,781783
1,907054
-0,2449654
-6,978078
1,955881
-0,3004427
-7,041576
1,961742
-0,3004427
-7,041576
1,961742
-0,4175429
-7,283493
2,03512
-0,46258
-7,424115
2,079742
-0,46258
-7,424115
2,079742
-0,5440584
-7,920959
2,265653
-0,6712922
-8,32494
2,402472
-0,7561902
-8,464817
2,426173
-0,7561902
-8,464817
2,426173
-0,9408859
-8,658626
2,415417
-1,151524
-8,527537
2,803855
-1,151524
-8,527537
2,803855
-0,1195195
-0,1840428
-0,02517998
0,006765407
0,07948279
0,07102937
0,006765407
0,07948279
0,07102937
0,0004931353
0,02689734
0,1301035
-0,003641518
-0,189317
0,01873076
-0,004117424
-0,2403207
0,08129627
-0,004117424
-0,2403207
0,08129627
0,0197913
-0,1196757
0,5939573
0,01574634
0,08295402
0,1471177
0,01574634
0,08295402
0,1471177
0,006345566
0,1166053
-0,1294747
0,003800727
0,02055392
0,03072619
0,003800727
0,02055392
0,03072619
0,01663798
-0,2522774
0,09737611
0,008920953
-0,09720623
0,03584474
0,008920953
-0,09720623
0,03584474
0,005542114
0,07073209
-0,07816255
0,004110392
0,005301833
0,02407879
0,00667572
0,01836121
0,003398955
0,00667572
0,01836121
0,003398955
0,006675115
0,07016808
0,02744496
0,004000636
0,09278581
0,09061545
0,004000636
0,09278581
0,09061545
0,00464851
0,4094042
0,05375296
0,004390627
0,2117634
0,081563
0,004390627
0,2117634
0,081563
0,01503415
0,7774882
0,2124071
0,0001108274
0,2960488
-0,03267378
-0,002894923
0,3241815
-0,009687245
-0,002894923
0,3241815
-0,009687245
-0,01428882
0,452482
-0,1772791
-0,005302019
0,230775
-0,03145039
-0,005302019
0,230775
-0,03145039
-0,0003837049
0,4028201
0,07136017
0,001173373
0,02487078
0,02890676
0,001173373
0,02487078
0,02890676
-0,0004837289
0,2810292
0,1446679
-0,0003662892
-0,006024539
0,1055524
-0,0003662892
-0,006024539
0,1055524
-0,005738996
-0,0318028
0,1334727
-0,000806991
-0,03479347
0,1440302
-0,006121071
-0,04995279
0,06714165
-0,006121071
-0,04995279
0,06714165
-0,01902599
0,006578118
0,01101345
-0,004543923
-0,07143468
0,1652151
-0,004543923
-0,07143468
0,1652151
-0,003356906
-0,1854822
0,3515899
-0,007169927
0,006311387
-0,02543628
-0,007169927
0,006311387
-0,02543628
-0,01999531
0,3745958
-0,1739174
-0,003214926
0,06626993
-0,02148151
-0,004502106
0,001748279
0,004182756
-0,004502106
0,001748279
0,004182756
-0,01374474
-0,06099567
0,1510873
-0,008276431
-0,05161539
-0,03732294
-0,008276431
-0,05161539
-0,03732294
-0,02269908
0,2845213
-0,01541227
-0,00810218
0,1274496
0,1008838
-0,00810218
0,1274496
0,1008838
-0,008343114
0,09947196
0,4174531
-0,01375177
-0,09755604
-0,2365038
-0,01108414
-0,05948506
-0,09333342
-0,01108414
-0,05948506
-0,09333342
-0,01385403
0,2189964
0,153999
-0,007890956
0,1279607
-0,03562421
-0,007890956
0,1279607
-0,03562421
-0,01170589
0,2591502
0,2061009
-0,004266761
0,05434938
0,04447103
-0,004266761
0,05434938
0,04447103
-0,01740213
0,07236078
-0,376302
-0,005001854
0,01609586
0,04070699
-0,005001854
0,01609586
0,04070699
0,002069212
0,01361519
0,07992834
0,009524869
-0,1458578
0,09239763
0,01485236
-0,1824282
0,2033398
0,01485236
-0,1824282
0,2033398
0,02291878
-0,359289
0,04011989
0,005776435
-0,05559698
-0,02221912
0,005776435
-0,05559698
-0,02221912
0,0276804
-0,34131
0,2681226
0,01810165
0,0762336
0,2450719
0,01810165
0,0762336
0,2450719
0,022138
0,1222897
0,1650929
0,01789834
-0,006072968
0,1113668
0,03490495
0,04862957
0,3641114
0,03490495
0,04862957
0,3641114
0,03148108
0,08272268
0,07156581
0,01035603
-0,05719885
-0,01928359
0,01035603
-0,05719885
-0,01928359
0,02487376
-0,149497
-0,002670288
0,02221093
-0,1753222
-0,01102388
0,02221093
-0,1753222
-0,01102388
0,01678905
-0,2352897
0,07322431
0,001563178
-0,07126629
0,07181764
0,001563178
-0,07126629
0,07181764
-0,02159001
0,4108723
0,006578863
-0,01979703
0,4715197
-0,05438328
-0,02796678
0,6808754
-0,08116513
-0,02796678
0,6808754
-0,08116513
-0,04352015
0,8254543
-0,1550719
-0,01062294
0,1045622
-0,07582903
-0,01062294
0,1045622
-0,07582903
-0,01793285
0,2219889
-0,2905026
-0,01027747
-0,1238283
-0,3371432
-0,01027747
-0,1238283
-0,3371432
-0,01991293
-0,4943926
-0,485602
-0,02085194
-0,1227688
-0,06564856
-0,0183661
-0,05095117
-0,03150851
-0,0183661
-0,05095117
-0,03150851
-0,05840822
0,2249248
-0,1552403
-0,02163686
-0,01073778
0,0253126
-0,02163686
-0,01073778
0,0253126
-0,01409557
-0,5544681
0,2663419
-0,0107443
-0,2137966
0,1188919
-0,0107443
-0,2137966
0,1188919
-0,05109287
0,0970237
-0,09293556
-0,02320684
0,0270281
0,06612986
-0,02320684
0,0270281
0,06612986
-0,03612372
-0,2497777
0,07817149
-0,009494903
-0,09992905
0,2725467
-0,00914936
-0,1259718
0,1944557
-0,00914936
-0,1259718
0,1944557
-0,02686889
-0,001158938
0,2853096
-0,002764584
-0,003222376
0,3500357
-0,002764584
-0,003222376
0,3500357
-0,02609114
0,392763
0,4006132
-0,01162267
0,3412567
0,2628997
-0,01162267
0,3412567
0,2628997
-0,006059837
-0,0326436
0,6973043
0,008093845
-0,1788206
0,3760681
0,01162705
-0,4245032
0,260441
0,01162705
-0,4245032
0,260441
-0,004924741
0,167229
-0,1380622
-0,0054623
0,3476389
0,1368828
-0,0054623
0,3476389
0,1368828
0,006916281
0,2637822
0,6460734
0,01400341
-0,1215402
0,4029177
0,01400341
-0,1215402
0,4029177
0,009331433
-0,1642246
0,2212368
-0,004972843
0,2587281
-0,03825873
-0,004972843
0,2587281
-0,03825873
-0,02349461
0,6847181
-0,1497351
-0,01470502
0,4746243
0,1915149
-0,001241313
0,2109446
0,2885275
-0,001241313
0,2109446
0,2885275
0,004356867
0,1985505
0,2909273
0,002174918
0,1806501
-0,00853762
0,002174918
0,1806501
-0,00853762
-0,02754596
0,8618675
-0,2593786
-0,0234996
0,5297011
-0,1714669
-0,0234996
0,5297011
-0,1714669
-0,01934683
0,6171686
0,5348616
0,01377002
0,1045825
0,3927074
0,009458698
0,1235409
0,2763897
0,009458698
0,1235409
0,2763897
0,006447826
0,3764747
0,2821892
-0,0001207925
0,2740861
0,1979448
-0,0001207925
0,2740861
0,1979448
-0,01606182
0,6398847
0,2620891
0,0003086403
0,1952172
0,3621109
0,0003086403
0,1952172
0,3621109
-0,01813029
0,4788694
0,5586043
-0,01982083
0,3532372
0,4439048
-0,004419822
0,1414891
0,3863827
-0,004419822
0,1414891
0,3863827
0,01943304
0,1721043
0,3825533
0,003686961
0,12124
-0,0100529
0,003686961
0,12124
-0,0100529
0,01057017
0,3658974
-0,0206885
-0,1237689
0,4617922
0,04407093
-0,1237689
0,4617922
0,04407093
0,002803374
0,3809467
0,05727634
-0,01011011
0,2818551
0,06924123
-0,01011011
0,2818551
0,06924123
-0,004411628
0,2597649
0,2997063
0,0168683
-0,02557375
-0,04213378
0,0067221
0,04157908
-0,08370727
0,0067221
0,04157908
-0,08370727
0,003601471
0,2959881
0,04268363
-0,003336696
0,154794
-0,01152456
-0,003336696
0,154794
-0,01152456
-0,0512844
0,5062111
0,3986426
-0,02127336
0,2998594
0,03895015
-0,02127336
0,2998594
0,03895015
-0,06773309
0,6809987
0,2282038
-0,02201968
0,2818838
0,1433399
-0,0130658
0,1949541
0,1611926
-0,0130658
0,1949541
0,1611926
-0,03041085
0,3617816
0,4905518
-0,001785113
0,09657368
0,2480056
-0,001785113
0,09657368
0,2480056
-0,04347558
0,6098651
-0,05620494
-0,02151676
0,3477909
-0,1627784
-0,02151676
0,3477909
-0,1627784
0,003483519
0,2122052
0,001997873
0,01543546
-0,08755997
0,3299996
0,01543546
-0,08755997
0,3299996
0,08393997
-0,6034106
0,7858366
0,1080243
-0,489866
-0,2148192
0,04452192
-0,1922302
-0,03679805
0,04452192
-0,1922302
-0,03679805
0,03109919
-0,2135448
0,4314117
0,02308707
-0,2886929
0,4879721
0,02308707
-0,2886929
0,4879721
0,1075596
-0,8126169
0,353995
0,06927955
-0,4046973
-0,03208183
0,06927955
-0,4046973
-0,03208183
0,001715589
-0,2292421
0,7486984
-0,02349941
-0,04332587
0,6167498
-0,01080539
0,07159896
0,2724744
-0,01080539
0,07159896
0,2724744
0,03071632
-0,1993433
0,2526723
0,02574758
-0,3956679
0,3901688
0,02574758
-0,3956679
0,3901688
0,06764969
-0,3958203
0,1593704
-0,01094174
0,1874022
0,1031139
-0,01094174
0,1874022
0,1031139
-0,009340607
0,2694938
0,1573284
-0,01028623
0,2666082
0,01000455
-0,01028623
0,2666082
0,01000455
0,03139475
0,1647253
-0,1400311
-0,01557088
0,1467198
0,1458448
-0,02599549
0,2942428
0,1317218
-0,02599549
0,2942428
0,1317218
-0,05491697
0,4584081
0,4023818
-0,00434434
-0,1825277
0,4305613
-0,00434434
-0,1825277
0,4305613
0,07288489
-0,7951297
0,529303
0,02287705
0,02589412
0,03797449
0,02287705
0,02589412
0,03797449
-0,03399705
0,3111459
0,3131287
-0,03944859
0,3099624
0,1952477
-0,01977045
-0,01524552
0,2114493
-0,01977045
-0,01524552
0,2114493
0,1455648
-0,4090481
0,5331341
0,1757784
-1,040496
-0,1624565
0,1757784
-1,040496
-0,1624565
0,3009851
-1,248784
0,076958
-0,005854487
-0,4091454
-0,5300729
-0,005854487
-0,4091454
-0,5300729
-0,01005116
-0,1649129
0,07037869
-0,006232049
-0,1778716
0,04321343
-0,04513185
-0,4562788
0,1998868
-0,04513185
-0,4562788
0,1998868
0,2005559
-0,9982547
0,0919221
-0,1632327
-0,689965
0,3458303
-0,1632327
-0,689965
0,3458303
0,0043076
-0,2833786
-0,02032565
-0,04196461
0,250393
-0,172767
-0,04196461
0,250393
-0,172767
0,008333242
0,4615628
-0,4994663
-0,005947985
-0,2091081
-0,03195368
-0,005947985
-0,2091081
-0,03195368
0,04304699
-1,071622
-0,08833632
-0,01563542
-0,1736445
0,1039485
-0,0137948
-0,1030711
0,02743639
-0,0137948
-0,1030711
0,02743639
-0,06678137
-0,2572514
0,2470112
-0,02128268
-0,1931382
0,1334637
-0,02128268
-0,1931382
0,1334637
-0,06869235
-1,110853
0,4162341
-0,03749356
-0,5500119
0,2983168
-0,03749356
-0,5500119
0,2983168
-0,04872754
-0,7260375
0,2753094
0,0009449199
-0,2305988
0,0004202127
-0,02154047
-0,1811508
0,112924
-0,02154047
-0,1811508
0,112924
-0,07148954
-0,7860028
0,4665047
-0,02092822
-0,5084198
0,1737118
-0,02092822
-0,5084198
0,1737118
-0,001365971
-1,23462
-0,0001952052
0,04460542
-0,3712885
-0,2792634
0,04460542
-0,3712885
-0,2792634
-0,04842486
0,05913749
0,2585351
-0,04011709
-0,2017274
0,2608787
-0,04011709
-0,2017274
0,2608787
-0,08340939
-0,5232729
0,5211189
-0,06318665
-0,5881228
0,3529646
-0,04853718
-0,435438
0,2453431
-0,04853718
-0,435438
0,2453431
0,0419314
-0,09928122
-0,2256624
-0,00709407
0,3051564
0,0817474
-0,00709407
0,3051564
0,0817474
0,008096406
0,6620482
0,09189025
-0,03756643
-0,1368575
0,2466142
-0,03756643
-0,1368575
0,2466142
-0,09359862
-0,07310584
0,6278046
-0,01461883
0,5941302
0,1876868
-0,03138222
0,5296327
0,2328187
-0,03138222
0,5296327
0,2328187
-0,01270748
1,038391
0,1449876
0,004735263
0,288187
0,03248826
0,004735263
0,288187
0,03248826
0,04756279
0,08065514
-0,08789971
-0,02787062
-0,05115718
0,2391696
-0,02787062
-0,05115718
0,2391696
-0,1558461
0,09902194
0,9880111
-0,06545209
-0,07453337
0,4560851
-0,06545209
-0,07453337
0,4560851
-0,1506056
-0,2581109
0,8649483
-0,03966587
-0,04472062
0,2603762
-0,03237007
0,06619096
0,1931131
-0,03237007
0,06619096
0,1931131
-0,2422744
-0,3941663
1,226488
-0,1305843
-0,5306963
0,6852053
-0,1305843
-0,5306963
0,6852053
0,3139603
-0,5994951
0,2605063
-0,0707469
-0,5041947
0,5159111
-0,0707469
-0,5041947
0,5159111
-0,1128805
-0,1711638
0,5169799
-0,0621617
-0,1152748
0,3222656
-0,06008378
0,01881552
0,2218223
-0,06008378
0,01881552
0,2218223
-0,1263307
0,09146953
0,2935393
0,2639315
1,72422
-0,6052049
0,2639315
1,72422
-0,6052049
0,2697748
2,174306
-0,06870103
0,26522
2,258515
0,08683443
0,26522
2,258515
0,08683443
0,09711891
3,198105
0,01810741
0,04119158
3,9148
0,2476628
-0,01643181
4,569909
0,4611588
-0,01643181
4,569909
0,4611588
-0,1181467
5,601854
0,8333191
-0,1564976
6,004113
0,9745951
-0,1564976
6,004113
0,9745951
0,1535642
7,318562
1,004461
0,6235238
7,976131
1,104963
0,6235238
7,976131
1,104963
0,4029013
9,292961
0,3925867
-0,08628722
9,894435
0,03052354
-0,08628722
9,894435
0,03052354
0,1007764
0,8494325
0,04630387
0,007387996
0,5586841
-0,1422524
-0,03156215
0,5748682
-0,00769496
-0,03156215
0,5748682
-0,00769496
-0,01479946
0,8242678
-0,1354694
0,007129647
0,4631374
-0,1843676
0,007129647
0,4631374
-0,1843676
-0,1230792
0,6342049
0,05571574
0,04999613
0,537547
0,1465335
0,04999613
0,537547
0,1465335
-0,00603348
0,2235964
0,1803458
-0,001444959
-0,141384
0,08178893
-0,05534459
0,01713187
0,397867
-0,05534459
0,01713187
0,397867
-0,1860561
0,08585528
0,8564144
-0,100174
-0,2644449
0,591132
-0,100174
-0,2644449
0,591132
-0,1800625
-0,04224405
0,7409155
-0,1117501
0,1215331
0,3913328
-0,1117501
0,1215331
0,3913328
-0,177235
0,08393824
0,6214857
-0,08710417
0,2020436
0,06422386
-0,08710417
0,2020436
0,06422386
-0,1296944
-0,08418362
0,250891
-0,07605515
-0,1134597
0,4416376
0,1265056
0,005713846
-0,03325044
0,1265056
0,005713846
-0,03325044
0,04127023
-0,2730229
0,2154449
-0,0485966
-0,3658541
0,2425343
-0,0485966
-0,3658541
0,2425343
0,08840613
-0,2928008
0,2336038
-0,00978056
3,700703E-05
0,03753193
-0,00978056
3,700703E-05
0,03753193
-0,07750256
-0,04931972
0,4104593
-0,1566703
-0,2646005
0,832723
-0,05691372
-0,1937025
0,2566992
-0,05691372
-0,1937025
0,2566992
0,2565151
-0,2160307
-0,03334251
0,0546478
0,1213206
-0,1935726
0,0546478
0,1213206
-0,1935726
-0,286452
-0,05605948
0,7881691
-0,117884
-0,06874716
0,2764199
-0,117884
-0,06874716
0,2764199
0,01605737
0,05233967
-0,01498723
-0,03105184
0,002533317
0,05770016
-0,03105184
0,002533317
0,05770016
-0,02317601
0,09755218
-0,01584047
-0,07008322
0,2119095
-0,06550533
-0,04193023
0,4103356
-0,04723421
-0,04193023
0,4103356
-0,04723421
-0,138087
0,4864669
0,6823964
-0,1070639
-0,1211155
0,0714193
-0,1070639
-0,1211155
0,0714193
0,04054266
-0,3810759
-0,01900154
0,004089564
-0,06075352
-0,0005680919
0,004089564
-0,06075352
-0,0005680919
0,09760299
-0,1890136
0,2990126
-0,05458748
-0,01170458
0,2262995
0,02510512
-0,0001244769
-0,06694216
0,02510512
-0,0001244769
-0,06694216
0,0531424
-0,07793716
-0,05013325
-0,002365857
-0,03234714
0,002398655
-0,002365857
-0,03234714
0,002398655
0,3305889
-0,5816356
0,248282
0,01777056
-0,3351471
0,2668404
0,01777056
-0,3351471
0,2668404
0,01636317
-0,2319086
0,2993311
0,05929068
-0,02966356
-0,002229273
0,05929068
-0,02966356
-0,002229273
-0,03060821
-0,05256701
0,078336
-0,06712154
-0,03111362
0,1101662
-0,01832473
-0,02834606
0,06602442
-0,01832473
-0,02834606
0,06602442
0,0886085
-0,1373973
0,2068534
-0,01228964
0,008995533
-0,2153449
-0,01228964
0,008995533
-0,2153449
0,3940605
-0,1836597
-0,09968668
0,1214003
-0,07887745
0,05535698
0,1214003
-0,07887745
0,05535698
0,04482663
-0,04028749
0,1415504
-0,05136931
0,03033638
0,03970647
0,0255537
-0,01541424
0,0443933
0,0255537
-0,01541424
0,0443933
0,001647115
-0,01389503
0,08545339
0,04159021
-0,02245665
0,04814363
0,04159021
-0,02245665
0,04814363
0,08380818
-0,06932497
0,1154261
-0,04437101
0,01360321
-0,0119822
-0,04437101
0,01360321
-0,0119822
0,0497191
-0,02658892
0,01232958
0,008223653
-0,0007948875
0,04409575
0,008223653
-0,0007948875
0,04409575
0,1230905
-0,08136368
-0,134692
-0,07179904
0,03731251
0,09255409
0,1013219
-0,06733608
-0,1342392
0,1013219
-0,06733608
-0,1342392
0,001022458
-0,0818882
-0,08847594
0,2250777
-0,04850328
-0,4502914
0,2250777
-0,04850328
-0,4502914
0,8544959
-0,1500033
1,008728
0,1480759
-0,08255386
-0,02666807
0,1480759
-0,08255386
-0,02666807
-0,1245004
0,04450893
0,05362248
0,1619697
-0,07698917
-0,131289
-0,2903121
0,09569836
-0,1152761
-0,2903121
0,09569836
-0,1152761
0,6917567
-0,315588
0,3176906
-0,7107572
0,166482
-0,2805334
-0,7107572
0,166482
-0,2805334
0,6158349
-0,2490702
0,4915795
-0,489161
0,6276497
-0,3712451
-0,489161
0,6276497
-0,3712451
0,1572562
-0,06766796
0,2317399
-0,4164609
0,1175823
-0,5282525
0,4482032
-0,413415
0,6727941
0,4482032
-0,413415
0,6727941
-0,1186504
-0,02796122
-0,4111175
0,2440108
-0,1968756
-0,6178106
0,2440108
-0,1968756
-0,6178106
0,1343168
-0,06614012
-0,2439208
0,1489925
-0,1652088
-0,656173
0,1489925
-0,1652088
-0,656173
0,2065924
-0,1071728
-0,1875564
-0,1130255
-0,2410641
-1,339671
-0,1130255
-0,2410641
-1,339671
0,7484874
-0,6787351
-0,0007293224
-0,08102262
0,0525589
0,2224944
0,1720539
-0,05453491
-0,3230181
0,1720539
-0,05453491
-0,3230181
-0,216511
0,06057739
0,2783675
0,4052556
-0,1725855
-0,1225944
0,4052556
-0,1725855
-0,1225944
-0,1970546
0,04390943
-0,4266818
-0,2325224
-0,1413689
-1,032382
-0,2325224
-0,1413689
-1,032382
0,6717706
-0,5022036
0,3011943
0,05140737
-0,03733693
-0,3470323
0,2916131
-0,1331005
-0,12532
0,2916131
-0,1331005
-0,12532
-0,1636109
0,05992066
-0,31805
0,1418077
-0,139883
-0,4400563
0,1418077
-0,139883
-0,4400563
-0,02194133
-0,01525874
-0,3957511
-0,3113946
-0,01572132
-0,612931
-0,3113946
-0,01572132
-0,612931
0,5112411
-0,258737
0,09801286
0,3759567
-0,2245639
-0,2883586
0,3759567
-0,2245639
-0,2883586
0,6602024
-0,3194952
-0,03726482
-0,7438425
0,08815289
-0,9838697
0,2370168
-0,1519289
0,1303149
0,2370168
-0,1519289
0,1303149
0,0439378
0,006317616
-0,2787445
0,004275084
-0,03420687
0,1220893
0,004275084
-0,03420687
0,1220893
0,1123335
0,02445698
-0,2055141
0,2208302
-0,277046
2,114674
0,2208302
-0,277046
2,114674
0,1498009
-0,2855289
2,418273
0,7235508
-0,7827304
2,229649
0,7114874
-0,4540316
1,897913
0,7114874
-0,4540316
1,897913
0,708532
1,252907
1,503525
1,51054
1,111745
1,280026
1,51054
1,111745
1,280026
0,1764794
0,9413525
0,1435161
0,01087314
0,214798
-0,06555468
0,01087314
0,214798
-0,06555468
0,0947096
0,003665686
-0,2590284
-0,0291652
-0,2339471
0,1417413
-0,0291652
-0,2339471
0,1417413
-0,03299136
-0,4878346
0,1547799
-0,09328453
-0,06358624
0,2487406
-0,1358754
-0,08399189
0,3458127
-0,1358754
-0,08399189
0,3458127
-0,03252016
-0,956282
0,1226991
0,238581
-0,5674589
-0,6086513
0,238581
-0,5674589
-0,6086513
-0,3717397
-0,1553761
-0,5580247
-0,009329234
-0,01909676
-0,02709552
-0,009329234
-0,01909676
-0,02709552
-0,03075484
-0,017203
-0,03415886
-0,05320139
-0,02273889
-0,04516259
-0,0737372
-0,02853434
-0,05476138
-0,0737372
-0,02853434
-0,05476138
-0,09274731
-0,03248082
-0,06333029
-0,1112898
-0,03107578
-0,07064515
-0,1112898
-0,03107578
-0,07064515
-0,1293418
-0,01915361
-0,07705764
-0,1413036
-0,01591061
-0,08069805
-0,1413036
-0,01591061
-0,08069805
-0,1497925
-0,01063161
-0,08245545
-0,1544262
-0,005068392
-0,08205914
-0,1544262
-0,005068392
-0,08205914
-0,1552751
0,001539558
-0,07978
-0,1524598
0,0073369
-0,07574724
-0,1465082
0,01311438
-0,07061154
-0,1465082
0,01311438
-0,07061154
-0,137522
0,01702733
-0,06433004
-0,06624559
0,007212356
-0,05856223
-0,06624559
0,007212356
-0,05856223
-0,05335137
0,006900609
-0,04937834
-0,04051774
0,007902041
-0,04019998
-0,04051774
0,007902041
-0,04019998
-0,02711735
0,008294851
-0,0305011
-0,01393893
0,005164206
-0,02019396
-0,0004555974
0,001766831
-0,009537045
-0,0004555974
0,001766831
-0,009537045
0,01283759
-0,002082169
0,001176174
0,02626519
-0,00517042
0,01194735
0,02626519
-0,00517042
0,01194735
0,03903251
-0,008113429
0,02231432
0,050984
-0,01086465
0,03245011
0,050984
-0,01086465
0,03245011
0,06229392
-0,01252159
0,04212568
0,07236172
-0,01354137
0,05106986
0,08104509
-0,01376139
0,05898871
0,08104509
-0,01376139
0,05898871
0,08868943
-0,01252188
0,06633616
0,09448219
-0,0107061
0,07229824
0,09448219
-0,0107061
0,07229824
0,09819705
-0,008695453
0,07680528
0,1005823
-0,005283073
0,08033593
0,1005823
-0,005283073
0,08033593
0,1001271
-0,002461925
0,08168517
0,09790927
0,00143759
0,08166569
0,09790927
0,00143759
0,08166569
0,09277359
0,004039094
0,07923262
0,08604524
0,007117257
0,07556796
0,0768215
0,008458316
0,06961676
0,0768215
0,008458316
0,06961676
0,06636221
0,00975661
0,06281677
0,05416252
0,009441495
0,05426715
0,05416252
0,009441495
0,05426715
0,04083151
0,007985413
0,04464035
0,02675179
0,006116107
0,03407975
0,02675179
0,006116107
0,03407975
0,01219402
0,003550529
0,0228733
-0,002435912
0,0007286519
0,01129951
-0,01698642
-0,002424598
-0,0004589884
-0,01698642
-0,002424598
-0,0004589884
-0,03108856
-0,005500689
-0,01216134
-0,04451311
-0,008507222
-0,02370673
-0,04451311
-0,008507222
-0,02370673
-0,05706166
-0,01014531
-0,03483628
-0,06805466
-0,01239803
-0,04512698
-0,06805466
-0,01239803
-0,04512698
-0,07807549
-0,01149745
-0,05472843
-0,08576509
-0,01227124
-0,06290345
-0,08576509
-0,01227124
-0,06290345
-0,09217216
-0,01000968
-0,06994587
0,03737789
0,01729969
0,0186339
0,0040574
0,06327219
-0,04638582
0,0040574
0,06327219
-0,04638582
0,02102805
0,1639364
-0,1195237
0,01977151
0,1910288
-0,1221761
0,01977151
0,1910288
-0,1221761
-0,001244247
0,1221146
-0,04751533
-0,0008262694
0,007695518
-0,006449223
-0,0008262694
0,007695518
-0,006449223
0,01296401
0,1359871
-0,08991212
-0,002259575
0,001202896
-0,002601743
0,00371933
0,05584136
-0,03485084
0,00371933
0,05584136
-0,03485084
-0,0007061288
0,08955598
-0,02965629
0,001078099
0,1237221
-0,03881305
0,001078099
0,1237221
-0,03881305
-0,01933705
0,3661521
-0,03395379
-0,0388531
0,4215095
0,01212507
-0,0388531
0,4215095
0,01212507
-0,02178345
0,7128492
-0,08616447
0,03068261
0,2831463
-0,1488373
0,03068261
0,2831463
-0,1488373
0,01456421
0,5037982
-0,1434296
-0,06147791
-0,01741424
0,2066836
-0,02443213
-0,1653034
0,1556545
-0,02443213
-0,1653034
0,1556545
-0,09214059
-0,5268213
0,4840106
-0,05339645
-0,3358424
0,2890438
-0,05339645
-0,3358424
0,2890438
-0,111988
-0,4837625
0,4963681
-0,03617518
0,3163248
0,05363524
-0,03617518
0,3163248
0,05363524
-0,1321903
0,2343342
0,3367364
-0,0964243
-0,4960168
0,4225969
-0,01375536
-0,3277013
0,3475761
-0,01375536
-0,3277013
0,3475761
0,3401101
-0,8061172
0,1225189
0,009197161
-0,3774046
0,2420765
0,009197161
-0,3774046
0,2420765
0,330477
-0,4170722
-0,1252097
-0,02302541
0,1974268
0,1014379
-0,02302541
0,1974268
0,1014379
-0,05278904
0,7800981
-0,2156019
0,01265183
0,3219217
-0,05558133
-0,07540323
0,2307512
0,1613289
-0,07540323
0,2307512
0,1613289
-0,06102945
-0,1084599
0,2540129
-0,0590561
-0,09324916
0,1804276
-0,0590561
-0,09324916
0,1804276
-0,05998388
-0,1868363
0,2981037
-0,03277108
0,242617
0,1369335
-0,03277108
0,242617
0,1369335
-0,02903752
-0,05445221
0,1698153
-0,06654775
-0,07771292
0,1832147
-0,06654775
-0,07771292
0,1832147
-0,04719955
-0,07521957
0,1623294
-0,03954664
-0,05653501
0,0953657
-0,03960408
-0,1549655
0,1949863
-0,03960408
-0,1549655
0,1949863
0,01129195
-1,084599
-0,02372563
-0,005669057
-0,8627495
-0,007611811
-0,005669057
-0,8627495
-0,007611811
0,02834415
-0,006271228
0,0386854
0,05324753
0,05562675
-0,05998385
0,05324753
0,05562675
-0,05998385
0,01108216
0,01256123
-0,01620103
-0,04394986
-0,05610055
0,07730746
-0,05565099
-0,3394794
0,1162797
-0,05565099
-0,3394794
0,1162797
0,1148686
-1,089568
0,006112456
0,02261046
-0,24719
0,03226697
0,02261046
-0,24719
0,03226697
0,03940351
-0,1111805
-0,05432069
0,01996234
0,06819461
-0,05422235
0,01996234
0,06819461
-0,05422235
0,171059
-0,1073487
-0,3995538
0,08695517
-0,1420586
-0,1808047
0,08695517
-0,1420586
-0,1808047
0,1647312
-0,6556413
-0,2522826
0,1146511
-0,5045229
-0,1719266
0,107565
-0,2535971
-0,2093017
0,107565
-0,2535971
-0,2093017
0,07989127
-0,4087806
-0,1122683
0,04534638
-0,2683728
-0,06659329
0,04534638
-0,2683728
-0,06659329
0,06581536
-0,541484
-0,0882566
0,04578903
-0,2369115
-0,08056164
0,04578903
-0,2369115
-0,08056164
0,07203445
-0,4090876
-0,1315832
-0,01528896
-0,1798473
0,07189214
-0,06234609
-0,2800966
0,2052993
-0,06234609
-0,2800966
0,2052993
-0,03087055
-0,7110112
0,1728475
-0,01659449
-0,2638176
0,09643137
-0,01659449
-0,2638176
0,09643137
-0,01395307
-0,2023458
0,09438097
-0,06284556
-0,1605354
0,2028644
-0,06284556
-0,1605354
0,2028644
-0,1186792
-0,8658786
0,422588
0,03915196
-0,5754806
-0,02302229
0,03915196
-0,5754806
-0,02302229
0,09731753
-1,111756
-0,1476288
0,1373785
-0,5705484
-0,3074914
-0,004002079
-0,4642926
0,04124939
-0,004002079
-0,4642926
0,04124939
0,6733992
-0,7363836
0,3580588
-0,06163437
-0,5905687
0,1194343
-0,06163437
-0,5905687
0,1194343
0,2725079
-0,7750438
1,318589
0,3079767
-1,02898
1,653883
0,3079767
-1,02898
1,653883
0,3460504
-1,192263
1,94007
0,2264751
-1,850015
2,018105
0,1081995
-1,40858
2,153003
0,1081995
-1,40858
2,153003
-0,0741666
0,4104439
2,029017
-0,08515365
0,6544871
0,6929144
-0,08515365
0,6544871
0,6929144
0,08410364
1,010717
-0,2982974
0,1578285
0,4585311
-0,2714515
0,1578285
0,4585311
-0,2714515
-0,3342806
-0,01237528
0,1778667
-0,04366758
-0,0293335
0,1724086
-0,04366758
-0,0293335
0,1724086
0,02633544
-0,1847828
0,02581584
0,008433893
0,006089538
0,04199445
-0,03616446
0,06541021
0,1279967
-0,03616446
0,06541021
0,1279967
-0,143805
-0,4590244
0,5434602
-0,05715862
-0,5606756
0,2827018
-0,05715862
-0,5606756
0,2827018
-0,1190459
-0,7288255
0,4257351
-0,03312062
-0,2744116
0,1484394
-0,03312062
-0,2744116
0,1484394
-0,2432756
-0,1925692
0,7243991
-0,1286948
-0,328511
0,3817856
-0,005657324
-0,04371685
0,06678382
-0,005657324
-0,04371685
0,06678382
-0,00926099
0,5982925
0,2848704
0,3076678
0,0151709
0,7530897
0,3076678
0,0151709
0,7530897
-0,2579114
-0,4588336
0,7437855
0,2930274
-0,04405475
-0,227216
0,2930274
-0,04405475
-0,227216
-0,09893908
0,1743465
0,1565993
0,1880134
0,09208719
0,7734406
0,1880134
0,09208719
0,7734406
0,2395309
-0,2330883
2,028046
0,2443494
-0,4943154
2,568857
0,2074913
-0,3927191
2,634122
0,2074913
-0,3927191
2,634122
0,1337284
0,2535606
2,523541
0,1182935
0,4772453
2,66859
0,1182935
0,4772453
2,66859
0,1079913
0,4502127
3,489529
0,075351
0,4879494
3,470911
0,075351
0,4879494
3,470911
0,04001486
0,7427464
4,046878
0,03457689
0,6124713
4,418122
-0,04226637
1,016794
4,652294
-0,04226637
1,016794
4,652294
-0,05504465
1,227936
5,875093
-0,02352428
1,097488
6,289937
-0,02352428
1,097488
6,289937
0,08896804
0,5173598
6,772745
0,1701214
0,2428391
7,253241
0,1701214
0,2428391
7,253241
0,02940488
0,8646249
8,156178
-0,1628602
1,672962
8,522443
-0,3516347
2,510965
8,912939
-0,3516347
2,510965
8,912939
-0,782854
3,918748
8,134032
-0,8580276
4,131997
8,033586
-0,8580276
4,131997
8,033586
-0,7752956
3,790723
8,691523
-0,7128916
3,504481
8,866734
-0,7128916
3,504481
8,866734
-0,9172046
4,141013
8,526184
-1,099092
4,742051
8,096069
-1,099092
4,742051
8,096069
0,7137944
4,760293
7,705323
-1,229315
5,061635
7,797781
-1,018179
4,47226
8,668341
-1,018179
4,47226
8,668341
-0,8395742
4,085072
9,566309
-0,9656653
4,463326
9,21979
-0,9656653
4,463326
9,21979
-1,279803
5,717901
9,231992
-1,298541
6,003706
9,790512
-1,298541
6,003706
9,790512
-1,461518
6,918702
10,55808
-1,532108
7,143838
10,27762
-1,559091
7,089696
9,78675
-1,559091
7,089696
9,78675
-1,485363
6,860125
10,02912
-1,476029
6,879379
10,11355
-1,476029
6,879379
10,11355
-1,573153
7,074996
9,201663
1,209961
6,457435
8,637968
1,209961
6,457435
8,637968
1,196952
6,086546
7,534242
0,06462872
6,055691
6,835246
0,06462872
6,055691
6,835246
3,58723
2,01581
5,782059
0,3353294
-0,005986221
-0,2396232
-0,04833713
-0,359717
-0,8814722
-0,04833713
-0,359717
-0,8814722
-0,1792051
-1,459673
0,349766
0,2222324
-0,6623228
0,4170972
0,2222324
-0,6623228
0,4170972
0,5074844
-2,167959
-0,6392606
0,5395111
-0,277215
-0,2198123
0,5395111
-0,277215
-0,2198123
0,5022373
-2,937466
-1,25052
0,5758607
-3,082472
-1,237387
0,5995439
-2,868266
-1,001196
0,5995439
-2,868266
-1,001196
0,7265183
-2,495654
-0,6408151
0,7538197
-2,077371
-0,2687505
0,7538197
-2,077371
-0,2687505
0,6480972
-2,550342
0,8068165
0,4346608
-1,154943
1,624061
0,4346608
-1,154943
1,624061
-1,113855
0,2157423
1,195743
0,5891343
-0,3971987
-0,1863054
0,5891343
-0,3971987
-0,1863054
-0,5157051
0,2522902
-0,1689295
0,1301795
-0,07832432
0,1196327
-0,0337292
0,02057552
-0,004970908
-0,0337292
0,02057552
-0,004970908
0,04038167
-0,02580142
-0,01149511
-0,05774236
0,03361177
0,05802393
-0,05774236
0,03361177
0,05802393
-0,1640038
0,1123796
0,2234348
0,03182614
-0,02513027
-0,05467665
0,03182614
-0,02513027
-0,05467665
-0,1236964
0,08785117
0,0940305
-0,02814353
0,01452291
0,02236772
-0,1302949
0,1004243
0,1308689
-0,1302949
0,1004243
0,1308689
-0,1065801
0,1586812
0,1418238
-0,03392112
0,2380296
0,2042024
-0,03392112
0,2380296
0,2042024
-0,196564
0,3525296
0,3027073
-0,03459597
0,162633
0,1198399
-0,03459597
0,162633
0,1198399
-0,1055574
0,1710653
0,1446472
0,02663875
0,2945343
0,1406312
0,02663875
0,2945343
0,1406312
0,8073429
2,201355
0,9375534
0,787805
2,379506
1,099599
0,8031729
2,409309
1,356073
0,8031729
2,409309
1,356073
0,6791666
3,101045
1,481331
0,5091355
3,837986
1,285702
0,5091355
3,837986
1,285702
2,521879
3,957759
0,9963956
2,60245
4,203166
0,755755
2,60245
4,203166
0,755755
3,029616
5,519141
-0,1136662
3,395418
6,701061
-0,4630054
3,804284
8,077548
-0,5458775
3,804284
8,077548
-0,5458775
4,033564
9,140987
0,7318656
3,823283
8,645381
1,40221
3,823283
8,645381
1,40221
3,237018
7,168304
2,953675
2,892877
6,234339
3,46049
2,892877
6,234339
3,46049
0,868282
6,674691
3,986419
0,867299
6,667327
4,274183
0,7143303
7,334707
4,782207
0,7143303
7,334707
4,782207
3,227383
8,446718
4,673647
3,573162
9,748261
4,267059
3,573162
9,748261
4,267059
3,388383
9,329114
4,592187
3,165918
8,605757
5,046055
3,165918
8,605757
5,046055
2,958375
8,010928
5,736709
0,187928
9,039977
5,874651
0,187928
9,039977
5,874651
0,4008254
8,687529
7,039983
0,3266093
9,061595
7,259223
0,2279202
9,441419
7,248499
0,2279202
9,441419
7,248499
0,1220155
9,998364
7,412583
0,1514649
9,938505
7,539742
0,1514649
9,938505
7,539742
0,1458788
9,90716
7,457819
0,1341081
9,991191
7,548076
0,1341081
9,991191
7,548076
0,2702632
9,652384
7,847828
0,2998569
9,521422
7,783187
0,2738104
9,557753
7,637844
0,2738104
9,557753
7,637844
0,2032621
9,767135
7,498268
0,1775362
9,832161
7,434331
0,1775362
9,832161
7,434331
0,1265957
9,980819
7,30398
0,1142516
10,01456
7,203982
0,1142516
10,01456
7,203982
0,1240754
9,964001
7,170948
0,1104903
10,02146
7,184625
0,1104903
10,02146
7,184625
0,02141643
10,36601
7,159176
-0,009840488
10,48421
7,140975
-0,03572822
10,57417
7,111375
-0,03572822
10,57417
7,111375
-0,08450437
10,77913
7,148912
-0,08829689
10,80598
7,171793
-0,08829689
10,80598
7,171793
-0,1402609
11,02211
7,164744
-0,1597962
11,10628
7,171713
-0,1597962
11,10628
7,171713
-0,2112136
11,3577
7,272112
-0,2073731
11,37835
7,348883
-0,2162025
11,43582
7,38972
-0,2162025
11,43582
7,38972
-0,2622306
11,61558
7,376457
-0,2969685
11,76871
7,390597
-0,2969685
11,76871
7,390597
-0,3466375
11,9534
7,324371
-0,3286581
11,89647
7,314818
-0,3286581
11,89647
7,314818
-0,03106809
10,90194
7,473202
0,1605849
10,31048
7,63767
0,1605849
10,31048
7,63767
0,4057629
9,551449
7,712735
0,4184463
9,421024
7,461851
0,4556489
9,352133
7,553933
0,4556489
9,352133
7,553933
0,5085599
9,051144
7,239349
0,5674706
8,822871
7,115259
0,01115197
-9,101629E-05
-0,03196621
0,01115197
-0,196291
-0,03196621
0,06873784
-0,1482344
-0,03853248
0,06873784
-0,1482344
-0,03853248
0,1407651
-0,1666488
-0,08439454
0,2011721
-0,2059879
-0,1026682
0,2761081
-0,2233404
-0,1250798
0,2761081
-0,2233404
-0,1250798
0,336343
-0,2219405
-0,1475582
0,4021165
-0,2085502
-0,1638532
0,4021165
-0,2085502
-0,1638532
0,4481108
-0,1739285
-0,1835768
0,4855676
-0,1269289
-0,1990821
0,4855676
-0,1269289
-0,1990821
0,5071242
-0,06868976
-0,2076854
-0,06501245
0,06001677
-0,213179
0,1147085
0,04467274
-0,1700057
0,1147085
0,04467274
-0,1700057
0,07308656
0,02021237
-0,06254177
0,05971358
0,008259609
-0,03929625
0,05971358
0,008259609
-0,03929625
0,04979448
0,003698513
-0,03240351
0,04167463
0,003939658
-0,02244268
0,04167463
0,003939658
-0,02244268
0,03216613
0,002076387
-0,01368673
0,02218021
-0,0004101545
-0,004229704
0,02218021
-0,0004101545
-0,004229704
0,01191996
-0,002516061
0,00541498
0,00139158
-0,004683256
0,01502859
-0,009034308
-0,005930901
0,02428765
-0,009034308
-0,005930901
0,02428765
-0,01911032
-0,007094815
0,0330832
-0,02864891
-0,007971272
0,04107843
-0,02864891
-0,007971272
0,04107843
-0,03431352
-0,01130156
0,04376318
-0,04237618
-0,01724984
0,04939032
-0,04237618
-0,01724984
0,04939032
-0,04952711
-0,01727612
0,05325098
-0,05550924
-0,01671919
0,05420465
-0,0614774
-0,01611331
0,05353508
-0,0614774
-0,01611331
0,05353508
-0,06762518
-0,01422426
0,05009462
-0,07405201
-0,007736266
0,05221916
-0,07405201
-0,007736266
0,05221916
-0,07849021
-0,000581339
0,04476843
-0,08278767
0,002619475
0,03599488
-0,08278767
0,002619475
0,03599488
-0,08679095
-0,0005842149
0,01830319
-0,08908136
-0,003017604
0,007867404
-0,08908136
-0,003017604
0,007867404
-0,08999203
-0,00271517
-0,003779206
-0,08889168
-0,002366096
-0,01562392
-0,08423568
0,002850771
-0,01884057
-0,08423568
0,002850771
-0,01884057
-0,07373924
0,001090467
-0,03551032
-0,06367232
4,805624E-05
-0,04305862
-0,06367232
4,805624E-05
-0,04305862
-0,05439982
-0,004997522
-0,04913423
-0,0437573
-0,006117404
-0,0520669
-0,0437573
-0,006117404
-0,0520669
-0,03478544
4,114211E-05
-0,0649714
-0,02677897
-0,001198366
-0,07066777
-0,01587644
-1,622736E-05
-0,07147659
-0,01587644
-1,622736E-05
-0,07147659
-0,004608442
0,00183554
-0,07351439
0,003635646
0,001513332
-0,07440209
0,003635646
0,001513332
-0,07440209
0,01152668
0,002108276
-0,07298616
0,01956367
0,002279729
-0,07017981
0,01956367
0,002279729
-0,07017981
0,02683738
0,0007731616
-0,06814281
0,0329774
0,001160458
-0,0616083
0,0329774
0,001160458
-0,0616083
0,03870859
0,00120008
-0,05361111
0,04383678
0,0009578913
-0,04433979
0,04838143
0,001385793
-0,03152239
0,04838143
0,001385793
-0,03152239
0,05275669
0,0005900562
-0,02018024
0,05620364
-0,0002575517
-0,008050161
0,05620364
-0,0002575517
-0,008050161
0,05894674
-0,001396731
0,004155442
0,0603186
-0,002392486
0,01582645
0,0603186
-0,002392486
0,01582645
0,06023332
-0,002784625
0,02762688
0,05905902
-0,002993703
0,03864282
0,05686273
-0,002892897
0,04870734
0,05686273
-0,002892897
0,04870734
0,05377531
-0,002742946
0,05741785
0,04945057
-0,001947328
0,06484639
0,04945057
-0,001947328
0,06484639
0,04416969
-0,001218528
0,07049757
0,03826575
-0,0004489869
0,07435801
0,03826575
-0,0004489869
0,07435801
0,03146462
0,0005337298
0,07629983
0,02422735
0,001357645
0,0763038
0,02422735
0,001357645
0,0763038
0,01669994
0,00189124
0,07437092
0,008439282
0,002301231
0,07056784
9,38978E-05
0,002292559
0,06501109
9,38978E-05
0,002292559
0,06501109
-0,008142693
0,001852646
0,05779466
-0,0162279
0,001543015
0,04935322
-0,0162279
0,001543015
0,04935322
-0,02436152
0,0007602721
0,03963985
-0,03202637
-0,0004086047
0,02897654
-0,03202637
-0,0004086047
0,02897654
-0,03930722
-0,001599491
0,01772399
-0,04586513
-0,002856538
0,006089297
-0,05193069
-0,003736749
-0,005593462
-0,05193069
-0,003736749
-0,005593462
-0,05695708
-0,004491717
-0,01709472
-0,06103427
-0,00484395
-0,02809164
-0,06103427
-0,00484395
-0,02809164
-0,0640543
-0,004793957
-0,03831564
-0,06597166
-0,004540861
-0,04750524
-0,06597166
-0,004540861
-0,04750524
-0,06682196
-0,003437757
-0,05534343
-0,06621081
-0,002200633
-0,06177469
-0,06428123
-0,001020566
-0,06667296
-0,06428123
-0,001020566
-0,06667296
0,04409216
0,1093931
0,07368922
-0,01109188
0,1105506
0,05007386
-0,01109188
0,1105506
0,05007386
-0,04087867
0,2155691
0,07075369
-0,03138851
0,1378108
0,05934238
-0,03138851
0,1378108
0,05934238
-0,02782233
0,04626103
0,05246699
-0,05155802
0,08719862
0,102371
-0,05155802
0,08719862
0,102371
-0,1277882
0,3677387
0,2585769
-0,02233253
0,1790091
0,04656315
-0,05195669
0,1489565
0,1042396
-0,05195669
0,1489565
0,1042396
-0,2167885
0,369006
0,4525661
-0,1380232
0,3017284
0,2936512
-0,1380232
0,3017284
0,2936512
-0,4905076
0,8826293
0,976631
-0,1775943
0,5573243
0,3462076
-0,1775943
0,5573243
0,3462076
-0,1820157
0,5155424
0,3164977
-0,1689152
-0,02906341
0,3350317
-0,2095398
-0,1070567
0,4112244
-0,2095398
-0,1070567
0,4112244
-0,3932741
-0,2610725
0,7618308
-0,2220167
0,08296967
0,4131317
-0,2220167
0,08296967
0,4131317
closestDistance
0,9931679
0,9866993
0,9843522
0,9791882
0,974268
0,9704055
0,9638355
0,9590845
0,9573283
0,9558756
0,9574468
0,9604049
0,9608901
0,9600959
0,9586165
0,9556146
0,9583336
0,9621793
0,9652365
0,9627325
0,9603254
0,9582337
0,9556952
0,9513447
0,9460928
0,9420148
0,9356443
0,9294534
0,9254206
0,9175416
0,9109774
0,9065322
0,9028544
0,8998507
0,8973342
0,8951418
0,8922179
0,889226
0,8866737
0,8867935
0,8874084
0,8878822
0,8859081
0,8846455
0,8838857
0,8821228
0,8811331
0,8805897
0,8799916
0,8780138
0,8760779
0,8749965
0,8728929
0,8706506
0,8684446
0,8669249
0,864445
0,8618221
0,8606652
0,8582079
0,8553112
0,8526188
0,8505073
0,8495781
0,8502522
0,8502318
0,8498089
0,8490825
0,8485287
0,8480577
0,847724
0,8476739
0,8471554
0,846653
0,8463188
0,8459042
0,8455191
0,8451954
0,8453288
0,8461502
0,8471739
0,8472007
0,8468189
0,8464807
0,8465709
0,8475699
0,8481872
0,8480991
0,8479187
0,8473229
0,8464832
0,8461151
0,8457029
0,8453924
0,8453729
0,8458862
0,8462791
0,8463084
0,8464947
0,8467156
0,8469584
0,8472351
0,8478512
0,848495
0,8484545
0,8476366
0,8468459
0,8466544
0,8469781
0,8474763
0,8480764
0,8483172
0,8482433
0,8479151
0,8473813
0,8470551
0,8468232
0,8466222
0,8462611
0,8459171
0,8456518
0,8451582
0,8448959
0,8448214
0,8446422
0,8441412
0,8435624
0,8433874
0,8433052
0,843101
0,8426349
0,8415976
0,8409052
0,8406402
0,8399054
0,838761
0,8374394
0,8365104
0,8341561
0,8318685
0,8310825
0,8287051
0,8268508
0,8262679
0,8235427
0,821673
0,8204554
0,8193194
0,8180705
0,8169231
0,816274
0,8134595
0,8108723
0,8095754
0,8060941
0,8034355
0,8016546
0,798808
0,7956278
0,7925463
0,7909676
0,7872895
0,783698
0,7819663
0,7797622
0,7778547
0,7765054
0,7753472
0,7732067
0,7706949
0,7696938
0,767105
0,7643316
0,7630334
0,7604383
0,7582428
0,7571092
0,7541652
0,7519192
0,7502609
0,7489258
0,7475151
0,7460351
0,7444984
0,7421983
0,7401105
0,7391122
0,7368683
0,735109
0,734149
0,7333351
0,7313676
0,7289811
0,728507
0,7271144
0,7258616
0,7258304
0,7245551
0,7237468
0,7240413
0,7221052
0,7217588
0,7225784
0,722057
0,7213667
0,7205923
0,7197871
0,7196939
0,7197694
0,7197279
0,7199357
0,7199786
0,7198161
0,719323
0,719205
0,7191881
0,7186117
0,7168258
0,7130684
0,7058556
0,6983346
0,6956319
0,6983343
0,6470477
0,624731
0,6206174
0,6191227
0,6135594
0,606382
0,5990018
0,593927
0,5907151
0,5894401
0,5836053
0,5786338
0,5747668
0,571366
0,5653149
0,5586126
0,556203
0,5554627
0,5547594
0,5530372
0,5472448
0,5430022
0,5417032
0,5411097
0,53913
0,5361173
0,5323866
0,5276719
0,5238122
0,5238674
0,5233609
0,5225557
0,5215284
0,5257081
0,5286021
0,529966
0,529284
0,5282249
0,5274294
0,5280957
0,5298243
0,5312543
0,5314471
0,5307297
0,5297195
0,5284937
0,527874
0,5269095
0,5258552
0,525672
0,5241307
0,5224046
0,5216216
0,5205942
0,5195785
0,5186049
0,5127336
0,5074545
0,5030721
0,4984011
0,4889902
0,4796762
0,478727
0,4757622
0,4730186
0,4716784
0,4714853
0,4717702
0,4722909
0,4723755
0,4706295
0,4679781
0,4665646
0,4648985
0,4634774
0,4627607
0,4616169
0,4609043
0,4609043
0,4609043
0,4609043
0,4609043
0,4609043
0,4604746
0,4599288
0,4595938
0,4586331
0,4576656
0,4570041
0,4556505
0,4548179
0,4545278
0,4541222
0,4511109
0,4465767
0,4377415
0,4350617
0,4347034
0,4353636
0,4323382
0,4300487
0,4293824
0,4292769
0,4292072
0,4291746
0,4291746
0,4291746
0,4291747
0,4291746
0,4291674
0,4291618
0,4291618
0,4291618
0,4291618
0,4291618
0,4291618
0,4291618
0,4291618
0,4291618
0,4291386
0,4291082
0,4290796
0,4290436
0,4290153
0,4289973
0,4289685
0,4289423
0,4289212
0,4289212
0,4289212
0,4289212
0,4289212
0,4289212
0,4289213
0,4289213
0,4289212
0,4289212
0,4289212
0,4289212
0,4289212
0,422024
0,4100922
0,41352
0,4139706
0,412611
0,4108449
0,410288
0,4112406
0,4117852
0,4081356
0,4023076
0,399958
0,399875
0,4003278
0,3998296
0,4001512
0,4005463
0,4007489
0,4012159
0,4012478
0,4009379
0,4007569
0,4001402
0,3990858
0,3972931
0,3942578
0,3912036
0,3887382
0,3816757
0,3768753
0,3754637
0,3736306
0,3727485
0,372389
0,3715377
0,3690026
0,3667778
0,3662335
0,3633644
0,360848
0,3594549
0,3577869
0,356058
0,354474
0,35383
0,3534876
0,3528729
0,3511121
0,3478993
0,3456192
0,3458908
0,3462039
0,3463809
0,3463402
0,346267
0,3451273
0,343883
0,3445889
0,3438267
0,3424104
0,3404987
0,3349782
0,3330699
0,3366585
0,3381364
0,3370135
0,3343658
0,3342292
0,3315132
0,3283471
0,3275563
0,331078
0,3338361
0,3332079
0,3320992
0,3312456
0,3305504
0,3286412
0,3286676
0,32971
0,3302693
0,3290508
0,3267889
0,3231697
0,3203206
0,3181593
0,316641
0,3116731
0,3088703
0,3078142
0,3083662
0,3090818
0,3099294
0,3109933
0,3114531
0,3114726
0,3109299
0,3086154
0,3064739
0,3047091
0,302508
0,300829
0,3000551
0,3006819
0,3031763
0,3070015
0,3119608
0,3198939
0,3247426
0,3260305
0,3266244
0,3275819
0,328566
0,3282488
0,3269953
0,3257967
0,325068
0,3256471
0,3257008
0,3247236
0,3246543
0,3229492
0,3199168
0,3178948
0,3147164
0,3108012
0,3062924
0,2996653
0,293414
0,288464
0,2797431
0,2730406
0,2690735
0,2677942
0,2678963
0,2680287
0,2646016
0,2566586
0,2484721
0,243733
0,2413859
0,2398073
0,2390123
0,2377915
0,2348939
0,2304575
0,225885
0,2213177
0,2177865
0,2173192
0,2181344
0,2196656
0,2212039
0,2137357
0,2072653
0,2018398
0,1979375
0,1940374
0,1903622
0,1878637
0,1850416
0,1817799
0,1771634
0,1707446
0,1650333
0,1602599
0,1588376
0,1560619
0,152999
0,1546575
0,1568633
0,1589564
0,1601663
0,1617684
0,163219
0,1642938
0,1626733
0,1620171
0,1623855
0,1636691
0,1651498
0,1667344
0,1679835
0,1680111
0,1686314
0,1708704
0,1746896
0,1774553
0,1787641
0,179161
0,1788722
0,1782483
0,1771703
0,181721
0,188431
0,1935688
0,1962401
0,1961182
0,1925913
0,1797714
0,1712205
0,1669507
0,1647317
0,1600033
0,1536524
0,1468263
0,1355943
0,1256344
0,1207865
0,1125376
0,1061366
0,1020239
0,1015216
0,09899102
0,09468354
0,08775028
0,08126437
0,07738101
0,07949069
0,08233009
0,08549127
0,08885987
0,0909339
0,0927505
0,09455206
0,0982582
0,1030672
0,1068803
0,104427
0,09570885
0,08930262
0,08948635
0,09379666
0,09857304
0,1029055
0,1031856
0,1006435
0,09736093
0,09643689
0,08495994
0,074495
0,07403628
0,07278059
0,07142071
0,07001384
0,06814961
0,06352518
0,0594186
0,06271535
0,0635613
0,0625601
0,06020537
0,05483906
0,05093092
0,04986835
0,04821609
0,04997465
0,05192095
0,052695
0,0557052
0,05974234
0,06253614
0,07236762
0,08410887
0,09215177
0,1013587
0,1077553
0,1099695
0,112809
0,1210603
0,1324651
0,1393099
0,1502928
0,1607965
0,1628735
0,1641172
0,1664859
0,1705592
0,1798039
0,1891168
0,1981838
0,2048347
0,2065885
0,2052673
0,2022758
0,1960682
0,192363
0,1957996
0,2014854
0,2027017
0,1984969
0,1956957
0,1897155
0,1831027
0,1809508
0,1789115
0,178172
0,1812462
0,1905482
0,1994485
0,2053202
0,2175662
0,2249309
0,2281725
0,2300451
0,2420386
0,258284
0,2699524
0,2763034
0,2823446
0,2912574
0,2968096
0,3010459
0,3043191
0,3058254
0,307836
0,3097823
0,3097823
0,3097823
0,3097823
0,3097823
0,3097823
0,3097823
0,3097823
0,3097823
0,3097823
0,3097823
0,3097823
0,3097823
0,3097823
0,3097823
0,3097823
0,2935474
0,2891148
0,2938338
0,2957664
0,296351
0,2989112
0,3013725
0,3036597
0,3039877
0,3041031
0,304056
0,3038995
0,3070416
0,3090756
0,3092945
0,3143975
0,3230749
0,3338712
0,3399294
0,3484894
0,3571945
0,362978
0,3710732
0,3773608
0,3793602
0,3827478
0,3867212
0,3907099
0,3879247
0,3875327
0,3886003
0,3900033
0,3916433
0,3930708
0,3936378
0,3985193
0,40618
0,4165521
0,4205277
0,4211291
0,4193358
0,4171849
0,4245113
0,4337572
0,4378548
0,4385858
0,4389742
0,4399409
0,4402243
0,4404151
0,4406188
0,4414285
0,4490729
0,4582332
0,4587887
0,4576247
0,4565685
0,4564944
0,4591258
0,4619504
0,4643374
0,4618476
0,460075
0,4590314
0,4589407
0,457879
0,4575541
0,4604481
0,4637636
0,4655957
0,4652106
0,4663396
0,4679002
0,4696137
0,4704365
0,4725832
0,4743088
0,4713323
0,4733402
0,4755405
0,4756854
0,4776232
0,4790544
0,4797825
0,4804189
0,4814208
0,4825733
0,4831777
0,4844154
0,4854431
0,4853983
0,4854129
0,485682
0,4863082
0,4840842
0,4839399
0,485101
0,4829906
0,4813018
0,4807181
0,4832008
0,4838237
0,4836739
0,4829235
0,4838041
0,4832371
0,4811412
0,4800758
0,4821776
0,4853482
0,4822392
0,4865597
0,4899499
0,4858268
0,4885575
0,4872137
0,4796744
0,4891214
0,4966107
0,5009011
0,4908113
0,4947438
0,4995922
0,4894973
0,4963914
0,4953941
0,4749969
0,4879911
0,4972381
0,5004036
0,4951217
0,4962991
0,4995279
0,4972616
0,5007031
0,4988227
0,4844429
0,4932227
0,501604
0,5054139
0,5031618
0,5043915
0,5066665
0,5000006
0,5022099
0,5041605
0,4955468
0,4959984
0,4987023
0,5020215
0,5005267
0,4923506
0,4802504
0,4818287
0,4797238
0,4766544
0,4785486
0,4767633
0,4748502
0,4748502
0,4748502
0,4748501
0,4748502
0,4748502
0,4748502
0,4769005
0,4927237
0,5006277
0,5036538
0,5034074
0,5004441
0,4990257
0,5003713
0,5012802
0,5034913
0,5068743
0,5115042
0,5128832
0,5107943
0,5016455
0,4978753
0,4963004
0,4959015
0,495402
0,4947867
0,4941145
0,4932821
0,4923671
0,4914021
0,4903314
0,4892224
0,4880636
0,4869069
0,4857035
0,4845743
0,483425
0,4823411
0,4812859
0,4802991
0,4793972
0,4785501
0,4778005
0,4771381
0,4765562
0,4760379
0,4755886
0,4752635
0,4749933
0,474791
0,474717
0,4747241
0,4747995
0,4749911
0,4752808
0,4756321
0,4760886
0,4766514
0,4772783
0,4779818
0,4787846
0,4796424
0,4805525
0,4815428
0,4825957
0,4836507
0,4847794
0,4859388
0,4870804
0,4882474
0,489374
0,4904432
0,4915344
0,4925079
0,4934326
0,4942965
0,4950811
0,4957538
0,496348
0,4968192
0,4971421
0,4973593
0,4974809
0,4974268
0,4972705
0,4970059
0,4966118
0,4960886
0,4954626
0,4947395
0,4938717
0,4929731
0,4919885
0,4909185
0,4905665
0,4908008
0,490239
0,4891278
0,4877441
0,4863343
0,4856582
0,4853311
0,4852555
0,4843391
0,4837821
0,4837381
0,4833627
0,4830663
0,4828085
0,4825118
0,4825992
0,4831128
0,4842405
0,4848741
0,4847127
0,4834391
0,4829139
0,4842189
0,4868207
0,4883493
0,4921032
0,496706
0,4997391
0,5047903
0,5087936
0,5101616
0,5148702
0,5196888
0,5242837
0,5276871
0,5295216
0,5305211
0,5328283
0,5342258
0,5355645
0,5371919
0,5357969
0,5346751
0,534376
0,5369326
0,5396025
0,5423707
0,5442221
0,5474247
0,5506524
0,551671
0,5524533
0,5535164
0,5552626
0,5569299
0,5582249
0,559208
0,56146
0,5623014
0,5623014
0,5623014
0,5621173
0,5617263
0,5610163
0,5607958
0,5610458
0,5617957
0,5628275
0,5623208
0,5612102
0,5613616
0,5607245
0,5597722
0,5589476
0,5538833
0,5491141
0,5464036
0,54241
0,5391504
0,5365562
0,533523
0,5315036
0,5301107
0,5292618
0,528334
0,5274037
0,5264744
0,5250561
0,5248424
0,5261346
0,5294241
0,5328657
0,5361837
0,5380275
0,539921
0,5421765
0,5454854
0,552729
0,5579715
0,5591764
0,56042
0,5599184
0,5580624
0,560303
0,5668523
0,5754662
0,5802048
0,5813392
0,5813392
0,5813392
0,5813392
0,5813392
0,5813392
0,5813392
0,5910964
0,6061366
0,6129517
0,609293
0,6023151
0,5972242
0,5939867
0,5933042
0,5957248
0,5968098
0,5976388
0,5983474
0,5998565
0,6060613
0,6139072
0,6194919
0,6270466
0,6334358
0,636369
0,6462198
0,6547429
0,6607361
0,6613096
0,6626537
0,6649422
0,6690991
0,6783456
0,685579
0,6830341
0,6833504
0,6838396
0,6839968
0,6840546
0,6841111
0,6841706
0,6842299
0,6843008
0,6843625
0,6843743
0,6844221
0,6844853
0,6845614
0,6846202
0,6846491
0,6846491
0,6846491
0,6846491
0,6846491
0,6846491
0,6846491
0,6846491
0,6846491
0,6846491
0,6846491
0,6846491
0,6846491
0,6846491
0,6846491
0,6846491
0,6846491
0,6846491
0,6846491
0,6846491
0,6846491
0,6846491
0,6846491
0,6846491
0,6846491
0,6846491
0,6846491
0,6846491
0,6846491
0,6846491
0,6846491
0,6846491
0,6846491
0,6846491
0,6846491
0,6846491
0,6846491
0,6846491
0,6846491
0,6846491
0,6846491
0,6846491
0,6846491
0,684698
0,6848134
0,7389355
0,7687917
0,7678307
0,7565004
0,7569142
0,7636319
0,7699032
0,7714729
0,7705798
0,7678031
0,7675637
0,7675636
0,7675637
0,7675636
0,7675637
0,7675638
0,7675637
0,7679342
0,7693362
0,7729656
0,7855283
0,7931618
0,791546
0,7882411
0,7876379
0,789061
0,7888016
0,7886158
0,7886352
0,7892277
0,7913105
0,7926822
0,7920802
0,7929038
0,7934774
0,7937417
0,7950825
0,7967359
0,7985839
0,8010111
0,8044341
0,8073411
0,8082781
0,8096449
0,8112401
0,8131202
0,8131362
0,8131362
0,8131362
0,8131362
0,8131362
0,8131362
0,8131362
0,8131362
0,8131363
0,8131362
0,8131362
0,8131362
0,8131363
0,8131362
0,8131362
0,8131362
0,8131362
0,8131362
0,8131362
0,8131362
0,8131362
0,8131362
0,8131362
0,8131362
0,8131362
0,8131363
0,8131362
0,8131362
0,8131362
0,8131362
0,8131362
0,8131362
0,8131362
0,8131362
0,8131362
0,8131362
0,8131362
0,8131362
0,8131363
0,8131362
0,8131362
0,8131362
0,8131362
0,8131362
0,8131362
0,8131362
0,8131362
0,8131362
0,8131362
0,8131362
0,8131362
0,8131362
0,8131362
0,8131362
0,8131362
0,8131362
0,8131362
0,8131362
0,8131362
0,8131362
0,8131362
0,8131362
0,8131362
0,8131362
0,8131362
0,8131362
0,8131362
0,8131362
0,8131362
0,8131362
0,8131362
0,8131362
0,8131362
0,8131362
0,8131362
0,8131362
0,8131362
0,8131362
0,8131362
0,8131362
0,8131362
0,8131362
0,8131362
0,8131362
0,8131362
0,8131362
0,8128378
0,8125132
0,8122751
0,8115154
0,810622
0,8096177
0,8082357
0,8066826
0,8049242
0,8029584
0,8008058
0,7984801
0,7959953
0,7933543
0,7917472
0,7914546
0,7891127
0,7877834
0,7873665
0,7874306
0,7874098
0,7873814
0,7874369
0,787573
0,7877765
0,7880493
0,7884308
0,7888912
0,7894119
0,7900524
0,7907566
0,7915273
0,7923647
0,7932364
0,7941076
0,795062
0,7960489
0,7970417
0,7980273
0,7989871
0,7999419
0,8008482
0,8017814
0,8026408
0,8034109
0,8040879
0,8045325
0,8048881
0,8051764
0,8053127
0,8053578
0,805327
0,8052514
0,8050112
0,8046538
0,8041925
0,8036491
0,8030933
0,8025357
0,8017951
0,8009875
0,8001448
0,7992942
0,7984158
0,7975359
0,7965951
0,7956638
0,7947621
0,7938669
0,7929708
0,7921211
0,791331
0,790637
0,7899976
0,7894398
0,7890214
0,7887068
0,788471
0,7883579
0,7883692
0,7884678
0,7886636
0,7890027
0,7894302
0,7899271
0,7905537
0,7912385
0,791977
0,7927987
0,7936638
0,7945708
0,795499
0,796444
0,7974151
0,7983495
0,7992701
0,8001614
0,8009924
0,8017763
0,8024899
0,8031486
0,8037397
0,8042241
0,8046403
0,8049725
0,8051756
0,8052943
0,8053302
0,8052388
0,8050529
0,8048013
0,8044224
0,8039693
0,8034365
0,8028136
0,802122
0,8013654
0,8005621
0,7996926
0,7997631
0,8004794
0,8009803
0,801567
0,8021982
0,8027996
0,8034536
0,8043383
0,8056336
0,8086342
0,8103517
0,8108237
0,8120854
0,8162631
0,8218507
0,8256214
0,8364395
0,8465457
0,8511644
0,8555471
0,8600705
0,8648335
0,8707787
0,8795813
0,8899789
0,8957431
timeStamps
5,228754
5,242269
5,256301
5,270806
5,283947
5,298042
5,31202
5,325866
5,339929
5,354198
5,36833
5,381611
5,395513
5,409424
5,423271
5,437352
5,450867
5,464835
5,47908
5,493028
5,507146
5,521052
5,53495
5,548777
5,56296
5,576795
5,590429
5,604245
5,61831
5,632432
5,646445
5,66037
5,674325
5,687992
5,701766
5,71581
5,730019
5,74393
5,757462
5,771523
5,785324
5,799611
5,813585
5,827332
5,841457
5,855156
5,869395
5,883029
5,896988
5,910791
5,924659
5,938725
5,952617
5,966717
5,980801
5,994554
6,008687
6,022243
6,036843
6,05019
6,063962
6,077721
6,091595
6,1057
6,119694
6,133621
6,147563
6,161401
6,175292
6,189356
6,203202
6,217189
6,231419
6,245122
6,259317
6,273099
6,286919
6,300817
6,31495
6,328639
6,342654
6,356331
6,370317
6,384224
6,398416
6,412024
6,42621
6,440122
6,453955
6,467923
6,481969
6,495666
6,50983
6,52352
6,537682
6,551513
6,565483
6,57929
6,593341
6,607325
6,621016
6,634997
6,64885
6,662855
6,676495
6,690482
6,70424
6,718351
6,732264
6,746367
6,760159
6,774111
6,788168
6,801938
6,815997
6,829751
6,843442
6,857601
6,871559
6,885579
6,899652
6,9136
6,927328
6,94135
6,955554
6,969016
6,98295
6,996746
7,010633
7,024992
7,038802
7,05267
7,066736
7,080668
7,094449
7,108438
7,122379
7,136275
7,150074
7,163815
7,177845
7,191748
7,206238
7,219734
7,233829
7,247598
7,261696
7,275513
7,289396
7,30334
7,317209
7,331198
7,3452
7,359145
7,373027
7,386791
7,400724
7,414704
7,42858
7,442531
7,456554
7,470309
7,484099
7,498243
7,512104
7,526382
7,540389
7,554008
7,56812
7,581825
7,595844
7,609758
7,623869
7,637429
7,651496
7,665524
7,679106
7,69346
7,707079
7,721066
7,734992
7,749018
7,763144
7,776995
7,790513
7,804507
7,818796
7,83245
7,846575
7,86066
7,874369
7,888277
7,902209
7,916196
7,930074
7,944178
7,957624
7,971586
7,985608
7,999723
8,013801
8,027513
8,041446
8,05531
8,069418
8,083331
8,096828
8,110659
8,125113
8,138674
8,153122
8,166587
8,180599
8,194698
8,208465
8,222592
8,236406
8,250115
8,264136
8,278237
8,292099
8,306529
8,320157
8,333795
8,347616
8,361744
8,375514
8,389711
8,403358
8,417218
8,43132
8,445037
8,459216
8,473079
8,486905
8,500923
8,514761
8,528625
8,542488
8,556654
8,570267
8,584381
8,598192
8,612085
8,626487
8,640016
8,654242
8,668059
8,681722
8,695671
8,70954
8,723383
8,737684
8,751263
8,765729
8,779405
8,793342
8,807137
8,821191
8,835074
8,848884
8,862907
8,876516
8,890677
8,904699
8,918415
8,932449
8,946363
8,960477
8,974436
8,988216
9,002023
9,016056
9,029929
9,043799
9,057468
9,071513
9,085355
9,099627
9,11341
9,127545
9,141283
9,155311
9,169189
9,18322
9,196826
9,210879
9,224635
9,238631
9,252689
9,266563
9,280746
9,294443
9,308513
9,322346
9,336314
9,350196
9,363757
9,37785
9,391696
9,405572
9,419916
9,433584
9,447601
9,461537
9,475373
9,489631
9,503373
9,516885
9,530922
9,54495
9,558949
9,573017
9,587009
9,601152
9,614756
9,628512
9,642447
9,656446
9,670442
9,683995
9,698029
9,712214
9,726211
9,74013
9,753807
9,768057
9,782033
9,795643
9,809486
9,82344
9,837113
9,851276
9,865104
9,879036
9,892953
9,907045
9,920927
9,934985
9,949104
9,962674
9,976454
9,990268
10,00415
10,01816
10,03224
10,04621
10,06019
10,07402
10,08795
10,10185
10,11613
10,12975
10,14358
10,15743
10,17134
10,18549
10,19916
10,2133
10,22711
10,24117
10,25499
10,269
10,28288
10,29706
10,3111
10,32465
10,33844
10,35242
10,36628
10,38025
10,39446
10,40825
10,42212
10,43598
10,45009
10,46392
10,47772
10,49149
10,50554
10,51919
10,53375
10,54752
10,56136
10,57545
10,58915
10,60312
10,61737
10,6308
10,64445
10,65862
10,6724
10,68668
10,7005
10,71468
10,7285
10,74245
10,75636
10,77046
10,78385
10,79802
10,81173
10,82564
10,83974
10,85379
10,86793
10,88172
10,89561
10,90953
10,92355
10,93713
10,95085
10,96482
10,97873
10,99281
11,00677
11,02076
11,03485
11,04895
11,06249
11,07643
11,09047
11,10416
11,11788
11,13214
11,14582
11,16001
11,17391
11,18803
11,20173
11,21582
11,22952
11,24383
11,25699
11,27109
11,28503
11,2992
11,3133
11,3271
11,341
11,35505
11,36875
11,3828
11,39673
11,41037
11,42414
11,43829
11,45223
11,46625
11,48038
11,49439
11,50836
11,52191
11,53605
11,54971
11,56328
11,57732
11,59123
11,60516
11,61964
11,63321
11,6475
11,66119
11,67512
11,68921
11,70277
11,71679
11,73064
11,74488
11,75889
11,77283
11,78652
11,80051
11,81455
11,8284
11,84212
11,85607
11,87026
11,8837
11,89784
11,91193
11,92579
11,93941
11,9536
11,96747
11,98127
11,99532
12,00932
12,02317
12,03692
12,05105
12,06481
12,07873
12,09272
12,10672
12,12077
12,13465
12,14863
12,16245
12,17617
12,19007
12,20385
12,21805
12,23162
12,24609
12,25989
12,27372
12,28771
12,30176
12,31558
12,32951
12,34329
12,35778
12,37105
12,385
12,39902
12,41322
12,42685
12,44095
12,45505
12,4689
12,48312
12,49638
12,5099
12,5239
12,53786
12,55214
12,56609
12,58012
12,59392
12,60793
12,62169
12,63574
12,64983
12,66329
12,67734
12,69147
12,70525
12,71938
12,73325
12,74707
12,76126
12,77526
12,78898
12,8028
12,81648
12,83044
12,84428
12,8585
12,87291
12,88675
12,90007
12,91411
12,92807
12,94201
12,95585
12,96953
12,9836
12,99755
13,01137
13,02572
13,03959
13,05355
13,06754
13,08123
13,09531
13,10904
13,12305
13,13661
13,15068
13,16478
13,17899
13,19278
13,20642
13,22051
13,23456
13,24836
13,26206
13,27602
13,29009
13,30377
13,31771
13,33184
13,34586
13,35984
13,37363
13,38766
13,4015
13,41566
13,42928
13,44314
13,45705
13,47091
13,48481
13,49902
13,51272
13,52692
13,54062
13,55457
13,5685
13,5825
13,59615
13,61004
13,62393
13,63816
13,65225
13,66605
13,68012
13,69395
13,70778
13,72172
13,73559
13,74944
13,76329
13,77753
13,79123
13,80532
13,8191
13,83324
13,84703
13,86096
13,87471
13,8887
13,90234
13,91648
13,9303
13,9443
13,95838
13,9722
13,98639
14,00015
14,01409
14,02805
14,04187
14,05594
14,06964
14,08333
14,09745
14,11128
14,12565
14,13932
14,15328
14,16715
14,18119
14,19507
14,2088
14,2226
14,23643
14,25055
14,26438
14,27867
14,29253
14,30649
14,32055
14,33433
14,34839
14,36213
14,37601
14,38974
14,4036
14,41792
14,43166
14,44565
14,45947
14,47374
14,48761
14,50135
14,5153
14,529
14,54279
14,55664
14,57071
14,58467
14,59858
14,6128
14,62673
14,6406
14,65433
14,66838
14,68225
14,69628
14,70991
14,72381
14,73802
14,75219
14,76605
14,78003
14,79367
14,80797
14,82149
14,83576
14,84913
14,86335
14,87686
14,89087
14,90491
14,91921
14,933
14,94678
14,96085
14,97472
14,98838
15,0024
15,01625
15,03032
15,04398
15,05807
15,07234
15,0861
15,10015
15,11396
15,12781
15,14164
15,15536
15,16949
15,18355
15,19737
15,21116
15,22515
15,23912
15,25334
15,26715
15,2812
15,2949
15,30892
15,32249
15,33666
15,35035
15,36454
15,37838
15,39229
15,40622
15,42022
15,43414
15,44835
15,46201
15,47576
15,48981
15,50324
15,51755
15,53164
15,54533
15,55936
15,57328
15,58723
15,60127
15,61491
15,62896
15,64277
15,65673
15,67104
15,68466
15,69886
15,71257
15,72666
15,74064
15,75424
15,76822
15,78191
15,7958
15,80969
15,82373
15,83811
15,85192
15,8658
15,87947
15,89339
15,90761
15,92155
15,93528
15,94888
15,96291
15,97677
15,99114
16,00508
16,01875
16,03281
16,04665
16,06061
16,07449
16,08827
16,10209
16,11602
16,13014
16,14418
16,15821
16,17208
16,18575
16,19985
16,21365
16,22769
16,24168
16,25519
16,26912
16,2831
16,29746
16,31143
16,32523
16,33904
16,353
16,36692
16,38098
16,3947
16,40829
16,42254
16,43645
16,45055
16,46426
16,47815
16,49255
16,50601
16,52
16,53401
16,54774
16,56146
16,57556
16,58961
16,60382
16,61744
16,63136
16,64529
16,65938
16,67317
16,6873
16,70101
16,71508
16,72905
16,74261
16,75652
16,77053
16,78502
16,79823
16,81234
16,82622
16,84006
16,85411
16,868
16,882
16,89573
16,9099
16,92383
16,9376
16,9519
16,9657
16,97939
16,99351
17,00749
17,02128
17,03493
17,04877
17,06285
17,07677
17,09074
17,10462
17,11922
17,13294
17,14636
17,16056
17,17451
17,1879
17,20188
17,21584
17,23013
17,24382
17,25782
17,27197
17,28577
17,2999
17,31398
17,32763
17,34142
17,35543
17,36921
17,38315
17,39687
17,41087
17,4252
17,43898
17,45271
17,46702
17,48055
17,4944
17,50833
17,52203
17,53606
17,54995
17,56411
17,57795
17,59227
17,60587
17,61994
17,63381
17,64794
17,66184
17,6756
17,68961
17,70316
17,71723
17,73135
17,74541
17,75935
17,77285
17,78678
17,80101
17,81499
17,82857
17,84223
17,85631
17,87048
17,88417
17,89841
17,91232
17,92614
17,94014
17,95407
17,96789
17,98163
17,99544
18,00952
18,02318
18,0372
18,05142
18,0653
18,07938
18,0934
18,10697
18,12115
18,13488
18,14868
18,16234
18,17637
18,19035
18,20459
18,21845
18,23254
18,2463
18,26035
18,27439
18,28808
18,30226
18,31574
18,32966
18,34382
18,35764
18,37194
18,38559
18,39949
18,41326
18,42768
18,44104
18,45514
18,46897
18,4826
18,49665
18,51058
18,52464
18,53855
18,5525
18,56653
18,58046
18,5944
18,60824
18,62232
18,6358
18,6498
18,66388
18,67792
18,69195
18,70594
18,7199
18,73372
18,74769
18,76167
18,77521
18,78904
18,8029
18,81688
18,83116
18,84498
18,85893
18,87274
18,88668
18,9006
18,91453
18,92846
18,94218
18,95658
18,97001
18,9843
18,99817
19,01208
19,02613
19,04017
19,05391
19,06766
19,08204
19,09511
19,1091
19,12302
19,13709
19,15138
19,16505
19,17916
19,19296
19,20686
19,22081
19,2348
19,2488
19,26249
19,27647
19,29053
19,30445
19,3184
19,33241
19,34625
19,36015
19,37437
19,38803
19,40194
19,4155
19,42955
19,44335
19,45731
19,47142
19,48555
19,49938
19,51326
19,52711
19,54101
19,55511
19,5687
19,58264
19,59662
19,61057
19,62486
19,63856
19,6525
19,66628
19,68032
19,69435
19,70835
19,72208
19,73584
19,74959
19,76341
19,77745
19,7917
19,80556
19,81958
19,83349
19,84726
19,86123
19,87515
19,8889
19,90299
19,91674
19,931
19,94488
19,95888
19,97266
19,98662
20,00076
20,01442
20,02826
20,04218
20,05589
20,07015
20,08409
20,09775
20,1118
20,12574
20,1398
20,1536
20,16747
20,18142
20,19535
20,20928
20,22315
20,23712
20,25098
20,26518
20,27903
20,29286
20,30695
20,32096
20,33499
20,34853
20,3623
20,37656
20,39012
20,40447
20,41835
20,43191
20,44579
20,45984
20,47378
20,48777
20,50234
20,51553
20,52925
20,54311
20,55709
20,57136
20,58526
20,5992
20,61309
20,62722
20,64101
20,65487
20,66868
20,68249
20,69625
20,71029
20,72466
20,73867
20,75217
20,76671
20,78011
20,79406
20,80785
20,82188
20,83547
20,84941
20,86336
20,87742
20,89153
20,90548
20,91939
20,93329
20,94716
20,96124
20,97526
20,98872
21,00256
21,01649
21,03088
21,04507
21,0584
21,0726
21,08637
21,10052
21,11438
21,12804
21,14176
21,15577
21,16972
21,18365
21,1978
21,21176
21,2259
21,23981
21,25361
21,26744
21,2813
21,29535
21,30899
21,32299
21,33689
21,35123
21,36497
21,37879
21,39275
21,40691
21,42035
21,43429
21,44827
21,46208
21,4759
21,49008
21,504
21,51801
21,53188
21,546
21,5598
21,57367
21,58759
21,60176
21,61508
21,62942
21,64294
21,65736
21,67112
21,68497
21,69916
21,71286
21,72696
21,7409
21,75478
21,76882
21,78223
21,79618
21,81032
21,8244
21,83815
21,85226
21,86601
21,87988
21,89386
21,90791
21,92172
21,93556
21,94959
21,96364
21,97725
21,99161
22,0055
22,01931
22,033
22,04698
22,06087
22,07479
22,08877
22,10285
22,11646
22,13046
22,14451
22,15854
22,17237
22,18637
22,2003
22,21442
22,22804
22,242
22,25562
22,26962
22,28354
22,29756
22,31166
22,32569
22,33989
22,35329
22,36752
22,38159
22,3952
22,40898
22,42283
22,43676
22,4506
22,46445
22,47854
22,49261
22,50662
22,52072
22,53435
22,54817
22,56222
22,5761
22,58982
22,60375
22,61774
22,63149
22,64545
22,65966
22,67356
22,68761
22,7015
22,71527
22,72948
22,74313
22,75708
22,77092
22,78482
22,79869
22,81263
22,82663
22,84064
22,85465
22,86864
22,88243
22,89652
22,91048
22,92437
22,93817
22,95167
22,96566
22,98
22,99401
23,00753
23,02193
23,03558
23,0495
23,06321
23,07729
23,09118
23,10526
23,11896
23,13287
23,14677
23,16069
23,1749
23,18872
23,20279
23,21654
23,23032
23,24438
23,25833
23,27218
23,28604
23,30005
23,31378
23,32775
23,34201
23,35585
23,36967
23,38357
23,39746
23,41137
23,42547
23,43932
23,45301
23,46704
23,48083
23,49489
23,50882
23,52287
23,53679
23,55098
23,56461
23,57861
23,59248
23,60645
23,62042
23,63407
23,64811
23,66177
23,67583
23,68997
23,70379
23,71773
23,73167
23,74567
23,75968
23,77369
23,7874
23,80109
23,81497
23,829
23,84294
23,85684
23,87085
23,88474
23,89895
23,9127
23,92664
23,94044
23,95435
23,96827
23,98186
23,996
24,01007
24,02384
24,03779
24,05188
24,06585
24,07971
24,09356
24,10763
24,12143
24,13538
24,14914
24,16324
24,17688
24,19103
24,20489
24,21893
24,23282
24,2469
24,26068
24,27467
24,28853
24,30235
24,31623
24,33003
24,34402
24,35791
24,37179
24,38605
24,39984
24,4139
24,42799
24,4416
24,45555
24,46942
24,48327
24,49734
24,51112
24,525
24,539
24,55303
24,56695
24,58107
24,59471
24,60898
24,62252
24,6368
24,65032
24,66421
24,67821
24,69195
24,70602
24,72006
24,73395
24,74817
24,76174
24,77565
24,78957
24,80361
24,8174
24,83148
24,84524
24,85924
24,87329
24,88754
24,90109
24,915
24,92883
24,94314
24,95697
24,97075
24,98429
24,99829
25,01237
25,02626
25,04013
25,0542
25,06807
25,08232
25,09595
