participantNumber
17
repetitionNum
3
sdfEnabled
1
taskTime
18,68358
numHits
17
positionDifference
0,1583229
angleDifference
119,1135
finalPosX
-0,04335989
finalPosY
-0,04846934
finalPosZ
0,8420138
finalRotX
291,3369
finalRotY
181,8002
finalRotZ
125,2306
taskType
easyWire
velocityMagnitude
0,2844526
0,04232588
0,3557717
0,05518816
0,07504806
0,07504806
0,03660174
0,03660174
0,3513392
0,11231
0,07105774
0,03197508
0,3413189
0,3288796
0,5370997
0,3969986
0,2432504
0,2637793
0,2425183
0,09667272
0,3229369
0,02446338
0,2350235
0,3250684
0,3629504
0,1484472
0,1710446
0,2387629
0,2436273
0,2500044
0,159918
0,1733117
0,1149211
0,05872918
0,07365964
0,06403694
0,1004997
0,08224416
0,0928577
0,09097605
0,09097605
0,1273491
0,1273491
0,0911866
0,0911866
0,1527455
0,2644708
0,2384368
0,3033369
0,2484726
0,3383414
0,4082891
0,2471965
0,2790749
0,03143965
0,3108369
0,3486402
0,1398879
0,0657137
0,1110467
0,1211284
0,09522945
0,07707708
0,08283496
0,09085055
0,03314506
0,03119744
0,1614182
0,1716023
0,07524876
0,07524876
0,07625078
0,07625078
0,06613164
0,1075817
0,1287706
0,357419
0,1467451
0,1467451
0,1652185
0,1652185
0,1896546
0,286457
0,345332
0,531314
0,3876536
0,3079507
0,3898804
0,4328988
0,5425396
0,3798133
0,326654
0,1871999
0,2121804
0,2997842
0,2816646
0,4363471
0,3119296
0,3127789
0,3012135
0,1279746
0,1004588
0,09666636
0,1228458
0,1442115
0,09446763
0,1059115
0,05648622
0,06727174
0,08952277
0,1243474
0,2510311
0,2730948
0,3764032
0,2357618
0,4828496
0,3165378
0,5096022
0,4356762
0,4219958
0,229673
0,1490981
0,1117365
0,07029695
0,1006567
0,1431448
0,08551932
0,224445
0,1879206
0,1656648
0,07453354
0,1312021
0,334664
0,3132994
0,3186568
0,02134285
0,09740211
0,1677956
0,1599707
0,1461488
0,09379425
0,104322
0,1854718
0,2818995
0,3122692
0,3974017
0,4195321
0,5457076
0,3709354
0,3449907
0,300101
0,1787776
0,1144723
0,07522783
0,06553085
0,06363085
0,09576121
0,1396433
0,1752573
0,2650538
0,370339
0,2316872
0,2044956
0,1275416
0,04339523
0,07307652
0,04946692
0,055645
0,09593268
0,09423773
0,1800658
0,1992579
0,2770723
0,2177857
0,1402131
0,1611656
0,07247609
0,1080221
0,08544357
0,07870805
0,09637953
0,08464243
0,1013911
0,2010442
0,1394564
0,2172202
0,2514721
0,2634702
0,2212712
0,2041854
0,2192847
0,3197509
0,3275489
0,5562027
0,3739713
0,4917898
0,5658172
0,304493
0,2730663
0,1917722
0,1835709
0,2184018
0,2527
0,261474
0,261474
0,2193753
0,2092121
0,2092121
0,3003173
0,3143347
0,3208243
0,3806638
0,2652316
0,2652316
0,2344529
0,2177449
0,2177449
0,2424317
0,2228439
0,1753059
0,1753059
0,3256197
0,3553036
0,3553036
0,3862683
0,2980628
0,2980628
0,2330065
0,09157417
0,1052885
0,1052885
0,1945477
0,06592168
0,06592168
0,1173763
0,2032213
0,2032213
0,157942
0,11679
0,04835453
0,04835453
0,145184
0,1503627
0,1503627
0,4182997
0,6642972
0,6642972
0,3227778
0,2208999
0,2208999
0,117787
0,1186077
0,09804466
0,09804466
0,118329
0,1199918
0,1199918
0,1320682
0,1205367
0,1205367
0,1400606
0,136693
0,1447641
0,1447641
0,2362139
0,2104538
0,2104538
0,2063955
0,2059709
0,2059709
0,2316103
0,5604228
0,1310427
0,1310427
0,08318861
0,09295306
0,09295306
0,1105839
0,1158755
0,109936
0,1348744
0,1348744
0,200635
0,4184224
0,1137784
0,1137784
0,1269687
0,1966656
0,1966656
0,4770119
0,7627842
0,7627842
0,8824337
0,5542664
0,2689916
0,09800641
0,2331499
0,2331499
0,3275592
0,1546133
0,1726727
0,2520152
0,2520152
0,2317663
0,326148
0,4828557
0,2765937
0,3155724
0,2849042
0,3384055
0,5123567
0,3332428
0,1948305
0,5025216
0,5025216
0,3353682
0,3353682
0,5620122
0,3749127
0,4861247
0,4605764
0,7668878
0,5854893
0,5265507
0,2903873
0,3519911
0,302056
0,2156891
0,3926663
0,2275173
0,4102458
0,6324909
0,5996127
0,6040573
0,8573793
0,07842258
0,05495561
0,04361627
0,07789739
0,146077
0,2445967
0,4463376
0,3620221
0,2813336
0,3260914
0,2972466
0,2552363
0,1301
0,03594696
0,04236089
0,02667562
0,03619554
0,03354191
0,0700321
0,08086601
0,08008523
0,1600712
0,09699468
0,110245
0,09950065
0,1075517
0,1496767
0,1577957
0,1464139
0,2232016
0,128262
0,1285229
0,1258748
0,07939434
0,0614689
0,03438555
0,02425478
0,04284547
0,05569633
0,08158236
0,1141337
0,217316
0,3083778
0,1886813
0,1194415
0,02755231
0,2406868
0,4111328
0,4018973
0,4352861
0,2013201
0,04500507
0,09808667
0,1780582
0,3059971
0,1966917
0,04333222
0,0773939
0,08996333
0,1341348
0,1081572
0,09740484
0,1165061
0,1208954
0,1248303
0,1349136
0,2285714
0,2630446
0,2502595
0,3570461
0,564679
0,4078664
0,4138096
0,1249877
0,05178868
0,2605969
0,1206033
0,07525598
0,09821917
0,06776683
0,09933044
0,05848058
0,06641998
0,1185795
0,1138799
0,2099454
0,1558176
0,324474
0,3981124
0,2159252
0,1832309
0,148359
0,2319428
0,327426
0,2294006
0,2902225
0,1907204
0,2419302
0,2388956
0,1965648
0,1093897
0,1329633
0,1528574
0,1568385
0,1854625
0,1533457
0,1533457
0,2351251
0,2409018
0,279118
0,2687555
0,2792417
0,3602521
0,4645944
0,491034
0,3608272
0,4251304
0,3182279
0,2663781
0,2663781
0,2767788
0,2767788
0,5338886
0,4894601
0,4265651
0,400258
0,400258
0,1769533
0,1384171
0,1384171
0,2183231
0,2149454
0,2295112
0,2295112
0,2427136
0,2751835
0,2751835
0,2547554
0,1962473
0,1962473
0,1856452
0,1660812
0,1427146
0,1427146
0,1601328
0,1751152
0,1751152
0,2691754
0,2800412
0,2800412
0,3847675
0,3023327
0,1930171
0,1930171
0,1249717
0,07307506
0,07307506
0,02297815
0,03062443
0,03062443
0,1035652
0,1252806
0,1724399
0,1724399
0,2469567
0,2087206
0,2087206
0,2832734
0,2655817
0,2655817
0,2897787
0,2441369
0,2441369
0,168605
0,1007539
0,07909039
0,07909039
0,1587888
0,1477963
0,1477963
0,1271021
0,09829015
0,09829015
0,1454157
0,1585405
0,3197687
0,3197687
0,4018962
0,3951734
0,3951734
0,540077
0,5602065
0,5602065
0,5441046
0,5312481
0,5312481
0,2820765
0,2361262
0,3122159
0,3122159
0,3951893
0,3520796
0,3520796
0,2114602
0,2085814
0,2085814
0,1802532
0,1942693
0,2051187
0,2051187
0,2360385
0,1256759
0,1256759
0,03757997
0,05471126
0,05471126
0,305261
0,2491405
0,2491405
0,1971036
0,138943
0,1142407
0,1142407
0,09805515
0,08989675
0,08989675
0,1151684
0,1340488
0,1340488
0,2499585
0,2701186
0,2401386
0,2401386
0,4057318
0,4282798
0,4024335
0,4588673
0,4588673
0,6398433
0,5004541
0,4750243
0,3087124
0,3087124
0,2712649
0,2712649
0,2829203
0,2829203
0,3625191
0,4724917
0,4354802
0,51186
0,4164588
0,410196
0,2179708
0,1844232
0,106614
0,1808662
0,305762
0,3116876
0,3133664
0,2693413
0,2908075
0,3427103
0,1936486
0,2062629
0,2337461
0,3259997
0,5140982
0,3794512
0,240388
0,2324914
0,2713994
0,2494541
0,08815774
0,1449792
0,3365631
0,2050209
0,1193087
0,05509881
0,05898756
0,01265216
0,02888157
0,04488891
0,01663928
0,03383562
0,03598106
0,0176894
0,02172216
0,01944148
0,03148498
0,04339881
0,01769038
0,03596792
0,06396731
0,08456939
0,08244363
0,0764389
0,09826404
0,2691908
0,1454988
0,1364519
0,1681904
0,2147347
0,4731747
0,5076197
0,5659542
0,1148893
0,09557669
0,1410812
0,10142
0,2790302
0,2875647
0,2832807
0,4547696
0,3968726
0,4513286
0,3558107
0,3958944
0,2417527
0,144626
0,1183275
0,1318313
0,07822544
0,0632585
0,03521163
0,07794244
0,1379744
0,1430935
0,08783121
0,06862793
0,1329107
0,2532905
0,1207192
0,1293848
0,1324292
0,08982335
0,1359861
0,03475478
0,02662833
0,1399176
0,2444418
0,3902832
0,3890125
0,441267
0,3989629
0,3974906
0,2401632
0,06819665
0,03917748
0,0620969
0,07050828
0,1182596
0,1131889
0,2382017
0,2697451
0,1735946
0,1954501
0,07079387
0,1407029
0,2272535
0,1444725
0,223099
0,1526286
0,166726
0,2119553
0,1434287
0,1732296
0,1464
0,2363887
0,2451898
0,1738538
0,2155781
0,3370613
0,3289168
0,3274319
0,1973568
0,2580003
0,2560183
0,1595878
0,1580523
0,1827514
0,176338
0,234837
0,2715539
0,238709
0,2347741
0,2518345
0,2926702
0,3138101
0,2322583
0,1948943
0,1911779
0,2737461
0,2947292
0,2624016
0,2375961
0,2375961
0,2311752
0,1684772
0,1684772
0,1368269
0,1696599
0,1515898
0,1461942
0,1461942
0,1497319
0,1387767
0,1238312
0,1238312
0,151273
0,1486642
0,1486642
0,1635467
0,1303508
0,1007541
0,1007541
0,1091521
0,08968944
0,08297304
0,09070594
0,09070594
0,1268516
0,1336406
0,1336406
0,1847716
0,1868245
0,1868245
0,2140618
0,2208489
0,2759126
0,2759126
0,3517008
0,3555143
0,3555143
0,6674557
0,5660498
0,5660498
0,2656723
0,1641811
0,1335172
0,1335172
0,09609112
0,07868847
0,07868847
0,03868215
0,03255449
0,03255449
0,03590325
0,06554767
0,0399792
0,0399792
0,1125534
0,1526044
0,1526044
0,251102
0,2541227
0,2541227
0,3119235
0,2397004
0,2397004
0,1588642
0,172237
0,1841369
0,1841369
0,2005017
0,1931608
0,1931608
0,2915803
0,2845067
0,2845067
0,3192756
0,3218574
0,3994377
0,3994377
0,4180104
0,3235287
0,3235287
0,235596
0,1357764
0,1357764
0,1895714
0,1692138
0,1438615
0,1438615
0,174449
0,2581241
0,2581241
0,234602
0,1787504
0,1787504
0,1873049
0,2163156
0,2163156
0,3196318
0,3272897
0,3624037
0,3624037
0,4556152
0,3811333
0,3811333
0,4911446
0,2937886
0,2937886
0,2391257
0,1832719
0,1872663
0,1872663
0,1920989
0,1458155
0,1458155
0,2448208
0,2348457
0,2348457
0,2034087
0,2323611
0,2924977
0,271831
0,07831583
0,08737731
0,08737731
0,06800331
0,08079633
0,07665339
0,07356203
0,07356203
0,08755566
0,06823414
0,05131229
0,05131229
0,02924565
0,03290992
0,03290992
0,06935779
0,07552936
0,07552936
0,08023091
0,08638165
0,08693919
0,08693919
0,1632238
0,1806027
0,1806027
0,1893327
0,1944585
0,1944585
0,1569984
0,09094602
0,1814488
0,1814488
0,132707
0,2427413
0,2427413
0,1882315
0,3031159
0,3031159
0,18895
0,2179969
0,2220951
0,2220951
0,2922893
0,5667655
0,5667655
velocityComponents
0,06593724
0,2373376
0,1422547
0,005553973
0,04107248
0,008583964
0,07418992
0,3202627
0,1360191
0,0200021
-0,05109067
-0,005949137
0,01087439
-0,07364383
-0,009515518
0,01087439
-0,07364383
-0,009515518
0,007067426
0,03574943
0,00342307
0,007067426
0,03574943
0,00342307
-0,04686975
0,3292066
-0,1134261
-0,02156619
0,1102089
0,001564011
-0,005130084
-0,005177678
0,07068294
0,005332772
-0,02214525
0,02244004
0,03345638
0,1497439
0,3048869
-0,03218035
0,2744838
0,1782831
-0,1958785
0,4339129
-0,248651
-0,2066924
0,2664296
-0,2095267
-0,06951223
-0,2300104
-0,03786832
-0,02384054
-0,2252543
0,1351728
0,03801043
-0,101731
0,2168435
-0,07518407
-0,04261827
0,04332037
-0,1570947
0,2002044
-0,1988157
-0,009119311
0,01955699
0,01152474
0,01150428
0,006883491
0,2346409
0,07700559
-0,1219488
0,2913213
0,04481786
-0,1788309
0,3126402
0,001374267
-0,07362634
0,1288947
-0,03529689
0,05558817
0,1578618
-0,01151025
0,2099894
0,1130472
-0,01080631
0,2016034
0,1363582
0,04484783
-0,001698706
0,2459431
0,02489645
-0,07896246
0,1368169
-0,01789187
-0,1609569
0,06172289
-0,03372103
-0,1067389
0,02601079
-0,0302183
-0,04349143
0,02538634
-0,06233131
-0,02389708
0,03113649
-0,05664362
0,002617929
0,02975527
-0,08792149
0,04840101
-0,005229604
-0,07380306
0,0352326
0,008710539
-0,08168653
-0,02741762
0,03461414
-0,08354382
-0,003312575
-0,03586222
-0,08354382
-0,003312575
-0,03586222
-0,040256
0,1036606
0,06206236
-0,040256
0,1036606
0,06206236
-0,04985505
0,07335586
0,02117514
-0,04985505
0,07335586
0,02117514
-0,06320792
0,1385462
-0,01186932
-0,1796833
0,08322979
-0,1753041
-0,1754634
0,05355202
-0,1523053
-0,212193
0,1001594
-0,1922383
-0,2054026
-0,05716052
-0,1275974
-0,03839144
-0,3064378
0,1381913
-0,02116486
-0,247051
0,324373
-0,01428681
-0,001194815
0,2467804
-0,06051967
-0,03632675
0,270001
-0,01544721
0,006086958
0,02669802
-0,002083986
-0,04838062
0,3070416
-0,002586679
-0,1225467
0,3263826
-0,03673325
-0,1184314
0,06475557
-0,05276237
-0,0334004
0,02046548
-0,05664162
0,09549591
-0,001906517
-0,02949601
0,1036345
0,05533504
-0,0005448516
0,006956306
0,09497347
0,01190137
-0,01701442
0,07422764
0,02132731
-0,03948068
0,06962796
0,02844116
-0,04729827
0,07216506
0,01299911
-0,01643807
0,02567893
0,00452741
0,02997886
0,007351902
0,03992794
0,1167103
0,1041169
0,05038045
0,09609057
0,1329503
0,02878981
0,006337094
0,06923413
0,02878981
0,006337094
0,06923413
0,01927202
0,04278978
0,0600983
0,01927202
0,04278978
0,0600983
0,01250088
0,05011108
0,04130378
0,02388303
0,07708243
0,07114574
0,05120859
-0,04004484
0,1111573
0,1186328
-0,2071735
0,2659957
0,04187816
-0,1066402
0,09169623
0,04187816
-0,1066402
0,09169623
0,0521783
-0,0565044
0,1462252
0,0521783
-0,0565044
0,1462252
0,05736436
-0,03081203
0,1781258
0,0614846
0,1270557
0,2492671
0,07079377
0,203432
0,2699219
0,1454707
0,1358348
0,4926274
0,1156043
0,005591695
0,3699726
0,03598297
0,2467165
0,180748
-0,004937499
0,3820657
0,07751188
0,01297373
0,4158669
0,1195314
0,07221761
0,4496766
0,29483
0,1020512
0,1894103
0,3129975
0,0785187
0,2004956
0,2456404
0,04038533
0,13176
0,126697
0,04185654
0,1456541
0,148504
0,03276952
0,2497154
0,1626004
-0,01708297
0,2793969
0,03131317
-0,07216407
0,4255422
-0,06406993
-0,04376188
0,3088442
-0,0004965942
-0,05484918
0,3078974
-0,004622642
-0,0477338
0,29611
0,02774686
-0,06160354
0,1118543
0,008433077
-0,03913914
0,09144299
0,01408108
-0,0413306
0,08588512
0,01612177
-0,05405975
0,1035253
0,03809387
-0,04957883
0,1165799
0,0689058
-0,0008628108
0,07727
0,05433907
0,009845789
0,07483047
0,07430142
-0,0008367669
0,02153363
0,05221394
0,004918221
0,02309616
0,06299099
0,02696212
-0,007666782
0,08502112
-0,00767488
0,0294558
0,1205642
0,04124986
0,1412059
0,2034108
0,04701027
0,1415946
0,2287395
0,06228779
0,2023791
0,3111949
0,04620517
0,09289482
0,2117056
0,1001195
0,1594426
0,4446323
0,06687705
0,09008543
0,2959869
0,1051285
0,1336674
0,4803909
0,09321564
0,05496699
0,4220228
0,07607662
0,03976887
0,4131722
0,02494091
0,004606651
0,2282683
-0,004211971
-0,1189317
0,08982061
-0,04406546
-0,09667456
0,03460229
-0,05238299
0,007102974
0,04633823
-0,06557141
0,04271264
0,0633072
-0,03414609
-0,04837203
0,1303251
-0,06709746
-0,05111794
-0,01408695
-0,1067669
-0,007123379
-0,1972958
-0,07649588
0,01582856
-0,1709151
-0,05324083
-0,01632927
-0,1560244
-0,01556793
-0,01840494
-0,07052763
-0,0219172
-0,01834541
-0,1280511
-0,08291501
0,1702562
-0,2759311
-0,08419054
0,200183
-0,2258212
-0,07963017
0,2241021
-0,2120835
0,002777029
-0,01063466
0,01829507
0,02273803
-0,05359308
0,07808927
0,05407026
-0,08391842
0,1348684
0,04538313
-0,02538342
0,1512834
0,02963389
0,02244148
0,1413425
0,01429153
0,02017261
0,0904775
0,01809544
-1,756829E-05
0,1027407
0,04044237
-0,09418545
0,1545746
0,06157498
-0,1728431
0,2140119
0,06503111
-0,199978
0,2308502
0,07820481
-0,2739432
0,277069
0,08159357
-0,3106758
0,2698706
0,09611309
-0,4480293
0,2963592
0,06187125
-0,3073174
0,1982952
0,05259211
-0,2584713
0,2223628
0,04689321
-0,2034855
0,2155349
0,02795697
-0,1068949
0,1405464
0,01641067
-0,05967433
0,09629944
0,009651343
-0,02689956
0,06958802
0,004284987
0,02341087
0,06105622
0,002606729
0,04420217
0,04569747
0,001669396
0,08185627
0,04966864
-0,002245199
0,1310361
0,04821569
-0,007006728
0,1699694
0,04214771
-0,01285977
0,2605785
0,04676538
-0,01011783
0,3598118
0,08708678
0,001842929
0,2183318
0,07750359
0,01263189
0,1752551
0,1046161
0,01339139
0,104676
0,07162731
0,01257635
0,01715934
0,03782246
0,02048119
-0,05627288
0,04188152
0,01172241
-0,04007074
0,02653106
0,01109582
-0,02601249
0,04792284
0,01771926
-0,06525184
0,06805369
0,01587509
-0,07219623
0,05845029
0,02658479
-0,1572874
0,08353209
0,02883246
-0,1772544
0,08633236
0,03104793
-0,256959
0,09887957
0,002794653
-0,2161535
0,02646642
-0,01874381
-0,1378422
-0,01754722
-0,03550345
-0,1544783
-0,02915973
-0,03963666
-0,06006315
0,008610193
-0,04751761
-0,07826713
0,05731583
-0,04806831
-0,05830467
0,03988241
-0,04597945
-0,04610159
0,04422093
-0,05708699
-0,0549367
0,05488215
-0,04874991
-0,05181623
0,04585702
-0,04962005
-0,05068569
0,0724498
-0,0524692
-0,1219846
0,1509486
-0,02493061
-0,07481076
0,1150213
-0,01351796
-0,1148491
0,1838792
0,004532945
-0,1296769
0,2154102
0,0008283625
-0,1170197
0,2360556
-0,009743918
-0,02849853
0,2192119
-0,01532282
0,02552303
0,2020037
-0,01460239
-0,03104255
0,2165847
-0,004058156
-0,1771592
0,2661556
0,01745791
-0,2728305
0,180408
0,04124656
-0,5265958
0,1742328
0,03019811
-0,3623895
0,08727229
0,03024532
-0,4902592
0,02425411
0,03493411
-0,564737
0,0009081301
0,01710097
-0,3034183
-0,01899653
0,01587628
-0,2719962
-0,01819916
0,01674118
-0,1907589
0,01036229
0,0199428
-0,1802494
0,02847289
0,03461841
-0,191521
0,09909905
0,0453147
-0,193379
0,156232
0,04542479
-0,2084155
0,1512225
0,04542479
-0,2084155
0,1512225
0,04415919
-0,1458579
0,1578003
0,04503702
-0,1243762
0,1620863
0,04503702
-0,1243762
0,1620863
0,05749265
-0,1948947
0,221136
0,05803405
-0,2067825
0,2295198
0,050219
-0,2609918
0,179693
0,05759184
-0,2987624
0,2287556
0,03848924
-0,2152938
0,1500498
0,03848924
-0,2152938
0,1500498
0,0308557
-0,2021451
0,1146886
0,02834519
-0,1897188
0,1030349
0,02834519
-0,1897188
0,1030349
0,02912541
-0,215845
0,1064697
0,02621957
-0,1982029
0,09842525
0,02104541
-0,1513813
0,08586601
0,02104541
-0,1513813
0,08586601
0,0380272
-0,2507715
0,2041954
0,001667127
-0,2847771
0,2124614
0,001667127
-0,2847771
0,2124614
0,009194687
-0,3262123
0,2066499
0,01290855
-0,2444987
0,169986
0,01290855
-0,2444987
0,169986
0,03458061
-0,1398905
0,1831035
-0,03409715
0,0106276
0,0843224
-0,05062228
0,06505364
0,06550634
-0,05062228
0,06505364
0,06550634
-0,1052101
0,09838605
0,1307664
-0,03832632
0,004057437
0,05348176
-0,03832632
0,004057437
0,05348176
0,005075112
-0,02060252
0,1154425
-0,03106674
-0,05388035
0,1934701
-0,03106674
-0,05388035
0,1934701
-0,08288115
0,05336225
0,1234053
-0,03959049
0,03865403
0,1028512
-0,001933709
0,001108532
0,04830313
-0,001933709
0,001108532
0,04830313
-0,06904654
0,003692251
0,127661
-0,03708807
-0,04652308
0,1380906
-0,03708807
-0,04652308
0,1380906
0,02449884
-0,1745759
0,3793386
0,1962716
-0,1778524
0,6092099
0,1962716
-0,1778524
0,6092099
-0,08833492
-0,1364968
0,2788388
-0,06705253
-0,0438013
0,2058693
-0,06705253
-0,0438013
0,2058693
0,00162147
0,007891461
0,1175111
0,006441936
0,03140585
0,1141927
-0,01386735
0,03227273
0,09153646
-0,01386735
0,03227273
0,09153646
-0,02096811
0,01536954
0,1154378
-0,005518578
0,01536073
0,1188765
-0,005518578
0,01536073
0,1188765
-0,04654879
0,05999664
0,1080538
-0,05034021
0,04490131
0,09989408
-0,05034021
0,04490131
0,09989408
-0,0596018
0,06148387
0,1108347
-0,04313526
0,04804961
0,1204806
-0,03829315
0,04173394
0,1332238
-0,03829315
0,04173394
0,1332238
-0,1019258
0,04680991
0,2078869
-0,06297633
0,0321804
0,198215
-0,06297633
0,0321804
0,198215
-0,04290664
0,05815461
0,1933291
-0,04200691
0,06380697
0,1912801
-0,04200691
0,06380697
0,1912801
-0,04846975
0,04806386
0,221323
0,1470016
0,2292651
0,4897977
-0,06623609
-0,01916894
0,1114339
-0,06623609
-0,01916894
0,1114339
-0,04575481
0,05002902
0,04820725
-0,02761481
0,06183696
0,06367011
-0,02761481
0,06183696
0,06367011
-0,01633922
0,05904689
0,09206136
-0,003709495
0,07573932
0,08761807
-0,01806831
0,07454649
0,07875451
-0,03928787
0,09341976
0,0889961
-0,03928787
0,09341976
0,0889961
-0,04235072
0,09937354
0,1690731
0,1558422
0,1045163
0,3739878
-0,005580738
-0,01781689
0,1122361
-0,005580738
-0,01781689
0,1122361
-0,07150613
0,07807921
0,07008255
-0,06265269
0,09416991
0,1608852
-0,06265269
0,09416991
0,1608852
0,0984192
0,2183225
0,4125401
0,1302556
0,2961415
0,6907774
0,1302556
0,2961415
0,6907774
0,1366905
0,2395618
0,8382213
0,08173296
0,2110797
0,505941
0,0264976
0,1182249
0,2401609
0,04677105
0,04896267
0,07085466
0,01510201
0,1954546
0,1262073
0,01510201
0,1954546
0,1262073
0,02819751
0,1880995
0,2666805
-0,006366543
0,1458882
0,05080739
-0,009895896
0,1448981
0,0933942
-0,01002409
0,1980232
0,155557
-0,01002409
0,1980232
0,155557
-0,005921605
0,1695056
0,1579507
-0,0041907
0,249706
0,2097663
0,009890325
0,373164
0,3062685
0,009797988
0,1778593
0,2115991
-0,005728681
0,2886081
0,1275089
0,007652309
0,2764872
0,06831315
0,03095843
0,3369578
0,004396141
0,003142225
0,4642664
0,2166937
0,1066045
0,2957811
0,1104526
0,06731674
0,1823916
0,0126752
-0,05719705
0,4812027
0,1330429
-0,05719705
0,4812027
0,1330429
-0,05178268
0,3219526
0,07833868
-0,05178268
0,3219526
0,07833868
-0,09976684
0,5435863
0,1020697
-0,06948149
0,3637948
0,05818226
-0,08753641
0,4662838
0,1059907
-0,07887132
0,4498144
0,05980728
-0,1189398
0,7558973
-0,05088766
-0,08089981
0,5727835
-0,09039947
-0,06091091
0,5219488
0,03339139
-0,01961434
0,2713244
0,1016028
-0,003247642
0,2606066
0,2365828
0,01845593
0,0971416
0,2854132
0,02113146
-0,003136599
0,2146285
0,0275095
-0,03090754
0,3904802
0,00888338
0,03729598
0,2242637
0,01793839
-0,1039756
0,3964453
0,04690931
-0,3725463
0,5089729
0,05503961
-0,4840805
0,3495313
0,05754763
-0,5522644
0,2378601
0,07612317
-0,8358182
0,1752496
-0,002702862
-0,06386504
-0,04543186
0,0316864
-0,02274019
-0,0387166
0,01337833
-0,01461093
-0,03885769
0,001366308
-0,007176157
-0,07755411
-0,02633127
0,0138675
-0,1430134
-0,03478365
0,1298044
-0,2043733
-0,0573177
0,3167567
-0,3091878
-0,04949658
0,2824632
-0,220963
-0,04018866
0,2241646
-0,1651776
-0,03042083
0,2198164
-0,238937
-0,02540692
0,2081687
-0,2106557
-0,01606854
0,1759822
-0,1841674
-0,009690275
0,109327
-0,06985502
0,001450077
0,02769782
0,02286727
-0,002310792
-0,0002198452
0,04229725
-0,002420852
-0,0006987248
0,02655636
-0,007152296
-0,01106074
0,03371383
0,006231535
-0,004432873
0,03265849
0,01071216
-0,03738568
0,05824136
0,01004069
-0,03618339
0,07161884
0,008288051
-0,03061734
0,07353591
0,01348207
-0,05012126
0,1514228
0,002324987
-0,005307303
0,09682146
0,0008356035
-0,01290643
0,1094838
-0,00238185
-0,01087205
0,09887621
-0,01261192
0,001931322
0,1067922
-0,02847024
0,002286713
0,1469263
-0,03493592
-0,003286246
0,1538446
-0,03913662
0,01211241
0,1405654
-0,06292014
0,03556804
0,2111751
-0,04286258
0,03264529
0,1163969
-0,04352823
0,04001371
0,1141154
-0,02972193
0,0003491415
0,1223149
-0,01097443
-0,02742713
0,0736938
0,0009556881
-0,05015112
0,03552995
0,005029493
-0,02908413
0,0176404
0,007298511
-0,0175845
0,01502702
0,01001947
-0,03310396
0,02528779
0,008666944
-0,04117075
0,03649567
0,004159834
-0,03208748
0,07489173
0,00417776
-0,04695964
0,1039416
0,01505396
-0,1600658
0,1462141
0,02594725
-0,2429045
0,1882048
0,01827897
-0,1348859
0,130661
0,01713746
-0,06649587
0,09772857
0,01543355
-0,02235382
0,004608893
0,01697394
0,1477947
-0,1892056
0,003052114
0,2981022
-0,2831183
-0,01037323
0,2719907
-0,295694
-0,01424265
0,3441433
-0,2661513
0,005264435
0,183673
-0,08225758
0,02225238
0,002158249
0,03905931
0,009573528
0,06608661
0,07184638
-0,009543944
0,1777458
0,004477592
-0,02719892
0,3043236
-0,01678055
-0,01543882
0,1957684
0,01113522
-0,001840169
0,02233545
0,03708669
0,0003432981
-0,02498612
0,07324883
0,01006753
-0,02190624
0,08667273
0,009643943
-0,03399071
0,1293978
-0,001749476
-0,03109721
0,1035755
0,003129526
-0,007768979
0,09704407
0,005444794
-0,03403904
0,1112896
0,005621924
-0,04163714
0,1133598
0,006257269
-0,05875922
0,1099582
0,007266262
-0,07945138
0,108795
0,01408167
-0,1580868
0,1644845
0,01564807
-0,197951
0,1725196
0,01198816
-0,1870878
0,1657838
0,0116137
-0,2672454
0,2364887
0,01343235
-0,4340116
0,360993
0,007951711
-0,3264933
0,2443234
-0,0001466846
-0,3528518
0,2161804
-0,04505371
-0,007184082
0,1163636
-0,02718704
-0,0186034
0,03996056
0,002729178
-0,2538768
0,05873571
0,001826752
-0,1199204
0,01268486
0,002531868
-0,05866281
-0,04707151
-0,004007117
0,04410334
-0,08766895
-0,003041863
0,03703194
-0,05667209
-0,008228021
0,08295731
-0,05400852
-0,00872703
0,05759602
-0,005149362
0,004619236
-0,03694493
-0,05500317
0,01195828
-0,1132784
-0,03295601
0,01037469
-0,1048451
0,04322638
0,006291305
-0,1432068
0,1533926
0,003566022
-0,08980943
0,1272819
0,008569244
-0,2116822
0,2457653
0,02231364
-0,3111075
0,247402
0,01491886
-0,1662913
0,1369245
0,02004828
-0,162018
0,0831973
0,01968497
-0,1326887
0,06337656
0,03387129
-0,215708
0,07823198
0,05367659
-0,3194512
0,04772385
0,03932948
-0,2258653
0,007917776
0,05239107
-0,2842989
-0,0256599
0,03205556
-0,1861738
-0,02619203
0,03103547
-0,2385731
-0,02549264
0,02323301
-0,2377209
-0,004486882
0,01515797
-0,1959686
0,002065779
0,004548028
-0,1092937
-0,0005480325
0,0004271261
-0,1328979
0,004147915
-0,004786124
-0,1517462
0,01776391
-0,005823163
-0,15518
0,02199012
-0,01042347
-0,1777426
0,05191574
-0,01203018
-0,136672
0,06849032
-0,01203018
-0,136672
0,06849032
-0,01856346
-0,1948774
0,1302382
-0,01266321
-0,2006799
0,1326683
-0,01004093
-0,2323222
0,1543777
-0,007509604
-0,2157423
0,1600888
-0,003060953
-0,2307605
0,1572136
0,0003611905
-0,3081182
0,1866671
0,007227476
-0,4169878
0,2047362
0,01040776
-0,4471777
0,2025787
0,01210117
-0,3292558
0,1471068
0,01802479
-0,3919577
0,1636463
0,01754348
-0,2948045
0,1185391
0,0161079
-0,250517
0,08910143
0,0161079
-0,250517
0,08910143
0,01450604
-0,2618844
0,08838893
0,01450604
-0,2618844
0,08838893
0,01984786
-0,4968157
0,1944668
0,01810143
-0,4532935
0,1837621
0,01887897
-0,4049278
0,1327963
0,01999509
-0,3790405
0,1270234
0,01999509
-0,3790405
0,1270234
0,0153633
-0,1496059
0,09324436
0,01442556
-0,1168007
0,07286154
0,01442556
-0,1168007
0,07286154
0,01281978
-0,1897532
0,1072117
0,01082049
-0,1897465
0,1004027
0,008544653
-0,200951
0,110549
0,008544653
-0,200951
0,110549
0,005957447
-0,2014812
0,1352026
0,0057373
-0,2179851
0,1678557
0,0057373
-0,2179851
0,1678557
-0,003051037
-0,1263445
0,2211969
-0,004533301
-0,06531305
0,1850045
-0,004533301
-0,06531305
0,1850045
-0,005558827
-0,06549968
0,1736175
-0,005126291
-0,06085587
0,1544449
-0,004709087
-0,0400216
0,1369071
-0,004709087
-0,0400216
0,1369071
-0,007483139
-0,02267655
0,1583423
-0,0119778
-0,04154155
0,1696943
-0,0119778
-0,04154155
0,1696943
-0,02729997
-0,08762565
0,2530451
-0,03007859
-0,09703506
0,2609647
-0,03007859
-0,09703506
0,2609647
-0,04668574
-0,1310771
0,3587273
-0,03662261
-0,1194665
0,2753027
-0,02437268
-0,07038374
0,1780665
-0,02437268
-0,07038374
0,1780665
-0,01548984
0,003311719
0,1239638
-0,009020267
-0,01154343
0,07159154
-0,009020267
-0,01154343
0,07159154
0,0009653353
-0,01281145
0,01905073
0,00844763
-0,005729669
-0,02887325
0,00844763
-0,005729669
-0,02887325
0,01391509
0,08960013
-0,05003927
0,01060714
0,1227392
-0,02275517
0,005147933
0,1704101
0,02587315
0,005147933
0,1704101
0,02587315
0,01368934
0,2465242
-0,005103744
0,021487
0,1970704
-0,06531366
0,021487
0,1970704
-0,06531366
0,02634224
0,270349
-0,0803825
0,02257441
0,2585569
-0,05632401
0,02257441
0,2585569
-0,05632401
0,02375145
0,2848457
-0,04765026
0,02854293
0,2262107
-0,08727468
0,02854293
0,2262107
-0,08727468
0,03184354
0,136046
-0,09436694
0,02128331
0,09841818
-0,003497783
0,005598913
0,05397583
0,0575374
0,005598913
0,05397583
0,0575374
-0,01253243
0,04817151
0,1507857
-0,01157448
0,03994145
0,1418255
-0,01157448
0,03994145
0,1418255
-0,01237588
0,01232786
0,125896
-0,01093273
0,01544621
0,09645125
-0,01093273
0,01544621
0,09645125
-0,0190034
0,02861891
0,1412995
-0,02146612
0,01577278
0,1562867
-0,04536415
-0,005742407
0,3164825
-0,04536415
-0,005742407
0,3164825
-0,05988705
-0,05096217
0,3941281
-0,05907579
-0,056534
0,3866213
-0,05907579
-0,056534
0,3866213
-0,0838206
-0,0299925
0,5326892
-0,08560707
-0,03031068
0,5527965
-0,08560707
-0,03031068
0,5527965
-0,08633259
-0,05329295
0,5345618
-0,08388962
-0,1303771
0,5081229
-0,08388962
-0,1303771
0,5081229
-0,04033958
0,02643995
0,2779223
-0,0297022
0,1036405
0,2100762
-0,03938973
0,1637456
0,2628965
-0,03938973
0,1637456
0,2628965
-0,06021337
0,1529021
0,3594021
-0,05537762
0,08147302
0,338017
-0,05537762
0,08147302
0,338017
-0,02451012
0,07548159
0,1960031
-0,01717933
0,1343439
0,1586279
-0,01717933
0,1343439
0,1586279
0,01230859
0,1798258
0,001553421
0,0166408
0,1908581
-0,03219962
0,01592729
0,2013384
-0,03581648
0,01592729
0,2013384
-0,03581648
0,009791955
0,235589
0,01077582
0,005205775
0,1172234
0,04501101
0,005205775
0,1172234
0,04501101
0,01340589
0,02266236
0,02681331
0,02393845
0,02131588
-0,04433853
0,02393845
0,02131588
-0,04433853
0,06891029
0,1187005
-0,2726643
0,0564609
0,1013581
-0,2204761
0,0564609
0,1013581
-0,2204761
0,04665986
0,08426613
-0,1719649
0,03506994
0,06805128
-0,1159495
0,02740829
0,07893711
-0,07790156
0,02740829
0,07893711
-0,07790156
0,01273435
0,09616489
0,01431654
0,008231676
0,08093761
0,03824615
0,008231676
0,08093761
0,03824615
-0,0007392643
0,05974406
0,09845743
-0,00654523
0,06113468
0,1191167
-0,00654523
0,06113468
0,1191167
-0,02877226
0,08756105
0,2323456
-0,03500128
0,09372993
0,2509057
-0,03330264
0,08637283
0,2215789
-0,03330264
0,08637283
0,2215789
-0,07010009
0,121447
0,3807294
-0,07836141
0,09740236
0,4096289
-0,07545101
0,1214634
0,3761735
-0,08883082
0,1948898
0,4058156
-0,08883082
0,1948898
0,4058156
-0,09127957
0,5206509
0,3605416
-0,03715183
0,4857822
0,11441
-0,01119411
0,4744359
-0,02081719
-0,001061936
0,3066209
-0,03585865
-0,001061936
0,3066209
-0,03585865
-0,004685774
0,2712235
-0,0007008062
-0,004685774
0,2712235
-0,0007008062
-0,0205576
0,2704092
0,08062344
-0,0205576
0,2704092
0,08062344
-0,02031269
0,3578374
0,05440499
-0,02638493
0,4688414
0,05234467
-0,04169447
0,3992195
0,1689035
-0,05213862
0,4513619
0,2357004
-0,004177384
0,412945
0,05382349
0,008676689
0,4061391
0,05689032
0,0218444
0,2131829
0,03983942
0,04492295
0,1750789
0,03662298
0,04657027
0,0958999
-0,0009772963
0,05083454
0,1735755
-5,165196E-05
0,03437358
0,3015575
0,03703928
0,01454
0,3101477
0,02731491
0,007459619
0,3130197
0,01270846
-0,007319843
0,2499399
0,1001061
-0,0160748
0,08137007
0,2787284
0,003111604
-0,08435817
0,3321511
0,01552289
-0,02819153
0,1909557
0,008833067
0,1494456
0,1418887
-0,009233728
0,1179067
0,2016184
-0,0237498
0,08234338
0,3145335
-0,06090128
-0,008688862
0,5104043
-0,03098379
-0,07878029
0,3698877
-0,008088053
0,008245868
0,2401103
0,003396616
0,2161018
0,085678
-0,002696195
0,2713801
0,001799597
0,008160676
0,2431725
-0,05502627
0,0181243
0,07214896
-0,04730564
0,05501404
-0,07103933
-0,1137798
0,07561211
0,09094786
-0,3150968
0,01952746
0,1592447
-0,1276455
-0,03876952
0,1086792
-0,03033677
-0,04273518
0,0008417219
0,03476888
-0,04042893
0,02297336
0,03629406
-0,005236197
-0,005608112
0,01006024
0,006485133
-0,02182939
0,01776417
0,01966277
-0,03339684
0,02265041
0,005828429
-0,01269532
0,009040132
0,003773183
-0,02672531
0,02040514
0,01220904
-0,03371841
0,002940193
-0,001256019
-0,01394461
-0,01081134
-0,01380938
0,003204193
-0,01645863
-0,0002963692
0,01397486
-0,01351246
-0,01347316
0,02330917
-0,01632361
-0,03250473
0,0259523
-0,01238455
-0,008071482
0,01236795
-0,009738296
0,004096027
0,02549502
-0,02503832
0,01233637
-0,04187806
-0,04675316
0,01632302
-0,07215511
-0,0409778
0,009832246
-0,0652156
-0,04946924
0,009087576
-0,06018386
-0,04624094
0,007935619
-0,07603589
-0,06173646
0,02747351
-0,2516612
-0,0915179
0,007162833
-0,1430591
-0,02554736
-0,0005735681
-0,1356979
-0,01431341
-0,01118633
-0,1676601
0,00727968
-0,03129655
-0,1887607
0,09747273
-0,05353957
-0,4246621
0,2017174
-0,05334954
-0,464476
0,1977211
-0,06311414
-0,4957184
0,2656765
-0,08844256
0,001199931
0,07332131
-0,02926073
0,008946329
0,09054654
-0,02894608
0,003388339
0,1380382
-0,02149342
0,03930172
0,09099132
-0,05303473
0,2083363
0,1778796
-0,04522911
0,2631013
0,10689
-0,043733
0,2631003
0,09546512
-0,08617918
0,368489
0,2521991
-0,07783385
0,3105639
0,2345204
-0,08027896
0,4013609
0,1901638
-0,06498946
0,3196595
0,1421107
-0,06632476
0,3612486
0,1477597
-0,02921996
0,2137934
0,1090089
-0,01246435
0,1337001
0,05371778
-0,0116567
0,1117559
0,03709628
-0,01671891
0,1209324
0,04975269
-0,004474354
0,07200933
0,03023006
-0,003533041
0,02784756
0,05668923
-0,005690797
0,00195739
0,03469355
0,01977133
-0,04612347
0,05963844
0,007243568
-0,1132888
0,07842262
-0,007423367
-0,1224988
0,07358459
-0,016331
-0,0609838
0,06106224
-0,0298734
3,255166E-05
0,06178488
-0,03838266
-0,06031827
0,1120435
-0,04217574
-0,1673398
0,1854041
-0,0382072
-0,02828228
0,110966
-0,0460368
0,005529754
0,120791
-0,03281752
0,09408369
0,08722825
-0,00529509
0,02146345
0,08706042
-0,01624237
0,1042213
0,08582736
0,007968694
-0,002293751
0,03375104
0,0239908
0,007403616
0,008871056
0,02927586
-0,1314418
-0,03798554
0,06360187
-0,2152065
-0,09691621
0,1207622
-0,316944
-0,1930907
0,1234433
-0,316002
-0,1903555
0,1489562
-0,3431748
-0,2340079
0,1466436
-0,2840928
-0,2386595
0,1601621
-0,2622051
-0,2521813
0,1071946
-0,1414391
-0,1618105
0,03673446
-0,01037052
-0,05651385
0,009842801
-0,02680598
0,02682227
0,002679627
-0,04663701
0,04091252
-0,00242902
-0,05073403
0,04890374
-0,0220645
-0,04460332
0,1072802
-0,0335137
0,03008086
0,1038446
-0,07544753
0,1371522
0,1795467
-0,08665594
0,1616522
0,1977922
-0,05684127
0,06589181
0,1502079
-0,06661167
0,04741981
0,1775247
-0,01599951
-0,03195491
0,06111196
0,008062638
-0,137211
0,03009057
0,01665589
-0,2232642
0,03898497
0,02007698
-0,1429036
-0,006911964
0,0323014
-0,2198215
-0,02020556
0,0163654
-0,151623
0,006172843
0,005934082
-0,1626976
0,0359418
-0,002500032
-0,1962741
0,07997048
-0,00725915
-0,1199794
0,07825625
-0,0245162
-0,1093995
0,1320576
-0,03203925
-0,04101305
0,136837
-0,05375755
-0,0650961
0,220799
-0,05615528
-0,06190618
0,2305043
-0,03889923
-0,04332151
0,1638147
-0,01583161
-0,1637198
0,1393524
0,003845129
-0,3087254
0,1352188
0,002535866
-0,296953
0,1414169
0,003489497
-0,2950757
0,1418796
0,008389414
-0,1830214
0,07336539
0,02148227
-0,2486852
0,06525627
0,02591094
-0,2474979
0,0601562
0,02365678
-0,155297
0,02813316
0,02728171
-0,1545709
0,01854958
0,04314117
-0,1774857
-0,005976922
0,04674356
-0,169463
-0,01387172
0,06063179
-0,2260455
-0,01938156
0,06754752
-0,2629564
-0,005728829
0,06891821
-0,2280378
-0,01519947
0,06799363
-0,2245746
-0,007872859
0,05934426
-0,2413884
0,0403794
0,04916534
-0,274875
0,08764891
0,03796896
-0,2901617
0,1133196
0,0210084
-0,2079281
0,1013334
0,02415796
-0,1781255
0,07530931
0,02629123
-0,1789696
0,0618677
0,03789229
-0,2645963
0,05907525
0,03688139
-0,2857618
0,0620103
0,0309477
-0,2539427
0,05839434
0,01722028
-0,2241435
0,07690924
0,01722028
-0,2241435
0,07690924
-0,01217441
-0,1730179
0,152835
-0,01165388
-0,1148486
0,1227133
-0,01165388
-0,1148486
0,1227133
-0,014462
-0,06978834
0,1167991
-0,03006992
-0,04957212
0,1594456
-0,02793025
-0,04448413
0,1421989
-0,02976666
-0,0312929
0,1396691
-0,02976666
-0,0312929
0,1396691
-0,03296155
-0,01184376
0,1455778
-0,03280559
-0,005435477
0,1347339
-0,02982912
-0,01052332
0,1197232
-0,02982912
-0,01052332
0,1197232
-0,03343513
-0,04935972
0,1390296
-0,03017574
-0,06460008
0,1304504
-0,03017574
-0,06460008
0,1304504
-0,02269917
-0,1157599
0,113278
-0,01727473
-0,09617539
0,08627401
-0,01071155
-0,08088664
0,05911007
-0,01071155
-0,08088664
0,05911007
-0,01353562
-0,08891056
0,06185364
-0,012163
-0,07208387
0,0519632
-0,01599058
-0,05971239
0,0553467
-0,0182917
-0,06468648
0,0608986
-0,0182917
-0,06468648
0,0608986
-0,01970414
-0,1049965
0,068402
-0,01418586
-0,1193861
0,05835691
-0,01418586
-0,1193861
0,05835691
-0,01137644
-0,1725124
0,06519654
-0,009678271
-0,1741236
0,06701269
-0,009678271
-0,1741236
0,06701269
-0,001036042
-0,2056792
0,05930804
-0,00178331
-0,2122885
0,06086558
-0,006854606
-0,2639928
0,07992873
-0,006854606
-0,2639928
0,07992873
-0,006915675
-0,3429087
0,0778413
-0,01518654
-0,3416659
0,09707818
-0,01518654
-0,3416659
0,09707818
-0,08004095
-0,5972928
0,2869354
-0,06185909
-0,5137306
0,2294924
-0,06185909
-0,5137306
0,2294924
-0,03231768
-0,2313337
0,1265784
-0,02763994
-0,1236419
0,104423
-0,0328141
-0,05662326
0,1163782
-0,0328141
-0,05662326
0,1163782
-0,02526577
-0,0200527
0,09051538
-0,01854682
-0,01762367
0,07441301
-0,01854682
-0,01762367
0,07441301
0,0009964482
-0,0219895
0,03180845
0,004470984
-0,02020695
0,02512936
0,004470984
-0,02020695
0,02512936
0,01654086
0,03164122
0,003778401
0,0272848
0,05947813
-0,003793225
0,02554422
0,03047669
0,004123268
0,02554422
0,03047669
0,004123268
0,06285002
-0,09074115
-0,02200443
0,07745681
-0,1114189
-0,06981678
0,07745681
-0,1114189
-0,06981678
0,1021451
-0,1987799
-0,1144777
0,08470794
-0,2266786
-0,07758693
0,08470794
-0,2266786
-0,07758693
0,06596186
-0,3048689
0,0005009462
0,05235229
-0,2333703
0,01593167
0,05235229
-0,2333703
0,01593167
0,02662453
-0,151405
0,0400686
0,005817978
-0,1466539
0,0901353
-0,007522229
-0,1411441
0,1180176
-0,007522229
-0,1411441
0,1180176
-0,01779226
-0,1242726
0,1563352
-0,04349141
-0,08063371
0,1700523
-0,04349141
-0,08063371
0,1700523
-0,06134281
-0,1156222
0,2605525
-0,04192857
-0,1262768
0,251476
-0,04192857
-0,1262768
0,251476
-0,05403872
-0,03122905
0,3131157
-0,05746904
0,04534122
0,3134225
-0,0755292
0,114009
0,3752969
-0,0755292
0,114009
0,3752969
-0,07573814
0,2045271
0,3566021
-0,04721376
0,165695
0,2738373
-0,04721376
0,165695
0,2738373
-0,01223065
0,1812819
0,1499759
-0,002007528
0,112994
0,07525672
-0,002007528
0,112994
0,07525672
0,00895952
0,1702293
0,08293997
0,01182448
0,1518102
0,07380477
0,01781992
0,1308771
0,05700671
0,01781992
0,1308771
0,05700671
0,04029289
0,1677781
0,02568
0,05654196
0,2486569
0,04000951
0,05654196
0,2486569
0,04000951
0,04228114
0,2232552
0,05837368
0,03953337
0,1721251
0,02760006
0,03953337
0,1721251
0,02760006
0,04976897
0,1805718
8,221689E-06
0,05735867
0,2045826
-0,04060011
0,05735867
0,2045826
-0,04060011
0,06210394
0,3027174
-0,08166879
0,05484931
0,312363
-0,08086679
0,05508395
0,3465471
-0,09059415
0,05508395
0,3465471
-0,09059415
0,0553065
0,4342841
-0,1261893
0,0309138
0,3710822
-0,08127068
0,0309138
0,3710822
-0,08127068
-0,004115144
0,4905851
-0,02307236
-0,008780565
0,2936492
0,002199094
-0,008780565
0,2936492
0,002199094
-0,04113104
0,2210726
0,08134035
-0,03989753
0,1597489
0,08048035
-0,04812671
0,1511047
0,0995985
-0,04812671
0,1511047
0,0995985
-0,06472483
0,1116036
0,1423282
-0,0545852
0,04606011
0,1271262
-0,0545852
0,04606011
0,1271262
-0,09153639
-0,01523368
0,2265529
-0,08591267
-0,02756412
0,2168219
-0,08591267
-0,02756412
0,2168219
-0,07409555
-0,00210738
0,1894215
-0,08468728
-0,01573757
0,2158056
-0,1002143
-0,07608232
0,264052
-0,08986579
-0,08779664
0,241056
-0,02519042
-0,005656551
0,07393792
-0,02896176
0,002469748
0,08240092
-0,02896176
0,002469748
0,08240092
-0,0207698
0,02030878
0,06148674
-0,02059359
0,04603763
0,06312279
-0,01932465
0,04077837
0,06196309
-0,01817952
0,03757454
0,06057252
-0,01817952
0,03757454
0,06057252
-0,0219155
0,02013049
0,0823436
-0,01336208
0,002679928
0,06685933
-0,007784201
0,003901279
0,05056814
-0,007784201
0,003901279
0,05056814
0,00495678
0,006292429
0,02812728
0,005168507
-0,004221741
0,03222617
0,005168507
-0,004221741
0,03222617
0,00599289
-0,03043474
0,06203479
0,00288018
-0,02377661
0,07163142
0,00288018
-0,02377661
0,07163142
0,004290118
-0,01267579
0,07910701
0,003335962
-0,007885026
0,08595631
0,002760835
0,003253351
0,08683442
0,002760835
0,003253351
0,08683442
-0,01448291
0,009900475
0,1622783
-0,02183074
0,01299287
0,178807
-0,02183074
0,01299287
0,178807
-0,03066807
0,04662221
0,1809218
-0,02788512
0,07478442
0,177324
-0,02788512
0,07478442
0,177324
-0,0175792
0,07853206
0,1348042
0,004306018
0,03302355
0,08462908
-0,02856222
0,07314204
0,163579
-0,02856222
0,07314204
0,163579
0,002814732
0,03640664
0,1275844
-0,0441427
0,09785507
0,2177134
-0,0441427
0,09785507
0,2177134
-0,09345336
-0,0187593
0,1623134
-0,05148195
0,1407461
0,2634755
-0,05148195
0,1407461
0,2634755
0,02052933
0,07252665
0,1732644
-0,04423231
0,1050362
0,1858321
-0,04081438
0,1129743
0,1868081
-0,04081438
0,1129743
0,1868081
-0,06203109
0,1445881
0,246332
-0,1181032
0,2899636
0,4724362
-0,1181032
0,2899636
0,4724362
closestDistance
0,1167402
0,1265656
0,1199777
0,1172036
0,1216524
0,1222991
0,1204986
0,1203173
0,1193834
0,1179326
0,1170671
0,1154439
0,1130026
0,1094669
0,1049338
0,1083322
0,1082603
0,1069768
0,10357
0,1003155
0,09958958
0,09648844
0,09977524
0,09545878
0,09300878
0,08893412
0,0853866
0,0815396
0,08360279
0,08137101
0,08009828
0,07863417
0,07786845
0,07718164
0,07592658
0,07487805
0,07305818
0,07200776
0,06748243
0,06518257
0,06610166
0,06252147
0,05417675
0,05021739
0,05867497
0,05868099
0,05837122
0,05929662
0,05631799
0,06208391
0,05476808
0,04853575
0,04482896
0,04132422
0,03364384
0,03421628
0,03044152
0,0252463
0,02364506
0,02541633
0,02663261
0,02619426
0,02576924
0,0246749
0,02382887
0,02308706
0,02344229
0,02599327
0,02780423
0,03045156
0,02753107
0,03136707
0,03379916
0,03769773
0,04177772
0,04378805
0,04808768
0,03206483
0,03635913
0,03745896
0,03883701
0,0723693
0,07068095
0,07596175
0,072484
0,07984199
0,07558174
0,07010461
0,06966846
0,08553264
0,06734473
0,08855478
0,08973822
0,09471164
0,1013248
0,09632879
0,09535075
0,1056038
0,1095228
0,1077089
0,1086695
0,111112
0,1181679
0,1203135
0,1113641
0,1139543
0,1162424
0,1085884
0,1093877
0,1099895
0,1104666
0,1139948
0,1159569
0,1158355
0,1222235
0,1195719
0,1176537
0,114012
0,1247628
0,1030309
0,1005984
0,09688529
0,09678908
0,08940648
0,08950616
0,09141161
0,09217304
0,08786789
0,08119628
0,09389705
0,1032962
0,09926425
0,1073804
0,1033069
0,115185
0,1054907
0,1057104
0,1064855
0,1093097
0,112387
0,1145689
0,1167887
0,1024543
0,1058033
0,1095116
0,1174605
0,1117205
0,09786465
0,0774823
0,08397868
0,09068868
0,1020503
0,1014761
0,1034037
0,09862375
0,098577
0,09363517
0,08543615
0,08222863
0,08589408
0,08120245
0,09746624
0,0984449
0,09418037
0,09521002
0,09640103
0,09766712
0,09873605
0,1005263
0,0960112
0,09872115
0,1031582
0,1076593
0,1009832
0,1024247
0,09568038
0,09699824
0,09792995
0,09906525
0,0891972
0,08981203
0,09064125
0,09149465
0,09913378
0,1019583
0,0886382
0,09468517
0,1011501
0,09655184
0,09827559
0,09249101
0,09037825
0,07173443
0,07382222
0,07419138
0,07500818
0,06738123
0,1142272
0,1070692
0,1128764
0,1068143
0,1118208
0,1152587
0,1102879
0,1137292
0,1167946
0,1142846
0,1172256
0,08405419
0,08519726
0,08683126
0,1043309
0,1048959
0,08557462
0,08551987
0,08549421
0,1043308
0,1065868
0,08944749
0,1075566
0,1092677
0,1090996
0,105521
0,1086848
0,1090656
0,1122168
0,1051395
0,1075992
0,1091043
0,1072817
0,1071819
0,1069921
0,1068331
0,1068255
0,1080614
0,1099479
0,112319
0,1049744
0,1054182
0,1059998
0,1064435
0,1063706
0,1070472
0,1084901
0,1043042
0,1104225
0,1108737
0,1048444
0,1061148
0,108294
0,101917
0,1033986
0,1047445
0,1057256
0,1067761
0,1080193
0,1031825
0,1041338
0,104995
0,105831
0,1067653
0,1079299
0,09727789
0,09873089
0,1003934
0,1022361
0,09694005
0,09921742
0,1015888
0,1039521
0,099241
0,1044272
0,1051997
0,0987812
0,09932233
0,1002551
0,1014553
0,1029022
0,1078804
0,1106571
0,09912287
0,1007423
0,1032359
0,1011347
0,1062561
0,09739762
0,09835915
0,09973513
0,1018854
0,1107012
0,1021618
0,09771716
0,09485102
0,110082
0,100691
0,09758046
0,09950499
0,09821744
0,0944332
0,1094355
0,1126393
0,1093393
0,1121709
0,1079516
0,09368226
0,1113995
0,09178291
0,09277823
0,08841609
0,09302872
0,08770961
0,09378788
0,0888797
0,1167164
0,110691
0,1105504
0,1078367
0,0841445
0,1082711
0,1119357
0,1204855
0,1176374
0,1161674
0,1113413
0,1000177
0,1152862
0,1091321
0,1067849
0,09854288
0,10699
0,1051477
0,1039052
0,09794661
0,1144956
0,1066798
0,1038222
0,1035413
0,1032768
0,1023367
0,09953415
0,1017488
0,09666398
0,08298921
0,1002205
0,1022677
0,08873556
0,1114971
0,1212032
0,1146248
0,1151664
0,1153951
0,1156422
0,1158929
0,1162425
0,1167163
0,1174979
0,1189212
0,1210032
0,1229439
0,1519834
0,1136905
0,116242
0,1193368
0,1213133
0,1256272
0,09678447
0,09956282
0,1562207
0,09420043
0,09548974
0,09624474
0,09668632
0,09729185
0,09871162
0,1002122
0,1041545
0,107417
0,1122544
0,0995689
0,103245
0,09531209
0,07996205
0,07175172
0,08426677
0,08609217
0,1175942
0,1468516
0,148545
0,1509296
0,1134068
0,1159155
0,1125639
0,1136786
0,1150932
0,1081033
0,110001
0,111799
0,1138114
0,1158937
0,1181834
0,1108081
0,1137907
0,117031
0,1096361
0,1248526
0,113065
0,1209743
0,1042353
0,1006749
0,09704862
0,09997436
0,1034425
0,104583
0,1027927
0,09988944
0,09773256
0,0957552
0,09486898
0,09536203
0,09928996
0,1033413
0,1099541
0,09521563
0,09430515
0,1074297
0,08642796
0,08641591
0,09120743
0,09400617
0,09518511
0,1052492
0,1037646
0,1000731
0,1147978
0,1089392
0,1121225
0,1048116
0,1067566
0,1101464
0,1052045
0,1094579
0,1114397
0,1051847
0,1101331
0,1135845
0,1057942
0,111666
0,1070371
0,1169854
0,1151867
0,1128225
0,1184367
0,1146675
0,110432
0,1138708
0,1185433
0,1136938
0,1199545
0,1176011
0,1206039
0,1134769
0,1187595
0,1126886
0,1146959
0,1165032
0,1108941
0,1136653
0,1164897
0,1194069
0,1012321
0,1044728
0,1079375
0,1108179
0,1133495
0,1152801
0,117084
0,1188632
0,1131954
0,10137
0,1027757
0,1042213
0,106006
0,1085591
0,1115236
0,1146424
0,1189197
0,1093483
0,09948296
0,1016852
0,1032117
0,104255
0,104997
0,1052753
0,1052691
0,1049613
0,103745
0,1024337
0,1011787
0,1133625
0,1116841
0,109693
0,1076325
0,1050483
0,1024746
0,1130625
0,1106715
0,1083969
0,1062104
0,116663
0,1194465
0,1187055
0,118843
0,1195235
0,1206025
0,1218957
0,1106979
0,1118284
0,1128088
0,1140851
0,1130106
0,114907
0,1185204
0,1230611
0,1036145
0,102048
0,1072592
0,1243527
0,1017973
0,1077649
0,1045271
0,1008637
0,09551036
0,09862208
0,1016976
0,09662381
0,101155
0,09727526
0,1014492
0,11287
0,1056431
0,07653172
0,07408638
0,07142926
0,1090372
0,1092573
0,0945444
0,09647998
0,0980413
0,09317181
0,09346202
0,09326196
0,09183765
0,09042254
0,089334
0,09575254
0,09513866
0,09477448
0,09482239
0,09555608
0,09663922
0,09776513
0,09915668
0,1006012
0,09568067
0,09838835
0,1011975
0,1041023
0,1004436
0,1039759
0,09504662
0,1030042
0,1081536
0,07153916
0,1024506
0,07953954
0,0670618
0,06500307
0,06783997
0,1079842
0,1033921
0,1123438
0,1027254
0,1058388
0,1030215
0,1132044
0,09839109
0,1095174
0,1115795
0,1109906
0,1080142
0,1037335
0,1065679
0,09892553
0,1004329
0,09960533
0,09998342
0,0992569
0,1046959
0,0952545
0,09975148
0,1067288
0,1081223
0,1181015
0,1194279
0,1267013
0,1186817
0,1221533
0,1073982
0,1037348
0,1020497
0,09382244
0,1168687
0,1107853
0,1114994
0,1120284
0,1411884
0,141047
0,1408745
0,1407505
0,1420206
0,1416749
0,1412541
0,1408505
0,1406746
0,1407153
0,1407745
0,1408765
0,1409609
0,1400417
0,1377928
0,1055665
0,1388998
0,1381029
0,1102141
0,1073322
0,1109107
0,1079732
0,141123
0,1189396
0,1069646
0,0989436
0,09806392
0,1013457
0,1058274
0,1065181
0,1056924
0,09657771
0,09202901
0,1024267
0,1005896
0,09006162
0,08989743
0,102788
0,09767187
0,1022465
0,1053497
0,09845687
0,1000367
0,100849
0,1004078
0,09960371
0,09659419
0,09249973
0,09922029
0,101319
0,1010157
0,09812119
0,09288545
0,102222
0,1049165
0,09726817
0,102726
0,106115
0,09594626
0,09293226
0,09692737
0,08825519
0,08480034
0,07175263
0,07051928
0,06555498
0,1057518
0,1038421
0,08575356
0,08722897
0,08990329
0,09216949
0,09392087
0,09468152
0,1090309
0,09032319
0,08298722
0,08233948
0,08065901
0,07546657
0,0790803
0,07413396
0,07693078
0,07262498
0,09542333
0,07141428
0,1005215
0,08302377
0,07533507
0,07494064
0,07522277
0,08332038
0,08694736
0,07982678
0,07864995
0,08238614
0,07823054
0,09215362
0,0879247
0,08581034
0,07785628
0,0720677
0,07570746
0,07204411
0,07461189
0,07103344
0,07139566
0,06760623
0,112651
0,1073823
0,1039271
0,1069128
0,1131346
0,10823
0,1121186
0,1067542
0,1100676
0,1130764
0,1028356
0,1049763
0,1066277
0,1094676
0,1109217
0,1123369
0,108832
0,1098011
0,110765
0,111617
0,1125137
0,113789
0,1152868
0,1085603
0,08377566
0,08583167
0,087507
0,08880553
0,1549508
0,154632
0,1540884
0,1537189
0,1533097
0,1530028
0,1527819
0,1527206
0,1528222
0,1530091
0,1532739
0,1491887
0,1496102
0,1501271
0,1507677
0,1381789
0,1392316
0,1487908
0,1496041
0,1371196
0,1389066
0,1004637
0,1003168
0,1000229
0,140023
0,1390966
0,1381053
0,1373357
0,1367385
0,1362931
0,1360335
0,09464925
0,09401773
0,1405194
0,1399706
0,1400364
0,1406367
0,1069541
0,1075137
0,1084251
0,1099373
0,1051608
0,1147582
0,110332
0,1117465
0,1136755
0,1097933
0,112176
0,114795
0,1174674
0,1063595
0,1096509
0,113128
0,1167765
0,1117704
0,1148422
0,08869744
0,1080705
0,1114834
0,09491743
0,09168712
0,09623948
0,09368593
0,1001111
0,0976065
0,09506086
0,09267396
0,099004
0,1003109
0,09766448
0,0942784
0,1066151
0,09602565
0,09354034
0,09945612
0,09693098
0,09437601
0,09954666
0,1101229
0,08962344
0,1176928
0,1157345
0,147283
0,09984266
0,09808597
0,1092463
0,1107644
0,09197352
0,09493157
0,09738938
0,07705063
0,08854022
0,09090645
0,0926487
0,09437873
0,09048507
0,09190237
0,09576137
0,09034977
0,08942628
0,08959886
0,09017535
0,09010051
0,09299695
0,09261133
0,09151598
0,0908318
0,09023723
0,08963671
0,08920051
0,08884538
0,08861494
0,08842195
0,08823878
0,08806892
0,08794979
0,08796646
0,08800042
0,08803055
0,08792143
0,08777006
0,0875949
0,08731967
0,08696179
0,1017894
0,1012986
0,1007174
0,1000443
0,09589122
0,09477518
0,09388041
0,09319279
0,09773694
0,1024971
0,1015993
0,09216338
0,1007287
0,1006098
0,09993125
0,09738274
0,09477044
0,09445871
0,0931171
0,09098405
0,09141187
0,08735464
timeStamps
5,279114
5,306907
5,322055
5,348525
5,363832
5,378497
5,404146
5,418976
5,433279
5,459991
5,475752
5,501861
5,529671
5,544529
5,571418
5,586548
5,613122
5,628471
5,654934
5,670033
5,697028
5,72473
5,740383
5,766324
5,781448
5,808216
5,823849
5,849963
5,865342
5,891509
5,907558
5,932983
5,948057
5,963551
5,988586
6,003922
6,030904
6,045897
6,072854
6,100404
6,11597
6,14204
6,15771
6,183803
6,199412
6,226044
6,253437
6,269956
6,295064
6,311072
6,337047
6,353354
6,378402
6,39397
6,420717
6,44846
6,464842
6,489901
6,505708
6,532019
6,548062
6,573493
6,58946
6,61521
6,631234
6,656927
6,672563
6,698708
6,714738
6,740819
6,757332
6,782302
6,798311
6,823843
6,840149
6,865771
6,893848
6,921806
6,937696
6,963278
6,979088
7,005045
7,020556
7,046913
7,062325
7,089132
7,116829
7,132946
7,158259
7,174694
7,199727
7,216245
7,241974
7,269755
7,297851
7,325417
7,353803
7,381543
7,409343
7,437297
7,465331
7,493163
7,521099
7,548722
7,576772
7,604825
7,632228
7,660423
7,688112
7,716084
7,74374
7,77188
7,799336
7,827619
7,854929
7,883047
7,910857
7,939179
7,966627
7,994298
8,022183
8,049932
8,078476
8,106962
8,133566
8,161175
8,18901
8,216961
8,245153
8,272917
8,30081
8,328315
8,356933
8,384425
8,412493
8,440144
8,468202
8,495771
8,523438
8,551414
8,579288
8,607106
8,634835
8,66267
8,690987
8,718721
8,746462
8,774321
8,802004
8,830281
8,857766
8,885592
8,913486
8,941466
8,96949
8,996846
9,024786
9,052794
9,080904
9,108252
9,136664
9,164307
9,192255
9,219599
9,247752
9,27542
9,303935
9,33098
9,359249
9,386744
9,414868
9,442349
9,470683
9,498259
9,52631
9,553721
9,582161
9,609449
9,637878
9,665152
9,693478
9,720869
9,74896
9,776613
9,804417
9,832621
9,860314
9,887903
9,915881
9,943681
9,971731
9,999711
10,02711
10,05531
10,08323
10,11083
10,139
10,16679
10,183
10,21012
10,22545
10,25295
10,26931
10,28526
10,2999
10,31634
10,34274
10,35896
10,37371
10,38863
10,41417
10,42854
10,44346
10,45751
10,47138
10,48613
10,49988
10,51373
10,52836
10,54187
10,5562
10,56944
10,58452
10,5987
10,61225
10,62653
10,63981
10,65274
10,66654
10,68086
10,69527
10,70871
10,72319
10,73722
10,75088
10,76498
10,7788
10,79248
10,80665
10,8212
10,8349
10,84834
10,86242
10,87633
10,89038
10,90441
10,9181
10,93215
10,94621
10,95972
10,97393
10,98774
11,00166
11,0165
11,02951
11,04332
11,05723
11,07119
11,08546
11,09968
11,11303
11,12748
11,14166
11,15523
11,16902
11,18271
11,19628
11,21039
11,22437
11,23819
11,25214
11,26651
11,28085
11,29467
11,30816
11,32296
11,33744
11,35085
11,36544
11,39097
11,40545
11,41918
11,43304
11,44691
11,46081
11,47486
11,48938
11,50311
11,51661
11,53057
11,54501
11,55891
11,57261
11,58794
11,60222
11,62766
11,64264
11,65654
11,67122
11,68549
11,71062
11,72476
11,73903
11,75436
11,76889
11,79449
11,80895
11,82358
11,85039
11,86548
11,89226
11,90777
11,9341
11,96226
11,97835
12,00357
12,01974
12,04537
12,07339
12,1017
12,12947
12,15703
12,18501
12,21301
12,24092
12,26875
12,29685
12,32424
12,35265
12,38011
12,40811
12,43581
12,46394
12,49141
12,51989
12,54716
12,57508
12,60296
12,63098
12,65862
12,68635
12,71472
12,74212
12,76981
12,79787
12,82578
12,8539
12,88154
12,90924
12,93691
12,96509
12,99327
13,02041
13,04836
13,07638
13,10414
13,1323
13,16002
13,18779
13,21543
13,24333
13,27122
13,29927
13,32688
13,35503
13,38281
13,41047
13,43846
13,46634
13,49388
13,52196
13,54964
13,57806
13,60517
13,63365
13,66096
13,6893
13,7165
13,74445
13,77254
13,80041
13,8281
13,856
13,88389
13,91187
13,93994
13,96738
13,99516
14,02305
14,05103
14,07894
14,10647
14,13432
14,16254
14,19011
14,2183
14,24582
14,27353
14,30146
14,32924
14,35752
14,38507
14,41294
14,4407
14,46889
14,49616
14,52416
14,55217
14,57997
14,60795
14,63568
14,66364
14,69092
14,71914
14,74696
14,77482
14,80253
14,83031
14,8583
14,88624
14,91393
14,94174
14,97006
14,99738
15,0253
15,05316
15,0811
15,10895
15,13705
15,16492
15,19239
15,22032
15,24798
15,27584
15,29187
15,31778
15,34524
15,36139
15,38726
15,41459
15,44273
15,4578
15,47273
15,49788
15,51279
15,52798
15,55371
15,56908
15,59567
15,61162
15,63698
15,6512
15,6659
15,68081
15,69471
15,72089
15,73572
15,75049
15,76368
15,78996
15,80452
15,81873
15,83243
15,84591
15,85983
15,87389
15,88803
15,90215
15,91597
15,92981
15,94424
15,95788
15,97177
15,98622
15,99977
16,0136
16,02739
16,04132
16,05562
16,0695
16,08311
16,09734
16,11113
16,12519
16,13887
16,15294
16,16686
16,18117
16,19481
16,20865
16,22257
16,23653
16,25033
16,26426
16,27819
16,29217
16,30614
16,3201
16,3341
16,34805
16,36179
16,3756
16,38967
16,40354
16,41739
16,43142
16,44534
16,45924
16,47337
16,48705
16,50119
16,51504
16,52878
16,54278
16,55663
16,57074
16,58448
16,59845
16,61264
16,62662
16,64077
16,65398
16,66832
16,68202
16,69621
16,7099
16,72379
16,73755
16,75159
16,76549
16,77925
16,79338
16,80721
16,82141
16,835
16,84912
16,86318
16,87678
16,89088
16,90487
16,91888
16,93262
16,94658
16,96051
16,97453
16,98826
17,00235
17,01717
17,03043
17,04454
17,05774
17,07149
17,08552
17,09943
17,11379
17,12765
17,14165
17,15625
17,16984
17,18419
17,19817
17,21198
17,22524
17,23916
17,25351
17,26724
17,28084
17,29545
17,30895
17,32376
17,34904
17,36415
17,37813
17,39228
17,41891
17,43438
17,46107
17,47649
17,50257
17,51801
17,54449
17,55989
17,5866
17,60267
17,6279
17,64439
17,66968
17,69802
17,72578
17,75373
17,78178
17,8096
17,83769
17,86532
17,89331
17,92102
17,94881
17,97707
18,00452
18,0329
18,06018
18,08822
18,116
18,14396
18,17178
18,19964
18,22739
18,25549
18,28331
18,3109
18,33888
18,36656
18,39459
18,42289
18,45033
18,4779
18,50576
18,53374
18,56167
18,5902
18,61785
18,64557
18,67304
18,70078
18,72856
18,75641
18,78409
18,81238
18,83977
18,86788
18,89582
18,92377
18,95153
18,97955
19,00712
19,03466
19,06253
19,09043
19,11838
19,14618
19,17459
19,2018
19,22997
19,25777
19,28546
19,3138
19,34103
19,36912
19,39706
19,42467
19,45276
19,48033
19,50833
19,53613
19,56433
19,59188
19,61975
19,64725
19,67523
19,70378
19,73094
19,75882
19,78658
19,81459
19,84237
19,87021
19,89848
19,926
19,95382
19,9815
20,00922
20,0373
20,06515
20,09318
20,12067
20,14901
20,17638
20,20442
20,23226
20,26042
20,28778
20,3156
20,3437
20,37146
20,39918
20,42738
20,45485
20,48288
20,5105
20,53841
20,56636
20,59423
20,62207
20,64979
20,67799
20,70566
20,73337
20,7614
20,78904
20,81698
20,84472
20,87268
20,90047
20,92868
20,95664
20,98413
21,01193
21,03957
21,06768
21,09513
21,12316
21,15111
21,16685
21,19253
21,20888
21,23437
21,2626
21,28987
21,30553
21,33152
21,34739
21,37325
21,38916
21,41491
21,43006
21,45677
21,47251
21,49824
21,51248
21,527
21,54065
21,555
21,56861
21,58372
21,59778
21,61184
21,63748
21,6516
21,66618
21,6796
21,69341
21,70798
21,72149
21,73577
21,74952
21,76324
21,77706
21,79088
21,80592
21,8201
21,8346
21,84844
21,8627
21,88779
21,90167
21,91612
21,92978
21,94429
21,95805
21,97173
21,9857
21,99997
22,01371
22,02769
22,04173
22,05569
22,06971
22,08365
22,0976
22,11143
22,12548
22,13945
22,15325
22,16722
22,18113
22,19533
22,20897
22,2232
22,23707
22,25103
22,26483
22,27852
22,2925
22,30649
22,32045
22,3346
22,34827
22,36217
22,37601
22,39002
22,40391
22,41801
22,43172
22,4457
22,45972
22,47352
22,48754
22,5017
22,5153
22,52935
22,54315
22,55723
22,571
22,58473
22,59892
22,61296
22,62652
22,64056
22,65459
22,66856
22,68225
22,69646
22,71022
22,72401
22,73829
22,75183
22,7658
22,78008
22,79372
22,80772
22,8218
22,83547
22,84931
22,86322
22,8773
22,89098
22,90501
22,91936
22,93283
22,94681
22,96066
22,9748
22,98862
23,00244
23,01654
23,03032
23,04437
23,05852
23,07233
23,08671
23,10043
23,11405
23,12803
23,14199
23,15708
23,17101
23,18525
23,199
23,22501
23,24039
23,26686
23,28192
23,30829
23,32316
23,33762
23,35201
23,37753
23,39222
23,40565
23,41994
23,43307
23,44748
23,4614
23,47567
23,48938
23,50346
23,51815
23,53181
23,54542
23,5595
23,57277
23,58731
23,60109
23,61488
23,62849
23,64249
23,65648
23,67061
23,68442
23,69844
23,71252
23,72641
23,74029
23,75492
23,76862
23,78223
23,79692
23,8104
23,82392
23,83831
23,8524
23,86675
23,88102
23,89495
23,90848
23,92241
23,93664
