participantNumber
12
repetitionNum
3
sdfEnabled
1
taskTime
13,77325
numHits
30
positionDifference
0,09469438
angleDifference
109,4518
finalPosX
-0,08700222
finalPosY
0,05831989
finalPosZ
0,9227953
finalRotX
334,7585
finalRotY
76,07917
finalRotZ
255,611
taskType
easyWire
velocityMagnitude
0,2538349
0,5486722
0,5486722
0,9166242
0,647817
0,6032283
0,1868631
0,1868631
0,1408246
0,1408246
0,2764442
0,1752381
0,3433697
0,6243743
0,1451929
0,2298556
0,6133351
0,6133351
0,8194795
0,6837038
0,5894823
0,3302703
0,3302703
0,3107162
0,3107162
0,3950697
0,3269331
0,2552664
0,4264183
0,393863
0,3260666
0,3590328
0,3645582
0,3159935
0,2767467
0,2254058
0,2697039
0,552556
0,07151317
0,04394188
0,01965741
0,02219617
0,02635571
0,09722548
0,09072205
0,1672284
0,186896
0,06992803
0,07608566
0,007448037
0,05856268
0,1002915
0,02098511
0,07219455
0,0483127
0,03664257
0,3555143
0,02200621
0,5354488
0,09532911
0,2480678
0,3771029
0,1937145
0,01411088
0,1905467
0,0007091296
0,01140894
0,05509553
0,06106329
0,04293042
0,006573896
0,04342157
0,0138292
0,03437535
0,03130256
0,01097049
0,01771037
0,01503252
0,005082721
0,03764658
0,07672696
0,05110823
0,07998919
1,125162
1,156013
1,499989
2,153884
2,722104
2,839797
2,990326
2,942929
2,516265
1,979705
1,741174
1,445588
1,385361
1,07881
0,7800339
0,2417542
0,6403305
0,6403305
0,1503666
0,1882571
0,2221824
0,2519083
0,2983481
0,3137664
0,323534
0,3161425
0,302269
0,2802991
0,2531857
0,188159
0,188159
0,1119748
0,07012565
0,02755382
0,01864873
0,06116558
0,1037208
0,1443628
0,1771303
0,2020502
0,2254026
0,2445952
0,2696832
0,2696832
0,2752987
0,2752987
0,2610781
0,2468705
0,2029507
0,1767278
0,1449645
0,1085716
0,03829715
0,09308303
0,1827994
0,5806987
0,5834075
0,4615582
0,7116019
0,7378047
0,5312664
0,727632
0,5460467
0,3957476
0,2887279
0,4980099
1,265634
0,2659379
0,3383606
0,3337961
0,1713576
0,1217657
0,04643978
0,1801936
0,259412
0,4980346
0,5272789
1,869578
0,7412338
0,3153819
0,861265
0,9841428
0,5095743
0,5549052
0,01603795
0,1142759
0,1842133
0,2028781
3,425034
3,255985
1,284415
5,159104
5,159104
6,265954
6,636103
6,636103
7,105152
7,378201
7,378201
8,180069
8,40515
6,589992
6,589992
7,903809
5,812475
5,812475
6,036346
6,214814
6,214814
5,987528
5,987528
6,110739
6,204412
6,203537
6,203537
5,712721
5,609798
0,19176
0,0374308
0,2074104
0,2074104
0,4020274
0,5976804
0,6618898
0,6618898
0,4769081
0,6540782
0,6540782
0,3728836
0,5192097
0,5192097
0,1688222
0,131918
0,131918
0,1253626
0,1353072
0,1651879
0,1651879
0,1909292
0,2067926
0,2067926
0,2208153
0,23018
0,23018
0,2310649
0,2221478
0,2078394
0,2078394
0,1901205
0,169683
0,169683
0,005019146
0,008115521
0,008115521
0,1527547
0,1895742
0,1895742
0,4282037
0,3849367
0,3846506
0,3846506
0,7600188
0,9786231
0,9786231
1,487664
1,310617
1,310617
0,5661005
0,2567211
0,3165145
0,3165145
0,3819732
0,3237934
0,3237934
0,3302688
0,3970543
0,3970543
0,4536079
0,4961848
0,3009137
0,3247549
0,3498779
0,3498779
0,3453984
0,2897731
0,2897731
0,3330513
0,3164089
0,296102
0,296102
0,9995694
0,5492594
0,5094218
0,1270797
0,03086617
0,03655365
0,06501149
0,08999003
0,09593266
0,1411297
0,2516484
1,147215
0,3921875
1,349356
1,745571
1,870477
2,083231
2,182084
2,053246
2,318452
3,006411
3,084329
3,336583
3,454983
0,8306771
0,8555043
0,9105516
0,9310367
0,9729022
0,9692764
0,9320968
0,8746681
0,8344344
0,7886339
0,8089816
0,2248589
0,3878689
0,08020347
0,1078751
0,1302332
0,1529877
0,1710446
0,1887476
0,0271586
0,3264123
0,3433759
0,06814087
0,1859466
0,3689319
0,4840045
0,4479275
0,6808597
0,9139743
0,4922366
0,7035893
0,8323917
0,728156
0,722416
0,4780826
0,5934243
0,2921104
0,2509282
0,4950205
0,6190118
0,3827845
0,8722789
0,8505991
0,4216191
0,560921
0,9716614
0,502447
0,8530086
0,8058165
1,605438
1,217309
0,720574
0,732323
1,204846
1,865302
2,022703
3,932523
3,312754
4,979011
5,427163
5,595641
5,63121
5,816103
6,174818
6,354841
6,883397
7,330751
7,550454
7,541729
7,379771
7,245618
7,290924
6,968709
6,406342
6,406342
5,731832
5,394475
4,681025
0,0656825
0,1307863
0,2705041
0,6443809
0,6443809
1,032103
1,032103
1,107953
1,304002
1,304002
1,50009
1,229805
1,034681
1,034681
0,539412
0,566203
0,566203
0,6228573
0,3089442
0,3089442
0,3288875
0,3323044
0,0116623
0,0116623
0,07774335
0,3962294
0,3962294
0,5555382
0,5334185
0,5334185
0,4574445
0,920396
0,920396
1,391694
1,197797
0,9928891
0,9928891
0,5106211
0,2825059
0,2825059
0,3875283
0,4104623
0,4104623
0,4666047
0,4350027
0,3940575
0,3940575
0,3093334
0,3575093
0,3575093
0,5049821
0,4037419
0,4037419
0,07256695
0,1601033
0,1601033
0,2920574
0,2223433
0,07982973
0,07982973
0,1445083
0,08545521
0,08545521
0,1062304
0,08800614
0,08800614
0,09938623
0,118367
0,06626481
0,06626481
0,1086991
0,08698103
0,08698103
0,1299304
0,2191597
0,2191597
1,451229
3,388752
2,175478
2,175478
1,774806
4,168229
4,168229
4,23647
4,423106
4,650655
4,062026
3,895762
3,997889
4,048973
3,844689
3,505485
0,3132565
0,1914872
0,22846
0,3505811
0,4318678
0,6258421
0,6258421
0,820875
1,002165
1,002165
1,197749
1,023528
1,023528
1,075705
0,4276933
0,4276933
0,422412
0,06462248
0,09772787
0,09772787
0,2288999
0,606756
0,606756
0,7869138
0,9842938
0,9842938
0,6889848
0,8629055
0,8247628
0,8247628
2,147015
1,024003
2,015811
1,283733
1,504017
0,8912445
1,172418
0,8967551
0,767517
0,1313335
0,2805926
0,5398077
0,1867018
0,358783
0,3273379
0,6223562
0,586035
1,082813
0,5301046
0,3798399
0,193559
0,9026141
0,8385863
1,029566
0,990418
1,143592
1,306675
1,427107
1,474665
1,650585
3,915084
4,213203
1,603209
1,786543
1,977224
2,181439
2,244094
2,345019
4,026178
3,394025
0,2454426
0,3107713
0,3685475
0,4732672
0,5232195
0,564153
0,4643266
0,4270563
0,1490539
0,1228771
0,1482808
0,2254471
0,256245
0,3171726
0,3356862
0,03300467
0,09657607
0,3504417
0,4554263
0,8378633
0,4496756
0,8145505
0,765833
0,395523
0,3447176
0,4172978
0,2367786
0,4964645
0,470225
0,7252263
1,710637
1,627558
3,057611
1,839231
4,978783
0,7211004
6,466963
6,466963
2,473173
2,708421
2,708421
3,017461
3,13376
3,13376
3,3652
2,302737
0,97604
0,97604
2,916717
2,334714
2,334714
2,507415
2,630384
2,630384
2,73523
2,773019
2,773019
2,840736
2,830539
2,784761
2,784761
2,805728
2,847917
2,847917
2,914489
2,967597
2,967597
3,113331
3,205838
3,403101
3,403101
3,800152
3,875607
3,875607
3,916435
4,088025
4,088025
4,563508
4,575987
4,575987
4,583159
4,598759
4,614364
4,614364
4,673648
4,637894
4,637894
4,494584
4,363296
4,363296
3,999179
3,90227
3,798643
0,02674258
0,1581192
0,288902
0,288902
0,4179762
0,1971828
0,1971828
0,2131543
0,2201158
0,2201158
0,216349
0,2129894
0,2026492
0,2026492
0,19315
0,1798979
0,1798979
0,2448578
0,3662753
0,3662753
0,5360174
0,1504941
0,127102
0,127102
0,1033237
0,08620026
0,08620026
0,06629619
0,049478
0,049478
0,04155426
0,04905032
0,06849595
0,06849595
0,08586107
0,1034505
0,1034505
0,1202952
0,1355336
0,1355336
0,1482319
0,1582547
0,1582547
0,1650965
0,1689079
0,169288
0,169288
0,1592933
0,03577741
0,03577741
0,5460605
0,8391306
0,8391306
1,51201
1,530177
0,7841861
0,7841861
0,9084405
0,9617627
0,9617627
0,9233892
0,9465577
0,9465577
1,124221
1,204372
1,204372
0,9033958
0,5222639
0,2641172
0,2641172
0,3571274
0,4347623
0,4347623
0,6793997
1,179408
1,179408
1,207576
1,591874
0,6289265
0,6289265
0,6481488
0,3353573
0,3353573
0,1349765
0,650076
1,558378
1,879897
2,24988
1,929733
0,7816422
0,1980935
0,7248935
velocityComponents
-0,09036828
0,2013344
-0,1254201
-0,01791716
0,5336407
0,1262844
-0,01791716
0,5336407
0,1262844
0,2187662
0,6019045
0,6557838
0,2629089
-0,03233521
0,5911854
0,1852255
0,2035554
0,5367877
-0,0292726
0,182509
0,02741131
-0,0292726
0,182509
0,02741131
0,04124119
0,06211077
0,1194696
0,04124119
0,06211077
0,1194696
-0,1751564
0,0759932
-0,1999166
-0,1261358
0,0455278
-0,1128068
0,08319619
-0,2091143
0,2593306
0,2085174
-0,1446164
0,5704822
0,01940045
0,07364108
0,1236187
-0,02444576
0,2077736
0,09521633
0,02577967
0,5188245
0,3260928
0,02577967
0,5188245
0,3260928
0,07629858
0,6631904
0,4752932
0,08299233
0,5231185
0,4323312
0,01641656
0,51508
0,2862036
-0,02738468
0,3191924
0,08027908
-0,02738468
0,3191924
0,08027908
-0,04663033
0,3034295
0,04796559
-0,04663033
0,3034295
0,04796559
0,06966079
0,2672705
0,2824782
0,06940688
0,06755575
0,3122566
0,04229378
-0,1079048
0,2274395
0,05555183
-0,1364461
0,4001612
0,0047369
-0,01837873
0,3934054
0,007507324
-0,08801726
0,3138726
0,02065361
-0,0533629
0,3544437
0,06542774
-0,06911111
0,351917
0,01389593
0,005716585
0,315636
-0,003709793
0,0201946
0,2759839
0,01269136
-0,002002478
0,2250393
0,06030869
0,0005903468
0,2628739
0,2728895
0,1378807
0,460259
-0,02458961
-0,02761562
0,06121162
-0,02846247
0,02485093
0,0224323
0,002371825
0,01350459
-0,01408596
-0,004083462
0,02088819
-0,006299093
-0,008924723
0,02088258
0,013375
-0,0432955
0,04515487
0,07442668
-0,03392118
0,02348843
0,0807969
-0,08697723
0,05017945
0,1337248
-0,04967755
-0,0463945
0,1740972
-0,03651077
-0,003656268
0,05952752
-0,02479857
-0,0129559
0,07075453
0,001664102
0,001232624
-0,007154346
-0,02900952
-0,01694649
0,0479672
-0,04261065
-0,02122808
0,08827281
0,01501375
0,01271987
0,007291555
0,04641569
0,02721834
-0,04813313
0,0293076
0,01891184
-0,03342938
-0,01310396
-0,005491734
0,03377581
0,1276922
0,05803376
-0,326676
0,007026494
0,006852746
-0,01969624
-0,1801975
-0,1101975
0,4920273
-0,05385149
-0,007613182
0,07829237
-0,142953
-0,02665663
0,2009764
0,2408032
0,04243326
-0,2870886
0,1043948
0,02726454
-0,160884
-0,01159611
-0,007075727
-0,003818512
-0,1144117
-0,04459321
0,1457033
0,0006142855
0,0002892613
-0,0002045631
0,009562075
0,004290998
-0,004507542
-0,03673607
-0,01289123
0,03898454
-0,04421663
-0,01598763
0,03896165
-0,03121072
-0,01050258
0,02754283
-0,003631413
-0,001062572
0,005375862
-0,0256775
-0,005955011
0,03450561
0,0008523464
0,003761835
0,01328039
0,03407991
0,001375064
-0,004281759
0,026636
0,01056394
-0,01260066
0,007378042
0,006676644
0,00461936
-0,01093882
-0,0004943311
0,01391959
0,01056027
0,007374495
-0,00775075
-0,003165662
0,0007003248
0,003914356
0,02609336
0,01180973
-0,02443218
0,05014509
0,03297193
-0,04780531
0,03291488
0,02375707
-0,03105259
0,0594579
0,03010088
-0,04423761
0,03024122
1,00131
-0,5123023
-0,6206403
0,8531137
-0,472619
-0,7316948
1,308581
-0,04695703
-1,067692
1,849273
-0,2818574
-1,464196
2,291711
-0,1184818
-1,656989
2,304018
0,1016771
-1,886725
2,292867
0,3536597
-1,938711
2,164711
0,4650331
-1,69725
1,821283
0,3658678
-1,436973
1,32599
0,309988
-1,240301
1,090889
0,5507295
-1,134599
0,8915421
-0,08695996
-1,068021
0,8736688
-0,12353
-0,8368697
0,676509
-0,07625687
-0,2715105
0,7268414
-0,08022797
-0,1626906
-0,0492821
0,1718957
-0,01041198
0,1308749
0,6267268
-0,01041198
0,1308749
0,6267268
-0,1214397
-0,06676145
-0,05835581
-0,1559114
-0,07873949
-0,07023142
-0,1886328
-0,08550718
-0,08044396
-0,2197033
-0,08581586
-0,0884529
-0,2714565
-0,07126218
-0,101216
-0,2903013
-0,0561296
-0,1049952
-0,3031377
-0,03721762
-0,1067551
-0,2987954
0,02057803
-0,1012123
-0,282955
0,04896285
-0,09436987
-0,259623
0,06369928
-0,08429623
-0,2319655
0,0706463
-0,07282935
-0,1684345
0,06795664
-0,04914788
-0,1684345
0,06795664
-0,04914788
-0,09720841
0,04963267
-0,02500977
-0,06541674
0,02317168
-0,0100663
-0,02511823
0,01131894
0,0004115254
0,01229999
-0,009069636
0,0106877
0,0490636
-0,03014743
0,02061852
0,08559155
-0,05007972
0,03039911
0,1213744
-0,06721489
0,03988769
0,1514528
-0,07764678
0,04907303
0,180395
-0,071417
0,05640527
0,206932
-0,06291519
0,06346007
0,2281691
-0,05457301
0,06919156
0,2565779
-0,03238535
0,07647237
0,2565779
-0,03238535
0,07647237
0,2643037
-0,002099827
0,07699683
0,2643037
-0,002099827
0,07699683
0,2499126
0,02744092
0,07037371
0,2350301
0,03914751
0,06460163
0,1896108
0,0515725
0,05076396
0,1637553
0,05186635
0,04155451
0,1336448
0,04692547
0,03085103
0,0999003
0,03783984
0,01938744
-0,002813171
0,0147867
0,03521521
0,03528591
0,03593029
0,07828391
0,07802551
0,09302694
0,1366515
-0,01894455
0,55441
0,1717018
-0,02502651
0,5449851
0,2067105
0,02842623
0,3770313
0,2647175
0,07267033
0,5384114
0,4595752
0,0703848
0,5682214
0,4653237
0,04816264
0,4081694
0,3366334
0,09231675
0,488527
0,5312883
0,07567818
0,3513938
0,4110501
0,06326567
0,2232974
0,3205494
0,07491256
0,07163968
0,2694804
0,1768386
-0,2264169
0,4067891
-0,2032004
-0,3746872
1,1917
-0,09318534
-0,1279374
0,2137089
-0,08450577
-0,308914
0,1091734
-0,03359433
-0,3132189
0,1103866
-0,0622648
-0,0870651
0,133814
-0,0513202
-0,09530294
-0,05577171
-0,02419567
-0,02925813
0,02674294
-0,08223617
-0,129952
-0,09391189
0,1780654
0,003882647
0,188606
-0,0369727
-0,1357204
0,4777567
-0,1473557
-0,2038833
0,4634015
0,09660053
-1,405665
1,22886
-0,4301764
-0,4117955
0,4413617
-0,2273391
-0,167804
0,1400872
0,328318
-0,618788
0,5010849
0,3085693
-0,7751256
0,5220175
-0,3410496
-0,2910994
0,2420998
-0,296183
-0,1484598
0,4451462
0,0132767
0,007802844
0,004478931
-0,08503449
-0,04412925
0,06229556
-0,1476656
-0,0973618
0,05147886
-0,1623068
-0,09230947
0,07934082
0,8380366
-2,938315
1,547532
-0,02545917
-2,924203
1,431721
-0,8590757
-0,9511113
0,08425212
0,3255186
-4,76386
1,953466
0,3255186
-4,76386
1,953466
0,2305163
-5,664575
2,66864
0,1953444
-5,933954
2,964439
0,1953444
-5,933954
2,964439
0,07802516
-6,093932
3,652546
0,01915634
-6,228453
3,955232
0,01915634
-6,228453
3,955232
-0,08528697
-6,781044
4,574243
-0,1554198
-6,825438
4,902631
-3,447885
-5,153452
2,232043
-3,447885
-5,153452
2,232043
-0,02103609
-5,794936
5,374799
0,00625515
-3,922599
4,289294
0,00625515
-3,922599
4,289294
0,08392602
-4,033898
4,489777
0,1018358
-4,065303
4,699665
0,1018358
-4,065303
4,699665
0,1914265
-3,411599
4,916792
0,1914265
-3,411599
4,916792
0,2430417
-2,918356
5,363325
0,2418041
-3,192516
5,314518
0,2464797
-3,425917
5,16587
0,2464797
-3,425917
5,16587
0,2741598
-3,308528
4,649049
0,2705591
-3,070011
4,687394
0,02325066
0,1882398
0,02823308
0,02325066
-0,007960215
0,02823308
0,02325066
-0,2041602
0,02823308
0,02325066
-0,2041602
0,02823308
0,02325066
-0,4003602
0,02823308
0,02325066
-0,5965602
0,02823308
-0,05290515
-0,6437677
0,1444381
-0,05290515
-0,6437677
0,1444381
-0,222975
-0,4125447
-0,08677758
-0,222975
-0,6087447
-0,08677758
-0,222975
-0,6087447
-0,08677758
0,2380293
-0,234562
-0,1654234
0,2380293
-0,430762
-0,1654234
0,2380293
-0,430762
-0,1654234
0,01767957
-0,04968035
-0,1603753
-0,06466684
-0,04944983
-0,103804
-0,06466684
-0,04944983
-0,103804
-0,08566562
-0,05175781
-0,07548724
-0,1305232
-0,02284352
-0,0273844
-0,1551639
-0,05386707
-0,01759369
-0,1551639
-0,05386707
-0,01759369
-0,1854174
-0,04416421
-0,01112992
-0,200964
-0,04861473
0,003639732
-0,200964
-0,04861473
0,003639732
-0,2188697
-0,02398466
0,01673952
-0,2175091
-0,02537152
0,07091472
-0,2175091
-0,02537152
0,07091472
-0,2147101
-0,01305494
0,08438089
-0,2080082
0,002223238
0,07795709
-0,1970435
0,02203727
0,06233316
-0,1970435
0,02203727
0,06233316
-0,1825308
0,02714686
0,04573138
-0,1639719
0,0314358
0,03028735
-0,1639719
0,0314358
0,03028735
0,004464699
-0,002212515
0,0006025442
0,0004235547
0,007880718
-0,001891181
0,0004235547
0,007880718
-0,001891181
0,02927209
0,03812836
0,1449944
0,03631117
0,05028697
0,1791399
0,03631117
0,05028697
0,1791399
0,07887973
0,118193
0,4039392
0,07195796
0,08808135
0,36775
0,06813975
0,125174
0,3572737
0,06813975
0,125174
0,3572737
0,1118611
0,3979729
0,6377564
0,1400548
0,5205193
0,816791
0,1400548
0,5205193
0,816791
0,2140554
0,6786151
1,306447
0,1809016
0,6719684
1,110608
0,1809016
0,6719684
1,110608
0,1282761
0,4501559
0,318394
0,003870043
0,2416677
0,08653004
0,006661274
0,3159481
0,01771463
0,006661274
0,3159481
0,01771463
-0,01530762
0,3810962
0,02085478
-0,001222495
0,3194984
0,05254985
-0,001222495
0,3194984
0,05254985
0,03299195
0,2594407
0,2016916
0,04683232
0,2785757
0,2790241
0,04683232
0,2785757
0,2790241
0,06104171
0,2828711
0,3493108
0,06973758
0,2927019
0,3945397
0,03970696
0,1808605
0,2371959
0,07720899
0,2135839
0,2321346
0,08680581
0,259509
0,2180238
0,08680581
0,259509
0,2180238
0,0143005
0,2963593
0,176824
0,0788694
0,2281878
0,1602448
0,0788694
0,2281878
0,1602448
0,1086084
0,2254146
0,2198082
0,0946439
0,2431213
0,1790227
0,08786517
0,2465854
0,1383899
0,08786517
0,2465854
0,1383899
-0,03132368
0,9274247
0,3715391
0,09352063
0,5054845
0,193456
-0,02478759
0,4681166
0,1994067
-0,01297772
0,118129
0,04501514
0,0080561
0,02831775
0,00926955
0,02504122
0,02449378
-0,01044805
0,02540901
0,0598374
-0,0006008297
0,01508547
0,08751923
0,0145265
0,01516395
0,09248883
0,02046821
0,03005286
0,1378506
-0,003408954
0,05132578
0,245246
-0,0233883
0,4232828
0,9637322
-0,4562379
0,06063527
0,3811203
-0,06986931
-0,7444028
0,7709486
0,8199168
-0,9799569
1,06072
0,9806002
-1,061377
1,123494
1,053529
-1,19151
1,216424
1,200195
-1,240636
1,237152
1,300679
-0,9165933
1,690527
0,7195777
-1,062431
1,855865
0,8956705
-1,452888
1,847335
1,874827
-1,472348
1,881349
1,950847
-1,75228
1,819566
2,17979
-1,797031
1,869147
2,283391
-0,3236387
0,3991844
0,6526363
-0,3262118
0,4028295
0,6805893
-0,3193109
0,4291304
0,7368798
-0,3032211
0,4545843
0,7538165
-0,2881931
0,4883184
0,7905875
-0,3024565
0,4705072
0,7916058
-0,3459969
0,4075303
0,7635506
-0,4010324
0,3275282
0,7049416
-0,4293372
0,269958
0,6626259
-0,5160451
0,1096359
0,5861919
-0,5980965
-0,03967285
0,5432843
-0,009657884
-0,1817617
0,1320263
-0,01114713
-0,362896
0,1364714
-0,06980232
-0,02399421
-0,0313769
-0,07916708
-0,04551774
-0,05742595
-0,09013084
-0,03904539
-0,08551355
-0,09713823
-0,0402389
-0,1111316
-0,1009391
-0,04165317
-0,1316532
-0,104119
-0,03635621
-0,1531767
0,007578027
0,006468222
-0,0252651
-0,03260159
-0,015414
-0,3244141
-0,0323429
0,00334611
-0,3418329
0,02153919
-0,0349661
-0,05437475
0,02039404
0,1608485
0,09103826
0,01086608
0,3475523
0,1232885
-0,01211355
0,4838381
-0,003781725
-0,01945674
0,447427
0,008341627
-0,03479673
0,6741852
0,08850724
-0,0514879
0,8939334
0,1832512
-0,01941654
0,4731982
0,1341763
-0,05225024
0,6918879
0,116615
-0,06602334
0,8014057
0,2150949
-0,0647227
0,7106367
0,1449745
-0,08563615
0,7122687
0,08499813
-0,05934731
0,4714644
0,05255682
-0,08500979
0,5871886
-0,01163063
-0,04066603
0,2228412
0,1844357
-0,01220626
0,0514718
0,2452889
0,03627608
-0,04741438
0,4914074
-0,0005203299
-0,1015916
0,6106181
0,0427976
0,03237648
0,3790041
0,09298568
0,1995225
0,8440467
0,04135597
0,3428173
0,7773576
0,008528044
-0,147655
0,3948265
-0,05910258
0,02629596
0,5571784
-0,01414722
0,3409399
0,9097724
0,07069938
-0,3772552
0,3242424
0,1697322
-0,2001295
0,8116421
0,1394141
-0,1888377
0,7708724
0,2576099
-0,9472005
1,270386
0,1962634
-1,005046
0,6581825
0,07631203
-0,7097746
0,09809868
-0,1657441
-0,7027438
-0,1223805
0,0457758
-1,164645
0,3052198
-0,1493063
-1,858434
0,05729008
0,01696247
-2,021263
0,07442284
-0,6432709
-3,712394
-1,126529
0,5569891
-3,26299
0,1303821
0,505662
-4,93237
0,4545125
0,5968795
-5,360491
0,6024672
0,9523357
-5,48546
0,5603446
-0,09024489
-5,577682
0,7693155
-0,972104
-5,734274
0,01294041
0,4331084
-6,070544
-1,043689
0,6314096
-6,152774
-1,459007
0,9074199
-6,437464
-2,262035
1,03467
-6,705498
-2,775907
1,075967
-6,86788
-2,946841
1,124265
-6,851498
-2,944604
1,208002
-6,652885
-2,956495
1,27924
-6,48999
-2,956782
1,253345
-6,561725
-2,920695
1,225238
-6,380163
-2,520953
1,229464
-5,854592
-2,292027
1,229464
-5,854592
-2,292027
1,193693
-5,236686
-2,001528
1,353168
-4,704316
-2,266873
1,365886
-3,869488
-2,252424
0,03526883
0,04723899
-0,02896168
0,0633534
-0,05118681
-0,1023294
0,06553268
-0,2396489
-0,1069875
0,06553268
-0,632049
-0,1069875
0,06553268
-0,632049
-0,1069875
0,06553268
-1,024449
-0,1069875
0,06553268
-1,024449
-0,1069875
0,002898432
-1,106947
0,0471155
0,002898432
-1,303147
0,0471155
0,002898432
-1,303147
0,0471155
0,002898432
-1,499347
0,0471155
0,8515579
-0,8848497
-0,06565914
0,04336739
-1,032621
0,0487649
0,04336739
-1,032621
0,0487649
0,3026894
-0,4310804
-0,1162501
-0,1536147
-0,48052
0,2570776
-0,1536147
-0,48052
0,2570776
-0,1254033
-0,5828453
0,1803234
-0,2061435
-0,026806
0,228545
-0,2061435
-0,026806
0,228545
-0,2282009
-0,0275283
0,2352308
-0,239793
-0,01218681
0,2297325
0,007553323
-0,001399131
-0,008774911
0,007553323
-0,001399131
-0,008774911
0,005995603
0,06081686
0,04805612
0,01172764
0,1744164
0,3555828
0,01172764
0,1744164
0,3555828
0,006517887
-0,04683484
0,5535221
0,006995472
0,1108354
0,5217297
0,006995472
0,1108354
0,5217297
-0,002826932
0,316852
0,3299277
-0,01322647
0,6344826
0,6666225
-0,01322647
0,6344826
0,6666225
-0,04566824
0,9591249
1,007376
-0,04092239
0,6442806
1,008933
-0,02886321
0,3582107
0,9255705
-0,02886321
0,3582107
0,9255705
0,0319901
0,09501196
0,5006828
0,0388108
0,01345512
0,2795036
0,0388108
0,01345512
0,2795036
0,01874466
-0,0932075
0,3756849
0,02933901
-0,1047873
0,3957754
0,02933901
-0,1047873
0,3957754
0,03482024
-0,1292222
0,4470001
0,05369331
-0,1397287
0,4084364
0,07434604
-0,1241315
0,3665315
0,07434604
-0,1241315
0,3665315
0,0768109
-0,1009481
0,2821289
0,07327455
-0,07424913
0,3419515
0,07327455
-0,07424913
0,3419515
0,05784488
-0,02441073
0,5010638
0,08029272
-0,04396346
0,3932274
0,08029272
-0,04396346
0,3932274
0,04570188
0,0298794
0,04779667
-0,008156665
0,05732469
0,1492662
-0,008156665
0,05732469
0,1492662
-0,06415883
0,07531269
0,2747893
-0,05607197
0,08071546
0,1994429
0,01386046
0,02906491
0,07304728
0,01386046
0,02906491
0,07304728
0,1241324
0,03290859
0,06626323
0,0513429
0,02633205
0,06303272
0,0513429
0,02633205
0,06303272
0,02724399
0,04427737
0,09264
0,02251229
0,0508849
0,0681836
0,02251229
0,0508849
0,0681836
0,06789187
0,04016894
0,06045471
0,0636443
0,07565832
0,06508429
0,03512085
0,05567741
-0,00758788
0,03512085
0,05567741
-0,00758788
0,09908573
-0,01228565
-0,04297183
0,08157525
0,0009692311
-0,03017016
0,08157525
0,0009692311
-0,03017016
0,06516695
0,1050264
-0,04005791
0,04364157
0,1964461
-0,08680621
0,04364157
0,1964461
-0,08680621
0,2129851
1,329411
-0,5416345
0,4008935
3,181159
-1,09688
0,2200753
2,046236
-0,705116
0,2200753
2,046236
-0,705116
-1,210361
1,295374
0,08348347
-1,792016
3,759835
-0,1626467
-1,792016
3,759835
-0,1626467
-2,038742
3,713634
0,01120618
-2,18127
3,843201
0,1890275
-2,363315
3,982216
0,4304433
-1,994473
3,484714
0,6155463
-1,886017
3,270472
0,9612067
-1,920163
3,345899
1,049311
-1,514142
3,679773
0,7488838
-1,430744
3,507702
0,6562253
-2,07653
2,219072
1,747046
-0,15514
0,2547317
0,09577567
-0,15514
0,05853166
0,09577567
-0,15514
-0,1376683
0,09577567
-0,1255248
-0,3242895
0,04457555
-0,06574566
-0,4247556
-0,0420714
-0,06574566
-0,6209556
-0,0420714
-0,06574566
-0,6209556
-0,0420714
-0,06574566
-0,8171556
-0,0420714
-0,06078264
-0,9984024
-0,06191018
-0,06078264
-0,9984024
-0,06191018
-0,06078264
-1,194602
-0,06191018
-0,6407086
-0,6645827
-0,4420778
-0,6407086
-0,6645827
-0,4420778
-0,6410636
-0,7832999
-0,3641692
-0,2631988
-0,02018714
-0,3365121
-0,2631988
-0,02018714
-0,3365121
-0,226401
-0,04043783
-0,3543153
0,04324929
-0,005887489
0,04765398
0,01233846
0,007643897
0,09664404
0,01233846
0,007643897
0,09664404
0,02380555
0,05842745
-0,2200334
0,04765771
0,3752807
-0,4743901
0,04765771
0,3752807
-0,4743901
-0,04629264
0,7846898
-0,03677045
-0,07195553
0,8345093
0,5169632
-0,07195553
0,8345093
0,5169632
0,04310214
0,4567553
0,5140203
0,3713207
0,7788104
-0,01345986
0,134866
0,7869378
0,2068183
0,134866
0,7869378
0,2068183
0,4288367
2,101645
-0,09415147
0,1125306
1,005755
0,1561264
0,3843415
1,960285
-0,2702941
0,06111078
1,266532
-0,2003324
-0,2635639
1,479049
0,07083087
-0,1305878
0,8770134
0,09006067
-0,1690789
1,143963
0,1931974
-0,06978758
0,872201
-0,1963795
0,01543397
0,7305336
-0,234872
0,1095262
-0,02128351
-0,06927837
-0,05130196
0,2714236
0,04929003
0,1440034
0,427803
0,2960405
-0,01985975
0,1756968
0,05994821
0,01498549
0,08918305
0,3471989
0,1392784
0,06351883
0,2893389
-0,03988571
-0,2895267
0,5494639
-0,006515439
-0,4152974
0,413428
0,005179419
-0,8640993
0,6525262
-0,001161737
-0,4717397
0,2418082
0,1169053
-0,06489238
0,3555284
0,01850912
0,05358863
0,1850696
0,3101705
0,7987405
0,2837607
0,5554378
0,471684
0,4150061
0,7143532
0,5055948
0,5422912
0,6717463
0,4526334
0,5699191
0,752184
0,6529925
0,5618026
0,878796
0,6674979
0,6996891
0,958505
0,7006205
0,7918552
0,9806138
0,7252051
0,8289218
1,088581
0,7852821
0,9606016
0,5644593
3,506069
1,648257
0,6051841
3,815019
1,682397
-0,4219445
0,5882804
1,430443
-0,5362743
0,7079316
1,550154
-0,6390556
1,007843
1,576475
-0,7489763
1,280442
1,599431
-0,785606
1,400378
1,567712
-0,8432307
1,378265
1,699547
-0,1184927
3,503263
1,980711
0,009206533
2,983124
1,61873
-0,01610024
-0,1963917
0,1463322
-0,006226219
-0,257745
0,1735152
-0,002055557
-0,3031503
0,2095779
0,05272324
-0,3025651
0,3600784
0,08356285
-0,2903228
0,4271868
0,1080119
-0,2570287
0,490447
0,2050964
0,09745413
0,4050152
0,2186273
0,1426756
0,3379686
0,1410117
0,04300817
0,02197881
0,1202437
-0,008504257
-0,02383082
0,1269995
-0,03747408
-0,06673837
0,1090684
-0,1019015
-0,1689572
0,1079904
-0,1027497
-0,2084277
0,08772052
-0,08012094
-0,294082
0,0719822
-0,06853174
-0,3206356
1,229951E-05
0,01808348
0,02760971
-0,0139215
0,09479859
0,01209784
-0,05796079
0,3388318
0,06813908
-0,0826726
0,4325857
0,1159654
-0,1505221
0,7883242
0,2406303
-0,07551119
0,3888784
0,2127905
-0,1660747
0,7229469
0,3365405
-0,1695603
0,7086204
0,2358107
-0,09577112
0,0797822
0,375368
0,007277963
-0,2887719
0,188117
-0,04879647
-0,1745921
0,3758643
-0,07833903
-0,1662317
0,1493122
-0,06616382
-0,1827138
0,4568534
-0,02652413
-0,325855
0,3379742
-0,007982543
-0,6217847
0,3731934
0,07682104
-1,660864
0,4023769
0,09358702
-1,624501
0,03441796
0,1028734
-3,048688
-0,2095267
0,02573429
-1,820729
-0,2589459
-0,9309204
-4,818892
0,8366273
-0,3303041
-0,276731
0,5781912
-1,06941
-6,353372
0,5591425
-1,06941
-6,353372
0,5591425
-0,2469985
-2,450043
0,2299337
-0,4998904
-2,661805
-0,02115425
-0,4998904
-2,661805
-0,02115425
-0,625215
-2,943985
0,217083
-0,4791101
-3,0165
0,7011658
-0,4791101
-3,0165
0,7011658
-0,2997343
-3,205335
0,9800797
-0,1956514
-1,178501
1,968617
-0,100092
-0,5733619
0,7835125
-0,100092
-0,5733619
0,7835125
1,661891
-1,998057
1,324056
0,8909479
-1,675204
1,360439
0,8909479
-1,675204
1,360439
1,094026
-1,450475
1,728109
1,205128
-1,371709
1,89341
1,205128
-1,371709
1,89341
1,30766
-1,198646
2,082007
1,329158
-1,056619
2,19238
1,329158
-1,056619
2,19238
1,312065
-0,7782325
2,396376
1,269652
-0,7209308
2,42491
1,205706
-0,7079646
2,408309
1,205706
-0,7079646
2,408309
1,197402
-0,5208325
2,483359
1,21914
-0,4115455
2,540662
1,21914
-0,4115455
2,540662
1,225116
-0,3071753
2,626591
1,216446
-0,2696332
2,693361
1,216446
-0,2696332
2,693361
1,221304
-0,1772956
2,858288
1,242707
-0,1059556
2,953278
1,30978
0,04556644
3,14062
1,30978
0,04556644
3,14062
1,447403
0,3130372
3,499741
1,464875
0,3766992
3,568273
1,464875
0,3766992
3,568273
1,445319
0,4537377
3,611598
1,506471
0,5796704
3,755859
1,506471
0,5796704
3,755859
-1,602343
-0,1487028
4,270362
-1,650684
-0,2680863
4,259464
-1,650684
-0,2680863
4,259464
-1,644631
-0,2703519
4,269361
-1,635746
-0,2271502
4,292007
-1,644258
-0,2155663
4,306077
-1,644258
-0,2155663
4,306077
-1,700479
-0,2111783
4,34819
-1,69733
-0,2647064
4,308022
-1,69733
-0,2647064
4,308022
-1,614233
-0,3309421
4,181628
-1,515123
-0,3384385
4,077771
-1,515123
-0,3384385
4,077771
1,499615
0,4119789
3,684408
1,464851
0,3836274
3,596492
1,416146
0,3386513
3,508495
-0,01310655
-0,01279089
0,01948787
0,007485263
-0,1457864
0,0607616
0,02617967
-0,2633409
0,1158904
0,02617967
-0,2633409
0,1158904
0,0464761
-0,3799292
0,1679222
0,07071836
-0,03619146
0,180472
0,07071836
-0,03619146
0,180472
0,08495633
-0,03876379
0,1916104
0,09692799
-0,02780601
0,1956598
0,09692799
-0,02780601
0,1956598
0,1052234
-0,02287948
0,1876472
0,109234
-0,03784171
0,1788867
0,1104379
0,004890531
0,1698418
0,1104379
0,004890531
0,1698418
0,1114774
0,0042447
0,157676
0,1079706
0,02778383
0,1411867
0,1079706
0,02778383
0,1411867
0,1079706
-0,1684162
0,1411867
0,1186393
-0,2922084
0,1862702
0,1186393
-0,2922084
0,1862702
0,1186393
-0,4884084
0,1862702
0,09883083
-0,01190573
0,112868
0,09561605
0,01089941
0,08302828
0,09561605
0,01089941
0,08302828
0,0853109
0,01947358
0,05494197
0,07653151
0,0201426
0,03417146
0,07653151
0,0201426
0,03417146
0,06146438
0,02285734
0,009739459
0,04912852
0,0004148632
-0,005855694
0,04912852
0,0004148632
-0,005855694
0,02986333
0,002964601
-0,02874281
0,01132125
-0,009493098
-0,04677226
-0,00311267
-0,02391547
-0,06410973
-0,00311267
-0,02391547
-0,06410973
-0,01851339
-0,02248162
-0,080771
-0,03400076
-0,01987514
-0,09566049
-0,03400076
-0,01987514
-0,09566049
-0,04825114
-0,02108626
-0,1081579
-0,06233329
-0,02114932
-0,1184763
-0,06233329
-0,02114932
-0,1184763
-0,07548912
-0,01964216
-0,1260487
-0,08772665
-0,01669852
-0,1306513
-0,08772665
-0,01669852
-0,1306513
-0,09828138
-0,01258841
-0,1320574
-0,1073168
-0,007610559
-0,1302116
-0,114047
-0,002289444
-0,1250859
-0,114047
-0,002289444
-0,1250859
-0,1336283
0,001045853
-0,08669912
0,01507716
0,003069922
0,03229981
0,01507716
0,003069922
0,03229981
-0,1094419
0,177465
0,5046887
-0,1807652
0,2209222
0,7890865
-0,1807652
0,2209222
0,7890865
-0,353579
0,06610981
1,4686
-0,3200815
0,8130607
1,256153
-0,256072
-0,3108322
0,6728731
-0,256072
-0,3108322
0,6728731
0,03223705
0,866156
0,2720272
0,01499063
0,9117515
0,3057318
0,01499063
0,9117515
0,3057318
0,02060153
0,8702949
0,3079123
0,003811315
0,8647931
0,3848245
0,003811315
0,8647931
0,3848245
-0,08001268
0,9082776
0,6576493
0,1478431
0,9257585
0,7560586
0,1478431
0,9257585
0,7560586
0,6460959
0,5822375
0,2443024
-0,01376446
0,435844
0,2874197
-0,02947903
0,2257735
0,1338477
-0,02947903
0,2257735
0,1338477
0,01367939
0,3429879
0,09855047
0,001365408
0,4284426
0,07384709
0,001365408
0,4284426
0,07384709
-0,01191792
0,6781536
0,03936389
-0,0546938
1,164586
-0,178187
-0,0546938
1,164586
-0,178187
-0,1316938
1,135637
0,3888769
-0,1873351
1,440683
0,6506925
-0,05413389
0,5992033
0,1832304
-0,05413389
0,5992033
0,1832304
-0,08934432
0,2633801
0,5854446
0,2695813
0,1464336
0,1354535
0,2695813
0,1464336
0,1354535
-0,09436482
0,04430997
0,08573547
-0,01794922
0,4286833
0,4883721
-0,406189
1,116663
1,008274
-0,5227878
1,308618
1,244276
-0,1059037
0,9589519
2,032525
-0,4324134
0,7799473
1,711306
0,2016608
0,05816817
0,7529368
-0,07101089
-0,01945102
-0,1839025
-0,2565725
0,2578261
0,6270302
closestDistance
0,1343748
0,134445
0,128537
0,1250687
0,111825
0,1083854
0,1100604
0,1081137
0,1030489
0,1021099
0,1012206
0,1005089
0,10021
0,09443844
0,09919854
0,09636143
0,09303997
0,08764771
0,07347912
0,06713691
0,07463916
0,07634895
0,07464448
0,07634749
0,07327112
0,08241054
0,08699667
0,0856114
0,08508266
0,08416025
0,1001886
0,1049089
0,1026223
0,1082793
0,1047989
0,1089668
0,1077134
0,1049342
0,09426758
0,1097712
0,1092805
0,1088926
0,09739408
0,09638973
0,09519584
0,09448339
0,1111932
0,1098976
0,1102428
0,1104503
0,1104942
0,1107887
0,11124
0,1113627
0,1116152
0,1040004
0,1022286
0,1080497
0,1109714
0,1132146
0,1145256
0,1055276
0,1035319
0,1111046
0,1111007
0,1113076
0,1114007
0,1114793
0,1113492
0,1111791
0,111004
0,1109871
0,1109293
0,1110396
0,1111263
0,1111556
0,1108757
0,1107242
0,1108791
0,1109306
0,1111624
0,1114267
0,1120961
0,1121473
0,1121473
0,1121473
0,1121473
0,1121473
0,1121473
0,1121473
0,1121473
0,1121473
0,1121473
0,1121473
0,1121473
0,1121473
0,1121473
0,1121473
0,1114784
0,1112916
0,1112916
0,1099979
0,09178944
0,09230612
0,09327284
0,094446
0,09704984
0,09914429
0,1010852
0,1025436
0,09465309
0,09561533
0,09649349
0,09692307
0,09737145
0,09772035
0,09787996
0,09788568
0,09779877
0,09755056
0,0973181
0,09690272
0,09644154
0,09549814
0,09469502
0,09337327
0,09244483
0,09098931
0,08874744
0,08709391
0,08535092
0,08380776
0,08241527
0,09269606
0,08374252
0,08406243
0,08472224
0,08496769
0,08381066
0,08463125
0,07681777
0,07626934
0,08535954
0,1163026
0,06590576
0,1161842
0,106691
0,1052702
0,1113716
0,1190805
0,1068144
0,109819
0,1069044
0,113462
0,1030588
0,1066359
0,1069796
0,1104945
0,1189521
0,1109261
0,1246502
0,1308442
0,1077086
0,1148549
0,1377424
0,1176915
0,1055463
0,105595
0,10566
0,1060697
0,1071189
0,1262948
0,1625704
0,1057788
0,1025616
0,1025616
0,1025616
0,1025616
0,1025616
0,1025616
0,1025616
0,1025616
0,1025616
0,1025616
0,1045521
0,1471378
0,1179021
0,09952804
0,09952804
0,09952804
0,09952804
0,09952804
0,09952804
0,09952804
0,09952804
0,09952804
0,09952804
0,09952804
0,09952804
0,09952804
0,09952804
0,100463
0,1018808
0,1037252
0,1021271
0,1057162
0,1103071
0,1214942
0,1203302
0,1098624
0,1155427
0,1117304
0,1131804
0,1182754
0,1099765
0,09880316
0,09956714
0,09585637
0,09621757
0,09614976
0,09657717
0,09693108
0,09725604
0,09766037
0,09783527
0,09784281
0,09766277
0,09730091
0,09697319
0,09668311
0,09640394
0,09620103
0,09607159
0,09603748
0,09606244
0,0960649
0,09599112
0,09482275
0,1122954
0,1126271
0,1136624
0,1151655
0,08469031
0,1054812
0,1068519
0,08339952
0,06912403
0,0785656
0,07983693
0,08812217
0,09432135
0,09854577
0,09559093
0,09124698
0,09586018
0,09090818
0,0942366
0,09929322
0,09484266
0,09029765
0,09539565
0,09344652
0,09895989
0,09408554
0,09918155
0,09551677
0,09194274
0,09829146
0,09503342
0,1016099
0,09842565
0,09524727
0,09962101
0,09155705
0,1259419
0,1176612
0,1155712
0,1081769
0,1082587
0,1091585
0,1101557
0,112444
0,1139979
0,1182437
0,1125524
0,1183303
0,1116049
0,1116049
0,1116049
0,1116049
0,1116049
0,1116049
0,1116049
0,111823
0,1126554
0,1132495
0,1140167
0,1141115
0,1141115
0,1141115
0,1141115
0,1141115
0,1141115
0,1141115
0,1141115
0,1141115
0,1141115
0,1141115
0,1156912
0,1068426
0,09779398
0,0973314
0,1025871
0,09899731
0,09971373
0,1004784
0,09135346
0,09128247
0,09148903
0,1070604
0,1096229
0,1141046
0,08285459
0,07584489
0,1170904
0,1296419
0,1174989
0,1325449
0,1330697
0,1375218
0,1360383
0,1239263
0,1268722
0,1249713
0,1114035
0,1144165
0,1185265
0,1176355
0,1245958
0,1332417
0,1267513
0,1241347
0,1379628
0,1242023
0,1209721
0,132445
0,1438944
0,1182607
0,1342139
0,08644357
0,07891111
0,08081929
0,08943677
0,08832262
0,07785617
0,1067996
0,1070694
0,1073843
0,1074526
0,1074526
0,1074526
0,1074526
0,1074526
0,1074526
0,1074526
0,1074526
0,1074526
0,1074526
0,1074526
0,1074526
0,1074526
0,1074526
0,1074526
0,1074526
0,1074526
0,1068229
0,1120595
0,1065121
0,1129728
0,1044521
0,1118698
0,1281132
0,1233068
0,1311796
0,1284976
0,129526
0,1250081
0,1258432
0,1189737
0,1105194
0,1106888
0,1115661
0,1175203
0,1123114
0,1100632
0,1093328
0,1092117
0,1095622
0,1100373
0,1055479
0,1049347
0,1046285
0,1160747
0,1195046
0,1083143
0,1075797
0,07753628
0,07840462
0,07411389
0,07608008
0,07411472
0,08253336
0,08055164
0,08296204
0,1080557
0,1071704
0,1067155
0,0967269
0,09704549
0,09793922
0,09934806
0,1009223
0,1024357
0,09549277
0,09677891
0,09807491
0,09964655
0,1016479
0,1019745
0,1015681
0,1006668
0,09988181
0,09924799
0,09866188
0,09788014
0,09767009
0,09761414
0,09715413
0,09686434
0,09658915
0,09623972
0,09578808
0,09529404
0,09474965
0,1016949
0,1013619
0,1012922
0,1011785
0,1000414
0,09806881
0,09526792
0,09490778
0,09267022
0,09519602
0,06523373
0,1168268
0,1130186
0,1054946
0,1056152
0,1056653
0,1057139
0,1058146
0,1059355
0,1060208
0,1060601
0,1060601
0,10606
0,10606
0,1071211
0,1081148
0,1049314
0,1016106
0,1052009
0,0999964
0,09559629
0,1002117
0,1030195
0,107773
0,106339
0,1113918
0,1082612
0,1025418
0,1063191
0,1020985
0,1101278
0,1106493
0,1117184
0,1104495
0,1069452
0,100837
0,08428941
0,08413853
0,08341099
0,08465774
0,08814552
0,08534397
0,08112296
0,0803386
0,07592438
0,06956017
0,07829306
0,06890804
0,08049487
0,0718646
0,08670539
0,09536131
0,09042893
0,08660969
0,123244
0,125761
0,1017416
0,1081462
0,1048985
0,1108885
0,09959659
0,1053712
0,0992444
0,09030528
0,09883424
0,09481531
0,09481531
0,09481531
0,09481531
0,09481531
0,09481531
0,09481531
0,09481528
0,09481532
0,09481528
0,0948153
0,0948153
0,09481531
0,09481528
0,0948153
0,0948153
0,09481532
0,0948153
0,09496858
0,09351819
0,09885437
0,09630112
0,09230357
0,09084944
0,1096382
0,1109424
0,1106731
0,1325544
0,132912
0,1112434
0,1116592
0,1116282
0,1111422
0,1106126
0,1094562
0,1056954
0,09355766
0,07373271
0,1717105
0,1118855
0,1256812
0,1177857
0,1165955
0,1124365
0,1230539
0,1205725
0,1208813
0,079743
0,08192195
0,06163397
0,05495798
0,04785449
0,06618041
0,1834788
0,1167764
0,1073814
0,1076012
0,1076012
0,1076012
0,1076012
0,1076012
0,1076012
0,1076012
0,1095209
0,1137678
0,1208769
0,1173222
0,1120773
0,1128898
0,1131384
0,1131385
0,1131385
0,1131385
0,1131385
0,1131385
0,1131384
0,1131384
0,1131384
0,1131384
0,1131384
0,1131384
0,1131384
0,1131384
0,1131385
0,1131384
0,1131384
0,1131384
0,1131384
0,1131384
0,1131384
0,1131384
0,1131384
0,1131384
0,1131384
0,1131384
0,1131384
0,1131384
0,1131384
0,1131384
0,1131384
0,1131384
0,1131384
0,1131384
0,1131384
0,1131384
0,1131384
0,1131384
0,1131384
0,1131384
0,1131384
0,1131384
0,1131384
0,1141991
0,1161988
0,1096789
0,1138586
0,1171627
0,1078651
0,1061824
0,1069364
0,1079477
0,1087881
0,1097653
0,1107833
0,1113706
0,1120149
0,1126194
0,1130722
0,1155166
0,1102421
0,1152856
0,1140544
0,1146523
0,1089734
0,1085275
0,1037415
0,1040477
0,1046231
0,104602
0,1045677
0,1049787
0,1049429
0,104867
0,1048187
0,1049377
0,1049885
0,1049675
0,1048303
0,1046382
0,1044124
0,113053
0,1128121
0,1125512
0,1122739
0,1027148
0,1022991
0,1018812
0,1014253
0,08274089
0,08279433
0,08249587
0,07860462
0,0994164
0,09640323
0,07378211
0,07153701
0,0873287
0,1006078
0,1011387
0,1011387
0,1011387
0,1011387
0,1011387
0,1011387
0,1011387
0,1006142
0,09936313
0,09257621
0,08913545
0,09296859
0,09875973
0,0946308
0,09891186
0,09327225
0,09460799
0,09884037
0,09766171
0,09334959
0,08209334
0,0754885
0,08632267
0,08772779
0,1140241
0,1146724
0,1165887
0,1253844
0,1214217
0,1287063
0,1359281
0,1067699
0,1151117
0,1127126
0,1161815
timeStamps
3,146086
3,161706
3,175415
3,189603
3,215092
3,230171
3,244388
3,258832
3,284445
3,299002
3,314075
3,328223
3,354423
3,369932
3,383948
3,409645
3,42402
3,438784
3,453671
3,479818
3,495175
3,521769
3,538707
3,563077
3,579585
3,60521
3,633109
3,660987
3,689083
3,716994
3,74535
3,772886
3,789449
3,814284
3,830305
3,856203
3,884097
3,900145
3,925741
3,94234
3,968489
3,995502
4,02354
4,051621
4,079418
4,107616
4,135096
4,163419
4,19108
4,219218
4,246716
4,275099
4,30251
4,330708
4,358325
4,374762
4,39959
4,428176
4,455809
4,483818
4,511558
4,527741
4,552814
4,569465
4,594692
4,622936
4,650289
4,666823
4,691906
4,707961
4,733901
4,750091
4,775426
4,791732
4,817231
4,833516
4,858963
4,875438
4,900784
4,928746
4,956856
4,973446
4,998349
5,014632
5,040156
5,068532
5,096171
5,112479
5,137915
5,165743
5,182359
5,20735
5,22384
5,248822
5,265605
5,290621
5,319191
5,346727
5,375162
5,402647
5,419219
5,444252
5,472273
5,488426
5,5144
5,54181
5,569939
5,597676
5,625796
5,65344
5,669611
5,695154
5,722979
5,739339
5,765118
5,792389
5,808855
5,833966
5,850262
5,875995
5,892467
5,917419
5,933715
5,959151
5,975394
6,000886
6,017418
6,042945
6,059356
6,08454
6,112731
6,14069
6,168631
6,184853
6,210512
6,238022
6,266108
6,282257
6,307869
6,335568
6,36378
6,391644
6,419641
6,447268
6,475266
6,503121
6,530921
6,558823
6,587318
6,61447
6,64226
6,670236
6,698519
6,725915
6,753998
6,781629
6,809485
6,837379
6,865232
6,89352
6,921148
6,948769
6,976914
7,004344
7,03214
7,047912
7,073954
7,089805
7,115213
7,130543
7,15726
7,184965
7,200628
7,226551
7,240465
7,254915
7,26898
7,282613
7,296733
7,310287
7,32447
7,338654
7,352261
7,366469
7,380642
7,394375
7,40862
7,422259
7,436461
7,45094
7,465317
7,479683
7,505344
7,518899
7,532791
7,546791
7,561054
7,574824
7,588931
7,602939
7,617129
7,630597
7,644536
7,658675
7,672434
7,686543
7,700426
7,714499
7,728369
7,742351
7,756234
7,770088
7,784166
7,798114
7,812059
7,825625
7,839522
7,853619
7,867663
7,88165
7,89539
7,90986
7,923359
7,93715
7,951353
7,964994
7,978915
7,992858
8,0067
8,020764
8,034534
8,048431
8,062826
8,076363
8,090187
8,104203
8,118578
8,132252
8,145998
8,159945
8,173715
8,187911
8,201488
8,215461
8,229774
8,2433
8,257331
8,271669
8,285215
8,299386
8,313059
8,326957
8,340812
8,354929
8,368787
8,382633
8,396634
8,410663
8,424489
8,438512
8,452616
8,467108
8,481675
8,507779
8,522512
8,535893
8,550034
8,563455
8,577373
8,591063
8,605658
8,620086
8,634377
8,648871
8,674543
8,690474
8,716211
8,731415
8,746165
8,771716
8,786487
8,813712
8,829192
8,855508
8,871013
8,897676
8,925191
8,941632
8,966869
8,983131
9,00844
9,02367
9,050542
9,06656
9,092137
9,107666
9,13383
9,149085
9,175641
9,190608
9,21771
9,233389
9,259569
9,287186
9,303212
9,328997
9,3451
9,370889
9,398495
9,413476
9,428766
9,454023
9,469188
9,49582
9,510691
9,525707
9,55153
9,566697
9,593311
9,608381
9,635161
9,650011
9,677094
9,693222
9,718606
9,734702
9,760686
9,788186
9,81668
9,843968
9,871969
9,900126
9,92784
9,955717
9,983706
10,01192
10,03953
10,06751
10,09508
10,12303
10,15083
10,17879
10,20648
10,23431
10,26217
10,29007
10,31808
10,34584
10,37378
10,40139
10,42939
10,45716
10,48529
10,50124
10,52638
10,54263
10,56841
10,5961
10,6115
10,63811
10,65401
10,67929
10,69438
10,7098
10,73471
10,74976
10,77681
10,7921
10,81888
10,83487
10,86032
10,8762
10,90258
10,93024
10,94605
10,97228
10,99969
11,01545
11,04142
11,05704
11,08313
11,09769
11,11118
11,12614
11,13895
11,15278
11,16691
11,18087
11,1948
11,20901
11,22271
11,23671
11,25074
11,26468
11,2786
11,29252
11,3065
11,3204
11,33446
11,34829
11,36221
11,37619
11,39007
11,40389
11,41785
11,43192
11,44565
11,45996
11,47354
11,48747
11,50159
11,51528
11,5292
11,54343
11,5571
11,57104
11,58504
11,59896
11,61288
11,62684
11,64072
11,65464
11,66849
11,68283
11,69631
11,71039
11,72408
11,73809
11,75195
11,76629
11,77971
11,79393
11,8079
11,82157
11,83554
11,8497
11,8633
11,87738
11,89145
11,9052
11,91904
11,933
11,94702
11,96115
11,97476
11,98883
12,00281
12,01659
12,03054
12,04473
12,05826
12,07211
12,08604
12,10003
12,11412
12,12845
12,14266
12,15709
12,17169
12,1972
12,21199
12,2391
12,2531
12,26745
12,28297
12,30822
12,32263
12,33801
12,35186
12,36616
12,39128
12,40527
12,4202
12,43432
12,44835
12,46175
12,47502
12,4892
12,50316
12,51716
12,5311
12,54507
12,55909
12,57304
12,587
12,60095
12,61498
12,62891
12,64318
12,65683
12,67076
12,68468
12,69905
12,71237
12,7263
12,7406
12,75508
12,76905
12,78396
12,80988
12,82514
12,85119
12,86728
12,89297
12,9212
12,94886
12,97724
13,00492
13,03265
13,06061
13,0886
13,11651
13,14463
13,172
13,19996
13,22807
13,25572
13,2834
13,31132
13,33926
13,36706
13,39519
13,4226
13,4508
13,47845
13,50645
13,53408
13,56207
13,58992
13,61755
13,64582
13,67337
13,70106
13,72911
13,75713
13,78481
13,81273
13,84033
13,86818
13,89597
13,92408
13,95179
13,97957
14,0078
14,03524
14,06346
14,09081
14,11872
14,14677
14,17469
14,20224
14,23023
14,25834
14,28593
14,31378
14,34201
14,36945
14,39725
14,42511
14,45298
14,48073
14,50853
14,53643
14,56422
14,59215
14,62008
14,64797
14,67584
14,70348
14,73135
14,74668
14,7613
14,78644
14,80044
14,81438
14,82854
14,84231
14,85634
14,87045
14,88427
14,89849
14,91215
14,92625
14,94003
14,95407
14,96794
14,98177
14,99573
15,0096
15,02374
15,03774
15,05153
15,06538
15,07944
15,09336
15,10724
15,12127
15,13489
15,14917
15,1631
15,17684
15,19077
15,20482
15,21862
15,23252
15,24654
15,26036
15,27413
15,28806
15,30206
15,31608
15,33004
15,34415
15,35811
15,37196
15,38548
15,39948
15,41355
15,42727
15,44136
15,4553
15,469
15,4832
15,49728
15,51112
15,52477
15,53871
15,55281
15,56683
15,58056
15,59456
15,60842
15,62229
15,63621
15,65013
15,66393
15,678
15,69209
15,70603
15,71987
15,73375
15,74771
15,76172
15,77546
15,78954
15,80314
15,81723
15,83123
15,84499
15,85901
15,87311
15,88684
15,90068
15,91468
15,92875
15,94244
15,95651
15,9703
15,98397
15,99818
16,01215
16,02581
16,04006
16,05373
16,06764
16,08171
16,0954
16,10944
16,12341
16,13742
16,15129
16,16525
16,17895
16,193
16,20692
16,22078
16,23491
16,24863
16,26305
16,2765
16,29032
16,30466
16,31838
16,33233
16,34638
16,36009
16,37403
16,38801
16,4016
16,41576
16,42955
16,44367
16,45735
16,4719
16,48536
16,49923
16,51333
16,5273
16,54118
16,55517
16,56895
16,58272
16,59683
16,61068
16,62468
16,63892
16,65224
16,66647
16,68049
16,69461
16,70794
16,72238
16,73721
16,75101
16,7774
16,79195
16,80631
16,82158
16,84678
16,86303
16,88851
16,90512
