participantNumber
8
repetitionNum
3
sdfEnabled
1
taskTime
20,15856
numHits
34
positionDifference
0,08950306
angleDifference
103,8926
finalPosX
-0,07427026
finalPosY
0,006902311
finalPosZ
0,9321204
finalRotX
315,2505
finalRotY
264,1855
finalRotZ
99,38349
taskType
easyWire
velocityMagnitude
0,07866987
0,03584443
0,5654837
0,4884302
0,06117982
0,2335742
0,3226883
0,2424344
0,08214344
0,1747831
0,1884087
0,0645672
0,1423315
0,123556
0,3761081
0,3864791
0,1837092
0,305494
0,0852939
0,1040971
0,06077355
0,04503347
0,117608
0,1023436
0,3021218
0,3236204
0,1233757
0,3555091
0,2004713
0,2782192
0,2257423
0,1823195
0,2492405
0,1939297
0,326589
0,3411592
0,3411592
0,2717966
0,2783777
0,4099087
0,2879231
0,3346613
0,2903296
0,2159212
0,1939234
0,4262572
0,5616012
0,205906
0,246918
0,3122042
0,1376273
0,08795024
0,03927856
0,04437651
0,05510428
0,4250481
0,4151008
0,3649833
0,4514011
0,7549247
0,6620402
0,8249176
0,9224238
0,2070163
0,2537661
0,1570777
0,2048926
0,3082042
0,2674639
0,5665944
0,5934728
1,236873
1,780994
0,118694
0,08315296
0,08081115
0,06264645
0,2855082
0,4442843
0,8715014
1,266187
0,9515999
1,022856
0,8277835
0,903529
1,052005
1,19324
1,233023
1,258689
1,265769
1,293062
0,338482
1,131496
0,5570452
0,8543037
1,053771
0,7734362
0,3826548
0,2913009
0,3462767
0,4097905
0,2880868
0,3003685
0,2545877
0,4082762
0,480772
0,1167682
0,1187994
0,09423625
0,08332627
0,04448209
0,07161061
0,07662897
0,1011719
0,8029008
0,9663494
0,8257547
0,8257547
1,094139
0,9515141
1,019083
0,7848651
0,7848651
0,5901756
0,3217805
0,3217805
0,157679
0,1787805
0,1403676
0,1403676
0,1646534
0,1742317
0,1742317
0,1980999
0,1554086
0,1554086
0,0938333
0,09711998
0,1012012
0,1012012
0,12111
0,1279806
0,1279806
0,3351145
0,3265134
0,3265134
0,4284194
0,4652042
0,5067148
0,5067148
0,5698899
0,2775488
0,2775488
0,314911
0,3040924
0,3040924
0,7971293
0,8833357
0,8833357
0,3604092
0,1657578
0,1979902
0,1979902
0,2936345
0,4875572
0,4875572
0,8373235
0,7193065
0,7193065
0,1615647
0,6837872
0,6423755
0,6423755
0,7694989
0,5967605
0,5967605
0,5498984
0,5373425
0,5373425
0,09457726
0,5225027
0,1632338
0,1632338
0,6418697
1,09489
1,09489
0,9370772
0,7526426
0,7526426
0,8142833
0,8562896
0,8562896
0,9376168
0,9773027
1,025302
1,025302
1,111722
1,155146
1,155146
1,236428
1,304815
1,304815
1,521604
1,615186
1,665075
1,665075
1,709959
1,784901
1,93039
1,994074
1,994074
2,065193
2,085194
2,085194
2,098911
2,093407
2,074032
2,074032
2,060087
2,06512
2,06512
2,041034
1,968898
1,968898
1,781312
1,713704
1,668428
1,668428
0,01670453
0,07157172
0,07157172
0,1296153
0,1857498
0,1857498
0,2369834
0,2840786
0,4073161
0,4073161
0,5728011
0,3574028
0,3574028
0,39026
0,4811302
0,4811302
0,6078541
0,7633479
0,7633479
0,39821
0,4213961
0,3948582
0,3948582
0,3540456
0,3928287
0,3928287
0,5033182
0,6552351
0,6552351
0,2010548
0,1558105
0,1558105
0,002807703
0,008668494
0,02187812
0,02187812
0,07789589
0,08165781
0,08165781
0,08958674
0,05341877
0,05341877
0,006612141
0,007018482
0,01132555
0,01132555
0,009157497
0,007490073
0,007490073
0,01094043
0,0209099
0,0209099
0,06675328
0,05714045
0,0458754
0,0458754
0,04761179
0,02440547
0,02440547
0,01160799
0,007995214
0,007995214
0,04416632
0,02906165
0,02906165
0,0203768
0,03108572
0,03591329
0,03591329
0,03590782
0,01662113
0,01662113
0,00711669
0,02397824
0,02397824
0,04302202
0,02950668
0,02950668
0,05640299
0,0496319
0,0533907
0,0533907
0,08653039
0,06045373
0,06045373
0,136004
0,1763343
0,1763343
0,2263969
0,231281
0,1738864
0,1738864
0,1331967
0,1000052
0,1000052
0,05631354
0,03967146
0,03967146
0,07313611
0,08189379
0,08189379
0,1736889
0,03558622
0,05549431
0,05549431
0,07499041
0,0925658
0,0925658
0,1078874
0,1209543
0,1209543
0,1306527
0,137209
0,1409692
0,1409692
0,1403593
0,1384373
0,1384373
0,1312229
0,05925379
0,05925379
0,03422825
0,04681469
0,05039841
0,05039841
0,0644481
0,08338662
0,08338662
0,1048831
0,05757625
0,05757625
0,06370426
0,03310702
0,03310702
0,0353186
0,03200984
0,02956
0,02956
0,04639521
0,03836165
0,03836165
0,04241724
0,04026761
0,04026761
0,02374814
0,008435086
0,02053996
0,02053996
0,01748465
0,01129543
0,01129543
0,01060884
0,01223691
0,01223691
0,02022416
0,009355661
0,009355661
0,007673954
0,03473677
0,02909158
0,02909158
0,03469746
0,0385268
0,0402462
0,03424168
0,04918131
0,04918131
0,06140625
0,0719471
0,08127575
0,08127575
0,08886416
0,0973745
0,0973745
0,1027429
0,1056419
0,1056419
0,1065666
0,1035286
0,09984612
0,09984612
0,09064456
0,08073495
0,08073495
0,07163597
0,06075692
0,06075692
0,04564875
0,03103223
0,03103223
0,01714626
0,01246371
0,02163019
0,02163019
0,052555
0,052555
0,06247959
0,07405664
0,07405664
0,08431925
0,09284976
0,09284976
0,09981541
0,1053707
0,1095507
0,1095507
0,1120435
0,1134879
0,1134879
0,1141656
0,1139251
0,1139251
0,1131472
0,1112261
0,1089895
0,1089895
0,08966044
0,08835752
0,08835752
0,08369607
0,01294569
0,01294569
0,02261792
0,0255956
0,02832087
0,02832087
0,01658423
0,01522932
0,01522932
0,007318678
0,009118924
0,009118924
0,01642236
0,01770844
0,01898511
0,01898511
0,007400679
0,01674065
0,01674065
0,02855819
0,03724784
0,03724784
0,04801082
0,05739562
0,05739562
0,0007231967
0,008341004
0,03499851
0,03499851
0,09674728
0,0637847
0,0637847
0,07604612
0,07887692
0,07887692
0,123394
0,1551584
0,176815
0,176815
0,1554336
0,2164653
0,2164653
0,2085172
0,1925905
0,1925905
0,2636996
0,2282712
0,2282712
0,3845917
0,3748663
0,3170868
0,3170868
0,42458
0,4821026
0,4821026
0,4281044
0,3610932
0,3610932
0,4071935
0,255998
0,1089804
0,1445116
0,1952127
0,1952127
0,4416181
0,4941146
0,6975484
0,4170975
0,3182756
0,171163
0,08163192
0,1083284
0,1070224
0,1070224
0,1213076
0,08268615
0,08268615
0,03857716
0,1221275
0,1274802
0,2908504
0,2390659
0,2390659
0,3080545
0,3080545
0,3926238
0,4661011
0,6432268
0,7520955
1,063208
1,048616
1,028667
0,02521984
0,03279943
0,01064143
0,03443513
0,05919547
0,09670005
0,1558362
0,4874405
0,385914
0,3830073
0,2634335
0,3609095
0,2751495
0,1197118
0,1385411
0,1830564
0,1054606
0,1485511
0,3079143
0,2990629
0,1576176
0,1464113
0,4307901
0,4115593
0,4181085
0,4015952
0,4148346
0,4857472
0,4350134
0,5898932
0,4329838
0,2546348
0,3093815
0,1724336
0,2327194
0,1991042
0,4215235
0,5931365
0,5438939
0,7625341
0,5622826
0,574197
0,3374755
0,2018554
0,2667136
0,3011468
0,1903346
0,301403
0,1948648
0,2173083
0,2199803
0,1958959
0,2059749
0,05291899
0,05945878
0,1208903
0,1367251
0,1784733
0,2174914
0,4476779
0,3398988
0,699499
0,844891
0,5544663
0,6408526
0,4143153
0,2609994
0,1588351
0,1592536
0,1540237
0,2034737
0,1909166
0,2198311
0,1978091
0,1978091
0,1417217
0,1417217
0,1375295
0,148658
0,1559655
0,1322566
0,1646834
0,2111433
0,2323704
0,3242391
0,3216524
0,3648702
0,3616291
0,3616291
0,4877267
0,4088677
0,4088677
0,353532
0,7704091
0,7704091
0,6821954
0,5470909
0,7349217
0,7349217
0,4123912
0,5659295
0,5659295
0,2978707
0,3753165
0,3753165
0,2688198
0,3209246
0,2554036
0,2554036
0,2385529
0,267469
0,267469
0,5173934
0,5988159
0,5988159
0,774169
0,7068135
0,6745297
0,6745297
0,86492
0,5678244
0,5678244
0,669467
0,7241322
0,7241322
0,9937243
0,3497602
0,3497602
0,8117712
0,3747206
0,2811622
0,4683723
0,385296
0,468398
0,5026129
0,2268423
0,2386819
0,1497151
0,5193627
1,095268
1,220451
1,469587
1,627292
1,828166
2,058297
2,40418
2,643035
2,790233
2,938365
3,130847
3,35822
3,407023
3,449435
3,518881
3,472449
3,569474
3,679456
3,739267
3,671301
3,519039
2,984375
1,070946
0,4052159
1,124234
1,680129
0,8011448
2,027114
2,276963
1,406245
1,410683
0,1243902
0,1243902
0,2793902
0,2259648
0,2259648
0,2025324
0,3230847
0,3230847
0,2721486
0,3154631
0,3494588
0,3494588
0,350239
0,2215001
0,2215001
0,1464579
0,2035844
0,2035844
0,2606169
0,556417
0,4734083
0,4734083
0,2203242
0,2203242
0,2552368
0,6128731
0,2901295
0,4684806
0,2895708
0,2559822
0,2362257
0,3969593
0,5998566
0,3973916
0,6186638
0,8573667
1,029051
0,3607149
0,351198
0,7472963
0,793849
0,4769636
0,4440354
0,5010595
0,3792475
0,396316
0,3583613
0,190101
0,3806497
0,07869571
0,07210817
0,1496614
0,3731939
0,8983565
1,265799
1,342009
1,021881
1,180644
1,207066
1,274673
3,997712
4,318294
4,279888
4,260735
2,97716
1,614
1,523283
0,995358
0,4011839
0,3099738
0,325114
0,3309802
0,7372947
0,3036164
0,9285346
0,7681696
0,874194
0,8089021
0,9807284
1,140376
1,165063
1,287215
1,496198
1,594869
1,662347
1,822992
1,988616
2,115306
2,189323
2,19008
2,219536
2,281099
2,41573
2,556454
2,539127
2,45804
2,395287
2,546216
2,68211
2,809051
2,915724
2,896559
2,647804
2,507568
2,638625
2,755982
2,706416
2,733002
2,989745
2,973949
2,807005
2,716209
2,525173
2,425102
2,224436
1,900496
0,3087522
0,2914938
0,4131101
0,4020895
0,4156116
0,428956
0,4268033
0,3876076
0,3627551
0,3384128
0,2958013
0,1093946
0,05817669
0,1514745
0,1962071
0,2644729
0,3269167
0,4512889
0,8317855
0,7941127
0,3881711
0,3816147
0,3278728
0,03575891
0,03037953
0,323096
0,1655983
0,04804767
0,1010778
0,1179569
0,1002118
0,2211756
1,191734
0,493801
0,6826715
0,4184659
0,5651998
0,6331825
0,5032281
0,9744267
0,9833307
1,074962
1,284862
1,488691
1,634903
1,695482
1,743144
1,931735
2,311873
2,684931
2,741251
2,907705
3,299992
3,452641
3,464947
3,362902
3,238698
3,197259
0,5479956
0,7439691
0,9400371
1,33229
1,528444
1,920781
2,116959
2,31314
2,31314
1,20531
1,20531
1,308455
1,431198
0,8713026
0,8713026
0,8780994
0,8712206
0,8712206
0,877574
0,9097974
0,9097974
0,4144657
0,3336023
0,3336023
0,2412146
0,1481536
0,0794355
0,0794355
0,1248514
0,2450417
0,2450417
0,2336248
0,3235576
0,3235576
0,4060246
0,4818531
0,5483791
0,5483791
0,6032363
0,6443242
0,6443242
0,5452667
0,5026603
0,5026603
0,4538521
0,3971891
0,335309
0,335309
0,271425
0,2106165
0,2106165
0,1628384
0,01989321
0,01989321
0,1112418
0,04390133
0,02802691
0,02802691
0,04609411
0,002054918
0,002054918
0,0913269
0,04943972
0,04943972
0,0117146
0,008293806
0,008293806
0,01724616
0,08748074
0,1353132
0,1353132
0,1394397
0,1041818
0,1041818
0,1083548
0,09534776
0,09534776
0,1968453
0,1306883
0,1355228
0,1355228
0,2539556
0,2326933
0,2326933
0,4146442
0,4775186
0,4775186
0,4608286
0,2038794
0,2038794
0,3170054
0,2550541
0,2361257
0,2361257
0,3442905
0,2670772
0,2670772
0,3272692
0,282178
0,282178
0,3874128
0,2419749
0,2419749
0,4267723
0,4487563
0,441141
0,441141
0,5721602
0,5230711
0,5230711
0,3523661
0,5808862
0,5808862
1,170371
0,8428567
0,2729598
0,2159841
0,1281655
0,1281655
0,386826
0,1561617
0,2510172
0,1165527
0,1213392
0,1905905
0,2242447
0,2242447
0,3306795
0,4723996
0,4979709
0,3023496
0,2892702
0,3499339
0,2885399
0,1203691
0,150547
0,2465421
0,2465421
0,3977205
0,3977205
0,397111
0,4367111
0,4093773
0,2127263
0,08137738
0,03065289
0,04374919
0,1891045
0,2267312
0,2670281
0,2058691
0,2312319
0,4666664
0,4009007
velocityComponents
-0,01493117
-0,03855855
-0,06692717
0,01263336
0,01618814
0,02937968
0,1496699
0,1854689
0,5128081
0,1313141
0,1623333
0,4415525
0,01959404
-0,002008843
0,05792244
0,05397258
-0,08293377
0,2115794
0,08175411
-0,01092712
0,3119689
0,06208473
0,06424566
0,2253717
0,01790329
0,04608357
0,06559971
0,03103308
0,1036675
0,1372558
0,03873581
0,07176337
0,1698452
0,01070907
0,017669
0,06117227
0,01910597
0,03097018
0,1376011
0,01457819
0,07598475
0,09633208
0,03009911
0,2912085
0,2361122
0,03940816
0,2471716
0,2944814
0,03195438
0,02535067
0,1791238
0,0509308
-0,05195429
0,2967043
0,01485271
0,007406232
0,08366358
0,0143852
0,06501428
0,08001509
-0,0003577983
-0,05887138
-0,01508165
0,001002378
-0,04347901
-0,01168694
0,007276388
-0,1062993
-0,04979105
0,006817817
-0,09980766
-0,02159062
0,07103571
-0,2012205
0,2138733
0,06796609
-0,2368041
0,2098442
0,02780397
-0,07461236
0,09424172
0,07834524
-0,02011281
0,3461853
0,04374975
-0,01555626
0,1950197
0,04422945
-0,06639948
0,2665347
0,02430778
-0,01686843
0,2237949
0,0117903
0,05914557
0,1720558
-0,005477488
0,2006542
0,1477454
-0,009369873
0,1632948
0,1041909
-0,009040998
0,2800114
0,167846
-0,005933302
0,299076
0,1640363
-0,005933302
0,299076
0,1640363
0,00259151
0,144567
0,2301457
-0,0006847655
0,1162191
0,2529561
0,006866459
0,1668561
0,3743488
0,01077012
0,1120344
0,2650132
0,01299554
0,1095372
0,3159603
0,0313577
0,07194592
0,2795206
0,02135461
0,009354266
0,2146589
0,02696769
0,03935748
0,1879628
0,07645047
0,1472269
0,392651
0,06485438
0,03423811
0,5567922
0,03002032
0,06304903
0,193703
0,01463755
0,1234433
0,2133448
0,02737886
0,1274952
0,2836668
-0,005964544
-0,005287781
0,1373963
0,029615
0,03383579
0,07558662
0,004210676
-0,001476437
0,03902429
0,002178616
-0,001482412
0,0442982
0,006491533
-0,001120403
0,05470911
0,005102017
0,1819444
0,3841042
0,006557784
0,2439042
0,335822
-0,0007302575
0,2879555
0,224263
-0,01507298
0,4246035
0,1524717
-0,04057277
0,7388332
0,1496348
-0,03796232
0,6473027
0,1336239
-0,02776174
0,7542072
0,3330012
-0,02098928
0,8064688
0,4472508
-0,00665409
0,1835949
0,09541692
0,009022495
0,1360484
0,2140248
0,005991721
0,08306046
0,1331858
0,01787744
0,02700255
0,2023171
0,03806344
-0,07373637
0,2968231
0,0400232
-0,1667939
0,205219
0,07152637
-0,5273246
0,1945303
0,06669442
-0,5741904
0,1344141
0,1167369
-1,197232
0,2878588
0,1632347
-1,695808
0,51916
-0,04469939
-0,01837859
0,1084088
-0,03029186
-0,007054687
-0,07711712
0,01885494
-0,06739266
0,04041241
0,01364741
0,04246452
0,04398966
0,005402861
0,2772229
0,06806777
-0,01332745
0,4382589
0,07169387
-0,04389618
0,8590369
0,1401549
-0,08532847
1,234424
0,2685966
-0,6627102
-0,03825927
0,6818312
-0,4182228
0,381075
0,8521191
0,07198328
0,1137097
0,8167704
0,1048645
-0,01738518
0,8972546
0,1659877
-0,1568274
1,026922
0,2272019
-0,2934226
1,134065
0,254255
-0,3718163
1,147803
0,2534561
-0,4332657
1,15427
0,2508323
-0,5051274
1,133182
-0,05031528
-0,5814193
1,153876
-0,05201389
-0,3085096
0,129176
0,1751007
-0,4573973
1,020005
0,08265086
-0,3772214
0,4014626
0,1088005
-0,6694439
0,5194632
0,1279738
-0,8360234
0,6285862
0,09442078
-0,6336641
0,4333108
0,08631155
-0,348994
0,1310657
0,04103622
-0,2839087
0,05067655
0,06115667
-0,3385027
0,03979106
0,06277567
-0,3684227
0,1680841
0,06790477
-0,2719207
0,06664902
0,06887781
-0,284214
0,06855275
0,0252879
-0,2451329
0,0639165
0,03286441
-0,3640162
0,1819384
0,02659507
-0,4403229
0,191181
0,02285749
-0,09304309
0,06674833
0,02861223
-0,08777127
0,07477187
0,01753422
-0,06783372
0,06302071
0,01606943
-0,06310177
0,05199239
0,01197597
-0,03947502
0,01664197
0,02080086
-0,0583849
0,03586932
0,02557252
-0,06641829
0,02840169
0,03064226
-0,09415555
0,02077328
-0,02819417
-0,8012638
-0,04279065
-0,01517147
-0,9170904
0,3042141
-0,02097587
-0,7961041
0,2182868
-0,02097587
-0,7961041
0,2182868
-0,04111163
-1,071123
0,2194237
-0,03651846
-0,9338523
0,1787889
-0,04670005
-1,010382
0,1244079
-0,03843138
-0,7834763
0,02648062
-0,03843138
-0,7834763
0,02648062
-0,02914997
-0,5836799
-0,0823128
-0,01500886
-0,2980675
-0,1203047
-0,01500886
-0,2980675
-0,1203047
-0,00646355
-0,09014871
-0,1292057
-0,006890995
-0,07166513
-0,1636432
-0,03155034
0,001817435
-0,1367638
-0,03155034
0,001817435
-0,1367638
-0,01804585
-0,0158444
-0,1628928
-0,003249338
-0,064304
-0,1618985
-0,003249338
-0,064304
-0,1618985
-0,01552394
-0,1930583
-0,04160568
-0,01701208
-0,1368106
0,07173054
-0,01701208
-0,1368106
0,07173054
-0,005704239
-0,07637218
0,05421659
-0,004932247
-0,06682415
0,07030289
-0,004164192
-0,05535169
0,08461993
-0,004164192
-0,05535169
0,08461993
-0,0003752193
-0,01279707
0,1204314
0,001699595
0,007779849
0,1277326
0,001699595
0,007779849
0,1277326
0,003292057
0,0001289607
0,3350984
-0,00117544
-0,05163485
0,3224027
-0,00117544
-0,05163485
0,3224027
-0,009903478
-0,1483712
0,4017849
-0,009523372
-0,1528008
0,4392905
-0,01039828
-0,152781
0,4830215
-0,01039828
-0,152781
0,4830215
-0,02661035
-0,1525332
0,5484524
-0,07959523
0,004769742
0,265848
-0,07959523
0,004769742
0,265848
-0,1263783
0,05335528
0,283462
-0,0917419
0,05619553
0,2844251
-0,0917419
0,05619553
0,2844251
-0,1645765
0,1662483
0,7620309
-0,2349944
0,3875985
0,7581735
-0,2349944
0,3875985
0,7581735
-0,1370115
0,09644291
0,3190947
-0,03233048
0,08100905
0,1409537
-0,04372146
0,09665756
0,1671702
-0,04372146
0,09665756
0,1671702
-0,03539386
0,1072368
0,2710512
-0,07502849
0,2112378
0,4329681
-0,07502849
0,2112378
0,4329681
-0,07290664
0,4204699
0,7204168
-0,04774178
0,05197202
0,7158362
-0,04774178
0,05197202
0,7158362
-0,1379792
0,04437336
0,0713855
0,3019336
0,6123321
0,03808481
0,02340105
0,6264876
0,1400424
0,02340105
0,6264876
0,1400424
-0,06411722
0,4702144
0,605736
-0,04458788
0,08660349
0,588757
-0,04458788
0,08660349
0,588757
-0,02373942
0,3616698
0,4135453
0,148354
0,2605741
0,4459027
0,148354
0,2605741
0,4459027
0,0528099
0,04439612
0,06469125
-0,0002522245
0,1878046
0,4875843
-0,02060311
0,1192705
0,1095232
-0,02060311
0,1192705
0,1095232
0,1298967
0,5453582
0,3125826
-0,03889725
1,090772
-0,08653283
-0,03889725
1,090772
-0,08653283
0,3695621
0,7068442
-0,4918422
-0,06711038
0,6847006
-0,3052084
-0,06711038
0,6847006
-0,3052084
-0,08838483
0,7499363
-0,3046979
-0,1050711
0,8018227
-0,2815533
-0,1050711
0,8018227
-0,2815533
-0,134182
0,8830304
-0,2852678
-0,1477973
0,9175677
-0,3022349
-0,1652423
0,9602683
-0,3190983
-0,1652423
0,9602683
-0,3190983
-0,1930841
1,03253
-0,364042
-0,2028396
1,053771
-0,4275335
-0,2028396
1,053771
-0,4275335
-0,2179061
1,091505
-0,5384123
-0,2228492
1,129681
-0,613759
-0,2228492
1,129681
-0,613759
-0,2541734
1,299738
-0,7492363
-0,2694843
1,376129
-0,8015452
-0,2745121
1,411362
-0,8397464
-0,2745121
1,411362
-0,8397464
-0,270134
1,422902
-0,90903
-0,2744984
1,450003
-1,003999
-0,3002871
1,545969
-1,116339
-0,3196135
1,613857
-1,126785
-0,3196135
1,613857
-1,126785
-0,3520414
1,717754
-1,091059
-0,3595679
1,743727
-1,085432
-0,3595679
1,743727
-1,085432
-0,3618032
1,770719
-1,067276
-0,3592992
1,783386
-1,035757
-0,3539717
1,778186
-1,007158
-0,3539717
1,778186
-1,007158
-0,345122
1,776894
-0,9836136
-0,3427966
1,781748
-0,9861966
-0,3427966
1,781748
-0,9861966
-0,33151
1,747908
-1,000369
-0,3180009
1,679343
-0,977365
-0,3180009
1,679343
-0,977365
-0,300015
1,502609
-0,9084207
-0,2990423
1,418654
-0,9136611
-0,3075188
1,344296
-0,9391235
-0,3075188
1,344296
-0,9391235
-0,01200932
-0,004723564
-0,01060686
-0,004545743
-0,03718615
-0,06098392
-0,004545743
-0,03718615
-0,06098392
0,003107319
-0,06728031
-0,1107422
0,00987785
-0,09215845
-0,1609727
0,00987785
-0,09215845
-0,1609727
0,01579775
-0,1100266
-0,2092982
0,02010388
-0,11904
-0,2571497
0,02010388
-0,31524
-0,2571497
0,02010388
-0,31524
-0,2571497
0,02010388
-0,51144
-0,2571497
0,04043758
-0,08282673
-0,3453133
0,04043758
-0,08282673
-0,3453133
0,03422154
-0,09101017
-0,3779536
0,02896724
-0,2554974
-0,406655
0,02896724
-0,2554974
-0,406655
0,02703364
-0,4452573
-0,4129184
0,02703364
-0,6414573
-0,4129184
0,02703364
-0,6414573
-0,4129184
-0,06695619
-0,02609217
-0,3916725
-0,09291385
-0,04193117
-0,4088808
-0,09643972
-0,05086343
-0,3795067
-0,09643972
-0,05086343
-0,3795067
-0,1164496
0,02074227
-0,3337027
-0,112831
-0,1542315
-0,3432145
-0,112831
-0,1542315
-0,3432145
-0,112831
-0,3504314
-0,3432145
-0,112831
-0,5466315
-0,3432145
-0,112831
-0,5466315
-0,3432145
-0,1299957
0,06867331
-0,1371427
-0,1190216
0,04329048
-0,09075634
-0,1190216
0,04329048
-0,09075634
0,001442659
-0,00223594
-0,0008958263
-0,006446142
0,002953285
-0,004986798
-0,02065708
-0,0001300126
0,007205596
-0,02065708
-0,0001300126
0,007205596
-0,02757989
-0,02563722
0,06818982
-0,010561
-0,03004862
0,07519005
-0,010561
-0,03004862
0,07519005
-0,01495996
-0,03090498
0,08274579
-0,0144454
-0,01631847
0,04877092
-0,0144454
-0,01631847
0,04877092
-0,00343862
-0,001347378
0,005484603
0,001400746
0,002386704
-0,006449856
0,002606583
0,003452227
-0,0104669
0,002606583
0,003452227
-0,0104669
-0,004984768
0,003262371
-0,006954767
-0,007188932
0,0002307743
0,002089784
-0,007188932
0,0002307743
0,002089784
-0,003899562
-0,003075853
0,009748109
-0,00330404
-0,006774634
0,01950414
-0,00330404
-0,006774634
0,01950414
0,007434774
-0,02404821
0,06182563
0,006104075
-0,01993006
0,05320304
-0,0002881046
-0,0151559
0,04329859
-0,0002881046
-0,0151559
0,04329859
-0,004814868
-0,029719
0,0368847
-0,01302575
-0,007450417
0,01924703
-0,01302575
-0,007450417
0,01924703
-0,001881877
0,00387302
-0,01077978
0,004974422
-0,000468865
-0,006241694
0,004974422
-0,000468865
-0,006241694
0,01293918
-0,01630783
0,03895248
-0,00175942
-0,01003686
0,02721664
-0,00175942
-0,01003686
0,02721664
-0,01158488
0,004730925
-0,01608175
-0,0004782097
0,007323295
-0,03020699
0,0093036
0,007155314
-0,03394125
0,0093036
0,007155314
-0,03394125
0,02256105
0,003523111
-0,02771206
0,005342424
0,002227128
-0,01558077
0,005342424
0,002227128
-0,01558077
0,006761674
-0,002209783
0,0002095476
0,01289958
-0,008349672
0,01840761
0,01289958
-0,008349672
0,01840761
0,02136169
-0,01402798
0,03460908
0,01408595
-0,01101839
0,02346967
0,01408595
-0,01101839
0,02346967
0,02773613
-0,01769958
0,04581189
0,02107362
-0,01515395
0,0423035
0,02037994
0,008426657
0,04862321
0,02037994
0,008426657
0,04862321
0,03912933
0,02667807
0,07242019
0,02175495
-0,00900102
0,05568085
0,02175495
-0,00900102
0,05568085
0,0214496
0,0120824
0,1337573
0,01967539
-0,001987633
0,1752219
0,01967539
-0,001987633
0,1752219
0,01774784
-0,02504816
0,2243059
0,01126174
-0,03386565
0,2285109
-0,002014142
0,008142974
0,173684
-0,002014142
0,008142974
0,173684
-0,02964198
0,02237434
0,1279145
-0,02670344
0,02097958
0,09406285
-0,02670344
0,02097958
0,09406285
-0,04108647
0,03524563
0,01551974
-0,02776704
0,02601576
0,01122484
-0,02776704
0,02601576
0,01122484
-0,0495878
0,03717263
-0,03883472
-0,04952654
0,04155086
-0,05027166
-0,04952654
0,04155086
-0,05027166
-0,05649436
0,03895888
-0,159557
0,003440131
-0,008269504
0,03444067
0,010259
-0,01063906
0,05349002
0,010259
-0,01063906
0,05349002
0,0174039
-0,01357347
0,07166886
0,02408525
-0,0152007
0,08807535
0,02408525
-0,0152007
0,08807535
0,02998564
-0,01532498
0,1024973
0,03514837
-0,01515698
0,114738
0,03514837
-0,01515698
0,114738
0,03930159
-0,01206878
0,1240156
0,04320935
-0,01428837
0,1294415
0,04538336
-0,005862147
0,1333353
0,04538336
-0,005862147
0,1333353
0,04544033
-0,01248758
0,1322118
0,04797663
0,001936316
0,1298437
0,04797663
0,001936316
0,1298437
0,04543076
-0,008274287
0,1228293
0,04025871
0,009401307
0,04244836
0,04025871
0,009401307
0,04244836
0,03054552
-0,006608173
-0,01395981
0,03651239
-0,004757956
-0,0289106
0,03462356
-0,002913773
-0,03650643
0,03462356
-0,002913773
-0,03650643
-0,04837361
0,004211571
0,04237703
-0,07702696
-0,001399517
0,03190951
-0,07702696
-0,001399517
0,03190951
-0,1045249
-0,008186668
0,002826795
-0,05544765
-0,002644777
0,01528359
-0,05544765
-0,002644777
0,01528359
-0,02444271
0,003541917
0,05872173
-0,01714519
-0,00315991
0,02814484
-0,01714519
-0,00315991
0,02814484
-0,03207702
0,002278447
0,014604
-0,0273753
0,001738816
0,01649845
-0,02258709
0,003104717
0,01881429
-0,02258709
0,003104717
0,01881429
-0,0421487
0,005055845
0,01872006
-0,03112045
0,006343126
0,02151506
-0,03112045
0,006343126
0,02151506
-0,04085798
0,003540814
0,01083098
-0,03932805
-0,001561344
-0,008505717
-0,03932805
-0,001561344
-0,008505717
-0,01935782
0,000362277
-0,01375202
0,00785907
-0,00155139
0,00264176
0,0170498
-0,002001345
0,01127781
0,0170498
-0,002001345
0,01127781
0,007790368
-0,0001009107
0,01565289
0,001340296
0,0004227161
0,01120766
0,001340296
0,0004227161
0,01120766
-0,01014765
0,0009810328
0,002934314
-0,01206945
0,0006837249
-0,001898073
-0,01206945
0,0006837249
-0,001898073
-0,01497713
-0,0003098249
-0,01358699
-0,008722305
-0,0004280806
-0,003356567
-0,008722305
-0,0004280806
-0,003356567
-0,007052738
-0,0009831786
-0,002860386
-0,008555438
-0,001943052
0,0336106
-0,01582114
-0,002059996
0,02432628
-0,01582114
-0,002059996
0,02432628
-0,0289703
-0,001608133
0,01902758
-0,02713594
-0,0002580881
0,02734755
0,02265112
-0,02573672
-0,02107855
0,01957247
-0,005296648
-0,0275927
0,03078979
-0,007342935
-0,03764135
0,03078979
-0,007342935
-0,03764135
0,04005565
-0,008077651
-0,04583692
0,04777451
-0,008287728
-0,0531535
0,0544588
-0,008473128
-0,05973435
0,0544588
-0,008473128
-0,05973435
0,05898253
-0,01379956
-0,06501901
0,06654831
-0,008855373
-0,07053154
0,06654831
-0,008855373
-0,07053154
0,07057468
-0,00727579
-0,07431274
0,07300257
-0,00529854
-0,07617587
0,07300257
-0,00529854
-0,07617587
0,07264763
-0,002756491
-0,07791771
0,07225427
-0,0008254647
-0,0741405
0,06812546
0,0009008795
-0,07298874
0,06812546
0,0009008795
-0,07298874
0,0587357
-0,001067176
-0,06903199
0,0566723
-0,003731668
-0,05737994
0,0566723
-0,003731668
-0,05737994
0,05331282
0,004104018
-0,04767193
0,04543343
0,00376457
-0,0401626
0,04543343
0,00376457
-0,0401626
0,03019084
-0,005761564
-0,03375094
0,02443172
-0,01182407
-0,01504266
0,02443172
-0,01182407
-0,01504266
0,0167496
-0,003237084
-0,001722311
0,009527419
-0,005939409
0,005412556
-0,001959251
0,005285114
0,02088287
-0,001959251
0,005285114
0,02088287
-0,02069122
-0,02561249
0,0409622
-0,02069122
-0,02561249
0,0409622
-0,03419316
-0,01837705
0,04895724
-0,04489615
-0,01771465
0,05616861
-0,04489615
-0,01771465
0,05616861
-0,05440679
-0,0176757
0,0619452
-0,06290315
-0,01728629
0,0660716
-0,06290315
-0,01728629
0,0660716
-0,0709541
-0,01619981
0,06830958
-0,07864705
-0,01456615
0,06859634
-0,08578337
-0,01252182
0,06697597
-0,08578337
-0,01252182
0,06697597
-0,09238881
-0,01190861
0,06225944
-0,09716152
-0,01127404
0,0575503
-0,09716152
-0,01127404
0,0575503
-0,1019638
-0,008118153
0,05070744
-0,1054759
-0,005621374
0,0426868
-0,1054759
-0,005621374
0,0426868
-0,1079925
-0,004344538
0,03348194
-0,1085544
-0,00330624
0,02400519
-0,1081855
0,0009950846
0,01317652
-0,1081855
0,0009950846
0,01317652
-0,08839999
0,007249117
-0,01311054
-0,07999013
0,0004106462
-0,03752947
-0,07999013
0,0004106462
-0,03752947
-0,06152675
-0,01552537
-0,05457522
0,01012185
0,006565202
0,00469438
0,01012185
0,006565202
0,00469438
0,002269168
0,01245921
0,01874004
-5,545505E-05
0,01393643
0,02146876
-0,008607036
0,01749197
0,02054317
-0,008607036
0,01749197
0,02054317
-0,00651621
-0,009835556
0,01165494
-0,01058593
0,003147185
0,01048644
-0,01058593
0,003147185
0,01048644
-0,001769638
-0,005169265
-0,004869305
0,0001926748
-0,006692305
-0,006191179
0,0001926748
-0,006692305
-0,006191179
-0,008165257
-0,007025272
-0,0123963
-0,01435753
-0,002939403
-0,009940319
-0,01487
-0,002791077
-0,01146855
-0,01487
-0,002791077
-0,01146855
0,005440182
-0,004357114
-0,002487976
-0,0001460155
-0,009850532
-0,01353495
-0,0001460155
-0,009850532
-0,01353495
0,01070085
-0,009030953
-0,02488983
0,02040426
-0,00173153
-0,03111382
0,02040426
-0,00173153
-0,03111382
0,02633137
-0,003956467
-0,03995053
0,032279
-0,005380377
-0,04715268
0,032279
-0,005380377
-0,04715268
-1,689517E-05
0,0007229086
-1,145642E-05
0,0006110146
0,008318462
-4,689848E-05
0,002715744
0,03485858
0,00154924
0,002715744
0,03485858
0,00154924
0,006427201
0,09601983
0,009945885
0,004505225
0,06310288
0,008137398
0,004505225
0,06310288
0,008137398
0,004911113
0,07454044
0,01423428
0,005041558
0,07691263
0,01675106
0,005041558
0,07691263
0,01675106
0,008056232
0,1209616
0,02300999
0,01087205
0,1534771
0,02001704
0,01256274
0,1762716
0,005836617
0,01256274
0,1762716
0,005836617
0,01125275
0,1548078
0,008218425
0,01478305
0,2144883
0,0251691
0,01478305
0,2144883
0,0251691
0,01317035
0,202188
0,04925426
0,01250367
0,1865606
0,04615071
0,01250367
0,1865606
0,04615071
0,01589816
0,2537652
0,0699139
0,01383624
0,2178071
0,06690562
0,01383624
0,2178071
0,06690562
0,02303252
0,3812472
0,04506444
0,02293126
0,3740966
0,007116416
0,01900313
0,3159501
-0,0189337
0,01900313
0,3159501
-0,0189337
0,02518323
0,4151981
-0,08511484
0,02702875
0,4729521
-0,08949117
0,02702875
0,4729521
-0,08949117
0,02238365
0,4187327
-0,08622768
0,01753307
0,3535175
-0,07145783
0,01753307
0,3535175
-0,07145783
0,01262174
0,4052581
0,0375915
0,007637076
0,2494636
0,05696122
-0,0006431171
0,07589685
0,0782048
-0,00722208
0,02045553
0,1428741
-0,01122311
-0,05978578
0,1854931
-0,01122311
-0,05978578
0,1854931
-0,02912583
-0,2537381
0,3602711
-0,03158996
-0,2163727
0,4430961
-0,04588817
-0,1951789
0,6681117
-0,02627029
-0,1175997
0,3993126
-0,02215232
-0,07782451
0,3078181
-0,01173853
-0,04524968
0,1646555
-0,005841231
-0,02367868
0,0779036
-0,008353723
-0,02984192
0,1038013
-0,01451969
-0,03447888
0,1002705
-0,01451969
-0,03447888
0,1002705
-0,01878821
-0,02757091
0,1166292
-0,007996641
-0,01028231
0,0816537
-0,007996641
-0,01028231
0,0816537
0,02454818
0,006194353
0,02910694
0,0003992955
0,1086362
0,05579551
0,03463915
0,1226556
-0,002634358
0,003158319
0,2887774
0,0345193
0,01425871
0,2366237
-0,03095825
0,01425871
0,2366237
-0,03095825
0,004484141
0,3079041
-0,008515963
0,004484141
0,3079041
-0,008515963
0,00676123
0,3873777
-0,06360975
0,005474035
0,4534808
-0,1075894
0,002545057
0,6217204
-0,1649181
-8,19951E-05
0,7226828
-0,2082719
-0,003865768
1,009401
-0,3339231
-0,008148478
0,9968791
-0,3252109
0,1525861
0,9931043
0,2204939
0,01094491
0,009422719
0,02067515
-0,01147645
0,007034421
0,02991004
-0,002994107
0,005519807
0,008591101
-0,002178092
0,00985986
0,03292139
0,00134325
0,01757187
0,05651132
0,007926881
0,08862108
0,03787305
0,02697175
0,1389381
0,06521997
-0,04353312
0,4773444
0,08857483
-0,03724499
0,3637521
0,123397
-0,03946187
0,3445202
0,1626136
-0,02735422
0,2008875
0,1682056
-0,03740679
0,1769402
0,3123276
-0,02624593
0,06351833
0,2664279
-0,01293657
-0,01674326
0,1178271
-0,02143956
0,1359757
0,0156393
-0,022741
0,1737241
0,05303212
-0,004585364
-0,02198278
0,1030421
0,01447058
-0,1467274
0,01814063
0,03750222
-0,3026499
-0,04251821
0,04323161
-0,2909069
-0,05424776
0,03045276
-0,1545704
-0,004892283
0,01696027
0,1189481
0,08366574
0,005747773
0,4307002
-0,006664492
0,000168599
0,4115365
-0,004334524
-0,04945304
0,4106886
0,06086044
-0,02135228
0,3883772
0,09992972
-0,04684015
0,3517403
0,2148778
-0,0750519
0,4197565
0,2326414
-0,02353861
0,3976329
0,1748447
-0,02663928
0,5226785
0,2721607
-0,01826228
0,4113878
0,1337965
-0,003667975
0,1831988
0,1768152
-0,009516039
0,2435756
0,1905185
-0,002000364
0,1067642
0,135391
0,0126783
-0,003608224
0,2323458
0,02362163
-0,1279067
0,150746
0,05538502
-0,3690036
0,1960889
0,06557291
-0,511907
0,2923396
0,04646864
-0,4324884
0,3265196
0,05053209
-0,6218593
0,4384016
0,03312054
-0,4502377
0,3351875
0,02536186
-0,432241
0,3771296
-0,005080164
-0,1372488
0,308264
-0,007324114
-0,03887717
0,1979407
-0,01733503
-0,02979842
0,2644762
-0,01363138
-0,02641657
0,2996761
-0,005062924
-0,03161267
0,1876227
-0,0102427
-0,1032458
0,2829826
-0,009643201
-0,02943218
0,1923877
-0,01535687
0,06947401
0,20533
-0,01981854
0,1186672
0,1841647
-0,01761883
0,1152768
0,157404
-0,01774539
0,09306451
0,1828927
0,001380371
-0,004516554
0,05270782
0,01748123
-0,03256799
0,04657337
0,03111317
-0,1130973
0,0292482
0,01182541
-0,1304586
0,03917203
0,01719078
-0,1712584
0,04719917
0,001012144
-0,2146158
0,03523596
0,02607955
-0,4378962
0,08934353
0,05870804
-0,3336563
-0,02753296
0,04027767
-0,6983221
-0,004764184
0,0422006
-0,8427604
-0,04260147
0,01963419
-0,5541164
-0,001545301
0,01727783
-0,6405984
0,005220647
0,007995037
-0,4140894
0,01109861
0,006274648
-0,2608664
0,005481614
0,003623822
-0,1587459
0,003896048
0,002024791
-0,1585052
0,01528748
0,002544154
-0,1534345
0,01321648
0,003921018
-0,2027307
0,01692461
0,003544001
-0,1899101
0,0192547
0,002838815
-0,2168838
0,0357645
-0,003878767
-0,191347
0,04999708
-0,003878767
-0,191347
0,04999708
-0,008476029
-0,1137283
0,08413712
-0,008476029
-0,1137283
0,08413712
-0,01103359
-0,1018018
0,09180963
-0,01326509
-0,1043506
0,1050439
-0,01682776
-0,09012938
0,1261695
-0,01406971
-0,08113125
0,1034967
-0,01220541
-0,1416716
0,08307114
-0,01519507
-0,1935248
0,0830587
-0,01733847
-0,2159285
0,08408494
-0,02626682
-0,3043006
0,1088218
-0,0322258
-0,2889465
0,1375924
-0,04164883
-0,3088836
0,1897011
-0,0462125
-0,2893526
0,2119317
-0,0462125
-0,2893526
0,2119317
-0,06548981
-0,3817858
0,296358
-0,05428604
-0,326911
0,239489
-0,05428604
-0,326911
0,239489
-0,04658612
-0,2891337
0,1980311
-0,099383
-0,6420832
0,4139836
-0,099383
-0,6420832
0,4139836
-0,07967898
-0,6074677
0,3000413
-0,06477653
-0,4890965
0,2364257
-0,08679898
-0,6511013
0,3296102
-0,08679898
-0,6511013
0,3296102
-0,04689426
-0,3521505
0,2094218
-0,06649447
-0,4656987
0,31461
-0,06649447
-0,4656987
0,31461
-0,0401011
-0,1895146
0,2262809
-0,04956264
-0,1854903
0,3224894
-0,04956264
-0,1854903
0,3224894
-0,03267923
-0,05616675
0,2608475
-0,03655361
-0,01056971
0,3186609
-0,02167154
0,03608996
0,2519104
-0,02167154
0,03608996
0,2519104
0,001737323
0,1153398
0,208809
0,005473511
0,1911955
0,1869598
0,005473511
0,1911955
0,1869598
0,02329572
0,4784101
0,195645
0,03338927
0,5734565
0,1691545
0,03338927
0,5734565
0,1691545
0,01458962
0,7213656
0,2806358
-0,0150992
0,6162463
0,3458291
-0,02118993
0,5831814
0,338291
-0,02118993
0,5831814
0,338291
0,02301833
0,8295349
0,24378
0,01857157
0,5503196
0,1386647
0,01857157
0,5503196
0,1386647
-0,0250725
0,618229
0,255637
-0,05559456
0,634496
0,3445165
-0,05559456
0,634496
0,3445165
-0,1394594
0,8023185
0,5694947
0,01941469
0,01993942
0,3486512
0,01941469
0,01993942
0,3486512
-0,1562127
0,647492
0,4640303
0,03644188
0,05261028
0,369215
-0,0455063
0,1102029
0,2546304
-0,1124885
0,3290258
0,313785
-0,09732115
0,2260636
0,2964403
-0,1257306
0,168808
0,4184404
-0,1365699
0,02311539
0,4831502
-0,05446342
0,02787386
0,2184358
-0,06769722
0,05657029
0,221779
-0,059701
0,06043425
0,1232806
0,08896378
0,5001023
0,1082624
0,008084208
1,050328
-0,3104149
-0,005754381
1,183037
-0,2998172
-0,05011791
1,448509
-0,2428907
-0,09139663
1,614909
-0,1783107
-0,1309239
1,819063
-0,1267151
-0,1671075
2,048954
-0,1022202
-0,2225512
2,391852
-0,09794587
-0,261929
2,627639
-0,1119897
-0,2904972
2,772631
-0,116305
-0,3141248
2,918931
-0,1231108
-0,3432882
3,109271
-0,1295837
-0,3822647
3,334027
-0,1256192
-0,3809433
3,383534
-0,1199187
-0,37288
3,427155
-0,1190468
-0,3795477
3,497022
-0,09646213
-0,3643696
3,452639
-0,06646204
0,3149371
3,533846
-0,3922899
0,313688
3,6476
-0,3674388
0,2865973
3,70835
-0,3848684
0,2653105
3,639229
-0,4050605
0,1716659
3,490333
-0,41442
-0,1933688
2,971071
-0,2045482
0,2778109
0,9893872
-0,3014273
0,2339687
0,04129366
-0,3282582
0,1220758
-1,032775
-0,4270539
0,1142703
-1,59899
-0,5029995
0,01444997
-0,7801941
-0,1814425
-0,05515977
-2,011175
-0,2476333
-0,08930892
-2,273533
-0,08734229
1,097876
-0,5451496
0,6892055
-0,1656634
-1,317958
0,4749388
0,05090849
0,09397262
0,06364271
0,05090849
0,09397262
0,06364271
0,02356022
0,2601419
0,09914626
-0,01212377
0,2165098
0,0635341
-0,01212377
0,2165098
0,0635341
-0,05153629
0,1865574
0,0596631
-0,1239957
0,03845684
0,2958545
-0,1239957
0,03845684
0,2958545
-0,07439926
0,07636867
0,2503946
-0,08716305
0,05995434
0,2971953
-0,09413791
0,02090316
0,3358907
-0,09413791
0,02090316
0,3358907
-0,1089946
0,03124392
0,331378
0,03207323
0,1315244
0,1753138
0,03207323
0,1315244
0,1753138
0,08135334
0,1036706
0,06390592
0,0792634
0,1444379
0,1195894
0,0792634
0,1444379
0,1195894
0,0164647
0,1616462
0,203766
-0,1671311
0,1941875
0,4939214
-0,1420411
0,1530892
0,424857
-0,1420411
0,1530892
0,424857
0,03983544
0,1778021
0,123864
0,03983544
0,1778021
0,123864
-0,01042838
0,1724069
0,1879174
-0,1751842
0,3966419
0,4331271
0,01948225
0,2668582
0,1121708
0,02360781
0,4493896
0,1302525
-0,009156495
0,2714523
0,1004044
-0,0161231
0,2301247
0,1109484
-0,03045151
0,2100889
0,1036241
0,0147419
0,3866468
0,08867714
0,008501247
0,5912715
0,1007654
-0,0229633
0,3933756
0,05146264
0,007588193
0,6180602
0,02624862
-0,134612
0,8379548
0,1216107
-0,1033714
1,023619
0,02154288
-0,1386523
0,328512
0,05450411
-0,1383676
0,3209923
0,03403511
0,00583292
0,7315409
-0,1525309
0,04272113
0,7435684
-0,2747311
0,02817703
0,4431043
-0,174238
0,02722095
0,4184265
-0,1461017
0,008592688
0,4959659
-0,0707432
0,002790661
0,3741433
-0,06194876
-0,003576093
0,3875335
-0,08289342
0,0503283
0,3527052
0,03858663
-0,006617531
0,1769977
0,0690394
-0,07330905
0,2957868
0,2281011
-0,01390772
0,06968224
0,03382272
-0,03551266
-0,04401505
0,04473382
0,1067473
0,09597227
-0,04234222
0,2543787
-0,2694852
0,04407781
0,3874815
-0,7786745
0,2248744
0,4891268
-0,8929409
0,7521029
0,4205758
-0,8093957
0,9843693
0,7795816
-0,4030729
0,5234745
0,8678939
-0,3808458
0,7040151
0,8123457
-0,2860705
0,8457341
0,7909548
-0,09989202
0,9945869
0,8854012
-3,217968
2,200557
0,9172509
-3,450907
2,428486
0,8440325
-3,396738
2,463173
0,7901522
-3,352762
2,50769
-0,9192986
-1,02855
2,638268
0,06237841
-0,5377709
1,520496
0,09248704
-0,4805535
1,442535
-0,1708891
-0,4969967
0,8452981
-0,01682396
-0,1895998
0,3531535
0,0009080954
-0,1537337
0,2691633
-0,009357139
-0,1775656
0,2721802
0,1352049
-0,302103
0,001139559
0,6348391
-0,2788255
-0,2506776
0,08946057
0,2650954
0,1179159
0,6208349
0,5915732
0,3560642
0,6132481
0,3654539
0,2836454
0,5234403
0,4746889
0,5146803
0,4664043
0,3593992
0,5546367
0,5380211
0,3524882
0,740347
0,5977183
0,3727473
0,8967996
0,5803193
0,3332019
0,9537179
0,6472163
0,3450611
1,057813
0,7736354
0,3903452
1,219725
0,7936382
0,3440247
1,339923
0,8197373
0,3310885
1,407768
0,2930196
0,8745215
1,572466
0,328853
0,967752
1,705845
0,3490474
1,089522
1,779221
0,3523664
1,20783
1,79168
0,3408341
1,292559
1,734812
0,3278489
1,42573
1,669175
0,3168709
1,637626
1,556016
0,3078201
1,898784
1,461376
0,3039086
2,131376
1,378525
0,2401153
2,206628
1,233007
0,1653799
2,217228
1,048098
1,622012
1,551488
0,8362783
1,730103
1,684203
0,8083453
1,823266
1,811537
0,7666507
1,907933
1,934551
0,7127926
1,971724
2,047875
0,6480456
1,920121
2,111395
0,4951768
1,670133
2,032162
0,3030525
1,544944
1,951803
0,3025109
1,670311
1,970713
0,5373027
1,781943
1,931929
0,8293175
1,741468
1,876223
0,8785017
1,756761
1,817703
1,038773
0,0246166
2,650558
1,382935
0,04705662
2,581686
1,475484
0,02281708
2,407044
1,443915
-0,01433748
2,340564
1,378167
1,561579
1,609152
1,161292
1,477601
1,604908
1,059286
1,315622
1,493723
0,9929978
1,045574
1,302433
0,9068218
0,07643767
-0,2692365
0,1303722
0,06386878
-0,2394248
0,1535095
0,1585014
-0,2566661
0,2822407
0,2325836
-0,1338338
0,2994484
0,2787584
-0,09703526
0,2925934
0,3447315
-0,04603674
0,2510858
0,3679727
-0,003154859
0,2162108
0,3655361
0,06777304
0,1096804
0,3495873
0,08038419
0,05402183
0,3286678
0,0806101
0,00165192
0,2743657
0,06798269
-0,0871793
-0,1078045
-0,00267019
0,01839095
-0,03290697
-0,01095669
0,0467077
-0,05976528
0,006771085
0,1390208
-0,05471467
0,1376254
0,1286965
-0,06088919
0,219391
0,1345586
-0,07873838
0,2691776
0,1679827
-0,09997337
0,3909824
0,2019895
-0,1448295
0,7935318
0,2029748
-0,2138501
0,7581528
0,1004365
-0,07772122
0,3773568
-0,04730862
-0,09426929
0,3683027
-0,03310944
-0,09772417
0,3114255
-0,03105956
-0,03566962
-0,0005147457
-0,002472371
-0,02833071
0,01044121
0,003356755
-0,1432097
-0,01967001
0,2889552
-0,04743142
0,01434082
0,1580108
0,0477597
0,004418053
0,002840877
-0,0004255623
-0,007148385
0,1008238
0,02380893
0,006800562
0,1153287
-0,003856704
-0,005151927
0,1000049
-0,01868087
-0,1732562
0,1362057
-0,08135229
-1,138862
0,3414728
-0,2240263
-0,0600276
0,4359453
-0,2011268
-0,631941
0,1619848
-0,1768914
-0,1642555
0,3418235
-0,1983056
-0,2086554
0,4864037
-0,1121152
-0,3415641
0,5212333
-0,02315034
-0,4492254
0,2256085
0,04019517
-0,9707123
-0,07489574
0,01829039
-0,982098
-0,0456953
0,2833402
-1,02933
0,1254728
0,4179392
-1,152483
0,3846812
0,5324682
-1,347394
0,3423546
0,5880073
-1,490626
0,3243304
0,5782776
-1,556221
0,344138
0,5824184
-1,606432
0,3445508
0,7108297
-1,781277
0,2310224
0,9364405
-2,11185
0,08903578
1,165672
-2,418061
-0,05517486
0,4592378
-2,671814
-0,4061565
0,4839948
-2,823995
-0,4955318
1,517031
-2,909689
-0,3496802
1,574274
-3,041296
-0,43921
1,585448
-3,044071
-0,4752284
1,583251
-2,930684
-0,4620737
1,557968
-2,806473
-0,4308232
1,576535
-2,742012
-0,4673095
0,02188263
-0,5471365
-0,02149467
0,02188263
-0,7433365
-0,02149467
0,02188263
-0,9395365
-0,02149467
0,02188263
-1,331936
-0,02149467
0,02188263
-1,528136
-0,02149467
0,02188263
-1,920537
-0,02149467
0,02188263
-2,116736
-0,02149467
0,02188263
-2,312936
-0,02149467
0,02188263
-2,312936
-0,02149467
0,1945997
-0,5626612
1,048006
0,1945997
-0,5626612
1,048006
0,1945997
-0,7588612
1,048006
0,1945997
-0,9550612
1,048006
0,2511
0,06779861
0,8315771
0,2511
0,06779861
0,8315771
0,2511
-0,1284014
0,8315771
0,2953316
0,08211946
0,8155128
0,2953316
0,08211946
0,8155128
0,2898706
-0,04867662
0,8268868
0,2898706
-0,2448766
0,8268868
0,2898706
-0,2448766
0,8268868
0,1075353
0,2998066
0,2652056
0,08738676
0,2550218
0,1965145
0,08738676
0,2550218
0,1965145
0,06834505
0,1871062
0,136032
0,05125567
0,1174899
0,07428634
0,04920242
0,01279518
0,06103608
0,04920242
0,01279518
0,06103608
0,03992535
-0,1019443
0,06001011
0,04031212
-0,2333212
0,06309995
0,04031212
-0,2333212
0,06309995
-0,01174714
-0,1819497
-0,1460714
-0,02939002
-0,2463276
-0,2077221
-0,02939002
-0,2463276
-0,2077221
-0,05091278
-0,2927163
-0,2767329
-0,07602624
-0,3187644
-0,3532586
-0,1038757
-0,320104
-0,4329699
-0,1038757
-0,320104
-0,4329699
-0,1328362
-0,2941346
-0,5096405
-0,1605494
-0,2412167
-0,5754929
-0,1605494
-0,2412167
-0,5754929
-0,2043831
0,08246487
-0,4987413
-0,20629
0,1535292
-0,4319035
-0,20629
0,1535292
-0,4319035
-0,2070287
0,1767376
-0,3631594
-0,2020631
0,1808386
-0,290219
-0,1930362
0,1671712
-0,2173085
-0,1930362
0,1671712
-0,2173085
-0,1814111
0,1381997
-0,1471816
-0,1683425
0,09722514
-0,08103936
-0,1683425
0,09722514
-0,08103936
-0,1544817
0,04798214
-0,0186938
0,01265818
-0,01133123
0,01034957
0,01265818
-0,01133123
0,01034957
-0,01697338
-0,07236084
0,08276799
-0,00253397
-0,02859166
0,03321781
0,008944362
0,01661637
-0,02072202
0,008944362
0,01661637
-0,02072202
0,01309314
0,02817217
-0,0340524
-0,0002945885
-0,001310349
0,001555279
-0,0002945885
-0,001310349
0,001555279
-0,02279988
-0,05728135
0,06737667
-0,01174411
-0,03077009
0,03687226
-0,01174411
-0,03077009
0,03687226
-0,002851676
-0,007163465
0,008819558
0,002345711
0,004139811
-0,006793145
0,002345711
0,004139811
-0,006793145
-0,004893217
-0,01103747
0,01231506
-0,02411734
-0,03353043
0,07711643
-0,04178747
-0,05530317
0,1162111
-0,04178747
-0,05530317
0,1162111
-0,05018768
-0,05394503
0,1183832
-0,03494968
-0,04609405
0,08664698
-0,03494968
-0,04609405
0,08664698
-0,03484327
-0,05902168
0,08392344
-0,02513311
-0,05258685
0,07545956
-0,02513311
-0,05258685
0,07545956
-0,04446821
-0,1082655
0,1582695
-0,032418
-0,05348605
0,1147508
-0,04272157
-0,04088789
0,1219405
-0,04272157
-0,04088789
0,1219405
-0,09304546
-0,08134967
0,2218518
-0,07995328
-0,06404114
0,2089315
-0,07995328
-0,06404114
0,2089315
-0,1679069
-0,06902719
0,37279
-0,1990177
-0,06342372
0,4294105
-0,1990177
-0,06342372
0,4294105
-0,1998409
0,008170053
0,4151625
-0,06627029
0,05165083
0,1857612
-0,06627029
0,05165083
0,1857612
-0,1431122
-0,02640085
0,2816279
-0,1127397
-0,02478895
0,2274376
-0,09947241
-0,01346645
0,213727
-0,09947241
-0,01346645
0,213727
-0,1458313
0,002192557
0,3118724
-0,1013562
0,008640826
0,2469463
-0,1013562
0,008640826
0,2469463
-0,129489
0,1808785
0,2400431
-0,06129272
0,173284
0,2141035
-0,06129272
0,173284
0,2141035
-0,08898652
0,2560371
0,2767943
-0,02258032
0,1614191
0,1788459
-0,02258032
0,1614191
0,1788459
0,04344612
0,4127014
0,09962226
0,03375233
0,4340033
0,1090147
0,03130805
0,4282385
0,1011781
0,03130805
0,4282385
0,1011781
0,08619222
0,5647042
0,0323623
0,1461452
0,4976441
-0,06778831
0,1461452
0,4976441
-0,06778831
0,1345835
0,3177599
-0,07125869
0,0843139
0,5716969
0,05901276
0,0843139
0,5716969
0,05901276
0,0384527
1,15587
0,1795973
0,03482083
0,8322043
0,1289609
0,06460707
0,2651737
0,00398415
0,09953578
0,167979
-0,09232991
0,05098929
0,111703
-0,03672791
0,05098929
0,111703
-0,03672791
-0,1057806
0,2503718
0,2752433
-0,008184165
0,03314638
0,1523837
-0,03065681
0,05237302
0,2435711
-0,0322702
0,05327857
0,09851173
-0,02950955
0,04212483
0,1098995
-0,01599097
0,05115984
0,1828981
-0,06832269
0,01611325
0,2129743
-0,06832269
0,01611325
0,2129743
-0,1108035
0,05762059
0,3061885
-0,2057929
0,1644329
0,3921383
-0,2089821
0,1630827
0,4215514
-0,1229566
0,06121337
0,2693508
-0,1033142
0,004736902
0,2701499
-0,09868596
-0,1726113
0,2879586
-0,0840158
-0,1677764
0,2191978
0,0216682
-0,01035566
0,117949
0,03985989
0,0948465
0,1099078
-0,033656
0,2173005
0,1114935
-0,033656
0,2173005
0,1114935
-0,04689802
0,3560902
0,1708272
-0,04689802
0,3560902
0,1708272
-0,0822027
0,3059867
0,2393992
-0,09406982
0,3194405
0,2825336
-0,07971863
0,3052757
0,2608476
0,06715448
0,1642035
0,1173882
0,02371345
0,05880415
0,05101001
0,01742864
0,01778732
0,01787326
0,0114307
0,01920331
0,03761069
0,05544193
0,1143571
0,1400328
0,08065498
0,1054519
0,183798
0,01996913
0,09080866
0,2503179
0,0005720928
0,04599656
0,2006641
-0,008478373
-0,02348893
0,2298795
-0,07148838
-0,108082
0,4483138
-0,05189303
-0,1649821
0,3616758
closestDistance
0,1187773
0,1095432
0,106246
0,09484836
0,08501101
0,08217447
0,07882695
0,07620198
0,06768002
0,06502496
0,0610394
0,05836803
0,05641768
0,05254257
0,0495519
0,04568043
0,04386797
0,04318831
0,04340323
0,0427425
0,04514831
0,04479539
0,04154083
0,04186308
0,04178941
0,04749138
0,05248557
0,05005608
0,05971196
0,07004072
0,06953382
0,07013556
0,0657217
0,07385328
0,07680591
0,07679256
0,08087136
0,07583776
0,08033396
0,07593438
0,08123095
0,08212226
0,08665242
0,09332626
0,08641694
0,08556353
0,07974973
0,0863287
0,09055865
0,08698967
0,08506104
0,08880829
0,08834913
0,08810847
0,08804131
0,08450934
0,09099827
0,08054294
0,06922346
0,05244815
0,0549142
0,1354886
0,1148519
0,0954423
0,0950797
0,08743543
0,09903501
0,06334428
0,1064237
0,09799516
0,09409231
0,0778331
0,1005009
0,114309
0,102777
0,1052757
0,1070382
0,1037404
0,09105189
0,06426895
0,04572143
0,1097826
0,1036994
0,1018983
0,1018983
0,1018983
0,1018983
0,1018983
0,1018983
0,1018983
0,1018983
0,1196153
0,1231029
0,1201
0,1235779
0,07874237
0,08607028
0,09556371
0,08797418
0,08779448
0,0907961
0,09154812
0,08575638
0,08725538
0,09060202
0,09312243
0,09386097
0,09404431
0,09423599
0,09387308
0,09392387
0,09401078
0,09415311
0,09417583
0,08641091
0,09064896
0,08806904
0,09104821
0,07406244
0,0743222
0,1056331
0,1010121
0,09587213
0,1021918
0,1059493
0,1035558
0,1056688
0,09383485
0,09589363
0,0971304
0,09851577
0,1002073
0,09568444
0,09764323
0,09900436
0,09944894
0,09950303
0,09950021
0,09422395
0,09920206
0,09835532
0,09709419
0,09573262
0,0929489
0,09029125
0,08859109
0,08752427
0,08705244
0,08967899
0,0894574
0,1009072
0,100177
0,09869832
0,09637748
0,09405114
0,1053502
0,1092236
0,08856216
0,09235003
0,09927476
0,09785379
0,09658749
0,09518093
0,1022954
0,1003919
0,09750401
0,09425126
0,1020413
0,1027826
0,1004631
0,09905706
0,09906501
0,09906501
0,09846719
0,1012093
0,1023646
0,09379401
0,09862209
0,09467304
0,09335187
0,09315141
0,09397794
0,09317879
0,09139258
0,0958015
0,0958015
0,0958015
0,0958015
0,0958015
0,0958015
0,0958015
0,0958015
0,0958015
0,0958015
0,0958015
0,0958015
0,0958015
0,0958015
0,0958015
0,0958015
0,09580151
0,0958015
0,0958015
0,0958015
0,0958015
0,0958015
0,0958015
0,0958015
0,0958015
0,0958015
0,0958015
0,0958015
0,0958015
0,0958015
0,0958015
0,0958015
0,0958015
0,0958015
0,0958015
0,0958015
0,0958015
0,0958015
0,0958015
0,0958015
0,0958015
0,0958015
0,09580151
0,0958015
0,09552596
0,09511356
0,09494315
0,09481629
0,09471233
0,09459411
0,09446389
0,09433045
0,09440267
0,09664314
0,1003264
0,1052267
0,09617444
0,09613778
0,09667579
0,09915308
0,1039499
0,1032493
0,1114817
0,1024469
0,1022021
0,1020446
0,1034975
0,1046061
0,1055095
0,0986269
0,1034687
0,1094887
0,108141
0,09561068
0,1034963
0,1031148
0,1027687
0,1025271
0,1023758
0,1023329
0,1023359
0,1023628
0,1023775
0,1023879
0,1024011
0,1024093
0,102407
0,1024006
0,1023916
0,1023895
0,1023904
0,1023931
0,1023951
0,1023964
0,1023978
0,1024004
0,1024131
0,1024303
0,1024574
0,1025226
0,1027217
0,1030134
0,1030584
0,1029403
0,1027781
0,1027363
0,1027148
0,1027023
0,1026941
0,1026947
0,1026976
0,1027033
0,1027098
0,1027149
0,1027268
0,1027791
0,1027926
0,1027926
0,1027916
0,1027847
0,1027893
0,1028075
0,1027758
0,1027643
0,1027323
0,1024678
0,1019674
0,101511
0,1014469
0,1009221
0,1003817
0,1000331
0,09966464
0,09973148
0,1001074
0,09944156
0,09911854
0,09886979
0,09679412
0,09626857
0,09573039
0,09495761
0,1043544
0,1037325
0,1027176
0,1023281
0,102193
0,1021951
0,1021849
0,1021596
0,1021324
0,1021107
0,1020696
0,1020393
0,1020306
0,1019665
0,1019097
0,1018614
0,1017919
0,1018135
0,1018385
0,1016787
0,1017311
0,1017489
0,1015875
0,1016681
0,1017341
0,1017648
0,1017231
0,1015999
0,1014623
0,1015297
0,1017049
0,1018928
0,1019978
0,1019111
0,1018781
0,1019607
0,1019844
0,1020086
0,1020325
0,1020366
0,1020481
0,1020626
0,102067
0,1020361
0,1020409
0,1021374
0,1021678
0,102182
0,1021823
0,102177
0,1021703
0,1021636
0,1021602
0,1021657
0,1021751
0,1021877
0,1022068
0,1022224
0,1022301
0,1022294
0,1022196
0,1022048
0,1022123
0,1022378
0,1022673
0,1022861
0,102213
0,1021468
0,102123
0,1020982
0,1020704
0,1020392
0,1019951
0,102024
0,1020862
0,1020825
0,1020538
0,1020123
0,1019527
0,1018839
0,1018205
0,1017523
0,1015973
0,1015626
0,1016167
0,1017141
0,1017301
0,1016909
0,1015754
0,1015998
0,1017096
0,1019133
0,1019583
0,1019335
0,1017859
0,1013466
0,1011799
0,1014255
0,1015906
0,1017233
0,1018463
0,1019734
0,1021071
0,1022418
0,1023814
0,1025233
0,0929152
0,09993377
0,1005481
0,1011439
0,1017329
0,1022805
0,09716528
0,09744572
0,09770292
0,09797779
0,09825159
0,09847868
0,09872384
0,09891041
0,09889947
0,09913861
0,09928959
0,09911596
0,09896062
0,09880281
0,09864607
0,09844551
0,09850509
0,09868598
0,09868579
0,09870461
0,09873276
0,09876619
0,09883076
0,0988919
0,09894592
0,09900453
0,09904436
0,0990813
0,09919972
0,09935164
0,09945672
0,09923827
0,09909624
0,09897856
0,09887347
0,09877945
0,09867394
0,09854208
0,09807172
0,09709589
0,09594139
0,09886958
0,0983078
0,0977435
0,09719938
0,08794415
0,08625726
0,08420253
0,08189877
0,08900549
0,08688254
0,0841161
0,08151683
0,08401562
0,08154131
0,07860552
0,08516575
0,08267363
0,07775351
0,08041997
0,07529394
0,08053357
0,07514657
0,07875763
0,07205261
0,07566016
0,08015173
0,07507515
0,07919078
0,07434229
0,07987138
0,07900816
0,07866813
0,07940909
0,08271195
0,08938334
0,08467016
0,1016174
0,09680901
0,09884854
0,1007604
0,101609
0,1023517
0,1030442
0,1037234
0,1043225
0,09658518
0,09659752
0,09618046
0,1025609
0,1003556
0,09600884
0,1006832
0,09449124
0,09857667
0,08881283
0,08040348
0,08070834
0,071198
0,04636417
0,1153646
0,1240866
0,1052851
0,1053309
0,1053301
0,105452
0,1055251
0,1067842
0,1100556
0,1243536
0,1166297
0,1161356
0,113548
0,1180581
0,09911095
0,1014701
0,1031197
0,1088118
0,102737
0,09879705
0,1023457
0,09388211
0,09577297
0,1069827
0,1273974
0,128441
0,1204681
0,1230735
0,1246362
0,1274399
0,1276194
0,1322405
0,1226544
0,1240378
0,1182982
0,1146883
0,1126141
0,1046696
0,1106531
0,09948493
0,1054002
0,09593567
0,08166979
0,0792113
0,06593452
0,08849439
0,08360836
0,09035403
0,08299802
0,09885027
0,09646769
0,09674629
0,09954564
0,1036125
0,09724171
0,09777815
0,09737401
0,09486728
0,09087501
0,09659389
0,08964594
0,09166736
0,09156466
0,08130424
0,0762941
0,07685765
0,1245963
0,1224185
0,1215112
0,1150148
0,1192041
0,1116579
0,1163096
0,1087515
0,1140376
0,1153138
0,1184807
0,1115068
0,1133252
0,11475
0,1163153
0,1090219
0,111285
0,1143017
0,1165835
0,1117987
0,1156478
0,1104523
0,1187132
0,1140265
0,1186228
0,1118856
0,1179698
0,1138856
0,1183953
0,1160374
0,1263152
0,1266638
0,1263997
0,1210831
0,1223163
0,1215452
0,1139413
0,1137849
0,1132693
0,106619
0,1112161
0,102824
0,1053479
0,1079392
0,1038556
0,1045372
0,1046255
0,1041174
0,08218817
0,07885417
0,06141797
0,05662857
0,05722404
0,05563676
0,04611017
0,07251206
0,07315519
0,06896505
0,07590188
0,07546398
0,09690157
0,110583
0,1076269
0,1073325
0,1163801
0,1084721
0,1114947
0,1153057
0,1132088
0,1049956
0,1040429
0,08494758
0,0835535
0,08908611
0,07886667
0,08231111
0,08792187
0,08792186
0,08792186
0,08792187
0,08792186
0,08792187
0,08792187
0,08792187
0,08792186
0,08792186
0,08792187
0,08792186
0,08792186
0,08792186
0,08792186
0,08792186
0,08792186
0,08792186
0,08792187
0,08792186
0,07534499
0,07422947
0,1194036
0,07952538
0,08777149
0,08801327
0,07325751
0,04871244
0,1606481
0,1161115
0,1156782
0,105639
0,1053451
0,1054424
0,1061353
0,1102641
0,1081759
0,1122585
0,1163731
0,110785
0,1147459
0,1194822
0,1146362
0,118312
0,1112663
0,1117405
0,1122331
0,1135088
0,1164484
0,1220354
0,1213855
0,1167506
0,1199875
0,1109894
0,1049684
0,109914
0,1176546
0,08963872
0,09249067
0,0874282
0,1003954
0,1042522
0,09022351
0,08694866
0,082488
0,08269104
0,08200534
0,08424928
0,09327491
0,1056862
0,08219308
0,07949746
0,06839636
0,08107556
0,08342636
0,08421896
0,09111372
0,09024436
0,08829049
0,08682026
0,09962249
0,0979796
0,111767
0,111767
0,111767
0,111767
0,111767
0,111767
0,111767
0,111767
0,111767
0,111767
0,1117311
0,111642
0,1125556
0,1056945
0,1056945
0,1122794
0,09668989
0,09472885
0,09335883
0,0910891
0,08897039
0,09398445
0,09216031
0,0954655
0,09546551
0,09546551
0,09546553
0,09546551
0,09546551
0,09546551
0,09546551
0,09546553
0,09546551
0,09546553
0,09546552
0,0954655
0,0954655
0,0954655
0,09546552
0,0954655
0,0954655
0,09546552
0,0954655
0,0954655
0,0954655
0,0954655
0,0954655
0,09546552
0,0954655
0,0954655
0,0954655
0,0954655
0,0954655
0,09546551
0,0954655
0,0954655
0,0954655
0,0954655
0,0954655
0,0954655
0,0954655
0,0954655
0,0954655
0,0954655
0,09674335
0,09802596
0,09819606
0,09648648
0,09264948
0,08839546
0,08437669
0,1015363
0,1001616
0,09852593
0,1045201
0,1035609
0,1037434
0,1050369
0,1051889
0,0959988
0,09512328
0,0919731
0,1174221
0,113539
0,1164814
0,1054864
0,1074709
0,1040722
0,1018365
0,1046151
0,09545537
0,1006632
0,09881238
0,09815731
0,09725118
0,09500203
0,09329357
0,09287008
0,0960642
0,09631757
0,09452832
0,1006573
0,09222368
0,1017014
0,09610862
0,09610862
0,09610863
0,09610863
0,09610863
0,09610865
0,09610865
0,09610865
0,09610865
0,09610865
0,09610865
0,09610865
0,09610865
0,09610865
0,09610865
0,09610865
0,09610865
0,09610865
0,08952099
0,08417101
0,08091713
0,06654611
0,06595243
0,04419944
0,1478145
0,1299256
0,1336792
0,1172506
0,114039
0,1030205
0,1147167
0,128371
0,1023198
0,1107158
0,1097249
0,1141242
0,1140121
0,1142224
0,1238472
0,1103297
0,1103959
0,111584
0,1112829
0,1112612
0,1114773
0,1121385
0,1134044
0,1152239
0,1177881
0,116497
0,1149028
0,1142402
0,1136178
0,112998
0,1124645
0,1116659
0,110814
0,1100222
0,08744705
0,08856995
0,08888431
0,08882465
0,08849397
0,08825481
0,08803221
0,08764598
0,08729801
0,08694866
0,08650143
0,08603869
0,08569628
0,08563988
0,08550345
0,08530883
0,08502042
0,08505759
0,08513584
0,08523108
0,08521394
0,08506145
0,08487095
0,08475482
0,08469711
0,084675
0,08469341
0,08464781
0,08452127
0,08431458
0,08906121
0,08811093
0,0871746
0,08640831
0,08583507
0,08558071
0,0853267
0,08479684
0,09415505
0,09521028
0,09594896
0,09726751
0,09889444
0,1002662
0,09202092
0,1023044
0,1049217
0,08960941
0,09018655
0,08985583
0,08977436
0,08985802
0,09005639
0,09039111
0,09097008
0,09092636
0,0909733
0,0903114
0,08943619
0,08822307
0,08686595
0,1095134
0,1097333
0,1077733
0,1063313
0,1053316
0,1045606
0,0968275
0,09506884
0,09303144
0,09060017
0,08975226
0,08660152
0,09732985
0,1010167
0,09804185
0,1034364
0,1050598
0,106282
0,114746
0,1106426
0,1104869
0,1124577
0,103769
0,1050711
0,1067615
0,1080417
0,1114733
0,1075383
0,1076583
0,1129634
0,079634
0,1050568
0,1022583
0,1035637
0,1043869
0,08810437
0,0926709
0,1100647
0,105586
0,1060044
0,1116649
0,1121154
0,1109425
0,1088091
0,1090247
0,1047489
0,09082736
0,09003055
0,1092672
0,1092957
0,1052792
0,1123923
0,1094339
timeStamps
5,373438
5,401752
5,429586
5,457483
5,485181
5,512892
5,528583
5,554745
5,582517
5,610844
5,638831
5,666342
5,694316
5,722027
5,750067
5,777723
5,805854
5,833541
5,86167
5,889198
5,917206
5,944959
5,972991
6,000548
6,02873
6,056473
6,084208
6,112001
6,140201
6,167739
6,195674
6,211627
6,237369
6,265366
6,29322
6,320514
6,336836
6,362592
6,390438
6,418413
6,446343
6,473742
6,50176
6,530022
6,558089
6,58562
6,613925
6,641282
6,669364
6,697054
6,725132
6,753007
6,780735
6,808789
6,836584
6,864084
6,892143
6,920352
6,947682
6,975562
7,003676
7,03156
7,058844
7,087165
7,115101
7,142796
7,170849
7,198554
7,226305
7,254263
7,282261
7,309961
7,338003
7,365512
7,393499
7,420863
7,449126
7,477192
7,505072
7,532519
7,560626
7,588291
7,616365
7,643944
7,672217
7,699693
7,727554
7,755266
7,784714
7,811544
7,838921
7,866921
7,894587
7,92208
7,950352
7,978186
8,005704
8,033596
8,061489
8,08931
8,117381
8,145025
8,172693
8,201145
8,229033
8,25668
8,284306
8,312169
8,339804
8,355358
8,381547
8,409765
8,437295
8,453472
8,478694
8,494198
8,520395
8,535392
8,550344
8,576116
8,590368
8,604454
8,617642
8,631808
8,645797
8,659806
8,673825
8,68771
8,701501
8,715684
8,72943
8,743845
8,757687
8,771586
8,785493
8,799551
8,813888
8,827446
8,841138
8,855446
8,86869
8,882716
8,896587
8,91068
8,924627
8,93877
8,952619
8,966622
8,980603
8,994297
9,008373
9,022273
9,036216
9,050047
9,063745
9,077722
9,092149
9,10556
9,119877
9,134059
9,147401
9,161519
9,175345
9,189266
9,203162
9,217196
9,231101
9,244945
9,259047
9,272532
9,286504
9,300333
9,314405
9,328315
9,342339
9,35636
9,370418
9,384254
9,398484
9,412128
9,42627
9,440502
9,454105
9,467944
9,481488
9,495206
9,509326
9,523071
9,537143
9,551197
9,565093
9,579105
9,593244
9,607564
9,621383
9,635517
9,649329
9,662971
9,677288
9,690301
9,704457
9,717659
9,731684
9,745914
9,760006
9,77498
9,789765
9,815499
9,829814
9,843763
9,857357
9,871609
9,885243
9,898715
9,912451
9,926854
9,940893
9,954556
9,968922
9,983146
9,996655
10,0107
10,02456
10,03849
10,05281
10,06671
10,08063
10,09372
10,10833
10,12203
10,13564
10,14997
10,16407
10,17879
10,19262
10,2071
10,22099
10,23422
10,24723
10,26121
10,27425
10,28812
10,30227
10,3164
10,33016
10,34444
10,35842
10,37246
10,38644
10,40063
10,41418
10,42834
10,4421
10,45608
10,47014
10,48385
10,49761
10,51174
10,52549
10,53955
10,55372
10,56752
10,58141
10,59561
10,60927
10,62331
10,63715
10,65103
10,66503
10,67856
10,69259
10,70672
10,7207
10,73452
10,74889
10,76262
10,77648
10,79064
10,8044
10,81833
10,83343
10,84558
10,86016
10,87332
10,88732
10,90149
10,91538
10,92933
10,94333
10,95737
10,97133
10,98529
10,99922
11,01299
11,02693
11,04121
11,05482
11,06866
11,0822
11,09647
11,11023
11,12449
11,13829
11,1523
11,16615
11,17998
11,1941
11,20783
11,22181
11,23569
11,24973
11,2639
11,27712
11,29118
11,30537
11,31903
11,33321
11,34741
11,36097
11,37511
11,38913
11,40289
11,41677
11,43106
11,44461
11,45852
11,47212
11,48611
11,49997
11,51436
11,52808
11,542
11,55593
11,56996
11,58392
11,5979
11,61178
11,62595
11,63927
11,65333
11,667
11,68093
11,69496
11,70902
11,72313
11,73718
11,75115
11,76492
11,77883
11,79296
11,80655
11,82058
11,83441
11,84832
11,86203
11,87594
11,88997
11,90365
11,91778
11,93203
11,94567
11,95968
11,97383
11,98762
12,00145
12,01569
12,02926
12,0435
12,0568
12,07077
12,08472
12,09897
12,11276
12,12675
12,14143
12,1547
12,16853
12,18234
12,19664
12,21019
12,2239
12,23817
12,25179
12,26579
12,27978
12,29361
12,30757
12,32166
12,33564
12,3498
12,36365
12,37749
12,39148
12,40529
12,41936
12,43313
12,44662
12,4606
12,47459
12,48865
12,50261
12,51652
12,5305
12,54446
12,55841
12,57264
12,58604
12,60023
12,61433
12,62785
12,64156
12,65577
12,66972
12,68344
12,69807
12,71144
12,72543
12,7394
12,75366
12,76789
12,78276
12,79736
12,82269
12,83639
12,85031
12,86421
12,87801
12,89202
12,90623
12,91996
12,93422
12,9482
12,962
12,97586
12,98987
13,00375
13,01771
13,03189
13,04523
13,05965
13,07306
13,08712
13,10111
13,11516
13,1293
13,14353
13,15749
13,17079
13,18481
13,19895
13,21271
13,22676
13,24055
13,25456
13,26862
13,28221
13,29618
13,31017
13,32418
13,33808
13,35213
13,36583
13,38001
13,39383
13,40764
13,42183
13,43609
13,44908
13,46266
13,47738
13,49111
13,50478
13,519
13,53294
13,54679
13,56056
13,57456
13,58874
13,60237
13,6166
13,63026
13,64402
13,65804
13,6722
13,68582
13,70024
13,71392
13,72794
13,74191
13,75606
13,77032
13,78506
13,799
13,81162
13,82573
13,8382
13,85242
13,86654
13,88023
13,89459
13,90845
13,92268
13,93656
13,95096
13,96477
13,9793
13,99325
14,00778
14,03389
14,04806
14,06231
14,07614
14,09203
14,11681
14,13182
14,1589
14,17376
14,18873
14,21441
14,23008
14,24355
14,25717
14,27023
14,28374
14,29813
14,31358
14,33989
14,35387
14,36869
14,38309
14,39783
14,4231
14,43876
14,46503
14,49296
14,50827
14,5349
14,56277
14,59096
14,6185
14,64633
14,6745
14,70275
14,73038
14,7582
14,78617
14,81395
14,84186
14,86947
14,89746
14,92578
14,95317
14,98124
15,00876
15,03632
15,06424
15,09263
15,12006
15,14819
15,17589
15,2034
15,23154
15,25953
15,28721
15,31528
15,34278
15,37067
15,39861
15,42631
15,45428
15,48221
15,51009
15,53798
15,5658
15,59338
15,62164
15,64923
15,67747
15,70557
15,73344
15,76043
15,78802
15,81605
15,84407
15,87204
15,89975
15,92757
15,95536
15,98315
16,01121
16,03923
16,06732
16,0949
16,12251
16,15015
16,1781
16,2063
16,23396
16,26186
16,28979
16,3173
16,34511
16,37327
16,40112
16,42887
16,44469
16,47018
16,48538
16,51205
16,52738
16,55376
16,5695
16,59544
16,62343
16,63958
16,66462
16,67973
16,69403
16,70886
16,73448
16,76259
16,79046
16,80633
16,83174
16,84697
16,86179
16,88766
16,90155
16,91562
16,92974
16,94418
16,95793
16,97168
16,98545
16,99917
17,01293
17,02689
17,04115
17,05468
17,06937
17,08254
17,09717
17,11068
17,12477
17,13888
17,15264
17,16671
17,18052
17,19444
17,20873
17,22215
17,23604
17,25005
17,26382
17,27777
17,29205
17,30592
17,3202
17,33368
17,34771
17,36267
17,37628
17,38965
17,40363
17,41763
17,43118
17,44524
17,4595
17,48635
17,50176
17,52819
17,54337
17,57014
17,58577
17,61133
17,62646
17,64161
17,66719
17,69507
17,71104
17,7368
17,76489
17,79301
17,82084
17,84927
17,87693
17,90429
17,93241
17,96073
17,98781
18,0036
18,02961
18,05727
18,08519
18,11319
18,12919
18,15464
18,17038
18,1961
18,21144
18,23838
18,26615
18,29423
18,32202
18,34992
18,37764
18,39297
18,41971
18,43451
18,44847
18,46264
18,47639
18,48962
18,50295
18,51593
18,53004
18,54385
18,5579
18,57248
18,58605
18,60019
18,61436
18,62873
18,64281
18,65704
18,67049
18,68483
18,69855
18,71202
18,72639
18,74109
18,75489
18,78056
18,79492
18,80939
18,82426
18,85065
18,86597
18,89244
18,90736
18,92232
18,94796
18,96335
18,98974
19,00626
19,03142
19,05939
19,08752
19,11548
19,14322
19,17129
19,19923
19,22718
19,25512
19,28284
19,31065
19,33838
19,36661
19,39452
19,42206
19,45006
19,47751
19,50558
19,53383
19,5614
19,58933
19,61719
19,64501
19,67266
19,70053
19,72864
19,75645
19,78424
19,81203
19,83974
19,86744
19,89545
19,92337
19,95144
19,97902
20,00712
20,03491
20,06235
20,09024
20,11824
20,14621
20,17411
20,20192
20,22939
20,2574
20,28538
20,31325
20,34112
20,3689
20,39668
20,4244
20,4525
20,48026
20,50811
20,53598
20,5638
20,59173
20,61932
20,64724
20,67513
20,70293
20,73086
20,75892
20,78646
20,81462
20,84208
20,8699
20,89782
20,92576
20,95355
20,98138
21,00914
21,03723
21,06528
21,09278
21,12067
21,14858
21,17684
21,2041
21,23196
21,25985
21,28782
21,31567
21,34345
21,37123
21,3991
21,42678
21,45489
21,48302
21,5105
21,53853
21,56592
21,59375
21,62187
21,64985
21,67763
21,70549
21,73357
21,76105
21,78897
21,81691
21,84465
21,87246
21,90041
21,92825
21,95589
21,98377
22,01169
22,03972
22,0672
22,09525
22,12305
22,15062
22,17896
22,20661
22,23446
22,26223
22,29014
22,31782
22,346
22,37378
22,40159
22,42938
22,45717
22,48503
22,51288
22,54077
22,56894
22,59637
22,62451
22,65239
22,67985
22,70787
22,73585
22,76379
22,79174
22,81935
22,84716
22,87463
22,90295
22,93058
22,95843
22,98643
23,01449
23,04211
23,07019
23,08509
23,09983
23,12504
23,13984
23,15346
23,16694
23,18062
23,19467
23,2084
23,22238
23,23645
23,25042
23,26452
23,27838
23,2923
23,30634
23,32
23,33428
23,34815
23,36214
23,37585
23,39
23,40402
23,41762
23,43146
23,44565
23,45978
23,47348
23,48738
23,50119
23,51538
23,52907
23,54318
23,55699
23,57115
23,58498
23,59879
23,61303
23,62625
23,64005
23,65413
23,66817
23,68201
23,6964
23,71013
23,72389
23,73796
23,75204
23,76587
23,78005
23,79383
23,80785
23,82175
23,83529
23,8491
23,86305
23,87734
23,89108
23,90553
23,9193
23,93333
23,94712
23,96054
23,97446
23,98846
24,00265
24,01607
24,03038
24,044
24,05815
24,07217
24,08601
24,10031
24,11381
24,12825
24,14198
24,15589
24,16953
24,18374
24,19765
24,21134
24,22485
24,23902
24,25288
24,26683
24,28108
24,29491
24,30882
24,32311
24,33662
24,3508
24,36436
24,37849
24,3924
24,40658
24,41986
24,43421
24,44801
24,46178
24,47588
24,48983
24,50368
24,51778
24,53192
24,5459
24,55947
24,57371
24,58834
24,6151
24,62954
24,6441
24,65841
24,68418
24,71219
24,72753
24,75431
24,77008
24,79548
24,82339
24,83975
24,86507
24,88101
24,90675
24,92274
24,9489
24,97648
24,99249
25,0184
25,03354
25,06021
25,07618
25,10177
25,11801
25,14342
25,17179
25,19974
25,22764
25,2554
25,28333
25,31135
25,33929
25,36681
25,39471
25,42273
25,45022
25,47823
25,50626
