participantNumber
2
repetitionNum
4
sdfEnabled
0
taskTime
21,74846
numHits
20
positionDifference
0,2045331
angleDifference
166,9378
finalPosX
-0,03370681
finalPosY
-0,09537636
finalPosZ
0,8180989
finalRotX
354,113
finalRotY
209,6324
finalRotZ
150,1507
taskType
easyWire
velocityMagnitude
0,2343657
0,1985139
0,1250839
0,1250839
0,4570321
0,3058357
0,3058357
0,9569732
0,4036716
0,4036716
0,3661922
0,2232537
0,2232537
1,104603
0,4588699
0,1684733
0,1684733
0,4156002
0,2698063
0,2698063
0,4394887
0,1076213
0,1076213
0,1837595
0,07541268
0,09421043
0,09421043
0,089113
0,03978311
0,03978311
0,3874646
0,06897525
0,06897525
0,1620774
0,03653985
0,08593088
0,08593088
0,1214253
0,109558
0,109558
0,1390036
0,01140644
0,01140644
0,2327951
0,1625976
0,1625976
0,127389
0,3597273
0,7468295
0,7468295
1,32762
0,4735418
0,4735418
0,1787321
0,6529645
0,6529645
0,9115368
0,3384627
0,3532442
0,3532442
0,9726502
0,3103872
0,3103872
0,6949732
0,6357471
0,6357471
0,7857673
0,2658037
0,2511072
0,2511072
0,3055366
0,3191928
0,3191928
1,002529
0,1909175
0,1909175
0,7283998
1,253392
1,253392
1,44493
0,3526969
0,09576792
0,09576792
0,9349557
0,4552659
0,4552659
0,6938439
0,1864678
0,1864678
0,7213442
0,3516524
0,170075
0,170075
0,2809339
0,3845332
0,3845332
0,6493223
0,1658382
0,1658382
0,5583617
0,383115
0,2702132
0,2702132
0,3865292
0,4056429
0,4056429
0,6495103
0,197963
0,197963
0,5825692
0,2990174
0,2990174
0,8422284
0,256416
0,4134558
0,4134558
1,477785
0,4259402
0,4259402
0,3910828
0,3648961
0,3648961
0,7477903
0,1844517
0,2612397
0,2612397
0,5274596
0,108166
0,108166
0,3343546
0,1913825
0,1913825
0,8859057
0,4271831
0,4271831
0,6859087
0,1504081
0,3670069
0,3670069
0,5693926
0,8516806
0,8516806
1,692036
0,1941204
0,1941204
0,487092
0,1562038
0,1469569
0,1469569
0,5149558
0,2545207
0,2545207
0,8577106
0,4065442
0,4065442
0,809446
0,7624299
0,7624299
0,1582588
0,2660525
0,2335853
0,2335853
0,1805236
0,1671185
0,1671185
0,1850968
0,2016064
0,2016064
0,7518579
0,107265
0,4137927
0,4137927
0,2290214
0,2492564
0,2492564
0,2637306
0,158126
0,158126
0,3523143
0,1600954
0,2278472
0,2278472
0,3840826
0,1551218
0,1551218
0,280555
0,1933666
0,1933666
0,5269254
0,4167256
0,4167256
0,5747331
0,188424
0,2327286
0,2327286
0,4771928
0,3676738
0,3676738
0,5400153
0,2645525
0,2645525
0,6328837
0,2768731
0,2618001
0,2618001
0,5291736
0,3267101
0,3267101
0,5576342
0,3120998
0,3120998
0,4319554
0,2174711
0,2174711
0,1651067
0,08434031
0,2280971
0,2280971
0,9294658
0,2435593
0,2435593
0,7409883
0,4752972
0,4752972
0,7439436
0,3372205
0,3417448
0,3417448
0,3871784
0,2370511
0,2370511
0,3416846
0,2819506
0,2819506
0,5260133
0,146761
0,2386153
0,2386153
0,585758
0,1672982
0,1672982
0,2931433
0,2264173
0,2264173
0,2074194
0,1882046
0,1882046
0,2806951
0,1286029
0,04640344
0,04640344
0,2224125
0,1324971
0,1324971
0,1107516
0,06260078
0,06260078
0,05769559
0,06937535
0,06127023
0,06127023
0,1475424
0,06864892
0,06864892
0,07122558
0,05173224
0,05173224
0,2118331
0,1072137
0,1072137
0,1014499
0,08090489
0,06898741
0,06898741
0,1659641
0,1401249
0,1401249
0,08790643
0,03950066
0,03950066
0,1522349
0,1283389
0,1724097
0,1724097
0,2628223
0,1002741
0,1002741
0,2369882
0,09775146
0,09775146
0,09744818
0,07099771
0,07099771
0,09504371
0,1350301
0,1385601
0,1385601
0,08151169
0,07702065
0,07702065
0,1009203
0,1800805
0,1800805
0,1229595
0,1026008
0,09396307
0,09396307
0,1676423
0,08025068
0,08025068
0,211309
0,1022236
0,1022236
0,1346834
0,0601971
0,09212814
0,09212814
0,07328052
0,03547002
0,03547002
0,067973
0,01062066
0,01062066
0,06901129
0,05665942
0,05665942
0,3001023
0,2105112
0,09944867
0,09944867
0,1335493
0,1050507
0,1050507
0,1788962
0,1093791
0,1093791
0,272037
0,1989083
0,301476
0,301476
0,1570003
0,042124
0,042124
0,1936383
0,04894994
0,04894994
0,1543843
0,01267938
0,01267938
0,0774831
0,07317077
0,05689106
0,05689106
0,2236921
0,1803888
0,1803888
0,3327039
0,1272215
0,1272215
0,1680118
0,1227217
0,1165028
0,1165028
0,1826715
0,03692429
0,03692429
0,2146948
0,1779814
0,1779814
0,1966331
0,06286617
0,06286617
0,3095286
0,1433578
0,05849827
0,05849827
0,1096817
0,1138527
0,1138527
0,1532129
0,1731802
0,1731802
0,1600441
0,123876
0,1403901
0,1403901
0,2049213
0,1237626
0,1237626
0,3706027
0,1103151
0,1103151
0,2268141
0,05894189
0,05894189
0,1943126
0,1732251
0,1604174
0,1604174
0,1459365
0,09835687
0,09835687
0,1860519
0,06818893
0,06818893
0,1480348
0,1188409
0,08643339
0,08643339
0,1922659
0,1753575
0,1753575
0,1403691
0,1335738
0,1335738
0,1953347
0,04472842
0,04472842
0,2747978
0,2048823
0,2421163
0,2421163
0,5711405
0,1290756
0,1290756
0,2654836
0,03710452
0,03710452
0,6119337
0,2079386
0,1330044
0,1330044
0,2913935
0,1546196
0,1546196
0,1138231
0,1502904
0,1502904
0,1291851
0,1000998
0,1155732
0,1155732
0,260903
0,2009806
0,2009806
0,173352
0,04980305
0,04980305
0,1337464
0,09595984
0,09595984
0,1793955
0,1550498
0,09936439
0,09936439
0,1305242
0,0264447
0,0264447
0,2185277
0,2472309
0,2472309
0,4179075
0,04068966
0,06317386
0,06317386
0,08763827
0,1048126
0,1048126
0,3411115
0,0424758
0,0424758
0,1091776
0,04311195
0,04311195
0,07322385
0,03268244
0,0288761
0,0288761
0,06338817
0,08373127
0,08373127
0,4162349
0,1752052
0,1752052
0,450191
0,1653127
0,1096398
0,1096398
0,1371647
0,1038269
0,1038269
0,07904002
0,1862219
0,1862219
0,1211739
0,0961711
0,0961711
0,3462091
0,1528791
0,2305376
0,2305376
0,1169735
0,04530379
0,04530379
0,05626806
0,07711976
0,07711976
0,3299788
0,1566158
0,1997192
0,1997192
0,2756554
0,2198686
0,2198686
0,534866
0,2044313
0,2044313
0,500509
0,1037161
0,2040304
0,2040304
0,2460353
0,02381555
0,02381555
0,5709087
0,3255446
0,3255446
0,4783975
0,2753064
0,2753064
0,03887471
0,1104399
0,1321894
0,1321894
0,1147062
0,0787288
0,0787288
0,1779144
0,07328627
0,07328627
0,6217871
0,09728467
0,1936897
0,1936897
0,3117964
0,2228411
0,2228411
0,4060643
0,2376975
0,2376975
0,1747902
0,05060797
0,1009482
0,1009482
0,290041
0,1326981
0,1326981
0,6019385
0,2022527
0,2022527
0,5127319
0,2631172
0,2631172
0,3700571
0,199005
0,1843084
0,1843084
0,294188
0,1777905
0,1777905
0,2920549
0,484134
0,484134
0,5135307
0,1617528
0,1617528
0,5262073
0,0714061
0,06715239
0,06715239
0,3890249
0,2806588
0,2806588
0,4303913
0,1598411
0,1598411
0,3217567
0,3560898
0,4518196
0,4518196
0,2266928
0,1629492
0,1629492
0,1975878
0,221107
0,221107
0,5066762
0,1525253
0,1020081
0,1020081
0,3443905
0,1666884
0,1666884
0,4056033
0,1636373
0,1636373
0,4111296
0,09203733
0,09203733
0,323844
0,133284
0,1848416
0,1848416
0,3312533
0,1076389
0,1076389
0,3330639
0,2241815
0,2241815
0,2655259
0,293832
0,1054743
0,1054743
0,3643577
0,1565567
0,1565567
0,394098
0,1280533
0,1280533
0,2817288
0,05592666
0,05592666
0,4131978
0,3005907
0,2545002
0,2545002
0,2118658
0,08827184
0,08827184
0,2720496
0,1367102
0,1367102
0,3117909
0,1326666
0,1164879
0,1164879
0,2913058
0,1069346
0,1069346
0,2072054
0,2219299
0,2219299
0,3542408
0,08695678
0,08695678
0,04431774
0,03294382
0,06161435
0,06161435
0,09135639
0,05388576
0,05388576
0,1098636
0,02055939
0,02055939
0,03693033
0,0317847
0,08611891
0,08611891
0,107332
0,04132851
0,04132851
0,1863924
0,09576395
0,09576395
0,3445842
0,0718925
0,0718925
0,1813828
0,1482302
0,1036538
0,1036538
0,220973
0,09685957
0,09685957
0,3172476
0,0546337
0,0546337
0,07343715
0,03540273
0,03540273
0,05600617
0,07687389
0,1479584
0,1479584
0,1764471
0,09985462
0,09985462
0,1988429
0,1872566
0,1872566
0,2098181
0,09463134
0,06538308
0,06538308
0,07753195
0,065626
0,065626
0,02010888
0,1101996
0,1101996
0,004470862
0,007735107
0,05688667
0,05688667
0,04116724
0,02634523
0,02634523
0,1319371
0,08119331
0,08119331
0,1186999
0,048424
0,048424
0,01922696
0,04783891
0,08908718
0,08908718
0,03298239
0,03190481
0,03190481
0,03326335
0,02384972
0,02384972
0,01200152
0,002105342
0,002105342
0,1044822
0,01561411
0,00960407
0,00960407
0,01997475
0,03646404
0,03646404
0,07750022
0,0540011
0,0540011
0,1703892
0,1324827
0,1508313
0,1508313
0,1893102
0,1589082
0,1589082
0,2345409
0,1364893
0,1364893
0,6488573
0,4892939
0,4892939
1,003636
0,3341885
0,3677614
0,3677614
1,289038
0,7207031
0,7207031
0,8708377
0,6150185
0,6150185
1,554021
0,7525123
0,6698087
0,6698087
0,6874616
0,248704
0,248704
1,112043
0,4615438
0,4615438
0,4851702
0,2614357
0,2614357
0,9457973
0,4211794
0,2684548
0,2684548
1,410168
0,3368103
0,3368103
0,2189485
0,1100315
0,1100315
0,3533897
0,6300381
0,4769559
0,4769559
0,5740764
0,1123409
0,1123409
0,2616093
0,7301155
0,7301155
1,78931
0,666006
0,666006
0,8815738
0,2302385
0,3048986
0,3048986
0,3367366
0,1123141
0,1123141
0,3762891
0,1996881
0,1996881
0,4017845
0,3124906
0,3301615
0,3301615
0,2545957
0,1623457
0,1623457
0,7521608
0,4020957
0,4020957
0,3508133
0,326329
0,326329
0,3492742
0,5500418
0,4088506
0,4088506
0,1074654
0,07927685
0,07927685
0,5377554
0,1205718
0,1205718
0,522121
0,1136651
0,03779743
0,03779743
0,3770209
0,3954075
0,3954075
1,041987
0,097357
0,097357
0,6789637
0,3747697
0,3747697
0,2331634
0,4288068
0,4072983
0,4072983
0,1509441
0,4815481
0,4815481
0,5585588
0,08753317
0,08753317
0,2128411
0,1075826
0,2417385
0,2417385
0,9455178
0,05992228
0,05992228
0,3614917
0,07927553
0,07927553
0,6936511
0,1236771
0,1236771
0,63601
0,3639103
0,1592525
0,1592525
0,8893349
1,077713
1,077713
0,3329913
0,8119525
0,8119525
1,169082
0,2569742
0,3360744
0,3360744
0,8330886
0,7221654
0,7221654
0,340191
0,3522952
0,3522952
0,5419116
0,03120834
0,03120834
0,2249214
0,08313316
0,1208404
0,1208404
0,6991161
0,1394878
0,1394878
0,1315477
0,1269872
0,1269872
0,2932928
0,0927399
0,1016009
0,1016009
0,3495501
0,4086968
0,4086968
0,2574911
0,06966919
0,06966919
0,3855036
0,2778596
0,2225236
0,2225236
0,6748184
0,492323
0,492323
0,8979952
1,368344
1,368344
2,380034
1,506745
1,506745
0,5239494
0,2996341
0,1688568
0,1688568
0,127802
0,5207376
0,5207376
0,4175488
4,479599
4,479599
4,251298
0,2383318
0,4152936
0,4152936
1,048505
0,473688
0,473688
0,3584822
0,4438277
0,4438277
0,3615542
0,419384
0,419384
0,6802119
0,4892451
0,4940854
0,4940854
0,678822
0,4429787
0,4429787
1,113539
0,3460173
0,3460173
0,2379916
0,09340733
0,3456936
0,3456936
0,3358461
0,2026222
0,2026222
0,2595275
0,6392948
0,6392948
1,415314
0,5125327
0,48049
0,48049
0,3168322
0,3904334
0,3904334
0,9689977
0,384132
0,384132
0,2016374
1,089414
1,089414
0,9820887
0,7051635
0,3839
0,3839
0,3249152
0,7273982
0,7273982
0,8655516
0,007520775
0,007520775
0,3066469
0,4646066
0,5132674
0,5132674
0,109137
0,272462
0,272462
0,2512667
0,3202915
0,3202915
0,927647
0,2100375
0,2100375
0,4592556
0,07748977
0,1021831
0,1021831
0,3457652
0,1017133
0,1017133
0,4133852
0,07604541
0,07604541
0,1815988
0,1622074
0,1573906
0,1573906
0,4161763
0,2325018
0,2325018
0,1423199
0,1027881
0,1027881
0,2376146
0,2839719
0,09989376
0,09989376
0,6778218
0,4253849
0,4253849
0,2730769
0,1844481
0,1844481
0,5225204
0,3452532
0,3452532
0,6842371
0,2393389
0,03305477
0,03305477
0,490877
0,4379784
0,4379784
0,4579035
0,2185135
0,2185135
0,02408515
0,2180583
0,3458119
0,3458119
0,3991362
0,1458757
0,1458757
0,1799593
0,08370685
0,08370685
0,02010701
0,2353484
0,2353484
0,1298848
0,3045449
0,3081825
0,3081825
0,1514073
0,3369575
0,3369575
0,2242506
0,06322676
0,06322676
0,3662314
0,2579314
0,1260597
0,1260597
0,2170054
0,1459654
0,1459654
0,0165307
0,06292605
0,06292605
0,2309773
0,05204726
0,05204726
0,1591979
0,07408485
0,1224095
0,1224095
0,2774187
0,09012689
0,09012689
0,05071254
0,01254467
0,01254467
0,1168403
0,07099584
0,1250003
0,1250003
0,3022085
0,188125
0,188125
0,03114978
0,06058273
0,06058273
0,05654313
0,1951274
0,3034998
0,3034998
0,5666584
0,09088056
0,09088056
0,4742569
0,2621597
0,2621597
0,790148
0,3450463
0,3450463
0,8156565
0,3180618
0,3722205
0,3722205
0,267132
0,3880895
0,3880895
0,5904866
0,1404738
0,1404738
0,3353173
0,5783282
0,5210114
0,5210114
0,4559636
0,1438725
0,1438725
0,6700572
0,2455789
0,2455789
0,9249645
0,5732204
0,5732204
0,5144805
0,04302629
0,3237556
0,3237556
1,428215
0,4783585
0,4783585
0,8518766
0,6342119
0,6342119
0,9004829
1,246411
1,230113
1,230113
1,43894
0,7472455
0,7472455
1,16669
0,5521212
0,5521212
1,019165
0,5853382
0,6619022
0,6619022
1,013946
0,1551141
0,1551141
0,5189948
0,4961433
0,4961433
1,337385
0,3937129
0,3937129
0,7349407
0,7332896
0,6918625
0,6918625
0,9719238
0,6639209
0,6639209
0,5588306
1,090863
1,090863
0,8405994
0,3213682
0,1477993
0,1477993
0,840451
1,14977
1,14977
0,3362404
0,1057237
0,1057237
0,1586295
0,4457498
0,4457498
1,149062
0,1542191
0,3063952
0,3063952
0,7287325
0,2578223
0,2578223
0,8959409
0,3253753
0,3253753
0,8660877
1,444784
0,3053045
0,3053045
0,9306898
0,5091708
0,5091708
0,8679612
0,2105739
0,2105739
0,6932377
0,2229529
0,2229529
0,6591802
0,7944344
0,4466226
0,4466226
0,4582555
0,08479633
0,08479633
1,027282
0,5127193
0,5127193
0,6839672
0,2139637
0,4006515
0,4006515
1,188674
0,5189238
0,5189238
1,302084
0,5021657
0,5021657
1,525291
0,5493871
0,2503253
0,2503253
0,2796334
0,6624476
0,6624476
0,2823823
0,1465924
0,1465924
1,033769
0,5950877
0,5950877
0,9958438
0,4068878
0,3201316
0,3201316
0,5178794
0,3220426
0,3220426
1,077639
0,6382504
0,6382504
0,764177
0,6382763
0,2422978
0,2422978
0,3719162
0,4338222
0,4338222
0,4298579
0,1614874
0,1614874
0,316424
0,2380903
0,2380903
0,6646246
0,1772189
0,1033782
0,1033782
0,4205783
0,1612271
0,1612271
1,85679
0,8729599
0,8729599
0,7619186
0,4726975
0,2944809
0,2944809
0,3123956
0,7400962
0,7400962
1,286054
0,6567385
0,6567385
1,333359
0,3768348
0,5743164
0,5743164
2,363888
1,558863
1,558863
1,161876
1,676719
1,676719
0,8541574
0,5037719
0,5037719
0,8270316
1,156012
0,7686178
0,7686178
0,9751964
0,3751915
0,3751915
0,4648679
0,3583462
0,3583462
0,5195928
0,200292
0,7837391
0,7837391
1,884605
0,6820093
0,6820093
0,4601656
0,3863185
0,3863185
1,620869
1,306656
1,306656
0,7969696
0,1231011
0,2200118
0,2200118
1,639203
0,6085066
0,6085066
1,689298
2,016317
2,016317
3,340236
3,778027
3,739785
3,739785
3,822915
4,59994
4,59994
6,296065
6,418439
6,418439
7,464118
8,646082
10,58343
10,58343
12,80098
11,90324
11,90324
10,10238
10,30968
10,30968
12,28994
12,89839
12,89839
13,26325
13,52458
14,02472
14,02472
15,02788
15,59649
15,59649
15,62876
15,72958
15,72958
15,76329
15,23308
14,62868
14,62868
14,36848
15,03814
15,03814
16,97297
17,59238
17,59238
17,20388
16,76906
16,76906
16,75314
17,61109
17,46846
17,46846
17,22289
0,3086949
0,3086949
0,4873226
0,6757685
0,6757685
0,8676587
1,061126
1,255442
1,255442
1,450266
1,360829
1,360829
1,291937
1,098053
1,098053
1,212839
1,154682
0,7040631
0,7040631
0,6767761
0,6724054
0,6724054
0,6667835
0,5871844
0,5871844
0,5355225
0,4791112
0,4791112
0,4373393
0,4412374
0,4943091
0,4943091
0,2517385
0,1980021
0,1980021
0,2676358
0,4268458
0,4268458
0,6080745
0,2270492
0,2972974
0,2972974
0,3574564
0,2673849
0,2673849
0,2455618
0,2243816
0,2243816
0,2045673
0,1892591
0,1892591
0,1776141
0,1747194
0,1789655
0,1789655
0,1923977
0,2117804
0,2117804
0,144242
0,1024916
0,1024916
0,06467257
0,05677993
0,03501176
0,03501176
0,01249625
0,01274177
0,01274177
0,03592672
0,05856605
0,05856605
0,3738033
0,8207935
0,8207935
3,114826
1,462301
2,138251
2,138251
1,437337
0,2624166
0,2624166
0,9478938
0,1032933
0,1032933
0,6697863
0,1945845
0,0942459
0,0942459
0,2704913
0,2684031
0,2684031
0,8886296
0,3037749
0,3037749
0,06101268
0,7110361
0,6994621
0,6994621
0,4059465
0,2238686
0,2238686
0,5360557
0,2626674
0,2626674
0,7578418
0,2536151
0,2536151
0,4013845
0,04776162
0,07105038
0,07105038
0,2776687
0,1045706
0,1045706
0,7833498
0,300952
0,300952
0,5618923
0,1747514
0,2441928
0,2441928
0,5218725
0,7613221
0,7613221
0,646902
0,4245678
0,4245678
0,7095357
0,2515902
0,2515902
0,2600304
0,01851473
0,1187565
0,1187565
0,5351708
0,2120249
0,2120249
0,7133724
0,5487958
0,5487958
1,080678
0,02694915
0,110747
0,110747
0,4477348
0,333867
0,333867
0,1605663
0,2067694
0,2067694
0,4312911
0,1826768
0,1826768
1,143957
0,820247
0,8271068
0,8271068
0,8108002
2,002538
2,002538
0,6716517
1,683452
1,683452
2,246313
0,2187285
velocityComponents
0,150448
0,03416613
0,1764238
0,005519576
0,1016952
-0,1703978
0,09188894
0,06064698
0,05936623
0,09188894
0,06064698
0,05936623
0,207286
-0,2113745
0,3481835
-0,04496761
-0,006453693
-0,3024429
-0,04496761
-0,006453693
-0,3024429
-0,2541635
-0,03410652
-0,9219736
-0,1274383
-0,06176084
-0,3780156
-0,1274383
-0,06176084
-0,3780156
-0,07747933
-0,3247432
-0,1504511
-0,05111862
-0,1997396
-0,08563399
-0,05111862
-0,1997396
-0,08563399
-0,366238
-0,7388465
-0,7349312
-0,1651101
-0,3329657
-0,2691358
-0,06520995
-0,02553239
-0,1532286
-0,06520995
-0,02553239
-0,1532286
-0,0904737
-0,4047677
-0,02647936
-0,08887728
-0,2354354
-0,09729564
-0,08887728
-0,2354354
-0,09729564
-0,1843892
-0,2787016
-0,2854407
0,03309124
0,05288348
0,08769631
0,03309124
0,05288348
0,08769631
0,06868732
0,06585866
0,1572013
0,01053941
-0,05744547
0,04770756
0,003552251
-0,08055419
0,04872382
0,003552251
-0,08055419
0,04872382
0,01543234
0,08733496
0,008693337
0,008803606
0,002762675
0,03869832
0,008803606
0,002762675
0,03869832
0,1407504
0,1059279
0,3451049
0,0221407
0,0556089
0,03427863
0,0221407
0,0556089
0,03427863
0,04768372
0,1436621
0,05793571
0,01571984
0,02864003
0,01636446
0,01550317
0,08292794
-0,01633167
0,01550317
0,08292794
-0,01633167
0,03757817
0,114888
0,01152158
0,04798742
0,05491376
0,08175969
0,04798742
0,05491376
0,08175969
0,06743847
0,0613682
0,1049191
0,001680572
-0,01127943
-0,0002384186
0,001680572
-0,01127943
-0,0002384186
0,03086925
-0,2009079
0,1134753
0,01043687
-0,1533531
0,05302727
0,01043687
-0,1533531
0,05302727
-0,003234576
-0,1272969
0,003606081
-0,1074058
-0,2506092
-0,2346545
-0,2353887
-0,474821
-0,5262047
-0,2353887
-0,474821
-0,5262047
-0,3926028
-1,028655
-0,7418275
-0,1087636
-0,420662
-0,188297
-0,1087636
-0,420662
-0,188297
0,09957547
0,09239018
-0,1161635
0,1059587
0,5582042
-0,3217816
0,1059587
0,5582042
-0,3217816
0,2063707
0,3436282
-0,8186758
-0,09200583
-0,17571
-0,2742589
-0,04934394
-0,3350034
-0,1005948
-0,04934394
-0,3350034
-0,1005948
-0,1507105
-0,9462968
-0,1669049
-0,07829
-0,2478525
-0,1696467
-0,07829
-0,2478525
-0,1696467
-0,1851795
0,07253587
-0,6659091
-0,188575
0,1658157
-0,584054
-0,188575
0,1658157
-0,584054
-0,2430148
0,1809627
-0,7250011
-0,08834451
0,06809384
-0,2412677
-0,06652582
0,08358955
-0,2272487
-0,06652582
0,08358955
-0,2272487
0,06634193
0,2698451
-0,1270235
-0,07154872
-0,3008842
-0,07895231
-0,07154872
-0,3008842
-0,07895231
-0,4007255
-0,3046989
-0,8669734
0,009418838
0,1510665
-0,1163602
0,009418838
0,1510665
-0,1163602
0,1588734
-0,5173728
0,4874945
-0,004351884
-1,11486
0,5727649
-0,004351884
-1,11486
0,5727649
-0,3214834
-1,399976
0,156647
-0,1780884
-0,2218693
-0,2084553
0,02531009
0,02900511
0,08769035
0,02531009
0,02900511
0,08769035
0,3981298
0,6343484
0,5596757
0,1908842
0,3391743
0,2362013
0,1908842
0,3391743
0,2362013
0,2652211
0,08845478
0,6350219
-0,007177936
-0,1529008
0,1064897
-0,007177936
-0,1529008
0,1064897
0,3119632
0,4431427
0,4760683
0,1625374
0,2323061
0,2080262
0,06767273
0,1510978
0,03892779
0,06767273
0,1510978
0,03892779
0,09433765
-0,1669735
0,2052903
0,1015695
-0,2096534
0,3059328
0,1015695
-0,2096534
0,3059328
0,2102693
-0,2511591
0,5606472
0,0768628
0,1468718
0,004804134
0,0768628
0,1468718
0,004804134
0,2535696
0,4778579
0,1382828
0,1954149
0,1343563
0,3008962
0,1209978
-0,01714528
0,2409995
0,1209978
-0,01714528
0,2409995
0,04039453
0,3465325
-0,1663983
-0,1986402
-0,2410069
-0,2588511
-0,1986402
-0,2410069
-0,2588511
-0,2136299
-0,6115362
0,04742742
-0,02195234
-0,1095891
0,1633942
-0,02195234
-0,1095891
0,1633942
-0,1317896
0,4734397
-0,3128469
-0,1686816
0,04959702
-0,2418637
-0,1686816
0,04959702
-0,2418637
-0,3127151
-0,7754907
0,100857
0,03962235
-0,05196482
0,2479494
0,03760589
0,3972888
-0,1081347
0,03760589
0,3972888
-0,1081347
-0,2097156
1,00486
-1,063073
-0,2212231
-0,1664311
-0,3237069
-0,2212231
-0,1664311
-0,3237069
-0,01184158
-0,3398955
0,1930714
0,1503958
0,1369968
0,3029227
0,1503958
0,1369968
0,3029227
0,248737
0,6843075
0,1704216
-0,01898719
0,1483187
-0,1079977
-0,07135574
-0,2512112
-0,006890297
-0,07135574
-0,2512112
-0,006890297
-0,2381357
-0,4706159
0,005066395
-0,08457582
-0,03155172
-0,05959272
-0,08457582
-0,03155172
-0,05959272
-0,1401705
0,2171636
-0,2120972
0,0157645
0,1859739
0,04233718
0,0157645
0,1859739
0,04233718
0,1243004
0,8744761
-0,06833673
0,02852865
0,4119128
-0,1095414
0,02852865
0,4119128
-0,1095414
-0,1006643
0,5498484
-0,3974974
-0,05803271
0,09470657
-0,1014173
-0,1372785
-0,3367737
-0,04931688
-0,1372785
-0,3367737
-0,04931688
0,1379172
0,5193174
0,1884043
0,2517516
0,7820018
0,2246201
0,2517516
0,7820018
0,2246201
0,4097291
1,617488
0,2807856
0,01566338
0,1884334
0,04393458
0,01566338
0,1884334
0,04393458
-0,04576556
-0,3144443
0,3691733
-0,07312668
-0,1195773
0,06894469
-0,02742491
0,1351424
0,05080104
-0,02742491
0,1351424
0,05080104
-0,2898711
0,0812307
-0,4177988
-0,1383965
-0,2027363
-0,0672698
-0,1383965
-0,2027363
-0,0672698
0,247461
0,7149622
0,4040539
0,1418026
0,2917774
0,2450228
0,1418026
0,2917774
0,2450228
-0,3783349
-0,2756491
-0,6603658
-0,3411601
-0,1203209
-0,6711423
-0,3411601
-0,1203209
-0,6711423
-0,08962332
-0,1286127
0,02173185
0,0826396
0,07270724
0,2422154
0,06528911
0,1756072
0,1395047
0,06528911
0,1756072
0,1395047
-0,00302773
0,1781575
-0,02897382
-0,07975898
0,06450042
-0,1319349
-0,07975898
0,06450042
-0,1319349
-0,1218272
-0,1371913
-0,02444386
0,05158149
-0,07216558
0,1810431
0,05158149
-0,07216558
0,1810431
0,09021759
-0,4989699
0,5551398
-0,01126584
-0,09713918
0,04407763
0,03979262
-0,2820402
0,3001571
0,03979262
-0,2820402
0,3001571
0,1106619
0,09883046
0,1744628
0,06637043
-0,1187161
0,2088785
0,06637043
-0,1187161
0,2088785
-0,09726407
-0,1439907
-0,1983941
-0,05474654
-0,1204543
-0,08658767
-0,05474654
-0,1204543
-0,08658767
0,1133626
-0,1863591
0,2766669
0,001024175
-0,1511291
0,05281568
-0,09567663
-0,1324654
-0,1587868
-0,09567663
-0,1324654
-0,1587868
-0,1308051
0,1117215
-0,3434062
0,05885027
0,06678253
0,1270413
0,05885027
0,06678253
0,1270413
0,1088547
0,1026236
0,2373397
0,06089811
0,04244223
0,1785517
0,06089811
0,04244223
0,1785517
0,1343556
0,2672441
0,4337966
0,1149955
0,3434725
0,2060652
0,1149955
0,3434725
0,2060652
0,1355274
0,06284043
0,5549788
0,01261318
0,1859471
0,02771616
0,000687479
0,2317615
-0,02118349
0,000687479
0,2317615
-0,02118349
0,1137149
0,2633423
0,3813565
0,1032001
0,07378757
0,345093
0,1032001
0,07378757
0,345093
0,1244839
0,3679514
0,3751427
0,06234236
0,2040535
0,1564085
0,06234236
0,2040535
0,1564085
0,1379676
0,5479008
0,2851516
0,03678752
0,2687663
0,05540848
0,05000201
0,2273262
0,1198411
0,05000201
0,2273262
0,1198411
0,1173607
0,04656017
0,5138904
0,08993997
0,06693378
0,3068715
0,08993997
0,06693378
0,3068715
0,09710198
0,5202569
0,1756698
0,009299116
0,3048629
-0,0661701
0,009299116
0,3048629
-0,0661701
0,1037208
-0,01338683
0,4191041
0,0429552
-0,09498484
0,1908571
0,0429552
-0,09498484
0,1908571
-0,04271548
0,06346405
-0,1463145
-0,02127038
-0,05471334
-0,06055832
0,0417985
-0,06979592
0,2130955
0,0417985
-0,06979592
0,2130955
0,1195928
-0,5009439
0,7737309
0,0355361
0,2381794
0,0364542
0,0355361
0,2381794
0,0364542
0,1523224
0,6706476
0,2758503
0,1195803
0,3995366
0,2279878
0,1195803
0,3995366
0,2279878
0,1914285
0,2833776
0,6606847
0,09220243
0,162071
0,2809793
0,0434747
0,3357899
0,04630983
0,0434747
0,3357899
0,04630983
0,07211827
0,292673
0,2429992
0,06449614
0,1319386
0,1860797
0,06449614
0,1319386
0,1860797
0,04258528
0,3367685
0,03901124
0,03713463
0,2781726
0,02714992
0,03713463
0,2781726
0,02714992
0,1553884
0,2910182
0,4096985
0,04079305
0,1168722
0,07883906
0,02859049
0,2363689
0,01579821
0,02859049
0,2363689
0,01579821
0,01077149
0,56153
-0,1663744
0,008363463
0,1661358
-0,01782179
0,008363463
0,1661358
-0,01782179
0,03112573
0,2910219
0,01644492
-0,004747696
-0,2145911
0,07206202
-0,004747696
-0,2145911
0,07206202
0,01764782
-0,1423415
0,1498342
0,04651267
0,03580581
0,1788169
0,04651267
0,03580581
0,1788169
-0,01533013
0,2722077
-0,06676614
-0,03205296
0,092493
-0,08340478
0,0003447756
-0,03544874
0,02994239
0,0003447756
-0,03544874
0,02994239
0,02189856
0,03159642
0,219065
0,0241138
0,01741163
0,1291156
0,0241138
0,01741163
0,1291156
-0,01035351
0,1045775
0,0349611
-0,005920976
0,04758798
0,0402391
-0,005920976
0,04758798
0,0402391
-0,01924634
0,008040667
0,05379319
-0,00975728
0,02318844
0,06465316
-0,01070444
0,03708601
0,04758239
-0,01070444
0,03708601
0,04758239
-0,009174645
0,1021246
0,1060903
-0,007624924
0,01405748
0,06676018
-0,007624924
0,01405748
0,06676018
-0,03354475
-0,002987683
0,06276071
-0,02436042
0,03629848
0,02766252
-0,02436042
0,03629848
0,02766252
-0,02557356
0,1645018
0,1309901
-0,001337007
0,06178161
0,08761287
-0,001337007
0,06178161
0,08761287
-0,03071278
0,04871394
0,08352101
-0,03500767
0,07071896
-0,01785755
-0,0325093
0,05542673
-0,02510548
-0,0325093
0,05542673
-0,02510548
-0,04435182
0,1341559
0,08705854
-0,01732912
0,1111484
0,08355081
-0,01732912
0,1111484
0,08355081
-0,05280599
-0,02722666
0,06479025
-0,02296027
-0,02591307
-0,01901686
-0,02296027
-0,02591307
-0,01901686
-0,1179874
-0,0926442
0,02591312
-0,03096359
0,02239719
0,1225173
-0,0117695
0,01653042
0,1712114
-0,0117695
0,01653042
0,1712114
-0,04028212
0,05583321
0,2536446
-0,01810184
0,02884129
0,09431541
-0,01810184
0,02884129
0,09431541
-0,0262117
0,03235387
0,2333015
-0,01304764
0,03162166
0,09157062
-0,01304764
0,03162166
0,09157062
-0,05947119
-0,01929197
-0,0747472
-0,06159171
-0,03167875
0,01560748
-0,06159171
-0,03167875
0,01560748
-0,03967471
0,01395666
0,08523166
-0,01604557
0,1007922
0,08841157
-0,004161429
0,09945743
0,09638369
-0,004161429
0,09945743
0,09638369
-0,044371
0,06150692
-0,02987087
-0,03832961
0,05986847
-0,02964437
-0,03832961
0,05986847
-0,02964437
-0,06356239
0,07751284
-0,01168251
0,02209954
0,08900794
0,154978
0,02209954
0,08900794
0,154978
-0,01574606
0,1218157
0,005659461
-0,04669735
0,01235544
-0,09051859
-0,04528305
-0,04211513
-0,07074475
-0,04528305
-0,04211513
-0,07074475
-0,0836039
-0,0991148
-0,1062572
-0,01872955
-0,06488539
0,04335046
-0,01872955
-0,06488539
0,04335046
-0,05350728
-0,1961153
0,05768239
-0,04050117
-0,08127955
-0,04693568
-0,04050117
-0,08127955
-0,04693568
-0,05969424
-0,1165443
-0,03152192
-0,01110984
-0,04594726
0,03727078
-0,02180934
-0,08376753
0,03154278
-0,02180934
-0,08376753
0,03154278
-0,04011001
-0,05792016
-0,02016127
-0,01487136
-0,02452061
0,02087355
-0,01487136
-0,02452061
0,02087355
-0,01422474
0,04908065
0,04482269
-0,003559142
0,009490829
-0,003170967
-0,003559142
0,009490829
-0,003170967
-0,0377655
0,01392141
-0,05605817
-0,01743725
0,04165927
-0,03421605
-0,01743725
0,04165927
-0,03421605
0,06295871
0,2316139
0,1801461
0,05752631
0,1185917
0,1641393
0,02706428
0,06375127
0,07136762
0,02706428
0,06375127
0,07136762
0,01691803
0,1290604
0,02987683
0,02420177
0,08285842
0,05986989
0,02420177
0,08285842
0,05986989
0,05036201
0,0607131
0,160566
0,03129877
0,004797895
0,1046956
0,03129877
0,004797895
0,1046956
0,07776562
0,07143612
0,2507061
0,05668961
0,0366559
0,187102
0,07938305
0,01538717
0,2904296
0,07938305
0,01538717
0,2904296
-0,01790794
0,108442
-0,1121104
-0,003871135
0,03526464
-0,02271235
-0,003871135
0,03526464
-0,02271235
0,0281496
0,1856636
0,0472486
0,01229187
0,01995396
0,04297495
0,01229187
0,01995396
0,04297495
0,03727674
0,03637299
0,145334
0,002385117
0,007047597
0,0102669
0,002385117
0,007047597
0,0102669
0,008815527
0,06983727
0,0323832
0,0145535
0,05491572
0,04611313
0,01234245
0,03725128
0,04118979
0,01234245
0,03725128
0,04118979
0,03858805
0,1958467
0,1009613
0,04665777
0,07857941
0,1555264
0,04665777
0,07857941
0,1555264
0,08252133
0,1656346
0,276491
0,006451737
0,125725
-0,01835525
0,006451737
0,125725
-0,01835525
0,03157686
0,1176137
0,1157492
0,02850369
0,03876938
0,1128942
0,02660248
0,03869375
0,1066208
0,02660248
0,03869375
0,1066208
0,03568027
0,1146397
0,1376718
0,005310681
0,02672374
0,0249207
0,005310681
0,02672374
0,0249207
0,03159642
0,174199
0,1214504
0,0313716
0,1342636
0,1125455
0,0313716
0,1342636
0,1125455
0,0253723
0,1650339
0,1038492
0,01274012
0,03684685
0,04931688
0,01274012
0,03684685
0,04931688
0,06498098
0,1019374
0,284946
0,03267229
0,06553456
0,1232445
-0,004841387
0,04822724
-0,03275275
-0,004841387
0,04822724
-0,03275275
0,002958253
0,1086932
0,01439154
0,02075676
0,08033011
0,07796586
0,02075676
0,08033011
0,07796586
0,03103651
0,05095992
0,141117
0,03741663
0,05909763
0,1584262
0,03741663
0,05909763
0,1584262
0,02894197
0,0749208
0,1384318
0,02507903
0,0750931
0,09527504
0,01770295
0,123135
0,06506741
0,01770295
0,123135
0,06506741
-0,01273267
0,1999563
-0,04298985
0,01359414
0,1053195
0,06356239
0,01359414
0,1053195
0,06356239
0,06585009
0,2201911
0,2907336
0,01950376
0,07882267
0,0746727
0,01950376
0,07882267
0,0746727
0,03412478
0,1573358
0,1597673
0,006614253
0,047189
0,03469288
0,006614253
0,047189
0,03469288
0,02327561
0,1257911
0,1462609
0,02903379
0,1125019
0,1284808
0,02627429
0,09907931
0,1233965
0,02627429
0,09907931
0,1233965
0,01415722
0,1193076
0,08284152
0,01458097
0,05540177
0,07995069
0,01458097
0,05540177
0,07995069
0,02130978
0,1293506
0,1320213
0,008669496
0,009086356
0,06702244
0,008669496
0,009086356
0,06702244
0,001877174
-0,09643249
0,1123011
-0,03690198
-0,03500022
-0,1074076
-0,0304224
-0,05112514
-0,06270111
-0,0304224
-0,05112514
-0,06270111
0,0002861023
-0,1244873
0,1465231
0,02398454
-0,02718605
0,171569
0,02398454
-0,02718605
0,171569
0,005878881
0,1049273
0,09305477
0,003797188
0,1177706
0,06290972
0,003797188
0,1177706
0,06290972
-0,001451746
0,189358
0,04792809
0,002739206
-0,02107508
0,03935695
0,002739206
-0,02107508
0,03935695
0,03729463
0,01817122
0,2716482
0,03416743
0,06315261
0,1918882
0,020843
0,2090115
0,1204163
0,020843
0,2090115
0,1204163
0,03862157
0,5228501
0,2265781
0,009897351
-0,04455969
0,1207352
0,009897351
-0,04455969
0,1207352
0,011128
-0,2110243
0,160706
-0,008857436
0,02236627
-0,02824962
-0,008857436
0,02236627
-0,02824962
0,01876354
0,5693108
0,2235979
0,008913502
0,2036136
0,04123747
0,01973603
0,000789389
0,1315296
0,01973603
0,000789389
0,1315296
0,002063811
-0,2423599
0,161764
0,01590941
0,001111999
0,1537949
0,01590941
0,001111999
0,1537949
0,008060038
0,06927699
0,08995235
0,009693578
0,1065824
0,1055151
0,009693578
0,1065824
0,1055151
0,008252263
-0,02342016
0,1267761
0,007737428
-0,03965087
0,09158552
0,008073635
-0,02876222
0,1116455
0,008073635
-0,02876222
0,1116455
0,01386553
-0,1193821
0,231573
-0,0009085983
-0,1688614
0,1089871
-0,0009085983
-0,1688614
0,1089871
-0,03835969
-0,1661707
-0,03109276
-0,004010275
0,04868843
-0,009679794
-0,004010275
0,04868843
-0,009679794
-0,02075434
-0,08565187
0,1006037
-0,01164619
-0,06779246
0,06690919
-0,01164619
-0,06779246
0,06690919
-0,05923063
-0,1691677
0,007534027
-0,05442519
-0,031716
-0,1416773
-0,008318387
0,09880997
-0,006377697
-0,008318387
0,09880997
-0,006377697
0,01065638
0,02876446
0,1268685
-0,01604818
-0,005026534
0,02040863
-0,01604818
-0,005026534
0,02040863
-0,06727576
0,1945034
-0,07346272
-0,03263764
0,2447378
-0,01270175
-0,03263764
0,2447378
-0,01270175
0,009527989
0,3588215
0,2140164
-0,003859028
0,04050583
0,0001847744
-5,569309E-05
-0,04822463
0,04080832
-5,569309E-05
-0,04822463
0,04080832
-0,01358949
0,0006575137
0,08657575
-0,007202476
0,07855035
0,0690192
-0,007202476
0,07855035
0,0690192
0,01089294
0,08233041
0,3308475
-0,0001490116
-0,02895407
0,03107786
-0,0001490116
-0,02895407
0,03107786
-0,02690814
-0,09403788
0,04850328
-0,01824908
-0,03827065
0,007808208
-0,01824908
-0,03827065
0,007808208
-0,01990162
-0,04620701
0,05320311
-0,01704097
-0,01263618
0,0248611
-0,01054108
0,01178868
0,02416074
-0,01054108
0,01178868
0,02416074
-0,02636313
-0,009251758
0,05689859
-0,007485598
0,005855039
0,0831902
-0,007485598
0,005855039
0,0831902
-0,008672662
0,3319573
0,2509594
-0,01630392
0,1659293
-0,0538379
-0,01630392
0,1659293
-0,0538379
-0,01081079
0,4500467
-0,003606081
-0,001902692
0,1639307
0,02124608
-0,02872068
0,04392862
-0,0962615
-0,02872068
0,04392862
-0,0962615
0,01475438
-0,01746416
0,1352459
0,01628939
0,04292056
0,0931263
0,01628939
0,04292056
0,0931263
0,007707253
0,04982948
0,06086826
-0,03578812
-0,06690323
-0,170064
-0,03578812
-0,06690323
-0,170064
-0,0183044
-0,09310618
-0,07536113
0,003380887
-0,0855647
0,04377365
0,003380887
-0,0855647
0,04377365
0,0140449
-0,3146179
0,1438022
0,00304617
-0,1481455
0,03762543
-0,000228174
-0,2282526
0,03237724
-0,000228174
-0,2282526
0,03237724
0,001710281
-0,1161758
-0,01353025
0,01114253
-0,0163652
0,04074872
0,01114253
-0,0163652
0,04074872
-0,003988296
0,003831834
-0,05599558
-0,008740649
0,006053224
-0,07638335
-0,008740649
0,006053224
-0,07638335
0,00403747
0,3213212
-0,07498264
0,02810713
0,05424656
0,1442075
0,02863146
-0,09179637
0,1750469
0,02863146
-0,09179637
0,1750469
0,048819
0,1247883
0,2408952
-0,008794665
0,1935884
-0,1038671
-0,008794665
0,1935884
-0,1038671
-0,02510697
0,4818328
-0,2308428
0,01694467
0,1884475
0,07741153
0,01694467
0,1884475
0,07741153
0,08323491
0,1684658
0,463897
0,01888648
-0,002525747
0,1019508
0,01658667
-0,1431808
0,1444042
0,01658667
-0,1431808
0,1444042
0,03688112
-0,0751704
0,2313495
0,001275539
0,01465306
-0,01873076
0,001275539
0,01465306
-0,01873076
-0,01923945
0,5128741
-0,2500534
0,00569094
0,3252655
-0,01221597
0,00569094
0,3252655
-0,01221597
0,07453822
0,1484498
0,4486322
0,04068147
-0,09708777
0,2543867
0,04068147
-0,09708777
0,2543867
-0,002227724
-0,03865063
0,003522635
-0,008993968
0,0880532
-0,06605089
-0,01526847
0,08293688
-0,1017958
-0,01526847
0,08293688
-0,1017958
0,003891625
0,1051418
0,04568994
0,007970259
0,0470899
0,06258786
0,007970259
0,0470899
0,06258786
0,008616596
0,1659982
0,06343424
-0,00223536
0,07294789
-0,00666976
-0,00223536
0,07294789
-0,00666976
-0,03790464
-0,6194778
-0,03781021
-0,0172846
-0,06703436
-0,06835163
0,0253221
0,1299866
0,1413435
0,0253221
0,1299866
0,1413435
0,03606044
0,2245367
0,2133071
0,01494586
0,2038889
0,08867979
0,01494586
0,2038889
0,08867979
0,008115917
-0,3172442
0,2533346
-0,0158526
-0,2370305
-0,00808239
-0,0158526
-0,2370305
-0,00808239
-0,01096986
-0,1659155
0,0538826
0,0005001202
-0,00725463
0,0500828
-0,01661405
-0,09575635
-0,02729893
-0,01661405
-0,09575635
-0,02729893
-0,02207216
0,2600767
-0,1264781
0,01120083
0,08184165
0,1038522
0,01120083
0,08184165
0,1038522
0,07229242
-0,1178674
0,5858421
-0,00808239
-0,2020851
-0,001561642
-0,00808239
-0,2020851
-0,001561642
-0,05955957
0,2944455
-0,4155099
-0,007319823
0,2595641
-0,04246831
-0,007319823
0,2595641
-0,04246831
0,02021715
0,3163233
0,1909792
0,009492412
0,1612179
0,1162827
0,0007234514
0,1690075
0,07352233
0,0007234514
0,1690075
0,07352233
-7,599592E-05
-0,222186
0,192821
0,01030695
-0,07262826
0,1619518
0,01030695
-0,07262826
0,1619518
-0,001271255
0,09855554
0,2749205
-0,02805386
0,4395582
-0,200966
-0,02805386
0,4395582
-0,200966
-0,07326212
0,3692642
-0,3492713
0,00325609
-0,05871058
0,1506865
0,00325609
-0,05871058
0,1506865
-0,0003848225
-0,4565589
0,2616256
-0,003738143
-0,05909875
0,03990233
-0,01014341
-0,06628484
-0,0035882
-0,01014341
-0,06628484
-0,0035882
-0,07403363
-0,1792498
-0,3372371
0,005631149
0,2730079
0,06484091
0,005631149
0,2730079
0,06484091
0,02005994
0,3676884
0,2227992
0,01168586
0,1025431
0,1220554
0,01168586
0,1025431
0,1220554
-0,01466163
-0,3199525
0,03070533
-0,01338664
-0,3557935
-0,005629659
-0,02511442
-0,4465513
-0,06404817
-0,02511442
-0,4465513
-0,06404817
0,01494922
-0,1672976
0,1522422
0,02336148
0,0422582
0,1556307
0,02336148
0,0422582
0,1556307
0,01159348
0,1872398
0,06203055
0,02287924
0,1377977
0,1713961
0,02287924
0,1377977
0,1713961
0,03194381
-0,290107
0,4141718
-0,004074909
-0,1513518
0,0184387
-0,01025591
-0,06952584
-0,07393658
-0,01025591
-0,06952584
-0,07393658
-0,009647943
-0,3185622
0,1304984
0,01344867
0,09129643
0,1388133
0,01344867
0,09129643
0,1388133
0,007571653
0,3917851
0,1046956
0,00782609
0,1012079
0,1283467
0,00782609
0,1012079
0,1283467
-0,02048817
-0,3924198
0,1208901
-0,007018261
-0,09157732
0,005933642
-0,007018261
-0,09157732
0,005933642
-0,03501549
-0,2487071
0,204435
-0,0103984
0,1317561
0,01722872
-0,0200076
0,1835398
-0,008901954
-0,0200076
0,1835398
-0,008901954
-0,02048761
0,1381777
0,3003597
-0,0162838
-0,06347895
0,08538961
-0,0162838
-0,06347895
0,08538961
-0,02354737
-0,2971373
0,1486152
-0,02971981
-0,213863
0,060305
-0,02971981
-0,213863
0,060305
-0,09892546
-0,09395555
-0,2277941
-0,04611164
0,2681963
-0,1108229
-0,02077892
0,08188412
0,06315112
-0,02077892
0,08188412
0,06315112
-0,003091339
-0,1026437
0,3495872
-0,01224149
-0,05819723
0,1448214
-0,01224149
-0,05819723
0,1448214
-0,05659806
-0,2099261
0,3286958
-0,03405102
0,06886125
-0,1024514
-0,03405102
0,06886125
-0,1024514
-0,05108071
0,2208419
-0,1673043
-0,006728992
-0,05402118
0,012815
-0,006728992
-0,05402118
0,012815
-0,03986061
-0,3295645
0,2460301
-0,03352165
-0,2817106
0,09934902
-0,03792271
-0,2486266
0,03894866
-0,03792271
-0,2486266
0,03894866
-0,03411788
0,1248423
-0,1677424
-0,0357111
-0,06775185
-0,04388988
-0,0357111
-0,06775185
-0,04388988
-0,06654486
-0,249391
0,08594692
-0,02214219
-0,09979643
0,09077489
-0,02214219
-0,09979643
0,09077489
-0,07548165
-0,2985057
0,04909635
-0,03910651
-0,06093681
-0,1111656
-0,03825128
-0,1003634
-0,04509389
-0,03825128
-0,1003634
-0,04509389
-0,05084164
-0,2722695
0,09024143
-0,02308711
0,01250207
0,1036614
-0,02308711
0,01250207
0,1036614
-0,05833656
-0,1446672
-0,1363903
-0,04491657
-0,2144501
0,03530681
-0,04491657
-0,2144501
0,03530681
-0,0196577
-0,2169736
0,2793252
-0,002096873
0,04440658
-0,07473379
-0,002096873
0,04440658
-0,07473379
-0,0265724
0,02517104
-0,02498776
-0,009340234
-0,01586713
0,0273183
-0,01538396
-0,05961247
-0,002452731
-0,01538396
-0,05961247
-0,002452731
-0,01144996
-0,08783937
0,02234131
-0,0004870817
0,03275201
0,04278719
-0,0004870817
0,03275201
0,04278719
-0,003811624
0,105131
-0,03166944
-0,007234234
0,01326762
-0,01394004
-0,007234234
0,01326762
-0,01394004
-0,01225471
0,03127977
-0,01533777
-0,01440644
0,02310947
-0,01639128
-0,008833408
0,03792159
0,076814
-0,008833408
0,03792159
0,076814
-0,004252
0,01078323
0,1067042
-0,005441858
-0,04000701
0,008824468
-0,005441858
-0,04000701
0,008824468
-0,03420706
-0,1594394
0,09028316
-0,01186356
-0,06397031
0,07026941
-0,01186356
-0,06397031
0,07026941
-0,00373181
-0,1145445
0,3249675
-0,008780137
-0,06886981
0,01866519
-0,008780137
-0,06886981
0,01866519
-0,01512663
-0,1573429
0,08896142
-0,01912392
-0,1033362
-0,1045376
-0,009589735
-0,1029775
0,006912649
-0,009589735
-0,1029775
0,006912649
-0,006797723
-0,206219
0,07909834
-0,00184495
-0,09521358
0,0176847
-0,00184495
-0,09521358
0,0176847
-0,003548805
0,1903135
-0,2537996
-1,108274E-05
0,05064681
-0,02048761
-1,108274E-05
0,05064681
-0,02048761
0,001180172
-0,06679296
0,03050119
0,001552841
0,01478232
-0,03213137
0,001552841
0,01478232
-0,03213137
0,0004280359
0,02540387
-0,04991144
0,00759582
-0,01533255
0,07494539
0,01124432
-0,05747452
0,1358747
0,01124432
-0,05747452
0,1358747
0,01004571
-0,08512475
0,1542285
0,0056135
0,09170473
-0,03911108
0,0056135
0,09170473
-0,03911108
-0,00875704
-0,1903474
0,05683005
0,00968352
-0,1097813
0,1513913
0,00968352
-0,1097813
0,1513913
0,009152479
-0,1358483
0,1596406
-0,0006060116
0,06005187
-0,07313341
-0,007014023
0,01906157
-0,06214827
-0,007014023
0,01906157
-0,06214827
-0,005561765
-0,07733107
-0,0004202127
0,003605429
-0,03147554
0,05747229
0,003605429
-0,03147554
0,05747229
0,002197828
-0,00596866
0,01907647
-0,005861931
0,05633291
-0,09453148
-0,005861931
0,05633291
-0,09453148
-0,002350844
0,003061444
-0,002256036
-0,00117505
-0,007586181
0,000949204
0,002789497
-0,01916289
0,05348921
0,002789497
-0,01916289
0,05348921
0,003222935
9,313226E-05
0,04104078
0,0008523464
0,002862513
0,02617538
0,0008523464
0,002862513
0,02617538
0,01089559
0,08410774
0,1010671
0,005842559
0,07891767
0,01817197
0,005842559
0,07891767
0,01817197
0,00875257
0,07512644
0,0914827
0,003040442
0,03605224
0,03218502
0,003040442
0,03605224
0,03218502
-0,008208305
-0,01242049
-0,0121668
-0,004472304
0,03351532
-0,03384203
0,000333786
0,08253977
-0,03352016
0,000333786
0,08253977
-0,03352016
-0,004913658
0,030021
-0,01274496
-0,001046993
0,03172234
-0,003242493
-0,001046993
0,03172234
-0,003242493
0,0006079674
0,03324859
-0,000782311
-0,002615433
0,01754686
-0,01593977
-0,002615433
0,01754686
-0,01593977
-0,005167723
0,002710149
-0,01048744
-0,001738267
0,001181662
0,0001206994
-0,001738267
0,001181662
0,0001206994
0,00624652
0,0994347
0,03146827
-0,002169469
0,009644404
-0,01208633
-0,001901435
-0,002347678
-0,00911653
-0,001901435
-0,002347678
-0,00911653
-0,001406716
0,01822151
0,008061528
0,001154747
0,01544021
0,03301352
0,001154747
0,01544021
0,03301352
0,003255578
-0,01766048
0,07539093
-0,0005994923
-0,03952309
0,03679246
-0,0005994923
-0,03952309
0,03679246
-0,004255772
-0,1262665
0,1143292
0,002198853
-0,08246899
0,1036614
0,004378473
-0,06721281
0,1349568
0,004378473
-0,06721281
0,1349568
0,005926518
-0,09993911
0,1606718
-0,005162042
-0,1575742
0,01988858
-0,005162042
-0,1575742
0,01988858
-0,005363021
-0,2298065
0,04657954
0,003417674
-0,1195822
0,06570965
0,003417674
-0,1195822
0,06570965
-0,02276422
-0,6271496
0,1648664
-0,01196275
-0,4499845
0,1917794
-0,01196275
-0,4499845
0,1917794
-0,08445464
-0,9997614
0,02509356
-0,02981462
-0,3297016
-0,04571527
-0,01647305
-0,3253619
0,1706362
-0,01647305
-0,3253619
0,1706362
-0,08806305
-1,220339
0,4057541
-0,0408561
-0,6624826
0,2808213
-0,0408561
-0,6624826
0,2808213
-0,05430342
-0,8293849
0,2598658
-0,0433377
-0,5933199
0,1560166
-0,0433377
-0,5933199
0,1560166
-0,1506425
-1,512896
0,3216118
-0,07200344
-0,7449664
0,0781998
-0,07263254
-0,6626945
0,06483942
-0,07263254
-0,6626945
0,06483942
-0,06596497
-0,6824985
0,04947484
-0,01581074
-0,218448
0,1178309
-0,01581074
-0,218448
0,1178309
-0,01546582
-0,4749723
1,005386
0,04212158
0,009525567
0,459519
0,04212158
0,009525567
0,459519
0,08653594
0,2902508
0,37902
0,01628748
0,01730993
0,2603531
0,01628748
0,01730993
0,2603531
0,130173
0,5101033
0,7857367
0,04617423
0,1330137
0,3969476
0,02910397
0,06871819
0,2578735
0,02910397
0,06871819
0,2578735
0,2389765
1,372994
-0,2152935
0,04690946
0,33281
-0,02186745
0,04690946
0,33281
-0,02186745
-0,06324402
-0,07974398
0,1938545
-0,03482684
0,07968497
-0,06741157
-0,03482684
0,07968497
-0,06741157
0,009341858
-0,2171221
0,2786665
0,0398139
-0,3660541
0,511241
-0,05153888
-0,4710361
0,0543654
-0,05153888
-0,4710361
0,0543654
-0,05139471
-0,5716801
-0,01020879
0,0299348
0,07019043
-0,08244812
0,0299348
0,07019043
-0,08244812
-0,01049191
-0,2453811
0,09009689
-0,09247726
-0,6434791
0,3323421
-0,09247726
-0,6434791
0,3323421
-0,2367998
-1,408832
1,077381
-0,09530993
-0,5871758
0,2995074
-0,09530993
-0,5871758
0,2995074
0,1388794
0,6337166
-0,5968988
0,0148003
0,1112655
-0,2010241
0,04406851
0,2491273
-0,1701668
0,04406851
0,2491273
-0,1701668
0,06043809
0,3312558
0,002893806
0,02402295
0,09020567
0,06245226
0,02402295
0,09020567
0,06245226
-0,03969241
-0,2978265
0,2265334
-0,02685362
-0,1957521
0,02890229
-0,02685362
-0,1957521
0,02890229
0,08913437
0,3865406
-0,06381422
0,05753757
0,2931178
-0,09177029
0,05275724
0,2958551
-0,1367226
0,05275724
0,2958551
-0,1367226
0,04532151
0,2036124
0,1459688
-0,01130444
-0,1503147
0,06028116
-0,01130444
-0,1503147
0,06028116
-0,1037309
-0,6898172
0,2813146
-0,0503276
-0,3514275
0,1888037
-0,0503276
-0,3514275
0,1888037
0,07844255
0,2993532
-0,1652405
0,05695969
0,2621941
-0,185743
0,05695969
0,2621941
-0,185743
-0,02597733
-0,3075704
0,1634568
-0,07807366
-0,5191334
0,1641676
-0,04593148
-0,3328905
0,2328798
-0,04593148
-0,3328905
0,2328798
0,0130259
-0,08927137
0,05839318
-0,0003468711
-0,07560551
-0,02384335
-0,0003468711
-0,07560551
-0,02384335
0,08732314
0,2990298
-0,438334
-0,004840293
-0,06012991
0,104396
-0,004840293
-0,06012991
0,104396
-0,003799726
-0,1615293
0,4964918
0,001597404
-0,09486228
0,0625968
0,01119487
-0,02131462
-0,02913773
0,01119487
-0,02131462
-0,02913773
0,09420346
0,3259435
-0,164412
0,08705506
0,3854983
-0,01263469
0,08705506
0,3854983
-0,01263469
0,2069222
0,9716682
-0,3142953
0,009676302
-0,002774596
-0,0968352
0,009676302
-0,002774596
-0,0968352
-0,08615265
-0,6700673
0,06767064
-0,0407055
-0,3252789
0,1816288
-0,0407055
-0,3252789
0,1816288
0,07841787
0,2120085
0,0571683
0,08540331
0,3768623
-0,1858935
0,05232669
0,2489403
-0,3180921
0,05232669
0,2489403
-0,3180921
0,00309241
-0,09115711
-0,1202703
-0,04792209
-0,3233477
0,3536075
-0,04792209
-0,3233477
0,3536075
0,02847924
0,05156621
0,5554438
0,003952999
-0,03851429
0,07850528
0,003952999
-0,03851429
0,07850528
-0,03158208
-0,210464
0,002965331
-0,0134069
-0,08798614
0,06043762
-0,004745182
-0,04988685
0,2364874
-0,004745182
-0,04988685
0,2364874
-0,06873216
-0,3578469
0,8724824
0,002188515
-0,02800748
0,05292892
0,002188515
-0,02800748
0,05292892
0,03398936
0,1557738
-0,3244311
0,005161949
0,04504919
0,06502718
0,005161949
0,04504919
0,06502718
0,1138421
0,5992711
-0,3302515
0,01816414
0,1199991
0,02379715
0,01816414
0,1199991
0,02379715
-0,0804266
-0,4264861
0,4649192
-0,04126351
-0,2387062
0,2715647
0,003999798
0,00545904
0,1591086
0,003999798
0,00545904
0,1591086
0,1395621
0,6775573
-0,5588874
0,1177098
0,6544605
-0,84811
0,1177098
0,6544605
-0,84811
-0,02223235
-0,1249127
0,3078729
-0,06611012
-0,4123714
0,6963089
-0,06611012
-0,4123714
0,6963089
-0,1029277
-0,5690225
1,016057
-0,02669143
-0,1911372
0,1696758
0,04784549
0,2035707
-0,2630889
0,04784549
0,2035707
-0,2630889
0,1098773
0,5497374
-0,6162405
0,1027743
0,5596235
-0,4447266
0,1027743
0,5596235
-0,4447266
0,05380744
0,2956107
-0,1595274
-0,02912171
-0,1686621
0,3079236
-0,02912171
-0,1686621
0,3079236
-0,01932466
-0,192884
0,5060539
0,001017656
-0,02901591
0,01144558
0,001017656
-0,02901591
0,01144558
0,05116863
0,2138
0,04754961
-0,006041769
-0,01901612
-0,0807032
0,008519739
0,03465302
0,1154512
0,008519739
0,03465302
0,1154512
0,07512569
0,4576229
0,5231642
-0,005098805
-0,09061247
-0,1059256
-0,005098805
-0,09061247
-0,1059256
0,005213451
0,006011873
-0,1313068
0,01938976
0,1030456
0,07163361
0,01938976
0,1030456
0,07163361
0,06043464
0,2843186
0,03913119
0,002355874
-0,0200212
0,09052232
-0,004557893
-0,06029978
0,08164495
-0,004557893
-0,06029978
0,08164495
-0,01084879
-0,1121778
0,3308833
-0,03872551
-0,2564386
0,3158681
-0,03872551
-0,2564386
0,3158681
-0,02548443
-0,1461074
0,2104871
0,007748418
0,03520325
0,05961955
0,007748418
0,03520325
0,05961955
0,06579804
0,3516983
-0,1434989
0,04104571
0,2286114
0,1525059
0,01947507
0,09937622
0,198146
0,01947507
0,09937622
0,198146
-0,06896444
-0,5009413
0,4468575
-0,02848301
-0,1744676
0,4594907
-0,02848301
-0,1744676
0,4594907
0,3340273
0,8213963
0,141878
0,06821174
1,313187
0,3784873
0,06821174
1,313187
0,3784873
0,5311124
2,262193
-0,5147474
-0,008172356
1,506641
-0,01563355
-0,008172356
1,506641
-0,01563355
-0,4150414
0,3190182
-0,02215812
-0,02406603
-0,03724873
0,2963342
-0,100256
0,04257226
0,1290308
-0,100256
0,04257226
0,1290308
-0,09100163
0,04121304
0,07970905
0,02059495
0,1383133
-0,5016104
0,02059495
0,1383133
-0,5016104
-0,2985095
0,1493187
0,2508845
0,6985973
3,852473
2,176515
0,6985973
3,852473
2,176515
1,361594
3,196966
2,449286
-0,09650588
0,02549663
-0,2164222
0,01497604
0,4000802
-0,1103647
0,01497604
0,4000802
-0,1103647
-0,002815574
0,9602949
0,4209369
-0,002965517
0,3669322
0,2995536
-0,002965517
0,3669322
0,2995536
0,02292562
0,235673
-0,2691507
0,006968901
-0,3057007
-0,3216855
0,006968901
-0,3057007
-0,3216855
-0,0527136
0,1076583
0,3411047
-0,04442222
0,287991
0,3016137
-0,04442222
0,287991
0,3016137
-0,101517
-0,1536615
0,6548058
-0,03347658
0,2393875
0,425363
-0,03576968
0,2349168
0,4331917
-0,03576968
0,2349168
0,4331917
-0,05268119
0,4542269
0,501699
-0,05276836
-0,0009864569
0,4398234
-0,05276836
-0,0009864569
0,4398234
-0,1506664
-0,7595368
0,8002326
-0,03814623
-0,3261585
0,1090571
-0,03814623
-0,3261585
0,1090571
-0,1707195
-0,1569237
0,05357039
0,05687606
-0,03828192
-0,06343925
0,1044065
0,2654217
-0,1953322
0,1044065
0,2654217
-0,1953322
-0,03248043
0,3342532
-0,003525242
-0,02645571
-0,1317538
0,1516469
-0,02645571
-0,1317538
0,1516469
-0,0002296641
-0,1954902
-0,1706988
0,06146394
0,1363836
-0,6215461
0,06146394
0,1363836
-0,6215461
0,1226854
0,6413344
-1,255688
0,01102891
0,5017244
-0,1041189
-0,04227124
0,0902541
0,4700404
-0,04227124
0,0902541
0,4700404
-0,03531855
0,08887276
0,3020544
0,0278281
0,2884567
-0,261642
0,0278281
0,2884567
-0,261642
-0,5907725
0,7516333
-0,1580878
-0,1894754
0,3077622
-0,1301495
-0,1894754
0,3077622
-0,1301495
-0,08254692
-0,04289883
0,1788947
0,2080818
0,607264
0,8802019
0,2080818
0,607264
0,8802019
-0,05982611
-0,8780174
0,4358951
-0,01617894
-0,7047713
0,01706481
0,0006355345
-0,3706962
-0,09981543
0,0006355345
-0,3706962
-0,09981543
0,01226645
0,3035843
0,1151346
-0,07310789
-0,4175261
0,5911306
-0,07310789
-0,4175261
0,5911306
-0,07909276
-0,7695563
0,3882099
-0,005778112
0,00342913
0,003378838
-0,005778112
0,00342913
0,003378838
-0,04316568
-0,2987851
0,05381927
-0,009136368
0,4391749
0,1513315
0,01288801
0,5098134
-0,05803071
0,01288801
0,5098134
-0,05803071
-0,01298115
0,03875718
-0,1011942
-0,03322056
-0,2220131
0,1544088
-0,03322056
-0,2220131
0,1544088
-0,05703885
0,05507544
0,2384286
-0,008198246
0,2858743
-0,1442058
-0,008198246
0,2858743
-0,1442058
0,03391244
0,6866768
-0,6227791
-0,02673576
0,2079107
0,01319423
-0,02673576
0,2079107
0,01319423
-0,05214531
-0,309138
0,3356043
-0,001794845
-0,07098615
-0,03102273
-0,03647991
-0,09531304
-0,005101785
-0,03647991
-0,09531304
-0,005101785
-0,06006798
0,2490498
-0,2322059
-0,05906476
-0,03095791
0,07680207
-0,05906476
-0,03095791
0,07680207
-0,09700181
0,02850592
0,4008308
0,01255395
0,002998859
-0,07494204
0,01255395
0,002998859
-0,07494204
-0,05066786
0,08910298
-0,1499051
-0,03382862
0,1358688
-0,08189343
-0,05157422
0,1478389
0,01598597
-0,05157422
0,1478389
0,01598597
-0,1186945
0,3239773
0,2327081
0,02164915
-0,2294533
-0,03065299
0,02164915
-0,2294533
-0,03065299
-0,0548224
-0,1268059
0,03420133
-0,04289295
0,04116148
0,08385293
-0,04289295
0,04116148
0,08385293
-0,1007167
0,188262
0,1042798
-0,01716036
0,2397396
-0,15123
0,002404209
0,01328215
-0,09897761
0,002404209
0,01328215
-0,09897761
-0,03994084
-0,6594278
-0,1516644
-0,03769174
-0,4225843
-0,03089048
-0,03769174
-0,4225843
-0,03089048
-0,002988242
-0,03589913
-0,2706904
0,00422583
0,06474853
-0,1726583
0,00422583
0,06474853
-0,1726583
-0,02632244
-0,4863232
-0,1892734
-0,02730954
-0,344152
0,003650784
-0,02730954
-0,344152
0,003650784
-0,05862331
-0,6774057
0,07658415
-0,02629259
-0,2242845
0,07929876
-0,007334538
0,03000349
0,01177341
-0,007334538
0,03000349
0,01177341
0,01803841
0,4712313
-0,1362935
0,02301265
0,4100226
-0,1522399
0,02301265
0,4100226
-0,1522399
-0,03815503
0,3154851
0,32968
-0,02509467
0,00564009
0,2169944
-0,02509467
0,00564009
0,2169944
-0,009377161
-0,006943196
0,02107024
0,01451238
0,2072752
-0,06614998
0,01619747
0,3440052
-0,03136769
0,01619747
0,3440052
-0,03136769
-5,313195E-05
0,3634103
0,1650535
0,01503145
0,1325615
-0,05900189
0,01503145
0,1325615
-0,05900189
-0,01961566
-0,05262941
0,17097
-0,005998695
0,01426861
0,08226335
-0,005998695
0,01426861
0,08226335
-0,0005064998
0,0175938
-0,009720773
0,02219668
0,1268409
-0,1969963
0,02219668
0,1268409
-0,1969963
0,0004243106
0,08818358
-0,09535998
-0,04590335
-0,1086824
0,2807643
-0,04396322
-0,09245425
0,2906818
-0,04396322
-0,09245425
0,2906818
-0,04078071
0,05389899
0,1354843
0,01854547
0,2598062
-0,2137689
0,01854547
0,2598062
-0,2137689
-0,0159292
-0,1835525
-0,12784
-0,005038828
0,06290004
-0,003977306
-0,005038828
0,06290004
-0,003977306
-0,04155976
-0,1844533
0,3136482
-0,0216275
-0,2215616
0,130274
-0,01554592
-0,07502809
0,1001008
-0,01554592
-0,07502809
0,1001008
0,001959922
-0,191658
-0,1017582
0,01956327
0,04427582
-0,1377055
0,01956327
0,04427582
-0,1377055
0,00534174
0,01494363
-0,004627928
-0,006065425
-0,04870296
0,03938172
-0,006065425
-0,04870296
0,03938172
-0,02528853
-0,1464501
0,1768146
-0,001469301
0,02271384
0,04680641
-0,001469301
0,02271384
0,04680641
0,03987113
0,06513596
-0,1396839
0,02118358
-0,02697483
-0,06566718
-0,008925982
-0,07228926
0,09838026
-0,008925982
-0,07228926
0,09838026
-0,0213943
-0,220421
0,1670869
0,0008994713
-0,08734763
0,022191
0,0008994713
-0,08734763
0,022191
0,01025205
-0,04921481
-0,006675348
0,003511785
-0,01108944
-0,004696846
0,003511785
-0,01108944
-0,004696846
-0,001128111
0,07886738
0,08619931
-0,001873216
0,05667284
0,04272107
0,013554
0,1079321
-0,06157942
0,013554
0,1079321
-0,06157942
0,01830696
0,3016137
-0,004903972
0,01147091
0,1874194
0,01155026
0,01147091
0,1874194
0,01155026
0,0069845
-0,009771436
0,02874099
0,00969898
0,05199239
-0,02954639
0,00969898
0,05199239
-0,02954639
-0,001345016
-0,04458055
0,03475472
0,02321256
0,1923032
-0,02356619
0,02592527
0,2973557
-0,05495138
0,02592527
0,2973557
-0,05495138
0,05012495
0,5388081
-0,1681518
0,00841557
0,08866936
-0,01806095
0,00841557
0,08866936
-0,01806095
-0,004674401
-0,4673757
0,0803601
-0,007298542
-0,2527595
0,06918889
-0,007298542
-0,2527595
0,06918889
0,03919639
-0,7890769
0,01245402
-0,01254906
-0,02765581
0,3437072
-0,01254906
-0,02765581
0,3437072
-0,01160135
-0,6270118
0,5215526
0,05593575
-0,3053434
-0,06928109
0,06554653
-0,3113594
-0,1931503
0,06554653
-0,3113594
-0,1931503
0,1066587
-0,1667034
-0,1794253
-0,0209033
-0,1844924
0,3407918
-0,0209033
-0,1844924
0,3407918
-0,02622479
-0,2908058
0,5132433
0,01143315
0,02736486
0,1373075
0,01143315
0,02736486
0,1373075
-0,0173904
0,03130287
0,3333998
-0,02577249
0,439978
0,3744577
-0,04036012
0,3437258
0,3894567
-0,04036012
0,3437258
0,3894567
-0,03969525
0,3179055
0,3244429
-0,01766365
-0,09559318
0,1060625
-0,01766365
-0,09559318
0,1060625
-0,05645035
-0,6365895
0,2013549
-0,03011404
-0,1809482
0,1632786
-0,03011404
-0,1809482
0,1632786
-0,1307211
-0,7164795
0,5702004
-0,05556047
-0,5433273
0,1740405
-0,05556047
-0,5433273
0,1740405
0,03884589
-0,3228177
-0,3987104
-0,01587956
0,0333894
0,02200566
-0,07162067
-0,148882
0,2784283
-0,07162067
-0,148882
0,2784283
-0,2863829
-1,102816
0,8611493
-0,113536
-0,2669193
0,3803822
-0,113536
-0,2669193
0,3803822
-0,2085584
-0,7703282
0,2979791
-0,1404206
-0,5369875
0,3068406
-0,1404206
-0,5369875
0,3068406
-0,09972376
-0,8148536
0,3700516
0,2875225
-1,212794
-0,001246989
-0,2901199
-1,13387
0,3786121
-0,2901199
-1,13387
0,3786121
-0,1623452
-1,422191
0,1468524
-0,1350889
-0,6698925
0,302276
-0,1350889
-0,6698925
0,302276
-0,194802
-1,092327
0,3606088
-0,09493306
-0,4963867
0,222319
-0,09493306
-0,4963867
0,222319
0,03650784
-0,8963909
-0,4835788
-0,007714145
-0,5505987
-0,1985002
-0,09055138
-0,6370589
0,1551483
-0,09055138
-0,6370589
0,1551483
-0,1598166
-0,8312337
0,5582079
0,01084296
-0,103163
0,1153266
0,01084296
-0,103163
0,1153266
0,1820592
0,4746735
0,1043797
0,1078654
0,4445322
0,1921311
0,1078654
0,4445322
0,1921311
-0,05037114
0,6427705
1,171712
-0,05754083
-0,1032002
0,3755644
-0,05754083
-0,1032002
0,3755644
0,06426107
0,5490288
0,4843302
0,03657844
0,5965605
0,4248425
-0,09180866
0,2007246
0,6557092
-0,09180866
0,2007246
0,6557092
0,06487891
0,7792466
0,577236
0,2337383
0,3278498
-0,5278938
0,2337383
0,3278498
-0,5278938
-0,04458651
-0,5282291
0,1768552
-0,2692958
-0,8103293
0,678844
-0,2692958
-0,8103293
0,678844
0,2721921
-0,6678643
0,4318289
-0,02948438
-0,2226346
0,2298739
0,08277949
0,0260815
-0,1196325
0,08277949
0,0260815
-0,1196325
0,4477721
-0,5031409
0,5027001
-0,3116986
-0,704917
0,8531747
-0,3116986
-0,704917
0,8531747
0,02730294
-0,3239302
-0,08591512
0,04498398
-0,09515275
-0,009994864
0,04498398
-0,09515275
-0,009994864
0,008761279
-0,1046072
0,1189281
0,1601322
0,3912961
-0,1412018
0,1601322
0,3912961
-0,1412018
0,2093446
1,104774
0,2366297
0,0992097
0,08861385
-0,07802919
0,01371987
-0,3004026
-0,05872026
0,01371987
-0,3004026
-0,05872026
-0,09659324
-0,5930361
0,4123457
0,08230116
0,2279017
0,08808896
0,08230116
0,2279017
0,08808896
0,3158547
0,8078292
-0,2244055
0,00905171
0,1881346
0,2653159
0,00905171
0,1881346
0,2653159
0,4500251
-0,5565144
0,4877264
-0,3270699
-0,7727031
1,176161
-0,03812945
-0,1201116
0,278083
-0,03812945
-0,1201116
0,278083
0,2691049
0,07726625
-0,8875787
0,2164476
0,4448388
-0,1205146
0,2164476
0,4448388
-0,1205146
0,03931327
0,6182697
0,6079093
0,003351381
-0,007075347
0,2104283
0,003351381
-0,007075347
0,2104283
0,3426955
-0,1289304
-0,5886555
0,04076809
-0,2094392
-0,0646621
0,04076809
-0,2094392
-0,0646621
0,1725184
0,6090891
0,1837566
0,1180088
0,7516999
0,2283573
0,05892161
0,3847562
0,2190039
0,05892161
0,3847562
0,2190039
0,03184462
-0,4568428
-0,01669377
0,04725722
-0,04970394
-0,04986674
0,04725722
-0,04970394
-0,04986674
0,1826437
0,9892308
0,2082571
0,0649204
0,4887819
0,1405656
0,0649204
0,4887819
0,1405656
0,2226032
0,5418398
-0,3530845
0,0658718
0,1940478
-0,06153733
-0,05806163
0,1413543
0,3703639
-0,05806163
0,1413543
0,3703639
-0,2984928
-0,1226841
1,144026
0,1853491
0,2472585
-0,4168823
0,1853491
0,2472585
-0,4168823
0,3834254
1,001467
-0,7385612
-0,1060181
0,0895205
0,4826143
-0,1060181
0,0895205
0,4826143
-0,4240284
-0,5311474
1,365502
-0,1169895
-0,4548323
0,2850741
0,08018684
-0,07551784
-0,2247885
0,08018684
-0,07551784
-0,2247885
0,1039219
0,1341431
-0,2222627
-0,1101911
0,2645499
0,5972505
-0,1101911
0,2645499
0,5972505
-0,05452996
0,02120995
0,2762542
0,02672533
0,1371885
0,04420877
0,02672533
0,1371885
0,04420877
0,1913484
0,9861112
-0,24423
0,02984521
0,5785018
0,1362875
0,02984521
0,5785018
0,1362875
0,04129769
0,9761335
0,1927763
0,1263033
0,2272375
-0,3129989
0,05603456
0,3054513
-0,07774234
0,05603456
0,3054513
-0,07774234
-0,02768636
0,4256612
0,2936751
0,07412848
0,2982989
-0,09609461
0,07412848
0,2982989
-0,09609461
0,2176141
0,9853529
-0,378193
0,1009626
0,6124303
-0,1486585
0,1009626
0,6124303
-0,1486585
-0,1226033
0,4883174
0,5748749
-0,1764338
-0,2196256
0,572741
-0,02777074
-0,2313443
0,06645918
-0,02777074
-0,2313443
0,06645918
0,05821502
0,3631566
-0,05522668
-0,04394748
0,3595192
0,2387807
-0,04394748
0,3595192
0,2387807
-0,09527849
0,1804549
0,378333
-0,03696359
-0,08753613
0,1305729
-0,03696359
-0,08753613
0,1305729
-0,07803277
0,006283447
0,3065869
-0,03565438
0,1446251
0,18574
-0,03565438
0,1446251
0,18574
0,2061911
0,3857095
-0,5004391
0,05763485
-0,002590567
-0,167565
-0,003401469
0,0872571
0,05533248
-0,003401469
0,0872571
0,05533248
-0,0678021
0,2074338
0,3595278
0,02901042
0,1585834
0,001974404
0,02901042
0,1585834
0,001974404
0,4245188
1,451454
-1,077375
0,04299418
0,8715987
-0,02293736
0,04299418
0,8715987
-0,02293736
-0,1658077
0,1674078
0,7245705
-0,004399009
-0,460247
0,1076862
0,03625937
-0,2885118
-0,04653186
0,03625937
-0,2885118
-0,04653186
-0,2238483
0,0608336
0,2092421
-0,03882672
0,7390754
0,001529358
-0,03882672
0,7390754
0,001529358
-0,1624216
0,6900147
1,073049
-0,07418776
-0,4790135
0,4431114
-0,07418776
-0,4790135
0,4431114
-0,1709695
-1,161774
0,6315827
-0,07760715
-0,1428142
0,3399789
-0,07927143
0,4123002
0,3918722
-0,07927143
0,4123002
0,3918722
-1,106484
2,085954
0,1115869
-0,5316092
1,448142
0,2243435
-0,5316092
1,448142
0,2243435
-0,9281212
0,6073164
0,345996
-0,4391048
0,2209246
1,603049
-0,4391048
0,2209246
1,603049
0,08754395
-0,8496583
-0,001358986
0,1753097
0,2947807
-0,3689945
0,1753097
0,2947807
-0,3689945
-0,4161813
0,3031076
0,647225
-0,3048757
0,505697
0,993824
-0,2664734
-0,4106066
0,5925938
-0,2664734
-0,4106066
0,5925938
0,09335438
-0,8531466
0,46307
0,02446575
-0,3735378
0,02529025
0,02446575
-0,3735378
0,02529025
-0,05011503
-0,2243996
0,4040241
-0,05236883
-0,2106115
0,2851531
-0,05236883
-0,2106115
0,2851531
0,03772257
-0,5005725
0,1340926
0,03564619
-0,1968831
0,009125471
0,02513779
-0,7832505
-0,01156628
0,02513779
-0,7832505
-0,01156628
-0,0299708
-1,88023
0,1247853
-0,1584681
-0,4249465
0,5093575
-0,1584681
-0,4249465
0,5093575
0,2222834
-0,2327576
-0,3288865
0,1690432
-0,08688942
-0,3363281
0,1690432
-0,08688942
-0,3363281
-0,2536805
-1,473904
0,6248757
-0,2875969
-1,09428
0,6535962
-0,2875969
-1,09428
0,6535962
-0,2071461
-0,4146288
0,6483316
0,01718374
0,09028036
0,08190274
-0,004408229
-0,2194646
0,01486838
-0,004408229
-0,2194646
0,01486838
-0,4745014
-1,243732
0,9565383
-0,1922338
-0,4199218
0,3962224
-0,1922338
-0,4199218
0,3962224
0,5367597
-1,489014
0,5903015
0,6498253
-1,647328
0,9641433
0,6498253
-1,647328
0,9641433
0,7978491
-2,397874
2,184219
0,8435235
-2,729241
2,472488
0,8105413
-2,645475
2,516044
0,8105413
-2,645475
2,516044
0,6095525
-3,370451
1,697995
0,6987553
-4,221381
1,68853
0,6987553
-4,221381
1,68853
0,3281615
-6,027112
1,790715
0,4315712
-6,125411
1,868009
0,4315712
-6,125411
1,868009
0,4190862
-7,150766
2,098564
0,2914619
-8,341452
2,256097
-0,02066469
-10,30655
2,404901
-0,02066469
-10,30655
2,404901
-0,6196809
-12,56016
2,392374
-0,2456908
-11,6278
2,533972
-0,2456908
-11,6278
2,533972
0,339864
-9,731313
2,69149
0,3957031
-9,907082
2,825349
0,3957031
-9,907082
2,825349
0,003527403
-11,89543
3,088891
-0,1136138
-12,48723
3,228692
-0,1136138
-12,48723
3,228692
-0,09257054
-12,77029
3,581191
-0,2557585
-13,02989
3,615356
-0,472862
-13,54028
3,623536
-0,472862
-13,54028
3,623536
-0,9763315
-14,5879
3,475253
-1,474667
-15,18614
3,233752
-1,474667
-15,18614
3,233752
-1,753649
-15,21534
3,110691
-1,788924
-15,30791
3,144392
-1,788924
-15,30791
3,144392
-2,123732
-15,3528
2,874455
0,3542717
-15,0162
2,536742
0,3441842
-14,41182
2,485809
0,3441842
-14,41182
2,485809
0,2030241
-14,23812
1,920426
0,1135321
-14,95076
1,614836
0,1135321
-14,95076
1,614836
-0,09449065
-16,95526
0,7695891
-0,06898665
-17,57361
0,8095856
-0,06898665
-17,57361
0,8095856
0,06101108
-17,16902
1,092827
0,02557385
-16,74744
0,8509837
0,02557385
-16,74744
0,8509837
-0,1133724
-16,75088
0,2506779
-0,2590361
-17,60842
-0,1644258
-0,2274669
-17,46666
-0,1050224
-0,2274669
-17,46666
-0,1050224
0,07904768
-17,19269
1,016491
0,05590838
-0,2642619
-0,1494404
0,05590838
-0,2642619
-0,1494404
0,05590838
-0,4604619
-0,1494404
0,05590838
-0,6566619
-0,1494404
0,05590838
-0,6566619
-0,1494404
0,05590838
-0,8528619
-0,1494404
0,05590838
-1,049062
-0,1494404
0,05590838
-1,245262
-0,1494404
0,05590838
-1,245262
-0,1494404
0,05590838
-1,441462
-0,1494404
0,7575959
-1,124105
0,1195551
0,7575959
-1,124105
0,1195551
0,5459885
-0,9012541
0,7474883
0,3899144
-0,5778912
0,848368
0,3899144
-0,5778912
0,848368
0,3899144
-0,7740912
0,848368
0,2617036
-0,7056994
0,875666
0,0008991063
-0,03975981
0,7029389
0,0008991063
-0,03975981
0,7029389
-0,064019
0,0751998
0,6695315
-0,103547
0,1172864
0,6539503
-0,103547
0,1172864
0,6539503
-0,103547
-0,07891358
0,6539503
-0,1283444
0,2051613
0,5349973
-0,1283444
0,2051613
0,5349973
-0,1292894
0,2457032
0,4579286
-0,1398288
0,2574024
0,3791299
-0,1398288
0,2574024
0,3791299
-0,1442429
0,1119731
0,3973936
-0,148738
-0,03859827
0,4136154
-0,1509455
-0,1955089
0,4281743
-0,1509455
-0,1955089
0,4281743
-0,08042524
-0,004363447
0,2385058
-0,08945277
-0,03641866
0,1728488
-0,08945277
-0,03641866
0,1728488
-0,09469674
-0,1836748
0,1700736
-0,09469674
-0,3798748
0,1700736
-0,09469674
-0,3798748
0,1700736
-0,09469673
-0,5760748
0,1700736
0,01661831
-0,1243253
-0,1892575
0,02982974
-0,1774733
-0,2366415
0,02982974
-0,1774733
-0,2366415
0,04395209
-0,1995919
-0,2932684
0,1015339
0,04019383
-0,2440697
0,1015339
0,04019383
-0,2440697
0,1261983
0,03771065
-0,2072499
0,14492
0,02687068
-0,1691841
0,14492
0,02687068
-0,1691841
0,1578822
0,01396278
-0,1293291
0,1669463
-2,427399E-05
-0,08915137
0,1669463
-2,427399E-05
-0,08915137
0,1721431
-0,004358903
-0,04352598
0,1740252
-0,01548797
0,001483854
0,1706584
-0,0296396
0,04500946
0,1706584
-0,0296396
0,04500946
0,1649663
-0,04411133
0,08864088
0,1561326
-0,05583139
0,1317437
0,1561326
-0,05583139
0,1317437
0,1168833
0,03725854
0,07586733
0,08745544
0,04064062
0,0347048
0,08745544
0,04064062
0,0347048
0,06125406
0,02069002
0,001550555
0,05413546
0,005074918
-0,0163572
0,02971947
0,006347835
-0,01738624
0,02971947
0,006347835
-0,01738624
0,008419285
0,002544075
-0,008876917
-0,01228019
-0,003191784
0,001167101
-0,01228019
-0,003191784
0,001167101
-0,03317155
-0,009606495
0,009904203
-0,05410844
-0,01500888
0,01664308
-0,05410844
-0,01500888
0,01664308
9,725336E-05
0,3039382
0,2176017
-0,07168867
0,6937727
0,4327148
-0,07168867
0,6937727
0,4327148
0,3094499
2,826673
-1,271339
-0,1581606
1,268727
-0,7096757
-0,3449795
2,033731
-0,5630673
-0,3449795
2,033731
-0,5630673
-0,8213396
1,026262
0,5814845
-0,1914445
0,1469875
0,102986
-0,1914445
0,1469875
0,102986
0,327896
0,6904661
-0,5605742
-0,08497694
0,01897198
0,05557413
-0,08497694
0,01897198
0,05557413
-0,3800817
-0,334558
0,438432
0,1677224
-0,002789497
-0,09861314
0,06924666
-0,05859832
-0,0255622
0,06924666
-0,05859832
-0,0255622
0,1211572
0,1967551
-0,1406198
-0,1490796
-0,1473342
0,1676548
-0,1490796
-0,1473342
0,1676548
-0,2888125
-0,4524771
0,7081768
0,2130165
-0,180386
-0,11985
0,2130165
-0,180386
-0,11985
-0,0366983
-0,02483949
-0,04193783
-0,3123017
0,06042272
0,635916
-0,3234871
-0,3776014
0,4919559
-0,3234871
-0,3776014
0,4919559
0,1454336
-0,1041561
-0,3644079
-0,1166908
-0,05335882
0,1834482
-0,1166908
-0,05335882
0,1834482
-0,2576619
-0,3067262
0,3562093
0,09037182
0,2361484
-0,07114112
0,09037182
0,2361484
-0,07114112
0,2226977
0,6974012
-0,1958609
-0,06929231
-0,2363712
0,06039739
-0,06929231
-0,2363712
0,06039739
-0,2047849
-0,1219042
0,3229737
0,02680277
0,0293158
-0,02652109
0,03392692
0,02729297
-0,0561446
0,03392692
0,02729297
-0,0561446
0,1134851
0,1862139
-0,1718879
-0,04925122
0,01634285
0,09078681
-0,04925122
0,01634285
0,09078681
-0,3656578
-0,4700311
0,5089223
-0,1060103
-0,2566524
0,1160324
-0,1060103
-0,2566524
0,1160324
0,2673401
0,2928838
-0,3980845
-0,07413179
0,04208684
0,1525491
0,05206117
-0,2352493
0,03971824
0,05206117
-0,2352493
0,03971824
-0,2903576
-0,1664992
0,4004016
0,1686537
-0,6061697
-0,4286323
0,1686537
-0,6061697
-0,4286323
0,1315114
0,63219
-0,03902316
-0,06961394
0,3237277
0,2657294
-0,06961394
0,3237277
0,2657294
-0,2877199
-0,5352575
0,3662753
0,009319782
-0,2419945
-0,06818685
0,009319782
-0,2419945
-0,06818685
-0,1007543
-0,2230306
0,08787325
0,009810627
-0,007086996
0,01401147
0,07342876
0,01408748
-0,09226522
0,07342876
0,01408748
-0,09226522
0,2021577
0,4545129
-0,197378
-0,01618976
0,2077579
0,03910363
-0,01618976
0,2077579
0,03910363
-0,3866342
-0,1617365
0,5772828
-0,07695735
-0,541778
0,04160506
-0,07695735
-0,541778
0,04160506
-0,1993278
-1,060687
0,05546269
0,0134189
-0,01194103
0,02008983
-0,04297328
-0,01020294
0,1015583
-0,04297328
-0,01020294
0,1015583
-0,2108347
-0,05304167
0,39141
-0,1521708
-0,1065273
0,2774222
-0,1521708
-0,1065273
0,2774222
0,05845386
-0,08188939
-0,1251351
-0,1901058
-0,01748228
0,07942128
-0,1901058
-0,01748228
0,07942128
-0,2039157
0,2605407
0,2766747
0,1486273
0,0308311
0,1016376
0,1486273
0,0308311
0,1016376
0,1745997
-0,232807
-1,106325
-0,05329996
-0,02798912
-0,8180348
-0,6251352
0,3149574
0,4405832
-0,6251352
0,3149574
0,4405832
0,2706287
0,492177
0,5847383
0,5901979
-0,8694198
-1,70468
0,5901979
-0,8694198
-1,70468
-0,004223347
-0,6138381
-0,2725821
-0,5201086
1,224327
1,031756
-0,5201086
1,224327
1,031756
0,6790591
1,906919
0,9738888
-0,01921132
0,1509092
0,1571608
closestDistance
0,9549575
0,9545612
0,9566203
0,9556879
0,9529009
0,9499286
0,9540901
0,9642768
0,9748939
0,9801302
0,9833841
0,9856368
0,9873177
0,998858
1,0068
1,011004
1,013192
1,014834
1,016399
1,018453
1,02252
1,025005
1,023621
1,021375
1,019972
1,019484
1,019062
1,018672
1,018271
1,017736
1,013731
1,01022
1,009609
1,008464
1,007692
1,007393
1,007384
1,0071
1,006485
1,005271
1,003763
1,002629
1,002664
1,001804
1,001108
1,000816
1,001107
1,003292
1,007587
1,016179
1,028167
1,039109
1,043025
1,044793
1,046599
1,049117
1,05861
1,066032
1,070149
1,072554
1,076804
1,081668
1,08484
1,092252
1,10069
1,107807
1,117234
1,123593
1,12682
1,129615
1,131368
1,132393
1,134429
1,143939
1,153803
1,154908
1,150979
1,146318
1,142298
1,145042
1,148708
1,151816
1,150576
1,143655
1,134805
1,130515
1,122657
1,116537
1,115676
1,108045
1,102362
1,098824
1,097806
1,096075
1,093658
1,090422
1,08476
1,079893
1,079298
1,0761
1,07217
1,067665
1,064528
1,063728
1,065012
1,069336
1,071839
1,072626
1,070892
1,07257
1,075294
1,07831
1,079978
1,079179
1,076301
1,076268
1,083248
1,092657
1,097592
1,097711
1,095186
1,090661
1,085951
1,083917
1,084867
1,085798
1,087064
1,088447
1,089311
1,091022
1,092095
1,090843
1,088882
1,087716
1,087806
1,091315
1,093464
1,094565
1,096135
1,093857
1,089364
1,084073
1,076398
1,071006
1,069932
1,065812
1,06319
1,062493
1,061427
1,064395
1,069254
1,070667
1,065594
1,059403
1,055274
1,063296
1,073083
1,082405
1,082523
1,080593
1,077113
1,074877
1,074151
1,074574
1,07629
1,077144
1,076642
1,074297
1,06787
1,064626
1,064017
1,060568
1,057606
1,054972
1,052422
1,054202
1,05677
1,05828
1,055446
1,053496
1,05331
1,05583
1,059378
1,062874
1,060961
1,057843
1,054606
1,052009
1,04605
1,040615
1,036872
1,029305
1,025169
1,02439
1,024128
1,020088
1,014526
1,009534
1,003724
0,9990898
0,9964656
0,9915454
0,9883419
0,9870031
0,9848981
0,9796108
0,9729624
0,9687023
0,965089
0,9628854
0,9632729
0,9583455
0,9540738
0,9516116
0,953482
0,9548222
0,9552659
0,9524704
0,9450259
0,9374245
0,9365023
0,9322842
0,9278399
0,9239364
0,9149074
0,9080885
0,9042732
0,9031648
0,900333
0,8969444
0,8942302
0,8928539
0,8920223
0,8913503
0,8859714
0,8823069
0,8811263
0,8806939
0,8815767
0,8832417
0,8833755
0,8831442
0,882631
0,8817384
0,8799385
0,8777537
0,8753302
0,875912
0,8768582
0,8778148
0,8774115
0,8752286
0,8725398
0,8707265
0,8699136
0,8693454
0,8687763
0,868013
0,8671989
0,866284
0,8655871
0,8644076
0,8629738
0,8620206
0,8611351
0,8603739
0,8599651
0,8582996
0,8566697
0,8554146
0,8542306
0,8537769
0,85399
0,8543083
0,8535661
0,8522866
0,8511075
0,8501027
0,8496097
0,8498695
0,8495216
0,8484765
0,8466967
0,8443208
0,8412504
0,8380584
0,8367317
0,8339312
0,8312895
0,8300303
0,8307111
0,8311998
0,830968
0,8297768
0,8285248
0,8272704
0,8258994
0,8257416
0,8261402
0,8265184
0,8267039
0,8259993
0,8238773
0,8235995
0,8241627
0,8254091
0,826344
0,8276097
0,828698
0,8280908
0,8273239
0,826993
0,8276211
0,8281017
0,8281171
0,8276109
0,827192
0,8271556
0,8273731
0,8270856
0,8265282
0,8260759
0,8261169
0,8267516
0,8274119
0,827871
0,8255417
0,8231179
0,8208852
0,8199162
0,8192846
0,8187709
0,8179446
0,8160766
0,8141171
0,8126481
0,8094434
0,8063588
0,8036852
0,7997553
0,7990155
0,8003775
0,8006863
0,800348
0,7997219
0,7991307
0,7974053
0,7961136
0,7959764
0,7955574
0,795015
0,7943934
0,7938507
0,7927785
0,7912959
0,7891631
0,7858204
0,7834435
0,7837467
0,7823917
0,7808669
0,7793366
0,7778769
0,7762026
0,7746134
0,7742856
0,7730632
0,7715352
0,7700709
0,76876
0,7677235
0,7670751
0,7632804
0,7606812
0,7592745
0,7597699
0,7598562
0,7595394
0,7585592
0,7568278
0,754831
0,7527811
0,7509571
0,7494119
0,7481902
0,7474375
0,7476456
0,7481874
0,7474332
0,7445301
0,7416766
0,7407452
0,7388794
0,7376159
0,7372063
0,7353433
0,733687
0,732111
0,7305669
0,7294511
0,7284877
0,7275035
0,725999
0,7246785
0,7237615
0,7220967
0,7220158
0,7233179
0,7240636
0,722895
0,720739
0,7182582
0,716863
0,7158781
0,7152076
0,7148013
0,7143318
0,7137645
0,7100067
0,7070994
0,7047119
0,7034331
0,7015854
0,699546
0,6978188
0,6953472
0,693949
0,6943826
0,6925435
0,6916042
0,6913738
0,6895957
0,6871637
0,684618
0,6825293
0,6812262
0,6800783
0,6788995
0,6771373
0,6755707
0,6742338
0,6726615
0,6699867
0,6667618
0,664862
0,6643659
0,6644472
0,6646817
0,6633648
0,6620148
0,6609063
0,6603544
0,6610721
0,6627517
0,6630356
0,6620234
0,6606657
0,6603626
0,661378
0,6624615
0,6631289
0,6611987
0,6602107
0,6602861
0,6596055
0,6586264
0,6575147
0,6567491
0,6534061
0,6501851
0,6496923
0,6488541
0,6482322
0,6480227
0,647162
0,6465759
0,6461954
0,6458948
0,6452435
0,644336
0,6431859
0,6408625
0,6395999
0,6407409
0,6419832
0,6426777
0,6429429
0,6443201
0,6436608
0,6419838
0,6408247
0,6400409
0,6402152
0,6422606
0,6431602
0,643217
0,6423827
0,6395262
0,6378161
0,6368651
0,6358068
0,6353834
0,6351223
0,6345249
0,6350589
0,6358984
0,6369101
0,6386883
0,638627
0,6367708
0,6340793
0,6313829
0,6294109
0,6312704
0,6350666
0,6379554
0,6374408
0,6322715
0,6285384
0,6271594
0,6247697
0,6218566
0,6190237
0,6193034
0,6228215
0,626816
0,6280423
0,6235896
0,6189388
0,6152112
0,6148669
0,6153697
0,6165782
0,6182021
0,6185921
0,6182306
0,61756
0,6171917
0,6171329
0,6174717
0,6158136
0,6152603
0,6158596
0,6144232
0,6125637
0,6107883
0,6103324
0,606972
0,6034659
0,6027085
0,6014709
0,6004316
0,5996972
0,5997109
0,6010325
0,6032509
0,6021462
0,5964692
0,5898336
0,589139
0,5940883
0,5988885
0,6003572
0,5992054
0,5980254
0,5971249
0,596799
0,5945368
0,5913395
0,5888639
0,5858623
0,5848945
0,5893217
0,5949956
0,5976153
0,5953687
0,5899912
0,5872423
0,5865405
0,586318
0,5888429
0,5916564
0,5918524
0,5907384
0,5893849
0,5881689
0,5864983
0,5849401
0,5836359
0,5827909
0,5808316
0,5783018
0,576453
0,5758663
0,5752646
0,5734904
0,5675558
0,563475
0,5626813
0,5633963
0,5620902
0,5593433
0,5578169
0,5574062
0,5571335
0,5558202
0,5530451
0,5509607
0,5505387
0,5470645
0,5454245
0,545687
0,5464845
0,5444633
0,5414046
0,5399876
0,5372779
0,5346849
0,5331003
0,5352984
0,5379249
0,5402228
0,5396612
0,5364516
0,5317857
0,5296541
0,5253912
0,5220829
0,5236857
0,5264791
0,5281039
0,5277361
0,5235102
0,5200894
0,5178482
0,5164523
0,5176956
0,5198686
0,5202291
0,5187902
0,5169244
0,5153311
0,5137861
0,5135487
0,5148364
0,5151466
0,5141109
0,5121924
0,5108027
0,5114518
0,5122209
0,5111715
0,5073461
0,505171
0,5063031
0,5067434
0,5067151
0,5063248
0,5062046
0,50582
0,5053136
0,5048111
0,5052328
0,5057507
0,5059726
0,506253
0,5065329
0,506797
0,5058363
0,5046195
0,5033802
0,5031627
0,5019965
0,5004919
0,4994045
0,4955038
0,4923536
0,4919709
0,4905147
0,4903355
0,4914554
0,4911393
0,4900964
0,4888067
0,4883982
0,4911664
0,493986
0,4943796
0,4939466
0,4938477
0,4943179
0,4950656
0,4948179
0,4936206
0,4917033
0,4895888
0,4880767
0,4887944
0,4879906
0,486505
0,4841739
0,4818546
0,4811572
0,4822665
0,4831518
0,48341
0,4831677
0,4823314
0,4819111
0,4821842
0,4835978
0,483791
0,4837949
0,4837575
0,4829928
0,4823497
0,4818216
0,4814671
0,4805438
0,4795877
0,4794889
0,4785628
0,4777537
0,4773927
0,4774853
0,477815
0,4783374
0,4789617
0,4793622
0,4795748
0,4796833
0,4797721
0,479907
0,4801655
0,4803298
0,4804163
0,4804166
0,4802067
0,4802193
0,4803976
0,4805193
0,4805116
0,4803565
0,4799528
0,4790272
0,4781167
0,477506
0,4757001
0,4740699
0,4724512
0,4705079
0,4683044
0,4662637
0,4657343
0,4648756
0,4638752
0,4627854
0,4599765
0,4567712
0,4538155
0,4525404
0,4524119
0,4526949
0,4503536
0,4460123
0,441455
0,4382058
0,4356257
0,4338337
0,4328449
0,4321683
0,4328536
0,4343776
0,435964
0,4378645
0,4395678
0,4389743
0,4306083
0,4214231
0,4152263
0,4088375
0,4036067
0,4000741
0,3872802
0,3782798
0,3724559
0,3685254
0,3646275
0,3619006
0,3608638
0,3571982
0,3544192
0,3548268
0,3523568
0,3480875
0,3419827
0,3430572
0,3449751
0,3471941
0,3479204
0,34801
0,3475599
0,3463999
0,3413482
0,3386406
0,3390107
0,3416979
0,3440754
0,3457192
0,3463663
0,3453433
0,3435005
0,3421115
0,3407983
0,3401969
0,340973
0,3395351
0,3383808
0,3378754
0,3379669
0,3361931
0,3336789
0,3335426
0,3335145
0,3335899
0,333358
0,333409
0,3338031
0,3345766
0,3342122
0,3345237
0,3354295
0,3346258
0,3342218
0,3342166
0,3349521
0,3375589
0,3393356
0,3383924
0,3336714
0,3309312
0,3307697
0,3311584
0,3310954
0,3304118
0,3280782
0,3258952
0,3250807
0,3262624
0,328728
0,3302892
0,3299524
0,3278975
0,3269869
0,3273533
0,3299032
0,3321473
0,3330185
0,3303106
0,3240678
0,3189665
0,3181911
0,3191866
0,3196683
0,3193428
0,3166765
0,3106357
0,303612
0,3031473
0,3050278
0,3067515
0,3056873
0,3056272
0,3053752
0,3043106
0,3011651
0,2987421
0,2969529
0,2950536
0,2959492
0,2996019
0,3066341
0,3053614
0,3009737
0,294523
0,2858178
0,2810275
0,2804824
0,2822075
0,2853091
0,2890895
0,2913667
0,2923248
0,2917417
0,2886644
0,2835949
0,2807255
0,2807645
0,2789555
0,2788181
0,2795866
0,2779266
0,2709974
0,264736
0,2665826
0,268272
0,2687285
0,267279
0,2652612
0,2638095
0,2627967
0,2620825
0,2593625
0,2560625
0,2535823
0,2516727
0,2501451
0,2492329
0,2488865
0,2472989
0,2441424
0,2411441
0,2382223
0,2352911
0,2307642
0,2257014
0,2186764
0,2069667
0,20599
0,2079081
0,2065935
0,2061543
0,2037354
0,1995198
0,1975447
0,1960412
0,1967186
0,2038453
0,2023642
0,1993076
0,1979368
0,1795541
0,1772053
0,1795287
0,183339
0,1861443
0,1883847
0,1883265
0,1919224
0,1955549
0,1964127
0,1941132
0,1923381
0,1918891
0,1838255
0,1794613
0,1776143
0,1759118
0,1755525
0,1751164
0,1715105
0,1588342
0,1478436
0,1430905
0,1397019
0,1381223
0,1383306
0,1426775
0,146615
0,1489724
0,1462403
0,1446167
0,1458181
0,1519903
0,1678198
0,1798324
0,1857671
0,1826364
0,1805211
0,1799758
0,1851283
0,1941851
0,2030948
0,2068403
0,2054283
0,2042224
0,2057911
0,1930276
0,1815823
0,1735755
0,1698171
0,1700115
0,1700005
0,1611644
0,1497962
0,1422031
0,1422073
0,1382317
0,1379256
0,1422632
0,1490944
0,1522395
0,1525558
0,148896
0,1474075
0,1480776
0,1524072
0,1634538
0,1711244
0,1735098
0,1678927
0,1649477
0,1641718
0,1629512
0,1653242
0,1683543
0,1673715
0,1656049
0,1646132
0,1650745
0,1667809
0,1687626
0,1707937
0,1724547
0,1748398
0,1765173
0,1736168
0,1717553
0,1705146
0,1705937
0,1721162
0,1747853
0,1784992
0,1791268
0,1749801
0,1673764
0,16213
0,161159
0,1623785
0,1641986
0,1603626
0,1558372
0,1515177
0,1431914
0,1374145
0,1344333
0,1346164
0,1387455
0,1449923
0,1508653
0,1531334
0,1536617
0,1523185
0,151878
0,1530045
0,1560419
0,1602418
0,1640821
0,1673412
0,1693455
0,1686449
0,1673627
0,1670507
0,1670741
0,1682191
0,1708065
0,1724293
0,1715008
0,1686266
0,1659353
0,1649815
0,165913
0,1703556
0,169713
0,1688136
0,1695556
0,1660546
0,1623533
0,1590036
0,1575666
0,155671
0,1541334
0,155365
0,155793
0,1556638
0,1548251
0,1523209
0,1507701
0,1508203
0,1522254
0,1528222
0,1525352
0,1511193
0,1481866
0,1451652
0,1439426
0,1431355
0,142678
0,1425212
0,1429845
0,1434762
0,1440511
0,1457017
0,1486568
0,1522353
0,1545412
0,154805
0,1548339
0,1556797
0,155147
0,155991
0,1584948
0,1625436
0,1688014
0,1753101
0,1764967
0,1722621
0,166552
0,1629933
0,1537475
0,146593
0,1446541
0,1346718
0,1277343
0,1239821
0,1206355
0,1186945
0,1168255
0,112699
0,1071322
0,1033439
0,1032775
0,1026131
0,1048205
0,1101539
0,1143168
0,1184713
0,1217476
0,1203818
0,1136402
0,1067128
0,1042853
0,0966562
0,08923402
0,08289502
0,07644154
0,07377326
0,07391288
0,07292456
0,06688202
0,06367335
0,06528265
0,06382258
0,0639578
0,06623223
0,06854212
0,07254977
0,07694452
0,08710782
0,0979122
0,1095826
0,1187353
0,1315225
0,1434369
0,1504771
0,1554766
0,1601962
0,1649895
0,1735993
0,1849677
0,1974289
0,1992836
0,196053
0,1911409
0,1875313
0,1896295
0,1945431
0,1991389
0,1989723
0,1986568
0,1989826
0,2052912
0,2082649
0,2079688
0,1987502
0,2008619
0,2092757
0,2228675
0,2319896
0,2378369
0,2415312
0,2395875
0,2409462
0,2462941
0,2608962
0,2654789
0,2662819
0,2660034
0,2673812
0,2664284
0,2617608
0,2567197
0,2538061
0,2522397
0,2530941
0,2592364
0,2655036
0,2647682
0,2578252
0,2535847
0,2558052
0,2703631
0,2875608
0,3041581
0,3072675
0,302629
0,2936145
0,2887311
0,2907698
0,2943427
0,2955885
0,2895161
0,2857524
0,2859759
0,2848867
0,2840992
0,2838998
0,2851212
0,2863845
0,2871951
0,2866275
0,2855898
0,2854125
0,2859204
0,2799806
0,2762448
0,2755599
0,2802226
0,2922121
0,3031679
0,297086
0,286918
0,2817061
0,2881004
0,3059214
0,318262
0,3224009
0,3189403
0,3155014
0,3141805
0,3220185
0,3251473
0,3262995
0,3273521
0,3243032
0,3232493
0,3254185
0,3289673
0,3286213
0,3250453
0,3245115
0,3276689
0,3311912
0,3306088
0,3286211
0,3274289
0,327706
0,3364776
0,3446276
0,3509929
0,351009
0,3514221
0,3528956
0,3574157
0,3629246
0,3673047
0,3686932
0,3724108
0,3761373
0,3791385
0,3741362
0,3708148
0,3690774
0,3701867
0,3745975
0,3788578
0,379631
0,3743487
0,3726321
0,3776427
0,3872344
0,3913184
0,3898176
0,3875928
0,3853236
0,3845654
0,3890403
0,4031522
0,4151673
0,4177749
0,4193936
0,4220818
0,4259098
0,4328219
0,4380572
0,4423478
0,4423478
0,4452742
0,4547231
0,4755729
0,4744722
0,4702533
0,4669571
0,4739267
0,4852635
0,4993375
0,5025141
0,5045563
0,5053763
0,5036627
0,5062863
0,5095184
0,5120038
0,511425
0,5106817
0,5097351
0,5063915
0,5018994
0,4993323
0,5051011
0,5022839
0,4970184
0,492231
0,4963606
0,5031544
0,5108523
0,5193558
0,5238448
0,5247567
0,5247372
0,5340994
0,5452875
0,5506779
0,5533884
0,5547697
0,5548017
0,5551369
0,5553181
0,5553479
0,5554647
0,5555064
0,5555063
0,5555063
0,5555063
0,5555063
0,5555063
0,5555063
0,5555063
0,5555063
0,5555063
0,5555063
0,5555063
0,5555063
0,5555063
0,5555063
0,5555063
0,5555063
0,5555063
0,5555063
0,5555063
0,5555063
0,5555063
0,5555063
0,5555063
0,5555063
0,5555063
0,5555063
0,5555064
0,5555063
0,5555063
0,5555063
0,5555063
0,5555063
0,5555064
0,5555063
0,5555063
0,5555063
0,5555063
0,5555063
0,5555063
0,5555063
0,5555063
0,5555063
0,5555063
0,5555064
0,5555063
0,5555063
0,5550495
0,553124
0,5514151
0,5498344
0,5485098
0,5476037
0,5472184
0,5473908
0,5484167
0,5504152
0,5530061
0,5546851
0,5598661
0,568902
0,5830202
0,5983083
0,6130105
0,6280409
0,6377625
0,6464263
0,6545992
0,6625782
0,6706811
0,6783821
0,6841239
0,6886871
0,6930416
0,6969228
0,7012432
0,7060235
0,7110314
0,7172805
0,7221239
0,7255535
0,7278686
0,73072
0,7341734
0,7381231
0,7426504
0,7429671
0,738381
0,7358216
0,733131
0,7303926
0,7273612
0,7245896
0,7221691
0,7199939
0,7183127
0,7168971
0,7158217
0,7153305
0,7151992
0,7154078
0,7161696
0,7174121
0,7189734
0,7209324
0,7220098
0,7226339
0,7229275
0,7228734
0,7227537
0,7225877
0,7223632
0,7222065
0,7221138
0,7221187
0,7222046
0,7223459
0,7225426
0,724027
0,7263198
0,7293494
0,7053939
0,6958035
0,6958035
0,6958035
0,6984109
0,7014652
0,7020319
0,695435
0,6903307
0,6905026
0,6953077
0,6970184
0,6957177
0,6955882
0,6942084
0,6929606
0,6951398
0,7038787
0,710878
0,7101115
0,709574
0,7133602
0,7216313
0,7289718
0,7294744
0,7259287
0,7285444
0,7331232
0,7370235
0,7353629
0,7313542
0,7292965
0,7307212
0,7352563
0,7372466
0,736772
0,7359448
0,7337981
0,7319117
0,7330935
0,7395549
0,7457581
0,7479805
0,7425361
0,7402899
0,7423805
0,7458494
0,7508284
0,7548457
0,7507347
0,7481107
0,7472616
0,7500029
0,7555371
0,7587943
0,7584135
0,7600943
0,7608559
0,7606704
0,7594191
0,7564935
0,7535825
0,7536408
0,759633
0,7652839
0,7671168
0,7709644
0,7726068
0,771524
0,7725664
0,776094
0,7805732
0,7842402
0,7867718
0,7886188
0,7895283
0,7918936
0,7941507
0,7956702
0,7956281
0,7954939
0,7959202
0,8007348
0,8052804
0,8088191
0,8085077
0,807331
0,8093727
0,8179587
0,8229535
0,8261665
timeStamps
2,932189
2,946367
2,960215
2,974438
2,988011
3,002146
3,016117
3,029958
3,043959
3,057755
3,072026
3,085582
3,099902
3,11361
3,127712
3,141371
3,15552
3,169245
3,183153
3,197654
3,211147
3,225042
3,239357
3,253072
3,267051
3,281149
3,294756
3,308594
3,322581
3,336521
3,350792
3,364703
3,378359
3,392523
3,406196
3,420187
3,434343
3,448257
3,462423
3,475858
3,489954
3,503947
3,517991
3,532048
3,546051
3,55981
3,573219
3,587259
3,60118
3,615202
3,629543
3,643385
3,657284
3,670947
3,685322
3,698802
3,712738
3,726918
3,740614
3,754593
3,768812
3,782568
3,796712
3,810557
3,824632
3,837998
3,852463
3,865826
3,880369
3,894001
3,90804
3,921643
3,935662
3,949639
3,96386
3,977658
3,991425
4,005418
4,019622
4,033228
4,047844
4,061582
4,075497
4,089127
4,103484
4,116942
4,130828
4,144856
4,15922
4,17315
4,186666
4,200819
4,214413
4,228447
4,242599
4,25608
4,27002
4,284236
4,298252
4,31214
4,325987
4,340032
4,354053
4,367893
4,381479
4,395509
4,409778
4,423371
4,437355
4,45141
4,465447
4,479214
4,493479
4,507046
4,520943
4,534969
4,549157
4,562768
4,576613
4,590561
4,604783
4,618641
4,632639
4,646264
4,660318
4,674266
4,688355
4,702122
4,716053
4,730224
4,743834
4,758068
4,77178
4,785505
4,799264
4,813813
4,827537
4,841553
4,854999
4,869336
4,883204
4,896975
4,911095
4,924732
4,938735
4,952736
4,966828
4,980668
4,994829
5,00846
5,022655
5,036528
5,050396
5,06421
5,078499
5,092126
5,106254
5,119838
5,134243
5,147664
5,162205
5,175606
5,189886
5,203412
5,217519
5,231695
5,245326
5,259251
5,273441
5,287095
5,30106
5,314996
5,329064
5,342969
5,356727
5,370734
5,384703
5,398695
5,412453
5,426522
5,440693
5,454508
5,468013
5,482283
5,496119
5,510164
5,524017
5,538115
5,551746
5,565617
5,579718
5,59341
5,607558
5,621633
5,635361
5,64939
5,663116
5,677265
5,691266
5,704758
5,718841
5,732892
5,746715
5,760693
5,774729
5,788751
5,802777
5,816436
5,830327
5,844181
5,857918
5,872115
5,88582
5,899787
5,913941
5,927734
5,941817
5,955683
5,969402
5,983433
5,997322
6,011317
6,025099
6,039588
6,053082
6,067189
6,080769
6,094878
6,109109
6,122503
6,136479
6,150454
6,164368
6,178549
6,192551
6,206125
6,220118
6,234363
6,247922
6,262167
6,275728
6,28976
6,303693
6,317849
6,331712
6,345665
6,35928
6,373257
6,387421
6,400963
6,41517
6,429372
6,442876
6,457003
6,470845
6,484927
6,498422
6,512696
6,526307
6,540364
6,554583
6,568325
6,582264
6,59637
6,609982
6,624009
6,637796
6,651714
6,665616
6,679709
6,693461
6,707458
6,721297
6,735378
6,749242
6,763427
6,777099
6,791306
6,804734
6,818808
6,832897
6,846808
6,860851
6,874687
6,888434
6,90244
6,916339
6,930448
6,944331
6,95794
6,971923
6,986034
6,999803
7,013718
7,027833
7,041595
7,055635
7,069489
7,083586
7,097006
7,111539
7,125031
7,138733
7,152801
7,166821
7,181027
7,194478
7,208467
7,222624
7,236511
7,250545
7,26461
7,27802
7,292247
7,306288
7,320043
7,333688
7,347668
7,361698
7,375542
7,390025
7,403354
7,41726
7,431292
7,445302
7,459044
7,472941
7,486945
7,501279
7,51489
7,528851
7,54299
7,556876
7,570575
7,58444
7,598604
7,612315
7,626351
7,640511
7,65419
7,668283
7,682051
7,695714
7,709645
7,723854
7,737805
7,751388
7,765699
7,779293
7,793285
7,807493
7,821591
7,83511
7,849129
7,862932
7,876987
7,890735
7,904939
7,918517
7,932575
7,946412
7,960319
7,974367
7,988284
8,002163
8,016077
8,030043
8,043941
8,057981
8,071763
8,085766
8,099669
8,113739
8,127524
8,1414
8,155503
8,169401
8,183334
8,197114
8,211284
8,225401
8,238939
8,252735
8,266759
8,280969
8,294712
8,308533
8,322453
8,336572
8,35024
8,364091
8,378248
8,392296
8,405775
8,419737
8,434173
8,447848
8,46175
8,475766
8,48954
8,503507
8,517165
8,531349
8,545106
8,559222
8,573133
8,587622
8,601161
8,614861
8,629092
8,642443
8,656877
8,670623
8,684602
8,698144
8,711956
8,726313
8,739994
8,754239
8,767698
8,781859
8,795765
8,809478
8,82369
8,837528
8,851615
8,865209
8,87938
8,893421
8,907131
8,921002
8,93493
8,949112
8,962807
8,976778
8,990559
9,004788
9,018442
9,032708
9,046588
9,060431
9,074202
9,08814
9,102168
9,116233
9,130175
9,143893
9,15777
9,17188
9,185465
9,199735
9,213588
9,227373
9,24129
9,255333
9,269248
9,283249
9,297109
9,3112
9,324891
9,338763
9,353103
9,366284
9,380451
9,394612
9,408423
9,422229
9,436232
9,450094
9,464124
9,478086
9,491804
9,505782
9,51961
9,533881
9,547634
9,561855
9,575361
9,589278
9,603374
9,617515
9,631104
9,645121
9,659015
9,673183
9,686646
9,701094
9,714789
9,728858
9,742329
9,756649
9,770206
9,78451
9,798347
9,8123
9,825919
9,839868
9,854041
9,867708
9,881874
9,895728
9,909554
9,923614
9,937605
9,951638
9,965231
9,97907
9,993355
10,00706
10,0209
10,03527
10,04863
10,06298
10,07652
10,09046
10,10446
10,11874
10,13245
10,14647
10,16031
10,17429
10,18806
10,20192
10,21613
10,22973
10,24379
10,25758
10,27188
10,28548
10,29944
10,31345
10,32714
10,34113
10,35513
10,36887
10,38295
10,39679
10,41095
10,42472
10,4388
10,45302
10,46643
10,48048
10,49436
10,50854
10,52221
10,53624
10,5499
10,56389
10,57812
10,59202
10,60561
10,62019
10,63379
10,6472
10,6616
10,67555
10,68903
10,70325
10,71725
10,73085
10,74484
10,75871
10,7728
10,7869
10,80079
10,81454
10,82869
10,84241
10,85661
10,87017
10,88434
10,89841
10,91188
10,92573
10,93972
10,95391
10,9678
10,98176
10,99562
11,00971
11,02351
11,03722
11,0509
11,06485
11,07921
11,09287
11,10698
11,12093
11,13461
11,14868
11,16284
11,17635
11,19033
11,20419
11,21841
11,23213
11,24621
11,26021
11,27405
11,28776
11,30199
11,31599
11,32946
11,34347
11,35737
11,37131
11,38538
11,39943
11,41324
11,42729
11,44086
11,45529
11,46905
11,48305
11,49719
11,51087
11,5249
11,53879
11,5522
11,56658
11,58038
11,5942
11,6082
11,62246
11,63624
11,6499
11,66382
11,67774
11,69178
11,70543
11,71917
11,73302
11,74705
11,76096
11,77524
11,78896
11,80289
11,81713
11,83058
11,84477
11,85914
11,87263
11,88636
11,90022
11,91438
11,92807
11,94219
11,95625
11,96985
11,98377
11,99764
12,01166
12,02533
12,03929
12,05341
12,06725
12,08105
12,09497
12,10914
12,12283
12,13675
12,15095
12,1645
12,17848
12,19264
12,20644
12,22016
12,23435
12,24818
12,26201
12,27565
12,28945
12,30362
12,31738
12,33104
12,34535
12,359
12,37288
12,38699
12,4007
12,41501
12,42868
12,44276
12,45662
12,4703
12,48423
12,4985
12,51209
12,52615
12,53987
12,55388
12,56772
12,58201
12,5957
12,60948
12,62318
12,6371
12,65148
12,66483
12,67924
12,69281
12,70669
12,72076
12,73474
12,74864
12,7624
12,77628
12,79045
12,80445
12,81834
12,83219
12,84618
12,8602
12,87416
12,88796
12,90154
12,91571
12,92933
12,94342
12,95707
12,97145
12,98507
12,99872
13,01314
13,02693
13,04055
13,05445
13,06874
13,08241
13,09641
13,11006
13,12407
13,13821
13,15207
13,16578
13,17976
13,19391
13,20773
13,22168
13,23578
13,24951
13,26357
13,2771
13,29091
13,30499
13,31941
13,33353
13,34684
13,36085
13,37458
13,3885
13,40254
13,41645
13,43025
13,44419
13,4584
13,47189
13,4863
13,49947
13,51348
13,52746
13,54138
13,55527
13,5692
13,58313
13,59714
13,61108
13,6248
13,63885
13,65316
13,66648
13,68056
13,69443
13,70831
13,72255
13,7362
13,75042
13,76408
13,77835
13,79208
13,80598
13,81986
13,83374
13,84745
13,86159
13,8756
13,88934
13,90336
13,91682
13,93077
13,94513
13,95859
13,97285
13,98635
14,00038
14,01482
14,02855
14,04229
14,05623
14,06992
14,08381
14,09814
14,11168
14,12588
14,13988
14,15354
14,16755
14,1811
14,19521
14,20885
14,22295
14,23708
14,25076
14,26461
14,2788
14,29248
14,30684
14,32042
14,33466
14,34844
14,36212
14,37603
14,38974
14,40427
14,4177
14,43191
14,44573
14,45941
14,47318
14,48729
14,501
14,51516
14,52916
14,54318
14,55695
14,57093
14,58462
14,59842
14,61264
14,62632
14,64049
14,65411
14,6682
14,68233
14,69594
14,71002
14,72412
14,73792
14,75167
14,76586
14,77975
14,79376
14,80741
14,8215
14,83519
14,84945
14,86312
14,87725
14,89087
14,90529
14,91896
14,93278
14,94685
14,96052
14,97458
14,98826
15,00246
15,0162
15,02995
15,04427
15,0579
15,07216
15,08583
15,09993
15,11358
15,12783
15,1419
15,15533
15,16936
15,18339
15,19739
15,21128
15,22501
15,23911
15,25283
15,2668
15,28102
15,29481
15,30877
15,32281
15,33643
15,35032
15,36417
15,37835
15,39234
15,40609
15,41996
15,43403
15,44783
15,46172
15,47569
15,48975
15,50344
15,51734
15,53138
15,5453
15,55912
15,57351
15,58723
15,60098
15,61472
15,62945
15,64317
15,65682
15,67052
15,68485
15,69826
15,71219
15,72649
15,74037
15,75411
15,76808
15,78212
15,79602
15,80993
15,8239
15,83763
15,85161
15,86574
15,87936
15,8935
15,90745
15,92146
15,93518
15,94891
15,96323
15,97683
15,99092
16,0048
16,01903
16,03266
16,04689
16,06083
16,07447
16,08861
16,1022
16,11635
16,13024
16,14418
16,15801
16,17215
16,18577
16,19987
16,21418
16,22771
16,24187
16,25559
16,26937
16,28331
16,29753
16,31129
16,3251
16,33907
16,35339
16,36696
16,38107
16,39478
16,40891
16,42264
16,43677
16,45064
16,46469
16,47849
16,49242
16,50608
16,52031
16,53433
16,54793
16,56212
16,5762
16,58994
16,60409
16,61739
16,63169
16,64534
16,65919
16,67328
16,68783
16,70148
16,71496
16,72902
16,74304
16,75678
16,77102
16,78461
16,79899
16,81278
16,82647
16,84039
16,85479
16,86839
16,88231
16,89637
16,91004
16,92384
16,93805
16,95226
16,96589
16,97955
16,99381
17,0079
17,02169
17,03531
17,04923
17,06342
17,07733
17,09116
17,10539
17,11927
17,13296
17,14709
17,1608
17,17455
17,18891
17,2028
17,21759
17,23048
17,24455
17,25863
17,27196
17,28611
17,3
17,31396
17,32777
17,34195
17,35569
17,36971
17,38367
17,39779
17,41157
17,42527
17,43952
17,45329
17,46719
17,48108
17,49525
17,50906
17,52313
17,537
17,55052
17,56483
17,57843
17,59241
17,60631
17,62068
17,63414
17,64827
17,66245
17,67632
17,69016
17,70432
17,71806
17,73201
17,7459
17,75971
17,77398
17,7876
17,80145
17,81519
17,82949
17,84304
17,85731
17,8709
17,88558
17,89857
17,91278
17,92682
17,94065
17,95439
17,96843
17,98273
17,99658
18,01027
18,02418
18,03851
18,0521
18,06614
18,07986
18,09375
18,10768
18,1221
18,13592
18,14964
18,16359
18,17725
18,19164
18,2051
18,21955
18,23358
18,2473
18,26093
18,27497
18,28865
18,30285
18,31671
18,33088
18,34442
18,35844
18,37265
18,3866
18,40018
18,41416
18,42839
18,4423
18,45629
18,46987
18,48405
18,49789
18,51156
18,52573
18,53969
18,55331
18,56732
18,58137
18,59556
18,60938
18,62298
18,63711
18,65097
18,66495
18,67874
18,69313
18,70681
18,72103
18,73466
18,74837
18,76234
18,77666
18,79013
18,8042
18,81864
18,83194
18,84598
18,85967
18,87369
18,88794
18,9015
18,91578
18,92955
18,94374
18,95738
18,97158
18,98512
18,99927
19,01311
19,02693
19,04082
19,05491
19,06891
19,08284
19,09677
19,11064
19,12451
19,13818
19,15252
19,16595
19,18031
19,19428
19,20783
19,2222
19,2358
19,24986
19,26387
19,2773
19,29131
19,30576
19,31927
19,33352
19,3471
19,36121
19,37542
19,38926
19,40283
19,41706
19,43067
19,44491
19,45857
19,47308
19,48645
19,50027
19,51474
19,52808
19,54223
19,55635
19,56986
19,58393
19,59825
19,61183
19,62578
19,63989
19,65397
19,66763
19,68171
19,6953
19,70954
19,72314
19,73747
19,75137
19,76496
19,77885
19,79282
19,80715
19,82067
19,83447
19,84845
19,86291
19,87652
19,89043
19,90416
19,91846
19,93227
19,94601
19,95989
19,97409
19,98801
20,00193
20,01564
20,02972
20,04365
20,05762
20,07203
20,08553
20,09919
20,11313
20,12718
20,14148
20,15516
20,1691
20,18324
20,1969
20,21061
20,2248
20,23843
20,25251
20,26647
20,28067
20,29434
20,30849
20,32245
20,33608
20,35006
20,36399
20,37819
20,39189
20,40593
20,41971
20,43359
20,4476
20,46154
20,47527
20,48956
20,50349
20,51726
20,53098
20,54532
20,55885
20,57281
20,58677
20,60065
20,61484
20,62851
20,64272
20,6564
20,67047
20,68456
20,69864
20,71212
20,72633
20,73992
20,75409
20,76799
20,78196
20,79581
20,81003
20,8238
20,83779
20,85116
20,86544
20,87947
20,89322
20,90706
20,92122
20,93492
20,94903
20,96312
20,97688
20,99079
21,00467
21,01846
21,03274
21,04638
21,06064
21,07452
21,08831
21,1021
21,11628
21,12973
21,14422
21,15801
21,17155
21,18554
21,19969
21,21369
21,2274
21,24148
21,25535
21,26947
21,28331
21,2973
21,31121
21,32501
21,33882
21,35316
21,36664
21,38083
21,39476
21,40864
21,42238
21,43663
21,45064
21,46445
21,47793
21,49226
21,50617
21,51972
21,53367
21,5479
21,56179
21,57577
21,59005
21,60407
21,61784
21,63152
21,64544
21,65969
21,67328
21,68732
21,70112
21,71504
21,72888
21,74312
21,75682
21,77078
21,78462
21,79856
21,81279
21,8261
21,84009
21,85419
21,86797
21,8821
21,89594
21,90975
21,92402
21,93784
21,95168
21,96575
21,97971
21,99346
22,0075
22,02121
22,03519
22,04905
22,06323
22,07689
22,09112
22,1047
22,1186
22,13255
22,14662
22,1605
22,17469
22,18828
22,20237
22,21635
22,2304
22,24407
22,25822
22,27193
22,28603
22,29981
22,31392
22,32804
22,34154
22,35549
22,36952
22,38333
22,39747
22,41113
22,42515
22,43919
22,45368
22,46698
22,4812
22,49477
22,5088
22,5227
22,53653
22,55045
22,56442
22,57836
22,59262
22,60618
22,62009
22,63419
22,64793
22,66192
22,67613
22,68989
22,70398
22,71784
22,73151
22,74586
22,7597
22,77372
22,78773
22,80112
22,81496
22,82927
22,84282
22,85714
22,8707
22,88489
22,89888
22,91249
22,92662
22,94041
22,9544
22,96861
22,98247
22,99626
23,01035
23,02394
23,03809
23,05182
23,06595
23,07998
23,09387
23,10788
23,12141
23,13545
23,14996
23,16391
23,17764
23,19198
23,20584
23,21923
23,23344
23,24711
23,26076
23,27499
23,28907
23,3027
23,31615
23,33023
23,34428
23,35815
23,37214
23,38627
23,39993
23,41409
23,42774
23,44183
23,45561
23,46965
23,48343
23,49734
23,51123
23,52529
23,53942
23,55335
23,56715
23,58103
23,59504
23,60894
23,62251
23,63639
23,65062
23,66442
23,67868
23,6926
23,70677
23,72057
23,73404
23,74827
23,7619
23,77585
23,7894
23,80347
23,81787
23,83172
23,84546
23,85957
23,87338
23,8875
23,90137
23,91535
23,92931
23,94299
23,95686
23,97069
23,98479
23,99849
24,01281
24,02666
24,04084
24,05438
24,06869
24,08205
24,09641
24,1099
24,12386
24,13769
24,15197
24,16582
24,17963
24,19365
24,20751
24,22155
24,23551
24,24923
24,2632
24,27709
24,2909
24,30495
24,31879
24,33275
24,34652
24,36093
24,37463
24,38894
24,40237
24,41639
24,43013
24,44427
24,45795
24,47165
24,48583
24,49967
24,51369
24,52777
24,54173
24,55589
24,56945
24,58338
24,59731
24,6114
24,62489
24,63911
24,65286
24,66716
