participantNumber
0
experimentNumber
0
sdfEnabled
1
taskTime
16,27586
numHits
5
positionDifference
0,1385534
angleDifference
106,3805
finalPosX
-0,07106085
finalPosY
0,005945199
finalPosZ
0,9681231
finalRotX
281,2343
finalRotY
221,3001
finalRotZ
83,69512
velocityMagnitude
0,008534202
0,1609396
0,2347773
0,01576722
0,499029
0,06796902
0,4464545
0,05839275
0,3137356
0,07038851
0,1544313
0,2053497
0,1313644
0,2535586
0,07416698
0,1789055
0,2862144
0,2091699
0,1423698
0,05166868
0,3450728
0,4378586
0,2873465
0,3134576
0,2682845
0,3439108
0,362828
0,4093247
0,2857531
0,2560566
0,08689693
0,04827073
0,04808896
0,125966
0,1782284
0,1106272
0,04038851
0,02612074
0,03121156
0,04612169
0,1657197
0,2559267
0,1670994
0,179478
0,1161605
0,2429052
0,1592253
0,2481397
0,3158321
0,2879235
0,1715191
0,2348337
0,2313351
0,2743311
0,2695258
0,3134139
0,2622944
0,1669571
0,1857479
0,2393123
0,3045177
0,284667
0,2834513
0,2773849
0,1727746
0,2442544
0,2541019
0,1715728
0,2652639
0,2449636
0,3163197
0,2139853
0,2425013
0,2847186
0,1991844
0,1783092
0,237823
0,2305823
0,1784165
0,2316269
0,3195751
0,2185597
0,1983566
0,3258832
0,341676
0,2291419
0,3339139
0,4867323
0,2776712
0,3625509
0,4410855
0,441797
0,1924184
0,3071897
0,4520912
0,3662875
0,1470219
0,3246956
0,3301551
0,1293492
0,3904045
0,2853606
0,02413702
0,01236515
0,2982747
0,1461559
0,06789108
0,1429232
0,4631662
0,3438197
0,1363479
0,08118485
0,09573191
0,05238528
0,167557
0,1942727
0,2532587
0,1625624
0,2723224
0,2571985
0,2189116
0,1407174
0,1434761
0,2364277
0,1624214
0,1047137
0,1063296
0,1536203
0,1153424
0,1207756
0,1218475
0,08815137
0,1043984
0,06122642
0,1318008
0,0966676
0,1370388
0,1674412
0,1166469
0,2210107
0,1271832
0,1430297
0,1053115
0,1937514
0,2234083
0,162445
0,09150665
0,07590243
0,1239229
0,1527696
0,1933284
0,1435483
0,2288106
0,2135106
0,3160219
0,3077404
0,1488981
0,1201142
0,2831528
0,4083239
0,2657335
0,3006264
0,1825646
0,2416003
0,3421616
0,4329887
0,3723628
0,4936579
0,2965074
0,3389736
0,3243213
0,4270933
0,3261337
0,5608513
0,5865157
0,4910466
0,6315981
0,3604796
0,1400253
0,08367641
0,2889871
0,4005475
0,4267469
0,1972071
0,08329638
0,1771104
0,1060621
0,3635457
0,4094952
0,2245726
0,1566137
0,2110841
0,4520285
0,2903349
0,2463455
0,3067645
0,4901263
0,3435657
0,2387483
0,1626257
0,1523386
0,3789805
0,3492354
0,3904685
0,1928613
0,2498221
0,2391637
0,1871001
0,3641838
0,2927268
0,1855505
0,1792971
0,1462896
0,140389
0,1320734
0,1477146
0,1504371
0,1371694
0,1410891
0,2858158
0,2437607
0,1639577
0,143084
0,1581465
0,4955607
0,4944448
0,2901982
0,1235538
0,2051375
0,1297572
0,2199885
0,199499
0,1629487
0,223334
0,3282017
0,3463139
0,261368
0,2268074
0,241193
0,3348363
0,249708
0,2911759
0,3022866
0,2229742
0,3518103
0,2625676
0,2988215
0,2885095
0,2160938
0,3253447
0,2463944
0,4247395
0,3188271
0,3424821
0,2745746
0,3330218
0,4050715
0,3055582
0,3271984
0,2260818
0,3761702
0,3331873
0,2217082
0,3536498
0,2896351
0,3372774
0,2339079
0,3317719
0,3739382
0,3335952
0,2191801
0,3213493
0,2985255
0,1814644
0,2265266
0,3138666
0,2679372
0,1485238
0,2451207
0,1473113
0,07621554
0,1236485
0,3015738
0,3590614
0,1660726
0,07822336
0,156094
0,09577014
0,1653936
0,4480529
0,477563
0,2182572
0,1920584
0,1263226
0,08142571
0,08501012
0,2518841
0,3953185
0,2044673
0,08092778
0,3321586
0,2041141
0,1785714
0,4076222
0,2197067
0,1124747
0,06573845
0,149327
0,2263176
0,1257106
0,2041923
0,1730981
0,103147
0,1956122
0,1943138
0,0793931
0,06134394
0,06540315
0,04058283
0,0246871
0,09088732
0,1560083
0,2147036
0,1455503
0,1356128
0,135025
0,09472445
0,1912813
0,3275231
0,1340836
0,07400609
0,08515006
0,03846544
0,02174277
0,09388618
0,117949
0,1546167
0,1015964
0,2546534
0,1939734
0,2904213
0,2018018
0,2646232
0,1317591
0,1534823
0,1239882
0,0876553
0,1785198
0,2449591
0,1665262
0,2171088
0,1927007
0,331339
0,2600706
0,4296038
0,2920794
0,5006852
0,3650892
0,3330899
0,1232952
0,1079322
0,2757792
0,3031911
0,2559791
0,2588462
0,1771869
0,2081519
0,2397941
0,3108207
0,3117706
0,2621324
0,1651943
0,1358565
0,1677362
0,2286
0,2700191
0,1812894
0,1659748
0,1470577
0,2183509
0,2440911
0,2287188
0,2091039
0,1808009
0,2275794
0,1975974
0,185759
0,2252621
0,2383769
0,3407889
0,3229052
0,3180877
0,278307
0,2329628
0,1645836
0,1322352
0,1484943
0,1865882
0,2990894
0,2642814
0,08148
0,2588997
0,1718774
0,09886831
0,09379617
0,1228711
0,0678336
0,08635325
0,08732621
0,3048553
0,2792471
0,2325563
0,248466
0,1829725
0,2779377
0,2330301
0,559825
0,3958283
0,1918837
0,2332089
0,1329711
0,3772927
0,372445
0,2766723
0,1608403
0,1682413
0,1629722
0,1487911
0,320861
0,3001198
0,1803233
0,2009949
0,3478113
0,3139992
0,2971426
0,2914056
0,3447311
0,4225605
0,3930637
0,3725754
0,3502951
0,3906097
0,4259728
0,4698782
0,5531917
0,4371312
0,4415526
0,3828665
0,2775605
0,2289708
0,1122947
0,1832868
0,1795023
0,2176115
0,2401069
0,2288233
0,1973722
0,271566
0,3040528
0,2873654
0,2782495
0,4159103
0,5029351
0,3423269
0,3313146
0,216456
0,2642292
0,181128
0,1243824
0,09296922
0,1132096
0,1605247
0,1069482
0,1314118
0,1815247
0,1218951
0,1391407
0,2122338
0,2086946
0,1362703
0,2322641
0,181451
0,1438776
0,09838174
0,1546668
0,1489346
0,0949861
0,07030001
0,07378319
0,2047323
0,1407757
0,09292109
0,07283457
0,05282665
0,06257296
0,09962486
0,1383587
0,1038383
0,08317681
0,0999798
0,07348689
0,09047081
0,07633831
0,1043623
0,07724611
0,06917694
0,06525725
0,05343106
0,04498717
0,05145215
0,0441974
0,0372849
0,06532677
0,08634026
0,07477089
0,1043954
0,1335402
0,177821
0,1480119
0,1339524
0,1411806
0,1527968
0,1273838
0,1470261
0,1602986
0,1262171
0,09232993
0,1190716
0,09426145
0,07571489
0,07646406
0,1049405
0,08324235
0,09143022
0,06592371
0,05286663
0,04101678
0,1879711
0,1404737
0,1095952
0,06586199
0,1076281
0,1306986
0,1065949
0,08193088
0,07485363
0,06250656
0,1495154
0,1257452
0,1323706
0,109945
0,1218211
0,1941725
0,1463879
0,1548102
0,2280516
0,1821015
0,1384635
0,1977975
0,1729746
0,1165332
0,08604985
0,07507781
0,08334377
0,06008701
0,04717379
0,0646001
0,1679427
0,11641
0,2627074
0,1982066
0,1375135
0,06695434
0,1773282
0,2117635
0,1632241
0,09274505
0,1618118
0,1190507
0,1142578
0,1300866
0,1367154
0,1010343
0,1324604
0,1570948
0,1130937
0,211414
0,3131978
0,2475199
0,1848104
0,2082948
0,1994856
0,2405994
0,1848694
0,2563827
0,3854413
0,2911001
0,3167014
0,2479196
0,2558971
0,4232829
0,2838194
0,352572
0,2626071
0,3795959
0,3525027
0,2159823
0,1374237
0,1382059
0,2697701
0,2831431
0,215411
0,1487011
0,195385
0,1483105
0,2389878
0,1705371
0,2330666
0,265435
0,2391881
0,1761271
0,1928471
0,1848615
0,2076549
0,2412709
0,1961207
0,1493823
0,2011019
0,1956567
0,2015983
0,1415932
0,2111066
0,1694057
0,2563345
0,2699896
0,1886794
0,1497668
0,1554362
0,2177162
0,1382716
0,08258094
0,1447725
0,166487
0,162045
0,05426875
0,1805901
0,1139015
0,07759726
0,038957
0,07560303
0,1266538
0,1117032
0,09513867
0,06785521
0,08157138
0,2028858
0,1402856
0,1306938
0,116166
0,1586798
0,1826118
0,2098182
0,142167
0,1573595
0,1691794
0,1669446
0,1767682
0,1539835
0,1540612
0,1572886
0,1236988
0,1439862
0,1459947
0,1267285
0,1211118
0,1128576
0,1155544
0,1825234
0,1573441
0,09780039
0,03925524
0,05590783
0,04863847
0,0392875
0,07732429
0,07015056
0,08001138
0,07816217
0,07734153
0,08611006
0,07330876
0,03911794
0,02697349
0,05236455
0,03903382
0,0258818
0,02457323
0,0255849
0,05008809
0,04393316
0,06131687
0,07020397
0,07153574
0,06272334
0,09720209
0,06862865
0,06459437
0,1140528
0,1077521
0,1266675
0,1077071
0,07730138
0,1128782
0,07623858
0,05489298
0,0657377
0,08074769
0,06867015
0,07791097
0,09428778
0,08158688
0,08507997
0,08870683
0,1163619
0,1240782
0,1306532
0,1224858
0,1123609
0,1126726
0,1031582
0,1079265
0,1101717
0,1498592
0,1059427
0,06395069
0,08285137
0,142706
0,08378622
0,05376469
0,05285368
0,06420085
0,07989077
0,09176709
0,09544821
0,1217103
0,1354
0,109114
0,0900289
0,06081942
0,07319675
0,1334607
0,130321
0,185953
0,220409
0,1936906
0,255178
0,2249695
0,1161678
0,0969791
0,1763698
0,120862
0,1571383
0,1422792
0,1042712
0,09376357
0,166679
0,2019598
0,1926645
0,2237513
0,4748335
0,3454277
0,412321
0,2886961
0,4379122
0,5070056
0,2817698
0,269333
0,2776596
0,2773874
0,2567869
0,1856753
0,3022108
0,2410773
0,2076399
0,2316396
0,3021118
0,2961331
0,2008164
0,1492228
0,2206901
0,3433484
0,3612732
0,3291841
0,4245805
0,2819299
0,4147646
0,2149781
0,2539438
0,179061
0,218533
0,2058804
0,3588182
0,1778673
0,1825309
0,1239616
0,401722
0,5474914
0,4339124
0,471432
0,5136461
0,3328394
0,4074519
0,7249106
0,7919655
velocityComponents
-0,0006018206
0,008504
-0,0003904104
-0,06875081
0,1129929
0,0916924
-0,0141197
-0,05275211
0,228338
0,001488505
-0,00716112
0,0139681
0,001268438
0,3388358
0,3663587
0,00434715
0,0431243
0,05235632
-0,1046039
-0,418668
0,1144408
-0,01385366
-0,0545468
0,01557038
0,002804402
-0,1269381
0,2868952
0,003982739
-0,02950023
0,06378414
0,0008268798
0,07781898
0,1333888
-0,0008091909
0,1535516
0,1363442
-0,01733761
0,1076529
0,07325896
-0,05145751
-0,1621309
0,1880364
-0,01369738
-0,04648533
0,05614478
-0,01230188
0,1448178
0,1043247
-0,04510446
0,2742019
0,06853892
-0,03998267
0,1990588
0,05028922
-0,03223577
0,1000649
0,09600535
-0,01103236
0,03633636
0,03503725
0,01729418
0,1024752
0,3290516
0,01739794
0,2619132
0,3504553
0,006493677
0,1536684
0,2427176
-0,03255603
0,2064751
0,233589
-0,002680616
0,0795264
0,2562127
-0,00448317
-0,06273159
0,3381114
0,01593483
-0,1814591
0,3137879
0,02057325
-0,1518417
0,3795623
0,009892244
-0,09889569
0,2679116
-0,005571545
-0,006984744
0,2559007
-0,03835873
0,05451608
0,05574659
-0,03789805
0,02523152
0,01603658
-0,04642673
0,01243617
-0,001564812
-0,05112622
-0,1119418
0,02688107
-0,008405817
-0,1117894
0,1385563
-0,003537272
-0,07044455
0,08522572
-0,02214907
0,007180314
0,03300142
-0,01463406
0,00263487
0,02147545
-0,01250215
0,02476864
0,01429586
-0,02145844
0,01806762
0,0366102
0,002400846
-0,07935915
0,1454626
0,0358674
-0,07704086
0,2414057
0,02506881
-0,05300085
0,1564758
0,01437628
0,1113949
0,1399888
0,009847137
0,0713297
0,09115029
-0,01180423
0,2415893
0,02232022
-0,008212115
0,1583321
0,01470403
0,03662356
0,08228606
0,2312164
0,05932394
-0,06223666
0,3039033
0,05510856
0,09649534
0,2656156
0,03375939
0,05489786
0,1589507
0,01529932
0,2199877
0,0807353
0,005477167
0,2287008
0,03437841
0,02524944
0,2446816
0,1214535
0,05995194
0,06132798
0,2555167
0,07459465
-0,02002385
0,3037481
0,06219141
0,1367356
0,2150208
0,04014333
0,08712414
0,1366476
0,02829394
0,1692623
0,07107732
0,01536686
0,2385491
0,01133818
0,03161851
0,2955835
0,06604288
0,05814478
0,217814
0,1738147
0,07532232
0,1424783
0,2331761
0,06245809
0,2094671
0,1707774
0,03926141
0,1307859
0,105852
0,05428776
0,176066
0,1603553
0,05838258
0,1661315
0,1831927
0,0407681
0,1113454
0,1240057
0,05532352
0,1891519
0,1775551
0,04415793
0,1962007
0,1398662
0,06388972
0,2246082
0,2133716
0,0443462
0,1520012
0,14394
0,04111005
0,1896656
0,1454091
0,04799902
0,2230813
0,1702807
0,03359993
0,157111
0,1177353
0,03189853
0,1242483
0,1238507
0,04830106
0,1259788
0,1958472
0,05045861
0,08874313
0,206753
0,0395265
0,06975164
0,1593889
0,04042729
0,1395255
0,1804142
0,05390828
0,1893713
0,2517155
0,03758285
0,1307808
0,171033
0,03881259
0,05470179
0,1866725
0,06092202
0,08497901
0,3086534
0,06248903
0,08503
0,3249731
0,04306428
0,05865848
0,2172802
0,05727385
0,08844841
0,3168518
0,07293689
0,2063681
0,4347422
0,0434535
0,1210018
0,2461131
0,05869747
0,07116021
0,3506194
0,06808682
0,1201544
0,4189076
0,06202156
0,1546108
0,4091863
0,02868768
0,07257001
0,1758848
0,04567596
5,580246E-05
0,303775
0,06866148
-0,0299702
0,4458406
0,05071387
0,1023284
0,3480281
0,02134376
0,05085226
0,1362862
0,03300964
0,1883936
0,2623841
0,04924046
-0,1392915
0,2952552
0,02151421
-0,04577636
0,1190499
0,05374593
-0,2015553
0,3300038
0,04310704
0,02960179
0,2805284
0,004131134
-0,0136076
0,01950289
-0,0004558846
0,01006236
0,007172044
-0,001546364
-0,2946647
-0,04623992
0,01945046
0,01066867
0,1444625
0,00996208
0,02007704
0,06408486
0,01735638
-0,07806718
0,1184538
0,02338903
-0,4360544
0,1543775
0,01762477
-0,291654
0,1812162
0,009209964
-0,1082486
0,08239027
-0,001459938
-0,009605592
0,08060137
-0,006256445
-0,06310757
0,07171395
-0,003114704
-0,02553073
0,04563658
-0,004183773
-0,1310691
0,1043012
-0,002586708
-0,0247986
0,1926661
-0,001895762
-0,1665407
0,1907894
0,0005529501
-0,1019551
0,1266152
0,0004267131
-0,1882036
0,1968216
-0,006123795
-0,1621437
0,1995571
-0,01062205
-0,1220379
0,1814282
-0,005943045
-0,07336502
0,1199318
-0,009777782
-0,08092155
0,1180741
-0,010982
-0,16237
0,1715034
-0,005924356
-0,1073653
0,1217305
-0,01718269
-0,0214602
0,1010404
-0,01722995
-0,05008836
0,09219696
-0,01844902
-0,09039118
0,1228343
-0,01291559
-0,06577276
0,09386697
-0,02490467
-0,05797909
0,1029802
-0,0252706
-0,007873056
0,1189379
-0,01759778
-0,002396012
0,08634374
-0,0189151
0,004652839
0,1025651
-0,02414711
-0,0510469
0,02366023
-0,01856736
-0,1140266
0,06344006
-0,01274358
-0,08198111
0,04961172
-0,007075467
-0,08803833
0,1047799
-0,004615288
-0,1363831
0,09703057
-0,002323285
-0,09227445
0,07131982
-0,00381545
-0,209731
0,0695994
0,03702059
-0,1001463
0,06910685
0,04275083
-0,1124493
0,07736298
0,03244385
-0,08108246
0,05885187
0,02718961
-0,1682569
0,09214092
0,02311841
-0,2002246
0,09636862
0,01798975
-0,1440816
0,07283715
0,01404116
-0,0215449
0,08781873
0,01176964
-0,01346356
0,07376576
0,01369707
-0,003961019
0,1230999
0,0121261
-0,06462123
0,1378971
0,01261217
-0,1091626
0,1590608
0,01041464
-0,07988752
0,1188092
0,01458375
-0,1293188
0,1881974
0,006660694
-0,1682516
0,1312776
-0,01029272
-0,3100807
0,06011498
-0,007106069
-0,3010767
0,06329682
0,01208686
-0,0522828
0,1388923
0,01008728
-0,040684
0,1125632
0,007435064
-0,2282469
0,1674026
-0,003622096
-0,3896132
0,1221343
-0,0005721161
-0,2536236
0,07930342
-0,002991117
-0,2807428
0,1074745
0,001399011
-0,1565325
0,09394399
-0,002621631
-0,2174532
0,1052519
-0,002618294
-0,2884392
0,1840396
-0,01418081
-0,4012795
0,1620275
-0,01825755
-0,3576556
0,101996
-0,01988241
-0,4378324
0,2271687
-0,009948274
-0,2402383
0,1735028
-0,02044916
-0,2849516
0,1824487
-0,02031723
-0,2697973
0,1788321
-0,03961805
-0,3800012
0,1908877
-0,02521662
-0,2597728
0,1955644
-0,03261674
-0,3885809
0,403107
-0,03683864
-0,4586829
0,3636669
-0,04638406
-0,454837
0,1791608
-0,07162645
-0,5898075
0,214273
-0,04451583
-0,3420436
0,1047378
-0,008354418
0,04285435
0,1330443
-0,008161344
0,0501462
0,06648679
-0,04955299
-0,2713318
0,08623858
-0,05878207
-0,3854553
0,09169073
-0,06134638
-0,3757343
0,1928037
-0,02349669
-0,1140157
0,1591822
-0,01091452
0,01553204
0,08110435
-0,009598083
0,1303855
0,1194805
-0,01322952
0,08069318
0,06754815
-0,03658216
-0,1288794
0,3379605
-0,03350897
-0,1906803
0,3608387
-0,03699106
-0,1070626
0,1939127
-0,007705992
0,09797005
0,121944
0,002071184
0,206109
0,04551123
0,01641551
0,449441
0,0454207
0,003342618
0,2782448
0,08284357
-0,02934939
0,03314141
0,2423352
-0,01840917
-0,1593583
0,2614775
0,01000153
-0,3887917
0,2982696
-0,007369068
-0,2508751
0,2346163
0,005939269
0,1209637
0,2057504
-0,005160254
0,06956638
0,1469047
-0,02185227
-0,04450333
0,1440451
-0,04587888
-0,1728958
0,3341084
-0,04088143
-0,2073099
0,2780587
-0,04779239
-0,2112432
0,3248966
-0,013802
0,019065
0,1914198
0,003426362
0,2140827
0,1287166
-0,000188296
0,1717938
0,1663915
-0,01533132
0,002286684
0,1864569
-0,04240245
-0,1832605
0,3118453
-0,02872413
-0,1072425
0,270856
-0,00620615
0,1010315
0,1555092
-0,00106887
0,1617845
0,0772792
0,00239215
0,1425201
0,0329079
0,0026592
0,1350907
0,03811149
-0,004540741
0,07238875
0,1103749
-0,005634539
0,0402298
0,1420191
-0,001563184
0,047027
0,1428893
0,01153908
0,1140484
0,07533421
0,01576642
0,1379797
0,02488237
0,03240249
0,2804001
-0,04490588
0,02757587
0,2421909
-0,001557193
0,01546406
0,1073087
0,1229952
0,008507025
0,02430168
0,1407484
0,01932977
0,08624797
0,131141
0,05989487
0,4707206
-0,1428815
0,05449951
0,452508
-0,1916819
0,03961949
0,2851278
-0,03670704
0,02179469
0,09558494
0,07519337
0,02966584
0,1685644
0,1130812
0,01977962
0,1040389
0,07497747
0,02679775
0,2182202
0,007533222
0,01557902
0,178016
0,08869872
0,006575038
0,09216858
0,1342163
0,008952538
0,1612031
0,1543097
0,01742358
0,3054249
0,118863
0,01300487
0,3078873
0,1580176
5,602979E-05
0,1374162
0,2223287
-0,007895755
0,02933223
0,224764
-0,009551121
0,02368778
0,2398368
-0,005440147
0,137418
0,3052901
0,005866831
0,1842391
0,1684507
-6,345972E-05
0,1525364
0,2480242
0,002283918
0,1712871
0,2490637
0,002617803
0,1219336
0,1866624
0,01276212
0,2998503
0,1835685
0,008945021
0,1958364
0,1746707
0,01280153
0,2437646
0,1723636
0,02086517
0,272933
0,09115903
0,01557027
0,2044489
0,06822553
0,0235933
0,3186242
0,06140955
0,01888428
0,2408606
0,04837114
0,02650798
0,4200443
0,05712908
0,02127863
0,3150263
0,04423112
0,02209702
0,3354466
0,06543128
0,02033133
0,2653845
0,06744565
0,02166647
0,3274636
0,05658321
0,02520885
0,4026082
0,03679731
0,01887819
0,2888182
0,0979464
0,01397671
0,3006153
0,1284287
0,01072685
0,2076254
0,08882365
0,007845584
0,3617886
0,1027202
0,003102141
0,299865
0,1452071
0,003157603
0,1998335
0,0959747
-0,007404915
0,3027282
0,1826718
-0,002057109
0,265055
0,1167479
-0,00420193
0,2401206
0,2368132
-0,001771284
0,1689313
0,1617775
-0,006516763
0,2438151
0,2249096
0,004023027
0,3174379
0,1976027
0,006449401
0,2530293
0,2173024
0,005134575
0,1697229
0,1385918
0,005699683
0,1985045
0,2526437
0,01101005
0,1635112
0,2495203
0,00776404
0,101886
0,149961
0,004607701
0,06121901
0,2180489
0,002884207
0,1991889
0,2425443
0,008610603
0,1573686
0,2166826
0,005453553
0,09235415
0,1161907
0,01017157
-0,09055569
0,227553
0,01376451
0,08560023
0,1190956
0,006892249
0,05228893
0,05501975
0,01048851
0,07728043
0,0959514
0,01221809
-0,1990148
0,2262534
0,0008133135
-0,1601855
0,3213487
0,002064597
-0,06632446
0,1522397
0,02046644
0,07522183
-0,006457163
0,01121149
0,1520959
0,0332637
0,005709155
0,09468656
0,01318253
0,000492025
-0,0004831522
0,1653922
0,01294019
-0,3719009
0,2495469
-0,005351419
-0,3217531
0,3528636
-0,0005828528
-0,1426255
0,1652084
-0,00849059
0,023063
0,1904795
0,006400784
0,116483
0,04845777
0,002431344
0,07768961
0,02426024
0,00675956
0,07596502
0,03755456
-0,00496883
-0,1336114
0,2134687
-0,008055291
-0,2943514
0,2637595
-0,003186553
-0,1485435
0,140469
-0,001351002
0,001942717
0,08089318
-0,002977052
0,331724
0,01672291
-0,002868716
0,2038939
0,009035699
-0,005677643
-0,1381189
0,1130428
-0,008925411
-0,3663946
0,178413
-0,01138488
-0,1517321
0,1584891
-0,006222273
-0,06948699
0,08822352
0,002559297
0,06566886
0,001611149
-0,001938033
-0,1297772
0,07384224
-0,01228446
-0,1627429
0,1567913
-0,005912143
-0,08661976
0,09091328
-0,005722377
-0,1874463
0,08078153
-0,006742004
-0,1539387
0,07886937
-0,004222726
-0,08904308
0,05189212
-0,00900126
-0,1671939
0,1011399
-0,006388931
-0,152734
0,1199557
0,003001051
0,0449199
0,06539465
0,001494545
0,03845551
0,04777048
0,01157334
0,05468408
0,03395998
0,02150465
-0,03203111
0,01259064
0,01474929
-0,01688156
0,01034041
0,01001528
-0,03430806
0,08356527
0,006979002
-0,07817806
0,1348261
0,002829876
-0,1190446
0,1786561
0,002568397
-0,07381562
0,1254175
0,005423229
0,01863335
0,1342171
0,01466594
0,05208731
0,1237076
0,008750541
0,04321001
0,08383939
0,01918763
-0,1760225
0,07236334
0,02031298
-0,3177722
0,07667828
0,02577298
-0,1041242
0,08045079
0,01405898
-0,05121824
0,05153579
0,01475607
0,05327686
0,06476394
0,02408589
-0,02879336
0,00839062
0,01562259
-0,01126599
0,01008763
0,02286755
-0,09105774
-0,000422049
0,01528661
-0,08476405
0,08058131
0,02083363
-0,1470226
0,04308863
0,01403768
-0,09533247
0,0321945
0,02511127
-0,2521064
-0,02569272
0,003604429
-0,1518379
0,1206562
0,005994419
-0,2633059
0,122387
0,005305159
-0,1820147
0,08698548
0,01902595
-0,2633865
0,01705892
0,01550768
-0,09113628
0,09388374
0,008703999
0,09740149
0,1182962
0,01924124
0,01258685
0,1218377
0,01305239
0,01270078
0,0857425
0,01115521
-0,1210403
0,1307445
0,006062573
-0,1296021
0,2077776
0,00507104
-0,08514892
0,1430207
0,01409121
-0,1326333
0,171307
0,02218673
-0,1658027
0,09565969
0,01306005
-0,2465274
0,2209959
0,008083955
-0,1998413
0,1662372
0,001360566
-0,4220904
0,07998294
0,003092258
-0,2866806
0,05581243
-0,0004704977
-0,5006593
0,005073231
-0,002113615
-0,3627329
0,04135775
0,00266964
-0,3314693
0,03270853
0,007020394
-0,1029116
0,06753991
0,008009018
-0,09611875
0,04843956
0,00158864
-0,2672799
0,06791978
0,001484513
-0,2968765
0,06153836
0,004782814
-0,2492507
0,05810795
0,01093583
-0,2577105
0,02161162
0,007960847
-0,1765316
0,01297667
0,008064368
-0,1934488
0,07641809
0,003133776
-0,2335794
0,05414848
-0,00311763
-0,3053044
0,05821501
-0,007517015
-0,3039817
0,06884414
0,006195447
-0,2579836
0,04603777
0,01147751
-0,1586039
0,04474612
0,006897029
-0,1122306
0,07624765
0,01294569
-0,1637095
0,03416167
-0,004183066
-0,2133631
0,08195512
-0,006246707
-0,2544827
0,09005471
-0,002256747
-0,1428919
0,1115467
0,005548041
0,0009903469
0,1658791
0,002561743
-0,02094262
0,1455362
-0,005209377
-0,1814547
0,1213431
-0,01227956
-0,208474
0,1263656
-0,01568224
-0,1692457
0,1530432
-0,003886695
-0,1760779
0,1127205
-0,004420163
-0,152201
0,09749004
-0,01755151
-0,1016311
0,202868
-0,01590761
-0,09604865
0,1719486
-0,01349844
-0,1481262
0,1112783
-0,02197183
-0,1987783
0,1036699
-0,03444433
-0,1645677
0,1689811
-0,05966182
-0,2131393
0,2591316
-0,05606073
-0,2381067
0,2107846
-0,05781363
-0,1147748
0,290971
-0,05065677
-0,1111116
0,2500857
-0,04198923
-0,1358939
0,1845033
-0,02343353
-0,01214847
0,1624532
0,002968952
0,09117998
0,09572638
-0,009963607
0,07202523
0,1294745
-0,02260887
0,03893912
0,1810738
-0,05515391
-0,1387121
0,2591746
-0,04084596
-0,2175123
0,1444459
0,02206693
0,05428403
0,05661523
0,04579806
0,2507432
0,04538058
0,0180584
0,106244
0,1338953
0,009640976
-0,004450737
0,09829642
0,006053986
-0,02692866
0,08964328
0,006713694
-0,09916474
0,07223985
0,01453318
-0,05887616
0,03039377
0,006745911
-0,04221856
0,07502646
0,01070047
0,04103843
0,07633619
0,04812369
0,2984025
0,03970918
0,0347039
0,2722366
0,05159241
0,02610415
0,225848
0,0489253
-0,009008551
0,1854101
0,1651584
-0,03552702
-0,01173429
0,1791063
-0,06205837
-0,1822476
0,2004593
-0,04230397
0,06501455
0,2197419
0,01945014
0,5452793
0,1252844
0,03708797
0,3933806
-0,02358337
-0,05606208
-0,00662786
0,1833916
-0,06681547
-0,08972405
0,2046257
-0,0394221
-0,02056857
0,1253162
0,02794908
0,3758542
-0,01738581
0,02949487
0,369817
-0,03287502
-0,000141174
0,2735193
0,04164986
-0,02444982
0,1264531
0,09634
-0,04922455
0,01131469
0,1604807
-0,04719536
0,006188633
0,1558661
-0,03070815
0,08603631
0,117446
-0,01150217
0,3073065
0,09155433
-0,01794439
0,2766607
0,1149294
-0,03112123
0,1130851
0,1369662
-0,01890647
0,1672071
0,1099241
-0,01760956
0,3170924
0,1418273
-0,02319728
0,2672237
0,1632449
-0,04637658
0,1760198
0,2348616
-0,05080964
0,1804654
0,2230871
-0,04701712
0,2628514
0,2180324
-0,04694612
0,3469695
0,2365705
-0,03332705
0,3334171
0,2054784
-0,06768412
0,1881866
0,3143518
-0,07295186
0,1116936
0,3238969
-0,07855067
0,140049
0,3560787
-0,06261123
0,2713962
0,3222992
-0,07688764
0,281288
0,3684439
-0,0896816
0,3366369
0,4297136
-0,07197409
0,2721925
0,334387
-0,08034436
0,237962
0,3631633
-0,05960421
0,2548548
0,2794336
-0,01818444
0,246646
0,1259956
-0,01443226
0,2061816
0,09853155
-0,01029347
0,09182382
0,06381644
-0,008245854
0,167075
0,07491326
-0,003299168
0,1689588
0,06052368
0,00398485
0,213606
0,0413684
0,006137014
0,2347213
0,05019523
0,003002868
0,2198128
0,06350928
0,002679478
0,1893016
0,05579882
0,01779131
0,2700563
0,02238682
0,02350147
0,3031079
-0,004621742
0,02430744
0,286305
0,004181552
0,02216346
0,2771004
0,01212046
0,03100313
0,4147455
-0,00251777
0,03134555
0,5019173
-0,006335251
0,02337123
0,341119
0,01671339
0,02315792
0,3297573
0,02220738
0,01540182
0,2154057
0,0147091
0,0106638
0,2622187
0,03073637
0,008562539
0,1735649
0,05108105
0,006335899
0,1197039
0,03319355
-0,001996479
0,05972257
0,07122152
0,0003835578
0,0862475
0,07333231
-0,002820883
0,1228299
0,1033103
-0,0008416291
0,08364224
0,06664223
0,003479147
0,1188079
0,05605049
-0,02915492
0,02311768
0,1776704
-0,01869796
0,01545439
0,119457
-0,01815611
0,06652241
0,1208522
-0,01367124
0,1906904
0,09216009
-0,03487444
0,09406982
0,1829975
-0,02168561
0,06441635
0,1181095
-0,0462946
-0,05823545
0,2200274
-0,01502091
0,1420152
0,1119397
0,001892744
0,1182338
0,08196318
0,002093962
0,08475736
0,04990764
-0,01435062
-0,04554486
0,1471106
-0,005680171
0,06317023
0,1347545
-0,00227532
0,04711319
0,08244713
0,02742886
0,06337504
0,01316633
0,04493515
0,05122458
-0,02829901
0,02724921
0,2028789
0,003594347
0,01897961
0,1394859
-0,001117833
0,009131335
0,08134343
0,04397945
0,03064436
0,06412368
-0,01593588
0,01947082
0,04736427
-0,01296795
0,01600031
0,06035139
0,004132203
0,04608227
0,04075042
-0,07836415
0,0452898
0,1002278
-0,0839425
0,03271132
0,07655609
-0,06206068
0,03870593
0,04808351
-0,05575132
0,05551342
-0,01454543
-0,08186973
0,04005571
-0,008050858
-0,06108229
0,04249176
-0,06866498
-0,04079875
0,04231328
-0,05231574
-0,03605812
0,03293096
-0,09843043
0,01088528
0,02511225
-0,0726136
0,007975043
0,02132805
-0,06576245
0,002421696
0,03560202
-0,04814377
-0,02594576
0,02970797
-0,03820132
-0,02264892
0,02477729
-0,03355674
0,01684863
0,02014612
-0,03091935
0,03585319
0,02518302
-0,01540372
0,03289301
0,02162787
-0,01187937
0,02795138
0,01292349
0,0008494223
0,06403007
0,01033241
0,03480471
0,0783359
0,009130645
0,03160723
0,06714388
0,003110926
0,04496649
0,09416333
-0,001225358
-0,03381641
0,1291817
-0,004174983
-0,04816998
0,1711214
-0,003142209
-0,03801021
0,1430135
0,003008174
-0,01495422
0,1330811
0,004823795
-0,02894982
0,1380964
0,002625113
-0,03305607
0,1491552
0,002426632
-0,02589412
0,1247006
0,01079643
-0,03946733
0,1412177
0,01379713
-0,08079514
0,1377586
0,01107857
-0,06155498
0,1096312
0,002946779
-0,005271727
0,09213219
0,01565071
0,00928227
0,117673
0,02775577
0,03623295
0,08247431
0,02183952
0,03132869
0,06537808
0,02442987
0,02775686
0,06692901
0,01602162
-0,02391941
0,1009142
0,01306713
-0,01596344
0,08064557
0,01879597
-0,0485048
0,07518963
0,02667474
-0,0002035878
0,06028558
0,04201547
-0,009758822
0,03056706
0,03297221
-0,003643169
0,02412337
0,03589452
-0,1776523
0,04984337
0,03167554
-0,1169159
0,07113513
0,02529152
-0,09015518
0,05695162
0,02757787
-0,01603486
0,05762071
0,02557253
-0,0891284
0,05464415
0,03172522
-0,115378
0,05256952
0,02621274
-0,09354998
0,04386064
0,01960547
0,03184019
0,07290059
0,02542681
-0,002132926
0,07037041
0,02088327
0,001743114
0,05888905
0,01885976
-0,1191972
0,08826771
0,01405784
-0,05687835
0,1112613
0,008531689
-0,006518599
0,1319345
0,006900478
-0,0007419591
0,1097258
0,007862955
-0,02667922
0,1186034
0,009631829
-0,0446638
0,1887203
0,007551048
-0,03278332
0,1424698
0,01005286
0,04941555
0,1463668
0,001897427
0,149905
0,17185
0,006013122
0,0649358
0,1700239
0,004679754
0,05088164
0,1286907
0,0003016492
0,05973697
0,1885611
0,01049463
0,09181771
0,1462176
0,0316538
0,07012083
0,08752766
0,0216297
0,05440046
0,06306602
0,03699104
-0,05058884
0,04134138
0,03319866
-0,03900076
0,06574932
0,02407942
-0,02745955
0,04771377
0,03894508
0,01076632
0,02434612
0,05773339
0,02793702
-0,007716925
0,05440715
-0,1587477
0,00661659
0,03879445
-0,1095819
0,006171664
0,03133072
-0,2548937
0,05534222
0,01232849
-0,1697365
0,1016041
0,008705626
-0,1154408
0,0742132
0,01617593
-0,01300486
0,06365608
-0,008254391
0,130094
0,1202194
-0,02513746
0,1093532
0,1795933
-0,01891561
0,08691438
0,1368583
0,006932566
-0,0067231
0,0922409
-0,00783712
-0,007809843
0,1614331
-0,005648005
-0,00166671
0,118905
0,005872787
-0,0278754
0,1106496
0,008267255
-0,04279259
0,1225683
0,01010201
9,327563E-05
0,1363416
0,006846816
0,00312555
0,1007536
0,01891177
-0,08850604
0,09672017
0,01678951
-0,102149
0,118163
0,0120162
-0,07104047
0,0871725
0,01099949
-0,1821112
0,1068194
-0,001252318
-0,2713577
0,156385
-0,01673972
-0,1554341
0,1919014
-0,01230104
-0,1142998
0,1447035
-0,02132046
-0,09707423
0,183054
-0,02021878
-0,08345795
0,1800568
-0,03050524
-0,09559457
0,218676
-0,02325208
-0,07032461
0,1693826
-0,01907696
-0,1916078
0,1692767
0,005657472
-0,3687033
0,112209
0,005010608
-0,2779222
0,08644857
-0,02674874
-0,265963
0,169847
-0,0255353
-0,1553482
0,1915177
-0,01326205
-0,1960434
0,1639343
0,02188912
-0,4109745
0,09894063
0,01534334
-0,2755575
0,06622763
-0,022157
-0,3138548
0,159095
-0,008315547
-0,2419124
0,1018417
0,01082323
-0,3766268
0,04613207
0,00977666
-0,3479736
0,05547
0,01290257
-0,2097691
0,04978795
0,02141187
-0,1306734
0,03675947
0,006637883
-0,1246236
0,05937817
0,007362206
-0,2624802
0,06185346
0,00794549
-0,2762263
0,06169195
-0,01035701
-0,1905833
0,09986314
-0,01383643
-0,1072446
0,1020743
-0,006418468
-0,1790311
0,07798681
-0,004296177
-0,1359183
0,05919258
-0,02270857
-0,1971839
0,133109
-0,01835226
-0,1139448
0,1255495
-0,03021265
-0,193907
0,1257271
-0,01978109
-0,2508313
0,08454628
-0,02204688
-0,2220041
0,08625001
-0,03408696
-0,0929471
0,1456697
-0,04928245
-0,05916765
0,1768062
-0,04663325
-0,09237131
0,1531883
-0,05266319
-0,1269877
0,1556319
-0,04939949
-0,1941768
0,1344124
-0,03734095
-0,1594576
0,1078993
-0,03193827
-0,1029842
0,103389
-0,04030976
-0,1344834
0,1439837
-0,02844471
-0,1713924
0,08998379
-0,03762091
-0,1744438
0,09378655
-0,02235807
-0,1265954
0,05934932
-0,06291347
-0,1373553
0,1474497
-0,02253429
-0,1623098
0,04296572
-0,01668656
-0,2557907
-0,0002022258
-0,002674593
-0,2680177
-0,03246159
-0,01472108
-0,1878716
0,009353085
-0,02745956
-0,140719
0,04329242
-0,0055523
-0,1542552
-0,01830011
0,008552934
-0,2054306
-0,07159252
0,005103602
-0,1308414
-0,04442438
0,0191389
-0,05499228
-0,05855906
0,02841994
-0,104947
-0,09559038
0,0326529
-0,1207257
-0,1098955
0,04947144
-0,06700179
-0,1390033
0,01859815
0,02260593
-0,04569658
0,03590566
0,1670908
-0,05834591
0,02066154
0,103516
-0,04279113
0,008821597
-0,05071065
-0,05806844
-0,0004263832
-0,02789694
-0,02718872
-0,02858987
-0,06385716
0,02864788
-0,04154497
-0,1093816
0,04848582
-0,036825
-0,09631792
0,04294626
-0,04480333
-0,04156357
0,07291432
-0,03363824
-0,004564755
0,05875339
-0,03161692
-0,06447297
0,0386975
-0,06097024
-0,1823503
0,06475837
-0,04216275
-0,1251098
0,04743315
-0,04523521
-0,1110464
0,05199375
-0,05628809
-0,05536167
0,08521308
-0,07804196
-0,01828063
0,1369472
-0,08334785
-0,09384413
0,1326405
-0,08743411
-0,1450808
0,1238163
-0,0665504
-0,0722192
0,1027954
-0,07375742
-0,01099862
0,1385673
-0,07606187
-0,006002551
0,1509975
-0,07329734
-0,01434203
0,1493061
-0,0764685
-0,03288805
0,1559421
-0,06519902
-0,02672608
0,1369151
-0,05327959
0,0537348
0,1341965
-0,04612292
0,08172023
0,1262306
-0,0464813
0,02739898
0,1113112
-0,05908404
-0,008975504
0,1309982
-0,06053629
-0,04035078
0,1265766
-0,04211517
0,03684716
0,1137045
-0,03622423
0,04969295
0,1043383
-0,03305221
0,04533394
0,09792458
-0,04192841
0,01030266
0,1071853
-0,07090699
-0,08785471
0,1434174
-0,06021024
-0,07153654
0,126548
-0,03153852
0,01119049
0,09189674
-0,005960851
0,02516057
0,02953621
-0,01161254
0,03271881
0,04382138
-0,01277874
0,01533205
0,04435463
-0,009376943
0,01046645
0,03668834
-0,02108931
0,0005921653
0,07439043
-0,01767952
-8,995975E-05
0,06788614
-0,01404544
0,02795719
0,07364063
-0,01759234
0,007787794
0,07575741
-0,01906984
-0,03080766
0,06832966
-0,0171002
-0,06649205
0,05197434
-0,01393194
-0,05576359
0,04550271
-0,0003432014
-0,005819895
0,03868106
0,005159597
-0,01588825
0,02117808
-0,004391069
-0,02053949
0,04796764
0,002744899
-0,009941242
0,03764673
0,01157309
-0,01323065
0,01899687
0,01717326
-0,005388224
0,0167299
0,02135613
0,007425911
0,01197324
0,02686783
0,03874328
0,01690844
0,01861555
0,02587346
0,03023488
0,02598597
-0,005233132
0,05529106
0,0183945
0,01050499
0,06693194
0,01663488
-0,01706227
0,06745015
0,02432323
0,03230511
0,04794766
0,02021567
0,07256795
0,06142855
0,01153848
0,01268597
0,06645165
0,01081065
0,01083351
0,06275506
0,01932644
0,07456522
0,08411043
0,01590717
0,06698084
0,08289173
0,04219143
0,1091029
0,04859098
0,04435902
0,09399325
0,02825529
0,03316687
0,06094578
0,03407453
0,01489725
0,0834925
0,07448862
0,0160797
0,05325305
0,05213327
0,0171214
0,02439649
0,04609673
0,01163468
-0,01337521
0,06330232
0,007099781
-0,005043571
0,08027668
0,01119464
0,004301202
0,06761486
0,009346168
-0,05352891
0,05583391
-0,001179365
-0,06637704
0,06695434
-0,001824361
-0,03200727
0,07502417
-0,008999518
-0,04464984
0,07186099
-0,01194313
-0,05329379
0,06990018
-0,02787575
-0,0479547
0,1022907
-0,03340345
-0,03847689
0,1131333
-0,03453486
-0,01178146
0,1254544
-0,03159195
-0,01408229
0,1175006
-0,02672001
-0,03899919
0,1019317
-0,02036468
-0,05045606
0,09866401
-0,01693475
-0,04492567
0,09130452
-0,0131903
-0,06143151
0,08775142
-0,003002862
-0,0924162
0,05990014
0,008288704
-0,1398194
0,05328816
0,01453306
-0,0937921
0,04707105
0,01533849
-0,02244843
0,05788341
0,01796682
-0,05555487
0,05878095
0,004126843
-0,1308384
0,05682674
0,02486058
-0,0700632
0,03864233
0,04114296
0,02394827
0,02498758
0,03875597
0,005118815
0,03557084
0,0263117
-0,03687
0,04549776
0,02248347
-0,02951715
0,07075144
0,02361535
-0,04362586
0,07720297
0,01932394
-0,0554622
0,07523888
0,01333488
-0,06229638
0,1037051
-0,001206006
-0,05023068
0,1257322
0,03056594
0,03458931
0,09886949
0,02855629
0,01014122
0,08477557
0,03501791
0,02459888
0,04321624
0,0519143
0,0493941
0,0149296
0,04906043
0,1160986
0,04388577
0,04260424
0,1127053
0,04965828
0,07117376
0,1668912
0,04074457
0,05297615
0,1974556
0,08237085
0,03160688
0,1636178
0,09872305
0,09867364
0,2349407
-0,01349805
0,08710486
0,207402
-0,00290145
0,06140605
0,09508888
0,02612208
0,01912107
0,02715616
0,09111462
-0,02080856
-0,007638236
0,1749713
0,0340459
0,07635535
0,08728321
0,04192935
0,1356947
0,06724079
0,06888789
0,117427
0,04133675
0,0210833
-0,06256978
0,08070321
0,03998824
-0,04565459
0,07147172
0,05166536
0,1493429
0,05300264
0,03848665
0,1782399
0,0868163
0,01650591
0,08825533
0,1704645
0,0201854
0,1581745
0,156965
0,06360319
0,4410777
0,1639265
0,01472689
0,2941157
0,1805529
-0,1003106
0,1661351
0,3637933
-0,022418
0,2099033
0,1969352
-0,0279174
0,3799413
0,2159451
-0,03477658
0,4394075
0,2505322
0,01735678
0,2576265
0,11279
0,0008942274
0,2356206
0,13047
-0,02727167
0,211951
0,1772792
-0,05741865
0,1772416
0,2055049
-0,0543441
0,1656054
0,1885766
-0,02796805
0,1339179
0,1255353
-0,03683497
0,2418296
0,1774627
-0,05548135
0,1100274
0,2072054
-0,05195039
0,02592875
0,1993569
-0,06257547
0,05496204
0,216149
-0,1076524
0,007381484
0,2821844
-0,09708915
0,03811085
0,2771572
-0,03220468
0,1259104
0,1530903
-0,02217396
0,0971812
0,1110476
-0,06107971
0,08280386
0,1952355
-0,1003339
0,1671804
0,2826163
-0,09350365
0,2085955
0,2797557
-0,1053799
0,1056407
0,2934234
-0,1538454
0,09316533
0,3846042
-0,06412403
0,1250944
0,2443848
-0,02778991
0,3434831
0,2308176
0,04023564
0,1651446
0,1316205
-0,02194661
-0,05040444
0,2479218
0,01322297
-0,1012365
0,1471025
0,04823044
-0,2074294
0,0490262
-0,007401914
-0,06728029
0,1944359
-0,04140808
0,1338389
0,3303378
-0,01675774
0,07341753
0,1611391
0,1804506
-0,01742956
-0,02124447
0,04719331
-0,02791624
0,1111753
-0,1018907
-0,1269674
0,3672577
-0,2027563
-0,1335965
0,4907023
-0,1676587
-0,04504768
0,3976697
-0,1660852
0,05128187
0,4382169
-0,08777175
0,4010484
0,3086886
-0,01978565
0,2659444
0,1991586
-0,1514513
0,1256981
0,3567626
-0,2942173
0,2125971
0,6274823
-0,3765148
0,05920527
0,6942195
